0.0,0.0,0.0
0.0,0.0,0.0
0.0,0.0,0.0
0.0,0.0,0.0
0.0,0.0,0.0
0.0,0.0,0.0
0.0,0.0,0.0
0.0,0.0,0.0
0.0,0.0,0.0
0.0,0.0,0.0
0.0,0.0,0.0
0.0,0.0,0.0
0.0,0.0,0.0
0.0,0.0,0.0
0.0,0.0,0.0
0.0,0.0,0.0
0.0,0.0,0.0
0.0,0.0,0.0
0.0,0.0,0.0
0.0,0.0,0.0
0.0,0.0,0.0
0.0,0.0,0.0
0.0,0.0,0.0
0.0,0.0,0.0
0.0,0.0,0.0
0.0,0.0,0.0
0.0,0.0,0.0
0.0,0.0,0.0
0.0,0.0,0.0
0.0,0.0,0.0
0.0,0.0,0.0
0.0,0.0,0.0
0.0,0.0,0.0
0.0,0.0,0.0
0.0,0.0,0.0
0.0,0.0,0.0
0.0,0.0,0.0
0.0,0.0,0.0
0.0,0.0,0.0
0.0,0.0,0.0
0.0,0.0,0.0
0.0,0.0,0.0
0.0,0.0,0.0
0.0,0.0,0.0
0.0,0.0,0.0
0.0,0.0,0.0
0.0,0.0,0.0
0.0,0.0,0.0
0.0,0.0,0.0
0.0,0.0,0.0
0.0,0.0,0.0
0.0,0.0,0.0
0.0,0.0,0.0
0.0,0.0,0.0
0.0,0.0,0.0
0.0,0.0,0.0
0.0,0.0,0.0
0.0,0.0,0.0
0.0,0.0,0.0
0.0,0.0,0.0
0.0,0.0,0.0
0.0,0.0,0.0
0.0,0.0,0.0
0.0,0.0,0.0
0.0,0.0,0.0
0.0,0.0,0.0
0.0,0.0,0.0
0.0,0.0,0.0
0.0,0.0,0.0
0.0,0.0,0.0
0.0,0.0,0.0
0.0,0.0,0.0
0.0,0.0,0.0
0.0,0.0,0.0
0.0,0.0,0.0
0.0,0.0,0.0
0.0,0.0,0.0
0.0,0.0,0.0
0.0,0.0,0.0
0.0,0.0,0.0
0.0,0.0,0.0
0.0,0.0,0.0
0.0,0.0,0.0
0.0,0.0,0.0
0.0,0.0,0.0
0.0,0.0,0.0
0.0,0.0,0.0
0.0,0.0,0.0
0.0,0.0,0.0
0.0,0.0,0.0
0.0,0.0,0.0
0.0,0.0,0.0
0.0,0.0,0.0
0.0,0.0,0.0
0.0,0.0,0.0
0.0,0.0,0.0
0.0,0.0,0.0
0.0,0.0,0.0
0.0,0.0,0.0
0.0,0.0,0.0
0.0,0.0,0.0
0.0,0.0,0.0
0.0,0.0,0.0
0.0,0.0,0.0
0.0,0.0,0.0
0.0,0.0,0.0
0.0,0.0,0.0
0.0,0.0,0.0
0.0,0.0,0.0
0.0,0.0,0.0
0.0,0.0,0.0
0.0,0.0,0.0
0.0,0.0,0.0
0.0,0.0,0.0
0.0,0.0,0.0
0.0,0.0,0.0
0.0,0.0,0.0
0.0,0.0,0.0
0.0,0.0,0.0
0.0,0.0,0.0
0.0,0.0,0.0
0.0,0.0,0.0
0.0,0.0,0.0
0.0,0.0,0.0
0.0,0.0,0.0
0.0,0.0,0.0
0.0,0.0,0.0
0.0,0.0,0.0
0.0,0.0,0.0
0.0,0.0,0.0
0.0,0.0,0.0
0.0,0.0,0.0
0.0,0.0,0.0
0.0,0.0,0.0
0.0,0.0,0.0
0.0,0.0,0.0
0.0,0.0,0.0
0.0,0.0,0.0
0.0,0.0,0.0
0.0,0.0,0.0
0.0,0.0,0.0
0.0,0.0,0.0
0.0,0.0,0.0
0.0,0.0,0.0
0.0,0.0,0.0
0.0,0.0,0.0
0.0,0.0,0.0
0.0,0.0,0.0
0.0,0.0,0.0
0.0,0.0,0.0
0.0,0.0,0.0
0.0,0.0,0.0
0.0,0.0,0.0
0.0,0.0,0.0
0.0,0.0,0.0
0.0,0.0,0.0
0.0,0.0,0.0
0.0,0.0,0.0
0.0,0.0,0.0
0.0,0.0,0.0
0.0,0.0,0.0
0.0,0.0,0.0
0.0,0.0,0.0
0.0,0.0,0.0
0.0,0.0,0.0
0.0,0.0,0.0
0.0,0.0,0.0
0.0,0.0,0.0
0.0,0.0,0.0
0.0,0.0,0.0
0.0,0.0,0.0
0.0,0.0,0.0
0.0,0.0,0.0
0.0,0.0,0.0
0.0,0.0,0.0
0.0,0.0,0.0
0.0,0.0,0.0
0.0,0.0,0.0
0.0,0.0,0.0
0.0,0.0,0.0
0.0,0.0,0.0
0.0,0.0,0.0
0.0,0.0,0.0
0.0,0.0,0.0
0.0,0.0,0.0
0.0,0.0,0.0
0.0,0.0,0.0
0.0,0.0,0.0
0.0,0.0,0.0
0.0,0.0,0.0
0.0,0.0,0.0
0.0,0.0,0.0
0.0,0.0,0.0
0.0,0.0,0.0
0.0,0.0,0.0
0.0,0.0,0.0
0.0,0.0,0.0
0.0,0.0,0.0
0.0,0.0,0.0
0.0,0.0,0.0
0.0,0.0,0.0
0.0,0.0,0.0
0.0,0.0,0.0
0.0,0.0,0.0
0.0,0.0,0.0
0.0,0.0,0.0
0.0,0.0,0.0
0.0,0.0,0.0
0.0,0.0,0.0
0.0,0.0,0.0
0.0,0.0,0.0
0.0,0.0,0.0
0.0,0.0,0.0
0.0,0.0,0.0
0.0,0.0,0.0
0.0,0.0,0.0
0.0,0.0,0.0
0.0,0.0,0.0
0.0,0.0,0.0
0.0,0.0,0.0
0.0,0.0,0.0
0.0,0.0,0.0
0.0,0.0,0.0
0.0,0.0,0.0
0.0,0.0,0.0
0.0,0.0,0.0
0.0,0.0,0.0
0.0,0.0,0.0
0.0,0.0,0.0
0.0,0.0,0.0
0.0,0.0,0.0
0.0,0.0,0.0
0.0,0.0,0.0
0.0,0.0,0.0
0.0,0.0,0.0
0.0,0.0,0.0
0.0,0.0,0.0
0.0,0.0,0.0
0.0,0.0,0.0
0.0,0.0,0.0
0.0,0.0,0.0
0.0,0.0,0.0
0.0,0.0,0.0
0.0,0.0,0.0
0.0,0.0,0.0
0.0,0.0,0.0
0.0,0.0,0.0
0.0,0.0,0.0
0.0,0.0,0.0
0.0,0.0,0.0
0.0,0.0,0.0
0.0,0.0,0.0
0.0,0.0,0.0
0.0,0.0,0.0
0.0,0.0,0.0
0.0,0.0,0.0
0.0,0.0,0.0
0.0,0.0,0.0
0.0,0.0,0.0
0.0,107.0,0.0
0.0,186.0,0.0
0.0,185.0,0.0
0.0,170.0,0.0
0.0,116.0,0.0
0.0,99.0,0.0
0.0,108.0,0.0
0.0,138.0,0.0
0.0,175.0,0.0
0.0,205.0,0.0
0.0,259.0,0.0
0.0,333.0,0.0
0.0,397.0,0.0
0.0,497.0,0.0
0.0,516.0,0.0
0.0,511.0,0.0
0.0,511.0,0.0
0.0,503.0,0.0
0.0,513.0,0.0
0.0,529.0,0.0
0.0,540.0,0.0
0.0,543.0,0.0
0.0,538.0,0.0
0.0,542.0,0.0
0.0,550.0,0.0
0.0,563.0,0.0
0.0,606.0,0.0
0.0,691.0,0.0
0.0,792.0,0.0
0.0,904.0,0.0
0.0,959.0,0.0
0.0,997.0,0.0
0.0,1012.0,0.0
0.0,1081.0,0.0
0.0,1210.0,0.0
0.0,1559.0,0.0
0.0,1781.0,0.0
0.0,1927.0,0.0
0.0,1929.0,0.0
0.0,1886.0,0.0
0.0,1886.0,0.0
0.0833333,1868.0,0.0
0.0833333,1730.0,0.0
0.0833333,1668.0,0.0
0.0833333,1641.0,0.0
0.0833333,1510.0,0.0
0.0833333,1424.0,0.0
0.166667,1434.0,0.0
0.166667,1456.0,0.0
0.166667,1391.0,0.0
0.166667,1390.0,0.0
0.166667,1393.0,0.0
0.166667,1385.0,0.0
0.25,1396.0,0.511364
0.25,1408.0,0.511364
0.25,1368.0,0.511364
0.25,1322.0,0.511364
0.25,1297.0,0.511364
0.25,1292.0,0.511364
0.25,1253.0,0.511364
0.25,1214.0,0.511364
0.25,1138.0,0.511364
0.25,1015.0,0.511364
0.25,1019.0,0.511364
0.25,1028.0,0.511364
0.25,986.0,0.511364
0.25,861.0,0.511364
0.25,839.0,0.511364
0.25,911.0,0.511364
0.25,943.0,0.511364
0.25,965.0,0.511364
0.25,1012.0,0.511364
0.25,1015.0,0.511364
0.25,1004.0,0.511364
0.25,979.0,0.511364
0.25,859.0,0.511364
0.25,698.0,0.511364
0.25,681.0,0.511364
0.25,708.0,0.511364
0.25,689.0,0.511364
0.25,643.0,0.511364
0.25,674.0,0.511364
0.25,674.0,0.511364
0.25,755.0,0.511364
0.25,878.0,0.511364
0.25,1163.0,0.511364
0.25,1247.0,0.511364
0.25,1247.0,0.511364
0.25,1216.0,0.511364
0.25,1125.0,0.511364
0.25,1061.0,0.511364
0.333333,1089.0,0.0568182
0.333333,1127.0,0.0568182
0.333333,1148.0,0.0568182
0.333333,1137.0,0.0568182
0.416667,1161.0,0.681818
0.416667,1180.0,0.681818
0.416667,1221.0,0.681818
0.416667,1343.0,0.681818
0.416667,1370.0,0.681818
0.416667,1378.0,0.681818
0.5,1377.0,0.681818
0.5,1389.0,0.454545
0.5,1378.0,0.454545
0.583333,1355.0,0.454545
0.583333,1316.0,0.965909
0.583333,1205.0,0.965909
0.666667,1058.0,0.965909
0.666667,982.0,0.909091
0.666667,912.0,0.909091
0.666667,897.0,0.909091
0.75,1019.0,0.852273
0.75,1238.0,0.852273
0.75,1403.0,0.852273
0.833333,1525.0,0.909091
0.833333,1527.0,0.909091
0.833333,1526.0,0.909091
0.916667,1480.0,0.965909
0.916667,1431.0,0.965909
0.916667,1383.0,0.965909
1.0,1312.0,0.965909
1.0,1277.0,0.965909
1.08333,1268.0,0.965909
1.08333,1278.0,1.02273
1.08333,1324.0,1.02273
1.16667,1324.0,1.13636
1.16667,1416.0,1.13636
1.16667,1511.0,1.13636
1.16667,1546.0,1.13636
1.16667,1571.0,1.13636
1.16667,1508.0,1.13636
1.25,1450.0,0.454545
1.25,1428.0,0.454545
1.25,1419.0,0.454545
1.33333,1367.0,1.02273
1.33333,1297.0,1.02273
1.33333,1285.0,1.02273
1.33333,1290.0,1.02273
1.33333,1299.0,1.02273
1.33333,1375.0,1.02273
1.41667,1375.0,0.454545
1.41667,1339.0,0.454545
1.5,1323.0,0.454545
1.5,1325.0,1.02273
1.5,1293.0,1.02273
1.58333,1252.0,1.02273
1.58333,1179.0,1.02273
1.58333,1073.0,1.02273
1.66667,984.0,1.07955
1.66667,983.0,1.07955
1.75,1031.0,1.07955
1.75,1077.0,1.13636
1.75,1132.0,1.13636
1.83333,1170.0,1.19318
1.83333,1166.0,1.19318
1.91667,1122.0,1.19318
1.91667,1101.0,1.19318
2.0,1104.0,1.19318
2.0,1088.0,1.30682
2.0,1068.0,1.30682
2.08333,1085.0,1.19318
2.16667,1113.0,1.19318
2.16667,1120.0,1.59091
2.25,1149.0,1.59091
2.25,1214.0,1.53409
2.33333,1201.0,1.53409
2.33333,1221.0,1.30682
2.41667,1283.0,1.30682
2.41667,1283.0,1.81818
2.5,1332.0,1.47727
2.5,1316.0,1.47727
2.58333,1282.0,1.53409
2.66667,1281.0,1.53409
2.66667,1232.0,1.76136
2.66667,1193.0,1.76136
2.66667,1109.0,1.76136
2.75,1031.0,0.852273
2.83333,946.0,0.852273
2.83333,881.0,1.70455
2.91667,828.0,1.70455
2.91667,788.0,1.47727
3.0,790.0,1.98864
3.0,839.0,1.98864
3.0,963.0,1.98864
3.0,1181.0,1.98864
3.08333,1364.0,1.98864
3.08333,1366.0,0.568182
3.08333,1572.0,0.568182
3.16667,1812.0,0.568182
3.16667,1891.0,1.07955
3.16667,1856.0,1.07955
3.25,1734.0,1.07955
3.33333,1447.0,1.07955
3.41667,1006.0,1.98864
3.41667,850.0,2.15909
3.5,801.0,2.15909
3.58333,818.0,1.59091
3.58333,990.0,2.32954
3.66667,1090.0,2.67045
3.75,1138.0,2.15909
3.83333,1138.0,2.15909
3.83333,1181.0,2.15909
3.83333,1235.0,2.15909
3.83333,1285.0,2.15909
3.91667,1329.0,0.738636
4.0,1373.0,0.738636
4.08333,1449.0,2.27273
4.16667,1525.0,2.44318
4.16667,1596.0,2.61364
4.16667,1659.0,2.61364
4.25,1659.0,2.61364
4.33333,1748.0,3.29545
4.41667,1765.0,3.29545
4.41667,1756.0,2.55682
4.41667,1738.0,2.55682
4.41667,1715.0,2.55682
4.5,1588.0,2.55682
4.5,1490.0,0.681818
4.5,1394.0,0.681818
4.58333,1300.0,1.25
4.58333,1163.0,1.25
4.58333,1104.0,1.25
4.66667,1078.0,0.909091
4.83333,1091.0,2.55682
4.91667,1177.0,4.14773
5.0,1269.0,3.125
5.0,1387.0,3.18182
5.0,1533.0,3.18182
5.08333,1695.0,3.18182
5.08333,1868.0,0.909091
5.16667,1925.0,1.70455
5.25,1885.0,3.40909
5.33333,1796.0,2.5
5.5,1489.0,2.5
5.58333,1347.0,3.29545
5.66667,1281.0,3.125
5.75,1251.0,3.29545
5.83333,1223.0,3.18182
5.91667,1255.0,3.01136
6.0,1340.0,3.63636
6.0,1410.0,3.63636
6.08333,1451.0,3.63636
6.16667,1546.0,1.02273
6.25,1612.0,3.92045
6.33333,1701.0,3.35227
6.41667,1743.0,3.69318
6.5,1687.0,3.69318
6.5,1724.0,1.59091
6.5,1746.0,1.59091
6.58333,1734.0,1.19318
6.66667,1754.0,1.19318
6.66667,1772.0,1.98864
6.75,1689.0,1.59091
6.75,1689.0,1.59091
6.75,1624.0,1.59091
6.83333,1582.0,1.59091
6.91667,1474.0,3.40909
7.08333,1469.0,3.40909
7.08333,1557.0,3.80682
7.16667,1567.0,1.70455
7.33333,1635.0,3.92045
7.41667,1782.0,4.20454
7.5,1809.0,4.03409
7.66667,1854.0,3.86364
7.66667,1876.0,3.75
7.75,1780.0,3.75
7.91667,1718.0,3.75
8.0,1673.0,3.63636
8.08333,1662.0,3.75
8.16667,1594.0,4.14773
8.25,1524.0,4.14773
8.41667,1528.0,4.14773
8.5,1499.0,4.82954
8.58333,1494.0,4.14773
8.66667,1572.0,4.14773
8.75,1611.0,1.875
8.83333,1632.0,4.26136
9.0,1644.0,4.26136
9.08333,1614.0,4.43182
9.16667,1598.0,4.20454
9.16667,1559.0,4.20454
9.33333,1552.0,4.20454
9.41667,1544.0,4.77273
9.41667,1532.0,3.75
9.58333,1548.0,3.75
9.66667,1546.0,4.09091
9.83333,1593.0,4.09091
9.91667,1776.0,4.60227
10.0833,1817.0,4.60227
10.1667,1823.0,4.94318
10.3333,1786.0,4.94318
10.4167,1739.0,3.57954
10.5833,1742.0,4.54545
10.6667,1728.0,4.65909
10.8333,1714.0,4.20454
10.9167,1615.0,4.31818
11.0833,1615.0,4.31818
11.1667,1488.0,4.54545
11.1667,1473.0,3.92045
11.3333,1465.0,3.92045
11.5,1461.0,4.03409
11.5833,1483.0,4.375
11.5833,1505.0,4.375
11.6667,1527.0,4.375
11.8333,1606.0,4.375
11.9167,1700.0,4.48864
12.0833,1668.0,4.71591
12.25,1643.0,4.71591
12.25,1599.0,4.88636
12.25,1522.0,4.88636
12.4167,1379.0,4.88636
12.5833,1326.0,4.54545
12.6667,1310.0,4.43182
12.8333,1350.0,4.43182
12.9167,1432.0,4.43182
12.9167,1521.0,4.43182
13.0,1553.0,1.47727
13.1667,1585.0,1.47727
13.3333,1625.0,4.48864
13.4167,1662.0,4.88636
13.5833,1716.0,4.77273
13.6667,1749.0,3.86364
13.8333,1754.0,3.86364
13.9167,1693.0,4.71591
14.0,1646.0,4.71591
14.1667,1644.0,4.88636
14.25,1672.0,5.05682
14.4167,1698.0,5.05682
14.5833,1679.0,4.88636
14.5833,1674.0,4.65909
14.5833,1674.0,4.65909
14.6667,1674.0,1.07955
14.8333,1659.0,5.0
15.0,1645.0,5.0
15.0833,1641.0,5.0
15.25,1629.0,5.0
15.4167,1605.0,4.71591
15.5,1615.0,4.88636
15.6667,1615.0,4.82954
15.75,1605.0,4.54545
15.8333,1601.0,2.38636
15.9167,1621.0,3.97727
16.0,1632.0,3.97727
16.0833,1617.0,1.59091
16.25,1622.0,4.94318
16.4167,1600.0,4.94318
16.5833,1570.0,4.94318
16.6667,1593.0,4.20454
16.8333,1620.0,4.54545
16.9167,1656.0,5.56818
17.0833,1753.0,5.56818
17.1667,1763.0,5.90909
17.3333,1781.0,5.68182
17.5,1804.0,5.56818
17.5833,1823.0,4.71591
17.5833,1776.0,4.71591
17.75,1776.0,4.71591
17.8333,1650.0,4.94318
18.0,1595.0,4.94318
18.1667,1596.0,5.22727
18.3333,1547.0,5.17045
18.3333,1550.0,5.17045
18.5,1591.0,5.17045
18.6667,1689.0,5.17045
18.6667,1758.0,5.90909
18.8333,1783.0,5.90909
18.9167,1784.0,5.34091
19.0,1739.0,5.56818
19.0,1669.0,5.56818
19.1667,1648.0,5.56818
19.3333,1648.0,5.56818
19.5,1572.0,5.56818
19.6667,1466.0,5.56818
19.8333,1480.0,5.51136
20.0,1521.0,5.51136
20.1667,1570.0,5.22727
20.25,1655.0,6.19318
20.5,1836.0,6.19318
20.5,1904.0,5.28409
20.5833,1904.0,5.28409
20.6667,1879.0,1.81818
20.8333,1879.0,2.04545
21.0,1803.0,5.34091
21.1667,1778.0,5.34091
21.3333,1734.0,5.34091
21.4167,1734.0,5.34091
21.5833,1550.0,6.13636
21.75,1465.0,6.13636
21.8333,1489.0,5.85227
21.9167,1567.0,5.85227
21.9167,1658.0,1.875
22.1667,1749.0,1.98864
22.3333,1767.0,5.73864
22.5,1779.0,6.19318
22.5833,1777.0,5.56818
22.6667,1793.0,2.72727
22.8333,1762.0,3.35227
22.9167,1675.0,6.07954
23.0,1550.0,2.95454
23.0833,1520.0,2.95454
23.25,1417.0,2.95454
23.3333,1371.0,5.56818
23.4167,1347.0,6.93182
23.5833,1295.0,6.93182
23.75,1376.0,6.36363
23.9167,1466.0,5.96591
23.9167,1553.0,3.06818
24.0833,1639.0,3.06818
24.1667,1665.0,6.13636
24.25,1652.0,6.13636
24.25,1620.0,1.59091
24.3333,1589.0,2.21591
24.5833,1502.0,3.01136
24.75,1519.0,6.53409
24.8333,1525.0,5.79545
25.0,1573.0,5.79545
25.0833,1631.0,5.625
25.25,1649.0,5.625
25.4167,1677.0,5.625
25.4167,1693.0,6.19318
25.5833,1727.0,6.19318
25.6667,1723.0,6.47727
25.8333,1659.0,6.47727
26.0,1624.0,6.02273
26.0833,1624.0,5.56818
26.25,1651.0,5.56818
26.3333,1669.0,6.76136
26.5,1610.0,7.27273
26.5833,1559.0,7.27273
26.5833,1568.0,2.10227
26.6667,1561.0,2.10227
26.8333,1607.0,3.80682
27.0,1670.0,6.53409
27.25,1752.0,6.53409
27.3333,1792.0,6.36363
27.5833,1778.0,6.36363
27.75,1791.0,6.81818
27.9167,1716.0,6.81818
28.0,1679.0,6.02273
28.0833,1635.0,6.02273
28.3333,1601.0,6.02273
28.5,1601.0,6.30682
28.6667,1626.0,6.70454
28.8333,1629.0,6.70454
28.9167,1634.0,6.59091
29.0833,1619.0,6.59091
29.0833,1619.0,6.59091
29.1667,1628.0,1.70455
29.25,1609.0,1.70455
29.25,1598.0,1.76136
29.5,1630.0,1.76136
29.5833,1665.0,6.59091
29.75,1702.0,6.59091
29.8333,1824.0,7.38636
30.0,1816.0,7.38636
30.1667,1819.0,7.38636
30.3333,1838.0,6.47727
30.4167,1797.0,6.47727
30.6667,1736.0,6.47727
30.8333,1640.0,7.04545
31.0833,1529.0,7.67045
31.1667,1455.0,6.76136
31.3333,1431.0,7.55682
31.4167,1456.0,7.55682
31.6667,1415.0,7.55682
31.6667,1367.0,7.10227
31.9167,1367.0,7.10227
31.9167,1325.0,6.93182
32.1667,1322.0,6.93182
32.25,1353.0,7.10227
32.5,1352.0,7.10227
32.6667,1382.0,6.81818
32.9167,1386.0,6.81818
33.0833,1366.0,6.98863
33.25,1331.0,7.27273
33.3333,1310.0,8.46591
33.5,1222.0,8.46591
33.6667,1241.0,7.27273
33.8333,1328.0,7.27273
33.9167,1408.0,6.19318
34.0833,1490.0,6.70454
34.25,1521.0,7.21591
34.25,1492.0,7.21591
34.4167,1502.0,7.5
34.5,1502.0,7.5
34.75,1415.0,7.5
34.9167,1405.0,7.5
35.0833,1425.0,7.15909
35.3333,1440.0,7.15909
35.4167,1488.0,7.04545
35.4167,1562.0,7.04545
35.5,1619.0,7.04545
35.5833,1601.0,1.13636
35.75,1574.0,6.76136
35.8333,1600.0,7.67045
36.0833,1579.0,7.67045
36.1667,1589.0,8.57954
36.4167,1611.0,8.57954
36.5833,1630.0,8.29545
36.8333,1613.0,7.38636
37.0833,1568.0,7.38636
37.1667,1477.0,6.98863
37.4167,1451.0,6.98863
37.5833,1467.0,7.21591
37.75,1475.0,6.02273
37.9167,1441.0,6.53409
38.1667,1387.0,6.53409
38.3333,1329.0,7.32954
38.4167,1331.0,6.98863
38.5833,1331.0,6.98863
38.6667,1331.0,7.61363
38.8333,1313.0,7.61363
39.0,1300.0,7.61363
39.1667,1342.0,7.21591
39.4167,1376.0,7.21591
39.5,1373.0,7.67045
39.5833,1395.0,3.46591
39.5833,1479.0,3.46591
39.6667,1467.0,3.46591
39.75,1472.0,1.02273
39.9167,1503.0,2.5
40.1667,1495.0,6.64773
40.25,1491.0,9.03409
40.4167,1462.0,9.03409
40.6667,1423.0,8.52273
40.75,1419.0,7.44318
40.75,1416.0,7.44318
41.0,1406.0,7.44318
41.0833,1415.0,8.23863
41.25,1413.0,6.64773
41.4167,1347.0,7.89773
41.5,1294.0,7.84091
41.75,1246.0,7.84091
41.9167,1219.0,7.27273
42.0,1198.0,3.97727
42.0,1176.0,3.97727
42.1667,1206.0,3.97727
42.4167,1250.0,3.97727
42.5833,1214.0,7.04545
42.75,1204.0,7.04545
42.9167,1205.0,6.76136
43.0833,1182.0,6.76136
43.0833,1184.0,8.06818
43.1667,1340.0,8.06818
43.3333,1353.0,8.06818
43.5833,1355.0,8.06818
43.75,1411.0,8.06818
43.9167,1455.0,7.44318
44.0833,1475.0,7.44318
44.1667,1478.0,6.53409
44.4167,1470.0,6.53409
44.5,1487.0,7.84091
44.5833,1487.0,3.46591
44.8333,1482.0,7.55682
45.0833,1472.0,7.55682
45.1667,1474.0,7.38636
45.4167,1440.0,7.38636
45.6667,1398.0,8.01136
45.8333,1442.0,8.01136
45.8333,1461.0,7.21591
45.9167,1493.0,7.21591
46.0833,1558.0,7.21591
46.3333,1564.0,7.21591
46.5,1544.0,7.38636
46.6667,1547.0,6.875
46.8333,1559.0,7.67045
47.0,1645.0,4.03409
47.1667,1612.0,4.03409
47.25,1588.0,6.98863
47.4167,1588.0,6.98863
47.6667,1554.0,6.98863
47.8333,1542.0,7.04545
48.0,1513.0,7.04545
48.25,1463.0,8.01136
48.4167,1396.0,8.01136
48.4167,1363.0,7.55682
48.5833,1361.0,7.55682
48.8333,1337.0,7.55682
49.0833,1297.0,7.67045
49.1667,1297.0,8.29545
49.4167,1304.0,8.29545
49.5833,1324.0,8.35227
49.6667,1357.0,3.57954
49.6667,1393.0,3.57954
49.8333,1551.0,3.57954
50.0,1562.0,7.67045
50.1667,1510.0,7.67045
50.3333,1410.0,7.55682
50.5,1206.0,7.55682
50.6667,1144.0,7.55682
50.8333,1123.0,7.55682
50.8333,1109.0,6.98863
50.9167,1162.0,6.98863
51.1667,1272.0,6.98863
51.3333,1272.0,6.98863
51.4167,1338.0,5.96591
51.5833,1370.0,5.96591
51.75,1396.0,7.72727
51.9167,1392.0,7.72727
52.0,1374.0,7.32954
52.0833,1384.0,7.32954
52.3333,1382.0,7.32954
52.5833,1267.0,7.61363
52.75,1213.0,7.72727
53.0,1212.0,7.72727
53.0833,1236.0,8.29545
53.1667,1254.0,8.29545
53.1667,1222.0,1.93182
53.3333,1185.0,1.93182
53.5,1169.0,1.93182
53.6667,1155.0,4.09091
53.9167,1163.0,7.89773
54.0833,1184.0,8.06818
54.25,1193.0,8.06818
54.25,1230.0,7.38636
54.3333,1257.0,7.38636
54.5,1240.0,7.38636
54.6667,1254.0,7.38636
54.9167,1292.0,7.38636
54.9167,1325.0,8.01136
55.1667,1384.0,8.01136
55.25,1365.0,9.31818
55.4167,1284.0,9.31818
55.5,1176.0,8.01136
55.6667,1032.0,8.01136
55.75,1017.0,4.26136
56.0,1041.0,4.26136
56.0833,1064.0,7.61363
56.25,1079.0,7.21591
56.3333,1033.0,3.63636
56.3333,1092.0,3.63636
56.4167,1241.0,1.53409
56.6667,1297.0,7.61363
56.9167,1163.0,7.61363
57.1667,1099.0,7.61363
57.3333,1181.0,7.61363
57.4167,1228.0,7.44318
57.5,1228.0,2.67045
57.5833,1228.0,8.86363
57.5833,1304.0,8.86363
57.75,1304.0,8.86363
57.9167,1291.0,8.46591
58.0833,1301.0,8.46591
58.0833,1337.0,7.15909
58.25,1299.0,7.15909
58.4167,1268.0,7.44318
58.5,1248.0,7.44318
58.5833,1069.0,7.55682
58.6667,1047.0,7.55682
58.9167,1068.0,7.55682
59.1667,1052.0,7.55682
59.3333,1039.0,7.84091
59.5833,1015.0,8.01136
59.6667,1020.0,7.89773
59.75,1020.0,7.89773
59.8333,1123.0,7.5
59.9167,1196.0,7.5
60.0833,1244.0,2.04545
60.3333,1272.0,7.89773
60.4167,1328.0,9.31818
60.6667,1306.0,9.31818
60.8333,1331.0,7.89773
60.8333,1402.0,8.01136
60.9167,1338.0,8.01136
61.0,1168.0,1.30682
61.25,1123.0,2.5
61.4167,1064.0,7.21591
61.6667,932.0,7.21591
61.8333,932.0,7.10227
61.9167,1072.0,8.40909
61.9167,1124.0,8.40909
62.0833,1084.0,7.72727
62.1667,1028.0,7.72727
62.3333,871.0,7.61363
62.5,809.0,7.61363
62.6667,866.0,7.61363
62.9167,926.0,7.61363
63.0833,943.0,7.61363
63.0833,826.0,7.55682
63.1667,739.0,7.55682
63.3333,739.0,7.55682
63.4167,737.0,7.32954
63.6667,864.0,7.55682
63.9167,904.0,7.55682
64.0,943.0,8.75
64.1667,951.0,8.80682
64.4167,916.0,8.23863
64.5,844.0,7.95454
64.5833,909.0,7.95454
64.8333,963.0,7.72727
65.0,1035.0,7.72727
65.25,1072.0,7.55682
65.4167,955.0,8.80682
65.6667,1058.0,8.80682
65.6667,1119.0,7.5
65.9167,1140.0,7.5
66.0833,1189.0,7.27273
66.25,1194.0,7.27273
66.5,1195.0,7.27273
66.75,1197.0,7.27273
66.8333,1170.0,6.42045
67.0833,1123.0,6.42045
67.1667,1120.0,8.35227
67.1667,1112.0,8.35227
67.1667,1094.0,8.35227
67.4167,953.0,8.35227
67.5833,873.0,7.27273
67.8333,953.0,7.27273
68.0833,1113.0,7.27273
68.25,1192.0,7.27273
68.5,1235.0,7.27273
68.6667,1249.0,8.01136
68.9167,1243.0,7.67045
69.0833,1307.0,7.67045
69.25,1429.0,7.67045
69.4167,1467.0,6.93182
69.6667,1538.0,6.93182
69.9167,1555.0,7.04545
70.0833,1360.0,7.04545
70.25,1148.0,6.81818
70.4167,1026.0,3.69318
70.4167,955.0,8.57954
70.6667,955.0,7.72727
70.9167,939.0,7.72727
71.0833,849.0,7.44318
71.3333,843.0,7.44318
71.5833,916.0,7.38636
71.5833,865.0,6.30682
71.8333,1003.0,6.30682
72.0833,1206.0,7.67045
72.25,1317.0,7.61363
72.5,1458.0,7.61363
72.75,1552.0,7.61363
72.9167,1558.0,7.61363
73.1667,1622.0,7.84091
73.3333,1671.0,7.55682
73.5,1665.0,7.67045
73.75,1580.0,7.67045
74.0,1585.0,7.5
74.1667,1593.0,7.5
74.4167,1522.0,7.5
74.4167,1463.0,8.86363
74.6667,1455.0,8.86363
74.75,1463.0,7.15909
74.9167,1536.0,7.15909
75.0833,1631.0,7.15909
75.25,1757.0,7.15909
75.5,1633.0,7.15909
75.6667,1579.0,7.15909
75.9167,1593.0,6.98863
76.1667,1395.0,7.27273
76.25,1347.0,9.09091
76.3333,1374.0,9.09091
76.5,1377.0,9.09091
76.6667,1371.0,7.15909
76.9167,1311.0,7.78409
77.0833,1168.0,7.78409
77.25,1221.0,7.72727
77.3333,1289.0,6.76136
77.5,1301.0,6.76136
77.5833,1389.0,7.44318
77.6667,1498.0,2.32954
77.75,1606.0,2.32954
77.9167,1550.0,7.72727
78.0833,1597.0,7.72727
78.3333,1597.0,6.81818
78.4167,1607.0,6.875
78.5833,1562.0,6.875
78.6667,1527.0,6.53409
78.8333,1229.0,7.10227
78.8333,1137.0,7.15909
78.9167,1027.0,7.15909
79.0833,1015.0,7.15909
79.25,1047.0,6.98863
79.5,865.0,6.98863
79.5833,785.0,5.73864
79.75,808.0,7.72727
79.75,915.0,7.72727
79.9167,1032.0,7.72727
80.0833,1048.0,6.81818
80.0833,1016.0,6.13636
80.3333,969.0,6.13636
80.5,1020.0,6.13636
80.6667,1141.0,6.81818
80.8333,1193.0,8.01136
81.0,1223.0,7.89773
81.1667,1196.0,6.93182
81.4167,1152.0,6.42045
81.5833,1160.0,6.42045
81.75,1156.0,6.47727
81.75,1082.0,6.875
81.9167,1065.0,6.875
82.1667,1088.0,6.875
82.3333,1061.0,6.875
82.5,1059.0,6.875
82.6667,1065.0,5.79545
82.8333,1019.0,6.13636
82.8333,1056.0,6.93182
83.0,1151.0,6.93182
83.0833,1248.0,8.80682
83.25,1281.0,8.80682
83.4167,1237.0,6.59091
83.5,1155.0,6.42045
83.5833,1100.0,6.42045
83.75,944.0,6.42045
83.8333,919.0,6.93182
83.9167,1015.0,2.27273
83.9167,1132.0,2.27273
83.9167,1132.0,2.27273
84.0833,1141.0,2.27273
84.25,1137.0,6.76136
84.5,1113.0,6.76136
84.5833,1096.0,8.35227
84.6667,1141.0,8.35227
84.75,1314.0,1.70455
84.9167,1256.0,2.95454
85.0833,1221.0,6.02273
85.1667,1269.0,6.59091
85.3333,1270.0,6.59091
85.5,1270.0,6.70454
85.6667,1305.0,6.70454
85.8333,1316.0,6.93182
85.9167,1354.0,6.30682
86.0833,1506.0,6.30682
86.3333,1509.0,6.875
86.3333,1603.0,7.32954
86.4167,1600.0,2.15909
86.5833,1543.0,2.38636
86.75,1540.0,6.64773
87.0,1467.0,6.64773
87.0833,1364.0,6.70454
87.1667,1254.0,5.73864
87.3333,1196.0,5.73864
87.5,1198.0,5.90909
87.5833,1249.0,6.47727
87.5833,1304.0,6.47727
87.6667,1313.0,6.47727
87.8333,1322.0,6.47727
88.0833,1323.0,7.38636
88.1667,1414.0,6.81818
88.25,1479.0,3.35227
88.5,1436.0,3.35227
88.6667,1411.0,5.68182
88.9167,1370.0,6.53409
89.0833,1304.0,6.47727
89.3333,1270.0,7.21591
89.4167,1240.0,7.89773
89.5,1202.0,3.35227
89.75,1189.0,6.64773
89.9167,1308.0,6.64773
90.0833,1308.0,5.96591
90.0833,1375.0,3.69318
90.25,1421.0,3.69318
90.3333,1423.0,6.93182
90.5,1504.0,7.61363
90.6667,1436.0,6.98863
90.8333,1348.0,6.98863
91.0833,1285.0,7.10227
91.1667,1172.0,6.42045
91.4167,1074.0,6.42045
91.5,1088.0,7.15909
91.5833,1061.0,7.15909
91.6667,1044.0,2.27273
91.6667,1146.0,2.15909
91.75,1422.0,2.44318
91.9167,1536.0,3.01136
92.0833,1714.0,6.02273
92.25,1772.0,6.93182
92.3333,1869.0,6.59091
92.5,1871.0,6.59091
92.5833,1900.0,6.70454
92.5833,1828.0,6.70454
92.5833,1542.0,6.70454
92.8333,1359.0,6.70454
93.0,1295.0,6.70454
93.25,1338.0,6.70454
93.4167,1213.0,6.64773
93.6667,1111.0,6.42045
93.8333,1089.0,7.15909
93.8333,1102.0,8.69318
93.9167,1134.0,2.10227
94.0,1120.0,2.15909
94.0833,1100.0,3.40909
94.3333,1128.0,3.40909
94.5,1176.0,5.96591
94.75,1304.0,6.25
94.9167,1371.0,6.25
95.0833,1337.0,6.25
95.1667,1253.0,8.80682
95.3333,1365.0,8.80682
95.3333,1384.0,6.25
95.5,1361.0,6.25
95.5833,1338.0,7.44318
95.75,1338.0,7.44318
96.0,1297.0,7.04545
96.0833,1191.0,6.93182
96.25,1190.0,6.93182
96.4167,1191.0,6.70454
96.5,1232.0,6.70454
96.5833,1385.0,6.81818
96.5833,1354.0,6.81818
96.6667,1255.0,6.81818
96.8333,1148.0,6.76136
97.0,1063.0,6.76136
97.0833,1021.0,6.53409
97.3333,1036.0,6.53409
97.5,1039.0,6.19318
97.5833,1062.0,5.96591
97.6667,1106.0,6.76136
97.6667,1105.0,6.76136
97.6667,936.0,6.76136
97.75,779.0,6.76136
97.9167,828.0,6.76136
98.0833,975.0,6.76136
98.25,997.0,6.76136
98.25,916.0,6.47727
98.4167,869.0,6.47727
98.5833,970.0,5.85227
98.75,1077.0,5.85227
98.8333,1272.0,5.68182
98.8333,1405.0,5.68182
99.0,1421.0,5.68182
99.1667,1577.0,6.07954
99.3333,1579.0,6.19318
99.5,1523.0,6.19318
99.6667,1688.0,6.19318
99.8333,1738.0,5.625
100.0,1693.0,5.625
100.167,1737.0,5.96591
100.333,1750.0,5.56818
100.5,1803.0,5.56818
100.667,1858.0,5.56818
100.833,1845.0,5.56818
100.917,1825.0,5.17045
101.0,1823.0,2.84091
101.167,1762.0,2.84091
101.333,1762.0,5.17045
101.5,1686.0,5.73864
101.667,1685.0,5.625
101.75,1620.0,5.34091
101.833,1614.0,5.34091
101.833,1637.0,1.875
101.917,1613.0,1.875
102.0,1573.0,1.30682
102.083,1573.0,6.19318
102.25,1533.0,6.19318
102.333,1580.0,5.45454
102.5,1670.0,5.45454
102.667,1586.0,5.625
102.833,1515.0,5.56818
103.0,1496.0,5.56818
103.083,1449.0,4.88636
103.25,1452.0,4.88636
103.25,1467.0,5.51136
103.417,1451.0,5.51136
103.583,1504.0,5.34091
103.75,1670.0,5.34091
103.917,1828.0,5.34091
104.083,1911.0,5.34091
104.167,1882.0,4.54545
104.25,1820.0,4.54545
104.417,1789.0,4.54545
104.583,1707.0,5.0
104.75,1630.0,5.0
104.833,1574.0,5.39773
104.833,1469.0,5.39773
104.833,1470.0,5.39773
104.917,1492.0,5.39773
105.083,1486.0,5.28409
105.25,1584.0,5.17045
105.417,1788.0,5.17045
105.583,1824.0,5.0
105.667,1872.0,4.77273
105.75,1902.0,5.17045
105.75,1851.0,5.17045
105.917,1655.0,5.17045
105.917,1555.0,6.07954
106.083,1484.0,6.07954
106.167,1484.0,5.22727
106.333,1453.0,5.28409
106.5,1445.0,5.28409
106.667,1481.0,5.17045
106.833,1519.0,5.17045
106.917,1527.0,4.94318
107.083,1530.0,4.94318
107.25,1552.0,5.22727
107.417,1529.0,5.22727
107.583,1510.0,4.71591
107.667,1518.0,5.56818
107.667,1498.0,5.56818
107.833,1472.0,5.56818
108.0,1446.0,5.39773
108.167,1399.0,5.39773
108.333,1393.0,5.22727
108.417,1394.0,5.68182
108.583,1559.0,5.17045
108.75,1686.0,5.0
108.917,1753.0,5.0
109.083,1719.0,5.0
109.167,1714.0,4.77273
109.333,1715.0,4.94318
109.5,1686.0,4.94318
109.667,1609.0,5.28409
109.833,1545.0,5.28409
109.917,1499.0,5.34091
110.083,1489.0,4.94318
110.25,1513.0,4.94318
110.417,1549.0,4.94318
110.5,1550.0,5.05682
110.583,1665.0,5.11364
110.75,1741.0,5.11364
110.917,1685.0,5.11364
111.0,1611.0,5.73864
111.0,1518.0,5.73864
111.0,1503.0,5.73864
111.167,1495.0,5.73864
111.167,1529.0,5.0
111.25,1616.0,2.38636
111.417,1652.0,2.38636
111.583,1665.0,5.05682
111.667,1644.0,4.88636
111.833,1644.0,4.71591
111.917,1583.0,4.77273
112.0,1583.0,4.77273
112.167,1627.0,4.77273
112.167,1621.0,3.80682
112.167,1550.0,3.80682
112.25,1481.0,3.80682
112.25,1447.0,0.965909
112.333,1471.0,0.965909
112.5,1580.0,4.71591
112.667,1649.0,4.82954
112.75,1696.0,5.11364
112.917,1674.0,4.94318
113.0,1668.0,4.94318
113.083,1690.0,2.27273
113.25,1685.0,4.65909
113.333,1684.0,3.97727
113.333,1666.0,3.97727
113.417,1658.0,3.97727
113.417,1678.0,1.19318
113.417,1713.0,1.19318
113.5,1726.0,1.19318
113.667,1705.0,2.27273
113.75,1701.0,5.45454
113.917,1701.0,4.48864
114.083,1709.0,4.48864
114.083,1656.0,4.60227
114.25,1568.0,4.60227
114.417,1531.0,4.60227
114.417,1580.0,5.17045
114.5,1622.0,2.04545
114.583,1758.0,2.04545
114.583,1832.0,1.64773
114.667,1828.0,1.64773
114.75,1750.0,1.59091
114.75,1696.0,2.32954
114.917,1683.0,2.32954
115.0,1636.0,4.82954
115.167,1591.0,4.82954
115.167,1602.0,4.60227
115.167,1637.0,4.60227
115.333,1628.0,4.60227
115.417,1648.0,5.22727
115.5,1648.0,2.27273
115.583,1692.0,4.65909
115.583,1812.0,2.5
115.667,1852.0,2.5
115.667,1854.0,1.53409
115.667,1815.0,1.53409
115.833,1638.0,1.53409
116.0,1571.0,4.26136
116.083,1559.0,5.11364
116.25,1553.0,4.71591
116.333,1536.0,4.54545
116.417,1583.0,2.21591
116.583,1620.0,2.21591
116.667,1610.0,4.48864
116.75,1623.0,4.48864
116.917,1686.0,4.48864
116.917,1766.0,5.11364
116.917,1792.0,5.11364
116.917,1790.0,5.11364
117.083,1764.0,5.11364
117.167,1716.0,4.65909
117.333,1610.0,4.65909
117.5,1465.0,4.65909
117.583,1362.0,4.48864
117.667,1387.0,4.26136
117.667,1410.0,2.32954
117.833,1436.0,2.32954
117.833,1468.0,4.94318
118.0,1471.0,4.94318
118.083,1473.0,3.40909
118.25,1456.0,4.54545
118.333,1462.0,4.82954
118.5,1449.0,4.31818
118.583,1409.0,3.63636
118.75,1396.0,3.80682
118.833,1395.0,4.71591
119.0,1406.0,4.71591
119.083,1469.0,4.54545
119.167,1466.0,3.97727
119.333,1457.0,3.97727
119.333,1491.0,5.28409
119.417,1533.0,5.28409
119.5,1533.0,1.30682
119.583,1532.0,3.52273
119.583,1534.0,2.27273
119.583,1548.0,2.27273
119.583,1517.0,2.27273
119.583,1481.0,2.27273
119.75,1455.0,2.27273
119.75,1434.0,4.82954
119.917,1483.0,4.82954
120.0,1584.0,3.69318
120.167,1587.0,3.92045
120.25,1572.0,4.20454
120.333,1555.0,4.14773
120.333,1529.0,4.14773
120.5,1549.0,4.14773
120.5,1563.0,3.86364
120.667,1565.0,3.86364
120.75,1555.0,4.48864
120.75,1600.0,3.40909
120.75,1627.0,3.40909
120.75,1626.0,3.40909
120.75,1627.0,3.40909
120.833,1610.0,0.625
121.0,1608.0,0.625
121.083,1621.0,3.40909
121.167,1619.0,3.63636
121.25,1603.0,3.52273
121.417,1621.0,3.52273
121.417,1610.0,3.69318
121.5,1615.0,3.69318
121.583,1613.0,4.48864
121.75,1607.0,4.48864
121.75,1610.0,4.03409
121.833,1619.0,4.03409
121.917,1600.0,1.47727
121.917,1560.0,3.46591
121.917,1544.0,3.46591
121.917,1527.0,3.46591
122.0,1498.0,3.46591
122.0,1530.0,0.681818
122.083,1575.0,0.681818
122.083,1541.0,1.64773
122.167,1530.0,1.59091
122.25,1530.0,2.84091
122.333,1538.0,3.29545
122.5,1534.0,3.35227
122.583,1512.0,3.46591
122.667,1511.0,3.125
122.667,1515.0,3.06818
122.667,1526.0,3.06818
122.667,1537.0,3.06818
122.75,1531.0,3.06818
122.833,1520.0,3.01136
122.917,1530.0,3.01136
122.917,1521.0,2.21591
123.0,1517.0,1.76136
123.083,1527.0,2.78409
123.083,1530.0,2.78409
123.083,1512.0,2.78409
123.167,1472.0,0.965909
123.167,1443.0,0.965909
123.25,1406.0,1.47727
123.333,1373.0,2.78409
123.417,1397.0,2.78409
123.417,1453.0,2.78409
123.5,1509.0,1.30682
123.583,1549.0,3.125
123.667,1613.0,3.18182
123.75,1578.0,2.78409
123.833,1515.0,2.55682
123.917,1460.0,2.84091
123.917,1428.0,2.84091
124.0,1391.0,2.84091
124.0,1361.0,1.30682
124.083,1369.0,1.30682
124.083,1371.0,1.42045
124.167,1460.0,1.42045
124.25,1576.0,1.25
124.25,1639.0,2.55682
124.25,1636.0,2.55682
124.25,1636.0,2.55682
124.25,1615.0,2.55682
124.25,1535.0,2.55682
124.25,1438.0,2.55682
124.333,1388.0,0.454545
124.333,1371.0,0.454545
124.417,1371.0,0.454545
124.5,1371.0,1.13636
124.5,1422.0,2.27273
124.583,1471.0,2.10227
124.667,1518.0,2.10227
124.75,1547.0,1.93182
124.75,1556.0,2.61364
124.833,1539.0,2.04545
124.917,1475.0,2.15909
124.917,1458.0,2.15909
124.917,1438.0,2.15909
125.0,1395.0,2.15909
125.0,1357.0,0.852273
125.0,1348.0,0.852273
125.083,1364.0,1.07955
125.167,1364.0,1.07955
125.167,1429.0,1.81818
125.167,1503.0,1.81818
125.167,1466.0,1.81818
125.25,1427.0,0.795454
125.333,1390.0,0.795454
125.333,1327.0,2.15909
125.417,1287.0,2.15909
125.417,1303.0,1.30682
125.417,1329.0,1.30682
125.417,1349.0,1.30682
125.417,1418.0,1.30682
125.5,1433.0,1.30682
125.5,1444.0,0.568182
125.5,1444.0,0.568182
125.5,1487.0,0.568182
125.5,1475.0,0.568182
125.5,1447.0,0.568182
125.583,1426.0,0.568182
125.583,1416.0,0.511364
125.667,1414.0,0.511364
125.667,1440.0,1.30682
125.75,1465.0,1.30682
125.75,1478.0,1.42045
125.75,1508.0,1.42045
125.833,1511.0,1.42045
125.833,1504.0,1.02273
125.833,1504.0,1.02273
125.917,1490.0,1.13636
125.917,1475.0,1.13636
126.0,1367.0,1.13636
126.0,1314.0,1.13636
126.0,1302.0,1.13636
126.083,1303.0,1.13636
126.083,1309.0,0.965909
126.083,1325.0,0.965909
126.167,1339.0,0.965909
126.167,1354.0,0.965909
126.167,1360.0,0.965909
126.167,1358.0,0.965909
126.25,1361.0,0.965909
126.25,1335.0,0.625
126.25,1283.0,0.625
126.25,1272.0,0.625
126.25,1281.0,0.625
126.333,1314.0,0.625
126.333,1356.0,0.625
126.333,1401.0,0.625
126.333,1392.0,0.625
126.333,1343.0,0.625
126.333,1307.0,0.625
126.333,1280.0,0.625
126.333,1248.0,0.625
126.333,1230.0,0.625
126.333,1224.0,0.625
126.333,1229.0,0.625
126.333,1247.0,0.625
126.333,1249.0,0.625
126.333,1252.0,0.625
126.333,1255.0,0.625
126.333,1276.0,0.625
126.333,1295.0,0.625
126.333,1318.0,0.625
126.333,1370.0,0.625
126.333,1388.0,0.625
126.333,1333.0,0.625
126.333,1309.0,0.625
126.333,1295.0,0.625
126.333,1293.0,0.625
126.333,1327.0,0.625
126.333,1327.0,0.625
126.333,1329.0,0.625
126.333,1297.0,0.625
126.333,1288.0,0.625
126.333,1278.0,0.625
126.333,1273.0,0.625
126.333,1295.0,0.625
126.333,1315.0,0.625
126.333,1316.0,0.625
126.333,1324.0,0.625
126.333,1330.0,0.625
126.333,1331.0,0.625
126.333,1339.0,0.625
126.333,1368.0,0.625
126.333,1385.0,0.625
126.333,1385.0,0.625
126.333,1396.0,0.625
126.333,1302.0,0.625
126.333,499.0,0.625
126.333,219.0,0.625
126.333,67.0,0.625
126.333,0.0,0.625
126.333,0.0,0.625
126.333,0.0,0.625
126.333,0.0,0.625
126.333,0.0,0.625
126.333,0.0,0.625
126.333,12.0,0.625
126.333,34.0,0.625
126.333,33.0,0.625
126.333,8.0,0.625
126.333,0.0,0.625
126.333,0.0,0.625
126.333,0.0,0.625
126.333,0.0,0.625
126.333,0.0,0.0
126.333,0.0,0.0
126.333,0.0,0.0
126.333,0.0,0.0
126.333,0.0,0.0
126.333,0.0,0.0
126.333,0.0,0.0
126.333,0.0,0.0
126.333,0.0,0.0
126.333,0.0,0.0
126.333,0.0,0.0
126.333,0.0,0.0
126.333,0.0,0.0
126.333,0.0,0.0
126.333,0.0,0.0
126.333,0.0,0.0
126.333,0.0,0.0
126.333,0.0,0.0
126.333,0.0,0.0
126.333,0.0,0.0
126.333,0.0,0.0
126.333,0.0,0.0
126.333,0.0,0.0
126.333,0.0,0.0
126.333,0.0,0.0
126.333,0.0,0.0
126.333,0.0,0.0
126.333,0.0,0.0
126.333,0.0,0.0
126.333,0.0,0.0
126.333,0.0,0.0
126.333,0.0,0.0
126.333,0.0,0.0
126.333,0.0,0.0
126.333,0.0,0.0
126.333,0.0,0.0
126.333,0.0,0.0
126.333,0.0,0.0
126.333,0.0,0.0
126.333,0.0,0.0
126.333,0.0,0.0
126.333,0.0,0.0
126.333,0.0,0.0
126.333,0.0,0.0
126.333,0.0,0.0
126.333,0.0,0.0
126.333,0.0,0.0
126.333,0.0,0.0
126.333,0.0,0.0
126.333,0.0,0.0
126.333,0.0,0.0
126.333,0.0,0.0
126.333,0.0,0.0
126.333,0.0,0.0
126.333,0.0,0.0
126.333,0.0,0.0
126.333,0.0,0.0
126.333,0.0,0.0
126.333,0.0,0.0
126.333,0.0,0.0
126.333,0.0,0.0
126.333,0.0,0.0
126.333,0.0,0.0
126.333,0.0,0.0
126.333,0.0,0.0
126.333,0.0,0.0
126.333,0.0,0.0
126.333,0.0,0.0
126.333,0.0,0.0
126.333,0.0,0.0
126.333,0.0,0.0
126.333,0.0,0.0
126.333,0.0,0.0
126.333,0.0,0.0
126.333,0.0,0.0
126.333,0.0,0.0
126.333,0.0,0.0
126.333,0.0,0.0
126.333,0.0,0.0
126.333,0.0,0.0
126.333,0.0,0.0
126.333,0.0,0.0
126.333,0.0,0.0
126.333,0.0,0.0
126.333,0.0,0.0
126.333,0.0,0.0
126.333,0.0,0.0
126.333,0.0,0.0
126.333,0.0,0.0
126.333,0.0,0.0
126.333,0.0,0.0
126.333,0.0,0.0
126.333,0.0,0.0
126.333,0.0,0.0
126.333,0.0,0.0
126.333,0.0,0.0
126.333,0.0,0.0
126.333,0.0,0.0
126.333,0.0,0.0
126.333,0.0,0.0
126.333,0.0,0.0
126.333,0.0,0.0
126.333,0.0,0.0
126.333,0.0,0.0
126.333,0.0,0.0
126.333,0.0,0.0
126.333,0.0,0.0
126.333,0.0,0.0
126.333,0.0,0.0
126.333,0.0,0.0
126.333,0.0,0.0
126.333,0.0,0.0
126.333,0.0,0.0
126.333,0.0,0.0
126.333,0.0,0.0
126.333,0.0,0.0
126.333,0.0,0.0
126.333,0.0,0.0
126.333,0.0,0.0
126.333,0.0,0.0
126.333,0.0,0.0
126.333,0.0,0.0
126.333,0.0,0.0
126.333,0.0,0.0
126.333,0.0,0.0
126.333,0.0,0.0
126.333,0.0,0.0
126.333,0.0,0.0
126.333,0.0,0.0
126.333,0.0,0.0
126.333,0.0,0.0
126.333,0.0,0.0
126.333,0.0,0.0
126.333,0.0,0.0
126.333,0.0,0.0
126.333,0.0,0.0
126.333,0.0,0.0
126.333,0.0,0.0
126.333,0.0,0.0
126.333,0.0,0.0
126.333,0.0,0.0
126.333,0.0,0.0
126.333,0.0,0.0
126.333,0.0,0.0
126.333,0.0,0.0
126.333,0.0,0.0
126.333,0.0,0.0
126.333,0.0,0.0
126.333,0.0,0.0
126.333,0.0,0.0
126.333,0.0,0.0
126.333,0.0,0.0
126.333,0.0,0.0
126.333,0.0,0.0
126.333,0.0,0.0
126.333,0.0,0.0
126.333,0.0,0.0
126.333,0.0,0.0
126.333,0.0,0.0
126.333,0.0,0.0
126.333,0.0,0.0
126.333,0.0,0.0
126.333,0.0,0.0
126.333,0.0,0.0
126.333,0.0,0.0
126.333,0.0,0.0
126.333,0.0,0.0
126.333,0.0,0.0
126.333,0.0,0.0
