0.0,0.0,0.0
0.0,0.0,0.0
0.0,0.0,0.0
0.0,0.0,0.0
0.0,0.0,0.0
0.0,0.0,0.0
0.0,0.0,0.0
0.0,0.0,0.0
0.0,0.0,0.0
0.0,0.0,0.0
0.0,0.0,0.0
0.0,0.0,0.0
0.0,0.0,0.0
0.0,0.0,0.0
0.0,0.0,0.0
0.0,0.0,0.0
0.0,0.0,0.0
0.0,0.0,0.0
0.0,0.0,0.0
0.0,0.0,0.0
0.0,0.0,0.0
0.0,0.0,0.0
0.0,0.0,0.0
0.0,0.0,0.0
0.0,0.0,0.0
0.0,0.0,0.0
0.0,0.0,0.0
0.0,0.0,0.0
0.0,0.0,0.0
0.0,0.0,0.0
0.0,0.0,0.0
0.0,0.0,0.0
0.0,0.0,0.0
0.0,0.0,0.0
0.0,0.0,0.0
0.0,0.0,0.0
0.0,0.0,0.0
0.0,0.0,0.0
0.0,0.0,0.0
0.0,0.0,0.0
0.0,0.0,0.0
0.0,0.0,0.0
0.0,0.0,0.0
0.0,0.0,0.0
0.0,0.0,0.0
0.0,0.0,0.0
0.0,0.0,0.0
0.0,0.0,0.0
0.0,0.0,0.0
0.0,0.0,0.0
0.0,0.0,0.0
0.0,0.0,0.0
0.0,0.0,0.0
0.0,0.0,0.0
0.0,0.0,0.0
0.0,0.0,0.0
0.0,0.0,0.0
0.0,0.0,0.0
0.0,0.0,0.0
0.0,0.0,0.0
0.0,0.0,0.0
0.0,0.0,0.0
0.0,0.0,0.0
0.0,0.0,0.0
0.0,0.0,0.0
0.0,0.0,0.0
0.0,0.0,0.0
0.0,0.0,0.0
0.0,0.0,0.0
0.0,0.0,0.0
0.0,0.0,0.0
0.0,0.0,0.0
0.0,0.0,0.0
0.0,0.0,0.0
0.0,0.0,0.0
0.0,0.0,0.0
0.0,0.0,0.0
0.0,0.0,0.0
0.0,0.0,0.0
0.0,0.0,0.0
0.0,0.0,0.0
0.0,0.0,0.0
0.0,0.0,0.0
0.0,0.0,0.0
0.0,0.0,0.0
0.0,0.0,0.0
0.0,0.0,0.0
0.0,0.0,0.0
0.0,0.0,0.0
0.0,0.0,0.0
0.0,0.0,0.0
0.0,0.0,0.0
0.0,0.0,0.0
0.0,0.0,0.0
0.0,0.0,0.0
0.0,0.0,0.0
0.0,0.0,0.0
0.0,0.0,0.0
0.0,0.0,0.0
0.0,0.0,0.0
0.0,0.0,0.0
0.0,0.0,0.0
0.0,0.0,0.0
0.0,0.0,0.0
0.0,0.0,0.0
0.0,0.0,0.0
0.0,0.0,0.0
0.0,0.0,0.0
0.0,0.0,0.0
0.0,0.0,0.0
0.0,0.0,0.0
0.0,0.0,0.0
0.0,0.0,0.0
0.0,0.0,0.0
0.0,0.0,0.0
0.0,0.0,0.0
0.0,0.0,0.0
0.0,0.0,0.0
0.0,0.0,0.0
0.0,0.0,0.0
0.0,0.0,0.0
0.0,0.0,0.0
0.0,0.0,0.0
0.0,0.0,0.0
0.0,0.0,0.0
0.0,0.0,0.0
0.0,0.0,0.0
0.0,0.0,0.0
0.0,0.0,0.0
0.0,0.0,0.0
0.0,0.0,0.0
0.0,0.0,0.0
0.0,0.0,0.0
0.0,0.0,0.0
0.0,0.0,0.0
0.0,0.0,0.0
0.0,0.0,0.0
0.0,0.0,0.0
0.0,0.0,0.0
0.0,0.0,0.0
0.0,0.0,0.0
0.0,0.0,0.0
0.0,0.0,0.0
0.0,0.0,0.0
0.0,0.0,0.0
0.0,0.0,0.0
0.0,0.0,0.0
0.0,0.0,0.0
0.0,0.0,0.0
0.0,0.0,0.0
0.0,0.0,0.0
0.0,0.0,0.0
0.0,0.0,0.0
0.0,0.0,0.0
0.0,0.0,0.0
0.0,0.0,0.0
0.0,0.0,0.0
0.0,0.0,0.0
0.0,0.0,0.0
0.0,0.0,0.0
0.0,0.0,0.0
0.0,0.0,0.0
0.0,0.0,0.0
0.0,0.0,0.0
0.0,0.0,0.0
0.0,0.0,0.0
0.0,0.0,0.0
0.0,0.0,0.0
0.0,0.0,0.0
0.0,0.0,0.0
0.0,0.0,0.0
0.0,0.0,0.0
0.0,0.0,0.0
0.0,0.0,0.0
0.0,0.0,0.0
0.0,0.0,0.0
0.0,0.0,0.0
0.0,0.0,0.0
0.0,0.0,0.0
0.0,0.0,0.0
0.0,0.0,0.0
0.0,0.0,0.0
0.0,0.0,0.0
0.0,0.0,0.0
0.0,0.0,0.0
0.0,0.0,0.0
0.0,0.0,0.0
0.0,0.0,0.0
0.0,0.0,0.0
0.0,0.0,0.0
0.0,0.0,0.0
0.0,0.0,0.0
0.0,0.0,0.0
0.0,0.0,0.0
0.0,0.0,0.0
0.0,0.0,0.0
0.0,0.0,0.0
0.0,0.0,0.0
0.0,0.0,0.0
0.0,0.0,0.0
0.0,0.0,0.0
0.0,0.0,0.0
0.0,0.0,0.0
0.0,0.0,0.0
0.0,0.0,0.0
0.0,0.0,0.0
0.0,0.0,0.0
0.0,0.0,0.0
0.0,0.0,0.0
0.0,0.0,0.0
0.0,0.0,0.0
0.0,0.0,0.0
0.0,0.0,0.0
0.0,0.0,0.0
0.0,0.0,0.0
0.0,0.0,0.0
0.0,0.0,0.0
0.0,0.0,0.0
0.0,0.0,0.0
0.0,0.0,0.0
0.0,0.0,0.0
0.0,0.0,0.0
0.0,0.0,0.0
0.0,0.0,0.0
0.0,0.0,0.0
0.0,0.0,0.0
0.0,0.0,0.0
0.0,0.0,0.0
0.0,0.0,0.0
0.0,0.0,0.0
0.0,0.0,0.0
0.0,0.0,0.0
0.0,0.0,0.0
0.0,0.0,0.0
0.0,0.0,0.0
0.0,0.0,0.0
0.0,0.0,0.0
0.0,0.0,0.0
0.0,0.0,0.0
0.0,0.0,0.0
0.0,0.0,0.0
0.0,0.0,0.0
0.0,0.0,0.0
0.0,0.0,0.0
0.0,0.0,0.0
0.0,0.0,0.0
0.0,0.0,0.0
0.0,0.0,0.0
0.0,0.0,0.0
0.0,0.0,0.0
0.0,0.0,0.0
0.0,0.0,0.0
0.0,0.0,0.0
0.0,0.0,0.0
0.0,0.0,0.0
0.0,0.0,0.0
0.0,0.0,0.0
0.0,0.0,0.0
0.0,0.0,0.0
0.0,0.0,0.0
0.0,0.0,0.0
0.0,0.0,0.0
0.0,0.0,0.0
0.0,0.0,0.0
0.0,0.0,0.0
0.0,0.0,0.0
0.0,0.0,0.0
0.0,0.0,0.0
0.0,0.0,0.0
0.0,0.0,0.0
0.0,0.0,0.0
0.0,0.0,0.0
0.0,0.0,0.0
0.0,0.0,0.0
0.0,0.0,0.0
0.0,0.0,0.0
0.0,0.0,0.0
0.0,0.0,0.0
0.0,0.0,0.0
0.0,0.0,0.0
0.0,0.0,0.0
0.0,0.0,0.0
0.0,0.0,0.0
0.0,0.0,0.0
0.0,0.0,0.0
0.0,0.0,0.0
0.0,0.0,0.0
0.0,0.0,0.0
0.0,0.0,0.0
0.0,0.0,0.0
0.0,0.0,0.0
0.0,0.0,0.0
0.0,0.0,0.0
0.0,0.0,0.0
0.0,0.0,0.0
0.0,0.0,0.0
0.0,0.0,0.0
0.0,0.0,0.0
0.0,0.0,0.0
0.0,0.0,0.0
0.0,0.0,0.0
0.0,0.0,0.0
0.0,0.0,0.0
0.0,0.0,0.0
0.0,0.0,0.0
0.0,0.0,0.0
0.0,0.0,0.0
0.0,0.0,0.0
0.0,0.0,0.0
0.0,0.0,0.0
0.0,0.0,0.0
0.0,0.0,0.0
0.0,0.0,0.0
0.0,0.0,0.0
0.0,0.0,0.0
0.0,0.0,0.0
0.0,0.0,0.0
0.0,0.0,0.0
0.0,0.0,0.0
0.0,0.0,0.0
0.0,0.0,0.0
0.0,0.0,0.0
0.0,0.0,0.0
0.0,0.0,0.0
0.0,0.0,0.0
0.0,0.0,0.0
0.0,0.0,0.0
0.0,0.0,0.0
0.0,0.0,0.0
0.0,0.0,0.0
0.0,0.0,0.0
0.0,0.0,0.0
0.0,0.0,0.0
0.0,0.0,0.0
0.0,0.0,0.0
0.0,0.0,0.0
0.0,0.0,0.0
0.0,0.0,0.0
0.0,0.0,0.0
0.0,0.0,0.0
0.0,0.0,0.0
0.0,0.0,0.0
0.0,0.0,0.0
0.0,0.0,0.0
0.0,0.0,0.0
0.0,0.0,0.0
0.0,0.0,0.0
0.0,0.0,0.0
0.0,0.0,0.0
0.0,0.0,0.0
0.0,0.0,0.0
0.0,0.0,0.0
0.0,0.0,0.0
0.0,0.0,0.0
0.0,0.0,0.0
0.0,0.0,0.0
0.0,0.0,0.0
0.0,0.0,0.0
0.0,0.0,0.0
0.0,0.0,0.0
0.0,0.0,0.0
0.0,0.0,0.0
0.0,0.0,0.0
0.0,0.0,0.0
0.0,0.0,0.0
0.0,0.0,0.0
0.0,0.0,0.0
0.0,0.0,0.0
0.0,0.0,0.0
0.0,0.0,0.0
0.0,0.0,0.0
0.0,0.0,0.0
0.0,0.0,0.0
0.0,0.0,0.0
0.0,0.0,0.0
0.0,0.0,0.0
0.0,0.0,0.0
0.0,0.0,0.0
0.0,0.0,0.0
0.0,0.0,0.0
0.0,0.0,0.0
0.0,0.0,0.0
0.0,0.0,0.0
0.0,0.0,0.0
0.0,0.0,0.0
0.0,0.0,0.0
0.0,0.0,0.0
0.0,0.0,0.0
0.0,0.0,0.0
0.0,0.0,0.0
0.0,0.0,0.0
0.0,0.0,0.0
0.0,0.0,0.0
0.0,0.0,0.0
0.0,0.0,0.0
0.0,0.0,0.0
0.0,0.0,0.0
0.0,0.0,0.0
0.0,0.0,0.0
0.0,0.0,0.0
0.0,0.0,0.0
0.0,0.0,0.0
0.0,0.0,0.0
0.0,0.0,0.0
0.0,0.0,0.0
0.0,0.0,0.0
0.0,0.0,0.0
0.0,0.0,0.0
0.0,0.0,0.0
0.0,0.0,0.0
0.0,0.0,0.0
0.0,0.0,0.0
0.0,0.0,0.0
0.0,0.0,0.0
0.0,0.0,0.0
0.0,0.0,0.0
0.0,0.0,0.0
0.0,0.0,0.0
0.0,0.0,0.0
0.0,0.0,0.0
0.0,0.0,0.0
0.0,0.0,0.0
0.0,0.0,0.0
0.0,0.0,0.0
0.0,0.0,0.0
0.0,0.0,0.0
0.0,0.0,0.0
0.0,0.0,0.0
0.0,0.0,0.0
0.0,0.0,0.0
0.0,0.0,0.0
0.0,0.0,0.0
0.0,227.0,0.0
0.0,1832.0,0.0
0.0,3275.0,0.0
0.0,3075.0,0.0
0.0,2554.0,0.0
0.0,2360.0,0.0
0.0,2485.0,0.0568182
0.0,2521.0,0.0568182
0.0,2441.0,0.0568182
0.0,2261.0,0.0568182
0.0,1988.0,0.0568182
0.0,1837.0,0.0568182
0.0,1835.0,0.0568182
0.0,1828.0,0.0568182
0.0,1789.0,0.0568182
0.0833333,1739.0,0.0568182
0.0833333,1558.0,0.0568182
0.0833333,1440.0,0.0568182
0.0833333,1456.0,0.0568182
0.0833333,1713.0,0.0568182
0.166667,1784.0,0.0568182
0.166667,1749.0,0.0568182
0.166667,1727.0,0.0568182
0.166667,1813.0,0.0568182
0.25,1962.0,0.738636
0.25,2024.0,0.738636
0.25,2027.0,0.738636
0.25,1957.0,0.738636
0.333333,1834.0,0.738636
0.333333,1834.0,0.738636
0.333333,1829.0,0.738636
0.416667,1843.0,0.738636
0.416667,1844.0,0.795454
0.416667,1806.0,0.795454
0.416667,1774.0,0.795454
0.5,1773.0,0.795454
0.5,1796.0,0.795454
0.5,1864.0,0.795454
0.5,1918.0,0.795454
0.5,1941.0,0.795454
0.5,1955.0,0.795454
0.583333,1940.0,0.795454
0.583333,1896.0,0.454545
0.583333,1871.0,0.454545
0.666667,1872.0,1.13636
0.666667,1876.0,1.13636
0.75,1839.0,1.13636
0.75,1792.0,1.19318
0.833333,1723.0,1.19318
0.833333,1683.0,1.47727
0.833333,1679.0,1.47727
0.833333,1847.0,1.47727
0.833333,1932.0,1.47727
0.916667,1916.0,0.625
0.916667,1868.0,0.625
1.0,1864.0,1.42045
1.0,1857.0,1.42045
1.0,1824.0,1.42045
1.0,1824.0,1.42045
1.0,1846.0,1.42045
1.0,1835.0,1.42045
1.0,1781.0,1.42045
1.08333,1720.0,1.42045
1.08333,1663.0,0.397727
1.08333,1610.0,0.397727
1.08333,1582.0,0.397727
1.08333,1556.0,0.397727
1.08333,1553.0,0.397727
1.08333,1616.0,0.397727
1.16667,1663.0,0.454545
1.25,1685.0,0.454545
1.25,1693.0,1.81818
1.25,1693.0,1.81818
1.33333,1694.0,1.81818
1.33333,1697.0,1.02273
1.41667,1687.0,1.81818
1.5,1689.0,1.81818
1.58333,1696.0,2.15909
1.58333,1721.0,2.38636
1.58333,1753.0,2.38636
1.66667,1816.0,2.38636
1.66667,1837.0,0.909091
1.75,1828.0,2.21591
1.83333,1797.0,3.23864
1.91667,1761.0,3.23864
1.91667,1801.0,1.875
2.0,1925.0,2.04545
2.08333,2061.0,2.32954
2.16667,2148.0,2.32954
2.25,2209.0,2.32954
2.25,2240.0,2.27273
2.25,2171.0,2.27273
2.33333,2054.0,1.07955
2.33333,1947.0,1.07955
2.41667,1858.0,1.07955
2.5,1767.0,1.19318
2.5,1737.0,2.72727
2.5,1752.0,2.72727
2.58333,1740.0,1.25
2.66667,1714.0,2.10227
2.66667,1694.0,2.10227
2.75,1726.0,2.10227
2.83333,1764.0,1.36364
2.91667,1845.0,2.84091
3.0,1895.0,2.95454
3.0,1878.0,2.27273
3.0,1861.0,2.27273
3.0,1834.0,2.27273
3.08333,1807.0,2.27273
3.16667,1757.0,0.738636
3.16667,1738.0,2.84091
3.25,1713.0,2.84091
3.33333,1670.0,1.30682
3.41667,1704.0,2.78409
3.41667,1725.0,3.06818
3.41667,1725.0,3.06818
3.41667,1769.0,3.06818
3.41667,1778.0,3.06818
3.5,1783.0,3.06818
3.58333,1795.0,3.69318
3.66667,1817.0,2.61364
3.83333,1859.0,2.61364
3.91667,1927.0,3.57954
4.0,1900.0,3.29545
4.08333,1810.0,3.01136
4.16667,1784.0,3.01136
4.16667,1799.0,3.01136
4.33333,1775.0,3.01136
4.41667,1746.0,3.80682
4.5,1746.0,2.55682
4.58333,1700.0,3.57954
4.66667,1636.0,3.23864
4.75,1555.0,3.23864
4.83333,1511.0,1.93182
4.91667,1529.0,3.69318
5.08333,1573.0,3.69318
5.16667,1621.0,3.63636
5.25,1667.0,3.40909
5.41667,1749.0,3.80682
5.5,1835.0,3.97727
5.58333,1891.0,3.69318
5.75,1883.0,3.69318
5.83333,1859.0,3.92045
5.91667,1857.0,4.03409
6.0,1756.0,3.69318
6.08333,1670.0,3.69318
6.25,1573.0,3.69318
6.33333,1493.0,4.09091
6.5,1465.0,4.09091
6.58333,1507.0,3.97727
6.66667,1488.0,4.14773
6.66667,1436.0,4.14773
6.66667,1400.0,4.14773
6.66667,1418.0,4.14773
6.75,1537.0,0.681818
6.91667,1596.0,0.681818
7.0,1731.0,4.14773
7.16667,1731.0,4.14773
7.33333,1729.0,4.31818
7.41667,1643.0,5.22727
7.58333,1747.0,4.60227
7.58333,1882.0,4.48864
7.75,1898.0,4.48864
7.75,1663.0,4.71591
7.75,1474.0,4.71591
7.75,1467.0,4.71591
7.75,1432.0,4.71591
7.91667,1322.0,4.71591
8.0,1170.0,4.54545
8.16667,1176.0,4.48864
8.25,1193.0,4.71591
8.41667,1260.0,4.71591
8.58333,1385.0,4.71591
8.66667,1501.0,4.77273
8.83333,1567.0,4.77273
9.0,1657.0,4.82954
9.0,1701.0,5.05682
9.0,1564.0,5.05682
9.0,1461.0,5.05682
9.08333,1417.0,5.05682
9.25,1440.0,5.05682
9.33333,1495.0,5.39773
9.41667,1429.0,4.94318
9.58333,1364.0,4.82954
9.75,1367.0,4.71591
9.83333,1362.0,4.60227
10.0,1401.0,4.60227
10.0833,1453.0,5.28409
10.25,1512.0,4.88636
10.4167,1507.0,4.82954
10.4167,1447.0,4.94318
10.5,1433.0,4.94318
10.6667,1454.0,4.375
10.75,1452.0,4.375
10.9167,1297.0,4.375
11.0833,1195.0,4.65909
11.1667,1211.0,4.94318
11.3333,1300.0,4.94318
11.5,1382.0,4.88636
11.5833,1387.0,5.0
11.75,1387.0,5.0
11.9167,1279.0,5.17045
12.0833,1307.0,5.17045
12.25,1415.0,5.17045
12.25,1420.0,5.17045
12.25,1340.0,5.17045
12.25,1281.0,5.17045
12.3333,1247.0,0.965909
12.5,1248.0,2.72727
12.6667,1243.0,5.28409
12.8333,1179.0,4.88636
12.9167,1103.0,4.77273
12.9167,1096.0,4.77273
13.0833,1273.0,4.77273
13.1667,1284.0,4.65909
13.3333,1272.0,4.65909
13.4167,1222.0,5.0
13.5833,1214.0,4.82954
13.5833,1189.0,4.77273
13.5833,1115.0,4.77273
13.6667,1049.0,1.19318
13.8333,1053.0,2.67045
14.0,1095.0,5.51136
14.1667,1133.0,5.51136
14.25,1152.0,4.94318
14.4167,1157.0,4.94318
14.5,1192.0,5.73864
14.6667,1205.0,5.73864
14.8333,1206.0,5.34091
14.8333,1127.0,5.17045
15.0,1095.0,5.17045
15.1667,1082.0,5.17045
15.25,1064.0,5.05682
15.4167,1038.0,5.05682
15.5833,1047.0,5.05682
15.6667,1068.0,5.34091
15.8333,1046.0,5.34091
16.0,1026.0,5.34091
16.1667,1032.0,4.94318
16.25,1048.0,5.0
16.3333,1062.0,4.77273
16.3333,1102.0,4.77273
16.3333,1102.0,4.77273
16.3333,1102.0,4.77273
16.4167,1180.0,4.77273
16.5833,1151.0,5.05682
16.75,1173.0,5.05682
16.9167,1197.0,5.05682
17.0,1173.0,5.11364
17.1667,1092.0,4.94318
17.3333,1076.0,4.94318
17.5,1081.0,4.94318
17.6667,1031.0,4.94318
17.75,1000.0,5.0
17.9167,1119.0,5.0
18.0833,1229.0,4.82954
18.1667,1281.0,5.11364
18.3333,1274.0,5.11364
18.5,1223.0,5.11364
18.6667,1243.0,5.73864
18.75,1209.0,6.02273
18.8333,1090.0,5.0
19.0,937.0,5.0
19.0833,926.0,4.94318
19.25,934.0,4.94318
19.3333,916.0,5.17045
19.3333,913.0,5.17045
19.5,1014.0,5.17045
19.5,1113.0,5.0
19.5833,1148.0,5.0
19.75,1154.0,5.0
19.8333,1125.0,5.90909
19.9167,1115.0,6.19318
20.0833,1098.0,6.19318
20.1667,1020.0,5.45454
20.3333,926.0,5.45454
20.3333,863.0,5.28409
20.5,832.0,5.28409
20.5,853.0,5.625
20.5833,897.0,5.625
20.75,942.0,5.625
20.9167,979.0,5.625
21.0833,1005.0,5.51136
21.1667,956.0,4.94318
21.3333,867.0,4.94318
21.5,867.0,4.94318
21.5833,882.0,6.36363
21.6667,919.0,2.67045
21.6667,905.0,2.84091
21.75,824.0,1.875
21.8333,793.0,1.875
22.0,859.0,2.72727
22.0,911.0,2.84091
22.1667,915.0,2.84091
22.3333,895.0,4.48864
22.4167,881.0,5.625
22.5833,865.0,5.625
22.5833,836.0,5.28409
22.75,803.0,5.28409
22.75,792.0,5.17045
22.75,744.0,5.17045
22.8333,744.0,5.17045
23.0,808.0,6.19318
23.1667,856.0,5.90909
23.3333,812.0,5.90909
23.5,767.0,5.90909
23.6667,743.0,5.85227
23.8333,785.0,5.68182
24.0,820.0,6.13636
24.1667,799.0,6.02273
24.25,770.0,4.94318
24.4167,785.0,5.56818
24.5833,762.0,5.56818
24.6667,760.0,5.28409
24.75,717.0,2.89773
24.9167,718.0,3.01136
25.0833,629.0,6.02273
25.3333,582.0,5.96591
25.5,611.0,5.85227
25.5,704.0,5.625
25.6667,809.0,5.625
25.75,835.0,7.95454
25.9167,899.0,4.71591
26.0,984.0,5.45454
26.1667,996.0,5.45454
26.3333,896.0,5.56818
26.5,815.0,5.39773
26.5833,814.0,6.02273
26.6667,814.0,6.02273
26.8333,786.0,6.13636
26.9167,711.0,5.34091
27.0,704.0,5.34091
27.0833,714.0,6.25
27.1667,715.0,6.25
27.25,749.0,6.07954
27.3333,801.0,6.07954
27.4167,809.0,5.56818
27.5833,775.0,5.56818
27.75,731.0,5.56818
27.9167,728.0,5.56818
28.0833,729.0,5.56818
28.25,680.0,5.90909
28.3333,679.0,5.22727
28.4167,701.0,2.61364
28.4167,819.0,2.61364
28.4167,875.0,2.61364
28.5833,851.0,2.61364
28.75,795.0,5.56818
28.9167,771.0,5.56818
29.0833,751.0,5.96591
29.25,710.0,5.51136
29.3333,694.0,6.36363
29.5,717.0,6.36363
29.5833,709.0,5.90909
29.6667,712.0,5.90909
29.8333,741.0,5.90909
29.9167,741.0,5.17045
30.0,715.0,5.17045
30.1667,690.0,5.17045
30.3333,702.0,5.17045
30.5,736.0,5.17045
30.6667,773.0,5.22727
30.6667,748.0,5.85227
30.8333,717.0,5.85227
31.0,717.0,6.19318
31.1667,832.0,6.19318
31.1667,897.0,4.94318
31.25,879.0,1.76136
31.3333,856.0,1.76136
31.3333,843.0,1.875
31.5,830.0,1.93182
31.6667,830.0,4.88636
31.8333,838.0,5.39773
32.0,855.0,5.39773
32.0833,873.0,5.625
32.25,860.0,5.625
32.3333,869.0,5.11364
32.4167,925.0,2.89773
32.4167,999.0,2.89773
32.4167,972.0,2.89773
32.5,816.0,2.89773
32.6667,744.0,5.56818
32.8333,732.0,5.56818
33.0,750.0,5.51136
33.1667,792.0,5.85227
33.3333,812.0,5.45454
33.4167,786.0,5.39773
33.5833,775.0,5.39773
33.5833,941.0,5.28409
33.5833,1039.0,5.28409
33.5833,958.0,5.28409
33.75,823.0,5.28409
33.8333,774.0,6.30682
34.0,881.0,5.68182
34.1667,880.0,5.68182
34.3333,828.0,5.56818
34.5,810.0,5.56818
34.6667,879.0,5.56818
34.8333,885.0,5.56818
34.9167,926.0,5.28409
35.0,896.0,5.28409
35.0,802.0,2.55682
35.0833,822.0,2.55682
35.25,923.0,5.79545
35.4167,985.0,5.68182
35.5833,889.0,5.625
35.75,864.0,5.625
35.9167,960.0,5.625
36.0833,1010.0,5.68182
36.25,972.0,5.51136
36.3333,865.0,5.45454
36.3333,864.0,5.45454
36.3333,863.0,5.45454
36.3333,863.0,5.45454
36.5,902.0,5.45454
36.6667,925.0,5.45454
36.8333,965.0,5.79545
37.0,989.0,5.56818
37.1667,1004.0,5.56818
37.25,1016.0,5.45454
37.4167,1042.0,5.45454
37.5833,1030.0,5.45454
37.5833,999.0,5.56818
37.5833,962.0,5.56818
37.6667,951.0,1.07955
37.75,1010.0,1.07955
37.9167,1062.0,4.94318
38.0833,1062.0,5.34091
38.25,1033.0,5.79545
38.4167,923.0,5.79545
38.5833,947.0,5.79545
38.6667,996.0,5.0
38.9167,1012.0,5.51136
39.0,962.0,5.73864
39.0,985.0,5.73864
39.0,1026.0,5.73864
39.0833,1049.0,5.73864
39.25,1022.0,5.73864
39.4167,975.0,5.625
39.5833,960.0,5.85227
39.6667,956.0,5.34091
39.75,957.0,3.06818
39.8333,953.0,3.06818
40.0,941.0,5.34091
40.0833,949.0,5.34091
40.0833,959.0,5.34091
40.0833,957.0,5.34091
40.1667,950.0,5.34091
40.25,958.0,0.795454
40.4167,973.0,2.72727
40.5833,965.0,5.34091
40.75,911.0,5.90909
40.8333,902.0,5.11364
40.9167,912.0,6.13636
41.0833,929.0,6.13636
41.1667,936.0,5.73864
41.25,936.0,5.73864
41.25,940.0,1.76136
41.4167,948.0,1.76136
41.5833,960.0,5.85227
41.6667,965.0,5.45454
41.8333,960.0,5.45454
41.9167,959.0,5.56818
42.0833,961.0,5.56818
42.0833,958.0,6.30682
42.3333,919.0,6.30682
42.4167,901.0,5.39773
42.4167,889.0,4.71591
42.5,880.0,4.71591
42.5833,893.0,6.47727
42.6667,904.0,6.47727
42.8333,911.0,5.73864
43.0,933.0,5.28409
43.1667,968.0,5.45454
43.3333,1030.0,5.22727
43.5,989.0,5.96591
43.6667,894.0,5.96591
43.75,819.0,4.88636
43.75,774.0,4.88636
43.8333,756.0,4.88636
43.8333,807.0,1.25
43.9167,941.0,1.25
44.0833,1036.0,5.11364
44.25,1027.0,5.34091
44.4167,954.0,5.625
44.5,900.0,5.56818
44.6667,848.0,5.56818
44.75,835.0,5.22727
44.9167,857.0,5.22727
45.0,919.0,5.85227
45.0,1026.0,5.85227
45.0833,1108.0,1.36364
45.0833,1011.0,1.36364
45.25,945.0,1.36364
45.25,993.0,6.42045
45.4167,1068.0,6.42045
45.5833,1074.0,5.85227
45.75,1072.0,5.625
45.8333,1050.0,5.45454
46.0,1050.0,5.45454
46.1667,1050.0,5.22727
46.25,1092.0,5.51136
46.3333,1084.0,2.84091
46.5,1047.0,2.84091
46.6667,1018.0,2.84091
46.8333,1031.0,5.73864
46.9167,1044.0,5.51136
47.0833,1040.0,5.51136
47.25,1024.0,5.51136
47.4167,1012.0,5.45454
47.5833,999.0,5.56818
47.75,981.0,5.56818
47.9167,980.0,5.51136
48.0,998.0,5.56818
48.0,1066.0,5.56818
48.1667,1077.0,5.56818
48.3333,1048.0,5.56818
48.5,1036.0,5.56818
48.6667,1052.0,5.51136
48.8333,1053.0,5.56818
49.0,1033.0,5.56818
49.1667,992.0,5.56818
49.25,966.0,5.68182
49.4167,1013.0,5.34091
49.5,1024.0,5.11364
49.5,1058.0,5.11364
49.5,1058.0,5.11364
49.5833,1010.0,5.11364
49.75,976.0,5.11364
49.9167,1011.0,5.39773
50.0833,1049.0,5.39773
50.25,1021.0,5.39773
50.4167,901.0,5.11364
50.5833,878.0,5.56818
50.75,893.0,5.56818
50.75,893.0,5.625
50.9167,922.0,5.625
51.0833,895.0,5.45454
51.25,861.0,5.90909
51.4167,848.0,5.90909
51.5833,868.0,5.625
51.75,868.0,5.625
51.9167,899.0,5.625
52.0833,941.0,5.625
52.1667,987.0,5.34091
52.3333,1025.0,5.34091
52.5,1119.0,5.34091
52.5833,1156.0,5.45454
52.75,1143.0,5.05682
52.75,1092.0,5.0
52.8333,1065.0,5.0
53.0,1055.0,5.45454
53.1667,1028.0,5.28409
53.3333,1027.0,5.28409
53.5,1045.0,5.28409
53.6667,1073.0,5.28409
53.8333,1078.0,5.68182
54.0,1084.0,5.625
54.1667,1091.0,5.625
54.25,1091.0,5.51136
54.25,1097.0,2.67045
54.3333,1113.0,2.67045
54.5,1132.0,2.67045
54.6667,1126.0,5.39773
54.8333,1109.0,5.39773
55.0,1100.0,5.45454
55.0833,1098.0,5.625
55.1667,1096.0,5.39773
55.3333,1093.0,5.39773
55.4167,1051.0,5.34091
55.5,968.0,2.55682
55.5,938.0,2.55682
55.6667,1005.0,2.55682
55.75,1035.0,5.0
55.9167,1023.0,5.0
56.0833,1022.0,5.0
56.25,1022.0,5.90909
56.3333,991.0,4.82954
56.3333,990.0,2.95454
56.5,1006.0,6.25
56.5833,1011.0,6.25
56.75,983.0,5.68182
56.8333,981.0,5.17045
56.8333,1005.0,5.17045
56.9167,1005.0,1.36364
57.0833,1033.0,2.89773
57.25,1040.0,5.85227
57.3333,1052.0,5.85227
57.5,1098.0,5.85227
57.5833,1122.0,5.0
57.6667,1104.0,6.25
57.6667,1059.0,6.25
57.8333,1052.0,6.25
58.0,1048.0,5.34091
58.0,1035.0,5.17045
58.0,996.0,5.17045
58.1667,1066.0,5.17045
58.3333,1065.0,5.17045
58.5,1106.0,5.28409
58.6667,1031.0,5.28409
58.8333,1083.0,5.28409
58.9167,1207.0,6.02273
59.0833,1322.0,5.34091
59.25,1319.0,5.85227
59.25,1114.0,5.85227
59.25,1005.0,5.85227
59.25,1010.0,5.85227
59.4167,1092.0,5.85227
59.5833,1167.0,5.34091
59.6667,1143.0,6.02273
59.8333,1132.0,5.28409
59.9167,1131.0,5.28409
60.0833,1172.0,5.28409
60.25,1215.0,5.28409
60.4167,1203.0,5.28409
60.5833,1177.0,5.28409
60.6667,1157.0,4.94318
60.6667,1155.0,4.94318
60.8333,1190.0,4.94318
61.0,1218.0,5.39773
61.0833,1221.0,5.34091
61.25,1210.0,5.34091
61.4167,1220.0,5.34091
61.5,1254.0,5.28409
61.5,1259.0,5.28409
61.6667,1256.0,5.28409
61.8333,1121.0,4.88636
62.0,1121.0,4.88636
62.0833,1108.0,5.34091
62.0833,1118.0,2.55682
62.0833,1130.0,2.55682
62.1667,1120.0,2.55682
62.25,1087.0,5.51136
62.4167,1063.0,5.51136
62.5833,1075.0,5.51136
62.75,1135.0,5.51136
62.9167,1167.0,5.51136
63.0,1141.0,4.71591
63.1667,1134.0,7.32954
63.25,1133.0,7.32954
63.3333,1123.0,5.625
63.3333,1107.0,5.625
63.3333,1075.0,5.625
63.5,1062.0,5.625
63.6667,1103.0,5.625
63.8333,1195.0,5.625
64.0,1187.0,5.51136
64.1667,1148.0,5.51136
64.3333,1125.0,5.51136
64.5,1120.0,5.51136
64.6667,1129.0,5.68182
64.6667,1129.0,5.05682
64.6667,1145.0,5.05682
64.6667,1157.0,5.05682
64.75,1133.0,5.05682
64.9167,1099.0,5.05682
65.0833,1095.0,5.56818
65.25,1109.0,5.56818
65.4167,1178.0,5.56818
65.5,1215.0,5.51136
65.6667,1120.0,5.51136
65.8333,941.0,5.51136
65.9167,960.0,5.22727
66.0,1069.0,5.22727
66.1667,1034.0,5.28409
66.25,962.0,5.68182
66.3333,952.0,5.22727
66.5,953.0,5.39773
66.6667,1031.0,5.39773
66.8333,1031.0,5.39773
66.9167,1188.0,5.68182
67.0,1189.0,6.875
67.1667,1061.0,6.875
67.3333,1088.0,6.02273
67.4167,1145.0,5.625
67.4167,1165.0,5.625
67.4167,1133.0,5.625
67.5,1058.0,0.852273
67.5833,1063.0,2.78409
67.75,1228.0,5.85227
67.9167,1195.0,5.85227
68.0833,980.0,5.45454
68.25,975.0,5.22727
68.4167,1063.0,5.45454
68.5833,1242.0,5.51136
68.75,1280.0,5.22727
68.9167,1036.0,5.39773
69.0,846.0,5.51136
69.1667,874.0,5.51136
69.3333,1125.0,5.51136
69.5,1207.0,5.68182
69.6667,1125.0,5.68182
69.8333,1019.0,5.68182
70.0,971.0,5.56818
70.1667,1093.0,5.56818
70.25,1187.0,5.51136
70.4167,1188.0,5.51136
70.4167,1104.0,5.11364
70.4167,1152.0,5.11364
70.4167,1125.0,5.11364
70.5833,1098.0,5.11364
70.75,1116.0,5.39773
70.9167,1193.0,5.39773
71.0833,1142.0,5.39773
71.25,1057.0,5.39773
71.4167,1034.0,5.39773
71.5,1086.0,5.45454
71.5833,1037.0,5.68182
71.75,1027.0,5.68182
71.9167,1080.0,5.28409
72.0833,1079.0,5.56818
72.25,1131.0,5.56818
72.3333,1131.0,5.28409
72.5,1159.0,5.28409
72.6667,1200.0,5.34091
72.8333,1211.0,5.34091
73.0,1214.0,5.34091
73.0,1232.0,5.45454
73.1667,1137.0,5.45454
73.3333,1048.0,5.45454
73.4167,1066.0,5.68182
73.5,1257.0,2.55682
73.6667,1203.0,5.05682
73.75,1151.0,5.45454
73.9167,1074.0,5.45454
74.0833,1108.0,5.45454
74.1667,1253.0,5.51136
74.3333,1223.0,5.34091
74.5,1104.0,5.34091
74.5833,1069.0,4.94318
74.75,1236.0,4.94318
74.9167,1247.0,5.34091
75.0,1181.0,5.28409
75.0,1134.0,5.28409
75.0833,1147.0,5.28409
75.25,1178.0,5.28409
75.4167,1202.0,5.17045
75.5,1190.0,5.90909
75.6667,1155.0,5.90909
75.8333,1129.0,5.625
76.0,1176.0,5.56818
76.1667,1248.0,5.51136
76.3333,1238.0,5.45454
76.4167,1100.0,5.34091
76.5,1193.0,2.55682
76.5,1262.0,2.55682
76.6667,1199.0,2.55682
76.8333,1076.0,5.39773
77.0,1104.0,5.39773
77.0833,1164.0,5.39773
77.25,1168.0,6.13636
77.4167,1144.0,6.13636
77.5833,1136.0,5.56818
77.75,1150.0,5.56818
77.9167,1136.0,5.56818
78.0833,1136.0,5.51136
78.0833,1124.0,5.28409
78.1667,1174.0,5.28409
78.3333,1249.0,5.28409
78.5,1177.0,5.28409
78.6667,1072.0,5.28409
78.8333,1042.0,5.28409
79.0,1081.0,5.625
79.1667,1076.0,5.625
79.25,1121.0,5.51136
79.4167,1170.0,5.22727
79.5833,1159.0,5.22727
79.6667,1154.0,4.94318
79.6667,1233.0,4.94318
79.8333,1293.0,4.94318
80.0,1221.0,5.28409
80.1667,1136.0,5.28409
80.3333,1169.0,5.28409
80.5,1246.0,5.28409
80.5833,1289.0,5.28409
80.75,1211.0,5.28409
80.9167,1179.0,5.28409
80.9167,1216.0,5.34091
80.9167,1275.0,5.34091
80.9167,1308.0,5.34091
80.9167,1260.0,5.34091
81.0833,1261.0,6.19318
81.25,1166.0,6.19318
81.4167,1157.0,5.56818
81.5,1213.0,4.71591
81.5833,1177.0,2.44318
81.6667,1119.0,2.44318
81.6667,1155.0,1.81818
81.8333,1324.0,2.5
81.9167,1312.0,5.625
82.0833,1308.0,5.625
82.25,1296.0,5.28409
82.4167,1260.0,5.28409
82.5833,1163.0,5.28409
82.6667,1133.0,5.34091
82.8333,1133.0,5.28409
83.0,1341.0,5.28409
83.1667,1341.0,5.28409
83.3333,1111.0,5.28409
83.5,1111.0,5.28409
83.5,1273.0,4.60227
83.5,1400.0,4.60227
83.5,1328.0,4.60227
83.5,1212.0,4.60227
83.5,1154.0,4.60227
83.5833,1108.0,4.60227
83.75,1105.0,4.60227
83.9167,1168.0,4.60227
84.0833,1171.0,4.60227
84.25,1163.0,4.88636
84.4167,1161.0,5.22727
84.5,1309.0,5.28409
84.6667,1385.0,5.22727
84.75,1307.0,4.03409
84.75,1270.0,4.03409
84.75,1386.0,4.03409
84.9167,1326.0,4.03409
85.0,1158.0,5.28409
85.1667,1075.0,5.28409
85.3333,1120.0,5.39773
85.3333,1279.0,5.45454
85.4167,1308.0,5.45454
85.5833,1299.0,5.45454
85.75,1251.0,5.0
85.8333,1290.0,5.34091
86.0,1393.0,5.34091
86.0833,1433.0,5.17045
86.25,1390.0,5.17045
86.4167,1333.0,4.82954
86.4167,1376.0,5.34091
86.5833,1347.0,5.34091
86.75,1272.0,4.94318
86.9167,1228.0,4.94318
87.0833,1181.0,4.94318
87.1667,1152.0,5.11364
87.1667,1156.0,2.55682
87.25,1162.0,2.55682
87.25,1161.0,1.70455
87.25,1155.0,1.70455
87.25,1173.0,1.70455
87.3333,1173.0,1.70455
87.5,1206.0,4.82954
87.6667,1315.0,5.11364
87.8333,1282.0,5.11364
87.9167,1256.0,4.54545
88.0833,1294.0,5.34091
88.25,1352.0,5.11364
88.4167,1353.0,5.11364
88.5833,1284.0,5.11364
88.5833,1201.0,5.05682
88.5833,1151.0,5.05682
88.5833,1210.0,5.05682
88.6667,1273.0,5.05682
88.8333,1306.0,5.05682
88.9167,1353.0,5.39773
89.0833,1342.0,5.17045
89.25,1265.0,5.17045
89.4167,1274.0,5.17045
89.5833,1238.0,5.11364
89.6667,1244.0,5.28409
89.8333,1352.0,5.05682
90.0,1355.0,5.05682
90.0,1254.0,4.65909
90.0,1133.0,4.65909
90.0,1132.0,4.65909
90.1667,1309.0,4.65909
90.3333,1315.0,4.65909
90.5,1220.0,5.0
90.6667,1218.0,5.05682
90.75,1289.0,5.22727
90.9167,1291.0,5.22727
91.0833,1270.0,5.22727
91.25,1178.0,5.22727
91.3333,1125.0,5.17045
91.4167,1253.0,2.5
91.5,1261.0,2.5
91.5,1225.0,2.55682
91.5,1219.0,2.55682
91.6667,1275.0,2.55682
91.75,1341.0,5.11364
91.9167,1342.0,5.11364
92.0833,1374.0,5.11364
92.25,1401.0,5.28409
92.4167,1401.0,5.28409
92.5,1270.0,5.79545
92.5833,1146.0,2.61364
92.6667,1115.0,2.61364
92.6667,1180.0,2.27273
92.6667,1376.0,2.27273
92.75,1377.0,1.02273
92.9167,1304.0,5.05682
93.0,1235.0,5.39773
93.1667,1288.0,5.39773
93.3333,1327.0,5.17045
93.5,1349.0,5.17045
93.5833,1346.0,4.71591
93.75,1312.0,5.11364
93.9167,1276.0,5.11364
93.9167,1278.0,5.22727
93.9167,1300.0,5.22727
94.0,1298.0,5.22727
94.0833,1226.0,0.965909
94.25,1147.0,4.43182
94.4167,1113.0,5.11364
94.5,1122.0,4.77273
94.6667,1388.0,4.77273
94.8333,1497.0,4.77273
95.0,1360.0,5.0
95.1667,1144.0,5.34091
95.25,1138.0,5.0
95.4167,1195.0,5.0
95.5,1352.0,4.375
95.5,1431.0,4.375
95.5,1372.0,4.375
95.6667,1248.0,4.375
95.8333,1265.0,4.88636
96.0,1368.0,4.88636
96.0833,1447.0,5.90909
96.25,1425.0,5.05682
96.4167,1381.0,5.11364
96.5833,1332.0,5.0
96.6667,1308.0,5.45454
96.8333,1299.0,4.94318
96.9167,1291.0,4.43182
97.0,1276.0,4.43182
97.0833,1276.0,1.59091
97.25,1311.0,5.05682
97.4167,1367.0,5.05682
97.5833,1373.0,5.0
97.6667,1346.0,4.88636
97.8333,1347.0,4.88636
98.0,1440.0,4.88636
98.1667,1531.0,4.88636
98.25,1445.0,4.60227
98.4167,1321.0,4.60227
98.5833,1245.0,4.60227
98.6667,1245.0,4.60227
98.8333,1288.0,4.60227
98.9167,1422.0,5.17045
98.9167,1394.0,5.17045
99.0,1317.0,1.25
99.1667,1324.0,4.71591
99.3333,1336.0,4.82954
99.5,1306.0,5.05682
99.5833,1293.0,5.39773
99.75,1333.0,5.34091
99.9167,1413.0,5.17045
100.0,1381.0,4.77273
100.083,1356.0,4.94318
100.25,1387.0,4.94318
100.333,1413.0,4.88636
100.333,1418.0,4.88636
100.333,1391.0,4.88636
100.417,1371.0,0.965909
100.5,1360.0,2.55682
100.667,1364.0,4.60227
100.833,1347.0,4.82954
101.0,1331.0,4.82954
101.083,1308.0,4.60227
101.25,1307.0,4.71591
101.417,1310.0,4.71591
101.583,1313.0,4.71591
101.667,1311.0,4.88636
101.833,1329.0,4.88636
101.833,1351.0,5.56818
102.0,1352.0,5.56818
102.167,1344.0,5.56818
102.333,1320.0,4.88636
102.417,1320.0,4.43182
102.583,1328.0,4.43182
102.75,1374.0,4.65909
102.75,1403.0,5.0
102.833,1387.0,5.0
103.0,1318.0,5.0
103.083,1291.0,4.71591
103.25,1320.0,4.48864
103.333,1321.0,5.17045
103.333,1291.0,5.17045
103.5,1296.0,5.17045
103.583,1295.0,5.56818
103.667,1293.0,5.22727
103.833,1293.0,5.22727
104.0,1306.0,5.11364
104.083,1347.0,4.71591
104.25,1438.0,4.60227
104.417,1451.0,4.60227
104.5,1459.0,4.77273
104.667,1468.0,4.77273
104.667,1454.0,4.48864
104.75,1498.0,4.48864
104.833,1521.0,1.59091
104.917,1391.0,4.48864
105.0,1313.0,4.48864
105.167,1290.0,4.48864
105.333,1291.0,4.48864
105.417,1274.0,4.71591
105.583,1365.0,4.77273
105.583,1452.0,3.92045
105.667,1468.0,3.92045
105.833,1385.0,3.92045
105.917,1325.0,4.48864
106.0,1381.0,4.54545
106.0,1457.0,2.04545
106.0,1484.0,2.04545
106.0,1454.0,2.04545
106.167,1478.0,2.04545
106.25,1498.0,5.11364
106.333,1520.0,2.10227
106.5,1491.0,2.10227
106.583,1368.0,5.11364
106.75,1283.0,4.71591
106.833,1283.0,4.88636
106.917,1289.0,4.09091
107.0,1371.0,2.04545
107.083,1472.0,2.04545
107.167,1396.0,2.44318
107.167,1276.0,2.21591
107.25,1256.0,2.27273
107.25,1372.0,2.27273
107.25,1464.0,2.27273
107.333,1511.0,0.852273
107.417,1499.0,4.375
107.5,1440.0,1.98864
107.667,1456.0,1.98864
107.75,1492.0,3.80682
107.75,1463.0,2.38636
107.833,1434.0,2.21591
107.833,1461.0,2.21591
108.0,1499.0,2.21591
108.083,1523.0,4.60227
108.167,1523.0,4.03409
108.333,1502.0,4.03409
108.333,1478.0,5.28409
108.417,1436.0,5.28409
108.417,1448.0,1.36364
108.583,1514.0,2.21591
108.583,1616.0,4.26136
108.75,1546.0,4.26136
108.833,1523.0,4.31818
109.0,1551.0,4.31818
109.083,1566.0,4.48864
109.25,1501.0,4.48864
109.25,1455.0,4.54545
109.417,1469.0,4.54545
109.5,1524.0,4.43182
109.583,1525.0,3.86364
109.667,1542.0,3.75
109.667,1576.0,3.75
109.667,1595.0,3.75
109.75,1650.0,0.852273
109.833,1655.0,0.852273
109.833,1645.0,2.15909
109.917,1616.0,1.875
110.083,1616.0,1.875
110.167,1522.0,4.94318
110.25,1490.0,3.40909
110.333,1498.0,3.40909
110.333,1500.0,2.04545
110.333,1413.0,2.04545
110.5,1317.0,2.04545
110.5,1355.0,3.97727
110.5,1452.0,3.97727
110.5,1545.0,3.97727
110.5,1585.0,3.97727
110.5,1587.0,3.97727
110.583,1587.0,3.97727
110.75,1639.0,4.09091
110.833,1683.0,4.375
110.917,1649.0,4.03409
111.083,1621.0,4.14773
111.167,1656.0,4.54545
111.25,1758.0,3.86364
111.25,1823.0,3.86364
111.25,1734.0,3.86364
111.333,1696.0,3.86364
111.417,1725.0,0.795454
111.417,1702.0,4.09091
111.417,1628.0,4.09091
111.417,1589.0,4.09091
111.417,1589.0,4.09091
111.5,1572.0,4.09091
111.5,1621.0,0.568182
111.667,1645.0,1.875
111.75,1655.0,4.26136
111.833,1633.0,4.03409
112.0,1566.0,4.03409
112.083,1591.0,4.48864
112.167,1618.0,3.69318
112.333,1622.0,3.69318
112.333,1536.0,4.03409
112.417,1486.0,1.93182
112.583,1504.0,3.57954
112.667,1543.0,4.03409
112.833,1543.0,4.03409
112.833,1577.0,3.63636
112.917,1641.0,1.93182
112.917,1641.0,1.93182
113.0,1667.0,1.93182
113.083,1629.0,4.03409
113.167,1452.0,4.03409
113.25,1445.0,1.76136
113.333,1528.0,3.52273
113.5,1616.0,3.52273
113.583,1704.0,3.63636
113.667,1763.0,3.57954
113.75,1690.0,3.57954
113.833,1606.0,1.875
114.0,1628.0,3.80682
114.083,1709.0,3.92045
114.167,1655.0,3.75
114.25,1522.0,3.97727
114.25,1425.0,3.97727
114.25,1405.0,3.97727
114.333,1423.0,0.965909
114.417,1435.0,3.57954
114.417,1469.0,3.57954
114.583,1503.0,3.57954
114.667,1469.0,4.375
114.75,1505.0,4.31818
114.917,1611.0,4.31818
115.0,1655.0,4.26136
115.083,1667.0,3.57954
115.167,1654.0,3.40909
115.333,1642.0,3.40909
115.417,1631.0,4.31818
115.5,1596.0,3.40909
115.667,1553.0,3.86364
115.75,1553.0,3.97727
115.75,1544.0,3.63636
115.917,1515.0,3.63636
116.0,1608.0,3.29545
116.083,1659.0,4.43182
116.25,1660.0,4.43182
116.333,1677.0,4.48864
116.5,1802.0,4.48864
116.583,1837.0,4.65909
116.583,1890.0,3.75
116.667,1956.0,1.81818
116.833,1921.0,1.81818
116.917,1921.0,4.31818
117.083,1827.0,4.31818
117.167,1806.0,3.80682
117.25,1748.0,3.69318
117.333,1687.0,3.92045
117.5,1615.0,3.75
117.583,1574.0,4.31818
117.583,1581.0,4.31818
117.75,1622.0,4.31818
117.833,1646.0,3.63636
117.917,1628.0,3.52273
118.0,1627.0,3.69318
118.167,1583.0,3.69318
118.25,1507.0,3.40909
118.333,1514.0,3.52273
118.417,1525.0,3.52273
118.5,1551.0,1.70455
118.583,1603.0,3.69318
118.75,1619.0,3.57954
118.833,1628.0,3.52273
118.917,1673.0,3.40909
119.0,1730.0,3.57954
119.167,1766.0,3.57954
119.25,1722.0,3.63636
119.333,1645.0,3.35227
119.417,1643.0,3.52273
119.583,1554.0,3.52273
119.667,1549.0,3.18182
119.75,1572.0,3.46591
119.917,1595.0,3.92045
120.0,1631.0,3.75
120.083,1685.0,3.57954
120.167,1782.0,4.03409
120.333,1818.0,4.03409
120.417,1716.0,3.75
120.5,1563.0,3.52273
120.583,1453.0,3.06818
120.75,1441.0,3.06818
120.833,1449.0,3.69318
120.917,1447.0,3.40909
121.0,1466.0,3.57954
121.167,1608.0,3.52273
121.25,1608.0,3.52273
121.333,1726.0,3.69318
121.417,1722.0,3.86364
121.583,1684.0,3.86364
121.667,1737.0,3.97727
121.75,1783.0,3.97727
121.833,1784.0,3.57954
121.917,1744.0,3.125
122.083,1775.0,3.40909
122.167,1762.0,4.14773
122.25,1641.0,3.40909
122.333,1563.0,3.80682
122.5,1628.0,3.80682
122.583,1674.0,3.35227
122.667,1624.0,3.29545
122.75,1615.0,3.40909
122.917,1624.0,3.40909
123.0,1569.0,3.52273
123.0,1572.0,3.57954
123.083,1597.0,1.81818
123.167,1630.0,3.18182
123.333,1690.0,3.18182
123.417,1664.0,3.63636
123.5,1639.0,3.29545
123.583,1655.0,3.63636
123.667,1684.0,3.63636
123.75,1725.0,1.59091
123.833,1779.0,3.69318
123.917,1740.0,3.29545
124.083,1686.0,3.29545
124.083,1677.0,3.35227
124.25,1658.0,3.35227
124.333,1646.0,3.69318
124.417,1627.0,3.35227
124.417,1666.0,3.06818
124.5,1771.0,1.53409
124.667,1831.0,3.40909
124.75,1838.0,3.57954
124.833,1825.0,3.40909
124.917,1817.0,2.89773
125.0,1778.0,3.92045
125.083,1812.0,2.89773
125.167,1865.0,3.63636
125.25,1865.0,3.29545
125.333,1795.0,3.01136
125.5,1759.0,3.01136
125.583,1734.0,3.35227
125.667,1729.0,2.89773
125.75,1785.0,3.35227
125.833,1769.0,3.35227
125.917,1699.0,3.01136
126.0,1694.0,3.23864
126.083,1759.0,3.01136
126.167,1848.0,3.46591
126.25,1853.0,2.84091
126.333,1830.0,3.125
126.5,1816.0,3.125
126.583,1810.0,3.18182
126.667,1735.0,3.06818
126.75,1704.0,2.61364
126.833,1705.0,3.52273
126.917,1701.0,3.52273
127.0,1657.0,2.89773
127.083,1622.0,2.84091
127.083,1581.0,2.84091
127.083,1568.0,2.84091
127.167,1652.0,0.965909
127.25,1700.0,3.23864
127.25,1701.0,3.23864
127.333,1835.0,1.47727
127.417,1890.0,2.84091
127.417,1801.0,2.84091
127.5,1735.0,1.42045
127.5,1699.0,1.42045
127.5,1675.0,1.42045
127.5,1669.0,1.42045
127.5,1663.0,1.42045
127.583,1669.0,0.568182
127.667,1672.0,2.78409
127.75,1824.0,2.78409
127.75,1911.0,2.10227
127.833,1933.0,2.10227
127.917,1931.0,1.47727
128.0,1927.0,3.35227
128.083,1918.0,2.78409
128.167,1910.0,2.61364
128.167,1910.0,2.95454
128.167,1907.0,2.95454
128.333,1906.0,2.95454
128.333,1782.0,2.84091
128.417,1674.0,2.61364
128.5,1665.0,2.32954
128.583,1695.0,2.72727
128.667,1722.0,2.72727
128.75,1746.0,2.15909
128.833,1819.0,2.89773
128.833,1948.0,2.15909
128.833,1961.0,2.15909
128.833,2157.0,2.15909
128.917,2165.0,0.795454
128.917,2099.0,0.795454
128.917,2026.0,0.795454
129.0,1922.0,1.07955
129.083,1774.0,2.32954
129.083,1714.0,2.32954
129.167,1718.0,2.32954
129.25,1755.0,1.19318
129.25,1758.0,2.44318
129.333,1703.0,2.10227
129.417,1702.0,2.5
129.5,1724.0,2.5
129.583,1758.0,2.15909
129.583,1853.0,2.15909
129.583,1982.0,2.15909
129.667,2141.0,2.15909
129.75,2229.0,1.07955
129.75,2216.0,2.15909
129.75,2194.0,2.15909
129.833,2135.0,2.15909
129.833,2049.0,1.07955
129.833,1877.0,1.07955
129.917,1748.0,1.07955
130.0,1641.0,0.965909
130.0,1559.0,2.10227
130.0,1501.0,2.10227
130.0,1517.0,2.10227
130.0,1518.0,2.10227
130.083,1485.0,0.681818
130.167,1485.0,0.681818
130.167,1493.0,1.93182
130.167,1594.0,1.93182
130.167,1605.0,1.93182
130.167,1591.0,1.93182
130.25,1569.0,1.93182
130.25,1606.0,0.568182
130.333,1620.0,1.81818
130.333,1609.0,1.81818
130.333,1582.0,1.81818
130.417,1582.0,1.81818
130.417,1591.0,0.738636
130.5,1822.0,0.738636
130.5,1967.0,1.76136
130.583,1976.0,1.47727
130.583,1875.0,1.47727
130.667,1826.0,1.64773
130.667,1838.0,1.64773
130.75,1870.0,1.53409
130.75,1908.0,1.53409
130.833,1912.0,1.36364
130.917,1922.0,1.36364
130.917,1929.0,1.81818
131.0,1900.0,1.81818
131.0,1827.0,1.25
131.083,1825.0,1.25
131.083,1755.0,1.53409
131.167,1696.0,1.53409
131.167,1596.0,1.47727
131.25,1606.0,1.47727
131.25,1662.0,1.36364
131.333,1742.0,1.36364
131.333,1799.0,1.36364
131.417,1752.0,1.36364
131.417,1734.0,1.30682
131.417,1713.0,1.30682
131.5,1695.0,1.30682
131.5,1733.0,1.30682
131.583,1766.0,1.25
131.583,1768.0,1.25
131.667,1878.0,1.25
131.667,1950.0,1.19318
131.667,1950.0,1.19318
131.75,1950.0,1.19318
131.75,1920.0,1.19318
131.833,1862.0,1.19318
131.833,1816.0,1.13636
131.833,1835.0,1.13636
131.917,1820.0,1.07955
131.917,1779.0,1.07955
131.917,1726.0,1.07955
132.0,1748.0,1.02273
132.0,1794.0,1.02273
132.0,1820.0,1.02273
132.083,1820.0,0.909091
132.083,1888.0,0.909091
132.083,1927.0,0.909091
132.167,1984.0,0.909091
132.167,2045.0,0.909091
132.167,2029.0,0.909091
132.25,1844.0,0.909091
132.25,1788.0,0.909091
132.25,1784.0,0.909091
132.333,1791.0,0.909091
132.333,1818.0,0.852273
132.333,1830.0,0.852273
132.333,1825.0,0.852273
132.417,1815.0,0.852273
132.417,1817.0,0.738636
132.417,1814.0,0.738636
132.417,1815.0,0.738636
132.5,1840.0,0.738636
132.5,1885.0,0.681818
132.5,1955.0,0.681818
132.5,1892.0,0.681818
132.5,1837.0,0.681818
132.5,1797.0,0.681818
132.583,1729.0,0.568182
132.583,1715.0,0.568182
132.583,1683.0,0.568182
132.583,1635.0,0.568182
132.583,1596.0,0.568182
132.583,1573.0,0.568182
132.667,1573.0,0.568182
132.667,1588.0,0.454545
132.667,1611.0,0.454545
132.667,1611.0,0.454545
132.667,1673.0,0.454545
132.667,1672.0,0.454545
132.667,1642.0,0.454545
132.667,1633.0,0.454545
132.667,1659.0,0.454545
132.667,1622.0,0.454545
132.667,1547.0,0.454545
132.667,1480.0,0.454545
132.667,1463.0,0.454545
132.667,1453.0,0.454545
132.667,1455.0,0.454545
132.667,1455.0,0.454545
132.667,1438.0,0.454545
132.667,1308.0,0.454545
132.667,1197.0,0.454545
132.667,1124.0,0.454545
132.667,1096.0,0.454545
132.667,1107.0,0.454545
132.667,1131.0,0.454545
132.667,1118.0,0.454545
132.667,1077.0,0.454545
132.667,1030.0,0.454545
132.667,963.0,0.454545
132.667,958.0,0.454545
132.667,930.0,0.454545
132.667,913.0,0.454545
132.667,894.0,0.454545
132.667,875.0,0.454545
132.667,846.0,0.454545
132.667,794.0,0.454545
132.667,696.0,0.454545
132.667,550.0,0.454545
132.667,508.0,0.454545
132.667,492.0,0.454545
132.667,493.0,0.454545
132.667,500.0,0.454545
132.667,492.0,0.454545
132.667,491.0,0.454545
132.667,470.0,0.454545
132.667,440.0,0.454545
132.667,383.0,0.454545
132.667,383.0,0.454545
132.667,358.0,0.454545
132.667,358.0,0.454545
132.667,375.0,0.454545
132.667,394.0,0.454545
132.667,376.0,0.454545
132.667,345.0,0.454545
132.667,323.0,0.454545
132.667,311.0,0.454545
132.667,311.0,0.454545
132.667,323.0,0.454545
132.667,323.0,0.0
132.667,331.0,0.0
132.667,319.0,0.0
132.667,301.0,0.0
132.667,288.0,0.0
132.667,276.0,0.0
132.667,278.0,0.0
132.667,309.0,0.0
132.667,340.0,0.0
132.667,364.0,0.0
132.667,355.0,0.0
132.667,286.0,0.0
132.667,263.0,0.0
132.667,248.0,0.0
132.667,248.0,0.0
132.667,261.0,0.0
132.667,276.0,0.0
132.667,291.0,0.0
132.667,297.0,0.0
132.667,283.0,0.0
132.667,264.0,0.0
132.667,245.0,0.0
132.667,229.0,0.0
132.667,209.0,0.0
132.667,205.0,0.0
132.667,205.0,0.0
132.667,206.0,0.0
132.667,200.0,0.0
132.667,176.0,0.0
132.667,150.0,0.0
132.667,138.0,0.0
132.667,139.0,0.0
132.667,139.0,0.0
132.667,178.0,0.0
132.667,250.0,0.0
132.667,313.0,0.0
132.667,366.0,0.0
132.667,389.0,0.0
132.667,345.0,0.0
132.667,279.0,0.0
132.667,209.0,0.0
132.667,178.0,0.0
132.667,126.0,0.0
132.667,129.0,0.0
132.667,151.0,0.0
132.667,193.0,0.0
132.667,251.0,0.0
132.667,288.0,0.0
132.667,250.0,0.0
132.667,201.0,0.0
132.667,161.0,0.0
132.667,116.0,0.0
132.667,112.0,0.0
132.667,133.0,0.0
132.667,168.0,0.0
132.667,203.0,0.0
132.667,214.0,0.0
132.667,202.0,0.0
132.667,186.0,0.0
132.667,172.0,0.0
132.667,170.0,0.0
132.667,183.0,0.0
132.667,199.0,0.0
132.667,214.0,0.0
132.667,228.0,0.0
132.667,215.0,0.0
132.667,196.0,0.0
132.667,180.0,0.0
132.667,173.0,0.0
132.667,175.0,0.0
132.667,174.0,0.0
132.667,181.0,0.0
132.667,185.0,0.0
132.667,184.0,0.0
132.667,179.0,0.0
132.667,179.0,0.0
132.667,174.0,0.0
132.667,171.0,0.0
132.667,167.0,0.0
132.667,168.0,0.0
132.667,170.0,0.0
132.667,172.0,0.0
132.667,174.0,0.0
132.667,169.0,0.0
132.667,166.0,0.0
132.667,165.0,0.0
132.667,162.0,0.0
132.667,162.0,0.0
132.667,164.0,0.0
132.667,166.0,0.0
132.667,166.0,0.0
132.667,165.0,0.0
132.667,163.0,0.0
132.667,162.0,0.0
132.667,161.0,0.0
132.667,163.0,0.0
132.667,165.0,0.0
132.667,166.0,0.0
132.667,165.0,0.0
132.667,165.0,0.0
132.667,164.0,0.0
132.667,162.0,0.0
132.667,162.0,0.0
132.667,163.0,0.0
132.667,164.0,0.0
132.667,163.0,0.0
132.667,163.0,0.0
132.667,162.0,0.0
132.667,162.0,0.0
132.667,161.0,0.0
132.667,160.0,0.0
132.667,159.0,0.0
132.667,160.0,0.0
132.667,160.0,0.0
132.667,161.0,0.0
132.667,161.0,0.0
132.667,161.0,0.0
132.667,161.0,0.0
132.667,161.0,0.0
132.667,160.0,0.0
132.667,159.0,0.0
132.667,159.0,0.0
132.667,158.0,0.0
132.667,159.0,0.0
132.667,158.0,0.0
132.667,160.0,0.0
132.667,159.0,0.0
132.667,160.0,0.0
132.667,158.0,0.0
132.667,160.0,0.0
132.667,158.0,0.0
132.667,158.0,0.0
132.667,159.0,0.0
132.667,158.0,0.0
132.667,159.0,0.0
132.667,157.0,0.0
132.667,158.0,0.0
132.667,157.0,0.0
132.667,159.0,0.0
132.667,158.0,0.0
132.667,156.0,0.0
132.667,158.0,0.0
132.667,156.0,0.0
132.667,157.0,0.0
132.667,154.0,0.0
132.667,154.0,0.0
132.667,151.0,0.0
132.667,148.0,0.0
132.667,149.0,0.0
132.667,147.0,0.0
132.667,152.0,0.0
132.667,150.0,0.0
132.667,148.0,0.0
132.667,150.0,0.0
132.667,145.0,0.0
132.667,144.0,0.0
132.667,144.0,0.0
132.667,143.0,0.0
132.667,147.0,0.0
132.667,145.0,0.0
132.667,145.0,0.0
132.667,148.0,0.0
132.667,147.0,0.0
132.667,145.0,0.0
132.667,142.0,0.0
132.667,142.0,0.0
132.667,145.0,0.0
132.667,144.0,0.0
132.667,141.0,0.0
132.667,142.0,0.0
132.667,142.0,0.0
132.667,143.0,0.0
132.667,140.0,0.0
132.667,140.0,0.0
132.667,141.0,0.0
132.667,141.0,0.0
132.667,140.0,0.0
132.667,141.0,0.0
132.667,142.0,0.0
132.667,143.0,0.0
132.667,141.0,0.0
132.667,140.0,0.0
132.667,142.0,0.0
132.667,141.0,0.0
132.667,140.0,0.0
132.667,141.0,0.0
132.667,142.0,0.0
132.667,141.0,0.0
132.667,140.0,0.0
132.667,140.0,0.0
132.667,139.0,0.0
132.667,139.0,0.0
132.667,138.0,0.0
132.667,139.0,0.0
132.667,140.0,0.0
132.667,140.0,0.0
132.667,142.0,0.0
132.667,142.0,0.0
132.667,142.0,0.0
132.667,140.0,0.0
132.667,141.0,0.0
132.667,140.0,0.0
132.667,140.0,0.0
132.667,140.0,0.0
132.667,138.0,0.0
132.667,140.0,0.0
132.667,140.0,0.0
132.667,140.0,0.0
132.667,140.0,0.0
132.667,141.0,0.0
132.667,138.0,0.0
132.667,134.0,0.0
132.667,132.0,0.0
132.667,132.0,0.0
132.667,133.0,0.0
132.667,136.0,0.0
132.667,142.0,0.0
132.667,146.0,0.0
132.667,147.0,0.0
132.667,148.0,0.0
132.667,148.0,0.0
132.667,148.0,0.0
132.667,147.0,0.0
132.667,150.0,0.0
132.667,149.0,0.0
132.667,147.0,0.0
132.667,146.0,0.0
132.667,144.0,0.0
132.667,143.0,0.0
132.667,140.0,0.0
132.667,141.0,0.0
132.667,142.0,0.0
132.667,142.0,0.0
132.667,141.0,0.0
132.667,142.0,0.0
132.667,140.0,0.0
132.667,139.0,0.0
132.667,140.0,0.0
132.667,141.0,0.0
132.667,138.0,0.0
132.667,139.0,0.0
132.667,138.0,0.0
132.667,136.0,0.0
132.667,136.0,0.0
132.667,137.0,0.0
132.667,137.0,0.0
132.667,137.0,0.0
132.667,135.0,0.0
132.667,137.0,0.0
132.667,139.0,0.0
132.667,138.0,0.0
132.667,138.0,0.0
132.667,138.0,0.0
132.667,138.0,0.0
132.667,136.0,0.0
132.667,136.0,0.0
132.667,137.0,0.0
132.667,134.0,0.0
132.667,134.0,0.0
132.667,135.0,0.0
132.667,135.0,0.0
132.667,135.0,0.0
132.667,136.0,0.0
132.667,137.0,0.0
132.667,138.0,0.0
132.667,137.0,0.0
132.667,139.0,0.0
132.667,138.0,0.0
132.667,137.0,0.0
132.667,138.0,0.0
132.667,137.0,0.0
132.667,137.0,0.0
132.667,138.0,0.0
132.667,137.0,0.0
132.667,137.0,0.0
132.667,136.0,0.0
132.667,137.0,0.0
132.667,136.0,0.0
132.667,134.0,0.0
132.667,132.0,0.0
132.667,120.0,0.0
132.667,114.0,0.0
132.667,110.0,0.0
132.667,109.0,0.0
132.667,99.0,0.0
132.667,86.0,0.0
132.667,77.0,0.0
132.667,46.0,0.0
132.667,46.0,0.0
132.667,21.0,0.0
132.667,3.0,0.0
132.667,7.0,0.0
132.667,10.0,0.0
132.667,9.0,0.0
132.667,9.0,0.0
132.667,11.0,0.0
132.667,11.0,0.0
132.667,9.0,0.0
132.667,7.0,0.0
132.667,9.0,0.0
132.667,11.0,0.0
132.667,13.0,0.0
132.667,14.0,0.0
132.667,20.0,0.0
132.667,23.0,0.0
132.667,24.0,0.0
132.667,22.0,0.0
132.667,19.0,0.0
132.667,18.0,0.0
132.667,19.0,0.0
132.667,23.0,0.0
132.667,28.0,0.0
132.667,34.0,0.0
132.667,38.0,0.0
132.667,38.0,0.0
132.667,36.0,0.0
132.667,30.0,0.0
132.667,28.0,0.0
132.667,27.0,0.0
132.667,29.0,0.0
132.667,33.0,0.0
132.667,37.0,0.0
132.667,39.0,0.0
132.667,38.0,0.0
132.667,38.0,0.0
132.667,37.0,0.0
132.667,38.0,0.0
132.667,40.0,0.0
