0.0,0.0,0.0
0.0,0.0,0.0
0.0,0.0,0.0
0.0,0.0,0.0
0.0,0.0,0.0
0.0,0.0,0.0
0.0,0.0,0.0
0.0,0.0,0.0
0.0,0.0,0.0
0.0,0.0,0.0
0.0,0.0,0.0
0.0,0.0,0.0
0.0,0.0,0.0
0.0,0.0,0.0
0.0,0.0,0.0
0.0,0.0,0.0
0.0,0.0,0.0
0.0,0.0,0.0
0.0,0.0,0.0
0.0,0.0,0.0
0.0,0.0,0.0
0.0,0.0,0.0
0.0,0.0,0.0
0.0,0.0,0.0
0.0,0.0,0.0
0.0,0.0,0.0
0.0,0.0,0.0
0.0,0.0,0.0
0.0,0.0,0.0
0.0,0.0,0.0
0.0,0.0,0.0
0.0,0.0,0.0
0.0,0.0,0.0
0.0,0.0,0.0
0.0,0.0,0.0
0.0,0.0,0.0
0.0,0.0,0.0
0.0,0.0,0.0
0.0,0.0,0.0
0.0,0.0,0.0
0.0,0.0,0.0
0.0,0.0,0.0
0.0,0.0,0.0
0.0,0.0,0.0
0.0,0.0,0.0
0.0,0.0,0.0
0.0,0.0,0.0
0.0,0.0,0.0
0.0,0.0,0.0
0.0,0.0,0.0
0.0,0.0,0.0
0.0,0.0,0.0
0.0,0.0,0.0
0.0,0.0,0.0
0.0,0.0,0.0
0.0,0.0,0.0
0.0,0.0,0.0
0.0,0.0,0.0
0.0,0.0,0.0
0.0,0.0,0.0
0.0,0.0,0.0
0.0,0.0,0.0
0.0,0.0,0.0
0.0,0.0,0.0
0.0,0.0,0.0
0.0,0.0,0.0
0.0,0.0,0.0
0.0,0.0,0.0
0.0,0.0,0.0
0.0,0.0,0.0
0.0,0.0,0.0
0.0,0.0,0.0
0.0,0.0,0.0
0.0,0.0,0.0
0.0,0.0,0.0
0.0,0.0,0.0
0.0,0.0,0.0
0.0,0.0,0.0
0.0,0.0,0.0
0.0,0.0,0.0
0.0,0.0,0.0
0.0,0.0,0.0
0.0,0.0,0.0
0.0,0.0,0.0
0.0,0.0,0.0
0.0,0.0,0.0
0.0,0.0,0.0
0.0,0.0,0.0
0.0,0.0,0.0
0.0,0.0,0.0
0.0,0.0,0.0
0.0,0.0,0.0
0.0,0.0,0.0
0.0,0.0,0.0
0.0,0.0,0.0
0.0,0.0,0.0
0.0,0.0,0.0
0.0,0.0,0.0
0.0,0.0,0.0
0.0,0.0,0.0
0.0,0.0,0.0
0.0,0.0,0.0
0.0,0.0,0.0
0.0,0.0,0.0
0.0,0.0,0.0
0.0,0.0,0.0
0.0,0.0,0.0
0.0,0.0,0.0
0.0,0.0,0.0
0.0,0.0,0.0
0.0,0.0,0.0
0.0,0.0,0.0
0.0,0.0,0.0
0.0,0.0,0.0
0.0,0.0,0.0
0.0,0.0,0.0
0.0,0.0,0.0
0.0,0.0,0.0
0.0,0.0,0.0
0.0,0.0,0.0
0.0,0.0,0.0
0.0,0.0,0.0
0.0,0.0,0.0
0.0,0.0,0.0
0.0,0.0,0.0
0.0,0.0,0.0
0.0,0.0,0.0
0.0,0.0,0.0
0.0,0.0,0.0
0.0,0.0,0.0
0.0,0.0,0.0
0.0,0.0,0.0
0.0,0.0,0.0
0.0,0.0,0.0
0.0,0.0,0.0
0.0,0.0,0.0
0.0,0.0,0.0
0.0,0.0,0.0
0.0,0.0,0.0
0.0,0.0,0.0
0.0,0.0,0.0
0.0,0.0,0.0
0.0,0.0,0.0
0.0,0.0,0.0
0.0,0.0,0.0
0.0,0.0,0.0
0.0,0.0,0.0
0.0,0.0,0.0
0.0,0.0,0.0
0.0,0.0,0.0
0.0,0.0,0.0
0.0,0.0,0.0
0.0,0.0,0.0
0.0,0.0,0.0
0.0,0.0,0.0
0.0,0.0,0.0
0.0,0.0,0.0
0.0,0.0,0.0
0.0,0.0,0.0
0.0,0.0,0.0
0.0,0.0,0.0
0.0,0.0,0.0
0.0,0.0,0.0
0.0,0.0,0.0
0.0,0.0,0.0
0.0,168.0,0.0
0.0,490.0,0.0
0.0,491.0,0.0
0.0,491.0,0.0
0.0,411.0,0.0
0.0,395.0,0.0
0.0,532.0,0.0
0.0,561.0,0.0
0.0,483.0,0.0
0.0,421.0,0.0
0.0,491.0,0.0
0.0,548.0,0.0
0.0,589.0,0.0
0.0,625.0,0.0
0.0,719.0,0.0
0.0,765.0,0.0
0.0,805.0,0.0
0.0,806.0,0.0
0.0,910.0,0.0
0.0,986.0,0.0
0.0,1026.0,0.0
0.0,1050.0,0.0
0.0,1109.0,0.0
0.0,1231.0,0.0
0.0,1339.0,0.0
0.0,1452.0,0.0
0.0,1562.0,0.0
0.0,1730.0,0.0
0.0,1800.0,0.0
0.0,1851.0,0.0
0.0,1878.0,0.0
0.0,1867.0,0.0
0.0,1854.0,0.227273
0.0,1865.0,0.227273
0.0833333,1894.0,0.227273
0.0833333,1923.0,0.0
0.0833333,1955.0,0.0
0.0833333,1924.0,0.0
0.0833333,1833.0,0.0
0.0833333,1727.0,0.0
0.0833333,1561.0,0.0
0.0833333,1468.0,0.0
0.0833333,1425.0,0.0
0.0833333,1423.0,0.0
0.0833333,1436.0,0.0
0.0833333,1467.0,0.0
0.166667,1467.0,0.0
0.166667,1495.0,0.227273
0.166667,1548.0,0.227273
0.166667,1575.0,0.227273
0.25,1558.0,0.852273
0.25,1527.0,0.852273
0.25,1519.0,0.852273
0.333333,1524.0,0.909091
0.333333,1549.0,0.909091
0.333333,1553.0,0.909091
0.416667,1539.0,0.909091
0.416667,1518.0,0.909091
0.416667,1464.0,0.909091
0.416667,1410.0,0.909091
0.416667,1281.0,0.909091
0.416667,1176.0,0.909091
0.416667,1080.0,0.909091
0.416667,918.0,0.909091
0.416667,842.0,0.909091
0.416667,798.0,0.909091
0.416667,748.0,0.909091
0.5,652.0,0.284091
0.5,553.0,0.284091
0.583333,485.0,0.284091
0.583333,403.0,0.965909
0.583333,297.0,0.965909
0.666667,140.0,0.965909
0.666667,132.0,0.965909
0.666667,58.0,0.965909
0.75,20.0,0.965909
0.75,18.0,0.909091
0.75,32.0,0.909091
0.75,33.0,0.909091
0.833333,20.0,0.795454
0.833333,1.0,0.795454
0.833333,0.0,0.795454
0.833333,0.0,0.795454
0.916667,0.0,0.738636
0.916667,0.0,0.738636
0.916667,0.0,0.738636
0.916667,0.0,0.738636
1.0,0.0,0.738636
1.0,0.0,0.738636
1.0,0.0,0.738636
1.0,39.0,0.738636
1.0,108.0,0.738636
1.08333,127.0,0.568182
1.08333,127.0,0.568182
1.08333,135.0,0.568182
1.08333,214.0,0.568182
1.16667,269.0,0.568182
1.16667,311.0,0.625
1.16667,354.0,0.625
1.16667,417.0,0.625
1.16667,442.0,0.625
1.16667,458.0,0.625
1.25,461.0,0.511364
1.25,505.0,0.511364
1.25,569.0,0.511364
1.25,548.0,0.511364
1.25,545.0,0.511364
1.25,581.0,0.511364
1.33333,719.0,0.511364
1.33333,798.0,0.397727
1.33333,846.0,0.397727
1.33333,895.0,0.397727
1.33333,1000.0,0.397727
1.33333,1170.0,0.397727
1.33333,1293.0,0.397727
1.41667,1415.0,0.454545
1.41667,1418.0,0.454545
1.41667,1756.0,0.454545
1.41667,1913.0,0.454545
1.5,2026.0,0.454545
1.5,2115.0,0.625
1.5,2199.0,0.625
1.5,2232.0,0.625
1.5,2277.0,0.625
1.58333,2331.0,0.625
1.58333,2332.0,0.625
1.66667,2190.0,0.625
1.66667,2054.0,1.07955
1.66667,1981.0,1.07955
1.75,1935.0,1.07955
1.75,1935.0,0.795454
1.75,1878.0,0.795454
1.83333,1833.0,1.02273
1.83333,1805.0,1.02273
1.83333,1772.0,1.02273
1.91667,1805.0,1.07955
1.91667,1914.0,1.07955
2.0,2029.0,1.07955
2.0,2047.0,1.13636
2.08333,1914.0,1.13636
2.08333,1938.0,1.47727
2.08333,2002.0,1.47727
2.16667,1999.0,1.07955
2.16667,1925.0,1.07955
2.16667,1850.0,1.07955
2.16667,1866.0,1.07955
2.16667,1886.0,1.07955
2.25,1844.0,1.07955
2.25,1772.0,0.511364
2.25,1780.0,0.511364
2.33333,1839.0,1.13636
2.41667,1855.0,1.13636
2.41667,1756.0,2.21591
2.5,1770.0,1.64773
2.5,1846.0,1.64773
2.5,1918.0,1.64773
2.5,1938.0,1.64773
2.5,1945.0,1.64773
2.58333,1912.0,0.568182
2.58333,1876.0,0.568182
2.58333,1860.0,0.568182
2.66667,1823.0,0.965909
2.75,1743.0,0.965909
2.75,1672.0,1.875
2.83333,1649.0,2.10227
2.91667,1684.0,2.27273
3.0,1699.0,2.27273
3.08333,1710.0,2.38636
3.16667,1728.0,2.44318
3.16667,1734.0,2.38636
3.25,1772.0,2.5
3.33333,1771.0,2.15909
3.41667,1843.0,2.67045
3.41667,1843.0,2.67045
3.5,1882.0,2.67045
3.58333,1913.0,1.19318
3.58333,1916.0,2.55682
3.58333,1855.0,2.55682
3.66667,1770.0,1.25
3.75,1712.0,3.35227
3.75,1635.0,3.35227
3.75,1609.0,3.35227
3.75,1593.0,3.35227
3.83333,1515.0,0.625
3.91667,1477.0,0.625
4.0,1500.0,2.95454
4.0,1499.0,2.95454
4.08333,1485.0,2.95454
4.16667,1517.0,1.36364
4.25,1556.0,2.95454
4.33333,1607.0,3.06818
4.41667,1632.0,3.06818
4.5,1694.0,3.35227
4.58333,1677.0,3.18182
4.66667,1638.0,3.125
4.83333,1650.0,3.125
4.91667,1641.0,3.125
4.91667,1441.0,3.35227
5.0,1363.0,3.35227
5.08333,1314.0,3.75
5.16667,1313.0,3.06818
5.25,1145.0,2.67045
5.33333,1137.0,3.40909
5.41667,1133.0,3.40909
5.5,1060.0,1.875
5.5,968.0,3.23864
5.5,948.0,3.23864
5.5,995.0,3.23864
5.5,1037.0,3.23864
5.58333,1028.0,3.23864
5.66667,1018.0,4.09091
5.75,995.0,3.35227
5.91667,960.0,3.35227
6.0,925.0,3.52273
6.08333,931.0,3.69318
6.16667,931.0,3.52273
6.33333,946.0,3.35227
6.41667,936.0,3.23864
6.5,900.0,3.40909
6.58333,796.0,3.23864
6.66667,843.0,3.52273
6.83333,807.0,3.35227
6.91667,641.0,3.06818
7.0,464.0,3.52273
7.08333,333.0,3.86364
7.08333,236.0,3.86364
7.25,135.0,3.86364
7.33333,47.0,3.35227
7.41667,0.0,3.75
7.5,0.0,4.03409
7.58333,0.0,3.35227
7.66667,0.0,3.40909
7.75,0.0,2.78409
7.91667,0.0,3.01136
8.0,0.0,3.57954
8.08333,0.0,3.125
8.16667,0.0,3.40909
8.33333,0.0,3.46591
8.33333,0.0,3.46591
8.41667,0.0,3.46591
8.5,0.0,1.59091
8.5,0.0,3.125
8.5,0.0,3.125
8.58333,0.0,1.02273
8.66667,0.0,3.40909
8.75,0.0,3.18182
8.83333,0.0,3.18182
8.83333,0.0,1.53409
8.91667,0.0,1.53409
8.91667,0.0,1.42045
9.08333,0.0,2.67045
9.16667,0.0,3.63636
9.16667,0.0,2.95454
9.16667,0.0,2.95454
9.25,0.0,2.95454
9.33333,0.0,0.909091
9.41667,0.0,2.89773
9.5,0.0,2.55682
9.58333,0.0,2.89773
9.66667,0.0,2.78409
9.66667,0.0,2.61364
9.75,0.0,2.61364
9.75,0.0,2.61364
9.83333,0.0,2.61364
9.91667,0.0,3.125
10.0,0.0,3.125
10.0833,0.0,2.5
10.1667,0.0,2.38636
10.1667,0.0,2.61364
10.25,0.0,1.93182
10.3333,0.0,2.78409
10.4167,0.0,2.78409
10.5,0.0,2.27273
10.5833,0.0,2.72727
10.5833,0.0,2.10227
10.6667,0.0,2.38636
10.75,0.0,2.38636
10.8333,0.0,1.98864
10.9167,0.0,2.15909
10.9167,0.0,2.55682
11.0,0.0,2.04545
11.0,0.0,2.04545
11.0833,0.0,2.04545
11.0833,0.0,1.07955
11.1667,0.0,2.04545
11.25,0.0,2.04545
11.25,0.0,1.875
11.3333,0.0,2.27273
11.4167,0.0,2.27273
11.4167,0.0,1.98864
11.5,0.0,1.81818
11.5833,0.0,2.21591
11.6667,0.0,2.21591
11.6667,0.0,1.98864
11.75,0.0,1.93182
11.8333,0.0,1.93182
11.8333,0.0,2.04545
11.8333,0.0,2.04545
11.9167,0.0,2.04545
12.0,0.0,0.965909
12.0,4609.0,2.10227
12.0833,4609.0,2.44318
12.1667,3999.0,2.10227
12.25,2451.0,2.10227
12.3333,1466.0,2.95454
12.4167,2371.0,2.95454
12.4167,3073.0,2.04545
12.4167,2425.0,2.04545
12.4167,1703.0,2.04545
12.4167,1737.0,2.04545
12.4167,1995.0,2.04545
12.5,1475.0,2.04545
12.5,1133.0,0.454545
12.5,1348.0,0.454545
12.5833,1888.0,1.25
12.6667,1952.0,2.5
12.6667,1747.0,2.5
12.6667,1711.0,2.5
12.75,1840.0,0.852273
12.75,1761.0,0.852273
12.75,1624.0,0.852273
12.75,1595.0,0.852273
12.8333,1602.0,0.852273
12.9167,1417.0,0.681818
13.0,1382.0,2.78409
13.0833,1489.0,2.72727
13.1667,1575.0,2.44318
13.25,1767.0,3.57954
13.3333,1746.0,2.67045
13.4167,1747.0,3.23864
13.4167,1816.0,3.23864
13.4167,1854.0,3.23864
13.4167,1681.0,3.23864
13.4167,1494.0,3.23864
13.5,1324.0,3.23864
13.5,1222.0,0.511364
13.5,1230.0,0.511364
13.5833,1226.0,1.36364
13.6667,1171.0,1.36364
13.75,1129.0,1.64773
13.75,1143.0,3.06818
13.75,1150.0,3.06818
13.8333,1049.0,3.06818
13.9167,1049.0,3.69318
14.0,941.0,3.18182
14.0833,823.0,3.125
14.1667,585.0,2.61364
14.25,478.0,3.18182
14.4167,396.0,3.18182
14.5,345.0,3.35227
14.5,357.0,3.18182
14.5,381.0,3.18182
14.5833,374.0,3.18182
14.6667,348.0,1.02273
14.75,312.0,3.125
14.8333,297.0,3.52273
14.9167,297.0,2.89773
14.9167,197.0,2.89773
15.0,120.0,1.47727
15.0,64.0,1.47727
15.0833,93.0,1.30682
15.1667,115.0,3.35227
15.25,88.0,2.84091
15.3333,17.0,2.84091
15.4167,0.0,2.95454
15.5,0.0,2.84091
15.5,0.0,2.84091
15.5833,0.0,1.25
15.6667,0.0,3.35227
15.75,0.0,2.95454
15.8333,0.0,2.67045
15.9167,0.0,2.72727
15.9167,0.0,2.72727
15.9167,0.0,2.72727
16.0,0.0,2.72727
16.0833,0.0,0.909091
16.1667,0.0,2.5
16.1667,0.0,2.5
16.25,118.0,2.5
16.3333,229.0,2.72727
16.4167,243.0,2.38636
16.5,140.0,2.38636
16.5833,164.0,2.38636
16.6667,285.0,2.61364
16.75,283.0,2.44318
16.75,419.0,2.67045
16.8333,419.0,2.32954
16.9167,502.0,2.5
16.9167,588.0,2.5
17.0,693.0,1.30682
17.0,800.0,1.30682
17.0,987.0,1.30682
17.0833,1077.0,1.30682
17.1667,1156.0,0.909091
17.25,1222.0,2.44318
17.3333,1320.0,2.61364
17.3333,1401.0,2.44318
17.4167,1481.0,2.44318
17.4167,1527.0,1.42045
17.5833,1506.0,2.61364
17.6667,1455.0,3.23864
17.6667,1483.0,2.61364
17.6667,1523.0,2.61364
17.8333,1564.0,2.61364
17.8333,1651.0,3.40909
18.0,1656.0,3.40909
18.0833,1641.0,3.06818
18.1667,1652.0,2.72727
18.1667,1667.0,3.01136
18.1667,1691.0,3.01136
18.25,1685.0,3.01136
18.3333,1682.0,1.02273
18.4167,1681.0,3.57954
18.5,1700.0,2.84091
18.5833,1759.0,3.29545
18.6667,1841.0,3.29545
18.8333,1790.0,3.29545
18.9167,1639.0,3.75
19.0,1606.0,3.23864
19.0,1662.0,3.23864
19.0833,1707.0,1.64773
19.25,1632.0,3.23864
19.3333,1461.0,4.20454
19.4167,1415.0,3.40909
19.5,1449.0,3.35227
19.6667,1498.0,3.57954
19.75,1543.0,3.92045
19.8333,1551.0,3.46591
19.8333,1505.0,3.46591
19.9167,1505.0,1.76136
20.0,1466.0,1.76136
20.0833,1468.0,3.75
20.25,1411.0,3.75
20.3333,1344.0,4.03409
20.4167,1302.0,3.52273
20.5833,1239.0,3.57954
20.6667,1171.0,4.14773
20.75,1146.0,3.69318
20.9167,1138.0,3.69318
21.0,1175.0,3.52273
21.0833,1191.0,4.60227
21.1667,1189.0,4.14773
21.1667,1165.0,4.14773
21.1667,1162.0,4.14773
21.25,1130.0,4.14773
21.25,1004.0,0.738636
21.25,942.0,0.738636
21.4167,899.0,1.25
21.5,869.0,3.63636
21.5833,886.0,5.17045
21.75,910.0,3.75
21.8333,887.0,5.17045
22.0,822.0,5.17045
22.0,766.0,3.75
22.0833,745.0,1.93182
22.25,742.0,1.93182
22.3333,639.0,3.97727
22.4167,546.0,3.75
22.4167,483.0,3.75
22.5,449.0,1.30682
22.6667,445.0,1.30682
22.6667,467.0,3.69318
22.75,440.0,1.98864
22.9167,426.0,3.46591
23.0,444.0,3.86364
23.0833,438.0,3.18182
23.25,357.0,3.97727
23.3333,277.0,4.48864
23.5,194.0,4.48864
23.5833,191.0,4.03409
23.6667,127.0,4.71591
23.8333,127.0,4.71591
23.9167,43.0,4.20454
24.0,10.0,3.80682
24.1667,29.0,3.80682
24.25,44.0,3.75
24.3333,19.0,3.80682
24.3333,0.0,3.80682
24.4167,0.0,1.30682
24.5833,0.0,3.57954
24.6667,0.0,4.03409
24.75,0.0,4.26136
24.9167,0.0,4.26136
25.0,0.0,3.97727
25.0833,0.0,3.63636
25.0833,0.0,3.63636
25.25,0.0,3.63636
25.3333,0.0,3.86364
25.4167,0.0,3.63636
25.4167,0.0,3.63636
25.5833,0.0,3.63636
25.6667,0.0,4.14773
25.75,45.0,3.63636
25.9167,145.0,3.63636
26.0,152.0,3.75
26.0833,102.0,3.29545
26.1667,95.0,3.86364
26.3333,102.0,3.86364
26.4167,139.0,3.75
26.5833,305.0,3.52273
26.75,313.0,3.52273
26.8333,284.0,3.69318
26.9167,278.0,2.95454
27.0,302.0,3.35227
27.0833,330.0,3.40909
27.1667,324.0,3.40909
27.25,297.0,1.70455
27.25,322.0,3.57954
27.25,389.0,3.57954
27.25,460.0,3.57954
27.3333,509.0,0.852273
27.4167,555.0,3.40909
27.5,543.0,2.78409
27.5833,543.0,2.78409
27.6667,517.0,3.57954
27.75,562.0,3.29545
27.9167,724.0,3.40909
28.0,811.0,3.57954
28.0833,883.0,3.52273
28.1667,921.0,2.95454
28.1667,992.0,2.95454
28.25,1040.0,2.95454
28.3333,1074.0,1.19318
28.3333,1109.0,3.63636
28.4167,1125.0,1.64773
28.5,1139.0,1.64773
28.5833,1168.0,1.93182
28.5833,1217.0,3.63636
28.5833,1255.0,3.63636
28.6667,1264.0,3.63636
28.75,1269.0,0.852273
28.8333,1263.0,4.09091
29.0,1283.0,4.09091
29.0833,1413.0,4.26136
29.1667,1419.0,3.63636
29.3333,1359.0,3.63636
29.3333,1312.0,4.31818
29.3333,1363.0,4.31818
29.4167,1506.0,1.19318
29.5833,1508.0,3.52273
29.6667,1500.0,4.20454
29.75,1489.0,3.63636
29.9167,1457.0,3.63636
30.0,1411.0,4.71591
30.0,1361.0,4.71591
30.0833,1294.0,4.71591
30.1667,1192.0,4.375
30.25,1140.0,3.69318
30.3333,1151.0,3.69318
30.4167,1203.0,1.70455
30.5,1288.0,4.14773
30.6667,1363.0,4.14773
30.75,1344.0,3.80682
30.8333,1347.0,3.46591
30.9167,1319.0,3.46591
31.0,1239.0,4.20454
31.0833,1239.0,4.03409
31.0833,1197.0,4.03409
31.1667,1190.0,1.25
31.25,1155.0,3.80682
31.3333,1128.0,3.80682
31.4167,1165.0,4.48864
31.5833,1163.0,4.48864
31.5833,1157.0,4.71591
31.75,1168.0,4.71591
31.8333,1127.0,3.29545
32.0,1093.0,4.20454
32.0833,1112.0,3.69318
32.25,1114.0,3.69318
32.3333,1126.0,4.20454
32.4167,1137.0,4.375
32.5833,1119.0,4.375
32.5833,1060.0,4.20454
32.6667,1009.0,1.875
32.6667,1030.0,1.875
32.75,1037.0,1.42045
32.9167,1026.0,3.75
33.0,1033.0,4.03409
33.0833,1093.0,4.03409
33.1667,1081.0,4.03409
33.25,1058.0,2.27273
33.3333,1048.0,1.98864
33.4167,1047.0,4.94318
33.5833,1037.0,4.94318
33.6667,1019.0,4.14773
33.75,973.0,4.03409
33.8333,966.0,4.03409
34.0,976.0,4.03409
34.0833,974.0,4.77273
34.1667,960.0,4.77273
34.25,976.0,2.10227
34.4167,945.0,3.69318
34.5,863.0,4.09091
34.5833,857.0,4.09091
34.5833,865.0,4.09091
34.75,816.0,4.09091
34.8333,674.0,4.375
35.0,603.0,4.375
35.0833,603.0,4.31818
35.1667,569.0,3.57954
35.25,540.0,3.57954
35.3333,474.0,4.60227
35.5,404.0,4.20454
35.5833,336.0,3.40909
35.5833,306.0,4.43182
35.75,318.0,4.43182
35.8333,255.0,3.97727
36.0,191.0,3.97727
36.0833,137.0,3.97727
36.25,135.0,4.09091
36.3333,111.0,3.97727
36.4167,120.0,4.14773
36.5833,164.0,4.14773
36.6667,225.0,4.03409
36.8333,239.0,4.09091
36.9167,228.0,3.86364
37.0,224.0,4.54545
37.1667,230.0,4.26136
37.25,236.0,4.14773
37.25,252.0,3.46591
37.3333,293.0,1.93182
37.3333,341.0,1.93182
37.4167,399.0,1.30682
37.4167,568.0,1.30682
37.4167,595.0,1.30682
37.4167,693.0,1.30682
37.5833,773.0,1.30682
37.6667,851.0,3.23864
37.75,922.0,3.86364
37.9167,987.0,3.86364
38.0,1021.0,3.75
38.1667,1026.0,3.75
38.25,1102.0,3.80682
38.4167,1173.0,3.80682
38.5,1199.0,4.20454
38.5,1230.0,3.52273
38.5833,1286.0,1.81818
38.5833,1286.0,1.81818
38.6667,1286.0,1.30682
38.75,1298.0,4.26136
38.75,1316.0,4.26136
38.8333,1316.0,1.36364
38.9167,1306.0,1.36364
39.0,1321.0,4.65909
39.1667,1335.0,4.375
39.1667,1308.0,3.86364
39.3333,1283.0,3.86364
39.3333,1322.0,3.92045
39.4167,1349.0,2.04545
39.5,1365.0,2.04545
39.5,1371.0,2.21591
39.5833,1315.0,1.81818
39.6667,1277.0,2.10227
39.75,1276.0,4.26136
39.75,1210.0,4.26136
39.8333,1161.0,1.36364
40.0,1184.0,3.57954
40.1667,1191.0,4.09091
40.25,1209.0,4.43182
40.3333,1273.0,5.05682
40.5,1282.0,4.03409
40.5833,1252.0,3.97727
40.75,1226.0,4.03409
40.8333,1204.0,4.375
41.0,1133.0,4.26136
41.0833,1134.0,4.20454
41.25,1131.0,4.20454
41.3333,1129.0,4.03409
41.5,1060.0,4.03409
41.5833,1025.0,4.26136
41.75,1019.0,3.97727
41.8333,961.0,4.71591
42.0,831.0,4.31818
42.0833,768.0,3.57954
42.25,770.0,3.57954
42.3333,746.0,4.43182
42.5,704.0,4.31818
42.5833,674.0,4.31818
42.6667,622.0,4.03409
42.75,588.0,2.21591
42.9167,587.0,3.86364
43.0,520.0,4.26136
43.1667,451.0,4.26136
43.1667,409.0,3.97727
43.1667,409.0,3.97727
43.25,371.0,3.97727
43.25,322.0,0.965909
43.3333,264.0,2.15909
43.4167,224.0,2.10227
43.5833,213.0,2.10227
43.6667,211.0,3.69318
43.75,160.0,4.14773
43.9167,179.0,4.14773
44.0,232.0,3.86364
44.1667,276.0,3.86364
44.1667,308.0,4.03409
44.25,351.0,4.03409
44.3333,377.0,1.76136
44.3333,416.0,2.04545
44.4167,516.0,2.04545
44.5,589.0,4.65909
44.5833,591.0,3.23864
44.6667,691.0,1.93182
44.8333,798.0,1.93182
44.9167,772.0,3.86364
45.0,806.0,2.95454
45.1667,919.0,2.95454
45.25,997.0,4.03409
45.3333,1057.0,3.69318
45.5,1095.0,3.69318
45.5833,1192.0,4.31818
45.6667,1234.0,4.48864
45.8333,1155.0,4.03409
45.9167,1130.0,4.14773
45.9167,1193.0,4.14773
45.9167,1207.0,4.14773
46.0,1221.0,4.14773
46.1667,1284.0,4.14773
46.1667,1331.0,3.97727
46.25,1328.0,1.98864
46.3333,1338.0,1.98864
46.4167,1352.0,5.0
46.5833,1347.0,4.31818
46.6667,1346.0,4.94318
46.75,1328.0,3.97727
46.9167,1288.0,3.97727
47.0833,1288.0,3.97727
47.1667,1262.0,3.92045
47.25,1225.0,3.97727
47.3333,1140.0,3.97727
47.4167,1089.0,1.875
47.5,1086.0,4.26136
47.6667,1084.0,4.26136
47.75,1082.0,4.31818
47.9167,1097.0,4.31818
47.9167,1135.0,4.09091
48.0833,1124.0,4.09091
48.1667,1148.0,4.20454
48.25,1149.0,4.31818
48.4167,1197.0,4.31818
48.5,1257.0,3.92045
48.6667,1187.0,4.09091
48.75,1038.0,4.09091
49.0,929.0,4.09091
49.0,935.0,3.125
49.0,954.0,3.125
49.0,1013.0,3.125
49.1667,1095.0,3.125
49.25,1153.0,4.20454
49.3333,1118.0,4.03409
49.3333,1086.0,4.03409
49.5,1082.0,4.03409
49.5833,1017.0,4.48864
49.75,897.0,4.48864
49.8333,856.0,4.43182
49.9167,833.0,3.80682
50.0833,858.0,3.80682
50.0833,948.0,5.0
50.25,981.0,5.0
50.25,1029.0,4.43182
50.25,1090.0,4.43182
50.3333,1087.0,1.36364
50.3333,991.0,1.36364
50.4167,903.0,1.36364
50.5,800.0,1.02273
50.5833,782.0,4.54545
50.75,660.0,4.54545
50.8333,643.0,4.48864
51.0,643.0,4.48864
51.0833,667.0,4.03409
51.1667,712.0,3.80682
51.1667,685.0,2.04545
51.25,611.0,1.93182
51.4167,512.0,1.93182
51.5,407.0,3.52273
51.5833,289.0,3.75
51.6667,157.0,3.75
51.6667,117.0,1.98864
51.75,122.0,1.98864
51.8333,146.0,4.88636
51.9167,175.0,4.88636
52.0,241.0,3.97727
52.1667,276.0,4.03409
52.25,297.0,4.14773
52.3333,258.0,4.03409
52.5,236.0,3.75
52.5833,254.0,3.75
52.6667,262.0,3.69318
52.8333,237.0,3.69318
52.8333,273.0,3.69318
52.9167,321.0,3.69318
53.0,327.0,4.26136
53.1667,332.0,4.26136
53.1667,363.0,3.86364
53.1667,388.0,3.86364
53.1667,349.0,3.86364
53.3333,326.0,3.86364
53.4167,341.0,3.52273
53.5,410.0,3.75
53.5833,471.0,4.48864
53.75,529.0,4.48864
54.1667,1130.0,4.03409
54.25,1129.0,3.46591
54.3333,1172.0,3.125
54.4167,1206.0,3.125
54.5,1263.0,3.57954
54.5,1263.0,3.57954
54.5833,1341.0,3.57954
54.6667,1338.0,1.19318
54.75,1322.0,3.40909
54.9167,1327.0,3.46591
55.0,1354.0,3.46591
55.0833,1368.0,4.20454
55.25,1333.0,4.20454
55.3333,1320.0,4.48864
55.3333,1358.0,3.01136
55.4167,1371.0,1.93182
55.5,1372.0,3.69318
55.5833,1363.0,3.69318
55.6667,1375.0,3.69318
55.8333,1319.0,3.69318
55.9167,1305.0,4.20454
55.9167,1342.0,4.09091
56.0,1309.0,1.70455
56.1667,1150.0,1.70455
56.25,1093.0,3.18182
56.25,1080.0,3.97727
56.4167,1070.0,3.97727
56.5,1052.0,3.18182
56.5833,1069.0,4.82954
56.75,1072.0,4.82954
56.75,1074.0,3.69318
56.75,1040.0,3.69318
56.8333,1022.0,3.69318
56.9167,994.0,0.965909
57.0,982.0,4.03409
57.0833,953.0,3.69318
57.1667,901.0,3.69318
57.25,929.0,3.57954
57.4167,945.0,3.57954
57.5,961.0,4.14773
57.5,960.0,4.03409
57.5833,841.0,1.76136
57.6667,824.0,1.76136
57.75,878.0,2.04545
57.9167,877.0,3.80682
58.0,818.0,4.94318
58.0,863.0,3.29545
58.0833,863.0,1.93182
58.1667,896.0,3.18182
58.25,853.0,3.18182
58.3333,785.0,4.26136
58.5,778.0,4.26136
58.5833,773.0,3.86364
58.6667,739.0,3.63636
58.6667,692.0,3.63636
58.6667,735.0,3.63636
58.6667,744.0,3.63636
58.75,695.0,0.738636
58.8333,551.0,3.52273
58.8333,588.0,3.52273
58.9167,611.0,3.52273
59.0,551.0,3.40909
59.0833,531.0,3.75
59.25,562.0,3.75
59.25,718.0,3.52273
59.3333,706.0,3.52273
59.4167,670.0,4.20454
59.5,669.0,3.52273
59.5,725.0,3.52273
59.5,757.0,3.52273
59.5833,802.0,3.52273
59.6667,865.0,3.52273
59.75,893.0,3.86364
59.75,955.0,3.86364
59.8333,1018.0,3.86364
59.9167,1044.0,3.63636
60.0,1087.0,3.46591
60.0833,1292.0,3.46591
60.1667,1347.0,1.81818
60.25,1322.0,4.14773
60.4167,1275.0,4.14773
60.5,1264.0,4.14773
60.5833,1272.0,3.52273
60.75,1229.0,3.52273
60.8333,1218.0,4.03409
60.9167,1250.0,3.125
61.0,1282.0,4.31818
61.0833,1363.0,3.40909
61.1667,1447.0,3.40909
61.25,1531.0,1.70455
61.3333,1531.0,3.23864
61.3333,1509.0,3.23864
61.3333,1453.0,3.23864
61.4167,1447.0,3.23864
61.4167,1431.0,0.909091
61.5833,1354.0,1.81818
61.6667,1308.0,3.18182
61.75,1304.0,3.63636
61.9167,1271.0,3.92045
62.0,1226.0,4.03409
62.0833,1265.0,3.86364
62.1667,1270.0,2.95454
62.3333,1273.0,3.80682
62.4167,1333.0,4.14773
62.5,1346.0,3.63636
62.5833,1253.0,3.63636
62.6667,1242.0,1.875
62.75,1268.0,4.20454
62.8333,1246.0,3.46591
62.9167,1201.0,3.46591
63.0,1206.0,1.70455
63.0833,1209.0,3.69318
63.25,1188.0,3.69318
63.3333,1153.0,3.52273
63.4167,1175.0,3.69318
63.5833,1174.0,3.69318
63.6667,1180.0,4.09091
63.75,1174.0,3.125
63.9167,1195.0,4.09091
64.0,1217.0,4.60227
64.0833,1224.0,3.69318
64.1667,1249.0,3.29545
64.25,1291.0,3.63636
64.3333,1305.0,2.10227
64.5,1332.0,3.57954
64.5833,1324.0,3.92045
64.5833,1223.0,3.75
64.5833,1201.0,3.75
64.6667,1225.0,3.75
64.6667,1227.0,0.909091
64.8333,1181.0,1.98864
64.9167,1205.0,4.14773
65.0,1190.0,4.43182
65.1667,1190.0,3.92045
65.25,1216.0,3.92045
65.3333,1271.0,3.69318
65.4167,1175.0,3.69318
65.5,1117.0,1.875
65.5833,1089.0,3.80682
65.75,1070.0,3.80682
65.8333,1027.0,3.52273
65.9167,925.0,3.69318
66.0,902.0,3.69318
66.0833,886.0,1.93182
66.1667,864.0,3.75
66.3333,610.0,3.75
66.4167,604.0,3.57954
66.5,625.0,3.97727
66.6667,582.0,3.97727
66.75,564.0,3.80682
66.9167,667.0,3.80682
67.0,703.0,3.63636
67.0833,653.0,3.86364
67.25,605.0,3.86364
67.3333,583.0,4.03409
67.4167,556.0,4.03409
67.5833,521.0,4.03409
67.6667,483.0,4.14773
67.6667,505.0,3.46591
67.75,554.0,3.46591
67.8333,569.0,1.30682
67.8333,547.0,3.18182
67.9167,558.0,1.93182
68.0833,564.0,1.93182
68.1667,528.0,3.69318
68.25,517.0,4.26136
68.3333,567.0,4.26136
68.4167,629.0,1.76136
68.5,684.0,4.26136
68.5833,812.0,3.63636
68.6667,867.0,3.40909
68.75,894.0,3.40909
68.75,1037.0,1.70455
68.8333,1134.0,1.76136
69.0,1168.0,3.63636
69.0833,1168.0,4.375
69.1667,1136.0,3.80682
69.25,1080.0,3.46591
69.25,1083.0,3.46591
69.3333,1084.0,1.25
69.5,1049.0,3.75
69.5833,1001.0,3.75
69.6667,1023.0,3.69318
69.8333,1004.0,3.69318
69.9167,987.0,3.92045
70.0,1020.0,3.57954
70.1667,1035.0,3.57954
70.25,978.0,3.75
70.3333,943.0,3.80682
70.4167,1012.0,4.09091
70.5833,1089.0,4.09091
70.6667,1049.0,3.69318
70.6667,1036.0,3.97727
70.6667,1036.0,3.97727
70.75,965.0,3.97727
70.8333,961.0,3.86364
70.8333,946.0,3.86364
71.0,915.0,3.86364
71.0833,913.0,3.97727
71.1667,911.0,4.54545
71.25,909.0,4.54545
71.3333,887.0,1.70455
71.4167,868.0,4.43182
71.4167,869.0,4.43182
71.5833,868.0,4.43182
71.6667,834.0,3.86364
71.75,806.0,3.46591
71.8333,806.0,3.57954
71.9167,775.0,3.57954
72.0,726.0,3.57954
72.1667,664.0,3.80682
72.1667,668.0,3.80682
72.25,709.0,1.81818
72.4167,670.0,3.29545
72.5,670.0,4.60227
72.5833,722.0,3.69318
72.75,754.0,3.69318
72.8333,745.0,3.75
72.9167,745.0,3.46591
73.0,690.0,4.20454
73.1667,615.0,4.20454
73.25,592.0,3.80682
73.3333,581.0,3.75
73.4167,580.0,3.63636
73.4167,611.0,3.63636
73.5,654.0,3.63636
73.5833,671.0,1.13636
73.6667,676.0,3.63636
73.8333,699.0,3.52273
73.9167,700.0,3.23864
73.9167,706.0,4.03409
74.0,693.0,1.70455
74.1667,703.0,3.40909
74.25,716.0,3.52273
74.3333,728.0,3.57954
74.4167,839.0,3.75
74.5833,917.0,3.75
74.6667,924.0,4.375
74.75,910.0,3.29545
74.8333,1032.0,3.35227
74.9167,1109.0,3.63636
75.0,1122.0,3.18182
75.0,1115.0,3.18182
75.0,1150.0,3.18182
75.0,1219.0,3.18182
75.0,1263.0,3.18182
75.0833,1319.0,0.568182
75.1667,1349.0,0.568182
75.1667,1447.0,1.76136
75.25,1493.0,1.76136
75.3333,1505.0,3.80682
75.4167,1529.0,3.80682
75.4167,1558.0,1.70455
75.5,1583.0,1.70455
75.6667,1548.0,1.70455
75.75,1510.0,3.63636
75.8333,1491.0,3.29545
75.9167,1493.0,3.52273
76.0833,1490.0,3.52273
76.1667,1505.0,3.29545
76.25,1533.0,3.57954
76.3333,1533.0,3.69318
76.3333,1542.0,3.69318
76.5,1536.0,3.69318
76.5,1541.0,3.86364
76.5833,1551.0,1.875
76.75,1562.0,2.89773
76.8333,1585.0,5.11364
76.9167,1606.0,3.23864
77.0833,1609.0,3.23864
77.1667,1592.0,3.23864
77.25,1594.0,4.43182
77.4167,1577.0,3.75
77.5,1579.0,3.75
77.5833,1571.0,3.97727
77.6667,1461.0,3.52273
77.75,1408.0,3.52273
77.8333,1387.0,4.03409
78.0,1357.0,3.75
78.0833,1377.0,3.46591
78.0833,1443.0,3.97727
78.1667,1422.0,3.97727
78.25,1402.0,1.30682
78.4167,1423.0,3.92045
78.4167,1419.0,5.28409
78.5,1418.0,1.98864
78.6667,1371.0,1.98864
78.75,1346.0,3.86364
78.8333,1291.0,4.03409
78.9167,1279.0,3.97727
79.0,1295.0,3.97727
79.0833,1347.0,3.69318
79.25,1420.0,3.69318
79.3333,1429.0,3.69318
79.5,1471.0,3.69318
79.5,1522.0,3.46591
79.5833,1559.0,2.10227
79.75,1436.0,4.03409
79.8333,1312.0,4.31818
80.0,1311.0,4.31818
80.0,1272.0,4.60227
80.0833,1229.0,1.98864
80.25,1230.0,3.92045
80.3333,1230.0,3.92045
80.5,1241.0,3.92045
80.5833,1210.0,4.14773
80.6667,1225.0,4.03409
80.8333,1228.0,4.03409
80.9167,1141.0,3.75
81.0833,1129.0,3.75
81.1667,1143.0,4.43182
81.25,1110.0,4.26136
81.4167,1106.0,3.97727
81.5,1110.0,3.86364
81.5,1112.0,3.86364
81.5833,1126.0,1.42045
81.75,1144.0,3.29545
81.8333,1121.0,5.45454
82.0,1097.0,4.375
82.0833,1078.0,4.03409
82.1667,1006.0,4.03409
82.3333,956.0,4.03409
82.4167,915.0,3.97727
82.5,871.0,3.92045
82.6667,825.0,3.92045
82.75,794.0,3.75
82.9167,812.0,3.86364
83.0,811.0,3.92045
83.0833,812.0,3.63636
83.1667,940.0,4.09091
83.25,953.0,4.09091
83.4167,896.0,4.09091
83.5,859.0,4.375
83.5833,847.0,3.97727
83.75,797.0,3.97727
83.8333,766.0,3.18182
83.9167,786.0,4.48864
84.0,878.0,4.48864
84.0833,958.0,1.70455
84.1667,1002.0,3.63636
84.1667,1032.0,3.63636
84.25,1089.0,3.63636
84.3333,1125.0,3.63636
84.5,1191.0,3.69318
84.5833,1253.0,4.26136
84.6667,1234.0,3.52273
84.75,1234.0,3.52273
84.8333,1223.0,1.93182
84.9167,1329.0,3.52273
85.0833,1375.0,3.52273
85.1667,1400.0,3.46591
85.25,1418.0,3.52273
85.4167,1418.0,3.52273
85.5,1429.0,3.52273
85.5833,1536.0,3.80682
85.75,1646.0,3.80682
85.8333,1615.0,3.80682
85.9167,1560.0,3.69318
86.0833,1486.0,3.57954
86.1667,1418.0,3.52273
86.25,1446.0,3.97727
86.4167,1520.0,3.97727
86.5,1444.0,4.65909
86.5833,1336.0,3.29545
86.6667,1293.0,2.21591
86.75,1319.0,4.09091
86.9167,1369.0,4.03409
87.0,1439.0,4.03409
87.0833,1483.0,3.97727
87.25,1499.0,3.97727
87.3333,1502.0,4.48864
87.5,1487.0,4.48864
87.5,1480.0,4.03409
87.5,1505.0,4.03409
87.6667,1466.0,4.03409
87.75,1442.0,4.03409
87.75,1440.0,3.92045
87.8333,1419.0,3.92045
87.9167,1399.0,1.30682
88.0833,1425.0,3.86364
88.1667,1404.0,4.375
88.25,1380.0,4.43182
88.25,1412.0,4.43182
88.3333,1486.0,4.43182
88.4167,1485.0,4.26136
88.5833,1477.0,4.26136
88.6667,1450.0,4.88636
88.8333,1481.0,4.31818
88.8333,1429.0,3.75
88.8333,1429.0,3.75
88.8333,1411.0,3.75
88.9167,1440.0,3.75
89.0,1416.0,3.63636
89.0833,1365.0,3.63636
89.1667,1345.0,1.98864
89.25,1350.0,3.63636
89.4167,1385.0,3.75
89.5,1494.0,4.65909
89.6667,1464.0,4.375
89.6667,1462.0,4.09091
89.6667,1445.0,4.09091
89.6667,1486.0,4.09091
89.75,1474.0,4.09091
89.8333,1488.0,4.43182
89.8333,1498.0,4.43182
89.9167,1459.0,4.43182
90.0,1329.0,3.75
90.0833,1295.0,3.75
90.0833,1328.0,1.93182
90.1667,1355.0,2.04545
90.25,1309.0,2.04545
90.3333,1330.0,3.29545
90.5,1323.0,3.29545
90.5833,1325.0,3.23864
90.6667,1312.0,4.60227
90.75,1328.0,1.98864
90.8333,1299.0,3.92045
91.0,1250.0,3.92045
91.0,1201.0,4.20454
91.0833,1106.0,2.04545
91.1667,1090.0,4.14773
91.25,1102.0,4.14773
91.25,1129.0,1.93182
91.25,1151.0,1.93182
91.3333,1186.0,0.965909
91.4167,1210.0,0.965909
91.5,1276.0,1.875
91.6667,1268.0,4.26136
91.75,1207.0,4.48864
91.8333,1187.0,5.0
91.9167,1140.0,5.0
92.0,1140.0,4.31818
92.0833,1078.0,4.26136
92.1667,1054.0,4.26136
92.3333,1073.0,4.20454
92.4167,1110.0,4.09091
92.5833,1162.0,4.14773
92.6667,1252.0,4.20454
92.6667,1288.0,4.43182
92.75,1329.0,4.43182
92.75,1309.0,1.36364
92.8333,1281.0,2.04545
92.8333,1319.0,2.04545
93.0,1282.0,2.04545
93.0833,1261.0,4.03409
93.1667,1280.0,4.48864
93.25,1274.0,1.98864
93.3333,1261.0,4.26136
93.5,1201.0,4.26136
93.5833,1129.0,4.375
93.75,1027.0,4.375
93.8333,984.0,4.20454
94.0,953.0,4.09091
94.0833,922.0,3.92045
94.25,903.0,4.03409
94.3333,891.0,3.80682
94.4167,877.0,4.20454
94.5833,806.0,4.20454
94.6667,765.0,5.0
94.8333,802.0,5.0
94.9167,770.0,4.03409
95.0833,782.0,4.03409
95.1667,859.0,5.45454
95.25,860.0,5.45454
95.25,713.0,1.98864
95.25,647.0,1.98864
95.4167,642.0,1.98864
95.5,652.0,4.26136
95.5,739.0,4.26136
95.6667,752.0,4.26136
95.75,741.0,3.69318
95.9167,744.0,3.69318
96.0,743.0,3.97727
96.1667,703.0,3.97727
96.25,703.0,4.65909
96.3333,707.0,4.43182
96.4167,741.0,4.43182
96.5,752.0,4.26136
96.6667,702.0,3.97727
96.75,695.0,3.97727
96.8333,705.0,3.92045
97.0,733.0,3.75
97.0833,809.0,3.57954
97.1667,869.0,3.75
97.1667,870.0,3.75
97.25,819.0,3.75
97.3333,801.0,3.92045
97.4167,869.0,3.92045
97.5,886.0,4.20454
97.6667,901.0,4.20454
97.75,990.0,4.20454
97.8333,1158.0,4.09091
98.0,1156.0,4.09091
98.0833,1119.0,4.20454
98.1667,1078.0,3.92045
98.1667,1056.0,3.92045
98.1667,1098.0,3.92045
98.3333,1215.0,3.92045
98.4167,1215.0,4.03409
98.5,1269.0,4.26136
98.5,1352.0,4.26136
98.5,1342.0,4.26136
98.5833,1304.0,0.965909
98.6667,1272.0,0.965909
98.6667,1288.0,2.04545
98.8333,1304.0,2.04545
98.9167,1289.0,3.69318
99.0833,1236.0,3.69318
99.1667,1200.0,3.80682
99.25,1210.0,4.20454
99.3333,1215.0,4.20454
99.4167,1236.0,4.14773
99.5833,1235.0,4.09091
99.6667,1258.0,3.92045
99.8333,1291.0,3.92045
99.8333,1338.0,3.63636
99.8333,1335.0,3.63636
100.0,1335.0,3.63636
100.083,1303.0,4.31818
100.167,1356.0,4.09091
100.333,1357.0,4.09091
100.417,1343.0,3.97727
100.583,1306.0,3.97727
100.583,1225.0,4.14773
100.667,1259.0,2.04545
100.75,1254.0,2.04545
100.833,1262.0,1.81818
100.917,1284.0,2.10227
101.0,1295.0,4.31818
101.083,1329.0,4.31818
101.167,1393.0,1.81818
101.25,1400.0,3.80682
101.417,1312.0,3.80682
101.5,1307.0,3.86364
101.5,1311.0,3.86364
101.75,1201.0,4.14773
101.833,1130.0,4.82954
102.0,1073.0,4.31818
102.083,1080.0,3.97727
102.167,1113.0,4.20454
102.25,1220.0,4.20454
102.333,1379.0,4.82954
102.5,1423.0,4.82954
102.5,1286.0,4.20454
102.583,1259.0,1.93182
102.75,1365.0,3.86364
102.75,1341.0,3.86364
102.833,1217.0,3.86364
102.917,1136.0,1.30682
103.083,1072.0,3.92045
103.167,1041.0,4.54545
103.25,1139.0,4.77273
103.417,1238.0,4.77273
103.5,1240.0,5.51136
103.667,1096.0,4.14773
103.75,998.0,4.09091
103.833,949.0,4.14773
104.0,1049.0,4.14773
104.083,1049.0,3.97727
104.25,1046.0,3.97727
104.333,1036.0,3.97727
104.417,1099.0,3.57954
104.5,1197.0,3.57954
104.583,1189.0,1.93182
104.75,1162.0,1.93182
104.833,1122.0,3.69318
104.917,1066.0,3.63636
105.0,995.0,2.27273
105.083,995.0,4.71591
105.25,994.0,4.71591
105.333,1010.0,3.97727
105.417,1015.0,4.43182
105.583,1020.0,3.86364
105.667,1042.0,3.69318
105.833,1047.0,3.75
105.917,1046.0,3.75
106.0,1047.0,3.86364
106.083,1011.0,3.75
106.167,989.0,3.75
106.25,985.0,4.43182
106.333,941.0,4.43182
106.417,945.0,1.81818
106.417,943.0,3.80682
106.583,945.0,3.80682
106.667,968.0,3.63636
106.667,1065.0,4.14773
106.833,1123.0,4.14773
106.917,1095.0,3.75
107.0,1035.0,3.52273
107.167,1013.0,3.52273
107.25,1016.0,3.92045
107.333,1058.0,3.52273
107.5,1090.0,3.63636
107.583,1075.0,3.69318
107.667,1062.0,3.75
107.833,1061.0,3.75
107.917,1062.0,3.97727
108.0,1041.0,3.75
108.083,1055.0,3.57954
108.25,1092.0,3.75
108.333,1111.0,4.31818
108.417,1111.0,4.03409
108.5,1100.0,4.03409
108.583,1151.0,1.76136
108.667,1287.0,4.31818
108.833,1337.0,3.57954
108.917,1314.0,3.57954
108.917,1253.0,3.75
109.0,1263.0,1.64773
109.167,1320.0,3.46591
109.167,1373.0,4.60227
109.167,1384.0,4.60227
109.167,1456.0,4.60227
109.25,1515.0,0.852273
109.417,1586.0,0.852273
109.5,1688.0,3.40909
109.583,1837.0,3.40909
109.667,1798.0,3.97727
109.833,1676.0,3.97727
109.917,1572.0,4.20454
109.917,1512.0,2.61364
110.0,1471.0,1.98864
110.167,1412.0,3.46591
110.25,1400.0,3.52273
110.333,1406.0,3.18182
110.417,1382.0,3.29545
110.5,1376.0,3.23864
110.583,1396.0,3.23864
110.75,1422.0,3.23864
110.833,1525.0,3.18182
110.917,1611.0,3.23864
111.0,1601.0,3.23864
111.083,1498.0,3.06818
111.25,1419.0,3.06818
111.333,1434.0,3.52273
111.417,1426.0,3.52273
111.5,1404.0,3.75
111.667,1418.0,3.75
111.75,1428.0,3.57954
111.833,1346.0,3.46591
111.917,1258.0,3.97727
112.0,1164.0,3.125
112.167,1104.0,3.63636
112.25,1164.0,3.63636
112.333,1164.0,3.35227
112.333,1134.0,3.23864
112.417,1086.0,1.64773
112.5,1061.0,3.01136
112.667,1004.0,3.46591
112.75,1034.0,3.46591
112.833,1095.0,3.23864
112.917,1120.0,3.06818
113.0,1107.0,3.06818
113.083,1110.0,3.23864
113.167,1102.0,3.35227
113.333,1084.0,3.29545
113.417,1048.0,2.89773
113.417,1017.0,3.63636
113.5,1040.0,3.63636
113.583,1072.0,1.36364
113.667,1066.0,3.75
113.75,1024.0,2.95454
113.833,1039.0,3.06818
113.917,1080.0,2.84091
114.0,1083.0,2.84091
114.083,1032.0,3.40909
114.167,1048.0,2.84091
114.25,1045.0,2.84091
114.333,1099.0,2.95454
114.417,1097.0,2.67045
114.5,1151.0,3.01136
114.583,1221.0,2.61364
114.667,1233.0,3.18182
114.667,1219.0,3.18182
114.75,1234.0,1.42045
114.833,1233.0,2.78409
114.917,1254.0,2.78409
115.0,1290.0,2.72727
115.083,1292.0,2.72727
115.167,1271.0,3.06818
115.25,1294.0,3.06818
115.333,1297.0,2.72727
115.417,1326.0,2.72727
115.5,1327.0,2.78409
115.5,1348.0,2.32954
115.583,1385.0,2.32954
115.667,1385.0,1.42045
115.667,1406.0,2.5
115.75,1493.0,2.55682
115.833,1671.0,2.55682
115.917,1785.0,2.95454
116.0,1805.0,2.72727
116.083,1758.0,2.44318
116.167,1784.0,2.95454
116.25,1860.0,2.55682
116.333,1858.0,2.78409
116.417,1856.0,2.78409
116.5,1760.0,2.95454
116.583,1721.0,2.95454
116.667,1672.0,2.44318
116.75,1649.0,2.89773
116.833,1652.0,2.55682
116.833,1645.0,2.55682
116.917,1587.0,2.55682
117.0,1521.0,1.30682
117.083,1486.0,3.18182
117.167,1610.0,2.72727
117.25,1716.0,2.67045
117.333,1751.0,2.72727
117.333,1801.0,2.72727
117.417,1850.0,2.67045
117.5,1957.0,2.15909
117.5,2016.0,2.15909
117.5,2006.0,2.15909
117.5,1925.0,2.15909
117.583,1857.0,0.681818
117.667,1829.0,2.72727
117.75,1772.0,2.72727
117.75,1713.0,2.21591
117.833,1576.0,2.21591
117.917,1559.0,1.47727
118.0,1550.0,3.125
118.083,1513.0,2.55682
118.167,1556.0,2.5
118.25,1699.0,3.18182
118.25,1806.0,2.78409
118.333,1903.0,2.78409
118.417,1940.0,1.30682
118.417,1907.0,3.125
118.417,1907.0,3.125
118.417,1934.0,3.125
118.417,1936.0,3.125
118.5,1859.0,3.125
118.5,1705.0,0.568182
118.5,1652.0,0.568182
118.5,1616.0,0.568182
118.5,1619.0,0.568182
118.5,1628.0,0.568182
118.5,1661.0,0.568182
118.583,1786.0,0.454545
118.583,1870.0,0.454545
118.667,1978.0,1.36364
118.667,1960.0,1.36364
118.75,1884.0,1.36364
118.833,1841.0,1.36364
118.917,1823.0,2.55682
119.0,1780.0,2.55682
119.0,1785.0,3.29545
119.0,1773.0,3.29545
119.0,1658.0,3.29545
119.083,1580.0,3.29545
119.167,1736.0,0.681818
119.25,1734.0,2.61364
119.333,1723.0,2.78409
119.333,1754.0,2.95454
119.417,1761.0,2.44318
119.5,1746.0,2.72727
119.5,1713.0,2.72727
119.583,1668.0,1.19318
119.583,1619.0,1.19318
119.583,1610.0,1.19318
119.583,1554.0,1.19318
119.667,1465.0,1.19318
119.75,1433.0,0.681818
119.833,1463.0,2.67045
119.917,1455.0,2.72727
120.0,1453.0,2.5
120.083,1465.0,3.29545
120.167,1521.0,2.55682
120.167,1648.0,2.67045
120.333,1709.0,2.67045
120.417,1710.0,3.69318
120.5,1710.0,2.5
120.583,1636.0,3.125
120.583,1564.0,2.61364
120.667,1545.0,2.38636
120.75,1487.0,3.06818
120.833,1424.0,2.84091
120.917,1410.0,2.32954
121.0,1405.0,3.125
121.083,1361.0,2.78409
121.083,1360.0,2.78409
121.083,1478.0,2.78409
121.083,1617.0,2.78409
121.167,1604.0,0.681818
121.25,1601.0,2.72727
121.25,1644.0,2.72727
121.333,1602.0,2.72727
121.333,1514.0,1.30682
121.417,1478.0,1.30682
121.5,1514.0,1.47727
121.583,1539.0,2.5
121.667,1493.0,2.84091
121.75,1495.0,2.84091
121.833,1497.0,2.84091
121.917,1505.0,2.72727
122.0,1547.0,2.78409
122.083,1547.0,2.67045
122.167,1549.0,2.61364
122.167,1585.0,2.72727
122.25,1810.0,2.61364
122.333,1791.0,2.44318
122.417,1722.0,2.78409
122.5,1761.0,2.5
122.583,1822.0,2.5
122.583,1754.0,2.38636
122.667,1710.0,2.38636
122.75,1667.0,1.30682
122.833,1593.0,2.44318
122.833,1645.0,2.89773
122.917,1679.0,2.32954
123.0,1651.0,2.5
123.083,1636.0,2.38636
123.167,1663.0,3.125
123.25,1663.0,3.125
123.333,1693.0,2.55682
123.417,1712.0,2.44318
123.5,1735.0,2.67045
123.583,1764.0,2.5
123.583,1718.0,2.72727
123.667,1683.0,2.55682
123.75,1667.0,2.55682
123.833,1668.0,2.67045
123.917,1640.0,2.55682
124.0,1610.0,2.55682
124.083,1595.0,2.44318
124.167,1576.0,2.27273
124.167,1597.0,2.55682
124.25,1657.0,2.38636
124.333,1658.0,2.32954
124.333,1662.0,2.32954
124.417,1659.0,2.32954
124.5,1619.0,1.25
124.583,1610.0,2.32954
124.583,1638.0,2.84091
124.583,1668.0,2.84091
124.667,1679.0,1.19318
124.667,1681.0,1.19318
124.75,1666.0,1.36364
124.833,1633.0,2.55682
124.917,1640.0,2.55682
125.0,1702.0,2.10227
125.083,1726.0,2.78409
125.083,1762.0,2.55682
125.167,1770.0,2.21591
125.25,1804.0,2.78409
125.333,1881.0,2.44318
125.417,1921.0,2.5
125.5,1923.0,2.5
125.583,1898.0,2.55682
125.667,1851.0,2.38636
125.667,1851.0,2.32954
125.75,1723.0,2.44318
125.833,1619.0,2.44318
125.917,1694.0,2.44318
126.0,1783.0,2.21591
126.083,1852.0,2.38636
126.083,1852.0,2.32954
126.167,1890.0,2.38636
126.25,1948.0,2.84091
126.333,1914.0,2.21591
126.417,1826.0,2.21591
126.5,1819.0,2.38636
126.583,1832.0,2.21591
126.583,1815.0,2.95454
126.667,1829.0,2.38636
126.75,1828.0,2.04545
126.833,1745.0,2.04545
126.917,1745.0,2.61364
127.0,1723.0,2.38636
127.0,1777.0,2.32954
127.083,1860.0,2.21591
127.167,1889.0,2.21591
127.25,1907.0,2.27273
127.25,1889.0,2.21591
127.333,1844.0,2.21591
127.417,1836.0,2.27273
127.5,1855.0,2.27273
127.583,1845.0,2.21591
127.583,1815.0,2.10227
127.667,1815.0,2.21591
127.75,1684.0,2.21591
127.833,1735.0,2.04545
127.833,1741.0,2.15909
127.917,1649.0,2.15909
128.0,1580.0,2.15909
128.083,1647.0,2.15909
128.167,1687.0,2.38636
128.167,1692.0,2.44318
128.25,1693.0,2.04545
128.333,1703.0,2.04545
128.417,1690.0,2.10227
128.417,1614.0,2.55682
128.5,1550.0,2.27273
128.583,1605.0,2.32954
128.667,1673.0,2.27273
128.75,1655.0,2.27273
128.833,1574.0,2.21591
128.833,1498.0,2.32954
128.917,1516.0,2.32954
129.0,1516.0,2.27273
129.083,1580.0,2.27273
129.167,1631.0,2.21591
129.167,1631.0,2.38636
129.25,1603.0,2.27273
129.333,1613.0,2.15909
129.417,1654.0,2.15909
129.5,1684.0,2.32954
129.5,1714.0,2.27273
129.583,1713.0,2.27273
129.667,1702.0,2.27273
129.75,1687.0,2.27273
129.833,1688.0,2.44318
129.833,1669.0,2.27273
129.917,1612.0,2.44318
130.0,1550.0,2.44318
130.083,1592.0,2.27273
130.167,1652.0,2.27273
130.25,1632.0,2.38636
130.333,1634.0,2.38636
130.333,1687.0,2.44318
130.417,1722.0,2.38636
130.5,1707.0,2.38636
130.583,1732.0,2.5
130.667,1739.0,2.5
130.75,1688.0,2.32954
130.75,1583.0,2.44318
130.833,1600.0,2.32954
130.917,1610.0,2.61364
131.0,1613.0,2.38636
131.083,1649.0,2.38636
131.167,1728.0,2.44318
131.25,1746.0,2.5
131.25,1716.0,2.21591
131.333,1665.0,2.32954
131.417,1637.0,2.44318
131.5,1637.0,2.44318
131.583,1626.0,2.44318
131.667,1613.0,2.55682
131.75,1538.0,2.32954
131.75,1513.0,2.44318
131.833,1469.0,2.32954
131.917,1469.0,2.95454
132.0,1426.0,2.72727
132.083,1494.0,2.72727
132.167,1601.0,3.01136
132.25,1542.0,3.01136
132.333,1475.0,2.21591
132.417,1441.0,2.89773
132.417,1503.0,2.67045
132.5,1519.0,2.38636
132.583,1519.0,2.27273
132.667,1486.0,2.38636
132.75,1452.0,2.95454
132.75,1401.0,2.95454
132.833,1419.0,2.95454
132.917,1454.0,1.19318
132.917,1478.0,2.5
133.0,1492.0,2.61364
133.0,1470.0,2.61364
133.0,1480.0,2.61364
133.083,1540.0,2.61364
133.083,1507.0,0.738636
133.083,1478.0,0.738636
133.083,1478.0,0.738636
133.167,1479.0,0.852273
133.167,1450.0,0.852273
133.25,1382.0,1.19318
133.333,1362.0,1.19318
133.417,1332.0,2.44318
133.5,1290.0,2.55682
133.5,1341.0,2.38636
133.583,1409.0,2.21591
133.667,1419.0,2.67045
133.75,1401.0,2.38636
133.833,1397.0,2.38636
133.917,1388.0,2.61364
134.0,1346.0,2.44318
134.083,1290.0,2.5
134.083,1296.0,2.38636
134.167,1395.0,2.5
134.25,1410.0,2.44318
134.333,1404.0,2.5
134.417,1374.0,2.5
134.5,1320.0,2.04545
134.5,1320.0,2.67045
134.5,1336.0,2.67045
134.5,1321.0,2.67045
134.5,1281.0,2.67045
134.583,1313.0,2.67045
134.583,1465.0,0.568182
134.583,1516.0,0.568182
134.667,1509.0,1.13636
134.75,1492.0,2.89773
134.833,1472.0,2.89773
134.917,1453.0,3.18182
135.0,1425.0,3.18182
135.083,1343.0,1.98864
135.083,1226.0,2.67045
135.167,1168.0,2.55682
135.167,1162.0,2.55682
135.25,1222.0,1.25
135.333,1315.0,1.25
135.417,1492.0,2.5
135.5,1525.0,1.98864
135.5,1513.0,2.95454
135.583,1531.0,2.27273
135.667,1534.0,2.72727
135.75,1442.0,2.55682
135.833,1390.0,2.32954
135.833,1338.0,2.32954
135.833,1281.0,2.32954
135.833,1276.0,2.32954
135.833,1342.0,2.32954
135.917,1403.0,0.568182
136.0,1397.0,2.44318
136.0,1449.0,2.44318
136.083,1530.0,2.44318
136.083,1588.0,1.13636
136.083,1632.0,1.13636
136.083,1639.0,1.13636
136.167,1635.0,0.852273
136.25,1602.0,2.38636
136.333,1582.0,2.61364
136.417,1541.0,2.61364
136.5,1369.0,2.15909
136.583,1346.0,2.67045
136.583,1320.0,2.84091
136.667,1320.0,1.98864
136.667,1263.0,1.98864
136.75,1266.0,1.47727
136.833,1375.0,1.47727
136.833,1414.0,1.875
136.917,1393.0,1.875
137.0,1477.0,1.30682
137.0,1626.0,2.44318
137.0,1628.0,2.44318
137.0,1572.0,2.44318
137.083,1546.0,2.44318
137.167,1615.0,0.795454
137.25,1584.0,2.44318
137.25,1545.0,2.38636
137.25,1523.0,2.38636
137.25,1498.0,2.38636
137.333,1444.0,2.38636
137.333,1353.0,0.795454
137.417,1318.0,0.795454
137.417,1414.0,1.13636
137.5,1488.0,2.61364
137.583,1480.0,2.04545
137.667,1480.0,2.95454
137.667,1498.0,2.95454
137.75,1490.0,2.95454
137.75,1454.0,1.19318
137.75,1437.0,1.19318
137.75,1425.0,1.19318
137.833,1303.0,0.795454
137.917,1225.0,0.795454
137.917,1223.0,2.15909
137.917,1278.0,2.15909
138.0,1400.0,1.19318
138.083,1590.0,1.19318
138.083,1669.0,2.21591
138.083,1727.0,2.21591
138.083,1726.0,2.21591
138.083,1651.0,2.21591
138.167,1629.0,0.568182
138.25,1594.0,0.568182
138.25,1546.0,2.21591
138.25,1503.0,2.21591
138.333,1503.0,1.07955
138.333,1508.0,1.07955
138.417,1526.0,1.07955
138.5,1537.0,1.13636
138.5,1571.0,2.84091
138.583,1665.0,1.875
138.667,1671.0,1.875
138.75,1658.0,2.32954
138.75,1636.0,2.32954
138.833,1623.0,2.27273
138.917,1597.0,2.27273
139.0,1615.0,2.27273
139.0,1642.0,2.21591
139.0,1638.0,2.21591
139.083,1620.0,1.13636
139.167,1656.0,2.44318
139.25,1684.0,2.44318
139.333,1697.0,2.27273
139.333,1693.0,2.27273
139.333,1676.0,2.27273
139.417,1636.0,1.02273
139.417,1539.0,1.02273
139.417,1527.0,1.02273
139.417,1551.0,1.02273
139.5,1553.0,0.738636
139.583,1563.0,0.738636
139.583,1571.0,1.93182
139.583,1623.0,1.93182
139.667,1659.0,1.07955
139.667,1685.0,1.07955
139.75,1651.0,1.07955
139.75,1606.0,1.19318
139.833,1638.0,1.98864
139.917,1635.0,2.21591
140.0,1579.0,2.21591
140.0,1564.0,2.32954
140.083,1580.0,2.04545
140.167,1576.0,2.04545
140.167,1583.0,2.04545
140.25,1608.0,2.04545
140.25,1643.0,1.19318
140.25,1645.0,1.19318
140.25,1640.0,1.19318
140.25,1640.0,1.19318
140.333,1646.0,1.19318
140.333,1665.0,0.568182
140.417,1652.0,2.21591
140.417,1632.0,2.21591
140.417,1619.0,2.21591
140.417,1624.0,2.21591
140.417,1618.0,2.21591
140.5,1616.0,2.21591
140.5,1604.0,0.511364
140.5,1592.0,0.511364
140.583,1551.0,1.19318
140.583,1519.0,1.19318
140.583,1541.0,1.19318
140.667,1608.0,1.02273
140.667,1690.0,1.02273
140.667,1753.0,1.02273
140.667,1756.0,1.02273
140.75,1779.0,0.681818
140.833,1821.0,0.681818
140.833,1831.0,2.15909
140.917,1800.0,2.10227
141.0,1799.0,2.27273
141.083,1775.0,2.27273
141.083,1665.0,1.81818
141.083,1585.0,1.81818
141.167,1514.0,1.81818
141.167,1422.0,1.02273
141.167,1381.0,1.02273
141.25,1487.0,1.07955
141.333,1538.0,1.07955
141.417,1511.0,1.81818
141.417,1492.0,2.38636
141.5,1565.0,2.15909
141.5,1497.0,2.15909
141.5,1456.0,2.15909
141.583,1454.0,0.909091
141.667,1577.0,0.909091
141.667,1623.0,1.93182
141.75,1601.0,2.10227
141.833,1605.0,2.10227
141.833,1587.0,1.98864
141.917,1618.0,1.98864
142.0,1618.0,1.98864
142.0,1654.0,1.93182
142.083,1650.0,1.81818
142.167,1672.0,1.81818
142.25,1758.0,1.98864
142.25,1784.0,2.21591
142.333,1768.0,1.93182
142.417,1756.0,1.93182
142.417,1756.0,1.93182
142.5,1741.0,1.93182
142.583,1727.0,1.93182
142.583,1728.0,1.98864
142.667,1717.0,1.93182
142.75,1624.0,1.93182
142.75,1676.0,1.93182
142.833,1782.0,1.70455
142.917,1850.0,1.70455
142.917,1880.0,2.15909
143.0,1923.0,1.875
143.083,1892.0,1.875
143.083,1863.0,1.98864
143.167,1891.0,1.875
143.25,1915.0,1.875
143.25,1880.0,1.64773
143.333,1852.0,1.70455
143.417,1817.0,1.70455
143.417,1716.0,2.04545
143.5,1672.0,1.76136
143.5,1680.0,1.76136
143.583,1710.0,1.70455
143.667,1720.0,1.70455
143.667,1810.0,2.04545
143.75,1879.0,1.875
143.833,1917.0,1.875
143.833,1931.0,1.81818
143.917,1951.0,1.81818
144.0,1931.0,1.81818
144.0,1885.0,1.70455
144.083,1858.0,1.76136
144.167,1858.0,1.76136
144.167,1825.0,2.10227
144.25,1798.0,2.15909
144.333,1798.0,2.15909
144.333,1811.0,1.81818
144.417,1837.0,1.59091
144.5,1883.0,1.59091
144.5,1969.0,2.44318
144.583,2004.0,1.875
144.667,1980.0,1.875
144.667,1881.0,1.81818
144.75,1830.0,1.93182
144.833,1792.0,1.93182
144.833,1756.0,1.81818
144.917,1722.0,1.93182
145.0,1628.0,1.93182
145.0,1632.0,1.875
145.083,1697.0,1.93182
145.167,1765.0,1.93182
145.167,1777.0,1.81818
145.25,1760.0,1.81818
145.333,1763.0,1.81818
145.333,1761.0,1.81818
145.417,1751.0,1.93182
145.417,1754.0,1.93182
145.5,1755.0,1.70455
145.583,1737.0,1.70455
145.667,1714.0,1.81818
145.667,1668.0,2.15909
145.667,1622.0,2.15909
145.75,1622.0,2.15909
145.75,1614.0,0.965909
145.833,1556.0,0.965909
145.917,1535.0,1.76136
145.917,1584.0,2.04545
146.0,1638.0,1.875
146.083,1662.0,1.875
146.083,1711.0,1.81818
146.167,1763.0,1.93182
146.25,1762.0,1.93182
146.25,1855.0,1.98864
146.333,1862.0,1.875
146.417,1834.0,1.875
146.417,1799.0,1.81818
146.5,1759.0,1.81818
146.583,1761.0,1.81818
146.583,1761.0,2.04545
146.667,1758.0,2.04545
146.667,1783.0,1.76136
146.75,1793.0,1.81818
146.833,1789.0,1.81818
146.833,1819.0,1.81818
146.917,1814.0,1.64773
146.917,1809.0,1.64773
147.0,1809.0,1.64773
147.083,1871.0,1.64773
147.083,1889.0,1.76136
147.167,1867.0,2.04545
147.25,1861.0,2.04545
147.25,1856.0,1.81818
147.25,1825.0,1.81818
147.333,1796.0,1.81818
147.333,1764.0,0.965909
147.417,1742.0,1.81818
147.5,1695.0,1.81818
147.5,1704.0,1.64773
147.583,1670.0,1.875
147.667,1657.0,1.875
147.667,1683.0,1.98864
147.75,1743.0,1.81818
147.833,1775.0,1.81818
147.917,1769.0,1.875
147.917,1703.0,1.875
148.0,1618.0,1.81818
148.083,1560.0,1.81818
148.083,1491.0,1.875
148.167,1423.0,1.81818
148.25,1440.0,1.81818
148.25,1428.0,1.98864
148.333,1425.0,1.64773
148.417,1455.0,1.64773
148.417,1515.0,1.81818
148.5,1572.0,1.76136
148.5,1596.0,1.76136
148.583,1640.0,1.81818
148.667,1642.0,1.81818
148.667,1621.0,1.875
148.75,1618.0,1.59091
148.75,1618.0,1.59091
148.75,1589.0,1.59091
148.833,1561.0,1.59091
148.833,1618.0,0.852273
148.917,1624.0,1.76136
148.917,1605.0,1.76136
148.917,1601.0,1.76136
148.917,1632.0,1.76136
149.0,1654.0,1.76136
149.0,1650.0,0.568182
149.083,1613.0,0.568182
149.083,1500.0,1.64773
149.167,1537.0,1.70455
149.25,1596.0,1.70455
149.25,1592.0,1.875
149.333,1573.0,1.93182
149.417,1637.0,1.93182
149.417,1672.0,1.875
149.5,1689.0,1.875
149.583,1704.0,1.875
149.583,1687.0,2.04545
149.583,1683.0,2.04545
149.583,1672.0,2.04545
149.583,1700.0,2.04545
149.667,1732.0,0.625
149.667,1744.0,0.625
149.667,1758.0,0.625
149.75,1747.0,0.625
149.75,1707.0,0.795454
149.833,1596.0,2.15909
149.917,1591.0,2.15909
149.917,1543.0,1.76136
150.0,1454.0,1.98864
150.0,1414.0,1.98864
150.083,1416.0,1.53409
150.083,1416.0,1.53409
150.083,1354.0,1.53409
150.167,1406.0,0.909091
150.25,1462.0,2.04545
150.25,1490.0,2.04545
150.25,1530.0,2.04545
150.25,1562.0,2.04545
150.25,1562.0,2.04545
150.333,1544.0,0.625
150.333,1569.0,0.625
150.333,1589.0,0.625
150.417,1549.0,0.965909
150.5,1509.0,0.965909
150.583,1512.0,1.93182
150.583,1509.0,2.21591
150.667,1508.0,2.21591
150.667,1501.0,1.76136
150.75,1517.0,1.98864
150.833,1509.0,1.98864
150.833,1514.0,1.47727
150.917,1520.0,2.32954
151.0,1497.0,2.32954
151.0,1522.0,1.53409
151.083,1551.0,2.10227
151.167,1563.0,2.10227
151.167,1589.0,1.76136
151.25,1663.0,1.76136
151.25,1684.0,1.64773
151.333,1702.0,1.98864
151.417,1702.0,1.98864
151.417,1644.0,1.98864
151.5,1616.0,1.64773
151.583,1563.0,1.64773
151.583,1525.0,1.81818
151.583,1544.0,1.81818
151.583,1580.0,1.81818
151.667,1570.0,0.852273
151.75,1567.0,0.852273
151.75,1592.0,1.81818
151.833,1610.0,1.81818
151.833,1569.0,1.81818
151.917,1554.0,1.59091
152.0,1537.0,1.59091
152.0,1505.0,1.81818
152.083,1444.0,1.76136
152.167,1400.0,1.76136
152.167,1416.0,1.70455
152.25,1544.0,1.70455
152.25,1621.0,1.59091
152.333,1684.0,1.93182
152.417,1684.0,1.93182
152.417,1696.0,1.64773
152.5,1641.0,2.10227
152.583,1675.0,2.10227
152.583,1664.0,1.76136
152.667,1601.0,1.76136
152.667,1573.0,1.70455
152.75,1610.0,1.93182
152.833,1670.0,1.93182
152.833,1714.0,1.76136
152.917,1776.0,1.76136
153.0,1829.0,1.76136
153.0,1799.0,1.76136
153.083,1809.0,1.875
153.167,1834.0,1.875
153.167,1808.0,1.81818
153.25,1737.0,1.81818
153.25,1720.0,1.81818
153.333,1717.0,1.64773
153.333,1726.0,1.64773
153.333,1741.0,1.64773
153.417,1742.0,0.909091
153.5,1724.0,0.909091
153.5,1721.0,1.93182
153.583,1721.0,1.93182
153.583,1701.0,1.93182
153.583,1703.0,1.93182
153.667,1741.0,1.93182
153.667,1760.0,0.795454
153.667,1738.0,0.795454
153.75,1727.0,0.795454
153.75,1729.0,1.02273
153.833,1733.0,1.81818
153.917,1736.0,1.81818
154.0,1704.0,2.04545
154.0,1702.0,1.93182
154.083,1668.0,2.21591
154.167,1655.0,2.21591
154.167,1683.0,1.93182
154.25,1693.0,1.93182
154.333,1682.0,1.93182
154.333,1683.0,1.93182
154.417,1758.0,1.875
154.5,1758.0,1.875
154.5,1892.0,1.93182
154.583,1924.0,1.875
154.667,1943.0,1.875
154.667,1901.0,1.875
154.75,1882.0,1.98864
154.833,1917.0,1.98864
154.833,1917.0,1.875
154.833,1909.0,1.875
154.833,1873.0,1.875
154.833,1876.0,1.875
154.917,1874.0,0.568182
155.0,1844.0,0.568182
155.0,1818.0,2.04545
155.083,1844.0,1.76136
155.167,1854.0,1.76136
155.167,1843.0,1.76136
155.25,1817.0,2.04545
155.333,1788.0,2.04545
155.333,1778.0,1.76136
155.417,1764.0,2.21591
155.5,1765.0,2.21591
155.5,1694.0,1.93182
155.583,1689.0,1.875
155.667,1627.0,1.875
155.667,1536.0,1.875
155.75,1506.0,1.875
155.833,1636.0,1.875
155.833,1696.0,1.98864
155.833,1715.0,1.98864
155.917,1748.0,1.98864
155.917,1861.0,0.965909
156.0,1916.0,2.10227
156.0,1919.0,2.10227
156.0,1923.0,2.10227
156.083,1918.0,0.909091
156.167,1906.0,0.909091
156.167,1892.0,2.10227
156.25,1864.0,1.76136
156.333,1829.0,2.55682
156.333,1689.0,2.55682
156.333,1657.0,2.55682
156.333,1657.0,2.55682
156.417,1673.0,2.55682
156.417,1697.0,0.625
156.5,1902.0,2.04545
156.5,2066.0,2.04545
156.5,2053.0,2.04545
156.5,2015.0,2.04545
156.583,2000.0,2.04545
156.583,1981.0,0.625
156.583,1998.0,0.625
156.667,1946.0,0.625
156.75,1889.0,0.965909
156.75,1884.0,2.32954
156.833,1894.0,1.875
156.917,1911.0,1.875
156.917,1898.0,1.875
157.0,1948.0,2.44318
157.083,2096.0,2.04545
157.167,2070.0,2.04545
157.167,2011.0,1.81818
157.25,1970.0,2.38636
157.333,1924.0,2.38636
157.333,1939.0,1.98864
157.417,1922.0,1.93182
157.5,1927.0,2.44318
157.583,1909.0,2.44318
157.583,1862.0,1.98864
157.583,1860.0,1.98864
157.667,1856.0,1.07955
157.75,1831.0,1.07955
157.75,1956.0,2.15909
157.75,2054.0,2.15909
157.75,2073.0,2.15909
157.833,2039.0,2.15909
157.833,2074.0,0.681818
157.917,2089.0,2.10227
158.0,1996.0,2.15909
158.083,1875.0,2.15909
158.083,1789.0,1.93182
158.167,1739.0,2.15909
158.25,1757.0,2.15909
158.333,1770.0,2.04545
158.333,1759.0,2.27273
158.417,1759.0,2.15909
158.5,1704.0,2.15909
158.583,1750.0,2.04545
158.583,1850.0,2.15909
158.667,1925.0,2.04545
158.75,1946.0,2.04545
158.75,1922.0,2.10227
158.833,1922.0,2.04545
158.917,1864.0,2.04545
158.917,1783.0,2.04545
159.0,1750.0,1.76136
159.083,1699.0,2.55682
159.167,1731.0,2.55682
159.25,1757.0,2.04545
159.25,1721.0,2.38636
159.25,1679.0,2.38636
159.25,1666.0,2.38636
159.25,1753.0,2.38636
159.25,1842.0,2.38636
159.333,1850.0,0.511364
159.417,1853.0,0.511364
159.417,1853.0,2.15909
159.5,1923.0,2.10227
159.583,1920.0,2.15909
159.667,1903.0,2.15909
159.75,1916.0,2.21591
159.75,1918.0,2.10227
159.75,1904.0,2.10227
159.833,1914.0,2.10227
159.917,1983.0,1.02273
159.917,2016.0,2.61364
160.0,1998.0,1.93182
160.083,2035.0,1.93182
160.083,2064.0,1.98864
160.167,2067.0,2.15909
160.167,2068.0,2.15909
160.25,2096.0,2.15909
160.333,2093.0,1.02273
160.333,2058.0,2.67045
160.417,2044.0,2.67045
160.417,2058.0,1.70455
160.417,2011.0,1.70455
160.5,1966.0,1.13636
160.583,1966.0,2.27273
160.667,1911.0,2.27273
160.667,1879.0,2.27273
160.75,1855.0,1.875
160.75,1861.0,1.875
160.75,1878.0,1.875
160.833,1864.0,0.909091
160.917,1830.0,2.44318
161.0,1827.0,2.44318
161.083,1833.0,2.10227
161.083,1819.0,2.21591
161.083,1792.0,2.21591
161.167,1817.0,2.21591
161.167,1829.0,1.07955
161.25,1797.0,1.76136
161.333,1816.0,1.76136
161.417,1889.0,1.98864
161.417,1926.0,2.61364
161.5,1965.0,1.875
161.583,1955.0,2.32954
161.667,1935.0,2.32954
161.667,1907.0,2.10227
161.75,1890.0,2.04545
161.833,1897.0,2.04545
161.833,1900.0,1.98864
161.917,1906.0,1.875
162.0,1920.0,1.875
162.0,1928.0,1.64773
162.083,1949.0,1.93182
162.167,1969.0,1.93182
162.167,1986.0,2.15909
162.25,2025.0,1.81818
162.25,2095.0,1.81818
162.25,2153.0,1.81818
162.333,2151.0,0.909091
162.333,2165.0,0.909091
162.333,2190.0,0.909091
162.333,2173.0,0.909091
162.417,2023.0,0.738636
162.5,1980.0,0.738636
162.5,1920.0,1.76136
162.5,1849.0,1.76136
162.5,1849.0,1.76136
162.5,1834.0,1.76136
162.5,1807.0,1.76136
162.5,1790.0,1.76136
162.5,1847.0,1.76136
162.583,1977.0,0.397727
162.583,2139.0,0.397727
162.583,2145.0,0.397727
162.583,2228.0,0.397727
162.667,2376.0,0.397727
162.667,2314.0,0.625
162.75,2252.0,0.625
162.75,2297.0,1.25
162.75,2308.0,1.25
162.833,2225.0,1.19318
162.833,2164.0,1.19318
162.917,2144.0,1.19318
162.917,2160.0,1.19318
162.917,2200.0,1.19318
163.0,2193.0,1.19318
163.0,2201.0,0.909091
163.0,2200.0,0.909091
163.0,2198.0,0.909091
163.0,2213.0,0.909091
163.0,2226.0,0.909091
163.0,2224.0,0.909091
163.0,2167.0,0.909091
163.0,2123.0,0.909091
163.0,2148.0,0.909091
163.0,2183.0,0.909091
163.0,2191.0,0.909091
163.0,2168.0,0.909091
163.0,2110.0,0.909091
163.0,2120.0,0.909091
163.083,2128.0,0.170455
163.083,2129.0,0.170455
163.083,2081.0,0.170455
163.083,2001.0,0.170455
163.083,1950.0,0.170455
163.167,1902.0,0.568182
163.167,1876.0,0.568182
163.167,1844.0,0.568182
163.167,1844.0,0.568182
163.167,1844.0,0.568182
163.167,1874.0,0.568182
163.167,1898.0,0.568182
163.167,2032.0,0.568182
163.25,2063.0,0.568182
163.25,2005.0,0.340909
163.25,1976.0,0.340909
163.25,1973.0,0.340909
163.25,1940.0,0.340909
163.25,1881.0,0.340909
163.25,1833.0,0.340909
163.25,1836.0,0.340909
163.25,1771.0,0.340909
163.25,1797.0,0.340909
163.25,1874.0,0.340909
163.25,1925.0,0.340909
163.25,1842.0,0.340909
163.25,1768.0,0.340909
163.25,1833.0,0.340909
163.25,1863.0,0.340909
163.25,1857.0,0.340909
163.25,1861.0,0.340909
163.25,1874.0,0.340909
163.25,1848.0,0.340909
163.25,1820.0,0.340909
163.25,1886.0,0.340909
163.25,1925.0,0.340909
163.25,1832.0,0.340909
163.25,1831.0,0.340909
163.25,1985.0,0.340909
163.25,2037.0,0.340909
163.25,2003.0,0.340909
163.25,2033.0,0.340909
163.25,2049.0,0.340909
163.25,2003.0,0.340909
163.25,2030.0,0.340909
163.25,2042.0,0.340909
163.25,2013.0,0.340909
163.25,2088.0,0.340909
163.25,2187.0,0.340909
163.25,2179.0,0.340909
163.25,2124.0,0.340909
163.25,2050.0,0.340909
163.25,2050.0,0.340909
163.25,2001.0,0.340909
163.25,1963.0,0.340909
163.25,1896.0,0.340909
163.25,1854.0,0.340909
163.25,1868.0,0.340909
163.25,1875.0,0.340909
163.25,1904.0,0.340909
163.25,1949.0,0.340909
163.25,1994.0,0.340909
163.25,1955.0,0.340909
163.25,1885.0,0.0
163.25,1807.0,0.0
163.25,1741.0,0.0
163.25,1716.0,0.0
163.25,1644.0,0.0
163.25,1500.0,0.0
163.25,1227.0,0.0
163.25,969.0,0.0
163.25,966.0,0.0
163.25,772.0,0.0
163.25,604.0,0.0
163.25,397.0,0.0
163.25,297.0,0.0
163.25,213.0,0.0
163.25,154.0,0.0
163.25,114.0,0.0
163.25,95.0,0.0
163.25,68.0,0.0
163.25,34.0,0.0
163.25,2.0,0.0
163.25,0.0,0.0
163.25,0.0,0.0
163.25,0.0,0.0
163.25,0.0,0.0
163.25,0.0,0.0
163.25,0.0,0.0
163.25,0.0,0.0
163.25,0.0,0.0
163.25,0.0,0.0
163.25,0.0,0.0
163.25,0.0,0.0
163.25,0.0,0.0
163.25,0.0,0.0
163.25,0.0,0.0
163.25,0.0,0.0
163.25,0.0,0.0
163.25,0.0,0.0
163.25,0.0,0.0
163.25,0.0,0.0
163.25,0.0,0.0
163.25,0.0,0.0
163.25,0.0,0.0
163.25,0.0,0.0
163.25,0.0,0.0
163.25,0.0,0.0
163.25,0.0,0.0
163.25,0.0,0.0
163.25,0.0,0.0
163.25,0.0,0.0
163.25,0.0,0.0
163.25,0.0,0.0
163.25,0.0,0.0
163.25,0.0,0.0
163.25,0.0,0.0
163.25,0.0,0.0
163.25,0.0,0.0
163.25,0.0,0.0
163.25,0.0,0.0
163.25,0.0,0.0
163.25,0.0,0.0
163.25,0.0,0.0
163.25,0.0,0.0
163.25,0.0,0.0
163.25,0.0,0.0
163.25,0.0,0.0
163.25,0.0,0.0
163.25,0.0,0.0
163.25,0.0,0.0
163.25,0.0,0.0
163.25,0.0,0.0
163.25,0.0,0.0
163.25,0.0,0.0
163.25,0.0,0.0
163.25,0.0,0.0
163.25,0.0,0.0
163.25,0.0,0.0
163.25,0.0,0.0
163.25,0.0,0.0
163.25,0.0,0.0
163.25,0.0,0.0
163.25,0.0,0.0
163.25,0.0,0.0
163.25,0.0,0.0
163.25,0.0,0.0
163.25,0.0,0.0
163.25,0.0,0.0
163.25,0.0,0.0
163.25,0.0,0.0
163.25,0.0,0.0
163.25,0.0,0.0
163.25,0.0,0.0
163.25,0.0,0.0
163.25,0.0,0.0
163.25,0.0,0.0
163.25,0.0,0.0
