0.0,0.0,0.0
0.0,0.0,0.0
0.0,0.0,0.0
0.0,0.0,0.0
0.0,0.0,0.0
0.0,0.0,0.0
0.0,0.0,0.0
0.0,0.0,0.0
0.0,0.0,0.0
0.0,0.0,0.0
0.0,0.0,0.0
0.0,0.0,0.0
0.0,0.0,0.0
0.0,0.0,0.0
0.0,0.0,0.0
0.0,0.0,0.0
0.0,0.0,0.0
0.0,0.0,0.0
0.0,0.0,0.0
0.0,0.0,0.0
0.0,0.0,0.0
0.0,0.0,0.0
0.0,0.0,0.0
0.0,0.0,0.0
0.0,0.0,0.0
0.0,0.0,0.0
0.0,0.0,0.0
0.0,0.0,0.0
0.0,0.0,0.0
0.0,0.0,0.0
0.0,0.0,0.0
0.0,0.0,0.0
0.0,0.0,0.0
0.0,0.0,0.0
0.0,0.0,0.0
0.0,0.0,0.0
0.0,0.0,0.0
0.0,0.0,0.0
0.0,0.0,0.0
0.0,0.0,0.0
0.0,0.0,0.0
0.0,0.0,0.0
0.0,0.0,0.0
0.0,0.0,0.0
0.0,0.0,0.0
0.0,0.0,0.0
0.0,0.0,0.0
0.0,0.0,0.0
0.0,0.0,0.0
0.0,0.0,0.0
0.0,0.0,0.0
0.0,0.0,0.0
0.0,0.0,0.0
0.0,0.0,0.0
0.0,0.0,0.0
0.0,0.0,0.0
0.0,0.0,0.0
0.0,0.0,0.0
0.0,0.0,0.0
0.0,0.0,0.0
0.0,0.0,0.0
0.0,0.0,0.0
0.0,0.0,0.0
0.0,0.0,0.0
0.0,0.0,0.0
0.0,0.0,0.0
0.0,0.0,0.0
0.0,0.0,0.0
0.0,0.0,0.0
0.0,0.0,0.0
0.0,0.0,0.0
0.0,0.0,0.0
0.0,0.0,0.0
0.0,0.0,0.0
0.0,0.0,0.0
0.0,0.0,0.0
0.0,0.0,0.0
0.0,0.0,0.0
0.0,0.0,0.0
0.0,0.0,0.0
0.0,0.0,0.0
0.0,0.0,0.0
0.0,0.0,0.0
0.0,0.0,0.0
0.0,0.0,0.0
0.0,0.0,0.0
0.0,0.0,0.0
0.0,0.0,0.0
0.0,0.0,0.0
0.0,0.0,0.0
0.0,0.0,0.0
0.0,0.0,0.0
0.0,0.0,0.0
0.0,0.0,0.0
0.0,0.0,0.0
0.0,0.0,0.0
0.0,0.0,0.0
0.0,0.0,0.0
0.0,0.0,0.0
0.0,0.0,0.0
0.0,0.0,0.0
0.0,0.0,0.0
0.0,0.0,0.0
0.0,0.0,0.0
0.0,0.0,0.0
0.0,0.0,0.0
0.0,0.0,0.0
0.0,0.0,0.0
0.0,0.0,0.0
0.0,0.0,0.0
0.0,0.0,0.0
0.0,0.0,0.0
0.0,0.0,0.0
0.0,0.0,0.0
0.0,0.0,0.0
0.0,0.0,0.0
0.0,0.0,0.0
0.0,0.0,0.0
0.0,0.0,0.0
0.0,0.0,0.0
0.0,0.0,0.0
0.0,0.0,0.0
0.0,0.0,0.0
0.0,0.0,0.0
0.0,0.0,0.0
0.0,0.0,0.0
0.0,0.0,0.0
0.0,0.0,0.0
0.0,0.0,0.0
0.0,0.0,0.0
0.0,0.0,0.0
0.0,0.0,0.0
0.0,0.0,0.0
0.0,0.0,0.0
0.0,0.0,0.0
0.0,0.0,0.0
0.0,0.0,0.0
0.0,0.0,0.0
0.0,0.0,0.0
0.0,0.0,0.0
0.0,0.0,0.0
0.0,0.0,0.0
0.0,0.0,0.0
0.0,0.0,0.0
0.0,0.0,0.0
0.0,0.0,0.0
0.0,0.0,0.0
0.0,0.0,0.0
0.0,0.0,0.0
0.0,0.0,0.0
0.0,0.0,0.0
0.0,0.0,0.0
0.0,0.0,0.0
0.0,0.0,0.0
0.0,0.0,0.0
0.0,0.0,0.0
0.0,0.0,0.0
0.0,0.0,0.0
0.0,0.0,0.0
0.0,0.0,0.0
0.0,0.0,0.0
0.0,0.0,0.0
0.0,0.0,0.0
0.0,0.0,0.0
0.0,0.0,0.0
0.0,0.0,0.0
0.0,0.0,0.0
0.0,0.0,0.0
0.0,0.0,0.0
0.0,0.0,0.0
0.0,0.0,0.0
0.0,0.0,0.0
0.0,0.0,0.0
0.0,0.0,0.0
0.0,0.0,0.0
0.0,0.0,0.0
0.0,0.0,0.0
0.0,0.0,0.0
0.0,0.0,0.0
0.0,0.0,0.0
0.0,0.0,0.0
0.0,0.0,0.0
0.0,0.0,0.0
0.0,0.0,0.0
0.0,0.0,0.0
0.0,0.0,0.0
0.0,0.0,0.0
0.0,0.0,0.0
0.0,0.0,0.0
0.0,0.0,0.0
0.0,0.0,0.0
0.0,0.0,0.0
0.0,0.0,0.0
0.0,0.0,0.0
0.0,0.0,0.0
0.0,0.0,0.0
0.0,0.0,0.0
0.0,0.0,0.0
0.0,0.0,0.0
0.0,0.0,0.0
0.0,0.0,0.0
0.0,0.0,0.0
0.0,0.0,0.0
0.0,0.0,0.0
0.0,0.0,0.0
0.0,0.0,0.0
0.0,0.0,0.0
0.0,0.0,0.0
0.0,0.0,0.0
0.0,0.0,0.0
0.0,0.0,0.0
0.0,0.0,0.0
0.0,0.0,0.0
0.0,0.0,0.0
0.0,0.0,0.0
0.0,0.0,0.0
0.0,0.0,0.0
0.0,0.0,0.0
0.0,0.0,0.0
0.0,0.0,0.0
0.0,0.0,0.0
0.0,0.0,0.0
0.0,0.0,0.0
0.0,0.0,0.0
0.0,0.0,0.0
0.0,0.0,0.0
0.0,0.0,0.0
0.0,0.0,0.0
0.0,0.0,0.0
0.0,0.0,0.0
0.0,0.0,0.0
0.0,0.0,0.0
0.0,0.0,0.0
0.0,0.0,0.0
0.0,0.0,0.0
0.0,0.0,0.0
0.0,0.0,0.0
0.0,0.0,0.0
0.0,0.0,0.0
0.0,0.0,0.0
0.0,0.0,0.0
0.0,0.0,0.0
0.0,0.0,0.0
0.0,0.0,0.0
0.0,0.0,0.0
0.0,0.0,0.0
0.0,0.0,0.0
0.0,0.0,0.0
0.0,0.0,0.0
0.0,0.0,0.0
0.0,0.0,0.0
0.0,0.0,0.0
0.0,0.0,0.0
0.0,0.0,0.0
0.0,0.0,0.0
0.0,0.0,0.0
0.0,0.0,0.0
0.0,0.0,0.0
0.0,0.0,0.0
0.0,0.0,0.0
0.0,0.0,0.0
0.0,0.0,0.0
0.0,0.0,0.0
0.0,0.0,0.0
0.0,0.0,0.0
0.0,0.0,0.0
0.0,0.0,0.0
0.0,0.0,0.0
0.0,0.0,0.0
0.0,0.0,0.0
0.0,0.0,0.0
0.0,0.0,0.0
0.0,0.0,0.0
0.0,0.0,0.0
0.0,0.0,0.0
0.0,0.0,0.0
0.0,0.0,0.0
0.0,0.0,0.0
0.0,0.0,0.0
0.0,0.0,0.0
0.0,0.0,0.0
0.0,0.0,0.0
0.0,0.0,0.0
0.0,0.0,0.0
0.0,0.0,0.0
0.0,0.0,0.0
0.0,0.0,0.0
0.0,0.0,0.0
0.0,0.0,0.0
0.0,0.0,0.0
0.0,0.0,0.0
0.0,0.0,0.0
0.0,0.0,0.0
0.0,0.0,0.0
0.0,0.0,0.0
0.0,0.0,0.0
0.0,0.0,0.0
0.0,0.0,0.0
0.0,0.0,0.0
0.0,0.0,0.0
0.0,0.0,0.0
0.0,0.0,0.0
0.0,0.0,0.0
0.0,0.0,0.0
0.0,0.0,0.0
0.0,0.0,0.0
0.0,0.0,0.0
0.0,0.0,0.0
0.0,0.0,0.0
0.0,0.0,0.0
0.0,0.0,0.0
0.0,0.0,0.0
0.0,0.0,0.0
0.0,0.0,0.0
0.0,0.0,0.0
0.0,0.0,0.0
0.0,0.0,0.0
0.0,0.0,0.0
0.0,0.0,0.0
0.0,0.0,0.0
0.0,0.0,0.0
0.0,0.0,0.0
0.0,0.0,0.0
0.0,0.0,0.0
0.0,0.0,0.0
0.0,0.0,0.0
0.0,0.0,0.0
0.0,0.0,0.0
0.0,0.0,0.0
0.0,0.0,0.0
0.0,0.0,0.0
0.0,0.0,0.0
0.0,0.0,0.0
0.0,0.0,0.0
0.0,0.0,0.0
0.0,0.0,0.0
0.0,0.0,0.0
0.0,0.0,0.0
0.0,0.0,0.0
0.0,0.0,0.0
0.0,0.0,0.0
0.0,0.0,0.0
0.0,0.0,0.0
0.0,0.0,0.0
0.0,0.0,0.0
0.0,0.0,0.0
0.0,0.0,0.0
0.0,0.0,0.0
0.0,0.0,0.0
0.0,0.0,0.0
0.0,0.0,0.0
0.0,0.0,0.0
0.0,0.0,0.0
0.0,0.0,0.0
0.0,0.0,0.0
0.0,0.0,0.0
0.0,0.0,0.0
0.0,0.0,0.0
0.0,0.0,0.0
0.0,0.0,0.0
0.0,0.0,0.0
0.0,0.0,0.0
0.0,0.0,0.0
0.0,0.0,0.0
0.0,0.0,0.0
0.0,0.0,0.0
0.0,0.0,0.0
0.0,0.0,0.0
0.0,0.0,0.0
0.0,0.0,0.0
0.0,0.0,0.0
0.0,0.0,0.0
0.0,0.0,0.0
0.0,0.0,0.0
0.0,0.0,0.0
0.0,0.0,0.0
0.0,0.0,0.0
0.0,0.0,0.0
0.0,0.0,0.0
0.0,0.0,0.0
0.0,0.0,0.0
0.0,0.0,0.0
0.0,0.0,0.0
0.0,0.0,0.0
0.0,0.0,0.0
0.0,0.0,0.0
0.0,0.0,0.0
0.0,0.0,0.0
0.0,0.0,0.0
0.0,0.0,0.0
0.0,0.0,0.0
0.0,0.0,0.0
0.0,0.0,0.0
0.0,0.0,0.0
0.0,0.0,0.0
0.0,0.0,0.0
0.0,0.0,0.0
0.0,0.0,0.0
0.0,0.0,0.0
0.0,0.0,0.0
0.0,0.0,0.0
0.0,0.0,0.0
0.0,0.0,0.0
0.0,0.0,0.0
0.0,0.0,0.0
0.0,0.0,0.0
0.0,0.0,0.0
0.0,0.0,0.0
0.0,0.0,0.0
0.0,0.0,0.0
0.0,0.0,0.0
0.0,0.0,0.0
0.0,0.0,0.0
0.0,0.0,0.0
0.0,0.0,0.0
0.0,0.0,0.0
0.0,0.0,0.0
0.0,0.0,0.0
0.0,0.0,0.0
0.0,0.0,0.0
0.0,0.0,0.0
0.0,0.0,0.0
0.0,0.0,0.0
0.0,0.0,0.0
0.0,0.0,0.0
0.0,0.0,0.0
0.0,0.0,0.0
0.0,0.0,0.0
0.0,0.0,0.0
0.0,0.0,0.0
0.0,0.0,0.0
0.0,0.0,0.0
0.0,0.0,0.0
0.0,0.0,0.0
0.0,0.0,0.0
0.0,0.0,0.0
0.0,0.0,0.0
0.0,853.0,0.0
0.0,3648.0,0.0
0.0833333,4877.0,0.0
0.0833333,4474.0,0.113636
0.0833333,2974.0,0.113636
0.0833333,1240.0,0.113636
0.0833333,1651.0,0.113636
0.0833333,2408.0,0.113636
0.0833333,2680.0,0.113636
0.0833333,2043.0,0.113636
0.0833333,1919.0,0.113636
0.0833333,1921.0,0.113636
0.0833333,2073.0,0.113636
0.0833333,1992.0,0.113636
0.0833333,1812.0,0.113636
0.0833333,1842.0,0.113636
0.0833333,1887.0,0.113636
0.166667,1836.0,0.113636
0.166667,1699.0,0.113636
0.166667,1812.0,0.113636
0.166667,2011.0,0.113636
0.25,2069.0,0.795454
0.25,1836.0,0.795454
0.25,1638.0,0.795454
0.25,1636.0,0.795454
0.25,1738.0,0.795454
0.25,1743.0,0.795454
0.333333,1722.0,0.454545
0.333333,1803.0,0.454545
0.333333,1926.0,0.454545
0.416667,1987.0,1.02273
0.416667,1875.0,1.02273
0.5,1776.0,1.02273
0.5,1776.0,1.07955
0.5,1757.0,1.07955
0.583333,1739.0,1.02273
0.583333,1734.0,1.02273
0.583333,1723.0,1.02273
0.583333,1735.0,1.02273
0.583333,1734.0,1.02273
0.666667,1767.0,1.02273
0.666667,1925.0,0.568182
0.75,1968.0,0.568182
0.75,1934.0,1.30682
0.833333,1861.0,1.30682
0.833333,1853.0,1.30682
0.833333,1860.0,1.30682
0.916667,1851.0,1.25
0.916667,1803.0,1.25
1.0,1718.0,1.42045
1.0,1655.0,1.42045
1.0,1665.0,1.42045
1.0,1691.0,1.42045
1.08333,1691.0,0.681818
1.08333,1694.0,0.681818
1.16667,1698.0,1.47727
1.16667,1708.0,1.47727
1.16667,1701.0,1.47727
1.16667,1688.0,1.47727
1.16667,1673.0,1.47727
1.16667,1671.0,1.47727
1.16667,1694.0,1.47727
1.16667,1696.0,1.47727
1.16667,1664.0,1.47727
1.16667,1654.0,1.47727
1.16667,1647.0,1.47727
1.25,1625.0,0.284091
1.33333,1647.0,0.284091
1.33333,1685.0,1.81818
1.41667,1682.0,1.64773
1.41667,1680.0,1.64773
1.41667,1660.0,1.64773
1.5,1490.0,0.965909
1.58333,1433.0,0.965909
1.66667,1457.0,2.04545
1.66667,1499.0,2.04545
1.75,1499.0,2.04545
1.75,1481.0,2.04545
1.75,1491.0,2.04545
1.83333,1487.0,0.965909
1.83333,1495.0,0.965909
1.91667,1519.0,0.965909
1.91667,1566.0,1.07955
1.91667,1573.0,1.07955
1.91667,1546.0,1.07955
2.0,1519.0,0.852273
2.08333,1490.0,0.852273
2.08333,1426.0,2.10227
2.08333,1368.0,2.10227
2.16667,1313.0,1.13636
2.16667,1296.0,1.13636
2.25,1301.0,1.19318
2.25,1237.0,1.19318
2.25,1176.0,1.19318
2.33333,1129.0,1.19318
2.33333,1113.0,0.852273
2.41667,1083.0,2.38636
2.5,992.0,2.55682
2.58333,894.0,2.89773
2.66667,844.0,2.61364
2.75,791.0,2.89773
2.83333,700.0,2.38636
2.91667,562.0,3.29545
3.0,389.0,3.29545
3.0,291.0,2.10227
3.08333,288.0,2.10227
3.16667,276.0,1.42045
3.16667,226.0,2.27273
3.25,150.0,2.32954
3.33333,147.0,2.89773
3.41667,101.0,2.55682
3.41667,80.0,2.55682
3.5,34.0,2.55682
3.58333,25.0,1.13636
3.58333,29.0,2.38636
3.66667,69.0,2.21591
3.66667,143.0,2.21591
3.66667,174.0,2.21591
3.75,174.0,2.21591
3.83333,141.0,0.795454
3.83333,103.0,2.38636
3.83333,93.0,2.38636
3.91667,165.0,1.13636
3.91667,125.0,1.13636
4.0,124.0,1.42045
4.08333,40.0,2.44318
4.16667,21.0,2.44318
4.25,94.0,2.5
4.33333,213.0,2.5
4.33333,280.0,2.21591
4.33333,270.0,2.21591
4.41667,264.0,1.25
4.5,289.0,2.32954
4.58333,286.0,2.32954
4.58333,259.0,2.38636
4.58333,274.0,2.38636
4.66667,301.0,1.19318
4.75,313.0,2.38636
4.75,312.0,2.38636
4.83333,249.0,2.38636
4.83333,195.0,1.07955
4.91667,193.0,2.15909
4.91667,171.0,2.15909
4.91667,114.0,2.15909
5.0,39.0,2.15909
5.0,43.0,0.738636
5.08333,116.0,2.04545
5.16667,208.0,2.04545
5.25,197.0,2.32954
5.25,142.0,2.44318
5.33333,119.0,2.10227
5.41667,120.0,2.55682
5.5,130.0,2.27273
5.58333,176.0,2.27273
5.58333,142.0,2.15909
5.66667,121.0,2.15909
5.75,115.0,2.15909
5.83333,157.0,2.15909
5.83333,171.0,2.27273
5.91667,125.0,1.93182
6.0,81.0,2.61364
6.08333,81.0,2.61364
6.16667,40.0,1.875
6.16667,67.0,2.44318
6.25,135.0,2.10227
6.33333,179.0,2.10227
6.41667,180.0,2.21591
6.41667,136.0,2.15909
6.5,58.0,2.10227
6.5,28.0,2.10227
6.58333,21.0,2.10227
6.58333,10.0,1.07955
6.66667,9.0,2.21591
6.75,1.0,2.27273
6.83333,1.0,2.27273
6.83333,10.0,1.875
6.91667,40.0,1.98864
7.0,66.0,1.98864
7.0,129.0,1.93182
7.08333,192.0,2.27273
7.16667,206.0,2.27273
7.16667,223.0,1.875
7.25,283.0,1.98864
7.33333,302.0,2.04545
7.33333,315.0,2.04545
7.41667,318.0,1.70455
7.5,343.0,2.15909
7.5,424.0,2.15909
7.5,546.0,2.15909
7.58333,555.0,0.965909
7.66667,543.0,0.965909
7.66667,538.0,1.875
7.75,600.0,1.98864
7.75,699.0,1.98864
7.83333,726.0,1.64773
7.91667,573.0,1.64773
7.91667,496.0,1.875
8.0,536.0,1.875
8.08333,630.0,1.93182
8.08333,662.0,1.93182
8.16667,673.0,1.76136
8.16667,647.0,1.76136
8.25,545.0,1.47727
8.33333,532.0,1.47727
8.33333,532.0,1.875
8.33333,539.0,1.875
8.41667,564.0,1.875
8.41667,552.0,0.909091
8.5,455.0,1.76136
8.5,455.0,1.76136
8.58333,336.0,1.30682
8.58333,328.0,1.30682
8.58333,416.0,1.30682
8.66667,455.0,1.30682
8.66667,472.0,0.852273
8.75,457.0,0.852273
8.75,424.0,1.36364
8.83333,395.0,1.36364
8.83333,384.0,1.53409
8.91667,398.0,1.53409
8.91667,479.0,1.47727
9.0,595.0,1.47727
9.0,701.0,1.42045
9.0,700.0,1.42045
9.0,702.0,1.42045
9.0,693.0,1.42045
9.0,758.0,1.42045
9.0,843.0,1.42045
9.08333,876.0,0.454545
9.08333,926.0,0.454545
9.16667,985.0,0.454545
9.16667,1007.0,1.13636
9.16667,1003.0,1.13636
9.25,937.0,1.13636
9.25,954.0,1.13636
9.33333,982.0,1.13636
9.33333,939.0,1.02273
9.33333,939.0,1.02273
9.41667,924.0,1.13636
9.41667,1013.0,1.13636
9.41667,1018.0,1.13636
9.5,905.0,1.13636
9.5,724.0,1.13636
9.58333,553.0,1.19318
9.58333,539.0,1.19318
9.58333,517.0,1.19318
9.66667,517.0,0.909091
9.66667,441.0,0.909091
9.66667,203.0,0.909091
9.75,85.0,0.965909
9.75,47.0,0.965909
9.75,0.0,0.965909
9.83333,0.0,0.965909
9.83333,0.0,0.852273
9.83333,0.0,0.852273
9.83333,0.0,0.852273
9.91667,0.0,0.795454
9.91667,0.0,0.795454
9.91667,0.0,0.795454
9.91667,0.0,0.795454
10.0,0.0,0.738636
10.0,0.0,0.738636
10.0,0.0,0.738636
10.0,0.0,0.738636
10.0,0.0,0.738636
10.0833,0.0,0.625
10.0833,0.0,0.625
10.0833,0.0,0.625
10.0833,0.0,0.625
10.0833,0.0,0.625
10.0833,0.0,0.625
10.1667,0.0,0.454545
10.1667,0.0,0.454545
10.1667,0.0,0.454545
10.1667,0.0,0.454545
10.1667,0.0,0.454545
10.1667,0.0,0.454545
10.1667,0.0,0.454545
10.1667,0.0,0.454545
10.1667,0.0,0.454545
10.1667,0.0,0.454545
10.1667,0.0,0.454545
10.1667,0.0,0.454545
10.25,0.0,0.227273
10.25,0.0,0.227273
10.25,0.0,0.227273
10.25,0.0,0.227273
10.25,0.0,0.227273
10.25,0.0,0.227273
10.25,0.0,0.227273
10.25,0.0,0.227273
10.25,0.0,0.227273
10.25,0.0,0.227273
10.25,0.0,0.227273
10.25,0.0,0.227273
10.25,0.0,0.227273
10.25,0.0,0.227273
10.25,0.0,0.227273
10.25,0.0,0.227273
10.25,0.0,0.227273
10.25,0.0,0.227273
10.25,0.0,0.227273
10.25,0.0,0.227273
10.25,0.0,0.227273
10.25,0.0,0.227273
10.25,0.0,0.227273
10.25,0.0,0.227273
10.25,0.0,0.227273
10.25,0.0,0.227273
10.25,0.0,0.227273
10.25,0.0,0.227273
10.25,0.0,0.227273
10.25,0.0,0.227273
10.25,0.0,0.227273
10.25,0.0,0.227273
10.25,0.0,0.227273
10.25,0.0,0.227273
10.25,0.0,0.227273
10.25,0.0,0.227273
10.25,0.0,0.227273
10.25,0.0,0.227273
10.25,0.0,0.227273
10.25,0.0,0.227273
10.25,0.0,0.227273
10.25,0.0,0.227273
10.25,0.0,0.227273
10.25,0.0,0.227273
10.25,0.0,0.227273
10.25,0.0,0.227273
10.25,0.0,0.227273
10.25,0.0,0.227273
10.25,0.0,0.227273
10.25,0.0,0.227273
10.25,0.0,0.0
10.25,0.0,0.0
10.25,0.0,0.0
10.25,0.0,0.0
10.25,0.0,0.0
10.25,0.0,0.0
10.25,0.0,0.0
10.25,0.0,0.0
10.25,0.0,0.0
10.25,0.0,0.0
10.25,0.0,0.0
10.25,0.0,0.0
10.25,0.0,0.0
10.25,0.0,0.0
10.25,0.0,0.0
10.25,0.0,0.0
10.25,0.0,0.0
10.25,0.0,0.0
10.25,0.0,0.0
10.25,0.0,0.0
10.25,0.0,0.0
10.25,0.0,0.0
10.25,0.0,0.0
10.25,0.0,0.0
10.25,0.0,0.0
10.25,0.0,0.0
10.25,0.0,0.0
10.25,0.0,0.0
10.25,0.0,0.0
10.25,0.0,0.0
10.25,0.0,0.0
10.25,0.0,0.0
10.25,0.0,0.0
10.25,0.0,0.0
10.25,0.0,0.0
10.25,0.0,0.0
10.25,0.0,0.0
10.25,0.0,0.0
10.25,0.0,0.0
10.25,0.0,0.0
10.25,0.0,0.0
10.25,0.0,0.0
10.25,0.0,0.0
10.25,0.0,0.0
10.25,0.0,0.0
10.25,0.0,0.0
10.25,0.0,0.0
10.25,0.0,0.0
10.25,0.0,0.0
10.25,0.0,0.0
10.25,0.0,0.0
10.25,0.0,0.0
10.25,0.0,0.0
10.25,0.0,0.0
10.25,0.0,0.0
10.25,0.0,0.0
10.25,0.0,0.0
10.25,0.0,0.0
10.25,0.0,0.0
10.25,0.0,0.0
10.25,0.0,0.0
10.25,0.0,0.0
10.25,0.0,0.0
10.25,0.0,0.0
10.25,0.0,0.0
10.25,0.0,0.0
10.25,0.0,0.0
10.25,0.0,0.0
10.25,0.0,0.0
10.25,0.0,0.0
10.25,0.0,0.0
10.25,0.0,0.0
10.25,0.0,0.0
10.25,0.0,0.0
10.25,0.0,0.0
10.25,0.0,0.0
10.25,0.0,0.0
10.25,0.0,0.0
10.25,0.0,0.0
10.25,0.0,0.0
10.25,0.0,0.0
10.25,0.0,0.0
10.25,0.0,0.0
10.25,0.0,0.0
10.25,0.0,0.0
10.25,0.0,0.0
10.25,0.0,0.0
10.25,0.0,0.0
10.25,0.0,0.0
10.25,0.0,0.0
10.25,0.0,0.0
10.25,0.0,0.0
10.25,0.0,0.0
10.25,0.0,0.0
10.25,0.0,0.0
10.25,0.0,0.0
10.25,0.0,0.0
10.25,0.0,0.0
10.25,0.0,0.0
10.25,0.0,0.0
10.25,0.0,0.0
10.25,0.0,0.0
10.25,0.0,0.0
10.25,0.0,0.0
10.25,0.0,0.0
10.25,0.0,0.0
10.25,0.0,0.0
10.25,0.0,0.0
10.25,0.0,0.0
10.25,0.0,0.0
10.25,0.0,0.0
10.25,0.0,0.0
10.25,0.0,0.0
10.25,0.0,0.0
10.25,0.0,0.0
10.25,0.0,0.0
10.25,0.0,0.0
10.25,0.0,0.0
10.25,0.0,0.0
10.25,0.0,0.0
10.25,0.0,0.0
10.25,0.0,0.0
10.25,0.0,0.0
10.25,0.0,0.0
10.25,0.0,0.0
10.25,0.0,0.0
10.25,0.0,0.0
10.25,0.0,0.0
10.25,0.0,0.0
10.25,0.0,0.0
10.25,0.0,0.0
10.25,0.0,0.0
10.25,0.0,0.0
10.25,0.0,0.0
10.25,0.0,0.0
10.25,0.0,0.0
10.25,0.0,0.0
10.25,0.0,0.0
10.25,0.0,0.0
10.25,0.0,0.0
10.25,0.0,0.0
10.25,0.0,0.0
10.25,0.0,0.0
10.25,0.0,0.0
10.25,0.0,0.0
10.25,0.0,0.0
10.25,0.0,0.0
10.25,0.0,0.0
10.25,0.0,0.0
10.25,0.0,0.0
10.25,0.0,0.0
10.25,0.0,0.0
10.25,0.0,0.0
10.25,0.0,0.0
10.25,0.0,0.0
10.25,0.0,0.0
10.25,0.0,0.0
10.25,0.0,0.0
10.25,0.0,0.0
10.25,0.0,0.0
10.25,0.0,0.0
10.25,0.0,0.0
10.25,0.0,0.0
10.25,0.0,0.0
10.25,0.0,0.0
10.25,0.0,0.0
10.25,0.0,0.0
10.25,0.0,0.0
10.25,0.0,0.0
10.25,0.0,0.0
10.25,0.0,0.0
10.25,0.0,0.0
10.25,0.0,0.0
10.25,0.0,0.0
10.25,0.0,0.0
10.25,0.0,0.0
10.25,0.0,0.0
10.25,0.0,0.0
10.25,0.0,0.0
10.25,0.0,0.0
10.25,0.0,0.0
10.25,0.0,0.0
10.25,0.0,0.0
10.25,0.0,0.0
10.25,0.0,0.0
10.25,0.0,0.0
10.25,0.0,0.0
10.25,0.0,0.0
10.25,0.0,0.0
10.25,0.0,0.0
10.25,0.0,0.0
10.25,0.0,0.0
10.25,0.0,0.0
10.25,0.0,0.0
10.25,0.0,0.0
10.25,0.0,0.0
10.25,0.0,0.0
10.25,0.0,0.0
10.25,0.0,0.0
10.25,0.0,0.0
10.25,0.0,0.0
10.25,0.0,0.0
10.25,0.0,0.0
10.25,0.0,0.0
10.25,0.0,0.0
10.25,0.0,0.0
10.25,0.0,0.0
10.25,0.0,0.0
10.25,0.0,0.0
10.25,0.0,0.0
10.25,0.0,0.0
10.25,0.0,0.0
10.25,0.0,0.0
10.25,0.0,0.0
10.25,0.0,0.0
10.25,0.0,0.0
10.25,0.0,0.0
10.25,0.0,0.0
10.25,0.0,0.0
10.25,0.0,0.0
10.25,0.0,0.0
10.25,0.0,0.0
10.25,0.0,0.0
10.25,0.0,0.0
10.25,0.0,0.0
10.25,0.0,0.0
10.25,0.0,0.0
10.25,0.0,0.0
10.25,0.0,0.0
10.25,0.0,0.0
10.25,0.0,0.0
10.25,0.0,0.0
10.25,0.0,0.0
10.25,0.0,0.0
10.25,0.0,0.0
10.25,0.0,0.0
10.25,0.0,0.0
10.25,0.0,0.0
10.25,0.0,0.0
10.25,0.0,0.0
10.25,0.0,0.0
10.25,0.0,0.0
10.25,0.0,0.0
10.25,0.0,0.0
10.25,0.0,0.0
10.25,0.0,0.0
10.25,0.0,0.0
10.25,0.0,0.0
10.25,0.0,0.0
10.25,0.0,0.0
10.25,0.0,0.0
10.25,0.0,0.0
10.25,0.0,0.0
10.25,0.0,0.0
10.25,0.0,0.0
10.25,0.0,0.0
10.25,0.0,0.0
10.25,0.0,0.0
10.25,0.0,0.0
10.25,0.0,0.0
10.25,0.0,0.0
10.25,0.0,0.0
10.25,0.0,0.0
10.25,0.0,0.0
10.25,0.0,0.0
10.25,0.0,0.0
10.25,0.0,0.0
10.25,0.0,0.0
10.25,0.0,0.0
10.25,0.0,0.0
10.25,0.0,0.0
10.25,0.0,0.0
10.25,0.0,0.0
10.25,0.0,0.0
10.25,0.0,0.0
10.25,0.0,0.0
10.25,0.0,0.0
10.25,0.0,0.0
10.25,0.0,0.0
10.25,0.0,0.0
10.25,0.0,0.0
10.25,0.0,0.0
10.25,0.0,0.0
10.25,0.0,0.0
10.25,0.0,0.0
10.25,0.0,0.0
10.25,0.0,0.0
10.25,0.0,0.0
10.25,0.0,0.0
10.25,0.0,0.0
10.25,0.0,0.0
10.25,0.0,0.0
10.25,0.0,0.0
10.25,0.0,0.0
10.25,0.0,0.0
10.25,0.0,0.0
10.25,0.0,0.0
10.25,0.0,0.0
10.25,0.0,0.0
10.25,0.0,0.0
10.25,0.0,0.0
10.25,0.0,0.0
10.25,0.0,0.0
10.25,0.0,0.0
10.25,0.0,0.0
10.25,0.0,0.0
10.25,0.0,0.0
10.25,0.0,0.0
10.25,0.0,0.0
10.25,0.0,0.0
10.25,0.0,0.0
10.25,0.0,0.0
10.25,0.0,0.0
10.25,0.0,0.0
10.25,0.0,0.0
10.25,0.0,0.0
10.25,0.0,0.0
10.25,0.0,0.0
10.25,0.0,0.0
10.25,0.0,0.0
10.25,0.0,0.0
10.25,0.0,0.0
10.25,0.0,0.0
10.25,0.0,0.0
10.25,0.0,0.0
10.25,0.0,0.0
10.25,0.0,0.0
10.25,0.0,0.0
10.25,0.0,0.0
10.25,0.0,0.0
10.25,0.0,0.0
10.25,0.0,0.0
10.25,0.0,0.0
10.25,0.0,0.0
10.25,0.0,0.0
10.25,0.0,0.0
10.25,0.0,0.0
10.25,0.0,0.0
10.25,0.0,0.0
10.25,0.0,0.0
10.25,0.0,0.0
10.25,0.0,0.0
10.25,0.0,0.0
10.25,0.0,0.0
10.25,0.0,0.0
10.25,0.0,0.0
10.25,0.0,0.0
10.25,0.0,0.0
10.25,0.0,0.0
10.25,0.0,0.0
10.25,0.0,0.0
10.25,0.0,0.0
10.25,0.0,0.0
10.25,0.0,0.0
10.25,0.0,0.0
10.25,0.0,0.0
10.25,0.0,0.0
10.25,0.0,0.0
10.25,0.0,0.0
10.25,0.0,0.0
10.25,0.0,0.0
10.25,0.0,0.0
10.25,0.0,0.0
10.25,0.0,0.0
10.25,0.0,0.0
10.25,0.0,0.0
10.25,0.0,0.0
10.25,0.0,0.0
10.25,0.0,0.0
10.25,0.0,0.0
10.25,0.0,0.0
10.25,0.0,0.0
10.25,0.0,0.0
10.25,0.0,0.0
10.25,0.0,0.0
10.25,0.0,0.0
10.25,0.0,0.0
10.25,0.0,0.0
10.25,0.0,0.0
10.25,0.0,0.0
10.25,0.0,0.0
10.25,0.0,0.0
10.25,0.0,0.0
10.25,0.0,0.0
10.25,0.0,0.0
10.25,0.0,0.0
10.25,0.0,0.0
10.25,0.0,0.0
10.25,0.0,0.0
10.25,0.0,0.0
10.25,0.0,0.0
10.25,0.0,0.0
10.25,0.0,0.0
10.25,0.0,0.0
10.25,0.0,0.0
10.25,0.0,0.0
10.25,0.0,0.0
10.25,0.0,0.0
10.25,0.0,0.0
10.25,0.0,0.0
10.25,0.0,0.0
10.25,0.0,0.0
10.25,0.0,0.0
10.25,0.0,0.0
10.25,0.0,0.0
10.25,0.0,0.0
10.25,0.0,0.0
10.25,0.0,0.0
10.25,0.0,0.0
10.25,0.0,0.0
10.25,0.0,0.0
10.25,0.0,0.0
10.25,0.0,0.0
10.25,0.0,0.0
10.25,0.0,0.0
10.25,0.0,0.0
10.25,0.0,0.0
10.25,0.0,0.0
10.25,0.0,0.0
10.25,0.0,0.0
10.25,0.0,0.0
10.25,0.0,0.0
10.25,0.0,0.0
10.25,0.0,0.0
10.25,0.0,0.0
10.25,0.0,0.0
10.25,0.0,0.0
10.25,0.0,0.0
10.25,0.0,0.0
10.25,0.0,0.0
10.25,0.0,0.0
10.25,0.0,0.0
10.25,0.0,0.0
10.25,0.0,0.0
10.25,0.0,0.0
10.25,0.0,0.0
10.25,0.0,0.0
10.25,0.0,0.0
10.25,0.0,0.0
10.25,0.0,0.0
10.25,0.0,0.0
10.25,0.0,0.0
10.25,0.0,0.0
10.25,0.0,0.0
10.25,0.0,0.0
10.25,0.0,0.0
10.25,0.0,0.0
10.25,0.0,0.0
10.25,0.0,0.0
10.25,0.0,0.0
10.25,0.0,0.0
10.25,0.0,0.0
10.25,0.0,0.0
10.25,0.0,0.0
10.25,0.0,0.0
10.25,0.0,0.0
10.25,0.0,0.0
10.25,0.0,0.0
10.25,0.0,0.0
10.25,0.0,0.0
10.25,0.0,0.0
10.25,0.0,0.0
10.25,0.0,0.0
10.25,0.0,0.0
10.25,0.0,0.0
10.25,0.0,0.0
10.25,0.0,0.0
10.25,0.0,0.0
10.25,0.0,0.0
10.25,0.0,0.0
10.25,0.0,0.0
10.25,0.0,0.0
10.25,0.0,0.0
10.25,0.0,0.0
10.25,0.0,0.0
10.25,0.0,0.0
10.25,0.0,0.0
10.25,0.0,0.0
10.25,0.0,0.0
10.25,0.0,0.0
10.25,0.0,0.0
10.25,0.0,0.0
10.25,0.0,0.0
10.25,0.0,0.0
10.25,0.0,0.0
10.25,0.0,0.0
10.25,0.0,0.0
10.25,0.0,0.0
10.25,0.0,0.0
10.25,0.0,0.0
10.25,0.0,0.0
10.25,0.0,0.0
10.25,0.0,0.0
10.25,0.0,0.0
10.25,0.0,0.0
10.25,0.0,0.0
10.25,0.0,0.0
10.25,0.0,0.0
10.25,0.0,0.0
10.25,0.0,0.0
10.25,0.0,0.0
10.25,0.0,0.0
10.25,0.0,0.0
10.25,0.0,0.0
10.25,0.0,0.0
10.25,0.0,0.0
10.25,0.0,0.0
10.25,0.0,0.0
10.25,0.0,0.0
10.25,0.0,0.0
10.25,0.0,0.0
10.25,0.0,0.0
10.25,0.0,0.0
10.25,0.0,0.0
10.25,0.0,0.0
10.25,0.0,0.0
10.25,0.0,0.0
10.25,0.0,0.0
10.25,0.0,0.0
10.25,0.0,0.0
10.25,0.0,0.0
10.25,0.0,0.0
10.25,0.0,0.0
10.25,0.0,0.0
10.25,0.0,0.0
10.25,0.0,0.0
10.25,0.0,0.0
10.25,0.0,0.0
10.25,0.0,0.0
10.25,0.0,0.0
10.25,0.0,0.0
10.25,0.0,0.0
10.25,0.0,0.0
10.25,0.0,0.0
10.25,0.0,0.0
10.25,0.0,0.0
10.25,0.0,0.0
10.25,0.0,0.0
10.25,0.0,0.0
10.25,0.0,0.0
10.25,0.0,0.0
10.25,0.0,0.0
10.25,0.0,0.0
10.25,0.0,0.0
10.25,0.0,0.0
10.25,0.0,0.0
10.25,0.0,0.0
10.25,0.0,0.0
10.25,0.0,0.0
10.25,0.0,0.0
10.25,0.0,0.0
10.25,0.0,0.0
10.25,0.0,0.0
10.25,0.0,0.0
10.25,0.0,0.0
10.25,0.0,0.0
10.25,0.0,0.0
10.25,0.0,0.0
10.25,0.0,0.0
10.25,0.0,0.0
10.25,0.0,0.0
10.25,0.0,0.0
10.25,0.0,0.0
10.25,0.0,0.0
10.25,0.0,0.0
10.25,0.0,0.0
10.25,0.0,0.0
10.25,0.0,0.0
10.25,0.0,0.0
10.25,0.0,0.0
10.25,0.0,0.0
10.25,0.0,0.0
10.25,0.0,0.0
10.25,0.0,0.0
10.25,0.0,0.0
10.25,0.0,0.0
