0.0,77.0,0.0
0.0,80.0,0.0
0.0,84.0,0.0
0.0,83.0,0.0
0.0,85.0,0.0
0.0,83.0,0.0
0.0,82.0,0.0
0.0,80.0,0.0
0.0,80.0,0.0
0.0,83.0,0.0
0.0,80.0,0.0
0.0,80.0,0.0
0.0,81.0,0.0
0.0,81.0,0.0
0.0,80.0,0.0
0.0,79.0,0.0
0.0,80.0,0.0
0.0,76.0,0.0
0.0,76.0,0.0
0.0,76.0,0.0
0.0,78.0,0.0
0.0,78.0,0.0
0.0,80.0,0.0
0.0,80.0,0.0
0.0,82.0,0.0
0.0,81.0,0.0
0.0,80.0,0.0
0.0,80.0,0.0
0.0,80.0,0.0
0.0,79.0,0.0
0.0,79.0,0.0
0.0,79.0,0.0
0.0,79.0,0.0
0.0,78.0,0.0
0.0,79.0,0.0
0.0,80.0,0.0
0.0,81.0,0.0
0.0,80.0,0.0
0.0,79.0,0.0
0.0,78.0,0.0
0.0,77.0,0.0
0.0,78.0,0.0
0.0,81.0,0.0
0.0,80.0,0.0
0.0,81.0,0.0
0.0,81.0,0.0
0.0,79.0,0.0
0.0,78.0,0.0
0.0,77.0,0.0
0.0,78.0,0.0
0.0,77.0,0.0
0.0,78.0,0.0
0.0,78.0,0.0
0.0,78.0,0.0
0.0,79.0,0.0
0.0,83.0,0.0
0.0,84.0,0.0
0.0,81.0,0.0
0.0,81.0,0.0
0.0,80.0,0.0
0.0,79.0,0.0
0.0,79.0,0.0
0.0,78.0,0.0
0.0,79.0,0.0
0.0,78.0,0.0
0.0,77.0,0.0
0.0,77.0,0.0
0.0,79.0,0.0
0.0,80.0,0.0
0.0,80.0,0.0
0.0,80.0,0.0
0.0,80.0,0.0
0.0,80.0,0.0
0.0,79.0,0.0
0.0,79.0,0.0
0.0,80.0,0.0
0.0,80.0,0.0
0.0,80.0,0.0
0.0,80.0,0.0
0.0,79.0,0.0
0.0,76.0,0.0
0.0,76.0,0.0
0.0,77.0,0.0
0.0,76.0,0.0
0.0,77.0,0.0
0.0,77.0,0.0
0.0,79.0,0.0
0.0,75.0,0.0
0.0,76.0,0.0
0.0,77.0,0.0
0.0,78.0,0.0
0.0,76.0,0.0
0.0,76.0,0.0
0.0,78.0,0.0
0.0,78.0,0.0
0.0,76.0,0.0
0.0,77.0,0.0
0.0,76.0,0.0
0.0,75.0,0.0
0.0,77.0,0.0
0.0,78.0,0.0
0.0,77.0,0.0
0.0,76.0,0.0
0.0,76.0,0.0
0.0,75.0,0.0
0.0,74.0,0.0
0.0,75.0,0.0
0.0,77.0,0.0
0.0,76.0,0.0
0.0,77.0,0.0
0.0,75.0,0.0
0.0,74.0,0.0
0.0,75.0,0.0
0.0,76.0,0.0
0.0,76.0,0.0
0.0,76.0,0.0
0.0,77.0,0.0
0.0,76.0,0.0
0.0,77.0,0.0
0.0,76.0,0.0
0.0,75.0,0.0
0.0,76.0,0.0
0.0,75.0,0.0
0.0,75.0,0.0
0.0,76.0,0.0
0.0,75.0,0.0
0.0,76.0,0.0
0.0,76.0,0.0
0.0,77.0,0.0
0.0,76.0,0.0
0.0,78.0,0.0
0.0,76.0,0.0
0.0,76.0,0.0
0.0,77.0,0.0
0.0,77.0,0.0
0.0,76.0,0.0
0.0,77.0,0.0
0.0,77.0,0.0
0.0,76.0,0.0
0.0,76.0,0.0
0.0,75.0,0.0
0.0,76.0,0.0
0.0,77.0,0.0
0.0,77.0,0.0
0.0,76.0,0.0
0.0,76.0,0.0
0.0,76.0,0.0
0.0,76.0,0.0
0.0,75.0,0.0
0.0,76.0,0.0
0.0,75.0,0.0
0.0,76.0,0.0
0.0,76.0,0.0
0.0,76.0,0.0
0.0,76.0,0.0
0.0,75.0,0.0
0.0,75.0,0.0
0.0,74.0,0.0
0.0,74.0,0.0
0.0,74.0,0.0
0.0,74.0,0.0
0.0,75.0,0.0
0.0,74.0,0.0
0.0,74.0,0.0
0.0,74.0,0.0
0.0,74.0,0.0
0.0,74.0,0.0
0.0,74.0,0.0
0.0,74.0,0.0
0.0,72.0,0.0
0.0,72.0,0.0
0.0,73.0,0.0
0.0,72.0,0.0
0.0,72.0,0.0
0.0,74.0,0.0
0.0,73.0,0.0
0.0,75.0,0.0
0.0,74.0,0.0
0.0,74.0,0.0
0.0,74.0,0.0
0.0,75.0,0.0
0.0,75.0,0.0
0.0,76.0,0.0
0.0,77.0,0.0
0.0,76.0,0.0
0.0,75.0,0.0
0.0,76.0,0.0
0.0,77.0,0.0
0.0,77.0,0.0
0.0,77.0,0.0
0.0,77.0,0.0
0.0,77.0,0.0
0.0,76.0,0.0
0.0,76.0,0.0
0.0,74.0,0.0
0.0,76.0,0.0
0.0,76.0,0.0
0.0,75.0,0.0
0.0,76.0,0.0
0.0,77.0,0.0
0.0,77.0,0.0
0.0,75.0,0.0
0.0,76.0,0.0
0.0,76.0,0.0
0.0,74.0,0.0
0.0,75.0,0.0
0.0,76.0,0.0
0.0,75.0,0.0
0.0,76.0,0.0
0.0,76.0,0.0
0.0,76.0,0.0
0.0,75.0,0.0
0.0,76.0,0.0
0.0,77.0,0.0
0.0,75.0,0.0
0.0,75.0,0.0
0.0,75.0,0.0
0.0,76.0,0.0
0.0,75.0,0.0
0.0,75.0,0.0
0.0,75.0,0.0
0.0,75.0,0.0
0.0,76.0,0.0
0.0,76.0,0.0
0.0,78.0,0.0
0.0,76.0,0.0
0.0,75.0,0.0
0.0,77.0,0.0
0.0,77.0,0.0
0.0,75.0,0.0
0.0,75.0,0.0
0.0,75.0,0.0
0.0,76.0,0.0
0.0,75.0,0.0
0.0,76.0,0.0
0.0,77.0,0.0
0.0,77.0,0.0
0.0,77.0,0.0
0.0,77.0,0.0
0.0,80.0,0.0
0.0,80.0,0.0
0.0,78.0,0.0
0.0,76.0,0.0
0.0,75.0,0.0
0.0,72.0,0.0
0.0,73.0,0.0
0.0,73.0,0.0
0.0,73.0,0.0
0.0,73.0,0.0
0.0,75.0,0.0
0.0,77.0,0.0
0.0,76.0,0.0
0.0,78.0,0.0
0.0,80.0,0.0
0.0,80.0,0.0
0.0,80.0,0.0
0.0,79.0,0.0
0.0,78.0,0.0
0.0,79.0,0.0
0.0,79.0,0.0
0.0,96.0,0.0
0.0,122.0,0.0
0.0,114.0,0.0
0.0,100.0,0.0
0.0,94.0,0.0
0.0,96.0,0.0
0.0,118.0,0.0
0.0,144.0,0.0
0.0,153.0,0.0
0.0,145.0,0.0
0.0,128.0,0.0
0.0,128.0,0.0
0.0,134.0,0.0
0.0,134.0,0.0
0.0,133.0,0.0
0.0,141.0,0.0
0.0,137.0,0.0
0.0,134.0,0.0
0.0,135.0,0.0
0.0,140.0,0.0
0.0,149.0,0.0
0.0,148.0,0.0
0.0,148.0,0.0
0.0,147.0,0.0
0.0,144.0,0.0
0.0,142.0,0.0
0.0,141.0,0.0
0.0,134.0,0.0
0.0,130.0,0.0
0.0,112.0,0.0
0.0,107.0,0.0
0.0,104.0,0.0
0.0,101.0,0.0
0.0,94.0,0.0
0.0,92.0,0.0
0.0,90.0,0.0
0.0,89.0,0.0
0.0,88.0,0.0
0.0,87.0,0.0
0.0,83.0,0.0
0.0,81.0,0.0
0.0,82.0,0.0
0.0,85.0,0.0
0.0,84.0,0.0
0.0,84.0,0.0
0.0,82.0,0.0
0.0,82.0,0.0
0.0,85.0,0.0
0.0,85.0,0.0
0.0,86.0,0.0
0.0,85.0,0.0
0.0,83.0,0.0
0.0,84.0,0.0
0.0,86.0,0.0
0.0,87.0,0.0
0.0,88.0,0.0
0.0,88.0,0.0
0.0,86.0,0.0
0.0,85.0,0.0
0.0,85.0,0.0
0.0,87.0,0.0
0.0,85.0,0.0
0.0,85.0,0.0
0.0,85.0,0.0
0.0,85.0,0.0
0.0,85.0,0.0
0.0,85.0,0.0
0.0,83.0,0.0
0.0,83.0,0.0
0.0,82.0,0.0
0.0,82.0,0.0
0.0,82.0,0.0
0.0,81.0,0.0
0.0,80.0,0.0
0.0,79.0,0.0
0.0,80.0,0.0
0.0,80.0,0.0
0.0,79.0,0.0
0.0,78.0,0.0
0.0,79.0,0.0
0.0,79.0,0.0
0.0,79.0,0.0
0.0,80.0,0.0
0.0,79.0,0.0
0.0,79.0,0.0
0.0,78.0,0.0
0.0,77.0,0.0
0.0,76.0,0.0
0.0,75.0,0.0
0.0,75.0,0.0
0.0,74.0,0.0
0.0,75.0,0.0
0.0,74.0,0.0
0.0,74.0,0.0
0.0,74.0,0.0
0.0,75.0,0.0
0.0,74.0,0.0
0.0,74.0,0.0
0.0,74.0,0.0
0.0,74.0,0.0
0.0,74.0,0.0
0.0,73.0,0.0
0.0,73.0,0.0
0.0,73.0,0.0
0.0,72.0,0.0
0.0,72.0,0.0
0.0,72.0,0.0
0.0,72.0,0.0
0.0,72.0,0.0
0.0,71.0,0.0
0.0,71.0,0.0
0.0,72.0,0.0
0.0,72.0,0.0
0.0,72.0,0.0
0.0,71.0,0.0
0.0,72.0,0.0
0.0,71.0,0.0
0.0,70.0,0.0
0.0,71.0,0.0
0.0,73.0,0.0
0.0,72.0,0.0
0.0,72.0,0.0
0.0,72.0,0.0
0.0,72.0,0.0
0.0,71.0,0.0
0.0,72.0,0.0
0.0,72.0,0.0
0.0,72.0,0.0
0.0,71.0,0.0
0.0,71.0,0.0
0.0,71.0,0.0
0.0,72.0,0.0
0.0,70.0,0.0
0.0,71.0,0.0
0.0,70.0,0.0
0.0,71.0,0.0
0.0,72.0,0.0
0.0,72.0,0.0
0.0,74.0,0.0
0.0,73.0,0.0
0.0,72.0,0.0
0.0,72.0,0.0
0.0,73.0,0.0
0.0,73.0,0.0
0.0,73.0,0.0
0.0,73.0,0.0
0.0,73.0,0.0
0.0,72.0,0.0
0.0,72.0,0.0
0.0,71.0,0.0
0.0,74.0,0.0
0.0,74.0,0.0
0.0,72.0,0.0
0.0,71.0,0.0
0.0,71.0,0.0
0.0,70.0,0.0
0.0,71.0,0.0
0.0,72.0,0.0
0.0,72.0,0.0
0.0,71.0,0.0
0.0,77.0,0.0
0.0,104.0,0.0
0.0,226.0,0.0
0.0,494.0,0.0
0.0,789.0,0.0
0.0,945.0,0.0
0.0,1083.0,0.0
0.0,1221.0,0.0
0.0833333,1481.0,0.113636
0.0833333,1489.0,0.113636
0.0833333,1614.0,0.113636
0.0833333,1695.0,0.113636
0.0833333,1877.0,0.113636
0.0833333,2000.0,0.113636
0.0833333,2042.0,0.113636
0.0833333,2059.0,0.113636
0.0833333,2051.0,0.113636
0.166667,1984.0,0.113636
0.166667,1925.0,0.113636
0.166667,1882.0,0.113636
0.166667,1860.0,0.113636
0.166667,1854.0,0.113636
0.25,1862.0,0.113636
0.25,1862.0,0.511364
0.25,1862.0,0.511364
0.25,1869.0,0.511364
0.333333,1843.0,0.511364
0.333333,1811.0,0.738636
0.333333,1780.0,0.738636
0.333333,1700.0,0.738636
0.416667,1632.0,0.795454
0.416667,1623.0,0.795454
0.416667,1650.0,0.795454
0.5,1666.0,0.795454
0.5,1652.0,0.795454
0.5,1559.0,0.795454
0.5,1511.0,0.795454
0.5,1496.0,0.795454
0.5,1496.0,0.795454
0.583333,1410.0,0.795454
0.583333,1327.0,0.454545
0.583333,1322.0,0.454545
0.583333,1351.0,0.454545
0.583333,1386.0,0.454545
0.583333,1386.0,0.454545
0.583333,1363.0,0.454545
0.583333,1352.0,0.454545
0.583333,1334.0,0.454545
0.583333,1305.0,0.454545
0.583333,1304.0,0.454545
0.583333,1309.0,0.454545
0.583333,1310.0,0.454545
0.583333,1302.0,0.454545
0.666667,1256.0,0.227273
0.666667,1244.0,0.227273
0.666667,1247.0,0.227273
0.666667,1255.0,0.227273
0.666667,1256.0,0.227273
0.75,1264.0,0.568182
0.833333,1280.0,0.568182
0.833333,1304.0,1.59091
0.833333,1347.0,1.59091
0.916667,1416.0,1.59091
0.916667,1448.0,1.13636
1.0,1475.0,1.76136
1.0,1507.0,1.76136
1.08333,1507.0,1.42045
1.08333,1579.0,1.42045
1.16667,1651.0,1.25
1.25,1698.0,1.25
1.25,1729.0,1.76136
1.33333,1776.0,1.76136
1.33333,1792.0,1.53409
1.41667,1736.0,1.53409
1.41667,1636.0,1.47727
1.41667,1530.0,1.47727
1.41667,1557.0,1.47727
1.5,1608.0,0.795454
1.58333,1565.0,0.795454
1.58333,1522.0,1.76136
1.58333,1451.0,1.76136
1.66667,1492.0,1.19318
1.75,1539.0,1.19318
1.75,1545.0,1.76136
1.83333,1371.0,1.76136
1.83333,1186.0,1.76136
1.91667,1152.0,1.59091
1.91667,1181.0,1.59091
2.0,1189.0,1.47727
2.08333,1099.0,1.47727
2.08333,1069.0,1.59091
2.16667,1064.0,1.59091
2.16667,1042.0,1.64773
2.16667,963.0,1.64773
2.16667,944.0,1.64773
2.25,871.0,0.795454
2.33333,792.0,0.795454
2.33333,647.0,1.70455
2.41667,488.0,1.70455
2.41667,426.0,1.64773
2.5,362.0,1.53409
2.5,288.0,1.53409
2.58333,205.0,1.47727
2.58333,170.0,1.47727
2.66667,117.0,1.64773
2.66667,46.0,1.64773
2.75,0.0,1.36364
2.83333,0.0,1.36364
2.83333,0.0,1.76136
2.91667,0.0,1.76136
2.91667,0.0,1.53409
3.0,0.0,1.53409
3.0,0.0,1.36364
3.08333,0.0,1.36364
3.08333,0.0,1.36364
3.16667,0.0,1.36364
3.16667,0.0,1.42045
3.16667,0.0,1.42045
3.25,0.0,1.13636
3.33333,0.0,1.13636
3.33333,41.0,1.98864
3.41667,298.0,1.98864
3.41667,435.0,1.53409
3.5,436.0,1.53409
3.5,635.0,1.25
3.58333,869.0,1.25
3.58333,911.0,1.53409
3.66667,951.0,1.76136
3.66667,1014.0,1.76136
3.66667,1118.0,1.76136
3.66667,1172.0,1.76136
3.75,1190.0,0.738636
3.75,1190.0,0.738636
3.75,1177.0,0.738636
3.75,1189.0,0.738636
3.75,1206.0,0.738636
3.83333,1219.0,0.568182
3.83333,1220.0,0.568182
3.83333,1207.0,0.568182
3.83333,1190.0,0.568182
3.91667,1178.0,0.568182
3.91667,1177.0,0.625
4.0,1196.0,1.93182
4.08333,1215.0,1.93182
4.08333,1205.0,2.15909
4.16667,1199.0,1.59091
4.25,1203.0,1.59091
4.25,1213.0,2.10227
4.33333,1194.0,1.81818
4.41667,1175.0,1.81818
4.41667,1151.0,2.15909
4.5,1080.0,1.875
4.58333,1080.0,2.27273
4.66667,987.0,2.27273
4.66667,952.0,2.04545
4.75,936.0,2.04545
4.83333,909.0,2.15909
4.91667,814.0,2.15909
4.91667,720.0,1.98864
5.0,613.0,1.875
5.08333,515.0,1.875
5.08333,388.0,2.21591
5.16667,328.0,1.93182
5.16667,291.0,1.93182
5.16667,296.0,1.93182
5.16667,313.0,1.93182
5.25,301.0,1.93182
5.33333,254.0,0.625
5.33333,160.0,1.98864
5.41667,110.0,1.98864
5.41667,94.0,1.98864
5.41667,107.0,1.98864
5.5,127.0,1.07955
5.58333,117.0,1.07955
5.66667,49.0,1.93182
5.66667,9.0,2.15909
5.75,0.0,2.04545
5.83333,0.0,2.04545
5.91667,0.0,2.15909
5.91667,0.0,2.04545
6.0,51.0,1.81818
6.0,150.0,1.81818
6.0,239.0,1.81818
6.08333,401.0,1.13636
6.16667,532.0,2.10227
6.25,638.0,2.10227
6.25,727.0,2.10227
6.33333,832.0,2.15909
6.41667,886.0,2.15909
6.5,911.0,1.93182
6.5,959.0,2.32954
6.58333,982.0,1.93182
6.66667,938.0,2.32954
6.75,936.0,2.32954
6.75,936.0,2.10227
6.83333,951.0,1.98864
6.91667,974.0,2.21591
7.0,959.0,2.21591
7.0,934.0,2.04545
7.0,918.0,2.04545
7.0,902.0,2.04545
7.08333,860.0,2.04545
7.08333,827.0,0.738636
7.16667,805.0,1.81818
7.25,786.0,2.95454
7.33333,773.0,2.95454
7.41667,755.0,2.21591
7.41667,751.0,2.27273
7.5,751.0,2.21591
7.58333,822.0,2.44318
7.58333,905.0,2.44318
7.66667,961.0,2.44318
7.75,991.0,1.13636
7.75,994.0,2.32954
7.83333,948.0,2.21591
7.91667,890.0,2.21591
8.0,886.0,2.15909
8.08333,875.0,2.10227
8.08333,836.0,2.72727
8.16667,754.0,2.27273
8.25,719.0,2.27273
8.33333,653.0,2.15909
8.33333,653.0,2.27273
8.33333,618.0,2.27273
8.33333,605.0,2.27273
8.41667,600.0,0.738636
8.41667,610.0,0.738636
8.41667,653.0,0.738636
8.5,723.0,1.07955
8.58333,752.0,2.5
8.58333,749.0,2.5
8.66667,705.0,2.5
8.75,646.0,1.19318
8.83333,665.0,2.61364
8.83333,716.0,2.5
8.91667,785.0,2.32954
8.91667,802.0,2.32954
8.91667,802.0,2.32954
9.0,973.0,0.852273
9.08333,1055.0,2.5
9.16667,1111.0,2.5
9.25,1133.0,2.55682
9.33333,1088.0,2.67045
9.41667,1062.0,2.44318
9.41667,1050.0,2.44318
9.5,1036.0,2.44318
9.58333,1024.0,2.38636
9.66667,1038.0,2.55682
9.66667,1070.0,2.55682
9.66667,1081.0,2.55682
9.75,1075.0,2.55682
9.83333,1037.0,0.852273
9.83333,1009.0,2.78409
9.83333,993.0,2.78409
9.83333,975.0,2.78409
9.91667,917.0,0.795454
10.0,893.0,2.67045
10.0833,916.0,2.89773
10.1667,923.0,2.78409
10.25,882.0,2.61364
10.3333,876.0,2.78409
10.4167,890.0,3.125
10.5,869.0,2.61364
10.5833,823.0,2.61364
10.6667,810.0,2.72727
10.75,836.0,2.32954
10.8333,818.0,3.40909
10.8333,786.0,2.61364
10.9167,789.0,2.61364
11.0,849.0,1.19318
11.0833,859.0,3.18182
11.0833,827.0,2.67045
11.1667,806.0,2.55682
11.1667,817.0,2.55682
11.1667,824.0,2.55682
11.25,801.0,0.909091
11.3333,775.0,2.78409
11.4167,758.0,2.78409
11.5,750.0,2.15909
11.5833,727.0,2.72727
11.6667,727.0,2.38636
11.75,713.0,3.40909
11.8333,694.0,2.5
11.9167,652.0,2.72727
11.9167,665.0,3.125
11.9167,692.0,3.125
12.0833,729.0,3.125
12.1667,726.0,3.52273
12.25,725.0,2.84091
12.25,739.0,2.67045
12.25,756.0,2.67045
12.3333,768.0,1.19318
12.4167,808.0,2.95454
12.5,808.0,3.18182
12.5833,874.0,2.78409
12.6667,951.0,2.72727
12.75,1018.0,2.72727
12.8333,1013.0,2.84091
12.9167,1008.0,3.125
13.0,1022.0,2.84091
13.0833,1059.0,2.55682
13.1667,1075.0,3.23864
13.25,1086.0,2.84091
13.3333,1101.0,2.72727
13.4167,1171.0,3.125
13.5,1260.0,2.95454
13.5833,1276.0,2.72727
13.6667,1277.0,2.84091
13.6667,1288.0,2.84091
13.8333,1284.0,2.84091
13.8333,1270.0,3.69318
13.9167,1260.0,3.69318
13.9167,1257.0,1.42045
13.9167,1256.0,1.42045
14.0,1222.0,1.42045
14.0833,1210.0,1.02273
14.1667,1225.0,3.40909
14.25,1245.0,3.06818
14.3333,1224.0,3.125
14.3333,1214.0,3.125
14.4167,1212.0,1.53409
14.5833,1213.0,1.53409
14.6667,1213.0,3.06818
14.75,1201.0,3.29545
14.8333,1209.0,3.23864
14.9167,1216.0,3.125
15.0,1214.0,3.125
15.0833,1179.0,3.125
15.0833,1145.0,3.125
15.25,1150.0,3.125
15.3333,1161.0,3.75
15.4167,1172.0,3.35227
15.5,1155.0,2.95454
15.5,1159.0,2.84091
15.5,1180.0,2.84091
15.5,1196.0,2.84091
15.5,1198.0,2.84091
15.5,1210.0,2.84091
15.5,1207.0,2.84091
15.5833,1179.0,2.84091
15.5833,1129.0,0.397727
15.5833,1051.0,0.397727
15.75,1051.0,1.25
15.8333,1030.0,3.35227
15.9167,955.0,3.35227
16.0,857.0,3.63636
16.0833,823.0,3.40909
16.25,770.0,3.40909
16.3333,721.0,3.40909
16.4167,715.0,3.125
16.4167,765.0,3.35227
16.4167,783.0,3.35227
16.5,791.0,1.07955
16.6667,858.0,3.23864
16.6667,909.0,3.75
16.6667,810.0,3.75
16.6667,753.0,3.75
16.6667,752.0,3.75
16.6667,790.0,3.75
16.8333,836.0,3.75
16.9167,826.0,3.29545
17.0,802.0,3.57954
17.0833,775.0,3.57954
17.1667,760.0,3.35227
17.3333,680.0,3.75
17.3333,680.0,3.86364
17.4167,652.0,1.70455
17.5,683.0,3.52273
17.5833,714.0,3.52273
17.5833,739.0,1.70455
17.6667,771.0,1.70455
17.75,783.0,1.53409
17.8333,815.0,3.80682
17.9167,822.0,4.375
18.0833,842.0,3.46591
18.1667,892.0,3.125
18.25,924.0,3.46591
18.3333,891.0,3.52273
18.5,887.0,3.52273
18.5833,900.0,3.52273
18.6667,902.0,3.52273
18.75,769.0,3.63636
18.9167,741.0,3.63636
19.0,794.0,3.57954
19.0833,834.0,3.57954
19.25,840.0,3.57954
19.3333,809.0,3.35227
19.4167,793.0,3.69318
19.5,781.0,3.40909
19.6667,789.0,3.63636
19.75,782.0,3.63636
19.8333,782.0,3.92045
19.9167,779.0,3.86364
20.0833,787.0,3.86364
20.1667,824.0,3.63636
20.25,917.0,3.52273
20.4167,912.0,3.52273
20.5,884.0,3.63636
20.5833,846.0,4.09091
20.75,706.0,3.75
20.75,642.0,3.69318
20.8333,626.0,1.70455
21.0,655.0,1.70455
21.0833,709.0,3.75
21.0833,682.0,3.52273
21.25,705.0,3.52273
21.3333,705.0,3.80682
21.4167,684.0,3.29545
21.5,684.0,3.86364
21.5833,599.0,3.52273
21.6667,574.0,2.10227
21.8333,547.0,3.63636
21.9167,526.0,3.80682
22.0,535.0,3.40909
22.1667,560.0,3.80682
22.25,563.0,3.97727
22.3333,527.0,3.92045
22.3333,511.0,3.46591
22.4167,561.0,3.46591
22.5,550.0,1.19318
22.5833,525.0,4.20454
22.75,525.0,3.86364
22.75,450.0,3.63636
22.75,408.0,3.63636
22.75,366.0,3.63636
22.8333,346.0,3.63636
22.9167,388.0,0.738636
23.0,394.0,4.03409
23.0833,397.0,4.03409
23.1667,401.0,1.76136
23.3333,386.0,4.09091
23.4167,368.0,4.375
23.5,366.0,3.86364
23.6667,362.0,3.86364
23.75,349.0,3.92045
23.8333,347.0,3.29545
24.0,389.0,3.40909
24.0833,428.0,4.48864
24.1667,421.0,3.46591
24.1667,421.0,3.80682
24.1667,451.0,3.80682
24.25,443.0,3.80682
24.25,400.0,0.909091
24.3333,376.0,0.909091
24.4167,386.0,1.25
24.4167,433.0,3.57954
24.5833,458.0,3.57954
24.6667,446.0,3.80682
24.75,420.0,3.75
24.8333,385.0,3.97727
24.9167,385.0,3.97727
25.0,317.0,1.70455
25.1667,281.0,3.69318
25.1667,307.0,3.86364
25.1667,360.0,3.86364
25.25,384.0,1.25
25.3333,393.0,3.75
25.3333,400.0,3.75
25.4167,443.0,1.19318
25.5,478.0,1.19318
25.5,507.0,1.81818
25.5833,491.0,1.875
25.6667,475.0,1.875
25.75,509.0,1.93182
25.8333,678.0,4.26136
26.0,631.0,4.26136
26.0,569.0,4.03409
26.0,554.0,4.03409
26.0833,559.0,1.19318
26.0833,583.0,1.19318
26.1667,590.0,1.64773
26.1667,597.0,1.64773
26.25,612.0,1.30682
26.3333,612.0,3.40909
26.4167,633.0,3.40909
26.4167,683.0,1.875
26.4167,768.0,1.875
26.5,772.0,1.19318
26.5,756.0,1.19318
26.5833,749.0,1.25
26.6667,828.0,1.25
26.75,800.0,1.81818
26.8333,776.0,3.40909
26.8333,804.0,3.40909
26.9167,854.0,3.40909
27.0,858.0,1.13636
27.0833,850.0,4.54545
27.1667,872.0,3.06818
27.1667,942.0,1.98864
27.1667,906.0,1.98864
27.25,806.0,1.25
27.4167,808.0,3.46591
27.5,873.0,3.63636
27.5,873.0,3.57954
27.5833,954.0,3.57954
27.6667,919.0,1.25
27.75,909.0,3.46591
27.8333,933.0,3.125
28.0,932.0,3.86364
28.0833,825.0,3.92045
28.1667,790.0,3.57954
28.25,819.0,4.09091
28.4167,872.0,4.09091
28.5,910.0,3.57954
28.5833,901.0,3.57954
28.6667,892.0,1.81818
28.6667,893.0,4.03409
28.6667,920.0,4.03409
28.75,920.0,1.13636
28.8333,921.0,1.13636
28.9167,920.0,4.09091
29.0,924.0,4.09091
29.0833,965.0,1.81818
29.1667,982.0,3.69318
29.25,995.0,4.54545
29.3333,1010.0,4.54545
29.4167,1015.0,4.26136
29.4167,1030.0,4.26136
29.5,1017.0,4.26136
29.5,967.0,1.13636
29.6667,944.0,1.76136
29.75,890.0,5.34091
29.8333,863.0,2.95454
29.9167,859.0,3.57954
29.9167,864.0,3.57954
30.0833,905.0,3.57954
30.0833,897.0,4.43182
30.1667,876.0,1.81818
30.25,873.0,1.81818
30.3333,879.0,1.70455
30.4167,852.0,3.57954
30.5,869.0,3.18182
30.6667,890.0,3.35227
30.75,910.0,4.65909
30.9167,916.0,4.65909
31.0,948.0,4.88636
31.0833,948.0,3.125
31.1667,1042.0,3.69318
31.3333,1091.0,3.69318
31.4167,1031.0,3.63636
32.4167,1063.0,4.43182
32.5,1082.0,3.97727
32.5833,1133.0,3.63636
32.75,1197.0,3.63636
32.8333,1243.0,3.86364
33.0,1248.0,4.31818
33.0833,1198.0,4.375
33.1667,1111.0,4.03409
33.3333,1040.0,4.03409
33.4167,1014.0,3.92045
33.4167,1034.0,3.75
33.5,1094.0,3.75
33.5833,1134.0,4.14773
33.6667,1136.0,4.14773
33.75,1127.0,1.93182
33.8333,1133.0,3.57954
34.0,1154.0,3.57954
34.0833,1184.0,4.03409
34.1667,1210.0,3.86364
34.25,1213.0,3.86364
34.3333,1181.0,4.26136
34.5,1081.0,4.26136
34.5833,1049.0,3.97727
34.75,1037.0,4.09091
34.75,1028.0,4.375
34.8333,974.0,1.875
35.0,945.0,4.43182
35.0833,946.0,4.43182
35.0833,946.0,1.30682
35.1667,964.0,1.98864
35.3333,891.0,1.98864
35.4167,815.0,4.71591
35.5,741.0,3.63636
35.6667,658.0,3.63636
35.75,577.0,3.69318
35.9167,604.0,3.69318
36.25,632.0,1.875
36.25,630.0,1.875
36.25,610.0,1.875
36.3333,597.0,1.875
36.3333,591.0,0.738636
36.5,606.0,1.76136
36.5833,663.0,4.48864
36.75,709.0,4.48864
36.8333,767.0,4.77273
36.9167,813.0,3.86364
37.0833,809.0,3.86364
37.1667,844.0,4.31818
37.3333,872.0,3.92045
37.4167,883.0,4.14773
37.5,883.0,3.63636
37.6667,923.0,3.86364
37.75,994.0,3.75
37.8333,1026.0,3.75
37.9167,997.0,3.75
37.9167,960.0,2.04545
38.0,969.0,1.98864
38.1667,983.0,3.75
38.25,1034.0,4.26136
38.4167,1099.0,4.03409
38.5,977.0,4.20454
38.5833,918.0,3.35227
38.75,928.0,3.92045
38.8333,950.0,4.09091
39.0,986.0,4.09091
39.0,1039.0,3.57954
39.1667,1039.0,3.57954
39.25,1059.0,3.97727
39.3333,1091.0,4.31818
39.5,1179.0,4.31818
39.5833,1191.0,4.09091
39.6667,1162.0,3.97727
39.8333,1173.0,3.97727
39.9167,1150.0,4.03409
40.0833,1024.0,4.03409
40.1667,982.0,3.86364
40.25,998.0,3.86364
40.3333,1050.0,2.04545
40.4167,1102.0,3.86364
40.5,1112.0,2.15909
40.5833,1117.0,4.14773
40.75,1133.0,4.14773
40.75,1168.0,4.48864
40.75,1200.0,4.48864
40.9167,1103.0,4.48864
41.0,1020.0,4.48864
41.0833,1001.0,3.92045
41.0833,1040.0,3.92045
41.25,1063.0,3.92045
41.3333,1060.0,3.97727
41.5,1031.0,3.97727
41.5833,1038.0,3.86364
41.6667,1056.0,3.92045
41.75,1061.0,3.92045
41.75,1046.0,1.93182
41.9167,1043.0,2.10227
42.0,1036.0,3.92045
42.0,1006.0,3.63636
42.0,988.0,3.63636
42.0833,979.0,3.63636
42.1667,991.0,4.375
42.3333,1038.0,4.03409
42.4167,1115.0,3.92045
42.4167,1130.0,4.48864
42.5833,1076.0,4.48864
42.6667,996.0,4.54545
42.8333,996.0,3.97727
42.9167,978.0,3.97727
43.0,1062.0,3.80682
43.0833,1062.0,1.98864
43.1667,1195.0,4.26136
43.1667,1193.0,4.26136
43.1667,1188.0,4.26136
43.3333,1158.0,4.26136
43.3333,1048.0,4.03409
43.4167,1019.0,1.93182
43.5833,1019.0,3.69318
43.5833,958.0,5.05682
43.5833,874.0,5.05682
43.75,865.0,5.05682
43.8333,890.0,4.03409
44.0,894.0,3.80682
44.0833,930.0,3.80682
44.1667,1107.0,3.57954
44.25,1153.0,3.57954
44.3333,1133.0,5.0
44.4167,1154.0,3.57954
44.5,1119.0,3.46591
44.5833,964.0,2.21591
44.75,913.0,3.57954
44.8333,960.0,3.97727
44.9167,1043.0,3.92045
45.0833,1085.0,3.92045
45.1667,1086.0,4.20454
45.3333,1066.0,4.20454
45.4167,1066.0,4.09091
45.5,1048.0,3.75
45.6667,946.0,3.97727
45.75,930.0,3.97727
45.8333,967.0,4.09091
45.9167,926.0,4.09091
45.9167,817.0,1.875
46.0833,871.0,1.93182
46.1667,917.0,4.375
46.25,929.0,3.80682
46.4167,865.0,3.80682
46.4167,834.0,3.29545
46.4167,843.0,3.29545
46.5,897.0,3.29545
46.5833,920.0,0.965909
46.6667,934.0,4.26136
46.8333,934.0,4.26136
46.9167,948.0,4.375
47.0833,994.0,3.92045
47.1667,971.0,3.92045
47.25,1100.0,3.75
47.4167,1118.0,3.75
47.5,1062.0,3.86364
47.5833,1001.0,3.86364
47.6667,1037.0,3.125
47.75,1069.0,4.14773
47.75,954.0,4.14773
47.75,880.0,4.14773
47.9167,866.0,4.14773
47.9167,866.0,3.75
47.9167,853.0,3.75
48.0833,818.0,3.75
48.1667,756.0,3.86364
48.25,702.0,3.97727
48.3333,682.0,3.86364
48.5,678.0,3.86364
48.5833,678.0,3.63636
48.75,665.0,3.63636
48.8333,799.0,3.75
48.9167,799.0,3.80682
49.0,724.0,3.35227
49.1667,688.0,3.35227
49.25,633.0,3.52273
49.3333,666.0,3.52273
49.4167,686.0,3.57954
49.5833,712.0,3.57954
49.6667,744.0,3.52273
49.75,710.0,3.69318
49.9167,726.0,3.69318
50.0,771.0,3.69318
50.0833,833.0,3.69318
50.1667,923.0,3.57954
50.3333,912.0,3.57954
50.4167,886.0,3.57954
50.5,920.0,3.57954
50.5833,958.0,3.63636
50.75,957.0,3.63636
50.8333,989.0,3.63636
50.9167,1025.0,3.52273
51.0,1025.0,3.63636
51.1667,1042.0,3.63636
51.25,1114.0,3.63636
51.3333,1139.0,3.75
51.3333,1139.0,3.75
51.4167,1128.0,3.75
51.5,1076.0,1.13636
51.5833,1133.0,3.57954
51.6667,1180.0,3.46591
51.8333,1178.0,3.52273
51.9167,1194.0,3.52273
52.0,1202.0,3.57954
52.0833,1201.0,3.63636
52.25,1189.0,3.63636
52.25,1198.0,3.92045
52.25,1201.0,3.92045
52.25,1192.0,3.92045
52.4167,1187.0,3.92045
52.5,1178.0,3.40909
52.5,1126.0,3.92045
52.5,1084.0,3.92045
52.6667,1067.0,3.92045
52.75,1057.0,3.52273
52.8333,1023.0,3.69318
52.9167,1011.0,3.75
53.0833,1045.0,3.75
53.1667,1046.0,3.69318
53.25,1080.0,4.03409
53.3333,1010.0,3.52273
53.5,983.0,3.52273
53.5833,947.0,3.57954
53.6667,911.0,3.23864
53.8333,975.0,3.97727
53.8333,1010.0,4.48864
53.9167,1072.0,1.70455
54.0,1137.0,1.70455
54.0833,1118.0,1.875
54.0833,1154.0,3.35227
54.0833,1185.0,3.35227
54.1667,1210.0,3.35227
54.25,1209.0,0.909091
54.25,1222.0,3.52273
54.25,1244.0,3.52273
54.4167,1244.0,3.52273
54.5,1227.0,3.57954
54.5833,1203.0,3.69318
54.75,1213.0,3.69318
54.8333,1210.0,3.75
54.9167,1199.0,3.75
55.0833,1217.0,3.75
55.1667,1240.0,3.52273
55.25,1259.0,3.52273
55.3333,1274.0,3.69318
55.3333,1271.0,3.69318
55.4167,1253.0,1.19318
55.5,1239.0,3.86364
55.5,1220.0,3.86364
55.5,1203.0,3.86364
55.5833,1204.0,0.965909
55.75,1222.0,0.965909
55.8333,1256.0,3.52273
56.0,1259.0,3.52273
56.0833,1239.0,3.86364
56.0833,1240.0,4.43182
56.0833,1254.0,4.43182
56.1667,1239.0,1.13636
56.25,1224.0,2.10227
56.3333,1203.0,3.86364
56.5,1206.0,3.86364
56.5833,1206.0,4.26136
56.6667,1203.0,4.14773
56.75,1207.0,3.46591
56.75,1219.0,3.46591
56.75,1199.0,3.46591
56.8333,1174.0,3.46591
56.9167,1150.0,0.738636
56.9167,1146.0,3.92045
57.0833,1115.0,3.92045
57.1667,1155.0,3.75
57.25,1187.0,4.26136
57.3333,1161.0,3.57954
57.4167,1160.0,3.40909
57.4167,1205.0,3.40909
57.5833,1235.0,3.40909
57.6667,1232.0,3.97727
57.75,1232.0,3.63636
57.75,1244.0,3.52273
57.9167,1345.0,3.52273
57.9167,1375.0,3.57954
57.9167,1351.0,3.57954
57.9167,1328.0,3.57954
58.0833,1326.0,3.57954
58.1667,1290.0,3.80682
58.1667,1271.0,3.80682
58.3333,1242.0,3.80682
58.4167,1193.0,3.86364
58.5,1186.0,3.57954
58.5833,1186.0,3.92045
58.6667,1195.0,3.92045
58.75,1204.0,1.53409
58.8333,1211.0,4.48864
59.0,1210.0,3.80682
59.0833,1197.0,3.75
59.1667,1198.0,3.69318
59.25,1221.0,3.46591
59.4167,1238.0,3.46591
59.5,1233.0,3.63636
59.5833,1227.0,3.69318
59.6667,1243.0,3.57954
59.8333,1303.0,3.57954
59.9167,1336.0,3.57954
60.0,1336.0,3.35227
60.1667,1326.0,3.35227
60.25,1327.0,3.63636
60.3333,1309.0,3.69318
60.4167,1337.0,3.52273
60.5833,1378.0,3.52273
60.6667,1358.0,3.69318
60.75,1209.0,3.69318
60.9167,1124.0,3.69318
61.0,1130.0,3.40909
61.0833,1235.0,3.75
61.1667,1435.0,3.52273
61.3333,1457.0,3.52273
61.3333,1438.0,3.57954
61.4167,1434.0,3.57954
61.5,1346.0,3.63636
61.5833,1391.0,3.63636
61.6667,1391.0,1.81818
61.75,1450.0,3.40909
61.8333,1419.0,4.09091
62.0,1326.0,4.09091
62.0833,1293.0,3.86364
62.1667,1400.0,4.31818
62.25,1430.0,3.52273
62.3333,1396.0,3.52273
62.3333,1433.0,3.52273
62.4167,1474.0,3.52273
62.5,1433.0,3.29545
62.5833,1352.0,3.63636
62.75,1359.0,3.52273
62.8333,1386.0,3.125
62.9167,1387.0,3.92045
63.0,1383.0,3.86364
63.1667,1340.0,3.86364
63.25,1277.0,3.40909
63.3333,1289.0,3.80682
63.4167,1304.0,3.63636
63.5833,1304.0,3.63636
63.6667,1328.0,3.52273
63.75,1343.0,3.01136
63.8333,1349.0,3.57954
63.9167,1378.0,3.57954
64.0,1394.0,1.76136
64.0833,1346.0,3.57954
64.0833,1308.0,3.40909
64.1667,1271.0,1.76136
64.3333,1287.0,3.46591
64.4167,1350.0,3.63636
64.4167,1387.0,3.40909
64.4167,1416.0,3.40909
64.5,1420.0,1.19318
64.5833,1333.0,1.19318
64.6667,1228.0,3.52273
64.8333,1260.0,3.52273
64.9167,1282.0,3.57954
65.0,1311.0,3.92045
65.0833,1363.0,3.57954
65.0833,1304.0,3.57954
65.1667,1285.0,3.57954
65.25,1322.0,3.80682
65.4167,1322.0,3.80682
65.4167,1387.0,4.14773
65.5,1367.0,4.14773
65.5833,1355.0,1.53409
65.6667,1369.0,4.60227
65.6667,1374.0,4.60227
65.75,1416.0,4.60227
65.9167,1376.0,4.60227
66.0,1331.0,4.20454
66.0833,1330.0,3.46591
66.0833,1335.0,3.52273
66.25,1339.0,3.52273
66.3333,1322.0,4.09091
66.4167,1321.0,3.86364
66.6667,1379.0,4.26136
66.8333,1388.0,4.03409
66.9167,1397.0,3.97727
66.9167,1389.0,3.69318
67.0,1438.0,1.76136
67.0,1538.0,1.76136
67.0,1514.0,1.76136
67.0833,1456.0,1.76136
67.1667,1445.0,0.795454
67.3333,1462.0,3.97727
67.4167,1465.0,3.97727
67.5,1447.0,4.26136
67.6667,1482.0,4.26136
67.75,1511.0,4.20454
67.9167,1449.0,4.20454
68.0,1450.0,4.09091
68.0833,1475.0,4.20454
68.25,1438.0,4.20454
68.3333,1386.0,4.03409
68.5,1351.0,4.03409
68.5833,1293.0,3.80682
68.75,1323.0,3.97727
68.8333,1363.0,3.80682
68.9167,1382.0,4.43182
68.9167,1383.0,4.43182
69.0,1376.0,1.36364
69.1667,1375.0,1.36364
69.25,1375.0,3.80682
69.4167,1430.0,3.86364
69.5,1505.0,4.20454
69.6667,1473.0,4.20454
69.75,1402.0,4.03409
69.9167,1387.0,4.03409
70.0,1376.0,4.77273
70.1667,1331.0,4.43182
70.25,1287.0,4.14773
70.4167,1362.0,4.31818
70.4167,1367.0,4.03409
70.4167,1330.0,4.03409
70.5,1328.0,1.07955
70.6667,1367.0,1.07955
70.75,1411.0,6.07954
70.9167,1459.0,6.07954
71.0,1485.0,4.20454
71.1667,1473.0,4.14773
71.3333,1528.0,4.14773
71.4167,1588.0,4.54545
71.5833,1556.0,4.48864
71.5833,1455.0,4.26136
71.6667,1425.0,4.26136
71.75,1457.0,1.47727
71.9167,1454.0,4.31818
71.9167,1456.0,4.14773
72.0,1451.0,4.14773
72.0833,1420.0,1.53409
72.1667,1366.0,2.27273
72.3333,1284.0,3.75
72.4167,1287.0,5.34091
72.5,1328.0,5.79545
72.5833,1267.0,2.10227
72.75,1204.0,4.60227
72.9167,1192.0,4.60227
73.0,1188.0,5.11364
73.1667,1168.0,4.26136
73.1667,1161.0,4.03409
73.25,1199.0,2.38636
73.25,1208.0,2.38636
73.3333,1188.0,2.38636
73.5,1161.0,2.38636
73.5833,1106.0,4.54545
73.75,1106.0,4.60227
73.8333,1094.0,4.65909
73.9167,1210.0,4.65909
74.0,1240.0,4.77273
74.0833,1232.0,4.77273
74.25,1229.0,4.77273
74.4167,1205.0,4.77273
74.5,1228.0,4.82954
74.5,1202.0,4.31818
74.5833,1156.0,4.31818
74.5833,1151.0,1.47727
74.6667,1154.0,1.47727
74.75,1170.0,1.47727
74.9167,1172.0,4.14773
75.0,1167.0,5.22727
75.1667,1207.0,4.26136
75.25,1221.0,4.60227
75.4167,1205.0,4.31818
75.5833,1182.0,4.31818
75.6667,1209.0,4.94318
75.8333,1337.0,4.31818
75.8333,1336.0,4.26136
75.9167,1269.0,4.26136
76.0,1206.0,4.60227
76.0,1222.0,4.60227
76.1667,1224.0,4.60227
76.25,1255.0,4.77273
76.4167,1237.0,4.77273
76.5,1178.0,5.11364
76.6667,1227.0,5.11364
76.8333,1252.0,5.11364
76.8333,1295.0,4.48864
77.0,1391.0,4.48864
77.0833,1446.0,4.43182
77.1667,1412.0,4.43182
77.25,1403.0,4.65909
77.25,1405.0,4.65909
77.3333,1360.0,4.65909
77.4167,1362.0,1.07955
77.5833,1363.0,4.77273
77.6667,1330.0,4.20454
77.75,1305.0,4.20454
77.9167,1305.0,4.43182
77.9167,1305.0,4.65909
78.0833,1331.0,4.65909
78.25,1359.0,4.54545
78.3333,1343.0,4.31818
78.4167,1358.0,4.375
78.4167,1389.0,2.44318
78.4167,1398.0,2.44318
78.4167,1412.0,2.44318
78.4167,1533.0,2.44318
78.5833,1504.0,2.44318
78.5833,1404.0,4.375
78.75,1406.0,4.375
78.8333,1341.0,5.22727
78.9167,1322.0,4.09091
79.0,1303.0,4.09091
79.0833,1344.0,1.53409
79.25,1409.0,4.60227
79.25,1296.0,5.28409
79.4167,1250.0,5.28409
79.4167,1278.0,4.14773
79.5,1304.0,2.5
79.5833,1282.0,2.5
79.6667,1340.0,1.42045
79.8333,1349.0,1.42045
79.8333,1326.0,4.43182
79.9167,1324.0,4.43182
80.0833,1284.0,4.54545
80.1667,1180.0,4.82954
80.3333,1123.0,4.60227
80.3333,1091.0,4.94318
80.5,1003.0,4.94318
80.5,974.0,5.56818
80.5833,965.0,5.56818
80.6667,955.0,3.69318
80.6667,973.0,3.69318
80.6667,936.0,3.69318
80.75,889.0,3.69318
80.9167,881.0,4.43182
81.0,888.0,4.65909
81.0833,920.0,4.65909
81.1667,963.0,4.03409
81.3333,988.0,4.03409
81.4167,988.0,4.82954
81.4167,1005.0,4.82954
81.5833,1024.0,4.82954
81.6667,1043.0,6.64773
81.8333,1091.0,4.26136
81.8333,1135.0,4.20454
81.9167,1165.0,2.27273
82.0,1231.0,2.27273
82.1667,1203.0,2.27273
82.25,1155.0,4.54545
82.4167,1147.0,4.54545
82.5,1164.0,4.43182
82.5833,1193.0,2.27273
82.6667,1314.0,3.75
82.8333,1468.0,3.75
82.9167,1507.0,5.28409
83.0,1398.0,5.28409
83.0833,1357.0,3.97727
83.25,1359.0,3.97727
83.3333,1374.0,5.34091
83.5,1275.0,5.34091
83.5,1188.0,4.48864
83.5833,1203.0,4.48864
83.6667,1323.0,4.82954
83.8333,1340.0,4.82954
83.9167,1331.0,4.54545
84.0,1405.0,3.86364
84.0833,1388.0,2.10227
84.25,1327.0,4.48864
84.4167,1298.0,4.48864
84.5,1313.0,4.31818
84.5833,1416.0,4.03409
84.6667,1467.0,2.21591
84.8333,1388.0,3.86364
84.9167,1430.0,4.14773
84.9167,1468.0,3.75
85.0,1506.0,3.75
85.0833,1575.0,4.94318
85.25,1561.0,4.94318
85.25,1557.0,4.54545
85.4167,1562.0,4.54545
85.5,1627.0,4.54545
85.6667,1634.0,4.54545
85.75,1634.0,4.20454
85.9167,1592.0,4.20454
86.0,1609.0,4.20454
86.0,1657.0,4.20454
86.0833,1671.0,4.20454
86.25,1639.0,4.20454
86.3333,1597.0,4.43182
86.4167,1539.0,3.86364
86.5,1551.0,3.86364
86.5833,1486.0,1.875
86.6667,1421.0,4.03409
86.75,1421.0,2.04545
86.9167,1463.0,4.43182
87.0,1437.0,4.14773
87.1667,1411.0,4.20454
87.25,1403.0,4.94318
87.3333,1516.0,4.375
87.5,1730.0,3.92045
87.5833,1742.0,4.94318
87.75,1651.0,4.94318
87.8333,1584.0,4.09091
88.0,1586.0,4.09091
88.0833,1641.0,4.03409
88.0833,1610.0,3.92045
88.1667,1565.0,3.92045
88.25,1568.0,4.60227
88.3333,1546.0,4.09091
88.4167,1493.0,2.15909
88.5833,1461.0,3.29545
88.6667,1519.0,4.43182
88.8333,1544.0,4.26136
88.9167,1607.0,3.63636
89.0833,1665.0,4.14773
89.1667,1682.0,4.14773
89.3333,1633.0,4.14773
89.4167,1496.0,4.48864
89.5833,1459.0,4.43182
89.6667,1421.0,4.03409
89.75,1367.0,3.75
89.75,1362.0,3.69318
89.8333,1359.0,3.69318
89.9167,1354.0,3.92045
90.0,1360.0,3.92045
90.1667,1360.0,3.92045
90.25,1398.0,4.09091
90.4167,1386.0,4.09091
90.5,1382.0,4.94318
90.6667,1395.0,4.26136
90.75,1385.0,4.26136
90.9167,1325.0,4.26136
91.0,1280.0,4.43182
91.1667,1228.0,4.43182
91.25,1214.0,4.43182
91.25,1188.0,3.97727
91.3333,1150.0,1.98864
91.3333,1139.0,1.98864
91.4167,1127.0,1.36364
91.5,1132.0,2.10227
91.5833,1086.0,2.10227
91.6667,1054.0,3.69318
91.8333,1045.0,4.20454
91.9167,1050.0,3.86364
92.0833,1113.0,3.86364
92.1667,1115.0,6.02273
92.25,1058.0,3.75
92.3333,1009.0,2.10227
92.4167,970.0,4.03409
92.5,927.0,2.15909
92.5,874.0,3.80682
92.5833,832.0,1.93182
92.5833,836.0,1.93182
92.75,861.0,1.93182
92.8333,877.0,4.26136
93.0,916.0,4.26136
93.0833,937.0,3.57954
93.25,984.0,4.375
93.3333,1057.0,4.375
93.5,1092.0,4.20454
93.5833,1107.0,4.14773
93.75,1145.0,4.09091
93.8333,1191.0,4.60227
94.0,1192.0,4.31818
94.0833,1234.0,4.60227
94.0833,1300.0,3.75
94.0833,1316.0,3.75
94.1667,1316.0,1.02273
94.25,1323.0,1.02273
94.3333,1311.0,1.98864
94.5,1286.0,4.03409
94.5833,1270.0,3.46591
94.75,1287.0,3.46591
94.8333,1274.0,4.14773
94.8333,1250.0,3.92045
95.0,1255.0,3.92045
95.0,1288.0,4.71591
95.0833,1254.0,4.71591
95.1667,1256.0,4.82954
95.25,1296.0,4.82954
95.3333,1385.0,2.04545
95.4167,1447.0,4.09091
95.5,1472.0,4.09091
95.6667,1469.0,4.20454
95.75,1441.0,4.375
95.9167,1395.0,4.375
96.0,1420.0,4.09091
96.1667,1452.0,4.54545
96.25,1437.0,4.43182
96.3333,1340.0,4.43182
96.4167,1348.0,2.04545
96.5833,1384.0,3.80682
96.5833,1386.0,5.28409
96.75,1439.0,5.28409
96.8333,1519.0,3.86364
97.0,1536.0,4.14773
97.0,1578.0,4.20454
97.0,1617.0,4.20454
97.0833,1523.0,4.20454
97.1667,1454.0,0.909091
97.3333,1373.0,3.86364
97.4167,1275.0,5.28409
97.5833,1249.0,4.375
97.5833,1279.0,4.14773
97.75,1313.0,4.14773
97.75,1344.0,5.39773
97.8333,1346.0,2.10227
97.9167,1364.0,2.10227
98.0833,1392.0,2.10227
98.0833,1445.0,4.14773
98.25,1445.0,4.14773
98.25,1534.0,4.20454
98.25,1539.0,4.20454
98.3333,1490.0,1.07955
98.5,1455.0,1.07955
98.5833,1462.0,4.54545
98.75,1502.0,4.60227
98.8333,1485.0,4.14773
99.0,1475.0,4.14773
99.1667,1477.0,4.375
99.25,1474.0,4.88636
99.4167,1504.0,4.375
99.5,1555.0,4.31818
99.5,1623.0,4.375
99.5,1617.0,4.375
99.5833,1533.0,1.02273
99.75,1523.0,1.02273
99.75,1623.0,3.92045
99.8333,1701.0,3.92045
99.9167,1743.0,4.375
100.083,1778.0,4.375
100.167,1762.0,5.28409
100.333,1698.0,5.28409
100.417,1633.0,4.09091
100.583,1618.0,4.375
100.667,1600.0,4.375
100.667,1556.0,3.86364
100.75,1521.0,1.98864
100.75,1522.0,1.98864
100.833,1526.0,1.98864
100.833,1601.0,1.02273
100.833,1621.0,1.02273
101.0,1568.0,1.30682
101.083,1462.0,4.26136
101.083,1437.0,4.26136
101.167,1414.0,4.26136
101.333,1416.0,4.26136
101.417,1431.0,4.09091
101.5,1435.0,4.03409
101.667,1455.0,4.03409
101.75,1463.0,4.20454
101.917,1478.0,3.92045
101.917,1505.0,3.57954
102.083,1505.0,3.57954
102.083,1507.0,4.82954
102.167,1507.0,1.875
102.167,1502.0,1.875
102.25,1457.0,1.42045
102.333,1447.0,1.42045
102.333,1466.0,2.10227
102.5,1487.0,2.10227
102.583,1509.0,4.26136
102.75,1530.0,4.20454
102.833,1529.0,4.14773
102.917,1524.0,3.92045
103.0,1528.0,3.92045
103.083,1537.0,3.23864
103.083,1547.0,3.23864
103.167,1556.0,1.42045
103.333,1556.0,1.42045
103.417,1566.0,3.92045
103.417,1587.0,4.09091
103.5,1583.0,4.09091
103.583,1561.0,1.36364
103.667,1513.0,2.21591
103.833,1406.0,3.97727
103.917,1430.0,4.71591
104.083,1430.0,4.71591
104.167,1455.0,4.31818
104.25,1442.0,3.86364
104.333,1426.0,4.20454
104.417,1429.0,2.04545
104.583,1459.0,4.26136
104.667,1485.0,4.14773
104.833,1485.0,4.14773
104.833,1475.0,4.20454
105.0,1482.0,4.20454
105.0,1488.0,4.71591
105.167,1514.0,4.71591
105.25,1513.0,4.60227
105.417,1502.0,4.60227
105.5,1501.0,4.71591
105.667,1495.0,4.71591
105.75,1490.0,4.20454
105.917,1504.0,4.20454
106.0,1504.0,5.39773
106.167,1515.0,3.97727
106.167,1527.0,3.86364
106.167,1529.0,3.86364
106.25,1528.0,1.36364
106.333,1509.0,1.98864
106.5,1500.0,1.98864
106.583,1458.0,3.86364
106.667,1363.0,4.48864
106.75,1350.0,2.21591
106.917,1361.0,4.31818
107.083,1394.0,4.31818
107.167,1533.0,4.65909
107.25,1577.0,4.09091
107.417,1559.0,4.09091
107.583,1503.0,4.48864
107.667,1351.0,4.03409
107.75,1353.0,4.54545
107.75,1374.0,2.21591
107.75,1397.0,2.21591
107.833,1465.0,2.21591
108.0,1463.0,2.21591
108.083,1401.0,4.43182
108.167,1377.0,4.14773
108.25,1450.0,4.60227
108.417,1480.0,4.60227
108.5,1495.0,4.82954
108.583,1481.0,3.97727
108.667,1471.0,2.21591
108.75,1473.0,2.21591
108.833,1483.0,4.375
109.0,1524.0,3.86364
109.0,1592.0,3.80682
109.167,1682.0,3.80682
109.167,1674.0,4.20454
109.167,1649.0,4.20454
109.25,1649.0,4.20454
109.25,1642.0,0.965909
109.333,1610.0,2.04545
109.5,1580.0,3.52273
109.583,1556.0,3.69318
109.75,1549.0,4.09091
109.833,1593.0,4.31818
109.917,1593.0,4.03409
110.0,1631.0,4.03409
110.083,1681.0,4.43182
110.167,1738.0,3.80682
110.333,1759.0,3.80682
110.417,1660.0,3.75
110.5,1594.0,3.63636
110.583,1593.0,3.63636
110.583,1550.0,3.63636
110.667,1501.0,3.63636
110.75,1500.0,3.63636
110.917,1581.0,3.63636
111.0,1585.0,3.63636
111.083,1484.0,3.92045
111.167,1440.0,4.43182
111.333,1402.0,4.43182
111.417,1384.0,3.86364
111.5,1427.0,3.63636
111.5,1589.0,3.63636
111.583,1596.0,1.59091
111.75,1605.0,3.18182
111.833,1647.0,4.09091
111.917,1685.0,3.40909
112.0,1667.0,3.29545
112.083,1667.0,3.29545
112.167,1639.0,3.35227
112.167,1484.0,3.35227
112.25,1325.0,3.35227
112.333,1317.0,1.02273
112.417,1375.0,4.03409
112.417,1414.0,3.29545
112.5,1446.0,1.47727
112.583,1467.0,3.52273
112.75,1487.0,3.52273
112.833,1516.0,3.69318
112.833,1501.0,3.125
112.833,1481.0,3.125
112.833,1437.0,3.125
112.917,1437.0,0.738636
113.0,1382.0,3.06818
113.083,1391.0,3.06818
113.167,1347.0,3.125
113.25,1276.0,3.35227
113.333,1276.0,3.01136
113.417,1203.0,2.72727
113.417,1176.0,2.72727
113.5,1225.0,1.36364
113.5,1198.0,1.36364
113.5,1169.0,1.36364
113.583,1180.0,1.02273
113.667,1220.0,2.38636
113.75,1244.0,3.40909
113.833,1279.0,2.89773
114.0,1278.0,2.89773
114.0,1250.0,4.09091
114.167,1214.0,4.09091
114.167,1186.0,3.23864
114.333,1193.0,3.23864
114.333,1222.0,3.69318
114.417,1232.0,3.69318
114.417,1239.0,1.42045
114.5,1254.0,2.55682
114.667,1346.0,3.01136
114.667,1376.0,3.06818
114.667,1355.0,3.06818
114.667,1392.0,3.06818
114.75,1463.0,0.852273
114.833,1313.0,3.125
114.917,1151.0,2.72727
115.0,1133.0,2.72727
115.083,1221.0,2.67045
115.167,1230.0,2.89773
115.25,1094.0,2.78409
115.333,1092.0,2.89773
115.417,1158.0,2.89773
115.5,1184.0,3.69318
115.583,1136.0,2.61364
115.667,1129.0,2.78409
115.75,1139.0,2.78409
115.833,1162.0,2.72727
115.917,1172.0,2.67045
116.0,1173.0,2.72727
116.083,1183.0,2.67045
116.167,1185.0,2.78409
116.25,1166.0,2.55682
116.333,1166.0,2.89773
116.417,1145.0,2.5
116.417,1174.0,2.84091
116.5,1204.0,2.55682
116.583,1208.0,2.32954
116.583,1190.0,2.32954
116.667,1194.0,1.30682
116.75,1198.0,2.72727
116.75,1168.0,2.72727
116.833,1162.0,2.72727
116.917,1189.0,1.25
117.0,1240.0,2.61364
117.083,1310.0,2.61364
117.167,1318.0,2.78409
117.167,1348.0,2.61364
117.25,1370.0,2.55682
117.333,1355.0,2.32954
117.417,1350.0,2.61364
117.5,1352.0,2.89773
117.5,1263.0,2.89773
117.583,1226.0,2.89773
117.667,1247.0,1.19318
117.75,1326.0,3.29545
117.833,1348.0,2.67045
117.917,1348.0,2.5
117.917,1386.0,2.55682
117.917,1388.0,2.55682
118.0,1410.0,1.30682
118.083,1392.0,2.38636
118.167,1372.0,2.61364
118.25,1351.0,2.61364
118.25,1302.0,2.38636
118.333,1277.0,2.38636
118.333,1305.0,1.30682
118.333,1341.0,1.30682
118.417,1347.0,1.30682
118.417,1308.0,0.909091
118.5,1241.0,2.15909
118.583,1243.0,3.125
118.667,1256.0,2.61364
118.75,1267.0,2.32954
118.833,1270.0,2.89773
118.917,1279.0,2.5
118.917,1279.0,2.5
119.0,1322.0,2.5
119.083,1436.0,1.19318
119.167,1453.0,3.23864
119.167,1407.0,3.06818
119.167,1425.0,3.06818
119.25,1454.0,1.13636
119.333,1304.0,3.125
119.417,1262.0,2.44318
119.417,1246.0,2.44318
119.5,1247.0,1.25
119.583,1165.0,1.25
119.667,1137.0,2.72727
119.75,1222.0,2.67045
119.833,1271.0,2.5
119.917,1185.0,2.89773
120.0,1091.0,2.72727
120.083,1107.0,2.38636
120.083,1121.0,2.72727
120.167,1131.0,2.15909
120.25,1167.0,3.18182
120.333,1151.0,2.5
120.417,1132.0,2.78409
120.5,1138.0,2.78409
120.5,1143.0,2.38636
120.583,1148.0,2.38636
120.667,1120.0,1.30682
120.75,1124.0,2.5
120.75,1219.0,2.67045
120.833,1299.0,2.55682
120.917,1246.0,2.55682
120.917,1210.0,2.55682
120.917,1191.0,2.55682
121.0,1170.0,2.55682
121.083,1139.0,0.795454
121.083,1138.0,2.55682
121.167,1166.0,2.44318
121.25,1182.0,2.15909
121.25,1142.0,2.15909
121.333,1106.0,1.42045
121.417,1089.0,1.42045
121.5,1112.0,2.38636
121.583,1143.0,2.67045
121.667,1143.0,2.32954
121.667,1134.0,2.55682
121.75,1151.0,2.44318
121.833,1182.0,2.38636
121.917,1244.0,3.18182
122.0,1400.0,2.32954
122.0,1365.0,2.32954
122.083,1306.0,2.32954
122.167,1266.0,1.19318
122.167,1249.0,2.72727
122.167,1308.0,2.72727
122.25,1284.0,1.19318
122.25,1233.0,1.19318
122.333,1179.0,1.19318
122.333,1224.0,1.19318
122.333,1328.0,1.19318
122.417,1401.0,1.07955
122.417,1376.0,1.07955
122.417,1271.0,1.07955
122.417,1272.0,1.07955
122.5,1311.0,1.07955
122.583,1293.0,0.625
122.583,1259.0,2.21591
122.583,1258.0,2.21591
122.667,1274.0,1.19318
122.75,1289.0,1.19318
122.833,1309.0,1.93182
122.917,1436.0,2.78409
122.917,1506.0,2.89773
123.0,1477.0,2.15909
123.083,1409.0,2.84091
123.167,1297.0,2.44318
123.167,1321.0,2.44318
123.25,1296.0,2.44318
123.25,1288.0,1.19318
123.25,1337.0,1.19318
123.25,1281.0,1.19318
123.333,1282.0,0.795454
123.333,1233.0,0.795454
123.333,1338.0,0.795454
123.333,1415.0,0.795454
123.417,1398.0,0.795454
123.5,1398.0,2.15909
123.5,1388.0,2.15909
123.5,1350.0,2.15909
123.5,1386.0,2.15909
123.583,1461.0,2.15909
123.583,1480.0,0.625
123.667,1418.0,2.38636
123.667,1278.0,2.38636
123.75,1252.0,2.38636
123.75,1299.0,1.13636
123.833,1297.0,2.04545
123.917,1428.0,2.61364
124.0,1452.0,2.38636
124.083,1394.0,2.38636
124.167,1386.0,1.93182
124.167,1469.0,2.61364
124.25,1520.0,2.10227
124.25,1413.0,2.10227
124.333,1357.0,2.10227
124.333,1327.0,1.13636
124.417,1229.0,1.98864
124.5,1203.0,2.44318
124.583,1299.0,2.44318
124.583,1429.0,2.21591
124.667,1429.0,1.875
124.75,1500.0,2.32954
124.833,1500.0,2.32954
124.833,1452.0,2.04545
124.917,1395.0,1.70455
125.0,1433.0,1.70455
125.0,1439.0,2.38636
125.0,1370.0,2.38636
125.0,1336.0,2.38636
125.0,1388.0,2.38636
125.0,1436.0,2.38636
125.083,1394.0,0.511364
125.167,1395.0,0.511364
125.167,1422.0,1.76136
125.25,1425.0,2.15909
125.333,1405.0,2.15909
125.417,1384.0,2.04545
125.417,1371.0,2.04545
125.5,1366.0,1.98864
125.5,1366.0,1.98864
125.583,1402.0,1.64773
125.667,1409.0,2.5
125.667,1390.0,2.5
125.75,1378.0,1.53409
125.833,1397.0,1.53409
125.917,1389.0,1.76136
125.917,1362.0,2.55682
126.0,1342.0,1.93182
126.083,1339.0,1.93182
126.083,1330.0,1.93182
126.167,1311.0,1.875
126.167,1312.0,1.875
126.167,1334.0,1.875
126.25,1326.0,0.909091
126.25,1322.0,0.909091
126.25,1340.0,0.909091
126.333,1359.0,0.909091
126.333,1341.0,0.909091
126.333,1326.0,0.909091
126.417,1346.0,0.909091
126.417,1362.0,0.852273
126.5,1349.0,1.93182
126.5,1342.0,1.93182
126.5,1377.0,1.93182
126.583,1398.0,0.909091
126.583,1397.0,0.909091
126.583,1403.0,0.909091
126.667,1435.0,0.909091
126.667,1455.0,0.909091
126.667,1447.0,0.909091
126.75,1452.0,0.909091
126.75,1495.0,0.909091
126.833,1510.0,1.64773
126.917,1488.0,1.64773
126.917,1438.0,1.81818
127.0,1293.0,1.93182
127.083,1293.0,1.93182
127.083,1259.0,1.98864
127.167,1241.0,1.98864
127.167,1282.0,1.36364
127.25,1318.0,2.10227
127.333,1303.0,2.10227
127.333,1303.0,1.76136
127.417,1303.0,1.76136
127.417,1360.0,1.76136
127.5,1360.0,1.76136
127.583,1377.0,1.76136
127.583,1359.0,1.70455
127.667,1370.0,1.70455
127.667,1438.0,1.70455
127.75,1456.0,1.70455
127.75,1455.0,1.70455
127.833,1549.0,1.42045
127.917,1521.0,1.42045
127.917,1500.0,1.875
128.0,1539.0,1.76136
128.083,1554.0,1.76136
128.083,1551.0,1.70455
128.167,1443.0,1.70455
128.167,1442.0,1.76136
128.25,1505.0,1.70455
128.333,1543.0,1.70455
128.333,1555.0,1.76136
128.417,1526.0,1.76136
128.417,1487.0,1.70455
128.5,1488.0,1.64773
128.583,1479.0,1.64773
128.583,1441.0,1.64773
128.667,1447.0,1.64773
128.667,1469.0,1.64773
128.75,1492.0,1.64773
128.75,1500.0,1.64773
128.833,1503.0,1.53409
128.833,1527.0,1.53409
128.833,1555.0,1.53409
128.917,1514.0,1.53409
128.917,1420.0,0.738636
129.0,1409.0,0.738636
129.0,1411.0,1.53409
129.083,1412.0,1.53409
129.083,1385.0,1.42045
129.167,1383.0,1.42045
129.167,1408.0,1.47727
129.25,1432.0,1.47727
129.25,1432.0,1.42045
129.333,1388.0,1.42045
129.333,1378.0,1.42045
129.417,1387.0,1.42045
129.417,1407.0,1.42045
129.417,1431.0,1.42045
129.5,1462.0,1.19318
129.5,1525.0,1.19318
129.583,1579.0,1.47727
129.583,1604.0,1.47727
129.667,1636.0,1.30682
129.667,1635.0,1.30682
129.75,1593.0,1.25
129.75,1566.0,1.25
129.833,1535.0,1.42045
129.833,1548.0,1.42045
129.917,1568.0,1.53409
129.917,1573.0,1.53409
130.0,1592.0,1.53409
130.0,1625.0,1.53409
130.0,1671.0,1.53409
130.0,1717.0,1.53409
130.0,1717.0,1.53409
130.083,1702.0,0.568182
130.083,1710.0,0.568182
130.167,1689.0,0.568182
130.167,1649.0,1.13636
130.167,1661.0,1.13636
130.25,1795.0,1.07955
130.25,1802.0,1.07955
130.25,1726.0,1.07955
130.333,1719.0,1.02273
130.333,1744.0,1.02273
130.417,1704.0,1.02273
130.417,1669.0,1.13636
130.417,1623.0,1.13636
130.5,1618.0,1.13636
130.5,1621.0,0.852273
130.5,1630.0,0.852273
130.583,1664.0,1.30682
130.583,1704.0,1.30682
130.667,1648.0,1.30682
130.667,1561.0,1.07955
130.667,1561.0,1.07955
130.75,1545.0,1.02273
130.75,1599.0,1.02273
130.75,1545.0,1.02273
130.833,1488.0,1.02273
130.833,1501.0,1.02273
130.917,1533.0,1.02273
130.917,1519.0,1.02273
130.917,1535.0,1.02273
131.0,1535.0,1.02273
131.0,1559.0,0.965909
131.0,1548.0,0.965909
131.083,1539.0,1.02273
131.083,1546.0,1.02273
131.083,1542.0,1.02273
131.167,1531.0,1.02273
131.167,1539.0,1.02273
131.167,1559.0,1.02273
131.25,1553.0,1.02273
131.25,1540.0,0.852273
131.25,1546.0,0.852273
131.333,1533.0,0.852273
131.333,1505.0,0.965909
131.333,1505.0,0.965909
131.417,1508.0,0.965909
131.417,1497.0,0.909091
131.417,1500.0,0.909091
131.417,1521.0,0.909091
131.5,1528.0,0.852273
131.5,1480.0,0.852273
131.5,1453.0,0.852273
131.583,1474.0,0.852273
131.583,1493.0,0.852273
131.583,1486.0,0.852273
131.583,1470.0,0.852273
131.667,1475.0,0.795454
131.667,1489.0,0.795454
131.667,1488.0,0.795454
131.667,1502.0,0.795454
131.75,1508.0,0.738636
131.75,1509.0,0.738636
131.75,1521.0,0.738636
131.75,1534.0,0.738636
131.833,1534.0,0.738636
131.833,1527.0,0.625
131.833,1534.0,0.625
131.833,1546.0,0.625
131.917,1547.0,0.625
131.917,1531.0,0.625
131.917,1540.0,0.625
131.917,1551.0,0.625
131.917,1549.0,0.625
131.917,1543.0,0.625
132.0,1543.0,0.625
132.0,1542.0,0.511364
132.0,1521.0,0.511364
132.0,1490.0,0.511364
132.0,1459.0,0.511364
132.0,1454.0,0.511364
132.083,1442.0,0.511364
132.083,1445.0,0.511364
132.083,1459.0,0.511364
132.083,1436.0,0.511364
132.083,1441.0,0.511364
132.083,1438.0,0.511364
132.167,1430.0,0.511364
132.167,1423.0,0.454545
132.167,1434.0,0.454545
132.167,1458.0,0.454545
132.167,1468.0,0.454545
132.167,1447.0,0.454545
132.167,1419.0,0.454545
132.25,1385.0,0.397727
132.25,1325.0,0.397727
132.25,1298.0,0.397727
132.25,1328.0,0.397727
132.25,1355.0,0.397727
132.25,1363.0,0.397727
132.25,1339.0,0.397727
132.25,1329.0,0.397727
132.333,1334.0,0.397727
132.333,1319.0,0.397727
132.333,1288.0,0.397727
132.333,1261.0,0.397727
132.333,1286.0,0.397727
132.333,1286.0,0.397727
132.333,1330.0,0.397727
132.333,1345.0,0.397727
132.417,1339.0,0.340909
132.417,1363.0,0.340909
132.417,1393.0,0.340909
132.417,1416.0,0.340909
132.417,1392.0,0.340909
132.417,1376.0,0.340909
132.417,1376.0,0.340909
132.417,1367.0,0.340909
132.417,1365.0,0.340909
132.5,1362.0,0.284091
132.5,1374.0,0.284091
132.5,1389.0,0.284091
132.5,1393.0,0.284091
132.5,1396.0,0.284091
132.5,1391.0,0.284091
132.5,1392.0,0.284091
132.5,1382.0,0.284091
132.5,1372.0,0.284091
132.5,1380.0,0.284091
132.583,1380.0,0.284091
132.583,1380.0,0.284091
132.583,1378.0,0.284091
132.583,1395.0,0.284091
132.583,1413.0,0.284091
132.583,1419.0,0.284091
132.583,1422.0,0.284091
132.583,1419.0,0.284091
132.583,1419.0,0.284091
132.583,1406.0,0.284091
132.583,1398.0,0.284091
132.583,1409.0,0.284091
132.667,1435.0,0.227273
132.667,1457.0,0.227273
132.667,1477.0,0.227273
132.667,1478.0,0.227273
132.667,1468.0,0.227273
132.667,1424.0,0.227273
132.667,1405.0,0.227273
132.667,1403.0,0.227273
132.667,1408.0,0.227273
132.667,1408.0,0.227273
132.667,1434.0,0.227273
132.667,1448.0,0.227273
132.667,1447.0,0.227273
132.667,1439.0,0.227273
132.667,1409.0,0.227273
132.667,1363.0,0.227273
132.75,1299.0,0.170455
132.75,1253.0,0.170455
132.75,1250.0,0.170455
132.75,1218.0,0.170455
132.75,1184.0,0.170455
132.75,1165.0,0.170455
132.75,1163.0,0.170455
132.75,1139.0,0.170455
132.75,1139.0,0.170455
132.75,1152.0,0.170455
132.75,1141.0,0.170455
132.75,1110.0,0.170455
132.75,1078.0,0.170455
132.75,1090.0,0.170455
132.75,1108.0,0.170455
132.75,1117.0,0.170455
132.75,1112.0,0.170455
132.75,1095.0,0.170455
132.75,1058.0,0.170455
132.75,968.0,0.170455
132.75,876.0,0.170455
132.75,808.0,0.170455
132.75,780.0,0.170455
132.75,772.0,0.170455
132.75,749.0,0.170455
132.75,686.0,0.170455
132.75,647.0,0.170455
132.75,594.0,0.170455
132.75,562.0,0.170455
132.75,571.0,0.170455
132.75,607.0,0.170455
132.75,615.0,0.170455
132.75,601.0,0.170455
132.75,590.0,0.170455
132.75,587.0,0.170455
132.75,583.0,0.170455
132.75,583.0,0.170455
132.75,573.0,0.170455
132.75,568.0,0.170455
132.75,549.0,0.170455
132.75,507.0,0.170455
132.75,483.0,0.170455
132.75,482.0,0.170455
132.75,486.0,0.170455
132.75,486.0,0.170455
132.75,491.0,0.170455
132.75,495.0,0.170455
132.75,494.0,0.170455
132.75,494.0,0.170455
132.75,488.0,0.170455
132.75,480.0,0.0
132.75,472.0,0.0
132.75,466.0,0.0
132.75,462.0,0.0
132.75,457.0,0.0
132.75,451.0,0.0
132.75,445.0,0.0
132.75,439.0,0.0
132.75,439.0,0.0
132.75,436.0,0.0
132.75,433.0,0.0
132.75,424.0,0.0
132.75,415.0,0.0
132.75,399.0,0.0
132.75,391.0,0.0
132.75,387.0,0.0
132.75,378.0,0.0
132.75,376.0,0.0
132.75,381.0,0.0
132.75,381.0,0.0
132.75,378.0,0.0
132.75,379.0,0.0
132.75,379.0,0.0
132.75,376.0,0.0
132.75,369.0,0.0
132.75,367.0,0.0
132.75,364.0,0.0
132.75,362.0,0.0
132.75,362.0,0.0
132.75,359.0,0.0
132.75,357.0,0.0
132.75,355.0,0.0
132.75,354.0,0.0
132.75,353.0,0.0
132.75,350.0,0.0
132.75,349.0,0.0
132.75,348.0,0.0
132.75,348.0,0.0
132.75,349.0,0.0
132.75,350.0,0.0
132.75,349.0,0.0
132.75,350.0,0.0
132.75,349.0,0.0
132.75,349.0,0.0
132.75,349.0,0.0
132.75,349.0,0.0
132.75,348.0,0.0
132.75,348.0,0.0
132.75,347.0,0.0
132.75,347.0,0.0
132.75,346.0,0.0
132.75,346.0,0.0
132.75,345.0,0.0
132.75,345.0,0.0
132.75,343.0,0.0
132.75,341.0,0.0
132.75,340.0,0.0
132.75,338.0,0.0
132.75,338.0,0.0
132.75,336.0,0.0
132.75,335.0,0.0
132.75,333.0,0.0
132.75,333.0,0.0
132.75,333.0,0.0
132.75,332.0,0.0
132.75,331.0,0.0
132.75,330.0,0.0
132.75,328.0,0.0
132.75,326.0,0.0
132.75,326.0,0.0
