0.0,5094.0,0.0
0.0,5093.0,0.0
0.0,5094.0,0.0
0.0,5093.0,0.0
0.0,5093.0,0.0
0.0,5093.0,0.0
0.0,5093.0,0.0
0.0,5093.0,0.0
0.0,5093.0,0.0
0.0,5093.0,0.0
0.0,5094.0,0.0
0.0,5093.0,0.0
0.0,5093.0,0.0
0.0,5093.0,0.0
0.0,5094.0,0.0
0.0,5094.0,0.0
0.0,5094.0,0.0
0.0,5094.0,0.0
0.0,5094.0,0.0
0.0,5094.0,0.0
0.0,5094.0,0.0
0.0,5093.0,0.0
0.0,5093.0,0.0
0.0,5094.0,0.0
0.0,5094.0,0.0
0.0,5094.0,0.0
0.0,5094.0,0.0
0.0,5094.0,0.0
0.0,5094.0,0.0
0.0,5093.0,0.0
0.0,5094.0,0.0
0.0,5094.0,0.0
0.0,5094.0,0.0
0.0,5093.0,0.0
0.0,5093.0,0.0
0.0,5094.0,0.0
0.0,5094.0,0.0
0.0,5094.0,0.0
0.0,5093.0,0.0
0.0,5094.0,0.0
0.0,5094.0,0.0
0.0,5094.0,0.0
0.0,5094.0,0.0
0.0,5094.0,0.0
0.0,5093.0,0.0
0.0,5094.0,0.0
0.0,5094.0,0.0
0.0,5094.0,0.0
0.0,5095.0,0.0
0.0,5095.0,0.0
0.0,5094.0,0.0
0.0,5094.0,0.0
0.0,5093.0,0.0
0.0,5093.0,0.0
0.0,5094.0,0.0
0.0,5094.0,0.0
0.0,5093.0,0.0
0.0,5094.0,0.0
0.0,5094.0,0.0
0.0,5093.0,0.0
0.0,5093.0,0.0
0.0,5093.0,0.0
0.0,5094.0,0.0
0.0,5094.0,0.0
0.0,5094.0,0.0
0.0,5093.0,0.0
0.0,5094.0,0.0
0.0,5093.0,0.0
0.0,5093.0,0.0
0.0,5093.0,0.0
0.0,5094.0,0.0
0.0,5095.0,0.0
0.0,5094.0,0.0
0.0,5093.0,0.0
0.0,5094.0,0.0
0.0,5094.0,0.0
0.0,5095.0,0.0
0.0,5095.0,0.0
0.0,5095.0,0.0
0.0,5094.0,0.0
0.0,5094.0,0.0
0.0,5094.0,0.0
0.0,5094.0,0.0
0.0,5094.0,0.0
0.0,5093.0,0.0
0.0,5094.0,0.0
0.0,5094.0,0.0
0.0,5093.0,0.0
0.0,5094.0,0.0
0.0,5094.0,0.0
0.0,5092.0,0.0
0.0,5094.0,0.0
0.0,5094.0,0.0
0.0,5093.0,0.0
0.0,5093.0,0.0
0.0,5093.0,0.0
0.0,5093.0,0.0
0.0,5094.0,0.0
0.0,5093.0,0.0
0.0,5093.0,0.0
0.0,5093.0,0.0
0.0,5094.0,0.0
0.0,5093.0,0.0
0.0,5093.0,0.0
0.0833333,5093.0,0.170455
0.0833333,5093.0,0.170455
0.0833333,5093.0,0.170455
0.0833333,5093.0,0.170455
0.0833333,5093.0,0.170455
0.0833333,5093.0,0.170455
0.0833333,5093.0,0.170455
0.166667,5093.0,0.170455
0.166667,5093.0,0.170455
0.166667,5093.0,0.170455
0.25,5094.0,0.170455
0.25,5094.0,0.795454
0.25,5093.0,0.795454
0.25,5094.0,0.795454
0.25,5093.0,0.795454
0.25,5094.0,0.795454
0.25,5093.0,0.795454
0.25,5093.0,0.795454
0.25,5094.0,0.795454
0.25,5094.0,0.795454
0.25,5094.0,0.795454
0.25,5094.0,0.795454
0.25,5093.0,0.795454
0.25,5095.0,0.795454
0.25,5094.0,0.795454
0.25,5094.0,0.795454
0.25,5094.0,0.795454
0.25,5093.0,0.795454
0.25,5094.0,0.795454
0.25,5094.0,0.795454
0.25,5094.0,0.795454
0.25,5094.0,0.795454
0.25,5094.0,0.795454
0.25,5094.0,0.795454
0.25,5093.0,0.795454
0.25,5094.0,0.795454
0.25,5094.0,0.795454
0.25,5093.0,0.795454
0.25,5094.0,0.795454
0.25,5093.0,0.795454
0.25,5094.0,0.795454
0.25,5094.0,0.795454
0.25,5094.0,0.795454
0.25,5094.0,0.795454
0.25,5094.0,0.795454
0.25,5093.0,0.795454
0.25,5093.0,0.795454
0.25,5093.0,0.795454
0.25,5093.0,0.795454
0.25,5093.0,0.795454
0.25,5094.0,0.795454
0.25,5094.0,0.795454
0.25,5094.0,0.795454
0.25,5094.0,0.795454
0.25,5094.0,0.795454
0.25,5093.0,0.795454
0.25,5094.0,0.795454
0.25,5094.0,0.795454
0.25,5093.0,0.795454
0.25,5094.0,0.795454
0.25,5094.0,0.795454
0.25,5094.0,0.0
0.25,5092.0,0.0
0.25,5093.0,0.0
0.25,5094.0,0.0
0.25,5094.0,0.0
0.25,5093.0,0.0
0.25,5093.0,0.0
0.25,5094.0,0.0
0.25,5094.0,0.0
0.25,5094.0,0.0
0.25,5094.0,0.0
0.25,5094.0,0.0
0.25,5094.0,0.0
0.25,5094.0,0.0
0.25,5094.0,0.0
0.25,5094.0,0.0
0.25,5093.0,0.0
0.25,5094.0,0.0
0.25,5094.0,0.0
0.25,5094.0,0.0
0.25,5094.0,0.0
0.25,5093.0,0.0
0.25,5094.0,0.0
0.25,5095.0,0.0
0.25,5094.0,0.0
0.25,5094.0,0.0
0.25,5094.0,0.0
0.25,5094.0,0.0
0.25,5094.0,0.0
0.25,5094.0,0.0
0.25,5094.0,0.0
0.25,5095.0,0.0
0.25,5094.0,0.0
0.25,5095.0,0.0
0.25,5095.0,0.0
0.25,5094.0,0.0
0.25,5094.0,0.0
0.25,5094.0,0.0
0.25,5095.0,0.0
0.25,5094.0,0.0
0.25,5093.0,0.0
0.25,5093.0,0.0
0.25,5094.0,0.0
0.25,5092.0,0.0
0.25,5094.0,0.0
0.25,5094.0,0.0
0.25,5094.0,0.0
0.25,5093.0,0.0
0.25,5093.0,0.0
0.25,5093.0,0.0
0.25,5094.0,0.0
0.25,5093.0,0.0
0.25,5093.0,0.0
0.25,5094.0,0.0
0.25,5093.0,0.0
0.25,5094.0,0.0
0.25,5094.0,0.0
0.25,5093.0,0.0
0.25,5093.0,0.0
0.25,5094.0,0.0
0.25,5094.0,0.0
0.25,5094.0,0.0
0.25,5094.0,0.0
0.25,5094.0,0.0
0.25,5094.0,0.0
0.25,5095.0,0.0
0.25,5094.0,0.0
0.25,5094.0,0.0
0.25,5094.0,0.0
0.25,5095.0,0.0
0.25,5095.0,0.0
0.25,5095.0,0.0
0.25,5094.0,0.0
0.25,5094.0,0.0
0.25,5093.0,0.0
0.25,5095.0,0.0
0.25,5094.0,0.0
0.25,5094.0,0.0
0.25,5094.0,0.0
0.25,5093.0,0.0
0.25,5093.0,0.0
0.25,5094.0,0.0
0.25,5094.0,0.0
0.25,5093.0,0.0
0.25,5093.0,0.0
0.25,5093.0,0.0
0.25,5093.0,0.0
0.25,5094.0,0.0
0.25,5094.0,0.0
0.25,5094.0,0.0
0.25,5094.0,0.0
0.25,5094.0,0.0
0.25,5093.0,0.0
0.25,5093.0,0.0
0.25,5093.0,0.0
0.25,5094.0,0.0
0.25,5094.0,0.0
0.25,5094.0,0.0
0.25,5093.0,0.0
0.25,5094.0,0.0
0.25,5094.0,0.0
0.25,5093.0,0.0
0.25,5094.0,0.0
0.25,5094.0,0.0
0.25,5094.0,0.0
0.25,5094.0,0.0
0.25,5094.0,0.0
0.25,5094.0,0.0
0.25,5094.0,0.0
0.25,5094.0,0.0
0.25,5094.0,0.0
0.25,5094.0,0.0
0.25,5093.0,0.0
0.25,5094.0,0.0
0.25,5095.0,0.0
0.25,5094.0,0.0
0.25,5094.0,0.0
0.25,5093.0,0.0
0.25,5095.0,0.0
0.25,5093.0,0.0
0.25,5095.0,0.0
0.25,5094.0,0.0
0.25,5094.0,0.0
0.25,5093.0,0.0
0.25,5094.0,0.0
0.25,5094.0,0.0
0.25,5094.0,0.0
0.25,5094.0,0.0
0.25,5094.0,0.0
0.25,5094.0,0.0
0.25,5094.0,0.0
0.25,5093.0,0.0
0.25,5093.0,0.0
0.25,5094.0,0.0
0.25,5094.0,0.0
0.25,5093.0,0.0
0.25,5093.0,0.0
0.25,5094.0,0.0
0.25,5094.0,0.0
0.25,5094.0,0.0
0.25,5093.0,0.0
0.25,5094.0,0.0
0.25,5094.0,0.0
0.25,5094.0,0.0
0.25,5094.0,0.0
0.25,5094.0,0.0
0.25,5094.0,0.0
0.25,5093.0,0.0
0.25,5094.0,0.0
0.25,5094.0,0.0
0.25,5093.0,0.0
0.25,5094.0,0.0
0.25,5093.0,0.0
0.25,5093.0,0.0
0.25,5094.0,0.0
0.25,5094.0,0.0
0.25,5094.0,0.0
0.25,5094.0,0.0
0.25,5094.0,0.0
0.25,5093.0,0.0
0.25,5094.0,0.0
0.25,5093.0,0.0
0.25,5093.0,0.0
0.25,5093.0,0.0
0.25,5094.0,0.0
0.25,5093.0,0.0
0.25,5094.0,0.0
0.25,5094.0,0.0
0.25,5093.0,0.0
0.25,5093.0,0.0
0.25,5094.0,0.0
0.25,5094.0,0.0
0.25,5094.0,0.0
0.25,5093.0,0.0
0.25,5093.0,0.0
0.25,5093.0,0.0
0.25,5094.0,0.0
0.25,5093.0,0.0
0.25,5094.0,0.0
0.25,5093.0,0.0
0.25,5094.0,0.0
0.25,5093.0,0.0
0.25,5094.0,0.0
0.25,5094.0,0.0
0.25,5094.0,0.0
0.25,5094.0,0.0
0.25,5095.0,0.0
0.25,5094.0,0.0
0.25,5095.0,0.0
0.25,5094.0,0.0
0.25,5094.0,0.0
0.25,5094.0,0.0
0.25,5094.0,0.0
0.25,5094.0,0.0
0.25,5093.0,0.0
0.25,5094.0,0.0
0.25,5094.0,0.0
0.25,5094.0,0.0
0.25,5093.0,0.0
0.25,5093.0,0.0
0.25,5093.0,0.0
0.25,5094.0,0.0
0.25,5094.0,0.0
0.25,5094.0,0.0
0.25,5094.0,0.0
0.25,5094.0,0.0
0.25,5094.0,0.0
0.25,5094.0,0.0
0.25,5094.0,0.0
0.25,5094.0,0.0
0.25,5094.0,0.0
0.25,5094.0,0.0
0.25,5094.0,0.0
0.25,5093.0,0.0
0.25,5094.0,0.0
0.25,5094.0,0.0
0.25,5093.0,0.0
0.25,5094.0,0.0
0.25,5093.0,0.0
0.25,5094.0,0.0
0.25,5094.0,0.0
0.25,5094.0,0.0
0.25,5094.0,0.0
0.25,5093.0,0.0
0.25,5094.0,0.0
0.25,5094.0,0.0
0.25,5094.0,0.0
0.25,5094.0,0.0
0.25,5093.0,0.0
0.25,5093.0,0.0
0.25,5093.0,0.0
0.25,5094.0,0.0
0.25,5094.0,0.0
0.25,5094.0,0.0
0.25,5094.0,0.0
0.25,5094.0,0.0
0.25,5093.0,0.0
0.25,5094.0,0.0
0.25,5094.0,0.0
0.25,5094.0,0.0
0.25,5093.0,0.0
0.25,5093.0,0.0
0.25,5093.0,0.0
0.25,5094.0,0.0
0.25,5094.0,0.0
0.25,5094.0,0.0
0.25,5094.0,0.0
0.25,5095.0,0.0
0.25,5094.0,0.0
0.25,5094.0,0.0
0.25,5094.0,0.0
0.25,5093.0,0.0
0.25,5094.0,0.0
0.25,5094.0,0.0
0.25,5094.0,0.0
0.25,5094.0,0.0
0.25,5094.0,0.0
0.25,5094.0,0.0
0.25,5094.0,0.0
0.25,5094.0,0.0
0.25,5094.0,0.0
0.25,5094.0,0.0
0.25,5094.0,0.0
0.25,5094.0,0.0
0.25,5094.0,0.0
0.25,5093.0,0.0
0.25,5094.0,0.0
0.25,5094.0,0.0
0.25,5094.0,0.0
0.25,5094.0,0.0
0.25,5093.0,0.0
0.25,5094.0,0.0
0.25,5094.0,0.0
0.25,5093.0,0.0
0.25,5095.0,0.0
0.25,5094.0,0.0
0.25,5094.0,0.0
0.25,5094.0,0.0
0.25,5095.0,0.0
0.25,5095.0,0.0
0.25,5094.0,0.0
0.25,5094.0,0.0
0.25,5094.0,0.0
0.25,5094.0,0.0
0.25,5094.0,0.0
0.25,5094.0,0.0
0.25,5094.0,0.0
0.25,5094.0,0.0
0.25,5094.0,0.0
0.25,5094.0,0.0
0.25,5094.0,0.0
0.25,5094.0,0.0
0.25,5094.0,0.0
0.25,5094.0,0.0
0.25,5094.0,0.0
0.25,5094.0,0.0
0.25,5094.0,0.0
0.25,5094.0,0.0
0.25,5094.0,0.0
0.25,5094.0,0.0
0.25,5094.0,0.0
0.25,5094.0,0.0
0.25,5094.0,0.0
0.25,5094.0,0.0
0.25,5093.0,0.0
0.25,5093.0,0.0
0.25,5094.0,0.0
0.25,5094.0,0.0
0.25,5093.0,0.0
0.25,5093.0,0.0
0.25,5093.0,0.0
0.25,5093.0,0.0
0.25,5093.0,0.0
0.25,5093.0,0.0
0.25,5094.0,0.0
0.25,5093.0,0.0
0.25,5094.0,0.0
0.25,5094.0,0.0
0.25,5093.0,0.0
0.25,5094.0,0.0
0.25,5093.0,0.0
0.25,5093.0,0.0
0.25,5093.0,0.0
0.25,5093.0,0.0
0.25,5094.0,0.0
0.25,5094.0,0.0
0.25,5094.0,0.0
0.25,5093.0,0.0
0.25,5094.0,0.0
0.25,5093.0,0.0
0.25,5094.0,0.0
0.25,5094.0,0.0
0.25,5094.0,0.0
0.25,5094.0,0.0
0.25,5094.0,0.0
0.25,5094.0,0.0
0.25,5094.0,0.0
0.25,5094.0,0.0
0.25,5094.0,0.0
0.25,5093.0,0.0
0.25,5093.0,0.0
0.25,5093.0,0.0
0.25,5094.0,0.0
0.25,5094.0,0.0
0.25,5093.0,0.0
0.25,5094.0,0.0
0.25,5094.0,0.0
0.25,5094.0,0.0
0.25,5094.0,0.0
0.25,5094.0,0.0
0.25,5094.0,0.0
0.25,5094.0,0.0
0.25,5094.0,0.0
0.25,5094.0,0.0
0.25,5094.0,0.0
0.25,5093.0,0.0
0.25,5094.0,0.0
0.25,5093.0,0.0
0.25,5094.0,0.0
0.25,5094.0,0.0
0.25,5094.0,0.0
0.25,5094.0,0.0
0.25,5094.0,0.0
0.25,5094.0,0.0
0.25,5094.0,0.0
0.25,5093.0,0.0
0.25,5093.0,0.0
0.25,5094.0,0.0
0.25,5093.0,0.0
0.25,5093.0,0.0
0.25,5093.0,0.0
0.25,5093.0,0.0
0.25,5093.0,0.0
0.25,5094.0,0.0
0.25,5093.0,0.0
0.25,5094.0,0.0
0.25,5094.0,0.0
0.25,5093.0,0.0
0.25,5094.0,0.0
0.25,5094.0,0.0
0.25,5094.0,0.0
0.25,5094.0,0.0
0.25,5094.0,0.0
0.25,5094.0,0.0
0.25,5093.0,0.0
0.25,5094.0,0.0
0.25,5093.0,0.0
0.25,5093.0,0.0
0.25,5093.0,0.0
0.25,5093.0,0.0
0.25,5093.0,0.0
0.25,5094.0,0.0
0.25,5093.0,0.0
0.25,5094.0,0.0
0.25,5093.0,0.0
0.25,5094.0,0.0
0.25,5094.0,0.0
0.25,5093.0,0.0
0.25,5094.0,0.0
0.25,5094.0,0.0
0.25,5094.0,0.0
0.25,5094.0,0.0
0.25,5093.0,0.0
0.25,5094.0,0.0
0.25,5094.0,0.0
0.25,5094.0,0.0
0.25,5093.0,0.0
0.25,5093.0,0.0
0.25,5093.0,0.0
0.25,5093.0,0.0
0.25,5094.0,0.0
0.25,5093.0,0.0
0.25,5093.0,0.0
0.25,5094.0,0.0
0.25,5093.0,0.0
0.25,5093.0,0.0
0.25,5093.0,0.0
0.25,5093.0,0.0
0.25,5093.0,0.0
0.25,5093.0,0.0
0.25,5093.0,0.0
0.25,5093.0,0.0
0.25,5094.0,0.0
0.25,5094.0,0.0
0.25,5093.0,0.0
0.25,5093.0,0.0
0.25,5093.0,0.0
0.25,5094.0,0.0
0.25,5094.0,0.0
0.25,5093.0,0.0
0.25,5093.0,0.0
0.25,5093.0,0.0
0.25,5093.0,0.0
0.25,5093.0,0.0
0.25,5094.0,0.0
0.25,5094.0,0.0
0.25,5094.0,0.0
0.25,5094.0,0.0
0.25,5093.0,0.0
0.25,5093.0,0.0
0.25,5093.0,0.0
0.25,5094.0,0.0
0.25,5093.0,0.0
0.25,5094.0,0.0
0.25,5093.0,0.0
0.25,5094.0,0.0
0.25,5093.0,0.0
0.25,5093.0,0.0
0.25,5093.0,0.0
0.25,5094.0,0.0
0.25,5093.0,0.0
0.25,5093.0,0.0
0.25,5093.0,0.0
0.25,5093.0,0.0
0.25,5094.0,0.0
0.25,5094.0,0.0
0.25,5093.0,0.0
0.25,5094.0,0.0
0.25,5094.0,0.0
0.25,5094.0,0.0
0.25,5093.0,0.0
0.25,5093.0,0.0
0.25,5093.0,0.0
0.25,5094.0,0.0
0.25,5093.0,0.0
0.25,5093.0,0.0
0.25,5093.0,0.0
0.25,5093.0,0.0
0.25,5093.0,0.0
0.25,5094.0,0.0
0.25,5093.0,0.0
0.25,5095.0,0.0
0.25,5094.0,0.0
0.25,5094.0,0.0
0.25,5094.0,0.0
0.25,5093.0,0.0
0.25,5093.0,0.0
0.25,5093.0,0.0
0.25,5093.0,0.0
0.25,5094.0,0.0
0.25,5093.0,0.0
0.25,5094.0,0.0
0.25,5093.0,0.0
0.25,5094.0,0.0
0.25,5094.0,0.0
0.25,5094.0,0.0
0.25,5094.0,0.0
0.25,5094.0,0.0
0.25,5094.0,0.0
0.25,5094.0,0.0
0.25,5094.0,0.0
0.25,5093.0,0.0
0.25,5093.0,0.0
0.25,5094.0,0.0
0.25,5093.0,0.0
0.25,5094.0,0.0
0.25,5093.0,0.0
0.25,5093.0,0.0
0.25,5093.0,0.0
0.25,5093.0,0.0
0.25,5094.0,0.0
0.25,5093.0,0.0
0.25,5093.0,0.0
0.25,5093.0,0.0
0.25,5094.0,0.0
0.25,5093.0,0.0
0.25,5093.0,0.0
0.25,5094.0,0.0
0.25,5093.0,0.0
0.25,5093.0,0.0
0.25,5093.0,0.0
0.25,5093.0,0.0
0.25,5093.0,0.0
0.25,5093.0,0.0
0.25,5093.0,0.0
0.25,5094.0,0.0
0.25,5095.0,0.0
0.25,5095.0,0.0
0.25,5094.0,0.0
0.25,5094.0,0.0
0.25,5094.0,0.0
0.25,5094.0,0.0
0.25,5094.0,0.0
0.25,5094.0,0.0
0.25,5094.0,0.0
0.25,5094.0,0.0
0.25,5094.0,0.0
0.25,5094.0,0.0
0.25,5094.0,0.0
0.25,5093.0,0.0
0.25,5093.0,0.0
0.25,5094.0,0.0
0.25,5094.0,0.0
0.25,5094.0,0.0
0.25,5094.0,0.0
0.25,5093.0,0.0
0.25,5093.0,0.0
0.25,5093.0,0.0
0.25,5093.0,0.0
0.25,5094.0,0.0
0.25,5094.0,0.0
0.25,5094.0,0.0
0.25,5094.0,0.0
0.25,5094.0,0.0
0.25,5094.0,0.0
0.25,5094.0,0.0
0.25,5094.0,0.0
0.25,5094.0,0.0
0.25,5094.0,0.0
0.25,5094.0,0.0
0.25,5094.0,0.0
0.25,5093.0,0.0
0.25,5094.0,0.0
0.25,5094.0,0.0
0.25,5095.0,0.0
0.25,5094.0,0.0
0.25,5094.0,0.0
0.25,5094.0,0.0
0.25,5095.0,0.0
0.25,5095.0,0.0
0.25,5094.0,0.0
0.25,5094.0,0.0
0.25,5094.0,0.0
0.25,5094.0,0.0
0.25,5094.0,0.0
0.25,5093.0,0.795454
0.25,5094.0,0.795454
0.25,5094.0,0.795454
0.25,5094.0,0.795454
0.25,5094.0,0.795454
0.25,5094.0,0.795454
0.333333,5094.0,0.795454
0.333333,5095.0,0.0
0.333333,5094.0,0.0
0.333333,5094.0,0.0
0.333333,5095.0,0.0
0.333333,5093.0,0.0
0.333333,5094.0,0.0
0.333333,5094.0,0.0
0.333333,5094.0,0.0
0.333333,5093.0,0.0
0.416667,5093.0,0.0
0.416667,5094.0,0.284091
0.416667,5094.0,0.284091
0.416667,5094.0,0.284091
0.416667,5094.0,0.284091
0.416667,5093.0,0.284091
0.416667,5093.0,0.284091
0.5,5094.0,0.284091
0.5,5093.0,0.397727
0.5,5094.0,0.397727
0.5,5094.0,0.397727
0.5,5094.0,0.397727
0.5,5094.0,0.397727
0.5,5094.0,0.397727
0.583333,5094.0,0.397727
0.583333,5094.0,0.397727
0.583333,5094.0,0.397727
0.583333,5093.0,0.397727
0.583333,5093.0,0.397727
0.583333,5094.0,0.397727
0.666667,5093.0,0.397727
0.666667,5093.0,0.454545
0.666667,5094.0,0.454545
0.666667,5093.0,0.454545
0.666667,5094.0,0.454545
0.75,5093.0,0.454545
0.75,5093.0,0.568182
0.75,5093.0,0.568182
0.75,5094.0,0.568182
0.75,5094.0,0.568182
0.833333,5093.0,0.625
0.833333,5094.0,0.625
0.833333,5094.0,0.625
0.833333,5093.0,0.625
0.833333,5094.0,0.625
0.833333,5094.0,0.625
0.833333,5094.0,0.625
0.833333,5094.0,0.625
0.833333,5094.0,0.625
0.833333,5094.0,0.625
0.833333,5093.0,0.625
0.833333,5093.0,0.625
0.833333,5093.0,0.625
0.833333,5094.0,0.625
0.833333,5094.0,0.625
0.833333,5094.0,0.625
0.833333,5094.0,0.625
0.833333,5093.0,0.625
0.833333,5094.0,0.625
0.833333,5094.0,0.625
0.833333,5094.0,0.625
0.833333,5095.0,0.625
0.833333,5094.0,0.625
0.833333,5094.0,0.625
0.833333,5093.0,0.625
0.833333,5093.0,0.625
0.833333,5093.0,0.625
0.833333,5093.0,0.625
0.833333,5093.0,0.625
0.833333,5093.0,0.625
0.916667,5094.0,0.625
0.916667,5093.0,0.113636
0.916667,5093.0,0.113636
0.916667,5093.0,0.113636
1.0,5094.0,0.965909
1.0,5094.0,0.965909
1.0,5094.0,0.965909
1.08333,5094.0,0.965909
1.08333,5093.0,0.965909
1.16667,5094.0,0.965909
1.16667,5094.0,1.07955
1.16667,5093.0,1.07955
1.25,5094.0,1.13636
1.25,5093.0,1.13636
1.33333,5093.0,1.13636
1.33333,5094.0,1.25
1.33333,5094.0,1.25
1.41667,5094.0,1.13636
1.5,5093.0,1.13636
1.5,5093.0,1.53409
1.5,5094.0,1.53409
1.58333,5093.0,1.53409
1.58333,5093.0,1.02273
1.66667,5093.0,1.02273
1.66667,5093.0,1.47727
1.75,5094.0,1.47727
1.75,5094.0,1.36364
1.83333,5093.0,1.36364
1.83333,5093.0,1.53409
1.91667,5092.0,1.59091
2.0,5093.0,1.59091
2.0,5094.0,1.70455
2.08333,5094.0,1.70455
2.08333,5094.0,1.76136
2.16667,5094.0,1.64773
2.25,5094.0,1.64773
2.25,5094.0,2.04545
2.25,5094.0,2.04545
2.25,5094.0,2.04545
2.25,5094.0,2.04545
2.25,5094.0,2.04545
2.25,5094.0,2.04545
2.33333,5094.0,2.04545
2.33333,5094.0,0.397727
2.33333,5093.0,0.397727
2.33333,5093.0,0.397727
2.33333,5094.0,0.397727
2.41667,5092.0,0.681818
2.5,5093.0,2.27273
2.58333,5093.0,2.27273
2.66667,5093.0,2.15909
2.75,5094.0,2.27273
2.75,5093.0,2.67045
2.83333,5093.0,1.875
2.83333,5094.0,1.875
2.91667,5094.0,1.42045
3.0,5093.0,1.42045
3.08333,5093.0,2.67045
3.16667,5093.0,2.10227
3.25,5094.0,3.01136
3.33333,5093.0,2.84091
3.41667,5093.0,2.78409
3.5,5093.0,2.95454
3.5,5094.0,2.67045
3.5,5093.0,2.67045
3.5,5094.0,2.67045
3.58333,5094.0,2.67045
3.66667,5094.0,0.681818
3.75,5093.0,3.23864
3.83333,5094.0,3.06818
3.91667,5094.0,3.18182
4.0,5094.0,2.84091
4.08333,5094.0,3.06818
4.16667,5093.0,3.18182
4.33333,5093.0,3.18182
4.41667,5093.0,3.29545
4.41667,5093.0,3.35227
4.5,5094.0,3.35227
4.58333,5093.0,1.47727
4.66667,5094.0,3.46591
4.83333,5093.0,3.46591
4.91667,5094.0,4.31818
5.0,5094.0,3.63636
5.0,5094.0,3.63636
5.0,5094.0,3.63636
5.0,5094.0,3.63636
5.08333,5093.0,3.63636
5.16667,5093.0,4.20454
5.33333,5093.0,4.20454
5.41667,5093.0,3.97727
5.5,5094.0,3.57954
5.66667,5093.0,4.14773
5.75,5094.0,4.14773
5.83333,5093.0,3.69318
5.91667,5093.0,3.69318
6.08333,5093.0,3.69318
6.16667,5094.0,4.375
6.25,5093.0,3.80682
6.25,5093.0,3.80682
6.25,5092.0,3.80682
6.25,5094.0,3.80682
6.25,5094.0,3.80682
6.33333,5093.0,3.80682
6.41667,5094.0,4.09091
6.58333,5093.0,4.26136
6.66667,5094.0,4.375
6.83333,5093.0,4.375
6.91667,5094.0,4.54545
7.08333,5094.0,4.54545
7.16667,5094.0,4.48864
7.25,5094.0,4.48864
7.33333,5094.0,2.04545
7.5,5094.0,4.26136
7.5,5094.0,4.26136
7.5,5094.0,4.26136
7.5,5093.0,4.26136
7.5,5093.0,4.26136
7.58333,5094.0,4.26136
7.75,5094.0,4.26136
7.91667,5094.0,4.375
8.0,5094.0,4.65909
8.16667,5093.0,4.65909
8.25,5093.0,4.375
8.33333,5094.0,4.71591
8.5,5095.0,4.71591
8.58333,5093.0,5.05682
8.75,5093.0,4.65909
8.75,5093.0,4.14773
8.75,5094.0,4.14773
8.83333,5093.0,1.13636
8.83333,5094.0,1.13636
8.91667,5093.0,1.13636
9.0,5094.0,1.13636
9.08333,5093.0,4.31818
9.16667,5093.0,5.17045
9.33333,5094.0,5.17045
9.5,5093.0,4.94318
9.66667,5093.0,4.65909
9.75,5093.0,4.54545
9.91667,5093.0,4.54545
10.0833,5094.0,4.65909
10.1667,5093.0,4.88636
10.1667,5094.0,4.14773
10.1667,5094.0,4.14773
10.1667,5094.0,4.14773
10.3333,5093.0,4.14773
10.5,5093.0,4.14773
10.6667,5094.0,4.54545
10.75,5093.0,5.28409
10.9167,5093.0,5.0
11.0,5093.0,4.54545
11.1667,5092.0,4.54545
11.25,5093.0,5.0
11.4167,5093.0,4.88636
11.5833,5093.0,4.88636
11.75,5093.0,4.71591
11.75,5093.0,5.39773
11.8333,5094.0,5.39773
12.0,5093.0,5.39773
12.0833,5092.0,5.56818
12.25,5092.0,5.56818
12.4167,5093.0,5.22727
12.4167,5093.0,5.28409
12.5833,5094.0,5.28409
12.75,5093.0,5.28409
12.8333,5094.0,5.39773
12.9167,5093.0,2.38636
13.0,5093.0,2.38636
13.1667,5093.0,2.5
13.3333,5093.0,4.48864
13.3333,5094.0,4.77273
13.4167,5094.0,4.77273
13.5833,5093.0,4.77273
13.75,5094.0,4.77273
13.9167,5094.0,5.17045
14.0,5094.0,4.71591
14.1667,5093.0,4.71591
14.25,5093.0,4.77273
14.3333,5093.0,2.78409
14.3333,5093.0,4.88636
14.5,5093.0,4.88636
14.6667,5093.0,4.88636
14.8333,5095.0,5.17045
14.9167,5093.0,4.60227
15.0833,5094.0,5.22727
15.0833,5093.0,5.28409
15.25,5094.0,5.28409
15.4167,5094.0,5.68182
15.5,5094.0,5.68182
15.5833,5094.0,6.19318
15.5833,5093.0,6.19318
15.5833,5094.0,6.19318
15.5833,5093.0,6.19318
15.6667,5094.0,6.19318
15.8333,5094.0,5.79545
16.0,5094.0,5.45454
16.1667,5094.0,5.45454
16.25,5093.0,5.51136
16.4167,5094.0,5.51136
16.5833,5094.0,6.19318
16.75,5094.0,5.625
16.8333,5094.0,5.45454
16.9167,5094.0,6.13636
17.0,5094.0,6.13636
17.0833,5093.0,1.81818
17.3333,5094.0,2.95454
17.5,5093.0,2.95454
17.6667,5094.0,5.51136
17.6667,5094.0,5.28409
17.8333,5094.0,5.28409
18.0,5093.0,5.28409
18.0833,5093.0,5.22727
18.0833,5094.0,3.29545
18.0833,5094.0,3.29545
18.0833,5094.0,3.29545
18.1667,5094.0,0.795454
18.3333,5094.0,3.35227
18.5,5094.0,5.39773
18.6667,5094.0,5.51136
18.75,5094.0,5.625
18.9167,5094.0,5.625
19.0,5094.0,5.96591
19.0833,5094.0,6.42045
19.1667,5094.0,6.42045
19.3333,5094.0,6.42045
19.4167,5094.0,5.56818
19.5833,5095.0,5.56818
19.75,5094.0,5.56818
19.9167,5093.0,5.625
19.9167,5094.0,5.625
20.0,5094.0,5.625
20.1667,5094.0,5.625
20.3333,5094.0,6.19318
20.5,5093.0,6.19318
20.5,5094.0,5.51136
20.5,5094.0,5.51136
20.5,5093.0,5.51136
20.5833,5092.0,5.51136
20.8333,5093.0,6.53409
21.0,5093.0,6.53409
21.0833,5093.0,6.19318
21.25,5094.0,6.19318
21.4167,5094.0,6.07954
21.4167,5094.0,8.29545
21.6667,5094.0,8.29545
21.8333,5094.0,6.70454
22.0,5094.0,6.42045
22.0833,5094.0,6.13636
22.1667,5094.0,6.13636
22.3333,5094.0,6.07954
22.5833,5094.0,6.07954
22.75,5094.0,6.07954
22.8333,5094.0,5.85227
22.9167,5094.0,5.85227
23.0833,5094.0,6.19318
23.1667,5094.0,5.56818
23.3333,5094.0,5.56818
23.3333,5094.0,7.10227
23.5,5094.0,7.10227
23.6667,5093.0,6.875
23.9167,5094.0,6.875
24.0,5094.0,7.61363
24.1667,5093.0,7.04545
24.25,5094.0,5.96591
24.3333,5093.0,2.84091
24.3333,5093.0,3.06818
24.4167,5094.0,3.06818
24.4167,5094.0,1.19318
24.5,5093.0,2.27273
24.6667,5094.0,3.18182
24.75,5094.0,5.56818
25.0,5094.0,5.56818
25.1667,5093.0,5.56818
25.3333,5094.0,6.81818
25.5,5094.0,6.19318
25.5,5092.0,5.73864
25.5,5094.0,5.73864
25.6667,5094.0,5.73864
25.8333,5093.0,5.73864
26.0,5094.0,5.73864
26.1667,5094.0,6.19318
26.3333,5094.0,6.30682
26.5,5094.0,6.30682
26.5833,5094.0,6.42045
26.5833,5094.0,6.42045
26.5833,5093.0,6.42045
26.6667,5093.0,1.02273
26.8333,5093.0,2.04545
26.9167,5094.0,6.42045
27.0,5094.0,8.23863
27.1667,5093.0,8.23863
27.25,5094.0,5.73864
27.5,5093.0,5.73864
27.5833,5093.0,5.73864
27.6667,5093.0,6.81818
27.6667,5094.0,6.81818
27.6667,5094.0,6.81818
27.9167,5094.0,6.81818
28.0,5094.0,6.42045
28.1667,5093.0,6.42045
28.3333,5093.0,5.90909
28.5,5093.0,5.90909
28.6667,5093.0,5.90909
28.75,5092.0,5.85227
28.8333,5093.0,5.85227
28.8333,5093.0,1.93182
28.9167,5092.0,1.93182
29.0833,5092.0,1.93182
29.1667,5092.0,6.81818
29.3333,5092.0,6.81818
29.5833,5093.0,6.81818
29.6667,5093.0,5.96591
29.8333,5093.0,5.96591
30.0,5093.0,6.30682
30.0833,5093.0,5.73864
30.3333,5093.0,5.73864
30.4167,5093.0,5.51136
30.4167,5094.0,5.51136
30.5833,5094.0,5.51136
30.75,5093.0,6.13636
30.9167,5093.0,6.13636
31.1667,5093.0,6.25
31.3333,5093.0,5.68182
31.5,5093.0,5.68182
31.6667,5093.0,5.68182
31.75,5093.0,6.25
31.75,5094.0,6.25
31.8333,5093.0,6.25
32.0,5093.0,6.30682
32.1667,5092.0,6.30682
32.3333,5093.0,6.30682
32.5,5093.0,6.07954
32.6667,5093.0,5.96591
32.8333,5093.0,6.47727
33.0,5093.0,6.02273
33.1667,5092.0,6.02273
33.25,5092.0,6.13636
33.3333,5093.0,6.13636
33.5,5094.0,6.13636
33.6667,5094.0,5.90909
33.8333,5093.0,5.90909
34.0,5094.0,6.02273
34.25,5093.0,6.19318
34.3333,5094.0,6.25
34.5,5092.0,6.25
34.6667,5093.0,6.25
34.75,5093.0,5.79545
34.8333,5093.0,5.79545
35.0,5092.0,5.85227
35.0833,5093.0,6.59091
35.25,5093.0,6.59091
35.4167,5093.0,6.36363
35.5,5093.0,5.68182
35.6667,5093.0,5.68182
35.75,5093.0,7.04545
35.8333,5092.0,8.06818
35.9167,5094.0,8.06818
36.0833,5093.0,5.73864
36.1667,5093.0,5.90909
36.3333,5094.0,5.90909
36.5,5094.0,5.85227
36.6667,5094.0,5.85227
36.75,5093.0,5.39773
36.9167,5094.0,5.39773
37.0,5093.0,6.53409
37.0833,5094.0,2.95454
37.25,5094.0,2.95454
37.25,5094.0,6.07954
37.4167,5094.0,6.07954
37.5,5094.0,6.36363
37.6667,5094.0,6.36363
37.9167,5094.0,6.36363
38.0,5093.0,5.90909
38.1667,5093.0,5.90909
38.25,5092.0,7.04545
38.4167,5093.0,7.04545
38.5833,5094.0,6.13636
38.6667,5094.0,6.42045
38.75,5093.0,2.10227
38.8333,5094.0,2.10227
39.0,5094.0,6.25
39.1667,5093.0,6.19318
39.3333,5093.0,6.42045
39.3333,5093.0,6.42045
39.5,5093.0,6.42045
39.6667,5093.0,6.42045
39.8333,5093.0,6.42045
39.9167,5093.0,6.07954
40.0,5094.0,1.98864
40.1667,5093.0,6.59091
40.3333,5093.0,5.90909
40.5833,5092.0,5.90909
40.6667,5093.0,6.47727
40.8333,5093.0,6.47727
40.9167,5093.0,7.95454
40.9167,5093.0,7.95454
40.9167,5093.0,7.95454
41.0833,5092.0,7.95454
41.25,5093.0,7.95454
41.4167,5093.0,7.15909
41.5833,5093.0,6.59091
41.8333,5092.0,6.59091
42.0,5093.0,6.13636
42.1667,5093.0,6.13636
42.3333,5093.0,5.90909
42.5,5093.0,6.07954
42.75,5093.0,6.07954
42.75,5093.0,5.85227
42.9167,5092.0,5.85227
43.0833,5093.0,6.53409
43.3333,5093.0,6.53409
43.5,5092.0,6.53409
43.5833,5092.0,6.36363
43.75,5093.0,6.36363
43.9167,5092.0,6.36363
44.1667,5093.0,6.36363
44.1667,5093.0,6.30682
44.1667,5093.0,6.30682
44.3333,5093.0,6.30682
44.5,5092.0,6.30682
44.6667,5093.0,6.30682
44.8333,5093.0,6.13636
45.0,5093.0,6.19318
45.1667,5093.0,6.19318
45.25,5093.0,7.72727
45.4167,5093.0,7.72727
45.5,5093.0,5.45454
45.5833,5093.0,5.45454
45.75,5093.0,6.19318
45.9167,5093.0,6.13636
46.0833,5093.0,6.13636
46.1667,5094.0,6.70454
46.3333,5093.0,6.70454
46.5,5093.0,6.47727
46.6667,5093.0,6.47727
46.8333,5093.0,6.47727
47.0,5093.0,6.36363
47.0,5094.0,6.36363
47.25,5094.0,6.36363
47.4167,5092.0,6.36363
47.5833,5093.0,6.36363
47.75,5093.0,6.36363
47.8333,5093.0,6.53409
47.8333,5093.0,2.67045
48.0,5093.0,2.67045
48.0,5092.0,6.64773
48.0833,5093.0,1.53409
48.1667,5092.0,3.06818
48.25,5093.0,3.06818
48.4167,5094.0,3.06818
48.6667,5093.0,5.73864
48.8333,5093.0,6.07954
48.9167,5093.0,6.30682
49.0833,5093.0,6.30682
49.1667,5092.0,6.70454
49.25,5093.0,8.06818
49.3333,5093.0,8.06818
49.3333,5093.0,1.47727
49.5,5093.0,2.04545
49.5833,5093.0,7.04545
49.75,5093.0,6.53409
49.9167,5093.0,7.67045
50.0833,5093.0,7.67045
50.25,5093.0,6.30682
50.3333,5093.0,6.02273
50.4167,5093.0,6.02273
50.4167,5092.0,2.04545
50.6667,5092.0,2.04545
50.6667,5093.0,6.25
50.8333,5093.0,6.25
50.9167,5094.0,6.13636
51.1667,5093.0,6.13636
51.1667,5094.0,6.47727
51.25,5094.0,2.10227
51.3333,5094.0,2.10227
51.5,5093.0,2.10227
51.5,5093.0,5.79545
51.6667,5093.0,6.47727
51.6667,5093.0,6.47727
51.8333,5094.0,6.47727
52.0,5093.0,6.47727
52.1667,5093.0,6.47727
52.4167,5093.0,6.47727
52.5,5094.0,6.02273
52.5833,5094.0,6.02273
52.75,5094.0,6.02273
52.9167,5092.0,6.25
53.0,5093.0,6.36363
53.0833,5093.0,1.93182
53.25,5093.0,3.40909
53.4167,5093.0,5.79545
53.5833,5093.0,6.19318
53.75,5093.0,6.19318
53.8333,5093.0,6.07954
54.0,5093.0,6.07954
54.1667,5093.0,6.07954
54.1667,5094.0,7.55682
54.3333,5093.0,7.55682
54.3333,5093.0,6.53409
54.4167,5094.0,1.47727
54.5,5093.0,1.47727
54.6667,5093.0,1.98864
54.75,5093.0,6.25
54.9167,5094.0,6.25
55.0,5093.0,6.81818
55.1667,5094.0,6.81818
55.25,5092.0,7.61363
55.25,5093.0,7.61363
55.25,5094.0,7.61363
55.3333,5094.0,7.61363
55.3333,5094.0,0.852273
55.5833,5094.0,1.98864
55.75,5093.0,5.68182
55.8333,5093.0,5.68182
55.9167,5093.0,7.21591
56.0,5093.0,7.21591
56.1667,5093.0,6.64773
56.3333,5093.0,6.19318
56.3333,5092.0,5.85227
56.4167,5093.0,1.59091
56.5833,5093.0,3.125
56.75,5093.0,5.56818
56.8333,5093.0,5.34091
56.9167,5093.0,3.06818
57.0,5093.0,3.06818
57.25,5093.0,3.06818
57.3333,5092.0,5.56818
57.4167,5093.0,6.13636
57.4167,5093.0,6.13636
57.5833,5093.0,6.13636
57.75,5093.0,6.13636
57.9167,5093.0,6.19318
58.0833,5093.0,6.47727
58.1667,5092.0,5.45454
58.4167,5093.0,5.45454
58.5833,5093.0,6.42045
58.75,5093.0,6.13636
58.75,5093.0,5.96591
58.75,5093.0,5.96591
58.9167,5092.0,5.96591
59.0833,5093.0,6.30682
59.25,5093.0,6.30682
59.4167,5093.0,6.30682
59.5833,5093.0,6.36363
59.8333,5093.0,6.30682
60.0,5093.0,6.30682
60.0833,5093.0,4.88636
60.1667,5093.0,6.13636
60.1667,5093.0,6.13636
60.3333,5093.0,6.13636
60.4167,5093.0,6.81818
60.5833,5093.0,6.81818
60.75,5093.0,6.81818
60.9167,5092.0,6.42045
61.0833,5092.0,6.42045
61.25,5092.0,6.47727
61.3333,5093.0,5.34091
61.5,5092.0,5.34091
61.5833,5092.0,3.125
61.6667,5093.0,3.29545
61.8333,5093.0,3.29545
62.0,5092.0,3.29545
62.1667,5093.0,7.61363
62.25,5093.0,7.61363
62.3333,5093.0,7.27273
62.4167,5093.0,7.27273
62.4167,5092.0,2.10227
62.4167,5093.0,2.10227
62.4167,5092.0,2.10227
62.5833,5094.0,2.10227
62.8333,5093.0,6.53409
63.0,5093.0,6.47727
63.0833,5093.0,6.25
63.0833,5093.0,3.23864
63.3333,5093.0,6.47727
63.5,5093.0,6.64773
63.6667,5093.0,5.79545
63.6667,5093.0,7.84091
63.75,5093.0,7.84091
63.9167,5093.0,6.81818
64.0833,5093.0,6.81818
64.25,5093.0,6.81818
64.4167,5092.0,6.64773
64.5,5092.0,6.19318
64.6667,5093.0,6.19318
64.75,5092.0,6.875
65.0,5092.0,6.875
65.0,5092.0,6.25
65.0833,5092.0,6.25
65.25,5093.0,6.25
65.4167,5093.0,6.42045
65.6667,5093.0,6.42045
65.8333,5093.0,6.42045
65.9167,5093.0,6.02273
66.0,5092.0,3.35227
66.1667,5092.0,3.35227
66.3333,5092.0,5.90909
66.3333,5092.0,6.13636
66.4167,5092.0,6.13636
66.5833,5093.0,6.13636
66.75,5092.0,6.13636
66.9167,5093.0,6.13636
67.0833,5092.0,6.59091
67.3333,5093.0,6.25
67.4167,5092.0,5.96591
67.5833,5092.0,5.96591
67.75,5092.0,6.13636
67.75,5093.0,6.47727
67.9167,5093.0,6.47727
68.0,5093.0,5.39773
68.1667,5093.0,5.39773
68.3333,5092.0,6.07954
68.4167,5093.0,6.70454
68.5833,5092.0,6.42045
68.75,5093.0,6.42045
68.8333,5093.0,7.15909
69.0,5093.0,7.15909
69.0833,5093.0,5.96591
69.25,5092.0,5.96591
69.4167,5093.0,5.96591
69.6667,5093.0,5.96591
69.8333,5092.0,6.19318
70.0,5092.0,6.36363
70.1667,5093.0,6.59091
70.4167,5092.0,6.59091
70.5,5093.0,5.96591
70.5833,5093.0,2.95454
70.5833,5093.0,2.95454
70.75,5093.0,2.95454
71.0,5093.0,5.56818
71.1667,5093.0,5.68182
71.3333,5093.0,6.70454
71.5,5093.0,6.47727
71.75,5093.0,6.47727
71.9167,5093.0,6.47727
72.0833,5092.0,6.30682
72.1667,5092.0,6.13636
72.25,5093.0,6.13636
72.4167,5093.0,6.30682
72.5833,5092.0,6.07954
72.75,5092.0,6.07954
73.0,5092.0,6.36363
73.1667,5093.0,6.47727
73.3333,5092.0,6.47727
73.5,5093.0,6.25
73.6667,5092.0,6.19318
73.8333,5093.0,6.25
73.9167,5092.0,6.25
74.0833,5092.0,6.25
74.25,5092.0,6.25
74.5,5092.0,6.25
74.6667,5092.0,6.25
74.75,5092.0,6.36363
74.9167,5093.0,6.36363
75.0833,5092.0,6.13636
75.0833,5092.0,5.90909
75.1667,5092.0,1.93182
75.25,5093.0,2.10227
75.4167,5092.0,3.18182
75.5,5092.0,6.36363
75.75,5093.0,6.36363
75.9167,5093.0,6.36363
76.0833,5093.0,6.36363
76.25,5093.0,6.36363
76.5,5093.0,6.36363
76.5,5093.0,5.90909
76.6667,5093.0,5.90909
76.75,5093.0,6.25
76.9167,5092.0,6.25
77.0833,5093.0,6.19318
77.3333,5093.0,6.19318
77.5,5093.0,6.19318
77.6667,5093.0,6.19318
77.8333,5093.0,6.19318
78.0,5093.0,6.19318
78.25,5093.0,6.13636
78.3333,5094.0,5.85227
78.4167,5093.0,5.85227
78.5833,5093.0,5.85227
78.75,5094.0,5.85227
79.0,5094.0,6.47727
79.0833,5093.0,5.96591
79.25,5093.0,5.96591
79.4167,5093.0,6.02273
79.5833,5093.0,6.19318
79.75,5092.0,6.19318
79.8333,5092.0,5.96591
79.9167,5094.0,5.96591
80.0833,5093.0,5.96591
80.25,5093.0,6.19318
80.4167,5093.0,6.02273
80.5833,5094.0,6.02273
80.8333,5093.0,6.07954
81.0,5094.0,6.25
81.1667,5093.0,6.19318
81.3333,5094.0,5.90909
81.5,5094.0,5.90909
81.5833,5094.0,5.96591
81.75,5093.0,5.96591
81.9167,5094.0,6.19318
82.0833,5093.0,6.19318
82.3333,5094.0,6.19318
82.5,5093.0,6.19318
82.6667,5093.0,6.36363
82.8333,5094.0,6.02273
82.9167,5093.0,5.68182
82.9167,5093.0,5.68182
83.0,5093.0,5.68182
83.1667,5092.0,5.68182
83.3333,5093.0,6.13636
83.5,5093.0,6.13636
83.6667,5094.0,6.25
83.9167,5093.0,6.25
84.0833,5093.0,6.25
84.25,5093.0,6.25
84.25,5092.0,5.96591
84.25,5093.0,5.96591
84.3333,5094.0,5.96591
84.5,5092.0,5.96591
84.6667,5093.0,6.42045
84.8333,5093.0,6.42045
85.0,5093.0,6.42045
85.25,5093.0,6.07954
85.4167,5093.0,6.36363
85.5833,5093.0,6.36363
85.75,5092.0,6.36363
85.8333,5093.0,5.79545
85.9167,5092.0,5.79545
86.0833,5092.0,5.79545
86.25,5092.0,5.90909
86.4167,5092.0,6.25
86.5833,5093.0,6.30682
86.8333,5093.0,6.30682
87.0,5094.0,6.81818
87.1667,5094.0,6.25
87.25,5093.0,6.07954
87.25,5092.0,6.07954
87.3333,5093.0,6.07954
87.5,5092.0,6.07954
87.6667,5093.0,6.07954
87.8333,5093.0,6.07954
88.0833,5093.0,6.25
88.25,5093.0,6.25
88.4167,5093.0,6.36363
88.5833,5093.0,6.19318
88.6667,5093.0,5.96591
88.6667,5093.0,5.96591
88.6667,5093.0,5.96591
88.8333,5093.0,5.96591
89.0,5094.0,5.96591
89.1667,5093.0,6.19318
89.4167,5093.0,6.30682
89.5833,5093.0,6.30682
89.6667,5094.0,5.56818
89.8333,5094.0,5.56818
90.0,5093.0,5.96591
90.0833,5094.0,5.73864
90.1667,5093.0,5.73864
90.3333,5094.0,5.73864
90.5,5094.0,5.73864
90.6667,5093.0,6.76136
90.8333,5094.0,6.19318
91.0833,5094.0,6.19318
91.25,5093.0,6.19318
91.4167,5093.0,6.19318
91.5,5093.0,5.90909
91.5,5093.0,3.23864
91.75,5093.0,3.23864
91.8333,5093.0,6.36363
92.0,5093.0,6.36363
92.1667,5093.0,6.13636
92.3333,5093.0,6.13636
92.5833,5092.0,6.13636
92.75,5093.0,6.30682
92.75,5092.0,6.30682
92.9167,5093.0,6.30682
93.0,5093.0,6.30682
93.0,5093.0,6.30682
93.25,5093.0,6.30682
93.4167,5093.0,6.30682
93.5833,5092.0,5.96591
93.75,5093.0,5.96591
93.9167,5093.0,5.85227
94.0833,5094.0,5.85227
94.25,5093.0,5.85227
94.25,5093.0,5.90909
94.4167,5092.0,5.90909
94.4167,5093.0,6.30682
94.5833,5094.0,6.30682
94.75,5094.0,6.30682
94.9167,5094.0,6.30682
95.0833,5093.0,6.36363
95.25,5093.0,6.36363
95.4167,5094.0,6.36363
95.5833,5094.0,5.85227
95.8333,5094.0,6.19318
96.0,5092.0,6.19318
96.0833,5093.0,5.96591
96.1667,5093.0,3.23864
96.3333,5092.0,3.23864
96.5833,5093.0,6.64773
96.6667,5093.0,5.39773
96.75,5093.0,3.06818
96.9167,5093.0,6.30682
97.0,5093.0,5.85227
97.1667,5094.0,5.85227
97.25,5093.0,6.19318
97.3333,5093.0,5.90909
97.5,5093.0,5.90909
97.6667,5093.0,5.90909
97.8333,5093.0,5.96591
98.0,5094.0,5.85227
98.0833,5094.0,6.36363
98.3333,5094.0,6.36363
98.5,5094.0,6.19318
98.6667,5093.0,5.85227
98.75,5094.0,5.56818
98.75,5093.0,5.56818
98.8333,5093.0,1.47727
98.9167,5094.0,1.47727
99.0833,5093.0,5.73864
99.25,5094.0,5.79545
99.4167,5093.0,5.79545
99.6667,5093.0,5.79545
99.8333,5093.0,5.79545
100.0,5094.0,5.79545
100.083,5094.0,6.13636
100.083,5093.0,6.13636
100.167,5094.0,1.47727
100.333,5094.0,3.06818
100.417,5094.0,5.34091
100.583,5093.0,5.34091
100.75,5093.0,5.73864
100.917,5092.0,5.73864
101.0,5093.0,5.22727
101.25,5093.0,5.22727
101.333,5093.0,6.19318
101.417,5093.0,5.05682
101.583,5094.0,5.05682
101.667,5094.0,5.79545
101.75,5093.0,5.79545
101.833,5094.0,1.98864
102.0,5093.0,5.73864
102.167,5094.0,5.73864
102.333,5093.0,5.39773
102.5,5093.0,5.39773
102.583,5092.0,6.25
102.583,5094.0,2.95454
102.583,5093.0,2.95454
102.75,5094.0,2.95454
102.833,5094.0,4.94318
103.0,5094.0,5.625
103.083,5094.0,6.64773
103.25,5094.0,6.64773
103.417,5092.0,5.56818
103.5,5093.0,5.39773
103.5,5093.0,2.84091
103.667,5094.0,2.84091
103.833,5094.0,5.11364
104.0,5093.0,5.22727
104.167,5093.0,5.22727
104.333,5094.0,5.22727
104.5,5094.0,5.22727
104.667,5094.0,5.22727
104.833,5092.0,5.34091
105.0,5093.0,5.56818
105.083,5093.0,5.22727
105.25,5093.0,5.22727
105.417,5094.0,6.47727
105.417,5094.0,4.88636
105.583,5094.0,4.88636
105.583,5094.0,5.56818
105.667,5093.0,5.56818
105.833,5092.0,5.56818
106.0,5092.0,5.56818
106.167,5093.0,5.625
106.333,5092.0,5.625
106.417,5093.0,5.28409
106.5,5094.0,5.28409
106.667,5093.0,5.28409
106.833,5093.0,5.34091
106.833,5093.0,5.39773
106.833,5094.0,5.39773
107.0,5093.0,5.39773
107.083,5093.0,5.90909
107.25,5093.0,5.625
107.417,5093.0,5.56818
107.583,5093.0,5.56818
107.75,5094.0,5.73864
107.917,5093.0,5.73864
108.083,5093.0,5.45454
108.25,5093.0,5.45454
108.417,5094.0,5.34091
108.417,5093.0,5.17045
108.417,5093.0,5.17045
108.5,5093.0,1.30682
108.667,5093.0,3.01136
108.833,5094.0,3.01136
109.0,5093.0,4.82954
109.167,5093.0,5.11364
109.25,5094.0,5.28409
109.417,5094.0,5.28409
109.583,5093.0,5.73864
109.75,5094.0,5.73864
109.833,5093.0,4.88636
110.0,5093.0,5.22727
110.167,5094.0,5.22727
110.25,5094.0,5.51136
110.417,5093.0,5.51136
110.583,5094.0,5.28409
110.75,5094.0,5.625
110.833,5094.0,4.54545
111.0,5094.0,6.25
111.083,5094.0,5.11364
111.167,5094.0,5.11364
111.167,5094.0,1.70455
111.25,5094.0,1.76136
111.333,5094.0,2.55682
111.333,5093.0,2.55682
111.5,5093.0,2.55682
111.667,5093.0,2.55682
111.833,5093.0,4.82954
112.0,5093.0,5.22727
112.167,5093.0,5.22727
112.333,5094.0,5.22727
112.417,5093.0,5.45454
112.5,5093.0,5.45454
112.667,5093.0,5.56818
112.75,5093.0,5.56818
112.75,5092.0,2.44318
112.75,5094.0,2.44318
112.917,5093.0,2.44318
113.083,5093.0,5.28409
113.167,5093.0,5.11364
113.333,5093.0,5.11364
113.5,5093.0,5.28409
113.667,5093.0,5.34091
113.833,5094.0,5.45454
114.0,5094.0,5.17045
114.0,5094.0,4.88636
114.0,5094.0,4.88636
114.0,5093.0,4.88636
114.0,5093.0,4.88636
114.167,5094.0,4.88636
114.333,5094.0,5.11364
114.5,5094.0,5.11364
114.583,5094.0,5.11364
114.75,5093.0,5.34091
114.917,5093.0,5.34091
115.083,5094.0,5.34091
115.167,5094.0,5.05682
115.167,5094.0,5.05682
115.167,5093.0,5.05682
115.167,5093.0,5.05682
115.25,5093.0,5.05682
115.417,5093.0,5.05682
115.5,5094.0,5.05682
115.667,5094.0,5.05682
115.833,5093.0,5.17045
116.0,5093.0,5.17045
116.167,5093.0,5.17045
116.333,5094.0,5.17045
116.417,5095.0,5.11364
116.417,5093.0,4.77273
116.417,5093.0,4.77273
116.417,5094.0,4.77273
116.417,5094.0,4.77273
116.5,5094.0,4.77273
116.667,5094.0,5.11364
116.833,5094.0,5.11364
116.917,5093.0,4.94318
117.083,5093.0,5.28409
117.25,5093.0,5.28409
117.333,5093.0,4.31818
117.5,5093.0,4.31818
117.583,5094.0,5.51136
117.75,5094.0,4.71591
117.75,5093.0,5.05682
117.75,5093.0,5.05682
117.833,5093.0,5.05682
118.0,5094.0,5.05682
118.167,5093.0,4.82954
118.25,5094.0,5.17045
118.417,5094.0,5.17045
118.583,5094.0,5.17045
118.667,5093.0,5.0
118.75,5094.0,2.27273
118.917,5094.0,5.05682
119.083,5093.0,4.88636
119.083,5094.0,4.375
119.083,5094.0,4.375
119.083,5094.0,4.375
119.167,5094.0,0.795454
119.333,5094.0,2.67045
119.417,5093.0,5.05682
119.583,5094.0,5.05682
119.75,5094.0,5.0
119.833,5094.0,4.94318
120.0,5094.0,4.94318
120.167,5094.0,4.94318
120.333,5094.0,5.22727
120.417,5094.0,4.94318
120.583,5093.0,4.48864
120.75,5094.0,4.77273
120.833,5093.0,4.82954
121.0,5093.0,4.71591
121.167,5093.0,4.71591
121.25,5093.0,4.71591
121.417,5093.0,4.94318
121.583,5093.0,4.94318
121.75,5094.0,4.94318
121.833,5093.0,5.05682
122.0,5094.0,5.0
122.167,5094.0,4.54545
122.25,5094.0,5.05682
122.25,5093.0,4.88636
122.25,5093.0,4.88636
122.25,5093.0,4.88636
122.333,5094.0,0.795454
122.417,5094.0,2.38636
122.583,5094.0,4.43182
122.75,5094.0,4.43182
122.917,5094.0,4.48864
123.0,5094.0,5.56818
123.083,5094.0,4.43182
123.167,5093.0,5.05682
123.25,5094.0,5.05682
123.333,5093.0,4.54545
123.333,5094.0,4.54545
123.333,5094.0,4.54545
123.333,5094.0,4.54545
123.333,5094.0,4.54545
123.417,5093.0,4.54545
123.5,5094.0,4.60227
123.667,5095.0,4.60227
123.75,5094.0,4.88636
123.917,5094.0,4.88636
124.083,5094.0,4.71591
124.167,5094.0,4.65909
124.333,5094.0,4.65909
124.417,5094.0,4.65909
124.583,5094.0,4.65909
124.583,5094.0,4.48864
124.583,5094.0,4.48864
124.667,5094.0,4.48864
124.667,5094.0,1.02273
124.667,5094.0,1.02273
124.75,5093.0,1.02273
124.833,5093.0,0.852273
125.0,5094.0,3.97727
125.083,5094.0,3.92045
125.167,5094.0,4.26136
125.25,5093.0,4.26136
125.333,5093.0,4.94318
125.5,5094.0,4.94318
125.583,5095.0,3.69318
125.667,5094.0,4.09091
125.667,5093.0,4.09091
125.667,5093.0,4.09091
125.667,5093.0,4.09091
125.667,5093.0,4.09091
125.75,5093.0,4.09091
125.833,5093.0,4.09091
126.0,5094.0,4.09091
126.083,5094.0,4.31818
126.25,5094.0,4.26136
126.333,5093.0,4.48864
126.417,5094.0,3.92045
126.5,5094.0,3.97727
126.583,5093.0,3.97727
126.667,5094.0,4.48864
126.833,5094.0,3.75
126.917,5093.0,3.69318
127.083,5093.0,3.92045
127.167,5093.0,4.03409
127.167,5093.0,3.57954
127.167,5093.0,3.57954
127.333,5093.0,3.57954
127.417,5093.0,3.69318
127.417,5093.0,3.69318
127.583,5094.0,3.69318
127.667,5094.0,3.57954
127.75,5092.0,3.75
127.917,5094.0,3.75
128.0,5093.0,3.69318
128.083,5093.0,3.23864
128.167,5093.0,3.69318
128.333,5093.0,3.69318
128.417,5093.0,3.69318
128.5,5093.0,3.80682
128.5,5093.0,3.80682
128.5,5093.0,3.80682
128.5,5093.0,3.80682
128.5,5093.0,3.80682
128.583,5093.0,0.568182
128.75,5093.0,0.568182
128.833,5094.0,3.18182
128.917,5093.0,3.01136
129.0,5093.0,3.23864
129.083,5093.0,3.86364
129.167,5093.0,3.06818
129.25,5094.0,2.95454
129.25,5094.0,2.95454
129.333,5094.0,2.95454
129.417,5094.0,1.13636
129.417,5093.0,2.89773
129.5,5094.0,2.89773
129.583,5094.0,1.59091
129.667,5093.0,2.84091
129.667,5094.0,2.84091
129.667,5094.0,2.84091
129.667,5095.0,2.84091
129.667,5093.0,2.84091
129.667,5093.0,2.84091
129.75,5094.0,0.511364
129.75,5094.0,0.511364
129.917,5094.0,1.42045
129.917,5093.0,3.23864
130.083,5093.0,3.23864
130.167,5093.0,3.01136
130.25,5094.0,2.89773
130.333,5094.0,2.89773
130.417,5094.0,3.125
130.5,5094.0,2.89773
130.583,5094.0,2.95454
130.667,5094.0,2.84091
130.75,5094.0,2.67045
130.75,5094.0,3.06818
130.833,5094.0,3.06818
130.917,5093.0,1.36364
131.0,5094.0,3.125
131.0,5093.0,2.89773
131.0,5093.0,2.89773
131.0,5092.0,2.89773
131.0,5093.0,2.89773
131.0,5093.0,2.89773
131.083,5093.0,0.511364
131.167,5093.0,2.27273
131.167,5093.0,2.27273
131.25,5093.0,1.47727
131.333,5093.0,2.72727
131.417,5093.0,2.55682
131.5,5094.0,2.55682
131.583,5094.0,2.89773
131.583,5094.0,2.89773
131.667,5094.0,2.89773
131.75,5093.0,1.13636
131.833,5094.0,3.18182
131.833,5094.0,2.67045
131.917,5094.0,2.44318
132.0,5094.0,2.38636
132.083,5094.0,2.5
132.167,5093.0,2.5
132.25,5094.0,2.27273
132.333,5094.0,2.32954
132.333,5094.0,2.67045
132.417,5093.0,2.27273
132.417,5093.0,2.27273
132.5,5093.0,2.27273
132.583,5093.0,1.02273
132.583,5092.0,3.18182
132.667,5094.0,2.10227
132.75,5094.0,2.38636
132.75,5094.0,2.38636
132.75,5093.0,2.38636
132.833,5093.0,1.02273
132.917,5093.0,2.10227
133.0,5094.0,2.10227
133.083,5094.0,2.72727
133.083,5093.0,2.15909
133.167,5093.0,2.27273
133.167,5094.0,2.27273
133.167,5094.0,2.27273
133.25,5094.0,0.909091
133.333,5094.0,2.72727
133.417,5094.0,2.72727
133.417,5094.0,1.98864
133.5,5093.0,1.98864
133.583,5094.0,1.98864
133.583,5093.0,1.875
133.667,5093.0,1.76136
133.75,5093.0,1.76136
133.75,5094.0,1.93182
133.833,5094.0,2.04545
133.917,5094.0,2.04545
133.917,5094.0,1.70455
134.0,5094.0,1.81818
134.083,5094.0,1.81818
134.083,5093.0,1.76136
134.167,5094.0,1.81818
134.167,5094.0,1.81818
134.25,5093.0,1.76136
134.333,5093.0,1.76136
134.333,5094.0,1.81818
134.417,5094.0,1.70455
134.417,5095.0,1.70455
134.5,5094.0,1.47727
134.583,5093.0,1.47727
134.583,5094.0,1.81818
134.667,5093.0,1.81818
134.667,5094.0,1.53409
134.75,5093.0,1.53409
134.75,5094.0,1.53409
134.833,5093.0,1.59091
134.833,5094.0,1.59091
134.917,5094.0,1.53409
134.917,5093.0,1.53409
135.0,5093.0,1.53409
135.083,5093.0,1.53409
135.083,5093.0,1.53409
135.167,5093.0,1.53409
135.167,5093.0,1.47727
135.25,5093.0,1.47727
135.25,5093.0,1.42045
135.333,5093.0,1.42045
135.333,5093.0,1.36364
135.417,5094.0,1.36364
135.417,5093.0,1.70455
135.5,5093.0,1.70455
135.5,5093.0,1.42045
135.583,5093.0,1.42045
135.583,5094.0,1.36364
135.667,5093.0,1.36364
135.667,5093.0,1.42045
135.667,5094.0,1.42045
135.75,5093.0,1.25
135.75,5093.0,1.25
135.833,5094.0,1.25
135.833,5094.0,1.25
135.917,5094.0,1.30682
135.917,5094.0,1.30682
136.0,5094.0,1.30682
136.0,5093.0,1.25
136.0,5094.0,1.25
136.083,5094.0,1.25
136.083,5094.0,1.25
136.167,5093.0,1.25
136.167,5093.0,1.25
136.25,5093.0,1.25
136.25,5093.0,1.19318
136.25,5093.0,1.19318
136.333,5093.0,1.19318
136.333,5093.0,1.19318
136.417,5094.0,1.19318
136.417,5093.0,1.19318
136.5,5093.0,1.19318
136.5,5094.0,1.13636
136.5,5094.0,1.13636
136.583,5093.0,1.13636
136.583,5093.0,1.13636
136.583,5093.0,1.13636
136.667,5093.0,1.07955
136.667,5093.0,1.07955
136.75,5093.0,1.07955
136.75,5093.0,1.02273
136.75,5093.0,1.02273
136.833,5093.0,1.02273
136.833,5094.0,0.965909
136.833,5093.0,0.965909
136.917,5093.0,0.965909
136.917,5094.0,0.965909
136.917,5094.0,0.965909
137.0,5093.0,0.965909
137.0,5094.0,0.909091
137.0,5094.0,0.909091
137.0,5093.0,0.909091
137.083,5094.0,0.909091
137.083,5093.0,0.909091
137.083,5093.0,0.909091
137.167,5093.0,0.852273
137.167,5093.0,0.852273
137.167,5094.0,0.852273
137.25,5094.0,0.852273
137.25,5093.0,0.852273
137.25,5093.0,0.852273
137.25,5093.0,0.852273
137.333,5093.0,0.852273
137.333,5093.0,0.738636
137.333,5093.0,0.738636
137.333,5094.0,0.738636
137.417,5094.0,0.738636
137.417,5094.0,0.681818
137.417,5093.0,0.681818
137.417,5093.0,0.681818
137.417,5093.0,0.681818
137.5,5093.0,0.681818
137.5,5093.0,0.568182
137.5,5094.0,0.568182
137.5,5093.0,0.568182
137.5,5093.0,0.568182
137.5,5094.0,0.568182
137.5,5093.0,0.568182
137.583,5094.0,0.454545
137.583,5093.0,0.454545
137.583,5093.0,0.454545
137.583,5093.0,0.454545
137.583,5093.0,0.454545
137.583,5093.0,0.454545
137.583,5094.0,0.454545
137.583,5093.0,0.454545
137.583,5093.0,0.454545
137.583,5092.0,0.454545
137.667,5093.0,0.284091
137.667,5092.0,0.284091
137.667,5092.0,0.284091
137.667,5093.0,0.284091
137.667,5093.0,0.284091
137.667,5093.0,0.284091
137.667,5093.0,0.284091
137.667,5093.0,0.284091
137.667,5093.0,0.284091
137.667,5094.0,0.284091
137.667,5093.0,0.284091
137.667,5094.0,0.284091
137.667,5094.0,0.284091
137.667,5093.0,0.284091
137.667,5093.0,0.284091
137.667,5093.0,0.284091
137.667,5094.0,0.284091
137.667,5094.0,0.284091
137.667,5094.0,0.284091
137.667,5094.0,0.284091
137.667,5094.0,0.284091
137.667,5094.0,0.284091
137.667,5094.0,0.284091
137.667,5094.0,0.284091
137.667,5094.0,0.284091
137.667,5092.0,0.284091
137.667,5094.0,0.284091
137.667,5094.0,0.284091
137.667,5094.0,0.284091
137.667,5094.0,0.284091
137.667,5094.0,0.284091
137.667,5094.0,0.284091
137.667,5093.0,0.284091
137.667,5093.0,0.284091
137.667,5093.0,0.284091
137.667,5092.0,0.284091
137.667,5093.0,0.284091
137.667,5093.0,0.284091
137.667,5094.0,0.284091
137.667,5094.0,0.284091
137.667,5094.0,0.284091
137.667,5093.0,0.284091
137.667,5093.0,0.284091
137.667,5093.0,0.284091
137.667,5093.0,0.284091
137.667,5093.0,0.284091
137.667,5092.0,0.284091
137.667,5092.0,0.284091
137.667,5092.0,0.284091
137.667,5092.0,0.284091
137.667,5093.0,0.0
137.667,5093.0,0.0
137.667,5093.0,0.0
137.667,5092.0,0.0
137.667,5093.0,0.0
137.667,5093.0,0.0
137.667,5093.0,0.0
137.667,5093.0,0.0
137.667,5093.0,0.0
137.667,5093.0,0.0
137.667,5093.0,0.0
137.667,5093.0,0.0
137.667,5093.0,0.0
137.667,5093.0,0.0
137.667,5094.0,0.0
137.667,5093.0,0.0
137.667,5093.0,0.0
137.667,5093.0,0.0
137.667,5092.0,0.0
137.667,5093.0,0.0
137.667,5093.0,0.0
137.667,5093.0,0.0
137.667,5093.0,0.0
137.667,5093.0,0.0
137.667,5093.0,0.0
137.667,5093.0,0.0
137.667,5094.0,0.0
137.667,5093.0,0.0
137.667,5093.0,0.0
137.667,5094.0,0.0
137.667,5093.0,0.0
137.667,5093.0,0.0
137.667,5093.0,0.0
137.667,5093.0,0.0
137.667,5093.0,0.0
137.667,5092.0,0.0
137.667,5093.0,0.0
137.667,5093.0,0.0
137.667,5093.0,0.0
137.667,5093.0,0.0
137.667,5093.0,0.0
137.667,5093.0,0.0
137.667,5093.0,0.0
137.667,5093.0,0.0
137.667,5093.0,0.0
137.667,5092.0,0.0
137.667,5093.0,0.0
137.667,5092.0,0.0
137.667,5093.0,0.0
137.667,5093.0,0.0
137.667,5093.0,0.0
137.667,5092.0,0.0
137.667,5092.0,0.0
137.667,5093.0,0.0
137.667,5093.0,0.0
137.667,5093.0,0.0
137.667,5092.0,0.0
137.667,5092.0,0.0
137.667,5093.0,0.0
137.667,5093.0,0.0
137.667,5092.0,0.0
137.667,5092.0,0.0
137.667,5093.0,0.0
137.667,5093.0,0.0
137.667,5093.0,0.0
137.667,5092.0,0.0
137.667,5093.0,0.0
137.667,5094.0,0.0
137.667,5094.0,0.0
137.667,5093.0,0.0
137.667,5093.0,0.0
137.667,5093.0,0.0
137.667,5094.0,0.0
137.667,5094.0,0.0
137.667,5093.0,0.0
137.667,5094.0,0.0
137.667,5093.0,0.0
137.667,5092.0,0.0
137.667,5093.0,0.0
137.667,5093.0,0.0
137.667,5093.0,0.0
137.667,5094.0,0.0
137.667,5093.0,0.0
137.667,5093.0,0.0
137.667,5092.0,0.0
137.667,5094.0,0.0
137.667,5093.0,0.0
137.667,5092.0,0.0
137.667,5093.0,0.0
137.667,5092.0,0.0
137.667,5094.0,0.0
137.667,5093.0,0.0
137.667,5092.0,0.0
137.667,5092.0,0.0
137.667,5092.0,0.0
137.667,5093.0,0.0
137.667,5093.0,0.0
137.667,5092.0,0.0
137.667,5093.0,0.0
137.667,5093.0,0.0
137.667,5092.0,0.0
137.667,5092.0,0.0
137.667,5093.0,0.0
137.667,5093.0,0.0
137.667,5093.0,0.0
137.667,5093.0,0.0
137.667,5093.0,0.0
137.667,5093.0,0.0
137.667,5093.0,0.0
137.667,5093.0,0.0
137.667,5094.0,0.0
137.667,5094.0,0.0
137.667,5094.0,0.0
137.667,5093.0,0.0
137.667,5093.0,0.0
137.667,5093.0,0.0
137.667,5093.0,0.0
137.667,5092.0,0.0
