0.0833333,0.0,0.0
0.0833333,0.0,0.0
0.0833333,0.0,0.0
0.0833333,0.0,0.0
0.0833333,0.0,0.0
0.0833333,0.0,0.0
0.0833333,0.0,0.0
0.0833333,0.0,0.0
0.0833333,0.0,0.0
0.0833333,0.0,0.0
0.0833333,0.0,0.0
0.0833333,0.0,0.0
0.0833333,0.0,0.0
0.0833333,0.0,0.0
0.0833333,0.0,0.0
0.0833333,0.0,0.0
0.0833333,0.0,0.0
0.0833333,0.0,0.0
0.0833333,0.0,0.0
0.0833333,0.0,0.0
0.0833333,0.0,0.0
0.0833333,0.0,0.0
0.0833333,0.0,0.0
0.0833333,0.0,0.0
0.0833333,0.0,0.0
0.0833333,0.0,0.0
0.0833333,0.0,0.0
0.0833333,0.0,0.0
0.0833333,0.0,0.0
0.0833333,0.0,0.0
0.0833333,0.0,0.0
0.0833333,0.0,0.0
0.0833333,0.0,0.0
0.0833333,0.0,0.0
0.0833333,0.0,0.0
0.0833333,0.0,0.0
0.0833333,0.0,0.0
0.0833333,0.0,0.0
0.0833333,0.0,0.0
0.0833333,0.0,0.0
0.0833333,0.0,0.0
0.0833333,0.0,0.0
0.0833333,0.0,0.0
0.0833333,0.0,0.0
0.0833333,0.0,0.0
0.0833333,0.0,0.0
0.0833333,0.0,0.0
0.0833333,0.0,0.0
0.0833333,0.0,0.0
0.0833333,0.0,0.0
0.0833333,0.0,0.0
0.0833333,0.0,0.0
0.0833333,0.0,0.0
0.0833333,0.0,0.0
0.0833333,0.0,0.0
0.0833333,0.0,0.0
0.0833333,0.0,0.0
0.0833333,0.0,0.0
0.0833333,0.0,0.0
0.0833333,0.0,0.0
0.0833333,0.0,0.0
0.0833333,0.0,0.0
0.0833333,0.0,0.0
0.0833333,0.0,0.0
0.0833333,0.0,0.0
0.0833333,0.0,0.0
0.0833333,0.0,0.0
0.0833333,0.0,0.0
0.0833333,0.0,0.0
0.0833333,0.0,0.0
0.0833333,0.0,0.0
0.0833333,0.0,0.0
0.0833333,0.0,0.0
0.0833333,0.0,0.0
0.0833333,0.0,0.0
0.0833333,0.0,0.0
0.0833333,0.0,0.0
0.0833333,0.0,0.0
0.0833333,0.0,0.0
0.0833333,0.0,0.0
0.0833333,0.0,0.0
0.0833333,0.0,0.0
0.0833333,0.0,0.0
0.0833333,0.0,0.0
0.0833333,0.0,0.0
0.0833333,0.0,0.0
0.0833333,0.0,0.0
0.0833333,0.0,0.0
0.0833333,0.0,0.0
0.0833333,0.0,0.0
0.0833333,0.0,0.0
0.0833333,0.0,0.0
0.0833333,0.0,0.0
0.0833333,0.0,0.0
0.0833333,0.0,0.0
0.0833333,0.0,0.0
0.0833333,0.0,0.0
0.0833333,0.0,0.0
0.0833333,0.0,0.0
0.0833333,0.0,0.0
0.0833333,0.0,0.0
0.0833333,0.0,0.0
0.0833333,0.0,0.0
0.0833333,0.0,0.0
0.0833333,0.0,0.0
0.0833333,0.0,0.0
0.0833333,0.0,0.0
0.0833333,0.0,0.0
0.0833333,0.0,0.0
0.0833333,0.0,0.0
0.0833333,0.0,0.0
0.0833333,0.0,0.0
0.0833333,0.0,0.0
0.0833333,0.0,0.0
0.0833333,0.0,0.0
0.0833333,0.0,0.0
0.0833333,0.0,0.0
0.0833333,0.0,0.0
0.0833333,0.0,0.0
0.0833333,0.0,0.0
0.0833333,0.0,0.0
0.0833333,0.0,0.0
0.0833333,0.0,0.0
0.0833333,0.0,0.0
0.0833333,0.0,0.0
0.0833333,0.0,0.0
0.0833333,0.0,0.0
0.0833333,0.0,0.0
0.0833333,0.0,0.0
0.0833333,0.0,0.0
0.0833333,0.0,0.0
0.0833333,0.0,0.0
0.0833333,0.0,0.0
0.0833333,0.0,0.0
0.0833333,0.0,0.0
0.0833333,0.0,0.0
0.0833333,0.0,0.0
0.0833333,0.0,0.0
0.0833333,0.0,0.0
0.0833333,0.0,0.0
0.0833333,0.0,0.0
0.0833333,0.0,0.0
0.0833333,0.0,0.0
0.0833333,0.0,0.0
0.0833333,0.0,0.0
0.0833333,0.0,0.0
0.0833333,0.0,0.0
0.0833333,0.0,0.0
0.0833333,0.0,0.0
0.0833333,0.0,0.0
0.0833333,0.0,0.0
0.0833333,0.0,0.0
0.0833333,0.0,0.0
0.0833333,0.0,0.0
0.0833333,0.0,0.0
0.0833333,0.0,0.0
0.0833333,0.0,0.0
0.0833333,0.0,0.0
0.0833333,0.0,0.0
0.0833333,0.0,0.0
0.0833333,0.0,0.0
0.0833333,0.0,0.0
0.0833333,0.0,0.0
0.0833333,0.0,0.0
0.0833333,0.0,0.0
0.0833333,0.0,0.0
0.0833333,0.0,0.0
0.0833333,0.0,0.0
0.0833333,0.0,0.0
0.0833333,0.0,0.0
0.0833333,0.0,0.0
0.0833333,0.0,0.0
0.0833333,0.0,0.0
0.0833333,0.0,0.0
0.0833333,0.0,0.0
0.0833333,0.0,0.0
0.0833333,0.0,0.0
0.0833333,0.0,0.0
0.0833333,0.0,0.0
0.0833333,0.0,0.0
0.0833333,0.0,0.0
0.0833333,0.0,0.0
0.0833333,0.0,0.0
0.0833333,0.0,0.0
0.0833333,0.0,0.0
0.0833333,0.0,0.0
0.0833333,0.0,0.0
0.0833333,0.0,0.0
0.0833333,0.0,0.0
0.0833333,0.0,0.0
0.0833333,0.0,0.0
0.0833333,0.0,0.0
0.0833333,0.0,0.0
0.0833333,0.0,0.0
0.0833333,0.0,0.0
0.0833333,0.0,0.0
0.0833333,0.0,0.0
0.0833333,0.0,0.0
0.0833333,0.0,0.0
0.0833333,0.0,0.0
0.0833333,0.0,0.0
0.0833333,0.0,0.0
0.0833333,0.0,0.0
0.0833333,0.0,0.0
0.0833333,0.0,0.0
0.0833333,0.0,0.0
0.0833333,0.0,0.0
0.0833333,0.0,0.0
0.0833333,0.0,0.0
0.0833333,0.0,0.0
0.0833333,0.0,0.0
0.0833333,0.0,0.0
0.0833333,0.0,0.0
0.0833333,0.0,0.0
0.0833333,0.0,0.0
0.0833333,0.0,0.0
0.0833333,0.0,0.0
0.0833333,0.0,0.0
0.0833333,0.0,0.0
0.0833333,0.0,0.0
0.0833333,0.0,0.0
0.0833333,0.0,0.0
0.0833333,0.0,0.0
0.0833333,0.0,0.0
0.0833333,0.0,0.0
0.0833333,0.0,0.0
0.0833333,0.0,0.0
0.0833333,0.0,0.0
0.0833333,0.0,0.0
0.0833333,0.0,0.0
0.0833333,0.0,0.0
0.0833333,0.0,0.0
0.0833333,0.0,0.0
0.0833333,0.0,0.0
0.0833333,0.0,0.0
0.0833333,0.0,0.0
0.0833333,0.0,0.0
0.0833333,0.0,0.0
0.0833333,0.0,0.0
0.0833333,0.0,0.0
0.0833333,0.0,0.0
0.0833333,0.0,0.0
0.0833333,0.0,0.0
0.0833333,0.0,0.0
0.0833333,0.0,0.0
0.0833333,0.0,0.0
0.0833333,0.0,0.0
0.0833333,0.0,0.0
0.0833333,0.0,0.0
0.0833333,0.0,0.0
0.0833333,0.0,0.0
0.0833333,0.0,0.0
0.0833333,0.0,0.0
0.0833333,0.0,0.0
0.0833333,0.0,0.0
0.0833333,0.0,0.0
0.0833333,0.0,0.0
0.0833333,0.0,0.0
0.0833333,0.0,0.0
0.0833333,0.0,0.0
0.0833333,0.0,0.0
0.0833333,0.0,0.0
0.0833333,0.0,0.0
0.0833333,0.0,0.0
0.0833333,0.0,0.0
0.0833333,0.0,0.0
0.0833333,0.0,0.0
0.0833333,0.0,0.0
0.0833333,0.0,0.0
0.0833333,0.0,0.0
0.0833333,0.0,0.0
0.0833333,0.0,0.0
0.0833333,0.0,0.0
0.0833333,0.0,0.0
0.0833333,0.0,0.0
0.0833333,0.0,0.0
0.0833333,0.0,0.0
0.0833333,0.0,0.0
0.0833333,0.0,0.0
0.0833333,0.0,0.0
0.0833333,0.0,0.0
0.0833333,0.0,0.0
0.0833333,0.0,0.0
0.0833333,0.0,0.0
0.0833333,0.0,0.0
0.0833333,0.0,0.0
0.0833333,0.0,0.0
0.0833333,0.0,0.0
0.0833333,0.0,0.0
0.0833333,0.0,0.0
0.0833333,0.0,0.0
0.0833333,0.0,0.0
0.0833333,0.0,0.0
0.0833333,0.0,0.0
0.0833333,0.0,0.0
0.0833333,0.0,0.0
0.0833333,0.0,0.0
0.0833333,0.0,0.0
0.0833333,0.0,0.0
0.0833333,0.0,0.0
0.0833333,0.0,0.0
0.0833333,0.0,0.0
0.0833333,0.0,0.0
0.0833333,0.0,0.0
0.0833333,0.0,0.0
0.0833333,0.0,0.0
0.0833333,0.0,0.0
0.0833333,0.0,0.0
0.0833333,67.0,0.0
0.0833333,1053.0,0.0
0.0833333,1699.0,0.0
0.0833333,1578.0,0.113636
0.0833333,999.0,0.113636
0.0833333,567.0,0.113636
0.0833333,740.0,0.113636
0.0833333,916.0,0.113636
0.0833333,860.0,0.113636
0.0833333,687.0,0.113636
0.0833333,564.0,0.113636
0.0833333,527.0,0.113636
0.0833333,506.0,0.113636
0.0833333,488.0,0.113636
0.0833333,515.0,0.113636
0.0833333,560.0,0.113636
0.0833333,552.0,0.113636
0.0833333,508.0,0.113636
0.166667,468.0,0.113636
0.166667,466.0,0.113636
0.166667,455.0,0.113636
0.166667,460.0,0.113636
0.166667,485.0,0.113636
0.166667,496.0,0.113636
0.166667,502.0,0.113636
0.166667,492.0,0.113636
0.166667,494.0,0.113636
0.166667,564.0,0.113636
0.166667,678.0,0.113636
0.166667,737.0,0.113636
0.166667,750.0,0.113636
0.166667,750.0,0.113636
0.166667,732.0,0.113636
0.166667,736.0,0.113636
0.166667,771.0,0.113636
0.166667,836.0,0.113636
0.166667,932.0,0.113636
0.166667,1004.0,0.113636
0.166667,1004.0,0.113636
0.166667,1100.0,0.113636
0.166667,1180.0,0.113636
0.166667,1212.0,0.113636
0.166667,1199.0,0.113636
0.166667,1237.0,0.113636
0.166667,1356.0,0.113636
0.166667,1670.0,0.113636
0.166667,1957.0,0.113636
0.166667,2106.0,0.113636
0.166667,2212.0,0.113636
0.25,2303.0,0.113636
0.25,2380.0,0.113636
0.25,2467.0,0.113636
0.25,2467.0,0.113636
0.25,2443.0,0.113636
0.333333,2247.0,0.113636
0.333333,2181.0,0.511364
0.333333,2221.0,0.511364
0.333333,2278.0,0.511364
0.333333,2203.0,0.511364
0.416667,2119.0,0.511364
0.416667,2105.0,0.568182
0.416667,2092.0,0.568182
0.416667,1990.0,0.568182
0.5,1805.0,0.568182
0.5,1751.0,0.681818
0.5,1701.0,0.681818
0.583333,1701.0,0.681818
0.583333,1568.0,0.909091
0.583333,1513.0,0.909091
0.666667,1486.0,0.909091
0.666667,1476.0,0.965909
0.666667,1521.0,0.965909
0.75,1566.0,1.13636
0.75,1566.0,1.13636
0.75,1546.0,1.13636
0.833333,1545.0,0.909091
0.833333,1538.0,0.909091
0.833333,1443.0,0.909091
0.916667,1356.0,1.02273
0.916667,1347.0,1.02273
1.0,1368.0,1.02273
1.0,1377.0,1.07955
1.0,1386.0,1.07955
1.08333,1426.0,1.19318
1.08333,1588.0,1.19318
1.16667,1666.0,1.30682
1.16667,1552.0,1.30682
1.16667,1442.0,1.30682
1.16667,1389.0,1.30682
1.25,1395.0,1.30682
1.25,1407.0,0.625
1.25,1442.0,0.625
1.25,1466.0,0.625
1.33333,1471.0,0.625
1.33333,1505.0,0.738636
1.33333,1584.0,0.738636
1.33333,1614.0,0.738636
1.41667,1596.0,0.738636
1.41667,1503.0,0.738636
1.41667,1228.0,0.738636
1.41667,1155.0,0.738636
1.41667,1158.0,0.738636
1.5,1165.0,0.625
1.58333,1204.0,0.625
1.58333,1363.0,1.59091
1.58333,1519.0,1.59091
1.58333,1584.0,1.59091
1.58333,1556.0,1.59091
1.58333,1506.0,1.59091
1.58333,1452.0,1.59091
1.66667,1415.0,1.59091
1.66667,1368.0,0.397727
1.66667,1424.0,0.397727
1.66667,1549.0,0.397727
1.75,1628.0,0.852273
1.75,1632.0,0.852273
1.75,1632.0,0.852273
1.75,1601.0,0.852273
1.83333,1634.0,0.795454
1.91667,1672.0,0.795454
1.91667,1636.0,1.70455
2.0,1504.0,1.64773
2.08333,1189.0,1.64773
2.08333,1170.0,1.93182
2.08333,994.0,1.93182
2.08333,923.0,1.93182
2.16667,1002.0,1.93182
2.16667,1131.0,0.795454
2.25,1238.0,1.70455
2.33333,1309.0,1.70455
2.33333,1340.0,1.81818
2.33333,1289.0,1.81818
2.41667,1239.0,1.81818
2.41667,1193.0,1.02273
2.5,1120.0,1.47727
2.58333,953.0,1.47727
2.58333,831.0,2.27273
2.58333,831.0,2.27273
2.58333,903.0,2.27273
2.58333,1011.0,2.27273
2.58333,1069.0,2.27273
2.58333,1111.0,2.27273
2.58333,1157.0,2.27273
2.66667,1168.0,0.397727
2.66667,990.0,0.397727
2.75,823.0,0.397727
2.75,736.0,1.02273
2.75,739.0,1.02273
2.75,813.0,1.02273
2.75,890.0,1.02273
2.75,961.0,1.02273
2.83333,960.0,0.511364
2.91667,1091.0,0.511364
3.0,1113.0,2.21591
3.0,1028.0,2.32954
3.08333,960.0,2.61364
3.08333,961.0,2.61364
3.08333,1067.0,2.61364
3.08333,1100.0,2.61364
3.08333,1100.0,2.61364
3.16667,1086.0,0.568182
3.25,1066.0,2.61364
3.33333,1055.0,2.61364
3.33333,1004.0,2.10227
3.5,974.0,2.10227
3.5,934.0,2.89773
3.5,937.0,2.89773
3.5,1040.0,2.89773
3.5,1123.0,2.89773
3.58333,1203.0,2.89773
3.66667,1277.0,0.568182
3.66667,1395.0,2.72727
3.66667,1518.0,2.72727
3.75,1622.0,1.30682
3.83333,1691.0,2.84091
3.91667,1673.0,2.72727
4.0,1578.0,2.32954
4.08333,1538.0,2.61364
4.16667,1482.0,3.35227
4.25,1406.0,2.84091
4.33333,1401.0,2.55682
4.41667,1441.0,2.55682
4.5,1477.0,3.23864
4.5,1481.0,3.23864
4.58333,1437.0,1.47727
4.66667,1463.0,3.01136
4.75,1531.0,3.06818
4.83333,1560.0,3.125
4.91667,1532.0,2.44318
5.08333,1525.0,3.125
5.16667,1548.0,3.23864
5.16667,1554.0,3.40909
5.16667,1558.0,3.40909
5.25,1574.0,3.40909
5.25,1576.0,1.02273
5.25,1546.0,1.02273
5.41667,1500.0,1.19318
5.5,1451.0,3.29545
5.58333,1564.0,3.23864
5.66667,1621.0,3.75
5.75,1672.0,3.46591
5.83333,1672.0,3.63636
5.83333,1736.0,3.63636
5.91667,1884.0,3.63636
6.0,1932.0,4.43182
6.16667,1872.0,4.43182
6.16667,1728.0,4.26136
6.25,1476.0,4.26136
6.25,1376.0,1.70455
6.25,1230.0,1.70455
6.25,1167.0,1.70455
6.33333,1140.0,0.738636
6.33333,1173.0,0.738636
6.41667,1239.0,0.738636
6.5,1292.0,3.63636
6.66667,1352.0,3.75
6.75,1506.0,4.14773
6.83333,1616.0,3.97727
7.0,1686.0,3.97727
7.08333,1748.0,4.43182
7.25,1729.0,4.43182
7.33333,1494.0,4.09091
7.41667,1489.0,4.48864
7.41667,1265.0,4.48864
7.41667,1151.0,4.48864
7.58333,1154.0,4.48864
7.66667,1100.0,4.09091
7.75,1065.0,3.69318
7.83333,1115.0,3.69318
8.0,1280.0,4.14773
8.08333,1393.0,4.48864
8.16667,1433.0,3.97727
8.33333,1470.0,4.26136
8.41667,1477.0,4.09091
8.5,1339.0,4.375
8.58333,1285.0,4.375
8.75,1286.0,4.375
8.83333,1226.0,3.92045
8.83333,988.0,3.92045
9.0,986.0,3.92045
9.08333,1076.0,4.09091
9.16667,1113.0,4.09091
9.16667,1156.0,4.09091
9.25,1295.0,4.09091
9.33333,1295.0,0.965909
9.5,1386.0,0.965909
9.58333,1424.0,4.09091
9.75,1408.0,4.14773
9.83333,1336.0,4.26136
9.91667,1301.0,4.03409
10.0,1227.0,4.26136
10.0833,1225.0,1.93182
10.25,1075.0,1.93182
10.3333,943.0,3.92045
10.4167,906.0,3.57954
10.4167,1003.0,3.57954
10.5,1159.0,1.42045
10.5833,1121.0,4.09091
10.5833,1091.0,4.09091
10.6667,1255.0,1.36364
10.75,1433.0,2.10227
10.9167,1357.0,3.69318
11.0,1201.0,5.05682
11.0833,1146.0,4.31818
11.0833,1148.0,4.31818
11.1667,1099.0,1.36364
11.25,971.0,1.36364
11.3333,995.0,4.65909
11.5,1051.0,4.65909
11.5833,1056.0,4.94318
11.75,1185.0,4.94318
11.8333,1226.0,3.86364
11.9167,1209.0,4.43182
11.9167,1159.0,4.43182
12.0,1090.0,4.43182
12.0833,1072.0,4.14773
12.25,1036.0,4.14773
12.3333,1008.0,4.31818
12.5,1005.0,4.48864
12.5,1075.0,4.48864
12.5,1169.0,4.48864
12.5833,1163.0,1.02273
12.75,1084.0,4.48864
12.8333,1002.0,4.20454
12.9167,993.0,3.97727
13.0,985.0,1.98864
13.0833,956.0,4.82954
13.1667,956.0,1.98864
13.25,938.0,1.98864
13.4167,1005.0,4.26136
13.5,1029.0,4.43182
13.6667,1037.0,4.31818
13.75,1066.0,4.71591
13.9167,1109.0,4.09091
14.0,1099.0,5.39773
14.1667,1077.0,5.39773
14.25,1076.0,4.43182
14.3333,1152.0,4.54545
14.4167,1121.0,4.54545
14.5,1023.0,2.15909
14.5833,949.0,4.94318
14.5833,970.0,4.94318
14.6667,1071.0,4.94318
14.8333,1051.0,4.94318
15.0,1017.0,4.94318
15.0833,973.0,4.54545
15.25,977.0,4.54545
15.3333,977.0,4.82954
15.5,974.0,4.26136
15.5833,963.0,5.34091
15.6667,929.0,4.26136
15.75,904.0,2.21591
15.9167,898.0,3.86364
16.0,897.0,4.82954
16.0833,885.0,4.375
16.0833,825.0,4.375
16.1667,848.0,4.375
16.1667,892.0,1.07955
16.25,906.0,1.07955
16.4167,932.0,4.31818
16.5,913.0,4.43182
16.6667,914.0,4.88636
16.75,875.0,4.26136
16.9167,854.0,4.26136
17.0,860.0,5.05682
17.0833,859.0,5.05682
17.25,849.0,5.05682
17.25,813.0,4.375
17.3333,837.0,4.375
17.4167,837.0,1.47727
17.5,833.0,3.97727
17.6667,805.0,3.97727
17.75,775.0,5.28409
17.8333,764.0,4.09091
18.0,780.0,4.09091
18.0833,784.0,4.71591
18.1667,782.0,4.71591
18.1667,795.0,1.98864
18.3333,843.0,2.21591
18.4167,849.0,5.625
18.4167,864.0,2.10227
18.5833,887.0,2.5
18.5833,884.0,4.375
18.5833,833.0,4.375
18.75,764.0,4.375
18.75,718.0,4.60227
18.9167,671.0,4.60227
19.0833,690.0,4.60227
19.1667,728.0,4.82954
19.25,720.0,3.75
19.3333,716.0,3.75
19.4167,669.0,1.64773
19.5833,697.0,4.31818
19.6667,719.0,4.26136
19.8333,715.0,4.26136
19.9167,696.0,4.43182
19.9167,653.0,2.55682
19.9167,619.0,2.55682
20.0833,593.0,2.55682
20.0833,614.0,5.05682
20.25,769.0,5.05682
20.4167,819.0,5.05682
20.4167,801.0,5.0
20.5833,754.0,5.0
20.6667,685.0,5.34091
20.75,655.0,2.61364
20.8333,649.0,2.61364
20.9167,652.0,4.82954
20.9167,694.0,4.82954
20.9167,745.0,4.82954
21.0,776.0,4.82954
21.0833,737.0,4.94318
21.1667,737.0,4.94318
21.3333,665.0,4.94318
21.5,636.0,4.94318
21.5833,646.0,4.60227
21.6667,669.0,5.0
21.75,695.0,5.0
21.8333,690.0,5.28409
22.0,676.0,5.28409
22.1667,700.0,5.28409
22.1667,719.0,5.45454
22.1667,690.0,5.45454
22.3333,594.0,5.45454
22.4167,513.0,5.34091
22.4167,484.0,2.44318
22.5833,519.0,2.44318
22.75,647.0,4.54545
22.9167,641.0,4.54545
23.0,590.0,4.94318
23.0833,595.0,4.31818
23.1667,619.0,6.19318
23.3333,644.0,6.42045
23.5,766.0,4.77273
23.5,811.0,4.43182
23.5833,783.0,1.59091
23.5833,696.0,1.59091
23.6667,698.0,1.59091
23.75,751.0,2.44318
23.9167,788.0,4.48864
24.0833,674.0,5.22727
24.1667,647.0,3.97727
24.3333,691.0,4.71591
24.5,698.0,4.71591
24.5833,640.0,4.71591
24.6667,559.0,2.5
24.75,559.0,5.17045
24.75,535.0,5.17045
24.8333,580.0,5.17045
24.9167,594.0,4.82954
24.9167,546.0,4.82954
25.0,571.0,4.82954
25.0833,613.0,1.19318
25.25,687.0,2.27273
25.3333,681.0,4.94318
25.4167,681.0,4.48864
25.5833,645.0,4.48864
25.6667,633.0,4.71591
25.75,626.0,4.71591
25.9167,618.0,4.71591
26.0,602.0,4.94318
26.0833,599.0,4.43182
26.0833,590.0,4.43182
26.0833,633.0,4.43182
26.25,663.0,4.43182
26.3333,703.0,4.60227
26.5,711.0,4.60227
26.5833,748.0,5.79545
26.75,838.0,5.79545
26.9167,836.0,4.60227
27.0,781.0,4.09091
27.1667,722.0,4.09091
27.1667,704.0,4.26136
27.25,642.0,2.04545
27.25,596.0,2.04545
27.3333,596.0,1.47727
27.3333,663.0,1.47727
27.5,675.0,1.47727
27.5833,684.0,4.375
27.75,685.0,4.375
27.8333,650.0,4.43182
28.0,573.0,4.43182
28.1667,509.0,4.43182
28.25,485.0,4.77273
28.3333,531.0,4.65909
28.4167,649.0,4.65909
28.5,636.0,3.75
28.5833,622.0,3.75
28.5833,609.0,2.15909
28.6667,616.0,2.15909
28.8333,645.0,2.15909
28.8333,663.0,4.20454
28.8333,691.0,4.20454
28.9167,781.0,4.20454
29.0833,789.0,4.20454
29.1667,736.0,4.60227
29.3333,704.0,4.60227
29.4167,704.0,4.60227
29.5,695.0,4.26136
29.6667,752.0,4.26136
29.8333,779.0,4.26136
29.8333,757.0,4.65909
29.8333,743.0,4.65909
30.0,749.0,4.65909
30.0833,788.0,4.65909
30.0833,841.0,4.65909
30.1667,872.0,1.30682
30.1667,904.0,1.30682
30.25,955.0,1.42045
30.4167,926.0,1.42045
30.4167,902.0,4.54545
30.5,886.0,1.81818
30.5833,867.0,1.81818
30.75,869.0,2.21591
30.8333,860.0,4.14773
30.9167,844.0,4.26136
31.0833,839.0,4.26136
31.1667,853.0,4.09091
31.25,856.0,3.86364
31.3333,871.0,2.10227
31.5,909.0,3.97727
31.5833,1047.0,4.60227
31.6667,1071.0,3.92045
31.6667,1056.0,3.92045
31.75,1064.0,3.92045
31.8333,1066.0,1.07955
32.0,939.0,3.69318
32.0833,860.0,3.92045
32.25,837.0,4.26136
32.25,842.0,4.65909
32.3333,930.0,1.98864
32.4167,946.0,1.98864
32.5,970.0,4.375
32.5,985.0,4.375
32.5,1027.0,4.375
32.5,1189.0,4.375
32.5,1220.0,4.375
32.6667,1148.0,4.375
32.75,1043.0,4.31818
32.8333,990.0,5.17045
32.9167,990.0,5.17045
33.0833,992.0,5.17045
33.1667,1002.0,4.82954
33.25,1016.0,3.75
33.25,1048.0,3.75
33.3333,1091.0,1.47727
33.4167,1089.0,1.47727
33.4167,1081.0,2.04545
33.5833,1055.0,2.04545
33.6667,940.0,3.97727
33.8333,946.0,3.97727
33.8333,977.0,4.14773
33.9167,1006.0,4.14773
34.0,1078.0,1.47727
34.1667,1147.0,3.80682
34.25,1178.0,4.43182
34.4167,1179.0,4.43182
34.5,1078.0,4.14773
34.5833,975.0,4.14773
34.6667,924.0,5.0
34.8333,921.0,5.0
34.9167,909.0,5.0
35.0833,901.0,4.14773
35.1667,977.0,4.09091
35.25,1094.0,4.20454
35.25,1228.0,4.20454
35.25,1258.0,4.20454
35.25,1140.0,4.20454
35.4167,1026.0,4.20454
35.5,985.0,4.31818
35.6667,953.0,4.31818
35.75,823.0,4.375
35.9167,820.0,4.375
36.0,830.0,4.03409
36.1667,832.0,4.03409
36.25,1119.0,4.65909
36.4167,1142.0,4.20454
36.5833,1060.0,4.20454
36.6667,955.0,4.65909
36.6667,904.0,4.60227
36.6667,950.0,4.60227
36.75,942.0,4.60227
36.8333,913.0,0.852273
36.9167,913.0,5.0
37.0,935.0,5.0
37.1667,1054.0,5.0
37.25,1055.0,4.82954
37.3333,1001.0,4.82954
37.3333,996.0,2.10227
37.4167,1040.0,2.10227
37.5,1065.0,4.43182
37.5833,1043.0,4.43182
37.6667,1032.0,4.65909
37.6667,1061.0,4.65909
37.75,1015.0,4.65909
37.8333,971.0,1.07955
37.9167,1013.0,4.375
38.0,1071.0,2.21591
38.1667,995.0,3.97727
38.25,930.0,4.26136
38.3333,907.0,4.20454
38.4167,915.0,4.20454
38.5833,932.0,4.20454
38.6667,951.0,4.71591
38.8333,993.0,4.77273
38.9167,1105.0,5.68182
39.0833,1167.0,4.94318
39.0833,1098.0,4.26136
39.0833,1046.0,4.26136
39.1667,1030.0,1.13636
39.25,1010.0,4.14773
39.3333,933.0,2.32954
39.5,981.0,3.86364
39.6667,1124.0,4.54545
39.75,1218.0,5.0
39.9167,1107.0,4.43182
40.0,1040.0,4.48864
40.1667,1165.0,4.48864
40.25,1182.0,4.54545
40.4167,1145.0,4.54545
40.4167,1085.0,4.03409
40.5,1027.0,1.98864
40.5,941.0,1.98864
40.5833,898.0,1.36364
40.5833,930.0,1.36364
40.75,930.0,1.47727
40.75,953.0,4.31818
40.9167,946.0,4.31818
41.0,994.0,4.03409
41.1667,1086.0,4.375
41.25,1101.0,4.43182
41.4167,1101.0,4.43182
41.5,1064.0,4.71591
41.5833,1057.0,4.31818
41.5833,1030.0,4.31818
41.75,991.0,4.31818
41.8333,1000.0,3.97727
41.9167,1028.0,5.0
42.0,1066.0,4.77273
42.1667,1084.0,4.77273
42.25,1048.0,4.43182
42.4167,986.0,4.26136
42.5,932.0,5.45454
42.6667,863.0,5.45454
42.75,906.0,4.77273
42.9167,904.0,4.48864
43.0,1108.0,3.97727
43.0833,1229.0,3.97727
43.0833,1225.0,1.98864
43.1667,1197.0,1.98864
43.25,1117.0,3.92045
43.25,1001.0,3.92045
43.25,876.0,3.92045
43.3333,910.0,1.02273
43.4167,952.0,2.32954
43.5,965.0,2.32954
43.5833,1055.0,3.63636
43.75,1137.0,4.71591
43.9167,1161.0,4.375
44.0,1161.0,4.09091
44.1667,1112.0,4.31818
44.25,1118.0,4.375
44.4167,1139.0,4.20454
44.5,1151.0,5.45454
44.6667,1150.0,4.03409
44.75,1081.0,4.31818
44.8333,1031.0,4.20454
44.9167,1006.0,2.15909
45.0,1006.0,4.88636
45.0833,1004.0,4.88636
45.25,972.0,4.375
45.3333,928.0,3.92045
45.5,953.0,3.92045
45.5833,1016.0,4.09091
45.5833,1023.0,3.92045
45.75,1016.0,3.92045
45.8333,983.0,4.54545
45.9167,1018.0,4.09091
45.9167,1076.0,4.09091
46.0833,1111.0,4.09091
46.1667,1082.0,3.75
46.1667,1072.0,4.09091
46.1667,1061.0,4.09091
46.25,1080.0,4.09091
46.3333,1097.0,0.852273
46.5,1091.0,4.20454
46.5833,1074.0,4.20454
46.6667,1053.0,5.28409
46.75,1087.0,5.28409
46.8333,1107.0,3.46591
47.0,1088.0,4.26136
47.0833,1068.0,4.31818
47.1667,1077.0,4.14773
47.25,1084.0,4.14773
47.25,1070.0,1.93182
47.3333,1043.0,1.93182
47.4167,1014.0,4.09091
47.5833,1027.0,4.09091
47.6667,1026.0,4.71591
47.6667,1019.0,4.71591
47.75,1031.0,1.30682
47.9167,1039.0,3.92045
48.0,1056.0,4.48864
48.1667,1053.0,4.48864
48.25,996.0,4.88636
48.3333,839.0,4.09091
48.4167,788.0,4.09091
48.5,890.0,4.03409
48.5833,1013.0,4.03409
48.75,1036.0,4.03409
48.75,924.0,4.14773
48.75,924.0,4.14773
48.9167,842.0,4.14773
48.9167,846.0,4.26136
49.0,938.0,4.26136
49.0833,1004.0,3.92045
49.25,1017.0,3.92045
49.3333,849.0,4.14773
49.5,794.0,4.14773
49.5833,815.0,5.0
49.6667,840.0,4.43182
49.75,786.0,4.43182
49.9167,768.0,4.31818
49.9167,804.0,3.86364
50.0,924.0,1.93182
50.0833,950.0,1.93182
50.1667,938.0,4.31818
50.25,955.0,3.92045
50.3333,1066.0,3.92045
50.5,1075.0,4.26136
50.5833,1074.0,4.71591
50.75,1088.0,4.71591
50.8333,1081.0,4.26136
51.0,943.0,4.26136
51.0833,886.0,4.375
51.1667,859.0,4.09091
51.3333,844.0,4.09091
51.4167,818.0,3.92045
51.4167,813.0,3.92045
51.5,849.0,3.92045
51.6667,843.0,3.92045
51.6667,800.0,3.97727
51.6667,805.0,3.97727
51.75,845.0,3.97727
51.75,843.0,1.02273
51.8333,835.0,2.04545
51.9167,810.0,2.10227
52.0833,800.0,2.10227
52.1667,810.0,4.48864
52.3333,829.0,4.03409
52.4167,840.0,3.97727
52.5,852.0,3.52273
52.5833,842.0,3.52273
52.6667,842.0,4.31818
52.75,845.0,4.20454
52.75,863.0,4.20454
52.8333,853.0,1.25
52.9167,856.0,4.48864
52.9167,854.0,4.48864
53.0,855.0,4.48864
53.0833,878.0,0.965909
53.25,866.0,0.965909
53.3333,843.0,3.92045
53.4167,819.0,4.09091
53.5833,772.0,4.09091
53.6667,656.0,4.26136
53.75,639.0,3.46591
53.8333,645.0,2.04545
53.9167,668.0,3.18182
54.0833,776.0,3.18182
54.1667,841.0,3.92045
54.25,808.0,3.97727
54.25,758.0,3.97727
54.25,769.0,3.97727
54.3333,795.0,3.97727
54.4167,747.0,0.795454
54.5,604.0,5.625
54.5833,585.0,5.625
54.6667,614.0,1.76136
54.8333,593.0,3.86364
54.9167,597.0,3.63636
55.0,586.0,3.97727
55.0833,564.0,4.20454
55.25,575.0,4.20454
55.3333,544.0,4.77273
55.5,527.0,4.03409
55.5833,599.0,3.69318
55.6667,662.0,3.69318
55.75,603.0,3.46591
55.9167,527.0,3.57954
55.9167,457.0,3.63636
56.0,422.0,1.93182
56.1667,470.0,3.75
56.25,482.0,3.86364
56.3333,452.0,4.09091
56.5,423.0,3.69318
56.5833,423.0,3.57954
56.5833,462.0,3.69318
56.6667,489.0,1.81818
56.8333,474.0,3.23864
56.9167,461.0,3.69318
57.0,465.0,2.95454
57.0833,507.0,3.80682
57.1667,617.0,3.29545
57.1667,674.0,3.29545
57.25,682.0,3.29545
57.3333,686.0,3.06818
57.4167,667.0,3.75
57.5,636.0,3.75
57.5,626.0,1.64773
57.5833,588.0,1.64773
57.6667,553.0,3.75
57.75,566.0,2.67045
57.9167,573.0,2.67045
58.0,461.0,3.40909
58.0,457.0,3.23864
58.0833,456.0,3.23864
58.1667,470.0,1.53409
58.25,601.0,3.52273
58.3333,673.0,3.86364
58.4167,607.0,2.89773
58.5,484.0,2.89773
58.5,494.0,1.70455
58.5833,610.0,1.64773
58.5833,616.0,1.64773
58.5833,621.0,1.64773
58.6667,639.0,0.965909
58.6667,677.0,0.965909
58.6667,701.0,0.965909
58.75,701.0,1.07955
58.8333,677.0,1.07955
58.9167,638.0,1.76136
59.0,593.0,3.46591
59.0833,632.0,3.35227
59.0833,707.0,3.35227
59.1667,711.0,1.53409
59.25,613.0,3.06818
59.4167,604.0,3.06818
59.5,659.0,3.46591
59.5833,659.0,3.18182
59.6667,732.0,2.72727
59.75,757.0,2.84091
59.75,750.0,3.69318
59.8333,757.0,3.69318
59.8333,757.0,1.42045
59.8333,689.0,1.42045
59.9167,599.0,0.965909
59.9167,565.0,0.965909
60.0,561.0,1.59091
60.0833,588.0,3.29545
60.1667,686.0,2.89773
60.3333,751.0,2.95454
60.4167,764.0,3.23864
60.5,743.0,2.78409
60.5833,734.0,3.57954
60.5833,783.0,3.06818
60.6667,778.0,3.06818
60.75,753.0,3.80682
60.8333,750.0,2.67045
60.8333,723.0,2.67045
60.9167,715.0,1.53409
61.0,702.0,2.5
61.0,694.0,2.5
61.0,715.0,2.5
61.0833,728.0,1.07955
61.0833,732.0,1.07955
61.1667,740.0,1.47727
61.3333,737.0,2.5
61.4167,736.0,3.69318
61.5,747.0,2.78409
61.5833,748.0,2.78409
61.6667,747.0,3.125
61.75,738.0,3.35227
61.8333,734.0,2.61364
61.9167,742.0,3.01136
62.0,752.0,2.95454
62.0833,761.0,2.95454
62.0833,745.0,2.78409
62.1667,702.0,1.47727
62.25,634.0,3.06818
62.3333,643.0,2.95454
62.4167,643.0,3.06818
62.4167,669.0,3.06818
62.5,640.0,1.36364
62.5,622.0,1.36364
62.5833,629.0,1.36364
62.5833,648.0,1.36364
62.5833,666.0,1.36364
62.5833,697.0,1.36364
62.6667,748.0,0.738636
62.75,737.0,2.95454
62.8333,760.0,2.84091
62.9167,785.0,2.44318
63.0,779.0,2.44318
63.0,763.0,2.72727
63.0833,840.0,1.53409
63.1667,771.0,2.67045
63.25,677.0,2.84091
63.3333,679.0,2.72727
63.3333,807.0,2.72727
63.4167,842.0,2.72727
63.5,835.0,1.36364
63.5833,848.0,2.67045
63.6667,899.0,2.27273
63.75,913.0,3.63636
63.75,885.0,2.10227
63.8333,875.0,2.72727
63.8333,869.0,2.72727
63.9167,781.0,1.25
64.0,713.0,2.55682
64.0833,698.0,3.01136
64.1667,708.0,3.01136
64.25,704.0,2.27273
64.3333,699.0,2.72727
64.4167,696.0,2.61364
64.5,694.0,2.32954
64.5833,701.0,3.18182
64.5833,712.0,2.67045
64.6667,697.0,2.15909
64.75,686.0,2.55682
64.8333,667.0,3.23864
64.9167,636.0,2.10227
64.9167,637.0,2.10227
65.0,658.0,2.10227
65.0833,658.0,1.25
65.1667,680.0,2.95454
65.25,693.0,2.55682
65.25,690.0,2.44318
65.3333,679.0,2.55682
65.3333,678.0,2.55682
65.4167,652.0,2.55682
65.5,622.0,1.19318
65.5833,633.0,2.32954
65.5833,634.0,2.38636
65.5833,607.0,2.38636
65.5833,567.0,2.38636
65.5833,567.0,2.38636
65.6667,588.0,2.38636
65.6667,607.0,0.568182
65.75,617.0,2.15909
65.75,680.0,2.15909
65.8333,693.0,1.19318
65.9167,684.0,1.19318
66.0,681.0,2.38636
66.0,563.0,2.10227
66.0833,532.0,2.55682
66.1667,538.0,2.5
66.25,538.0,2.32954
66.25,534.0,2.32954
66.3333,574.0,2.32954
66.3333,577.0,1.07955
66.4167,540.0,2.21591
66.5,498.0,2.21591
66.5833,502.0,2.15909
66.6667,537.0,2.5
66.6667,551.0,2.27273
66.75,535.0,1.93182
66.8333,504.0,1.93182
66.8333,458.0,2.15909
66.9167,465.0,2.15909
67.0,488.0,2.04545
67.0,491.0,2.04545
67.0,478.0,2.04545
67.0833,488.0,0.965909
67.1667,493.0,0.965909
67.1667,468.0,2.27273
67.1667,444.0,2.27273
67.25,444.0,1.02273
67.25,478.0,1.02273
67.25,517.0,1.02273
67.3333,525.0,0.909091
67.4167,513.0,0.909091
67.4167,489.0,2.15909
67.5,493.0,1.76136
67.5833,504.0,1.76136
67.6667,504.0,2.44318
67.6667,470.0,1.98864
67.75,457.0,1.98864
67.75,459.0,1.76136
67.8333,470.0,1.70455
67.9167,463.0,1.70455
67.9167,453.0,2.04545
68.0,459.0,1.875
68.0833,480.0,1.875
68.0833,495.0,1.70455
68.0833,502.0,1.70455
68.0833,507.0,1.70455
68.1667,517.0,0.852273
68.1667,525.0,0.852273
68.1667,501.0,0.852273
68.25,456.0,0.852273
68.25,341.0,0.852273
68.25,254.0,0.852273
68.3333,205.0,0.852273
68.3333,297.0,0.795454
68.3333,411.0,0.795454
68.3333,491.0,0.795454
68.3333,493.0,0.795454
68.4167,350.0,0.681818
68.4167,336.0,0.681818
68.5,215.0,1.42045
68.5,184.0,1.42045
68.5833,281.0,1.42045
68.5833,368.0,1.42045
68.6667,381.0,1.36364
68.6667,345.0,1.36364
68.75,257.0,1.36364
68.75,134.0,1.07955
68.75,79.0,1.07955
68.8333,79.0,1.19318
68.8333,43.0,1.19318
68.9167,23.0,1.19318
68.9167,52.0,1.19318
68.9167,134.0,1.19318
69.0,138.0,1.13636
69.0,189.0,1.13636
69.0833,128.0,1.13636
69.0833,37.0,1.02273
69.0833,0.0,1.02273
69.0833,0.0,1.02273
69.1667,0.0,0.852273
69.1667,62.0,0.852273
69.1667,149.0,0.852273
69.25,221.0,0.852273
69.25,251.0,0.852273
69.25,214.0,0.852273
69.25,175.0,0.852273
69.3333,105.0,0.852273
69.3333,107.0,0.681818
69.3333,82.0,0.681818
69.3333,166.0,0.681818
69.3333,239.0,0.681818
69.3333,260.0,0.681818
69.4167,221.0,0.681818
69.4167,60.0,0.511364
69.4167,0.0,0.511364
69.4167,0.0,0.511364
69.4167,0.0,0.511364
69.4167,0.0,0.511364
69.4167,0.0,0.511364
69.4167,0.0,0.511364
69.4167,0.0,0.511364
69.4167,0.0,0.511364
69.4167,0.0,0.511364
69.4167,0.0,0.511364
69.4167,0.0,0.511364
69.4167,0.0,0.511364
69.4167,0.0,0.511364
69.4167,0.0,0.511364
69.4167,0.0,0.511364
69.4167,0.0,0.511364
69.4167,0.0,0.511364
69.4167,0.0,0.511364
69.4167,0.0,0.511364
69.4167,0.0,0.511364
69.4167,0.0,0.511364
69.4167,0.0,0.511364
69.4167,0.0,0.511364
69.4167,0.0,0.511364
69.4167,0.0,0.511364
69.4167,0.0,0.511364
69.4167,0.0,0.511364
69.4167,0.0,0.511364
69.4167,0.0,0.511364
69.4167,0.0,0.511364
69.4167,0.0,0.511364
69.4167,0.0,0.511364
69.4167,0.0,0.511364
69.4167,0.0,0.511364
69.4167,0.0,0.511364
69.4167,0.0,0.511364
69.4167,0.0,0.511364
69.4167,0.0,0.511364
69.4167,0.0,0.511364
69.4167,0.0,0.511364
69.4167,0.0,0.511364
69.4167,0.0,0.511364
69.4167,0.0,0.511364
69.4167,0.0,0.511364
69.4167,0.0,0.511364
69.4167,0.0,0.511364
69.4167,0.0,0.511364
69.4167,0.0,0.511364
69.4167,0.0,0.511364
69.4167,0.0,0.511364
69.4167,0.0,0.511364
69.4167,0.0,0.511364
69.4167,0.0,0.511364
69.4167,0.0,0.0
69.4167,0.0,0.0
69.4167,0.0,0.0
69.4167,0.0,0.0
69.4167,0.0,0.0
69.4167,0.0,0.0
69.4167,0.0,0.0
69.4167,0.0,0.0
69.4167,0.0,0.0
69.4167,0.0,0.0
69.4167,0.0,0.0
69.4167,0.0,0.0
69.4167,0.0,0.0
69.4167,0.0,0.0
69.4167,0.0,0.0
69.4167,0.0,0.0
69.4167,0.0,0.0
69.4167,0.0,0.0
69.4167,0.0,0.0
69.4167,0.0,0.0
69.4167,0.0,0.0
69.4167,0.0,0.0
69.4167,0.0,0.0
69.4167,0.0,0.0
69.4167,0.0,0.0
69.4167,0.0,0.0
69.4167,0.0,0.0
69.4167,0.0,0.0
69.4167,0.0,0.0
69.4167,0.0,0.0
69.4167,0.0,0.0
69.4167,0.0,0.0
69.4167,0.0,0.0
69.4167,0.0,0.0
69.4167,0.0,0.0
69.4167,0.0,0.0
69.4167,0.0,0.0
69.4167,0.0,0.0
69.4167,0.0,0.0
69.4167,0.0,0.0
69.4167,0.0,0.0
69.4167,0.0,0.0
69.4167,0.0,0.0
69.4167,0.0,0.0
69.4167,0.0,0.0
69.4167,0.0,0.0
69.4167,0.0,0.0
69.4167,0.0,0.0
69.4167,0.0,0.0
69.4167,0.0,0.0
69.4167,0.0,0.0
69.4167,0.0,0.0
69.4167,0.0,0.0
69.4167,0.0,0.0
69.4167,0.0,0.0
69.4167,0.0,0.0
69.4167,0.0,0.0
69.4167,0.0,0.0
69.4167,0.0,0.0
69.4167,0.0,0.0
69.4167,0.0,0.0
69.4167,0.0,0.0
69.4167,0.0,0.0
69.4167,0.0,0.0
69.4167,0.0,0.0
69.4167,0.0,0.0
69.4167,0.0,0.0
69.4167,0.0,0.0
69.4167,0.0,0.0
69.4167,0.0,0.0
69.4167,0.0,0.0
69.4167,0.0,0.0
69.4167,0.0,0.0
69.4167,0.0,0.0
69.4167,0.0,0.0
69.4167,0.0,0.0
69.4167,0.0,0.0
69.4167,0.0,0.0
69.4167,0.0,0.0
69.4167,0.0,0.0
69.4167,0.0,0.0
69.4167,0.0,0.0
69.4167,0.0,0.0
69.4167,0.0,0.0
69.4167,0.0,0.0
69.4167,0.0,0.0
69.4167,0.0,0.0
69.4167,0.0,0.0
69.4167,0.0,0.0
69.4167,0.0,0.0
69.4167,0.0,0.0
69.4167,0.0,0.0
69.4167,0.0,0.0
69.4167,0.0,0.0
69.4167,0.0,0.0
69.4167,0.0,0.0
69.4167,0.0,0.0
69.4167,0.0,0.0
69.4167,0.0,0.0
69.4167,0.0,0.0
69.4167,0.0,0.0
69.4167,0.0,0.0
69.4167,0.0,0.0
69.4167,0.0,0.0
69.4167,0.0,0.0
69.4167,0.0,0.0
69.4167,0.0,0.0
69.4167,0.0,0.0
69.4167,0.0,0.0
69.4167,0.0,0.0
69.4167,0.0,0.0
69.4167,0.0,0.0
69.4167,0.0,0.0
69.4167,0.0,0.0
69.4167,0.0,0.0
69.4167,0.0,0.0
69.4167,0.0,0.0
69.4167,0.0,0.0
69.4167,0.0,0.0
69.4167,0.0,0.0
69.4167,0.0,0.0
69.4167,0.0,0.0
69.4167,0.0,0.0
69.4167,0.0,0.0
69.4167,0.0,0.0
69.4167,0.0,0.0
69.4167,0.0,0.0
69.4167,0.0,0.0
69.4167,0.0,0.0
69.4167,0.0,0.0
69.4167,0.0,0.0
69.4167,0.0,0.0
69.4167,0.0,0.0
69.4167,0.0,0.0
69.4167,0.0,0.0
69.4167,0.0,0.0
69.4167,0.0,0.0
69.4167,0.0,0.0
69.4167,0.0,0.0
69.4167,0.0,0.0
69.4167,0.0,0.0
69.4167,0.0,0.0
69.4167,0.0,0.0
69.4167,0.0,0.0
69.4167,0.0,0.0
69.4167,0.0,0.0
69.4167,0.0,0.0
69.4167,0.0,0.0
69.4167,0.0,0.0
69.4167,0.0,0.0
69.4167,0.0,0.0
69.4167,0.0,0.0
69.4167,0.0,0.0
69.4167,0.0,0.0
69.4167,0.0,0.0
69.4167,0.0,0.0
69.4167,0.0,0.0
69.4167,0.0,0.0
69.4167,0.0,0.0
69.4167,0.0,0.0
69.4167,0.0,0.0
69.4167,0.0,0.0
69.4167,0.0,0.0
69.4167,0.0,0.0
69.4167,0.0,0.0
69.4167,0.0,0.0
69.4167,0.0,0.0
69.4167,0.0,0.0
69.4167,0.0,0.0
69.4167,0.0,0.0
69.4167,0.0,0.0
69.4167,0.0,0.0
69.4167,0.0,0.0
69.4167,0.0,0.0
69.4167,0.0,0.0
69.4167,0.0,0.0
69.4167,0.0,0.0
69.4167,0.0,0.0
69.4167,0.0,0.0
69.4167,0.0,0.0
