0.0,0.0,0.0
0.0,1.0,0.0
0.0,1.0,0.0
0.0,0.0,0.0
0.0,0.0,0.0
0.0,0.0,0.0
0.0,1.0,0.0
0.0,0.0,0.0
0.0,0.0,0.0
0.0,0.0,0.0
0.0,0.0,0.0
0.0,0.0,0.0
0.0,1.0,0.0
0.0,0.0,0.0
0.0,1.0,0.0
0.0,0.0,0.0
0.0,0.0,0.0
0.0,0.0,0.0
0.0,0.0,0.0
0.0,0.0,0.0
0.0,0.0,0.0
0.0,0.0,0.0
0.0,0.0,0.0
0.0,0.0,0.0
0.0,0.0,0.0
0.0,0.0,0.0
0.0,0.0,0.0
0.0,1.0,0.0
0.0,1.0,0.0
0.0,0.0,0.0
0.0,0.0,0.0
0.0,0.0,0.0
0.0,0.0,0.0
0.0,0.0,0.0
0.0,0.0,0.0
0.0,0.0,0.0
0.0,1.0,0.0
0.0,0.0,0.0
0.0,1.0,0.0
0.0,0.0,0.0
0.0,1.0,0.0
0.0,0.0,0.0
0.0,0.0,0.0
0.0,0.0,0.0
0.0,0.0,0.0
0.0,0.0,0.0
0.0,0.0,0.0
0.0,0.0,0.0
0.0,0.0,0.0
0.0,0.0,0.0
0.0,0.0,0.0
0.0,0.0,0.0
0.0,0.0,0.0
0.0,0.0,0.0
0.0,1.0,0.0
0.0,1.0,0.0
0.0,0.0,0.0
0.0,0.0,0.0
0.0,0.0,0.0
0.0,0.0,0.0
0.0,0.0,0.0
0.0,1.0,0.0
0.0,0.0,0.0
0.0,0.0,0.0
0.0,0.0,0.0
0.0,0.0,0.0
0.0,0.0,0.0
0.0,0.0,0.0
0.0,1.0,0.0
0.0,0.0,0.0
0.0,0.0,0.0
0.0,0.0,0.0
0.0,0.0,0.0
0.0,0.0,0.0
0.0,0.0,0.0
0.0,0.0,0.0
0.0,0.0,0.0
0.0,0.0,0.0
0.0,1.0,0.0
0.0,0.0,0.0
0.0,0.0,0.0
0.0,0.0,0.0
0.0,0.0,0.0
0.0,1.0,0.0
0.0,0.0,0.0
0.0,0.0,0.0
0.0,0.0,0.0
0.0,0.0,0.0
0.0,0.0,0.0
0.0,0.0,0.0
0.0,0.0,0.0
0.0,0.0,0.0
0.0,0.0,0.0
0.0,0.0,0.0
0.0,0.0,0.0
0.0,0.0,0.0
0.0,0.0,0.0
0.0,0.0,0.0
0.0,0.0,0.0
0.0,0.0,0.0
0.0,0.0,0.0
0.0,0.0,0.0
0.0,0.0,0.0
0.0,0.0,0.0
0.0,0.0,0.0
0.0,1.0,0.0
0.0,0.0,0.0
0.0,1.0,0.0
0.0,0.0,0.0
0.0,0.0,0.0
0.0,0.0,0.0
0.0,1.0,0.0
0.0,0.0,0.0
0.0,0.0,0.0
0.0,0.0,0.0
0.0,0.0,0.0
0.0,0.0,0.0
0.0,0.0,0.0
0.0,0.0,0.0
0.0,0.0,0.0
0.0,0.0,0.0
0.0,0.0,0.0
0.0,0.0,0.0
0.0,0.0,0.0
0.0,0.0,0.0
0.0,0.0,0.0
0.0,0.0,0.0
0.0,0.0,0.0
0.0,0.0,0.0
0.0,0.0,0.0
0.0,0.0,0.0
0.0,0.0,0.0
0.0,0.0,0.0
0.0,1.0,0.0
0.0,1.0,0.0
0.0,0.0,0.0
0.0,0.0,0.0
0.0,0.0,0.0
0.0,0.0,0.0
0.0,0.0,0.0
0.0,0.0,0.0
0.0,0.0,0.0
0.0,0.0,0.0
0.0,0.0,0.0
0.0,0.0,0.0
0.0,0.0,0.0
0.0,0.0,0.0
0.0,0.0,0.0
0.0,0.0,0.0
0.0,0.0,0.0
0.0,0.0,0.0
0.0,0.0,0.0
0.0,0.0,0.0
0.0,0.0,0.0
0.0,1.0,0.0
0.0,0.0,0.0
0.0,0.0,0.0
0.0,0.0,0.0
0.0,0.0,0.0
0.0,0.0,0.0
0.0,0.0,0.0
0.0,0.0,0.0
0.0,0.0,0.0
0.0,0.0,0.0
0.0,0.0,0.0
0.0,0.0,0.0
0.0,0.0,0.0
0.0,0.0,0.0
0.0,0.0,0.0
0.0,1.0,0.0
0.0,0.0,0.0
0.0,0.0,0.0
0.0,0.0,0.0
0.0,0.0,0.0
0.0,0.0,0.0
0.0,0.0,0.0
0.0,1.0,0.0
0.0,0.0,0.0
0.0,0.0,0.0
0.0,0.0,0.0
0.0,0.0,0.0
0.0,0.0,0.0
0.0,0.0,0.0
0.0,0.0,0.0
0.0,0.0,0.0
0.0,0.0,0.0
0.0,0.0,0.0
0.0,1.0,0.0
0.0,1.0,0.0
0.0,0.0,0.0
0.0,0.0,0.0
0.0,1.0,0.0
0.0,1.0,0.0
0.0,0.0,0.0
0.0,0.0,0.0
0.0,0.0,0.0
0.0,0.0,0.0
0.0,0.0,0.0
0.0,0.0,0.0
0.0,0.0,0.0
0.0,0.0,0.0
0.0,0.0,0.0
0.0,0.0,0.0
0.0,0.0,0.0
0.0,0.0,0.0
0.0,0.0,0.0
0.0,0.0,0.0
0.0,0.0,0.0
0.0,0.0,0.0
0.0,0.0,0.0
0.0,0.0,0.0
0.0,0.0,0.0
0.0,0.0,0.0
0.0,0.0,0.0
0.0,1.0,0.0
0.0,0.0,0.0
0.0,0.0,0.0
0.0,1.0,0.0
0.0,0.0,0.0
0.0,0.0,0.0
0.0,1.0,0.0
0.0,0.0,0.0
0.0,0.0,0.0
0.0,0.0,0.0
0.0,0.0,0.0
0.0,0.0,0.0
0.0,0.0,0.0
0.0,0.0,0.0
0.0,0.0,0.0
0.0,0.0,0.0
0.0,0.0,0.0
0.0,0.0,0.0
0.0,0.0,0.0
0.0,0.0,0.0
0.0,0.0,0.0
0.0,0.0,0.0
0.0,1.0,0.0
0.0,0.0,0.0
0.0,1.0,0.0
0.0,0.0,0.0
0.0,0.0,0.0
0.0,0.0,0.0
0.0,0.0,0.0
0.0,0.0,0.0
0.0,1.0,0.0
0.0,0.0,0.0
0.0,0.0,0.0
0.0,0.0,0.0
0.0,0.0,0.0
0.0,0.0,0.0
0.0,0.0,0.0
0.0,0.0,0.0
0.0,1.0,0.0
0.0,0.0,0.0
0.0,0.0,0.0
0.0,0.0,0.0
0.0,0.0,0.0
0.0,0.0,0.0
0.0,0.0,0.0
0.0,0.0,0.0
0.0,0.0,0.0
0.0,0.0,0.0
0.0,0.0,0.0
0.0,0.0,0.0
0.0,0.0,0.0
0.0,0.0,0.0
0.0,0.0,0.0
0.0,0.0,0.0
0.0,0.0,0.0
0.0,0.0,0.0
0.0,0.0,0.0
0.0,0.0,0.0
0.0,0.0,0.0
0.0,0.0,0.0
0.0,0.0,0.0
0.0,0.0,0.0
0.0,0.0,0.0
0.0,0.0,0.0
0.0,0.0,0.0
0.0,0.0,0.0
0.0,1.0,0.0
0.0,0.0,0.0
0.0,0.0,0.0
0.0,0.0,0.0
0.0,0.0,0.0
0.0,0.0,0.0
0.0,0.0,0.0
0.0,0.0,0.0
0.0,0.0,0.0
0.0,0.0,0.0
0.0,0.0,0.0
0.0,0.0,0.0
0.0,0.0,0.0
0.0,0.0,0.0
0.0,0.0,0.0
0.0,0.0,0.0
0.0,1.0,0.0
0.0,0.0,0.0
0.0,0.0,0.0
0.0,0.0,0.0
0.0,0.0,0.0
0.0,0.0,0.0
0.0,0.0,0.0
0.0,0.0,0.0
0.0,0.0,0.0
0.0,0.0,0.0
0.0,0.0,0.0
0.0,0.0,0.0
0.0,0.0,0.0
0.0,0.0,0.0
0.0,0.0,0.0
0.0,0.0,0.0
0.0,0.0,0.0
0.0,0.0,0.0
0.0,0.0,0.0
0.0,0.0,0.0
0.0,0.0,0.0
0.0,0.0,0.0
0.0,0.0,0.0
0.0,0.0,0.0
0.0,0.0,0.0
0.0,0.0,0.0
0.0,1.0,0.0
0.0,0.0,0.0
0.0,0.0,0.0
0.0,0.0,0.0
0.0,0.0,0.0
0.0,0.0,0.0
0.0,0.0,0.0
0.0,0.0,0.0
0.0,0.0,0.0
0.0,1.0,0.0
0.0,0.0,0.0
0.0,0.0,0.0
0.0,0.0,0.0
0.0,0.0,0.0
0.0,0.0,0.0
0.0,0.0,0.0
0.0,0.0,0.0
0.0,0.0,0.0
0.0,0.0,0.0
0.0,0.0,0.0
0.0,1.0,0.0
0.0,0.0,0.0
0.0,1.0,0.0
0.0,1.0,0.0
0.0,0.0,0.0
0.0,0.0,0.0
0.0,0.0,0.0
0.0,0.0,0.0
0.0,0.0,0.0
0.0,0.0,0.0
0.0,0.0,0.0
0.0,1.0,0.0
0.0,0.0,0.0
0.0,0.0,0.0
0.0,0.0,0.0
0.0,0.0,0.0
0.0,0.0,0.0
0.0,0.0,0.0
0.0,0.0,0.0
0.0,1.0,0.0
0.0,0.0,0.0
0.0,0.0,0.0
0.0,0.0,0.0
0.0,0.0,0.0
0.0,0.0,0.0
0.0,0.0,0.0
0.0,0.0,0.0
0.0,0.0,0.0
0.0,1.0,0.0
0.0,0.0,0.0
0.0,0.0,0.0
0.0,0.0,0.0
0.0,0.0,0.0
0.0,0.0,0.0
0.0,0.0,0.0
0.0,0.0,0.0
0.0,0.0,0.0
0.0,0.0,0.0
0.0,0.0,0.0
0.0,0.0,0.0
0.0,0.0,0.0
0.0,0.0,0.0
0.0,0.0,0.0
0.0,0.0,0.0
0.0,1.0,0.0
0.0,0.0,0.0
0.0,0.0,0.0
0.0,0.0,0.0
0.0,0.0,0.0
0.0,0.0,0.0
0.0,0.0,0.0
0.0,1.0,0.0
0.0,0.0,0.0
0.0,0.0,0.0
0.0,0.0,0.0
0.0,0.0,0.0
0.0,0.0,0.0
0.0,0.0,0.0
0.0,0.0,0.0
0.0,0.0,0.0
0.0,0.0,0.0
0.0,0.0,0.0
0.0,0.0,0.0
0.0,0.0,0.0
0.0,0.0,0.0
0.0,0.0,0.0
0.0,0.0,0.0
0.0,0.0,0.0
0.0,0.0,0.0
0.0,0.0,0.0
0.0,0.0,0.0
0.0,0.0,0.0
0.0,1.0,0.0
0.0,0.0,0.0
0.0,0.0,0.0
0.0,0.0,0.0
0.0,0.0,0.0
0.0,1.0,0.0
0.0,0.0,0.0
0.0,1.0,0.0
0.0,0.0,0.0
0.0,0.0,0.0
0.0,0.0,0.0
0.0,0.0,0.0
0.0,0.0,0.0
0.0,0.0,0.0
0.0,0.0,0.0
0.0,0.0,0.0
0.0,0.0,0.0
0.0,27.0,0.0
0.0,56.0,0.0
0.0,93.0,0.0
0.0,106.0,0.0
0.0,111.0,0.0
0.0,123.0,0.0
0.0,145.0,0.0
0.0,166.0,0.0
0.0,211.0,0.0
0.0,233.0,0.0
0.0,244.0,0.0
0.0,249.0,0.0
0.0,284.0,0.0
0.0,313.0,0.0
0.0,328.0,0.0
0.0,345.0,0.0
0.0,372.0,0.0
0.0,391.0,0.0
0.0,391.0,0.0
0.0,430.0,0.0
0.0,458.0,0.0
0.0,487.0,0.0
0.0,509.0,0.0
0.0,509.0,0.0
0.0,526.0,0.0
0.0,538.0,0.0
0.0,564.0,0.0
0.0,592.0,0.0
0.0,597.0,0.0
0.0,597.0,0.0
0.0,608.0,0.0
0.0,626.0,0.0
0.0,630.0,0.0
0.0,630.0,0.0
0.0,641.0,0.0
0.0,647.0,0.0
0.0,646.0,0.0
0.0,650.0,0.0
0.0,652.0,0.0
0.0,648.0,0.0
0.0,644.0,0.0
0.0,643.0,0.0
0.0,637.0,0.0
0.0,630.0,0.0
0.0,626.0,0.0
0.0,623.0,0.0
0.0,616.0,0.0
0.0,617.0,0.0
0.0,615.0,0.0
0.0,610.0,0.0
0.0,607.0,0.0
0.0,611.0,0.0
0.0,613.0,0.0
0.0,610.0,0.0
0.0,614.0,0.0
0.0,618.0,0.0
0.0,620.0,0.0
0.0,624.0,0.0
0.0,632.0,0.0
0.0,637.0,0.0
0.0,638.0,0.0
0.0,642.0,0.0
0.0,653.0,0.0
0.0,657.0,0.0
0.0,662.0,0.0
0.0,671.0,0.0
0.0,671.0,0.0
0.0,680.0,0.0
0.0,685.0,0.0
0.0,690.0,0.0
0.0,696.0,0.0
0.0,698.0,0.0
0.0,703.0,0.0
0.0,709.0,0.0
0.0,715.0,0.0
0.0,714.0,0.0
0.0,726.0,0.0
0.0,728.0,0.0
0.0,723.0,0.0
0.0,725.0,0.0
0.0,732.0,0.0
0.0,728.0,0.0
0.0,728.0,0.0
0.0,735.0,0.0
0.0,735.0,0.0
0.0,730.0,0.0
0.0,735.0,0.0
0.0,738.0,0.0
0.0,738.0,0.0
0.0,734.0,0.0
0.0,740.0,0.0
0.0,742.0,0.0
0.0,741.0,0.0
0.0,749.0,0.0
0.0,756.0,0.0
0.0,757.0,0.0
0.0,759.0,0.0
0.0,766.0,0.0
0.0,771.0,0.0
0.0,773.0,0.0
0.0,782.0,0.0
0.0,787.0,0.0
0.0,792.0,0.0
0.0,792.0,0.0
0.0,802.0,0.0
0.0,809.0,0.0
0.0,814.0,0.0
0.0,827.0,0.0
0.0,832.0,0.0
0.0,832.0,0.0
0.0,832.0,0.0
0.0,840.0,0.0
0.0,853.0,0.0
0.0,847.0,0.0
0.0,851.0,0.0
0.0,860.0,0.0
0.0,862.0,0.0
0.0,862.0,0.0
0.0,861.0,0.0
0.0,864.0,0.0
0.0,862.0,0.0
0.0,862.0,0.0
0.0,865.0,0.0
0.0,862.0,0.0
0.0,857.0,0.0
0.0,859.0,0.0
0.0,853.0,0.0
0.0,849.0,0.0
0.0,851.0,0.0
0.0,846.0,0.0
0.0,840.0,0.0
0.0,841.0,0.0
0.0,840.0,0.0
0.0,834.0,0.0
0.0,831.0,0.0
0.0,827.0,0.0
0.0,825.0,0.0
0.0,824.0,0.0
0.0,823.0,0.0
0.0,826.0,0.0
0.0,825.0,0.0
0.0,826.0,0.0
0.0,829.0,0.0
0.0,831.0,0.0
0.0,834.0,0.0
0.0,837.0,0.0
0.0,839.0,0.0
0.0,843.0,0.0
0.0,845.0,0.0
0.0,845.0,0.0
0.0,849.0,0.0
0.0,849.0,0.0
0.0,852.0,0.0
0.0,854.0,0.0
0.0,859.0,0.0
0.0,861.0,0.0
0.0,864.0,0.0
0.0,871.0,0.0
0.0,875.0,0.0
0.0,880.0,0.0
0.0,884.0,0.0
0.0,888.0,0.0
0.0,894.0,0.0
0.0,896.0,0.0
0.0,899.0,0.0
0.0,904.0,0.0
0.0,909.0,0.0
0.0,915.0,0.0
0.0,917.0,0.0
0.0,920.0,0.0
0.0,929.0,0.0
0.0,930.0,0.0
0.0,933.0,0.0
0.0,934.0,0.0
0.0,934.0,0.0
0.0,935.0,0.0
0.0,935.0,0.0
0.0,936.0,0.0
0.0,936.0,0.0
0.0,936.0,0.0
0.0,935.0,0.0
0.0,937.0,0.0
0.0,936.0,0.0
0.0,935.0,0.0
0.0,933.0,0.0
0.0,932.0,0.0
0.0,932.0,0.0
0.0,932.0,0.0
0.0,931.0,0.0
0.0,930.0,0.0
0.0,929.0,0.0
0.0,928.0,0.0
0.0,926.0,0.0
0.0,925.0,0.0
0.0,925.0,0.0
0.0,925.0,0.0
0.0,922.0,0.0
0.0,920.0,0.0
0.0,920.0,0.0
0.0,919.0,0.0
0.0,918.0,0.0
0.0,918.0,0.0
0.0,913.0,0.0
0.0,913.0,0.0
0.0,910.0,0.0
0.0,906.0,0.0
0.0,900.0,0.0
0.0,893.0,0.0
0.0,888.0,0.0
0.0,886.0,0.0
0.0,880.0,0.0
0.0,874.0,0.0
0.0,873.0,0.0
0.0,868.0,0.0
0.0,865.0,0.0
0.0,860.0,0.0
0.0,857.0,0.0
0.0,858.0,0.0
0.0,856.0,0.0
0.0,855.0,0.0
0.0,856.0,0.0
0.0,858.0,0.0
0.0,860.0,0.0
0.0,862.0,0.0
0.0,863.0,0.0
0.0,868.0,0.0
0.0,867.0,0.0
0.0,867.0,0.0
0.0,871.0,0.0
0.0,870.0,0.0
0.0,874.0,0.0
0.0,874.0,0.0
0.0,876.0,0.0
0.0,879.0,0.0
0.0,879.0,0.0
0.0,880.0,0.0
0.0,883.0,0.0
0.0,883.0,0.0
0.0,885.0,0.0
0.0,888.0,0.0
0.0,888.0,0.0
0.0,891.0,0.0
0.0,895.0,0.0
0.0,897.0,0.0
0.0,901.0,0.0
0.0,902.0,0.0
0.0,903.0,0.0
0.0,907.0,0.0
0.0,911.0,0.0
0.0,916.0,0.0
0.0,918.0,0.0
0.0,925.0,0.0
0.0,926.0,0.0
0.0,928.0,0.0
0.0,933.0,0.0
0.0,931.0,0.0
0.0,935.0,0.0
0.0,934.0,0.0
0.0,935.0,0.0
0.0,939.0,0.0
0.0,940.0,0.0
0.0,942.0,0.0
0.0,939.0,0.0
0.0,940.0,0.0
0.0,940.0,0.0
0.0,942.0,0.0
0.0,943.0,0.0
0.0,942.0,0.0
0.0,943.0,0.0
0.0,943.0,0.0
0.0,945.0,0.0
0.0,943.0,0.0
0.0,945.0,0.0
0.0,947.0,0.0
0.0,946.0,0.0
0.0,948.0,0.0
0.0,947.0,0.0
0.0,948.0,0.0
0.0,947.0,0.0
0.0,947.0,0.0
0.0,948.0,0.0
0.0,948.0,0.0
0.0,946.0,0.0
0.0,946.0,0.0
0.0,945.0,0.0
0.0,947.0,0.0
0.0,943.0,0.0
0.0,941.0,0.0
0.0,941.0,0.0
0.0,942.0,0.0
0.0,939.0,0.0
0.0,936.0,0.0
0.0,932.0,0.0
0.0,929.0,0.0
0.0,928.0,0.0
0.0,924.0,0.0
0.0,920.0,0.0
0.0,912.0,0.0
0.0,910.0,0.0
0.0,905.0,0.0
0.0,898.0,0.0
0.0,889.0,0.0
0.0,889.0,0.0
0.0,884.0,0.0
0.0,877.0,0.0
0.0,882.0,0.0
0.0,891.0,0.0
0.0,917.0,0.0
0.0,947.0,0.0
0.0,1080.0,0.0
0.0,1135.0,0.0
0.0,1188.0,0.0
0.0,1227.0,0.0
0.0,1264.0,0.0
0.0,1300.0,0.0
0.0,1319.0,0.0
0.0,1319.0,0.0
0.0,1362.0,0.0
0.0,1581.0,0.0
0.0,1703.0,0.0
0.0,1819.0,0.0
0.0,1932.0,0.0
0.0,1932.0,0.0
0.0,2025.0,0.0
0.0,2046.0,0.0
0.0,2016.0,0.0
0.0,1962.0,0.0
0.0,1920.0,0.0
0.0,1911.0,0.0
0.0,1938.0,0.0
0.0,1969.0,0.0
0.0,1969.0,0.0
0.0,1912.0,0.0
0.0,1839.0,0.0
0.0,1761.0,0.0
0.0,1732.0,0.0
0.0,1761.0,0.0
0.0,1791.0,0.0
0.0,1802.0,0.0
0.0,1801.0,0.0
0.0,1788.0,0.0
0.0833333,1789.0,0.0
0.0833333,1749.0,0.0
0.0833333,1739.0,0.0
0.0833333,1751.0,0.0
0.166667,1753.0,0.0
0.166667,1758.0,0.0
0.166667,1754.0,0.0
0.166667,1770.0,0.0
0.25,1799.0,0.852273
0.25,1783.0,0.852273
0.333333,1782.0,0.852273
0.333333,1796.0,0.965909
0.333333,1789.0,0.965909
0.416667,1747.0,0.965909
0.416667,1631.0,1.07955
0.416667,1621.0,1.07955
0.5,1628.0,1.07955
0.5,1575.0,0.965909
0.583333,1586.0,0.965909
0.583333,1513.0,1.25
0.583333,1509.0,1.25
0.666667,1528.0,1.13636
0.666667,1532.0,1.13636
0.666667,1629.0,1.13636
0.666667,1629.0,1.13636
0.75,1606.0,1.13636
0.75,1550.0,0.625
0.75,1625.0,0.625
0.75,1591.0,0.625
0.75,1624.0,0.625
0.833333,1701.0,0.625
0.833333,1699.0,0.625
0.916667,1706.0,0.625
0.916667,1693.0,1.30682
1.0,1683.0,1.30682
1.0,1709.0,1.30682
1.08333,1704.0,1.30682
1.08333,1692.0,1.47727
1.16667,1684.0,1.64773
1.16667,1673.0,1.64773
1.25,1674.0,1.53409
1.25,1687.0,1.53409
1.33333,1702.0,1.42045
1.33333,1716.0,1.42045
1.41667,1722.0,1.47727
1.5,1706.0,1.47727
1.5,1704.0,1.98864
1.5,1701.0,1.98864
1.5,1699.0,1.98864
1.5,1709.0,1.98864
1.58333,1672.0,1.98864
1.58333,1662.0,0.568182
1.58333,1667.0,0.568182
1.58333,1664.0,0.568182
1.66667,1635.0,0.795454
1.75,1578.0,2.10227
1.83333,1557.0,2.10227
1.83333,1520.0,2.10227
1.91667,1382.0,2.10227
1.91667,1327.0,1.53409
2.0,1328.0,1.98864
2.08333,932.0,1.98864
2.08333,788.0,1.64773
2.16667,826.0,1.70455
2.16667,707.0,1.70455
2.25,437.0,1.53409
2.25,437.0,1.53409
2.33333,247.0,1.53409
2.33333,295.0,1.53409
2.41667,450.0,1.53409
2.5,500.0,1.53409
2.5,429.0,1.47727
2.58333,183.0,1.47727
2.58333,62.0,1.42045
2.58333,0.0,1.42045
2.66667,1.0,1.25
2.66667,0.0,1.25
2.75,0.0,1.36364
2.75,0.0,1.36364
2.83333,0.0,1.36364
2.83333,0.0,1.07955
2.83333,0.0,1.07955
2.83333,0.0,1.07955
2.83333,0.0,1.07955
2.83333,0.0,1.07955
2.83333,0.0,1.07955
2.83333,0.0,1.07955
2.91667,0.0,0.397727
2.91667,0.0,0.397727
3.0,0.0,0.397727
3.0,0.0,1.19318
3.0,0.0,1.19318
3.08333,0.0,1.02273
3.08333,0.0,1.02273
3.08333,1.0,1.02273
3.16667,0.0,1.02273
3.16667,0.0,1.02273
3.25,0.0,1.02273
3.25,0.0,1.02273
3.25,0.0,1.02273
3.25,0.0,1.02273
3.33333,0.0,0.795454
3.33333,0.0,0.795454
3.33333,0.0,0.795454
3.41667,0.0,0.795454
3.41667,0.0,0.852273
3.41667,0.0,0.852273
3.5,0.0,0.852273
3.5,1.0,0.852273
3.5,1.0,0.852273
3.5,0.0,0.852273
3.58333,0.0,0.852273
3.58333,0.0,0.738636
3.58333,0.0,0.738636
3.58333,0.0,0.738636
3.58333,0.0,0.738636
3.66667,0.0,0.625
3.66667,0.0,0.625
3.66667,0.0,0.625
3.66667,0.0,0.625
3.66667,0.0,0.625
3.66667,0.0,0.625
3.75,0.0,0.625
3.75,0.0,0.454545
3.75,0.0,0.454545
3.75,0.0,0.454545
3.75,0.0,0.454545
3.75,0.0,0.454545
3.75,0.0,0.454545
3.75,1.0,0.454545
3.83333,0.0,0.454545
3.83333,0.0,0.340909
3.83333,0.0,0.340909
3.83333,0.0,0.340909
3.83333,0.0,0.340909
3.83333,0.0,0.340909
3.83333,0.0,0.340909
3.83333,0.0,0.340909
3.83333,1.0,0.340909
3.83333,0.0,0.340909
3.83333,0.0,0.340909
3.83333,0.0,0.340909
3.83333,0.0,0.340909
3.83333,0.0,0.340909
3.83333,0.0,0.340909
3.83333,0.0,0.340909
3.83333,0.0,0.340909
3.83333,0.0,0.340909
3.83333,0.0,0.340909
3.83333,0.0,0.340909
3.83333,0.0,0.340909
3.83333,0.0,0.340909
3.83333,0.0,0.340909
3.83333,0.0,0.340909
3.83333,0.0,0.340909
3.83333,0.0,0.340909
3.83333,0.0,0.340909
3.83333,0.0,0.340909
3.83333,0.0,0.340909
3.83333,0.0,0.340909
3.83333,0.0,0.340909
3.83333,0.0,0.340909
3.83333,0.0,0.340909
3.83333,0.0,0.340909
3.83333,0.0,0.340909
3.83333,0.0,0.340909
3.83333,0.0,0.340909
3.83333,0.0,0.340909
3.83333,0.0,0.340909
3.83333,0.0,0.340909
3.83333,0.0,0.340909
3.83333,1.0,0.340909
3.83333,0.0,0.340909
3.83333,0.0,0.340909
3.83333,0.0,0.340909
3.83333,0.0,0.340909
3.83333,0.0,0.340909
3.83333,0.0,0.340909
3.83333,0.0,0.340909
3.83333,0.0,0.340909
3.83333,0.0,0.340909
3.83333,0.0,0.340909
3.83333,0.0,0.340909
3.83333,0.0,0.340909
3.83333,0.0,0.340909
3.83333,0.0,0.340909
3.83333,0.0,0.340909
3.83333,0.0,0.340909
3.83333,0.0,0.340909
3.83333,0.0,0.0
3.83333,0.0,0.0
3.83333,0.0,0.0
3.83333,0.0,0.0
3.83333,0.0,0.0
3.83333,0.0,0.0
3.83333,0.0,0.0
3.83333,0.0,0.0
3.83333,0.0,0.0
3.83333,0.0,0.0
3.83333,0.0,0.0
3.83333,0.0,0.0
3.83333,0.0,0.0
3.83333,0.0,0.0
3.83333,0.0,0.0
3.83333,0.0,0.0
3.83333,0.0,0.0
3.83333,0.0,0.0
3.83333,0.0,0.0
3.83333,0.0,0.0
3.83333,0.0,0.0
3.83333,0.0,0.0
3.83333,0.0,0.0
3.83333,0.0,0.0
3.83333,0.0,0.0
3.83333,0.0,0.0
3.83333,0.0,0.0
3.83333,0.0,0.0
3.83333,0.0,0.0
3.83333,1.0,0.0
3.83333,0.0,0.0
3.83333,0.0,0.0
3.83333,0.0,0.0
3.83333,0.0,0.0
3.83333,0.0,0.0
3.83333,0.0,0.0
3.83333,0.0,0.0
3.83333,0.0,0.0
3.83333,0.0,0.0
3.83333,0.0,0.0
3.83333,0.0,0.0
3.83333,0.0,0.0
3.83333,0.0,0.0
3.83333,0.0,0.0
3.83333,0.0,0.0
3.83333,0.0,0.0
3.83333,0.0,0.0
3.83333,0.0,0.0
3.83333,0.0,0.0
3.83333,0.0,0.0
3.83333,1.0,0.0
3.83333,0.0,0.0
3.83333,0.0,0.0
3.83333,0.0,0.0
3.83333,1.0,0.0
3.83333,0.0,0.0
3.83333,0.0,0.0
3.83333,0.0,0.0
3.83333,0.0,0.0
3.83333,0.0,0.0
3.83333,1.0,0.0
3.83333,0.0,0.0
3.83333,0.0,0.0
3.83333,1.0,0.0
3.83333,0.0,0.0
3.83333,0.0,0.0
3.83333,1.0,0.0
3.83333,0.0,0.0
3.83333,0.0,0.0
3.83333,0.0,0.0
3.83333,1.0,0.0
3.83333,0.0,0.0
3.83333,0.0,0.0
3.83333,0.0,0.0
3.83333,0.0,0.0
3.83333,0.0,0.0
3.83333,0.0,0.0
3.83333,0.0,0.0
3.83333,0.0,0.0
3.83333,0.0,0.0
3.83333,0.0,0.0
3.83333,0.0,0.0
3.83333,0.0,0.0
3.83333,0.0,0.0
3.83333,1.0,0.0
3.83333,0.0,0.0
3.83333,0.0,0.0
3.83333,0.0,0.0
3.83333,0.0,0.0
3.83333,0.0,0.0
3.83333,0.0,0.0
3.83333,0.0,0.0
3.83333,0.0,0.0
3.83333,0.0,0.0
3.83333,0.0,0.0
3.83333,0.0,0.0
3.83333,0.0,0.0
3.83333,0.0,0.0
3.83333,1.0,0.0
3.83333,0.0,0.0
3.83333,0.0,0.0
3.83333,0.0,0.0
3.83333,0.0,0.0
3.83333,0.0,0.0
3.83333,0.0,0.0
3.83333,0.0,0.0
3.83333,1.0,0.0
3.83333,0.0,0.0
3.83333,0.0,0.0
3.83333,0.0,0.0
3.83333,0.0,0.0
3.83333,0.0,0.0
3.83333,0.0,0.0
3.83333,0.0,0.0
3.83333,0.0,0.0
3.83333,0.0,0.0
3.83333,0.0,0.0
3.83333,0.0,0.0
3.83333,1.0,0.0
3.83333,0.0,0.0
3.83333,0.0,0.0
3.83333,0.0,0.0
3.83333,0.0,0.0
3.83333,0.0,0.0
3.83333,0.0,0.0
3.83333,0.0,0.0
3.83333,0.0,0.0
3.83333,0.0,0.0
3.83333,0.0,0.0
3.83333,0.0,0.0
3.83333,0.0,0.0
3.83333,0.0,0.0
3.83333,0.0,0.0
3.83333,0.0,0.0
3.83333,0.0,0.0
3.83333,1.0,0.0
3.83333,0.0,0.0
3.83333,0.0,0.0
3.83333,0.0,0.0
3.83333,0.0,0.0
3.83333,0.0,0.0
3.83333,0.0,0.0
3.83333,0.0,0.0
3.83333,0.0,0.0
3.83333,0.0,0.0
3.83333,0.0,0.0
3.83333,0.0,0.0
3.83333,0.0,0.0
3.83333,0.0,0.0
3.83333,0.0,0.0
3.83333,0.0,0.0
3.83333,0.0,0.0
3.83333,1.0,0.0
3.83333,0.0,0.0
3.83333,0.0,0.0
3.83333,0.0,0.0
3.83333,0.0,0.0
3.83333,0.0,0.0
3.83333,0.0,0.0
3.83333,1.0,0.0
3.83333,0.0,0.0
3.83333,0.0,0.0
3.83333,0.0,0.0
3.83333,0.0,0.0
3.83333,0.0,0.0
3.83333,0.0,0.0
3.83333,0.0,0.0
3.83333,0.0,0.0
3.83333,1.0,0.0
3.83333,0.0,0.0
3.83333,1.0,0.0
3.83333,0.0,0.0
3.83333,0.0,0.0
3.83333,0.0,0.0
3.83333,1.0,0.0
3.83333,0.0,0.0
3.83333,0.0,0.0
3.83333,0.0,0.0
3.83333,0.0,0.0
3.83333,0.0,0.0
3.83333,0.0,0.0
3.83333,0.0,0.0
3.83333,0.0,0.0
3.83333,0.0,0.0
3.83333,0.0,0.0
3.83333,0.0,0.0
3.83333,0.0,0.0
3.83333,0.0,0.0
3.83333,0.0,0.0
3.83333,0.0,0.0
3.83333,0.0,0.0
3.83333,0.0,0.0
3.83333,0.0,0.0
3.83333,0.0,0.0
3.83333,0.0,0.0
3.83333,0.0,0.0
3.83333,0.0,0.0
3.83333,0.0,0.0
3.83333,1.0,0.0
3.83333,0.0,0.0
3.83333,0.0,0.0
3.83333,0.0,0.0
3.83333,0.0,0.0
3.83333,0.0,0.0
3.83333,0.0,0.0
3.83333,0.0,0.0
3.83333,0.0,0.0
3.83333,0.0,0.0
3.83333,0.0,0.0
3.83333,0.0,0.0
3.83333,0.0,0.0
3.83333,0.0,0.0
3.83333,0.0,0.0
3.83333,0.0,0.0
3.83333,0.0,0.0
3.83333,0.0,0.0
3.83333,0.0,0.0
3.83333,0.0,0.0
3.83333,0.0,0.0
3.83333,0.0,0.0
3.83333,1.0,0.0
3.83333,0.0,0.0
3.83333,0.0,0.0
3.83333,0.0,0.0
3.83333,0.0,0.0
3.83333,0.0,0.0
3.83333,0.0,0.0
3.83333,0.0,0.0
3.83333,0.0,0.0
3.83333,0.0,0.0
3.83333,0.0,0.0
3.83333,0.0,0.0
3.83333,0.0,0.0
3.83333,0.0,0.0
3.83333,0.0,0.0
3.83333,0.0,0.0
3.83333,0.0,0.0
3.83333,0.0,0.0
3.83333,0.0,0.0
3.83333,0.0,0.0
3.83333,0.0,0.0
3.83333,0.0,0.0
3.83333,0.0,0.0
3.83333,1.0,0.0
3.83333,0.0,0.0
3.83333,0.0,0.0
3.83333,1.0,0.0
3.83333,0.0,0.0
3.83333,0.0,0.0
3.83333,0.0,0.0
3.83333,0.0,0.0
3.83333,0.0,0.0
3.83333,0.0,0.0
3.83333,0.0,0.0
3.83333,0.0,0.0
3.83333,0.0,0.0
3.83333,0.0,0.0
3.83333,0.0,0.0
3.83333,0.0,0.0
3.83333,0.0,0.0
3.83333,0.0,0.0
3.83333,0.0,0.0
3.83333,0.0,0.0
3.83333,0.0,0.0
3.83333,0.0,0.0
3.83333,0.0,0.0
3.83333,0.0,0.0
3.83333,0.0,0.0
3.83333,0.0,0.0
3.83333,0.0,0.0
3.83333,0.0,0.0
3.83333,0.0,0.0
3.83333,0.0,0.0
3.83333,0.0,0.0
3.83333,0.0,0.0
3.83333,0.0,0.0
3.83333,0.0,0.0
3.83333,0.0,0.0
3.83333,0.0,0.0
3.83333,0.0,0.0
3.83333,0.0,0.0
3.83333,0.0,0.0
3.83333,0.0,0.0
3.83333,0.0,0.0
3.83333,0.0,0.0
3.83333,0.0,0.0
3.83333,0.0,0.0
3.83333,0.0,0.0
3.83333,0.0,0.0
3.83333,0.0,0.0
3.83333,0.0,0.0
3.83333,1.0,0.0
3.83333,0.0,0.0
3.83333,0.0,0.0
3.83333,0.0,0.0
3.83333,0.0,0.0
3.83333,0.0,0.0
3.83333,0.0,0.0
3.83333,0.0,0.0
3.83333,0.0,0.0
3.83333,0.0,0.0
3.83333,0.0,0.0
3.83333,0.0,0.0
3.83333,0.0,0.0
3.83333,0.0,0.0
3.83333,0.0,0.0
3.83333,1.0,0.0
3.83333,0.0,0.0
3.83333,1.0,0.0
3.83333,0.0,0.0
3.83333,0.0,0.0
3.83333,0.0,0.0
3.83333,1.0,0.0
3.83333,0.0,0.0
3.83333,0.0,0.0
3.83333,0.0,0.0
3.83333,0.0,0.0
3.83333,0.0,0.0
3.83333,0.0,0.0
3.83333,0.0,0.0
3.83333,0.0,0.0
3.83333,0.0,0.0
3.83333,0.0,0.0
3.83333,0.0,0.0
3.83333,0.0,0.0
3.83333,0.0,0.0
3.83333,0.0,0.0
3.83333,0.0,0.0
3.83333,0.0,0.0
3.83333,0.0,0.0
3.83333,0.0,0.0
3.83333,1.0,0.0
3.83333,0.0,0.0
3.83333,0.0,0.0
3.83333,0.0,0.0
3.83333,1.0,0.0
3.83333,0.0,0.0
3.83333,0.0,0.0
3.83333,0.0,0.0
3.83333,0.0,0.0
3.83333,0.0,0.0
3.83333,0.0,0.0
3.83333,0.0,0.0
3.83333,0.0,0.0
3.83333,0.0,0.0
3.83333,0.0,0.0
3.83333,0.0,0.0
3.83333,0.0,0.0
3.83333,0.0,0.0
3.83333,0.0,0.0
3.83333,0.0,0.0
3.83333,0.0,0.0
3.83333,0.0,0.0
3.83333,0.0,0.0
3.83333,0.0,0.0
3.83333,0.0,0.0
3.83333,0.0,0.0
3.83333,0.0,0.0
3.83333,1.0,0.0
3.83333,1.0,0.0
3.83333,0.0,0.0
3.83333,0.0,0.0
3.83333,0.0,0.0
3.83333,0.0,0.0
3.83333,0.0,0.0
3.83333,0.0,0.0
3.83333,0.0,0.0
3.83333,0.0,0.0
3.83333,0.0,0.0
3.83333,0.0,0.0
3.83333,0.0,0.0
3.83333,0.0,0.0
3.83333,0.0,0.0
3.83333,0.0,0.0
3.83333,0.0,0.0
3.83333,0.0,0.0
3.83333,0.0,0.0
3.83333,0.0,0.0
3.83333,0.0,0.0
3.83333,0.0,0.0
3.83333,0.0,0.0
3.83333,0.0,0.0
3.83333,0.0,0.0
3.83333,0.0,0.0
3.83333,0.0,0.0
3.83333,0.0,0.0
3.83333,0.0,0.0
3.83333,0.0,0.0
3.83333,0.0,0.0
3.83333,0.0,0.0
3.83333,1.0,0.0
3.83333,0.0,0.0
3.83333,0.0,0.0
3.83333,0.0,0.0
3.83333,0.0,0.0
3.83333,0.0,0.0
3.83333,0.0,0.0
3.83333,0.0,0.0
3.83333,1.0,0.0
3.83333,0.0,0.0
3.83333,0.0,0.0
3.83333,0.0,0.0
3.83333,0.0,0.0
3.83333,0.0,0.0
3.83333,0.0,0.0
3.83333,0.0,0.0
3.83333,0.0,0.0
3.83333,1.0,0.0
3.83333,0.0,0.0
3.83333,0.0,0.0
3.83333,0.0,0.0
3.83333,0.0,0.0
3.83333,0.0,0.0
3.83333,0.0,0.0
3.83333,0.0,0.0
3.83333,0.0,0.0
3.83333,1.0,0.0
3.83333,0.0,0.0
3.83333,0.0,0.0
3.83333,0.0,0.0
3.83333,0.0,0.0
3.83333,0.0,0.0
3.83333,0.0,0.0
3.83333,0.0,0.0
3.83333,0.0,0.0
3.83333,0.0,0.0
3.83333,0.0,0.0
3.83333,0.0,0.0
3.83333,0.0,0.0
3.83333,0.0,0.0
3.83333,1.0,0.0
3.83333,0.0,0.0
3.83333,0.0,0.0
3.83333,0.0,0.0
3.83333,0.0,0.0
3.83333,0.0,0.0
3.83333,0.0,0.0
3.83333,0.0,0.0
3.83333,1.0,0.0
3.83333,0.0,0.0
3.83333,0.0,0.0
3.83333,0.0,0.0
3.83333,0.0,0.0
3.83333,0.0,0.0
3.83333,0.0,0.0
3.83333,0.0,0.0
3.83333,0.0,0.0
3.83333,0.0,0.0
3.83333,0.0,0.0
3.83333,0.0,0.0
3.83333,0.0,0.0
3.83333,0.0,0.0
3.83333,0.0,0.0
3.83333,0.0,0.0
3.83333,0.0,0.0
3.83333,0.0,0.0
3.83333,0.0,0.0
3.83333,0.0,0.0
3.83333,0.0,0.0
3.83333,0.0,0.0
3.83333,0.0,0.0
3.83333,0.0,0.0
3.83333,0.0,0.0
3.83333,0.0,0.0
3.83333,0.0,0.0
3.83333,0.0,0.0
3.83333,0.0,0.0
3.83333,0.0,0.0
3.83333,0.0,0.0
3.83333,0.0,0.0
3.83333,1.0,0.0
3.83333,0.0,0.0
3.83333,0.0,0.0
3.83333,0.0,0.0
3.83333,0.0,0.0
3.83333,0.0,0.0
3.83333,0.0,0.0
3.83333,0.0,0.0
3.83333,0.0,0.0
3.83333,0.0,0.0
3.83333,0.0,0.0
3.83333,1.0,0.0
3.83333,1.0,0.0
3.83333,0.0,0.0
3.83333,0.0,0.0
3.83333,0.0,0.0
3.83333,0.0,0.0
3.83333,0.0,0.0
3.83333,0.0,0.0
3.83333,0.0,0.0
3.83333,0.0,0.0
3.83333,0.0,0.0
3.83333,0.0,0.0
3.83333,0.0,0.0
3.83333,0.0,0.0
3.83333,0.0,0.0
3.83333,0.0,0.0
3.83333,0.0,0.0
3.83333,1.0,0.0
3.83333,0.0,0.0
3.83333,0.0,0.0
3.83333,0.0,0.0
3.83333,0.0,0.0
3.83333,0.0,0.0
3.83333,0.0,0.0
3.83333,0.0,0.0
3.83333,0.0,0.0
3.83333,0.0,0.0
3.83333,0.0,0.0
3.83333,0.0,0.0
3.83333,0.0,0.0
3.83333,0.0,0.0
3.83333,0.0,0.0
3.83333,0.0,0.0
3.83333,0.0,0.0
3.83333,0.0,0.0
3.83333,0.0,0.0
3.83333,0.0,0.0
3.83333,1.0,0.0
3.83333,0.0,0.0
3.83333,0.0,0.0
3.83333,0.0,0.0
3.83333,0.0,0.0
3.83333,0.0,0.0
3.83333,0.0,0.0
3.83333,0.0,0.0
3.83333,0.0,0.0
3.83333,0.0,0.0
3.83333,0.0,0.0
3.83333,0.0,0.0
3.83333,0.0,0.0
3.83333,1.0,0.0
3.83333,0.0,0.0
3.83333,0.0,0.0
3.83333,0.0,0.0
3.83333,0.0,0.0
3.83333,0.0,0.0
3.83333,0.0,0.0
3.83333,0.0,0.0
3.83333,0.0,0.0
3.83333,0.0,0.0
3.83333,0.0,0.0
3.83333,0.0,0.0
3.83333,0.0,0.0
3.83333,1.0,0.0
3.83333,1.0,0.0
3.83333,0.0,0.0
3.83333,0.0,0.0
3.83333,0.0,0.0
3.83333,0.0,0.0
3.83333,0.0,0.0
3.83333,0.0,0.0
3.83333,0.0,0.0
3.83333,0.0,0.0
3.83333,1.0,0.0
3.83333,0.0,0.0
3.83333,0.0,0.0
3.83333,0.0,0.0
3.83333,0.0,0.0
3.83333,0.0,0.0
3.83333,0.0,0.0
3.83333,0.0,0.0
3.83333,0.0,0.0
3.83333,0.0,0.0
3.83333,0.0,0.0
3.83333,0.0,0.0
3.83333,0.0,0.0
3.83333,0.0,0.0
3.83333,1.0,0.0
3.83333,0.0,0.0
3.83333,0.0,0.0
3.83333,0.0,0.0
3.83333,0.0,0.0
3.83333,0.0,0.0
3.83333,0.0,0.0
3.83333,0.0,0.0
3.83333,0.0,0.0
3.83333,0.0,0.0
3.83333,0.0,0.0
3.83333,0.0,0.0
3.83333,0.0,0.0
3.83333,0.0,0.0
3.83333,0.0,0.0
3.83333,0.0,0.0
3.83333,0.0,0.0
3.83333,0.0,0.0
3.83333,1.0,0.0
3.83333,0.0,0.0
3.83333,0.0,0.0
3.83333,0.0,0.0
3.83333,0.0,0.0
3.83333,0.0,0.0
3.83333,0.0,0.0
3.83333,0.0,0.0
3.83333,0.0,0.0
3.83333,0.0,0.0
3.83333,0.0,0.0
3.83333,0.0,0.0
3.83333,1.0,0.0
3.83333,0.0,0.0
3.83333,0.0,0.0
3.83333,0.0,0.0
3.83333,0.0,0.0
3.83333,0.0,0.0
3.83333,0.0,0.0
3.83333,0.0,0.0
3.83333,0.0,0.0
3.83333,0.0,0.0
3.83333,0.0,0.0
3.83333,0.0,0.0
3.83333,0.0,0.0
3.83333,0.0,0.0
3.83333,0.0,0.0
3.83333,0.0,0.0
3.83333,0.0,0.0
3.83333,0.0,0.0
3.83333,0.0,0.0
3.83333,0.0,0.0
3.83333,0.0,0.0
3.83333,0.0,0.0
3.83333,0.0,0.0
3.83333,0.0,0.0
3.83333,0.0,0.0
3.83333,0.0,0.0
3.83333,0.0,0.0
3.83333,0.0,0.0
3.83333,0.0,0.0
3.83333,0.0,0.0
3.83333,0.0,0.0
3.83333,0.0,0.0
3.83333,0.0,0.0
3.83333,0.0,0.0
3.83333,0.0,0.0
3.83333,0.0,0.0
3.83333,0.0,0.0
3.83333,0.0,0.0
3.83333,0.0,0.0
3.83333,0.0,0.0
3.83333,0.0,0.0
3.83333,1.0,0.0
3.83333,1.0,0.0
3.83333,0.0,0.0
3.83333,0.0,0.0
3.83333,0.0,0.0
3.83333,0.0,0.0
3.83333,0.0,0.0
3.83333,0.0,0.0
3.83333,0.0,0.0
3.83333,1.0,0.0
3.83333,0.0,0.0
3.83333,0.0,0.0
3.83333,0.0,0.0
3.83333,0.0,0.0
3.83333,0.0,0.0
3.83333,0.0,0.0
3.83333,0.0,0.0
3.83333,0.0,0.0
3.83333,0.0,0.0
3.83333,0.0,0.0
3.83333,0.0,0.0
3.83333,0.0,0.0
3.83333,0.0,0.0
3.83333,0.0,0.0
3.83333,0.0,0.0
3.83333,0.0,0.0
3.83333,0.0,0.0
3.83333,0.0,0.0
3.83333,0.0,0.0
3.83333,0.0,0.0
3.83333,0.0,0.0
3.83333,0.0,0.0
3.83333,0.0,0.0
3.83333,0.0,0.0
3.83333,0.0,0.0
3.83333,0.0,0.0
3.83333,0.0,0.0
3.83333,0.0,0.0
3.83333,1.0,0.0
3.83333,0.0,0.0
3.83333,0.0,0.0
3.83333,0.0,0.0
3.83333,0.0,0.0
3.83333,0.0,0.0
3.83333,0.0,0.0
3.83333,0.0,0.0
3.83333,1.0,0.0
3.83333,0.0,0.0
3.83333,0.0,0.0
3.83333,0.0,0.0
3.83333,0.0,0.0
3.83333,0.0,0.0
3.83333,0.0,0.0
3.83333,0.0,0.0
3.83333,0.0,0.0
3.83333,0.0,0.0
3.83333,0.0,0.0
3.83333,0.0,0.0
3.83333,0.0,0.0
3.83333,0.0,0.0
3.83333,0.0,0.0
3.83333,0.0,0.0
3.83333,0.0,0.0
3.83333,0.0,0.0
3.83333,0.0,0.0
3.83333,0.0,0.0
3.83333,0.0,0.0
3.83333,0.0,0.0
3.83333,0.0,0.0
3.83333,0.0,0.0
3.83333,0.0,0.0
3.83333,0.0,0.0
3.83333,0.0,0.0
3.83333,0.0,0.0
3.83333,0.0,0.0
3.83333,0.0,0.0
3.83333,0.0,0.0
3.83333,0.0,0.0
3.83333,0.0,0.0
3.83333,0.0,0.0
3.83333,0.0,0.0
3.83333,0.0,0.0
3.83333,0.0,0.0
3.83333,0.0,0.0
3.83333,0.0,0.0
3.83333,0.0,0.0
3.83333,0.0,0.0
3.83333,0.0,0.0
3.83333,0.0,0.0
3.83333,0.0,0.0
3.83333,0.0,0.0
3.83333,1.0,0.0
3.83333,1.0,0.0
3.83333,0.0,0.0
3.83333,0.0,0.0
3.83333,0.0,0.0
3.83333,1.0,0.0
3.83333,1.0,0.0
3.83333,0.0,0.0
3.83333,0.0,0.0
3.83333,0.0,0.0
3.83333,0.0,0.0
3.83333,0.0,0.0
3.83333,0.0,0.0
3.83333,0.0,0.0
3.83333,0.0,0.0
3.83333,0.0,0.0
3.83333,1.0,0.0
3.83333,0.0,0.0
3.83333,0.0,0.0
3.83333,1.0,0.0
3.83333,0.0,0.0
3.83333,0.0,0.0
3.83333,1.0,0.0
3.83333,0.0,0.0
3.83333,0.0,0.0
3.83333,0.0,0.0
3.83333,0.0,0.0
3.83333,0.0,0.0
3.83333,1.0,0.0
3.83333,0.0,0.0
3.83333,0.0,0.0
3.83333,0.0,0.0
3.83333,1.0,0.0
3.83333,0.0,0.0
3.83333,0.0,0.0
3.83333,0.0,0.0
3.83333,1.0,0.0
3.83333,0.0,0.0
3.83333,0.0,0.0
3.83333,0.0,0.0
3.83333,0.0,0.0
3.83333,0.0,0.0
3.83333,0.0,0.0
3.83333,0.0,0.0
3.83333,0.0,0.0
3.83333,0.0,0.0
3.83333,0.0,0.0
3.83333,0.0,0.0
3.83333,0.0,0.0
3.83333,0.0,0.0
3.83333,0.0,0.0
3.83333,0.0,0.0
3.83333,0.0,0.0
3.83333,0.0,0.0
3.83333,0.0,0.0
3.83333,0.0,0.0
3.83333,0.0,0.0
3.83333,0.0,0.0
3.83333,0.0,0.0
3.83333,1.0,0.0
3.83333,0.0,0.0
3.83333,0.0,0.0
3.83333,0.0,0.0
3.83333,0.0,0.0
3.83333,0.0,0.0
3.83333,0.0,0.0
3.83333,0.0,0.0
3.83333,0.0,0.0
3.83333,0.0,0.0
3.83333,0.0,0.0
3.83333,0.0,0.0
3.83333,0.0,0.0
3.83333,0.0,0.0
3.83333,0.0,0.0
3.83333,0.0,0.0
3.83333,0.0,0.0
3.83333,0.0,0.0
3.83333,0.0,0.0
3.83333,0.0,0.0
3.83333,0.0,0.0
3.83333,0.0,0.0
3.83333,0.0,0.0
3.83333,1.0,0.0
3.83333,0.0,0.0
3.83333,0.0,0.0
3.83333,0.0,0.0
3.83333,0.0,0.0
3.83333,1.0,0.0
3.83333,0.0,0.0
3.83333,0.0,0.0
3.83333,0.0,0.0
3.83333,0.0,0.0
3.83333,0.0,0.0
3.83333,0.0,0.0
3.83333,0.0,0.0
3.83333,0.0,0.0
3.83333,0.0,0.0
3.83333,0.0,0.0
3.83333,0.0,0.0
3.83333,0.0,0.0
3.83333,0.0,0.0
3.83333,1.0,0.0
3.83333,0.0,0.0
3.83333,0.0,0.0
3.83333,0.0,0.0
3.83333,0.0,0.0
3.83333,0.0,0.0
3.83333,0.0,0.0
3.83333,1.0,0.0
3.83333,0.0,0.0
3.83333,0.0,0.0
3.83333,0.0,0.0
3.83333,0.0,0.0
3.83333,0.0,0.0
3.83333,0.0,0.0
3.83333,0.0,0.0
3.83333,0.0,0.0
3.83333,0.0,0.0
3.83333,0.0,0.0
3.83333,0.0,0.0
3.83333,0.0,0.0
3.83333,0.0,0.0
3.83333,0.0,0.0
3.83333,0.0,0.0
3.83333,0.0,0.0
3.83333,0.0,0.0
3.83333,0.0,0.0
3.83333,0.0,0.0
3.83333,0.0,0.0
3.83333,0.0,0.0
3.83333,0.0,0.0
3.83333,0.0,0.0
3.83333,0.0,0.0
3.83333,0.0,0.0
3.83333,0.0,0.0
3.83333,0.0,0.0
3.83333,0.0,0.0
3.83333,0.0,0.0
3.83333,0.0,0.0
3.83333,0.0,0.0
3.83333,0.0,0.0
3.83333,0.0,0.0
3.83333,0.0,0.0
3.83333,0.0,0.0
3.83333,0.0,0.0
3.83333,0.0,0.0
3.83333,0.0,0.0
3.83333,0.0,0.0
3.83333,0.0,0.0
3.83333,0.0,0.0
3.83333,0.0,0.0
3.83333,0.0,0.0
3.83333,0.0,0.0
3.83333,0.0,0.0
3.83333,0.0,0.0
3.83333,1.0,0.0
3.83333,0.0,0.0
3.83333,0.0,0.0
3.83333,0.0,0.0
3.83333,0.0,0.0
3.83333,0.0,0.0
3.83333,0.0,0.0
3.83333,0.0,0.0
3.83333,0.0,0.0
3.83333,0.0,0.0
3.83333,0.0,0.0
3.83333,0.0,0.0
3.83333,0.0,0.0
3.83333,0.0,0.0
3.83333,0.0,0.0
3.83333,0.0,0.0
3.83333,0.0,0.0
3.83333,0.0,0.0
3.83333,0.0,0.0
3.83333,0.0,0.0
3.83333,0.0,0.0
3.83333,0.0,0.0
3.83333,0.0,0.0
3.83333,0.0,0.0
3.83333,0.0,0.0
3.83333,0.0,0.0
3.83333,0.0,0.0
3.83333,0.0,0.0
3.83333,0.0,0.0
3.83333,0.0,0.0
3.83333,0.0,0.0
3.83333,0.0,0.0
3.83333,0.0,0.0
3.83333,0.0,0.0
3.83333,0.0,0.0
3.83333,0.0,0.0
3.83333,0.0,0.0
3.83333,0.0,0.0
3.83333,0.0,0.0
3.83333,0.0,0.0
3.83333,0.0,0.0
3.83333,0.0,0.0
3.83333,0.0,0.0
3.83333,0.0,0.0
3.83333,0.0,0.0
3.83333,0.0,0.0
3.83333,0.0,0.0
3.83333,0.0,0.0
3.83333,0.0,0.0
3.83333,0.0,0.0
3.83333,0.0,0.0
3.83333,0.0,0.0
3.83333,0.0,0.0
3.83333,0.0,0.0
3.83333,0.0,0.0
3.83333,0.0,0.0
3.83333,0.0,0.0
3.83333,0.0,0.0
3.83333,0.0,0.0
3.83333,0.0,0.0
3.83333,0.0,0.0
3.83333,0.0,0.0
3.83333,0.0,0.0
3.83333,0.0,0.0
3.83333,0.0,0.0
3.83333,0.0,0.0
3.83333,0.0,0.0
3.83333,0.0,0.0
3.83333,0.0,0.0
3.83333,0.0,0.0
3.83333,0.0,0.0
3.83333,0.0,0.0
3.83333,1.0,0.0
3.83333,0.0,0.0
3.83333,0.0,0.0
3.83333,0.0,0.0
3.83333,0.0,0.0
3.83333,0.0,0.0
3.83333,0.0,0.0
3.83333,0.0,0.0
3.83333,0.0,0.0
3.83333,0.0,0.0
3.83333,0.0,0.0
3.83333,0.0,0.0
3.83333,0.0,0.0
3.83333,0.0,0.0
3.83333,0.0,0.0
3.83333,0.0,0.0
3.83333,0.0,0.0
3.83333,0.0,0.0
3.83333,0.0,0.0
3.83333,0.0,0.0
3.83333,0.0,0.0
3.83333,0.0,0.0
3.83333,0.0,0.0
3.83333,0.0,0.0
3.83333,0.0,0.0
3.83333,1.0,0.0
3.83333,0.0,0.0
3.83333,0.0,0.0
3.83333,0.0,0.0
3.83333,0.0,0.0
3.83333,0.0,0.0
3.83333,0.0,0.0
3.83333,0.0,0.0
3.83333,0.0,0.0
3.83333,0.0,0.0
3.83333,0.0,0.0
3.83333,0.0,0.0
3.83333,0.0,0.0
3.83333,0.0,0.0
3.83333,0.0,0.0
3.83333,0.0,0.0
3.83333,0.0,0.0
3.83333,0.0,0.0
3.83333,1.0,0.0
3.83333,0.0,0.0
3.83333,0.0,0.0
3.83333,0.0,0.0
3.83333,0.0,0.0
3.83333,0.0,0.0
3.83333,0.0,0.0
3.83333,0.0,0.0
3.83333,0.0,0.0
3.83333,0.0,0.0
3.83333,0.0,0.0
3.83333,0.0,0.0
3.83333,0.0,0.0
3.83333,0.0,0.0
3.83333,0.0,0.0
3.83333,0.0,0.0
3.83333,0.0,0.0
3.83333,0.0,0.0
3.83333,0.0,0.0
3.83333,1.0,0.0
3.83333,0.0,0.0
3.83333,0.0,0.0
3.83333,0.0,0.0
3.83333,0.0,0.0
3.83333,0.0,0.0
3.83333,0.0,0.0
3.83333,1.0,0.0
3.83333,0.0,0.0
3.83333,0.0,0.0
3.83333,0.0,0.0
3.83333,0.0,0.0
3.83333,0.0,0.0
3.83333,0.0,0.0
3.83333,0.0,0.0
3.83333,0.0,0.0
3.83333,0.0,0.0
3.83333,0.0,0.0
3.83333,0.0,0.0
3.83333,0.0,0.0
3.83333,0.0,0.0
3.83333,0.0,0.0
3.83333,0.0,0.0
3.83333,0.0,0.0
3.83333,1.0,0.0
3.83333,0.0,0.0
3.83333,0.0,0.0
3.83333,0.0,0.0
3.83333,0.0,0.0
3.83333,0.0,0.0
3.83333,0.0,0.0
3.83333,0.0,0.0
3.83333,0.0,0.0
3.83333,0.0,0.0
3.83333,0.0,0.0
3.83333,0.0,0.0
3.83333,0.0,0.0
3.83333,0.0,0.0
3.83333,0.0,0.0
3.83333,0.0,0.0
3.83333,0.0,0.0
3.83333,0.0,0.0
3.83333,0.0,0.0
3.83333,0.0,0.0
3.83333,0.0,0.0
3.83333,0.0,0.0
3.83333,0.0,0.0
3.83333,0.0,0.0
3.83333,0.0,0.0
3.83333,0.0,0.0
3.83333,0.0,0.0
3.83333,0.0,0.0
3.83333,0.0,0.0
3.83333,0.0,0.0
3.83333,0.0,0.0
3.83333,0.0,0.0
3.83333,0.0,0.0
3.83333,0.0,0.0
3.83333,0.0,0.0
3.83333,0.0,0.0
3.83333,0.0,0.0
3.83333,0.0,0.0
3.83333,0.0,0.0
3.83333,0.0,0.0
3.83333,0.0,0.0
3.83333,0.0,0.0
3.83333,0.0,0.0
3.83333,0.0,0.0
3.83333,0.0,0.0
3.83333,0.0,0.0
3.83333,0.0,0.0
3.83333,0.0,0.0
3.83333,0.0,0.0
3.83333,0.0,0.0
3.83333,0.0,0.0
3.83333,0.0,0.0
3.83333,0.0,0.0
3.83333,1.0,0.0
3.83333,0.0,0.0
3.83333,0.0,0.0
3.83333,0.0,0.0
3.83333,0.0,0.0
3.83333,1.0,0.0
3.83333,0.0,0.0
3.83333,0.0,0.0
3.83333,1.0,0.0
3.83333,0.0,0.0
3.83333,0.0,0.0
3.83333,0.0,0.0
3.83333,0.0,0.0
3.83333,0.0,0.0
3.83333,1.0,0.0
3.83333,0.0,0.0
3.83333,0.0,0.0
3.83333,0.0,0.0
3.83333,0.0,0.0
3.83333,0.0,0.0
3.83333,0.0,0.0
3.83333,0.0,0.0
3.83333,0.0,0.0
3.83333,1.0,0.0
3.83333,1.0,0.0
3.83333,0.0,0.0
3.83333,0.0,0.0
3.83333,0.0,0.0
3.83333,0.0,0.0
3.83333,0.0,0.0
3.83333,0.0,0.0
3.83333,0.0,0.0
3.83333,0.0,0.0
3.83333,0.0,0.0
3.83333,0.0,0.0
3.83333,0.0,0.0
3.83333,0.0,0.0
3.83333,0.0,0.0
3.83333,0.0,0.0
3.83333,0.0,0.0
3.83333,0.0,0.0
3.83333,1.0,0.0
3.83333,0.0,0.0
3.83333,0.0,0.0
3.83333,0.0,0.0
3.83333,0.0,0.0
3.83333,0.0,0.0
3.83333,0.0,0.0
3.83333,0.0,0.0
3.83333,0.0,0.0
3.83333,0.0,0.0
3.83333,0.0,0.0
3.83333,0.0,0.0
3.83333,0.0,0.0
3.83333,0.0,0.0
3.83333,0.0,0.0
3.83333,0.0,0.0
3.83333,0.0,0.0
3.83333,0.0,0.0
3.83333,1.0,0.0
3.83333,0.0,0.0
3.83333,0.0,0.0
3.83333,0.0,0.0
3.83333,0.0,0.0
3.83333,0.0,0.0
3.83333,0.0,0.0
3.83333,0.0,0.0
3.83333,0.0,0.0
3.83333,0.0,0.0
3.83333,0.0,0.0
3.83333,0.0,0.0
3.83333,0.0,0.0
3.83333,0.0,0.0
3.83333,0.0,0.0
3.83333,0.0,0.0
3.83333,1.0,0.0
3.83333,0.0,0.0
3.83333,1.0,0.0
3.83333,0.0,0.0
3.83333,0.0,0.0
3.83333,0.0,0.0
3.83333,0.0,0.0
3.83333,0.0,0.0
3.83333,0.0,0.0
3.83333,0.0,0.0
3.83333,0.0,0.0
3.83333,0.0,0.0
3.83333,0.0,0.0
3.83333,0.0,0.0
3.83333,0.0,0.0
3.83333,0.0,0.0
3.83333,0.0,0.0
3.83333,0.0,0.0
3.83333,0.0,0.0
3.83333,0.0,0.0
3.83333,0.0,0.0
3.83333,0.0,0.0
3.83333,0.0,0.0
3.83333,0.0,0.0
3.83333,0.0,0.0
3.83333,0.0,0.0
3.83333,0.0,0.0
3.83333,0.0,0.0
3.83333,0.0,0.0
3.83333,0.0,0.0
3.83333,0.0,0.0
3.83333,0.0,0.0
3.83333,0.0,0.0
3.83333,0.0,0.0
3.83333,0.0,0.0
3.83333,0.0,0.0
3.83333,0.0,0.0
3.83333,0.0,0.0
3.83333,0.0,0.0
3.83333,0.0,0.0
3.83333,0.0,0.0
3.83333,0.0,0.0
3.83333,0.0,0.0
3.83333,0.0,0.0
3.83333,0.0,0.0
3.83333,0.0,0.0
3.83333,0.0,0.0
3.83333,0.0,0.0
3.83333,0.0,0.0
3.83333,0.0,0.0
3.83333,1.0,0.0
3.83333,0.0,0.0
3.83333,0.0,0.0
3.83333,0.0,0.0
3.83333,1.0,0.0
3.83333,0.0,0.0
3.83333,0.0,0.0
3.83333,0.0,0.0
3.83333,0.0,0.0
3.83333,0.0,0.0
3.83333,0.0,0.0
3.83333,0.0,0.0
3.83333,0.0,0.0
3.83333,0.0,0.0
3.83333,0.0,0.0
3.83333,0.0,0.0
3.83333,0.0,0.0
3.83333,0.0,0.0
3.83333,0.0,0.0
3.83333,0.0,0.0
3.83333,0.0,0.0
3.83333,0.0,0.0
3.83333,0.0,0.0
3.83333,0.0,0.0
3.83333,0.0,0.0
3.83333,1.0,0.0
3.83333,0.0,0.0
3.83333,0.0,0.0
3.83333,0.0,0.0
3.83333,0.0,0.0
3.83333,0.0,0.0
3.83333,0.0,0.0
3.83333,0.0,0.0
3.83333,0.0,0.0
3.83333,0.0,0.0
3.83333,0.0,0.0
3.83333,0.0,0.0
3.83333,0.0,0.0
3.83333,0.0,0.0
3.83333,0.0,0.0
3.83333,0.0,0.0
3.83333,0.0,0.0
3.83333,0.0,0.0
3.83333,0.0,0.0
3.83333,0.0,0.0
3.83333,0.0,0.0
3.83333,0.0,0.0
3.83333,1.0,0.0
3.83333,0.0,0.0
3.83333,0.0,0.0
3.83333,0.0,0.0
3.83333,0.0,0.0
3.83333,0.0,0.0
3.83333,0.0,0.0
3.83333,0.0,0.0
3.83333,0.0,0.0
3.83333,0.0,0.0
3.83333,0.0,0.0
3.83333,0.0,0.0
3.83333,0.0,0.0
3.83333,0.0,0.0
3.83333,0.0,0.0
3.83333,0.0,0.0
3.83333,0.0,0.0
3.83333,0.0,0.0
3.83333,0.0,0.0
3.83333,0.0,0.0
3.83333,0.0,0.0
3.83333,0.0,0.0
3.83333,0.0,0.0
3.83333,0.0,0.0
3.83333,0.0,0.0
3.83333,0.0,0.0
3.83333,0.0,0.0
3.83333,0.0,0.0
3.83333,0.0,0.0
3.83333,0.0,0.0
3.83333,0.0,0.0
3.83333,0.0,0.0
3.83333,0.0,0.0
3.83333,0.0,0.0
3.83333,0.0,0.0
3.83333,0.0,0.0
3.83333,0.0,0.0
3.83333,0.0,0.0
3.83333,0.0,0.0
3.83333,0.0,0.0
3.83333,0.0,0.0
3.83333,0.0,0.0
3.83333,0.0,0.0
3.83333,0.0,0.0
3.83333,0.0,0.0
3.83333,0.0,0.0
3.83333,0.0,0.0
3.83333,0.0,0.0
3.83333,0.0,0.0
3.83333,0.0,0.0
3.83333,0.0,0.0
3.83333,0.0,0.0
3.83333,0.0,0.0
3.83333,0.0,0.0
3.83333,0.0,0.0
3.83333,1.0,0.0
3.83333,0.0,0.0
3.83333,0.0,0.0
3.83333,0.0,0.0
3.83333,0.0,0.0
3.83333,0.0,0.0
3.83333,0.0,0.0
3.83333,0.0,0.0
3.83333,0.0,0.0
3.83333,0.0,0.0
3.83333,1.0,0.0
3.83333,0.0,0.0
3.83333,0.0,0.0
3.83333,0.0,0.0
3.83333,1.0,0.0
3.83333,0.0,0.0
3.83333,0.0,0.0
3.83333,0.0,0.0
3.83333,0.0,0.0
3.83333,0.0,0.0
3.83333,1.0,0.0
3.83333,0.0,0.0
3.83333,0.0,0.0
3.83333,0.0,0.0
3.83333,0.0,0.0
3.83333,0.0,0.0
3.83333,0.0,0.0
3.83333,0.0,0.0
3.83333,0.0,0.0
3.83333,0.0,0.0
3.83333,0.0,0.0
3.83333,0.0,0.0
3.83333,0.0,0.0
3.83333,0.0,0.0
3.83333,0.0,0.0
3.83333,0.0,0.0
3.83333,0.0,0.0
3.83333,0.0,0.0
3.83333,0.0,0.0
3.83333,0.0,0.0
3.83333,0.0,0.0
3.83333,0.0,0.0
3.83333,0.0,0.0
3.83333,0.0,0.0
3.83333,0.0,0.0
3.83333,0.0,0.0
3.83333,0.0,0.0
3.83333,0.0,0.0
3.83333,0.0,0.0
3.83333,0.0,0.0
3.83333,0.0,0.0
3.83333,0.0,0.0
3.83333,1.0,0.0
3.83333,0.0,0.0
3.83333,0.0,0.0
3.83333,0.0,0.0
3.83333,0.0,0.0
3.83333,0.0,0.0
3.83333,0.0,0.0
3.83333,0.0,0.0
3.83333,0.0,0.0
3.83333,0.0,0.0
3.83333,0.0,0.0
3.83333,0.0,0.0
3.83333,0.0,0.0
3.83333,0.0,0.0
3.83333,0.0,0.0
3.83333,0.0,0.0
3.83333,0.0,0.0
3.83333,0.0,0.0
3.83333,0.0,0.0
3.83333,0.0,0.0
3.83333,0.0,0.0
3.83333,0.0,0.0
3.83333,0.0,0.0
3.83333,0.0,0.0
3.83333,0.0,0.0
3.83333,0.0,0.0
3.83333,0.0,0.0
3.83333,1.0,0.0
3.83333,0.0,0.0
3.83333,0.0,0.0
3.83333,0.0,0.0
3.83333,0.0,0.0
3.83333,0.0,0.0
3.83333,1.0,0.0
3.83333,0.0,0.0
3.83333,1.0,0.0
3.83333,0.0,0.0
3.83333,0.0,0.0
3.83333,0.0,0.0
3.83333,0.0,0.0
3.83333,0.0,0.0
3.83333,0.0,0.0
3.83333,0.0,0.0
3.83333,0.0,0.0
3.83333,0.0,0.0
3.83333,0.0,0.0
3.83333,0.0,0.0
3.83333,0.0,0.0
3.83333,0.0,0.0
3.83333,0.0,0.0
3.83333,0.0,0.0
3.83333,0.0,0.0
3.83333,0.0,0.0
3.83333,0.0,0.0
3.83333,0.0,0.0
3.83333,1.0,0.0
3.83333,0.0,0.0
3.83333,0.0,0.0
3.83333,0.0,0.0
3.83333,0.0,0.0
3.83333,0.0,0.0
3.83333,0.0,0.0
3.83333,1.0,0.0
3.83333,0.0,0.0
3.83333,0.0,0.0
3.83333,0.0,0.0
3.83333,0.0,0.0
3.83333,0.0,0.0
3.83333,0.0,0.0
3.83333,0.0,0.0
3.83333,0.0,0.0
3.83333,0.0,0.0
3.83333,0.0,0.0
3.83333,0.0,0.0
3.83333,0.0,0.0
3.83333,0.0,0.0
3.83333,1.0,0.0
3.83333,0.0,0.0
3.83333,0.0,0.0
3.83333,0.0,0.0
3.83333,0.0,0.0
3.83333,0.0,0.0
3.83333,0.0,0.0
3.83333,0.0,0.0
3.83333,0.0,0.0
3.83333,0.0,0.0
3.83333,0.0,0.0
3.83333,0.0,0.0
3.83333,0.0,0.0
3.83333,0.0,0.0
3.83333,0.0,0.0
3.83333,0.0,0.0
3.83333,0.0,0.0
3.83333,0.0,0.0
3.83333,0.0,0.0
3.83333,0.0,0.0
3.83333,0.0,0.0
3.83333,0.0,0.0
3.83333,0.0,0.0
3.83333,0.0,0.0
3.83333,0.0,0.0
3.83333,0.0,0.0
3.83333,0.0,0.0
3.83333,0.0,0.0
3.83333,0.0,0.0
3.83333,0.0,0.0
3.83333,0.0,0.0
3.83333,0.0,0.0
3.83333,0.0,0.0
3.83333,0.0,0.0
3.83333,0.0,0.0
3.83333,0.0,0.0
3.83333,1.0,0.0
3.83333,0.0,0.0
3.83333,0.0,0.0
3.83333,0.0,0.0
3.83333,0.0,0.0
3.83333,0.0,0.0
3.83333,0.0,0.0
3.83333,0.0,0.0
3.83333,0.0,0.0
3.83333,0.0,0.0
3.83333,0.0,0.0
3.83333,0.0,0.0
3.83333,0.0,0.0
3.83333,1.0,0.0
3.83333,0.0,0.0
3.83333,0.0,0.0
3.83333,0.0,0.0
3.83333,0.0,0.0
3.83333,0.0,0.0
3.83333,0.0,0.0
3.83333,0.0,0.0
3.83333,0.0,0.0
3.83333,0.0,0.0
3.83333,0.0,0.0
3.83333,0.0,0.0
3.83333,0.0,0.0
3.83333,0.0,0.0
3.83333,0.0,0.0
3.83333,1.0,0.0
3.83333,0.0,0.0
3.83333,0.0,0.0
3.83333,0.0,0.0
3.83333,0.0,0.0
3.83333,0.0,0.0
3.83333,0.0,0.0
3.83333,0.0,0.0
3.83333,1.0,0.0
3.83333,29.0,0.0
3.83333,117.0,0.0
3.83333,174.0,0.0
3.83333,200.0,0.0
3.83333,197.0,0.0
3.83333,215.0,0.0
3.83333,218.0,0.0
3.83333,267.0,0.0
3.83333,313.0,0.0
3.83333,371.0,0.0
3.83333,381.0,0.0
3.83333,391.0,0.0
3.83333,425.0,0.0
3.83333,478.0,0.0
3.83333,507.0,0.0
3.83333,516.0,0.0
3.83333,518.0,0.0
3.83333,518.0,0.0
3.83333,522.0,0.0
3.83333,539.0,0.0
3.83333,552.0,0.0
3.83333,551.0,0.0
3.83333,555.0,0.0
3.83333,564.0,0.0
3.83333,573.0,0.0
3.83333,574.0,0.0
3.83333,576.0,0.0
3.83333,582.0,0.0
3.83333,579.0,0.0
3.83333,575.0,0.0
3.83333,579.0,0.0
3.83333,582.0,0.0
3.83333,570.0,0.0
3.91667,564.0,0.0
3.91667,562.0,0.0
3.91667,561.0,0.0
3.91667,547.0,0.0
3.91667,539.0,0.0
3.91667,533.0,0.0
3.91667,524.0,0.0
3.91667,519.0,0.0
3.91667,520.0,0.0
3.91667,515.0,0.0
3.91667,509.0,0.0
3.91667,507.0,0.0
3.91667,500.0,0.0
3.91667,493.0,0.0
3.91667,493.0,0.0
3.91667,494.0,0.0
3.91667,492.0,0.0
3.91667,484.0,0.0
3.91667,486.0,0.0
3.91667,483.0,0.0
3.91667,477.0,0.0
3.91667,478.0,0.0
3.91667,479.0,0.0
3.91667,473.0,0.0
3.91667,471.0,0.0
3.91667,475.0,0.0
3.91667,476.0,0.0
3.91667,476.0,0.0
3.91667,472.0,0.0
3.91667,476.0,0.0
3.91667,481.0,0.0
3.91667,483.0,0.0
3.91667,490.0,0.0
3.91667,499.0,0.0
3.91667,506.0,0.0
3.91667,508.0,0.0
3.91667,518.0,0.0
3.91667,523.0,0.0
3.91667,524.0,0.0
4.0,526.0,0.0568182
4.0,535.0,0.0568182
4.0,537.0,0.0568182
4.0,533.0,0.0568182
4.0,537.0,0.0568182
4.0,538.0,0.0568182
4.0,532.0,0.0568182
4.0,531.0,0.0568182
4.0,534.0,0.0568182
4.0,532.0,0.0568182
4.0,527.0,0.0568182
4.0,531.0,0.0568182
4.0,531.0,0.0568182
4.0,526.0,0.0568182
4.0,525.0,0.0568182
4.0,524.0,0.0568182
4.0,523.0,0.0568182
4.0,516.0,0.0568182
4.0,519.0,0.0568182
4.0,519.0,0.0568182
4.0,514.0,0.0568182
4.0,513.0,0.0568182
4.0,516.0,0.0568182
4.0,514.0,0.0568182
4.0,513.0,0.0568182
4.0,519.0,0.0568182
4.0,520.0,0.0568182
4.0,517.0,0.0568182
4.0,522.0,0.0568182
4.0,525.0,0.0568182
4.0,522.0,0.0568182
4.0,522.0,0.0568182
4.0,516.0,0.0568182
4.0,521.0,0.0568182
4.0,522.0,0.0568182
4.0,517.0,0.0568182
4.0,520.0,0.0568182
4.0,524.0,0.0568182
4.0,519.0,0.0568182
4.08333,523.0,0.0568182
4.08333,530.0,0.0568182
4.08333,532.0,0.0568182
4.08333,533.0,0.0568182
4.08333,541.0,0.0568182
4.08333,546.0,0.0568182
4.08333,547.0,0.0568182
4.08333,559.0,0.0568182
4.08333,565.0,0.0568182
4.08333,564.0,0.0568182
4.08333,562.0,0.0568182
4.08333,565.0,0.0568182
4.08333,561.0,0.0568182
4.08333,559.0,0.0568182
4.08333,562.0,0.0568182
4.08333,559.0,0.0568182
4.08333,555.0,0.0568182
4.08333,559.0,0.0568182
4.08333,562.0,0.0568182
4.08333,560.0,0.0568182
4.08333,563.0,0.0568182
4.08333,565.0,0.0568182
4.08333,562.0,0.0568182
4.08333,562.0,0.0568182
4.08333,563.0,0.0568182
4.08333,558.0,0.0568182
4.08333,559.0,0.0568182
4.08333,556.0,0.0568182
4.08333,553.0,0.0568182
4.08333,551.0,0.0568182
4.08333,549.0,0.0568182
4.08333,551.0,0.0568182
4.08333,553.0,0.0568182
4.16667,554.0,0.0568182
4.16667,554.0,0.0568182
4.16667,562.0,0.0568182
4.16667,562.0,0.0568182
4.16667,563.0,0.0568182
4.16667,564.0,0.0568182
4.16667,562.0,0.0568182
4.16667,563.0,0.0568182
4.16667,561.0,0.0568182
4.16667,556.0,0.0568182
4.16667,555.0,0.0568182
4.16667,548.0,0.0568182
4.16667,548.0,0.0568182
4.16667,552.0,0.0568182
4.16667,551.0,0.0568182
4.16667,558.0,0.0568182
4.16667,554.0,0.0568182
4.16667,550.0,0.0568182
4.16667,554.0,0.0568182
4.16667,546.0,0.0568182
4.16667,547.0,0.0568182
4.16667,540.0,0.0568182
4.16667,534.0,0.0568182
4.16667,526.0,0.0568182
4.16667,518.0,0.0568182
4.16667,521.0,0.0568182
4.16667,521.0,0.0568182
4.25,521.0,0.113636
4.25,527.0,0.113636
4.25,524.0,0.113636
4.25,530.0,0.113636
4.25,532.0,0.113636
4.25,530.0,0.113636
4.25,532.0,0.113636
4.25,528.0,0.113636
4.25,532.0,0.113636
4.25,532.0,0.113636
4.25,530.0,0.113636
4.25,533.0,0.113636
4.25,527.0,0.113636
4.25,531.0,0.113636
4.25,531.0,0.113636
4.25,533.0,0.113636
4.25,537.0,0.113636
4.25,537.0,0.113636
4.25,530.0,0.113636
4.25,535.0,0.113636
4.25,536.0,0.113636
4.25,537.0,0.113636
4.25,543.0,0.113636
4.25,537.0,0.113636
4.25,544.0,0.113636
4.25,541.0,0.113636
4.25,545.0,0.113636
4.33333,554.0,0.113636
4.33333,556.0,0.113636
4.33333,560.0,0.113636
4.33333,552.0,0.113636
4.33333,555.0,0.113636
4.33333,553.0,0.113636
4.33333,559.0,0.113636
4.33333,559.0,0.113636
4.33333,556.0,0.113636
4.33333,555.0,0.113636
4.33333,558.0,0.113636
4.33333,559.0,0.113636
4.33333,557.0,0.113636
4.33333,551.0,0.113636
4.33333,545.0,0.113636
4.33333,538.0,0.113636
4.33333,544.0,0.113636
4.33333,535.0,0.113636
4.33333,534.0,0.113636
4.33333,522.0,0.113636
4.33333,523.0,0.113636
4.33333,523.0,0.113636
4.41667,518.0,0.113636
4.41667,506.0,0.113636
4.41667,503.0,0.113636
4.41667,494.0,0.113636
4.41667,495.0,0.113636
4.41667,490.0,0.113636
4.41667,485.0,0.113636
4.41667,485.0,0.113636
4.41667,478.0,0.113636
4.41667,472.0,0.113636
4.41667,466.0,0.113636
4.41667,466.0,0.113636
4.41667,473.0,0.113636
4.41667,467.0,0.113636
4.41667,467.0,0.113636
4.41667,465.0,0.113636
4.41667,473.0,0.113636
4.41667,463.0,0.113636
4.41667,469.0,0.113636
4.41667,463.0,0.113636
4.5,465.0,0.113636
4.5,458.0,0.113636
4.5,466.0,0.113636
4.5,464.0,0.113636
4.5,465.0,0.113636
4.5,467.0,0.113636
4.5,468.0,0.113636
4.5,464.0,0.113636
4.5,456.0,0.113636
4.5,458.0,0.113636
4.5,450.0,0.113636
4.5,455.0,0.113636
4.5,452.0,0.113636
4.5,457.0,0.113636
4.5,453.0,0.113636
4.5,470.0,0.113636
4.5,488.0,0.113636
4.5,613.0,0.113636
4.58333,708.0,0.113636
4.58333,786.0,0.170455
4.58333,855.0,0.170455
4.58333,912.0,0.170455
4.58333,990.0,0.170455
4.58333,1040.0,0.170455
4.58333,1079.0,0.170455
4.58333,1144.0,0.170455
4.58333,1217.0,0.170455
4.58333,1259.0,0.170455
4.58333,1286.0,0.170455
4.58333,1300.0,0.170455
4.58333,1331.0,0.170455
4.58333,1355.0,0.170455
4.58333,1376.0,0.170455
4.58333,1376.0,0.170455
4.58333,1421.0,0.170455
4.58333,1462.0,0.170455
4.58333,1478.0,0.170455
4.58333,1513.0,0.170455
4.58333,1571.0,0.170455
4.58333,1622.0,0.170455
4.58333,1670.0,0.170455
4.66667,1662.0,0.113636
4.66667,1630.0,0.113636
4.66667,1569.0,0.113636
4.75,1471.0,0.113636
4.75,1431.0,0.795454
4.75,1408.0,0.795454
4.75,1413.0,0.795454
4.83333,1418.0,0.909091
4.83333,1408.0,0.909091
4.83333,1407.0,0.909091
4.91667,1390.0,0.965909
4.91667,1381.0,0.965909
5.0,1397.0,0.965909
5.0,1362.0,1.07955
5.0,1313.0,1.07955
5.08333,1261.0,1.07955
5.08333,1251.0,1.07955
5.16667,1243.0,1.07955
5.16667,1197.0,1.07955
5.16667,1152.0,1.07955
5.25,1107.0,1.13636
5.25,1074.0,1.13636
5.33333,1060.0,1.13636
5.33333,1059.0,1.19318
5.33333,1039.0,1.19318
5.41667,1026.0,1.25
5.41667,1021.0,1.25
5.5,1006.0,1.25
5.5,963.0,1.25
5.58333,913.0,1.25
5.58333,892.0,1.13636
5.58333,879.0,1.13636
5.58333,866.0,1.13636
5.66667,846.0,1.13636
5.66667,851.0,0.681818
5.66667,851.0,0.681818
5.75,893.0,1.36364
5.75,937.0,1.36364
5.83333,938.0,1.36364
5.91667,1051.0,1.36364
5.91667,1110.0,1.53409
6.0,1143.0,1.53409
6.0,1163.0,1.42045
6.0,1194.0,1.42045
6.08333,1253.0,1.30682
6.08333,1279.0,1.30682
6.08333,1285.0,1.30682
6.16667,1271.0,1.30682
6.16667,1286.0,0.852273
6.25,1316.0,1.81818
6.33333,1335.0,1.81818
6.33333,1350.0,1.81818
6.41667,1357.0,2.04545
6.41667,1363.0,2.04545
6.41667,1352.0,2.04545
6.5,1337.0,0.909091
6.58333,1320.0,0.909091
6.58333,1289.0,1.81818
6.66667,1244.0,2.38636
6.75,1227.0,2.38636
6.83333,1221.0,1.93182
6.83333,1243.0,2.04545
6.91667,1231.0,2.04545
7.0,1198.0,2.04545
7.0,1192.0,1.93182
7.08333,1223.0,2.21591
7.16667,1272.0,2.10227
7.25,1289.0,2.10227
7.33333,1260.0,2.21591
7.33333,1214.0,2.27273
7.41667,1106.0,2.27273
7.5,1051.0,1.64773
7.5,1031.0,2.32954
7.58333,1013.0,2.38636
7.66667,978.0,2.21591
7.75,922.0,2.21591
7.83333,900.0,2.21591
7.83333,915.0,2.21591
7.91667,915.0,2.32954
8.0,926.0,2.32954
8.08333,931.0,2.32954
8.16667,926.0,2.32954
8.16667,928.0,2.38636
8.16667,930.0,2.38636
8.25,933.0,1.13636
8.33333,945.0,2.38636
8.41667,947.0,2.38636
8.5,940.0,2.32954
8.5,910.0,2.38636
8.58333,829.0,2.38636
8.66667,827.0,2.32954
8.75,823.0,2.32954
8.83333,796.0,2.32954
8.91667,741.0,2.38636
9.0,739.0,2.44318
9.0,701.0,2.44318
9.08333,649.0,2.38636
9.16667,655.0,2.21591
9.25,657.0,2.78409
9.33333,626.0,2.78409
9.41667,594.0,2.44318
9.5,591.0,2.32954
9.5,628.0,2.67045
9.5,651.0,2.67045
9.5,683.0,2.67045
9.58333,721.0,0.795454
9.66667,769.0,0.795454
9.75,790.0,2.72727
9.75,790.0,2.61364
9.83333,822.0,2.61364
9.83333,925.0,1.19318
9.91667,986.0,2.27273
10.0,1015.0,2.38636
10.0833,1045.0,2.72727
10.1667,1070.0,2.72727
10.25,1105.0,2.5
10.3333,1098.0,2.5
10.4167,1095.0,2.55682
10.4167,1107.0,2.55682
10.5,1120.0,2.67045
10.5833,1120.0,2.61364
10.6667,1130.0,2.67045
10.6667,1143.0,2.67045
10.75,1143.0,2.67045
10.8333,1211.0,1.19318
10.9167,1319.0,2.72727
11.0,1397.0,2.55682
11.0,1451.0,2.89773
11.0,1515.0,2.89773
11.0833,1564.0,2.89773
11.1667,1536.0,0.909091
11.25,1506.0,2.78409
11.3333,1450.0,2.67045
11.3333,1424.0,2.78409
11.5,1459.0,2.78409
11.5,1457.0,3.52273
11.5833,1447.0,2.72727
11.6667,1442.0,2.78409
11.8333,1297.0,2.89773
11.8333,1226.0,2.95454
11.8333,1231.0,2.95454
12.0,1285.0,2.95454
12.0833,1343.0,3.75
12.1667,1366.0,2.84091
12.1667,1350.0,2.95454
12.3333,1325.0,2.95454
12.4167,1322.0,3.06818
12.5,1281.0,2.84091
12.5833,1243.0,2.89773
12.6667,1229.0,3.125
12.75,1224.0,2.89773
12.8333,1209.0,3.01136
12.9167,1173.0,3.06818
13.0,1122.0,2.61364
13.0,1061.0,3.35227
13.0833,1044.0,3.35227
13.1667,1015.0,3.18182
13.25,969.0,3.18182
13.3333,955.0,3.06818
13.4167,921.0,2.95454
13.5,889.0,3.01136
13.5833,881.0,2.89773
13.75,837.0,3.01136
13.8333,837.0,3.18182
13.9167,810.0,3.01136
14.0,782.0,2.84091
14.0833,652.0,2.95454
14.1667,509.0,2.89773
14.25,386.0,2.72727
14.25,308.0,2.67045
14.25,256.0,2.67045
14.25,216.0,2.67045
14.3333,165.0,0.852273
14.4167,122.0,2.61364
14.5,102.0,2.67045
14.5,73.0,2.67045
14.5833,42.0,2.67045
14.6667,15.0,1.13636
14.75,0.0,2.89773
14.75,0.0,2.72727
14.8333,0.0,2.5
14.9167,0.0,2.04545
15.0,15.0,2.72727
15.0833,198.0,2.72727
15.1667,358.0,2.32954
15.1667,509.0,2.38636
15.25,654.0,2.38636
15.3333,813.0,2.38636
15.3333,880.0,2.38636
15.4167,941.0,2.38636
15.5,1022.0,1.02273
15.5833,1116.0,2.72727
15.6667,1147.0,2.95454
15.6667,1145.0,2.84091
15.75,1184.0,2.55682
15.75,1302.0,2.55682
15.75,1358.0,2.55682
15.75,1319.0,2.55682
15.75,1309.0,2.55682
15.8333,1291.0,0.568182
15.9167,1283.0,2.55682
15.9167,1311.0,2.55682
16.0,1276.0,2.55682
16.0833,1239.0,1.19318
16.1667,1231.0,2.78409
16.25,1236.0,2.84091
16.3333,1236.0,2.95454
16.4167,1267.0,2.55682
16.5,1266.0,2.84091
16.5,1321.0,2.55682
16.5833,1277.0,2.21591
16.6667,1265.0,2.67045
16.75,1281.0,2.72727
16.8333,1307.0,2.72727
16.9167,1367.0,3.06818
17.0,1349.0,3.01136
17.0833,1320.0,3.06818
17.0833,1323.0,3.06818
17.0833,1327.0,3.06818
17.1667,1364.0,0.909091
17.25,1368.0,2.89773
17.3333,1347.0,2.84091
17.4167,1346.0,2.84091
17.5,1320.0,2.89773
17.5833,1319.0,2.84091
17.75,1318.0,2.84091
17.75,1325.0,2.95454
17.8333,1321.0,2.67045
18.0,1326.0,2.72727
18.0833,1332.0,3.18182
18.1667,1335.0,3.125
18.25,1365.0,3.125
18.3333,1369.0,3.125
18.4167,1350.0,3.23864
18.5,1356.0,2.44318
18.5,1338.0,2.84091
18.5833,1339.0,1.70455
18.5833,1322.0,1.70455
18.6667,1319.0,1.64773
18.75,1342.0,3.125
18.75,1354.0,3.125
18.75,1454.0,3.125
18.8333,1454.0,3.125
18.9167,1441.0,3.23864
19.0,1457.0,3.63636
19.0833,1479.0,3.23864
19.25,1496.0,3.23864
19.3333,1487.0,3.57954
19.4167,1487.0,3.75
19.5,1483.0,3.52273
19.6667,1453.0,3.40909
19.75,1322.0,3.40909
19.75,1253.0,3.35227
19.8333,1197.0,3.35227
19.9167,1154.0,4.14773
20.0,1044.0,3.23864
20.0833,1000.0,3.125
20.1667,1017.0,3.125
20.25,1043.0,3.86364
20.3333,1090.0,3.01136
20.4167,1115.0,3.86364
20.4167,1076.0,3.86364
20.5,1064.0,1.13636
20.5833,1033.0,3.40909
20.75,951.0,3.40909
20.8333,895.0,3.35227
20.9167,849.0,3.06818
21.0,829.0,3.63636
21.0833,854.0,3.46591
21.25,854.0,3.40909
21.3333,839.0,3.18182
21.4167,825.0,3.80682
21.5,787.0,3.06818
21.5833,746.0,3.06818
21.5833,735.0,1.875
21.6667,718.0,1.81818
21.6667,687.0,1.81818
21.6667,640.0,1.81818
21.75,632.0,1.81818
21.75,634.0,0.852273
21.8333,669.0,1.76136
22.0,755.0,3.40909
22.0833,874.0,3.86364
22.1667,899.0,3.06818
22.25,881.0,3.63636
22.4167,864.0,3.69318
22.4167,848.0,4.09091
22.5,824.0,4.09091
22.5833,810.0,3.46591
22.6667,839.0,3.63636
22.8333,949.0,3.69318
22.9167,949.0,3.75
23.0,1002.0,4.20454
23.0,1004.0,4.20454
23.0,1030.0,4.20454
23.0,1017.0,4.20454
23.0,964.0,4.20454
23.0833,942.0,4.20454
23.1667,942.0,3.69318
23.25,934.0,3.52273
23.4167,915.0,3.52273
23.5,902.0,3.63636
23.5833,889.0,3.40909
23.6667,886.0,3.40909
23.75,890.0,1.81818
23.8333,909.0,3.92045
23.9167,913.0,3.46591
24.0,916.0,3.46591
24.0833,917.0,3.46591
24.0833,889.0,3.46591
24.0833,853.0,3.46591
24.0833,837.0,3.46591
24.0833,814.0,3.46591
24.1667,828.0,3.46591
24.1667,859.0,0.511364
24.1667,881.0,0.511364
24.25,925.0,0.511364
24.3333,951.0,0.909091
24.4167,995.0,3.57954
24.5,1045.0,4.26136
24.5833,1066.0,4.26136
24.5833,1069.0,1.76136
24.75,1097.0,1.875
24.8333,1081.0,3.86364
24.9167,1059.0,3.52273
25.0833,1046.0,4.03409
25.0833,1106.0,4.20454
25.0833,1167.0,4.20454
25.25,1193.0,4.20454
25.25,1194.0,4.43182
25.3333,1168.0,4.43182
25.4167,1198.0,1.30682
25.5,1222.0,3.52273
25.6667,1218.0,3.52273
25.75,1218.0,4.31818
25.9167,1210.0,4.31818
26.0,1192.0,4.14773
26.0833,1178.0,4.94318
26.1667,1187.0,4.94318
26.3333,1203.0,4.43182
26.4167,1235.0,4.31818
26.5,1268.0,4.03409
26.5,1325.0,4.03409
26.5,1350.0,4.03409
26.5,1373.0,4.03409
26.5833,1403.0,4.03409
26.5833,1390.0,0.625
26.75,1363.0,2.21591
26.8333,1301.0,3.86364
27.0,1274.0,4.77273
27.0833,1258.0,4.77273
27.1667,1248.0,3.46591
27.25,1217.0,3.46591
27.4167,1168.0,3.92045
27.4167,1169.0,5.0
27.5,1203.0,5.0
27.5833,1238.0,1.36364
27.5833,1265.0,4.65909
27.5833,1203.0,4.65909
27.5833,1170.0,4.65909
27.5833,1171.0,4.65909
27.75,1151.0,4.65909
27.8333,1138.0,4.14773
28.0,1137.0,4.20454
28.0833,1115.0,4.94318
28.1667,1111.0,4.94318
28.3333,1111.0,4.94318
28.4167,1099.0,4.48864
28.5,1075.0,3.57954
28.5833,1000.0,2.38636
28.6667,955.0,4.65909
28.6667,981.0,4.65909
28.75,995.0,4.65909
28.75,990.0,1.13636
28.9167,996.0,2.04545
29.0,992.0,4.77273
29.0833,992.0,2.38636
29.25,993.0,3.69318
29.3333,994.0,4.88636
29.4167,984.0,4.03409
29.5833,1003.0,4.03409
29.6667,1024.0,5.11364
29.8333,1021.0,4.375
29.8333,998.0,4.31818
29.9167,965.0,2.27273
29.9167,961.0,2.27273
29.9167,943.0,2.27273
30.0,941.0,2.27273
30.0,934.0,0.738636
30.0833,901.0,2.10227
30.1667,933.0,2.10227
30.3333,966.0,4.54545
30.5,964.0,4.71591
30.5833,996.0,4.48864
30.5833,1052.0,3.92045
30.75,1084.0,3.92045
30.9167,1101.0,3.92045
31.0,1110.0,4.65909
31.1667,1098.0,4.65909
31.25,1113.0,4.26136
31.3333,1124.0,4.71591
31.5,1139.0,4.71591
31.5833,1166.0,4.71591
31.75,1181.0,4.71591
31.8333,1168.0,4.77273
32.0,1128.0,4.77273
32.1667,1129.0,4.54545
32.25,1070.0,4.71591
32.4167,1059.0,4.82954
32.5,1076.0,4.60227
32.5833,1092.0,4.31818
32.75,1087.0,4.31818
32.8333,1085.0,4.71591
33.0,1084.0,4.43182
33.0833,1114.0,4.375
33.1667,1173.0,4.60227
33.3333,1236.0,4.60227
33.4167,1230.0,4.77273
33.5833,1208.0,4.65909
33.6667,1208.0,5.22727
33.8333,1180.0,5.22727
33.9167,1176.0,4.77273
34.0,1170.0,4.77273
34.1667,1174.0,5.11364
34.25,1161.0,4.54545
34.25,1131.0,4.54545
34.3333,1056.0,4.54545
34.4167,1048.0,1.13636
34.4167,1091.0,4.48864
34.5833,1135.0,4.48864
34.6667,1144.0,5.73864
34.8333,1119.0,4.65909
35.0,1103.0,4.65909
35.0833,1115.0,5.0
35.25,1139.0,4.88636
35.3333,1167.0,4.14773
35.4167,1142.0,4.14773
35.5833,1072.0,4.77273
35.6667,1016.0,4.48864
35.75,1000.0,4.48864
35.8333,1049.0,4.65909
35.8333,1091.0,4.65909
35.8333,1108.0,4.65909
36.0,1121.0,4.65909
36.0833,1167.0,5.0
36.25,1188.0,4.54545
36.4167,1201.0,4.54545
36.5,1192.0,4.77273
36.5833,1160.0,4.48864
36.75,1123.0,4.48864
36.8333,1057.0,4.94318
37.0,1093.0,4.94318
37.1667,1240.0,4.94318
37.25,1164.0,4.94318
37.3333,1056.0,4.94318
37.3333,1010.0,4.94318
37.5,1087.0,4.94318
37.5833,1333.0,5.11364
37.75,1315.0,5.0
37.9167,1207.0,4.88636
38.0,1044.0,5.28409
38.1667,871.0,4.88636
38.3333,871.0,4.82954
38.3333,861.0,4.65909
38.5,1039.0,4.65909
38.6667,1090.0,4.65909
38.6667,994.0,4.65909
38.6667,798.0,4.65909
38.6667,770.0,4.65909
38.8333,850.0,4.65909
38.9167,962.0,5.17045
39.0833,1056.0,4.60227
39.25,977.0,4.60227
39.3333,873.0,5.73864
39.5,813.0,5.73864
39.6667,827.0,5.73864
39.8333,857.0,5.0
39.9167,857.0,4.77273
40.0,833.0,4.94318
40.1667,789.0,4.94318
40.25,757.0,5.17045
40.4167,775.0,5.17045
40.5,796.0,4.65909
40.5833,787.0,5.17045
40.75,732.0,5.17045
40.9167,731.0,5.0
41.0833,751.0,4.88636
41.0833,766.0,4.43182
41.25,763.0,4.43182
41.4167,717.0,5.34091
41.5,719.0,5.39773
41.5,721.0,4.60227
41.5,796.0,4.60227
41.5,840.0,4.60227
41.5,811.0,4.60227
41.5833,781.0,0.568182
41.75,753.0,4.54545
41.9167,751.0,4.54545
42.0,738.0,4.94318
42.0833,725.0,4.65909
42.1667,707.0,4.65909
42.3333,725.0,4.65909
42.3333,751.0,4.77273
42.5,762.0,4.77273
42.5833,762.0,4.54545
42.6667,769.0,4.375
42.6667,770.0,4.375
42.6667,757.0,4.375
42.8333,762.0,4.375
43.0,785.0,4.375
43.0833,791.0,3.92045
43.25,784.0,4.43182
43.4167,780.0,4.82954
43.5,797.0,4.54545
43.6667,815.0,4.20454
43.75,814.0,3.97727
43.9167,799.0,3.97727
44.0,779.0,5.0
44.1667,765.0,5.0
44.3333,765.0,4.88636
44.4167,771.0,5.11364
44.5,784.0,4.94318
44.5833,796.0,4.94318
44.6667,801.0,1.53409
44.8333,796.0,4.31818
45.0,765.0,4.82954
45.0833,738.0,4.82954
45.25,728.0,4.77273
45.3333,734.0,4.48864
45.5,788.0,4.31818
45.5833,808.0,4.82954
45.5833,837.0,4.82954
45.6667,845.0,1.47727
45.6667,842.0,1.47727
45.6667,821.0,1.47727
45.6667,792.0,1.47727
45.8333,772.0,1.47727
46.0,756.0,4.375
46.0833,774.0,4.03409
46.25,793.0,4.48864
46.3333,796.0,4.43182
46.5,791.0,4.43182
46.6667,808.0,4.43182
46.75,820.0,4.94318
46.9167,807.0,4.26136
46.9167,785.0,4.82954
46.9167,771.0,4.82954
47.0,771.0,4.82954
47.1667,781.0,4.82954
47.3333,775.0,4.82954
47.4167,791.0,4.71591
47.5833,800.0,4.71591
47.6667,808.0,3.69318
47.8333,798.0,4.77273
47.9167,803.0,4.43182
48.0833,817.0,4.43182
48.1667,825.0,4.48864
48.3333,844.0,4.48864
48.4167,846.0,3.97727
48.5,845.0,4.43182
48.5833,835.0,2.21591
48.5833,828.0,2.21591
48.5833,828.0,2.21591
48.6667,818.0,2.21591
48.75,831.0,4.43182
48.9167,862.0,4.43182
49.0,883.0,3.57954
49.1667,866.0,4.09091
49.25,838.0,3.97727
49.4167,740.0,3.97727
49.5,745.0,5.17045
49.6667,793.0,4.54545
49.8333,827.0,4.48864
49.8333,814.0,4.82954
49.9167,822.0,2.10227
49.9167,855.0,2.10227
50.0,857.0,1.36364
50.0833,882.0,3.75
50.0833,848.0,3.75
50.25,846.0,3.75
50.3333,829.0,5.0
50.5,827.0,4.71591
50.5833,815.0,5.05682
50.75,811.0,5.05682
50.8333,778.0,4.54545
50.8333,743.0,3.97727
50.9167,750.0,3.97727
51.0,826.0,3.97727
51.1667,827.0,3.97727
51.25,819.0,3.92045
51.3333,819.0,3.92045
51.4167,819.0,5.05682
51.5,787.0,5.05682
51.5833,761.0,1.93182
51.75,756.0,1.93182
51.75,759.0,3.63636
51.9167,749.0,3.63636
52.0,763.0,4.26136
52.0833,789.0,4.14773
52.1667,806.0,4.14773
52.25,804.0,4.03409
52.4167,812.0,4.03409
52.5,830.0,3.97727
52.5833,866.0,5.0
52.6667,882.0,3.52273
52.6667,888.0,3.52273
52.8333,957.0,3.52273
52.9167,980.0,4.03409
53.0833,967.0,4.03409
53.1667,908.0,4.09091
53.25,871.0,4.14773
53.4167,896.0,3.86364
53.5,900.0,3.75
53.6667,881.0,3.92045
53.75,839.0,4.09091
53.8333,828.0,4.14773
54.0,831.0,4.14773
54.0833,833.0,3.63636
54.25,828.0,3.63636
54.3333,826.0,4.03409
54.3333,811.0,3.52273
54.3333,810.0,3.52273
54.3333,820.0,3.52273
54.3333,850.0,3.52273
54.4167,870.0,3.52273
54.5,890.0,4.43182
54.6667,924.0,4.03409
54.75,965.0,3.80682
54.8333,1036.0,4.26136
55.0,1035.0,4.26136
55.0833,1033.0,4.48864
55.1667,1040.0,4.375
55.1667,1040.0,4.375
55.25,1038.0,1.25
55.4167,1024.0,1.25
55.5,1006.0,3.80682
55.5833,980.0,3.52273
55.6667,948.0,3.97727
55.6667,979.0,3.97727
55.6667,992.0,3.97727
55.75,1012.0,0.965909
55.8333,1003.0,2.15909
55.9167,894.0,3.92045
56.0,887.0,3.92045
56.0833,922.0,4.20454
56.25,965.0,4.20454
56.3333,985.0,3.86364
56.4167,991.0,3.97727
56.5833,986.0,3.52273
56.6667,975.0,3.35227
56.8333,950.0,3.35227
56.9167,898.0,3.80682
57.0,854.0,4.71591
57.1667,813.0,4.71591
57.1667,796.0,4.20454
57.1667,760.0,4.20454
57.25,743.0,1.19318
57.3333,747.0,1.19318
57.4167,756.0,3.35227
57.5833,796.0,3.80682
57.6667,791.0,3.80682
57.75,792.0,3.92045
57.9167,748.0,3.92045
57.9167,703.0,3.52273
57.9167,598.0,3.52273
58.0,535.0,1.13636
58.1667,523.0,3.97727
58.25,532.0,3.97727
58.25,580.0,3.75
58.3333,610.0,1.81818
58.5,655.0,3.29545
58.5,713.0,3.92045
58.5833,835.0,1.70455
58.75,976.0,3.69318
58.75,1017.0,3.86364
58.8333,1017.0,3.86364
58.9167,1016.0,3.92045
59.0833,1143.0,3.92045
59.1667,1222.0,4.03409
59.25,1217.0,3.57954
59.4167,1229.0,3.57954
59.5,1221.0,4.60227
59.5833,1264.0,3.57954
59.6667,1312.0,4.03409
59.75,1330.0,3.23864
59.8333,1335.0,3.23864
59.8333,1334.0,1.76136
59.8333,1378.0,1.76136
59.9167,1418.0,1.76136
60.0,1487.0,0.965909
60.1667,1489.0,3.69318
60.25,1488.0,3.97727
60.25,1411.0,3.52273
60.4167,1359.0,3.52273
60.5,1338.0,4.26136
60.5833,1366.0,3.52273
60.75,1425.0,3.52273
60.8333,1433.0,4.60227
60.9167,1420.0,3.40909
61.0833,1404.0,3.52273
61.0833,1402.0,3.69318
61.1667,1373.0,1.875
61.1667,1349.0,1.875
61.1667,1309.0,1.875
61.25,1283.0,0.965909
61.25,1268.0,0.965909
61.3333,1265.0,0.965909
61.4167,1263.0,1.19318
61.5,1223.0,3.80682
61.6667,1092.0,3.80682
61.75,1070.0,3.86364
61.8333,1051.0,3.75
62.0,1015.0,3.86364
62.0833,928.0,4.03409
62.0833,842.0,3.75
62.25,795.0,3.75
62.3333,744.0,3.75
62.4167,680.0,3.18182
62.5,680.0,3.92045
62.5833,647.0,4.03409
62.5833,621.0,4.03409
62.6667,636.0,4.03409
62.6667,668.0,1.13636
62.6667,638.0,1.13636
62.8333,601.0,1.13636
62.9167,539.0,3.46591
63.0,463.0,3.06818
63.0,400.0,3.29545
63.1667,384.0,3.29545
63.25,349.0,4.20454
63.3333,283.0,3.18182
63.4167,247.0,3.35227
63.5,192.0,3.23864
63.5,128.0,3.23864
63.5833,89.0,1.42045
63.75,68.0,1.42045
63.8333,59.0,3.40909
63.8333,80.0,3.35227
63.9167,111.0,3.35227
64.0,136.0,1.59091
64.0833,191.0,2.95454
64.1667,301.0,3.29545
64.1667,367.0,3.29545
64.1667,442.0,3.29545
64.25,515.0,1.02273
64.3333,595.0,2.38636
64.4167,596.0,3.01136
64.5,624.0,3.40909
64.6667,676.0,3.40909
64.6667,752.0,3.63636
64.75,797.0,3.63636
64.75,840.0,1.47727
64.75,864.0,1.47727
64.8333,886.0,1.47727
64.9167,901.0,0.965909
65.0,901.0,3.29545
65.0833,892.0,2.44318
65.1667,906.0,3.92045
65.25,993.0,2.78409
65.3333,1000.0,3.29545
65.4167,1000.0,3.01136
65.4167,1001.0,3.01136
65.4167,993.0,3.01136
65.5,991.0,0.909091
65.5833,987.0,3.35227
65.5833,991.0,3.35227
65.6667,1001.0,1.36364
65.75,996.0,2.78409
65.8333,956.0,3.63636
65.9167,945.0,2.5
66.0,960.0,3.06818
66.0833,993.0,3.01136
66.1667,1067.0,3.29545
66.1667,1193.0,3.29545
66.25,1270.0,1.30682
66.25,1269.0,1.30682
66.3333,1361.0,1.30682
66.4167,1404.0,1.07955
66.5,1431.0,2.78409
66.5,1447.0,3.29545
66.5,1467.0,3.29545
66.5,1491.0,3.29545
66.5833,1471.0,3.29545
66.6667,1440.0,0.681818
66.75,1402.0,3.18182
66.8333,1428.0,2.95454
66.9167,1435.0,3.40909
67.0,1427.0,3.18182
67.0833,1416.0,2.84091
67.1667,1415.0,2.84091
67.3333,1417.0,3.23864
67.4167,1433.0,3.40909
67.5,1453.0,3.63636
67.5833,1479.0,3.06818
67.6667,1541.0,3.18182
67.6667,1561.0,2.89773
67.75,1562.0,1.47727
67.8333,1584.0,3.86364
68.0,1644.0,3.86364
68.0833,1580.0,3.57954
68.0833,1546.0,3.06818
68.0833,1530.0,3.06818
68.0833,1479.0,3.06818
68.0833,1479.0,3.06818
68.0833,1455.0,3.06818
68.25,1412.0,3.06818
68.3333,1378.0,3.92045
68.4167,1387.0,3.125
68.4167,1451.0,3.125
68.5,1478.0,3.125
68.5833,1511.0,4.03409
68.6667,1545.0,3.01136
68.8333,1522.0,3.52273
68.9167,1358.0,3.57954
69.0,1262.0,3.06818
69.0,1220.0,3.57954
69.0833,1217.0,1.53409
69.25,1218.0,1.53409
69.3333,1216.0,3.69318
69.4167,1217.0,2.72727
69.5,1224.0,3.63636
69.5,1217.0,3.52273
69.5,1212.0,3.52273
69.5,1213.0,3.52273
69.5833,1196.0,3.52273
69.6667,1160.0,0.681818
69.75,972.0,3.01136
69.75,964.0,3.06818
69.8333,1029.0,1.76136
70.0,1071.0,3.18182
70.0833,1057.0,3.86364
70.1667,1041.0,3.40909
70.25,979.0,3.29545
70.3333,973.0,3.18182
70.3333,964.0,3.18182
70.5,950.0,3.18182
70.5833,887.0,3.35227
70.6667,831.0,3.35227
70.75,813.0,3.40909
70.8333,865.0,3.35227
70.9167,925.0,2.78409
71.0,948.0,3.63636
71.0833,945.0,3.63636
71.1667,921.0,1.64773
71.1667,891.0,3.29545
71.25,892.0,1.64773
71.3333,892.0,2.89773
71.4167,869.0,3.35227
71.5833,864.0,3.35227
71.6667,856.0,3.69318
71.6667,848.0,3.06818
71.6667,796.0,3.06818
71.75,731.0,3.06818
71.8333,682.0,4.26136
71.9167,666.0,3.06818
72.0833,637.0,3.06818
72.1667,577.0,3.29545
72.1667,523.0,3.01136
72.1667,422.0,3.01136
72.25,371.0,3.01136
72.25,372.0,1.02273
72.25,309.0,1.02273
72.25,175.0,1.02273
72.3333,125.0,1.02273
72.4167,76.0,0.738636
72.4167,46.0,2.61364
72.5,21.0,2.61364
72.5833,6.0,1.53409
72.6667,0.0,2.5
72.75,0.0,2.84091
72.8333,0.0,3.06818
72.8333,0.0,2.44318
72.9167,0.0,2.38636
72.9167,1.0,2.38636
73.0,0.0,1.36364
73.0,0.0,1.36364
73.0,0.0,1.36364
73.0833,0.0,1.36364
73.1667,0.0,0.852273
73.1667,0.0,2.21591
73.25,0.0,1.93182
73.25,0.0,1.93182
73.3333,0.0,1.93182
73.3333,0.0,1.13636
73.3333,0.0,1.13636
73.3333,0.0,1.13636
73.3333,0.0,1.13636
73.3333,0.0,1.13636
73.4167,0.0,0.511364
73.4167,0.0,0.511364
73.4167,0.0,0.511364
73.4167,0.0,0.511364
73.5,0.0,0.511364
73.5,0.0,0.625
73.5833,0.0,1.59091
73.5833,0.0,1.59091
73.6667,0.0,1.59091
73.75,0.0,1.59091
73.75,0.0,1.98864
73.8333,0.0,1.98864
73.8333,0.0,1.42045
73.9167,0.0,1.64773
73.9167,0.0,1.64773
74.0,0.0,1.64773
74.0,0.0,1.19318
74.0,0.0,1.19318
74.0,0.0,1.19318
74.0833,0.0,1.19318
74.0833,0.0,0.681818
74.0833,0.0,0.681818
74.0833,0.0,0.681818
74.0833,0.0,0.681818
74.1667,0.0,0.681818
74.1667,1.0,0.568182
74.1667,1.0,0.568182
74.1667,0.0,0.568182
74.25,0.0,0.852273
74.25,1.0,0.852273
74.25,0.0,0.852273
74.25,0.0,0.852273
74.3333,0.0,0.738636
74.3333,0.0,0.738636
74.3333,0.0,0.738636
74.3333,0.0,0.738636
74.3333,0.0,0.738636
74.4167,0.0,0.738636
74.4167,0.0,0.511364
74.4167,0.0,0.511364
74.4167,0.0,0.511364
74.4167,0.0,0.511364
74.4167,0.0,0.511364
74.4167,0.0,0.511364
74.4167,0.0,0.511364
74.4167,0.0,0.511364
74.4167,0.0,0.511364
74.4167,0.0,0.511364
74.4167,0.0,0.511364
74.4167,0.0,0.511364
74.4167,0.0,0.511364
74.4167,0.0,0.511364
74.4167,0.0,0.511364
74.4167,0.0,0.511364
74.4167,0.0,0.511364
74.4167,0.0,0.511364
74.4167,0.0,0.511364
74.4167,0.0,0.511364
74.4167,0.0,0.511364
74.4167,0.0,0.511364
74.4167,0.0,0.511364
74.4167,0.0,0.511364
74.4167,0.0,0.511364
74.4167,0.0,0.511364
74.4167,0.0,0.511364
74.4167,0.0,0.511364
74.4167,0.0,0.511364
74.4167,1.0,0.511364
74.4167,0.0,0.511364
74.4167,0.0,0.511364
74.4167,0.0,0.511364
74.4167,0.0,0.511364
74.4167,0.0,0.511364
74.4167,0.0,0.511364
74.4167,1.0,0.511364
74.4167,0.0,0.511364
74.4167,0.0,0.511364
74.4167,0.0,0.511364
74.4167,0.0,0.511364
74.4167,0.0,0.511364
74.4167,0.0,0.511364
74.4167,1.0,0.511364
74.4167,0.0,0.511364
74.4167,0.0,0.511364
74.4167,0.0,0.511364
74.4167,1.0,0.511364
74.4167,1.0,0.511364
74.4167,0.0,0.511364
74.4167,0.0,0.0
74.4167,0.0,0.0
74.4167,0.0,0.0
74.4167,0.0,0.0
74.4167,0.0,0.0
74.4167,0.0,0.0
74.4167,0.0,0.0
74.4167,0.0,0.0
74.4167,0.0,0.0
74.4167,0.0,0.0
74.4167,0.0,0.0
74.4167,0.0,0.0
74.4167,0.0,0.0
74.4167,0.0,0.0
74.4167,0.0,0.0
74.4167,0.0,0.0
74.4167,0.0,0.0
74.4167,0.0,0.0
74.4167,0.0,0.0
74.4167,0.0,0.0
74.4167,0.0,0.0
74.4167,0.0,0.0
74.4167,0.0,0.0
74.4167,0.0,0.0
74.4167,0.0,0.0
74.4167,0.0,0.0
74.4167,0.0,0.0
74.4167,0.0,0.0
74.4167,0.0,0.0
74.4167,0.0,0.0
74.4167,0.0,0.0
74.4167,0.0,0.0
74.4167,0.0,0.0
74.4167,0.0,0.0
74.4167,0.0,0.0
74.4167,0.0,0.0
74.4167,0.0,0.0
74.4167,0.0,0.0
74.4167,0.0,0.0
74.4167,0.0,0.0
74.4167,0.0,0.0
74.4167,1.0,0.0
74.4167,1.0,0.0
74.4167,0.0,0.0
74.4167,0.0,0.0
74.4167,0.0,0.0
74.4167,0.0,0.0
74.4167,0.0,0.0
74.4167,0.0,0.0
74.4167,0.0,0.0
74.4167,0.0,0.0
74.4167,1.0,0.0
74.4167,0.0,0.0
74.4167,0.0,0.0
74.4167,0.0,0.0
74.4167,0.0,0.0
74.4167,0.0,0.0
74.4167,0.0,0.0
74.4167,0.0,0.0
74.4167,0.0,0.0
74.4167,0.0,0.0
74.4167,0.0,0.0
74.4167,0.0,0.0
74.4167,0.0,0.0
74.4167,0.0,0.0
74.4167,0.0,0.0
74.4167,0.0,0.0
74.4167,0.0,0.0
74.4167,0.0,0.0
74.4167,0.0,0.0
74.4167,0.0,0.0
74.4167,0.0,0.0
74.4167,0.0,0.0
74.4167,0.0,0.0
74.4167,0.0,0.0
74.4167,0.0,0.0
74.4167,0.0,0.0
74.4167,0.0,0.0
74.4167,0.0,0.0
74.4167,0.0,0.0
74.4167,0.0,0.0
74.4167,0.0,0.0
74.4167,0.0,0.0
74.4167,0.0,0.0
74.4167,0.0,0.0
74.4167,0.0,0.0
74.4167,0.0,0.0
74.4167,0.0,0.0
74.4167,0.0,0.0
74.4167,0.0,0.0
74.4167,0.0,0.0
74.4167,0.0,0.0
74.4167,0.0,0.0
74.4167,0.0,0.0
74.4167,0.0,0.0
74.4167,0.0,0.0
74.4167,0.0,0.0
74.4167,0.0,0.0
74.4167,0.0,0.0
74.4167,0.0,0.0
74.4167,0.0,0.0
74.4167,0.0,0.0
74.4167,0.0,0.0
74.4167,0.0,0.0
74.4167,0.0,0.0
74.4167,0.0,0.0
74.4167,0.0,0.0
74.4167,0.0,0.0
74.4167,0.0,0.0
74.4167,0.0,0.0
74.4167,0.0,0.0
74.4167,0.0,0.0
74.4167,0.0,0.0
74.4167,0.0,0.0
74.4167,0.0,0.0
74.4167,0.0,0.0
74.4167,0.0,0.0
74.4167,0.0,0.0
74.4167,0.0,0.0
74.4167,0.0,0.0
74.4167,0.0,0.0
74.4167,0.0,0.0
74.4167,0.0,0.0
74.4167,0.0,0.0
74.4167,0.0,0.0
74.4167,0.0,0.0
74.4167,0.0,0.0
74.4167,0.0,0.0
74.4167,0.0,0.0
74.4167,0.0,0.0
74.4167,0.0,0.0
74.4167,0.0,0.0
74.4167,0.0,0.0
74.4167,0.0,0.0
74.4167,0.0,0.0
74.4167,0.0,0.0
74.4167,0.0,0.0
74.4167,0.0,0.0
74.4167,0.0,0.0
74.4167,0.0,0.0
74.4167,0.0,0.0
74.4167,0.0,0.0
74.4167,0.0,0.0
74.4167,0.0,0.0
74.4167,0.0,0.0
74.4167,0.0,0.0
74.4167,0.0,0.0
74.4167,0.0,0.0
74.4167,0.0,0.0
74.4167,0.0,0.0
74.4167,0.0,0.0
74.4167,0.0,0.0
74.4167,0.0,0.0
74.4167,0.0,0.0
74.4167,0.0,0.0
74.4167,0.0,0.0
74.4167,0.0,0.0
74.4167,0.0,0.0
74.4167,0.0,0.0
74.4167,0.0,0.0
74.4167,0.0,0.0
74.4167,0.0,0.0
74.4167,0.0,0.0
74.4167,0.0,0.0
74.4167,0.0,0.0
74.4167,0.0,0.0
74.4167,0.0,0.0
74.4167,1.0,0.0
74.4167,1.0,0.0
74.4167,0.0,0.0
74.4167,0.0,0.0
74.4167,0.0,0.0
74.4167,0.0,0.0
74.4167,0.0,0.0
74.4167,0.0,0.0
74.4167,0.0,0.0
74.4167,0.0,0.0
74.4167,0.0,0.0
74.4167,0.0,0.0
74.4167,0.0,0.0
74.4167,0.0,0.0
74.4167,0.0,0.0
74.4167,0.0,0.0
74.4167,0.0,0.0
74.4167,0.0,0.0
74.4167,0.0,0.0
74.4167,0.0,0.0
74.4167,0.0,0.0
74.4167,0.0,0.0
74.4167,0.0,0.0
74.4167,0.0,0.0
74.4167,0.0,0.0
74.4167,0.0,0.0
74.4167,0.0,0.0
74.4167,1.0,0.0
74.4167,0.0,0.0
74.4167,0.0,0.0
74.4167,0.0,0.0
74.4167,0.0,0.0
74.4167,0.0,0.0
74.4167,0.0,0.0
74.4167,0.0,0.0
74.4167,1.0,0.0
74.4167,0.0,0.0
74.4167,0.0,0.0
74.4167,0.0,0.0
74.4167,1.0,0.0
74.4167,0.0,0.0
74.4167,0.0,0.0
74.4167,0.0,0.0
74.4167,0.0,0.0
74.4167,0.0,0.0
74.4167,0.0,0.0
74.4167,0.0,0.0
74.4167,0.0,0.0
74.4167,0.0,0.0
74.4167,0.0,0.0
74.4167,0.0,0.0
74.4167,0.0,0.0
74.4167,0.0,0.0
74.4167,0.0,0.0
74.4167,0.0,0.0
74.4167,0.0,0.0
74.4167,1.0,0.0
74.4167,0.0,0.0
74.4167,1.0,0.0
74.4167,0.0,0.0
74.4167,0.0,0.0
74.4167,0.0,0.0
74.4167,0.0,0.0
74.4167,0.0,0.0
74.4167,0.0,0.0
74.4167,1.0,0.0
74.4167,0.0,0.0
74.4167,0.0,0.0
74.4167,0.0,0.0
74.4167,0.0,0.0
74.4167,0.0,0.0
74.4167,0.0,0.0
74.4167,0.0,0.0
74.4167,0.0,0.0
74.4167,0.0,0.0
74.4167,0.0,0.0
74.4167,0.0,0.0
74.4167,0.0,0.0
74.4167,0.0,0.0
74.4167,0.0,0.0
74.4167,0.0,0.0
74.4167,0.0,0.0
74.4167,0.0,0.0
74.4167,0.0,0.0
74.4167,0.0,0.0
74.4167,0.0,0.0
74.4167,0.0,0.0
74.4167,0.0,0.0
74.4167,0.0,0.0
74.4167,0.0,0.0
74.4167,0.0,0.0
74.4167,0.0,0.0
74.4167,0.0,0.0
74.4167,0.0,0.0
74.4167,0.0,0.0
74.4167,0.0,0.0
74.4167,0.0,0.0
74.4167,0.0,0.0
74.4167,0.0,0.0
74.4167,0.0,0.0
74.4167,0.0,0.0
74.4167,0.0,0.0
74.4167,0.0,0.0
74.4167,0.0,0.0
74.4167,0.0,0.0
74.4167,0.0,0.0
74.4167,0.0,0.0
74.4167,0.0,0.0
74.4167,0.0,0.0
74.4167,0.0,0.0
74.4167,0.0,0.0
74.4167,0.0,0.0
74.4167,0.0,0.0
74.4167,0.0,0.0
74.4167,0.0,0.0
74.4167,0.0,0.0
74.4167,1.0,0.0
74.4167,0.0,0.0
74.4167,0.0,0.0
74.4167,0.0,0.0
74.4167,0.0,0.0
74.4167,0.0,0.0
74.4167,0.0,0.0
74.4167,0.0,0.0
74.4167,0.0,0.0
74.4167,1.0,0.0
74.4167,0.0,0.0
74.4167,0.0,0.0
74.4167,0.0,0.0
74.4167,0.0,0.0
74.4167,0.0,0.0
74.4167,0.0,0.0
74.4167,0.0,0.0
74.4167,0.0,0.0
74.4167,0.0,0.0
74.4167,0.0,0.0
74.4167,0.0,0.0
74.4167,0.0,0.0
74.4167,0.0,0.0
74.4167,0.0,0.0
74.4167,1.0,0.0
74.4167,0.0,0.0
74.4167,0.0,0.0
74.4167,0.0,0.0
74.4167,0.0,0.0
74.4167,0.0,0.0
74.4167,0.0,0.0
74.4167,1.0,0.0
74.4167,0.0,0.0
74.4167,0.0,0.0
74.4167,0.0,0.0
74.4167,0.0,0.0
74.4167,0.0,0.0
74.4167,0.0,0.0
74.4167,0.0,0.0
74.4167,0.0,0.0
74.4167,0.0,0.0
74.4167,0.0,0.0
74.4167,0.0,0.0
74.4167,0.0,0.0
74.4167,0.0,0.0
74.4167,0.0,0.0
74.4167,0.0,0.0
74.4167,0.0,0.0
74.4167,0.0,0.0
74.4167,0.0,0.0
74.4167,0.0,0.0
74.4167,0.0,0.0
74.4167,0.0,0.0
74.4167,0.0,0.0
74.4167,0.0,0.0
74.4167,0.0,0.0
74.4167,0.0,0.0
74.4167,0.0,0.0
74.4167,0.0,0.0
74.4167,0.0,0.0
74.4167,1.0,0.0
74.4167,0.0,0.0
74.4167,0.0,0.0
74.4167,0.0,0.0
74.4167,0.0,0.0
74.4167,0.0,0.0
74.4167,0.0,0.0
74.4167,0.0,0.0
74.4167,1.0,0.0
74.4167,0.0,0.0
74.4167,0.0,0.0
74.4167,0.0,0.0
74.4167,0.0,0.0
74.4167,0.0,0.0
74.4167,0.0,0.0
74.4167,1.0,0.0
74.4167,0.0,0.0
74.4167,0.0,0.0
74.4167,0.0,0.0
74.4167,0.0,0.0
74.4167,0.0,0.0
74.4167,0.0,0.0
74.4167,0.0,0.0
74.4167,1.0,0.0
74.4167,0.0,0.0
74.4167,0.0,0.0
74.4167,0.0,0.0
74.4167,0.0,0.0
74.4167,0.0,0.0
74.4167,0.0,0.0
74.4167,0.0,0.0
74.4167,0.0,0.0
74.4167,0.0,0.0
74.4167,0.0,0.0
74.4167,0.0,0.0
74.4167,0.0,0.0
74.4167,0.0,0.0
74.4167,0.0,0.0
74.4167,0.0,0.0
74.4167,0.0,0.0
74.4167,0.0,0.0
74.4167,0.0,0.0
74.4167,0.0,0.0
74.4167,1.0,0.0
74.4167,0.0,0.0
74.4167,0.0,0.0
74.4167,0.0,0.0
74.4167,0.0,0.0
74.4167,0.0,0.0
74.4167,0.0,0.0
74.4167,0.0,0.0
74.4167,0.0,0.0
74.4167,0.0,0.0
74.4167,0.0,0.0
74.4167,0.0,0.0
74.4167,0.0,0.0
74.4167,0.0,0.0
74.4167,0.0,0.0
74.4167,0.0,0.0
74.4167,0.0,0.0
74.4167,0.0,0.0
74.4167,0.0,0.0
74.4167,0.0,0.0
74.4167,0.0,0.0
74.4167,0.0,0.0
74.4167,0.0,0.0
74.4167,0.0,0.0
74.4167,0.0,0.0
74.4167,0.0,0.0
74.4167,0.0,0.0
74.4167,0.0,0.0
74.4167,0.0,0.0
74.4167,0.0,0.0
74.4167,0.0,0.0
74.4167,0.0,0.0
74.4167,0.0,0.0
74.4167,0.0,0.0
74.4167,0.0,0.0
74.4167,0.0,0.0
74.4167,0.0,0.0
74.4167,0.0,0.0
74.4167,0.0,0.0
74.4167,0.0,0.0
74.4167,0.0,0.0
74.4167,0.0,0.0
74.4167,0.0,0.0
74.4167,0.0,0.0
74.4167,0.0,0.0
74.4167,0.0,0.0
74.4167,0.0,0.0
74.4167,0.0,0.0
74.4167,0.0,0.0
74.4167,0.0,0.0
74.4167,0.0,0.0
74.4167,0.0,0.0
74.4167,0.0,0.0
74.4167,0.0,0.0
74.4167,0.0,0.0
74.4167,0.0,0.0
74.4167,1.0,0.0
74.4167,0.0,0.0
74.4167,1.0,0.0
74.4167,0.0,0.0
74.4167,0.0,0.0
74.4167,0.0,0.0
74.4167,0.0,0.0
74.4167,0.0,0.0
74.4167,0.0,0.0
74.4167,0.0,0.0
74.4167,0.0,0.0
74.4167,0.0,0.0
74.4167,0.0,0.0
74.4167,0.0,0.0
74.4167,0.0,0.0
74.4167,0.0,0.0
74.4167,0.0,0.0
74.4167,0.0,0.0
74.4167,0.0,0.0
74.4167,0.0,0.0
74.4167,0.0,0.0
74.4167,0.0,0.0
74.4167,0.0,0.0
74.4167,0.0,0.0
74.4167,0.0,0.0
74.4167,0.0,0.0
74.4167,0.0,0.0
74.4167,0.0,0.0
74.4167,0.0,0.0
74.4167,0.0,0.0
74.4167,0.0,0.0
74.4167,0.0,0.0
74.4167,0.0,0.0
74.4167,0.0,0.0
74.4167,0.0,0.0
74.4167,0.0,0.0
74.4167,1.0,0.0
74.4167,0.0,0.0
74.4167,0.0,0.0
74.4167,0.0,0.0
74.4167,0.0,0.0
74.4167,0.0,0.0
74.4167,0.0,0.0
74.4167,0.0,0.0
74.4167,0.0,0.0
74.4167,1.0,0.0
74.4167,0.0,0.0
74.4167,0.0,0.0
74.4167,0.0,0.0
74.4167,0.0,0.0
74.4167,0.0,0.0
74.4167,0.0,0.0
74.4167,0.0,0.0
74.4167,0.0,0.0
74.4167,0.0,0.0
74.4167,0.0,0.0
74.4167,0.0,0.0
74.4167,0.0,0.0
74.4167,0.0,0.0
74.4167,0.0,0.0
74.4167,0.0,0.0
74.4167,0.0,0.0
74.4167,0.0,0.0
74.4167,0.0,0.0
74.4167,0.0,0.0
74.4167,0.0,0.0
74.4167,0.0,0.0
74.4167,0.0,0.0
74.4167,0.0,0.0
74.4167,0.0,0.0
74.4167,0.0,0.0
74.4167,0.0,0.0
74.4167,1.0,0.0
74.4167,0.0,0.0
74.4167,0.0,0.0
74.4167,0.0,0.0
74.4167,0.0,0.0
74.4167,0.0,0.0
74.4167,0.0,0.0
74.4167,0.0,0.0
74.4167,0.0,0.0
74.4167,0.0,0.0
74.4167,0.0,0.0
74.4167,0.0,0.0
74.4167,1.0,0.0
74.4167,0.0,0.0
74.4167,0.0,0.0
74.4167,0.0,0.0
74.4167,0.0,0.0
74.4167,1.0,0.0
74.4167,0.0,0.0
74.4167,0.0,0.0
74.4167,0.0,0.0
74.4167,0.0,0.0
74.4167,1.0,0.0
74.4167,0.0,0.0
74.4167,0.0,0.0
74.4167,0.0,0.0
74.4167,1.0,0.0
74.4167,1.0,0.0
74.4167,0.0,0.0
74.4167,0.0,0.0
74.4167,0.0,0.0
74.4167,0.0,0.0
74.4167,0.0,0.0
74.4167,0.0,0.0
74.4167,0.0,0.0
74.4167,0.0,0.0
74.4167,0.0,0.0
74.4167,1.0,0.0
74.4167,1.0,0.0
74.4167,0.0,0.0
74.4167,0.0,0.0
74.4167,0.0,0.0
74.4167,0.0,0.0
74.4167,0.0,0.0
74.4167,0.0,0.0
74.4167,0.0,0.0
74.4167,0.0,0.0
74.4167,0.0,0.0
74.4167,0.0,0.0
74.4167,0.0,0.0
74.4167,0.0,0.0
74.4167,0.0,0.0
74.4167,1.0,0.0
74.4167,0.0,0.0
74.4167,1.0,0.0
74.4167,0.0,0.0
74.4167,0.0,0.0
74.4167,0.0,0.0
74.4167,0.0,0.0
74.4167,0.0,0.0
74.4167,0.0,0.0
74.4167,0.0,0.0
74.4167,0.0,0.0
74.4167,0.0,0.0
74.4167,0.0,0.0
74.4167,0.0,0.0
74.4167,0.0,0.0
74.4167,0.0,0.0
74.4167,0.0,0.0
74.4167,0.0,0.0
74.4167,0.0,0.0
74.4167,1.0,0.0
74.4167,0.0,0.0
74.4167,0.0,0.0
74.4167,0.0,0.0
74.4167,0.0,0.0
74.4167,0.0,0.0
74.4167,0.0,0.0
74.4167,0.0,0.0
74.4167,0.0,0.0
74.4167,0.0,0.0
74.4167,0.0,0.0
74.4167,0.0,0.0
74.4167,0.0,0.0
74.4167,0.0,0.0
74.4167,1.0,0.0
74.4167,0.0,0.0
74.4167,0.0,0.0
74.4167,0.0,0.0
74.4167,0.0,0.0
74.4167,0.0,0.0
74.4167,0.0,0.0
74.4167,0.0,0.0
74.4167,0.0,0.0
74.4167,0.0,0.0
74.4167,0.0,0.0
74.4167,0.0,0.0
74.4167,0.0,0.0
74.4167,0.0,0.0
74.4167,0.0,0.0
74.4167,0.0,0.0
74.4167,0.0,0.0
74.4167,0.0,0.0
74.4167,0.0,0.0
74.4167,0.0,0.0
74.4167,0.0,0.0
74.4167,0.0,0.0
74.4167,0.0,0.0
74.4167,0.0,0.0
74.4167,0.0,0.0
74.4167,0.0,0.0
74.4167,0.0,0.0
74.4167,0.0,0.0
74.4167,0.0,0.0
74.4167,0.0,0.0
74.4167,0.0,0.0
74.4167,0.0,0.0
74.4167,0.0,0.0
74.4167,0.0,0.0
74.4167,0.0,0.0
74.4167,0.0,0.0
74.4167,1.0,0.0
74.4167,0.0,0.0
74.4167,0.0,0.0
74.4167,0.0,0.0
74.4167,0.0,0.0
74.4167,0.0,0.0
74.4167,0.0,0.0
74.4167,0.0,0.0
74.4167,0.0,0.0
74.4167,0.0,0.0
74.4167,0.0,0.0
74.4167,0.0,0.0
74.4167,0.0,0.0
74.4167,0.0,0.0
74.4167,0.0,0.0
74.4167,0.0,0.0
74.4167,0.0,0.0
74.4167,0.0,0.0
74.4167,0.0,0.0
74.4167,1.0,0.0
74.4167,0.0,0.0
74.4167,0.0,0.0
74.4167,0.0,0.0
74.4167,0.0,0.0
74.4167,0.0,0.0
74.4167,0.0,0.0
74.4167,0.0,0.0
74.4167,1.0,0.0
74.4167,0.0,0.0
74.4167,0.0,0.0
74.4167,0.0,0.0
74.4167,0.0,0.0
74.4167,1.0,0.0
74.4167,0.0,0.0
74.4167,0.0,0.0
74.4167,0.0,0.0
74.4167,0.0,0.0
74.4167,0.0,0.0
74.4167,1.0,0.0
74.4167,0.0,0.0
74.4167,0.0,0.0
74.4167,0.0,0.0
74.4167,0.0,0.0
74.4167,0.0,0.0
74.4167,0.0,0.0
74.4167,0.0,0.0
74.4167,0.0,0.0
74.4167,0.0,0.0
74.4167,0.0,0.0
74.4167,0.0,0.0
74.4167,0.0,0.0
74.4167,0.0,0.0
74.4167,0.0,0.0
74.4167,0.0,0.0
74.4167,0.0,0.0
74.4167,0.0,0.0
74.4167,0.0,0.0
74.4167,0.0,0.0
74.4167,0.0,0.0
74.4167,0.0,0.0
74.4167,1.0,0.0
74.4167,1.0,0.0
74.4167,0.0,0.0
74.4167,0.0,0.0
74.4167,0.0,0.0
74.4167,0.0,0.0
74.4167,0.0,0.0
74.4167,0.0,0.0
74.4167,0.0,0.0
74.4167,0.0,0.0
74.4167,0.0,0.0
74.4167,0.0,0.0
74.4167,0.0,0.0
74.4167,0.0,0.0
74.4167,0.0,0.0
74.4167,0.0,0.0
74.4167,0.0,0.0
74.4167,0.0,0.0
74.4167,0.0,0.0
74.4167,0.0,0.0
74.4167,0.0,0.0
74.4167,1.0,0.0
74.4167,0.0,0.0
74.4167,0.0,0.0
74.4167,0.0,0.0
74.4167,0.0,0.0
74.4167,0.0,0.0
74.4167,0.0,0.0
74.4167,0.0,0.0
74.4167,0.0,0.0
74.4167,0.0,0.0
74.4167,0.0,0.0
74.4167,0.0,0.0
74.4167,0.0,0.0
74.4167,0.0,0.0
74.4167,0.0,0.0
74.4167,0.0,0.0
74.4167,1.0,0.0
74.4167,0.0,0.0
74.4167,0.0,0.0
74.4167,0.0,0.0
74.4167,0.0,0.0
74.4167,0.0,0.0
74.4167,0.0,0.0
74.4167,0.0,0.0
74.4167,0.0,0.0
74.4167,0.0,0.0
74.4167,0.0,0.0
74.4167,0.0,0.0
74.4167,0.0,0.0
74.4167,0.0,0.0
74.4167,0.0,0.0
74.4167,0.0,0.0
74.4167,1.0,0.0
74.4167,0.0,0.0
74.4167,0.0,0.0
74.4167,0.0,0.0
74.4167,0.0,0.0
74.4167,0.0,0.0
74.4167,1.0,0.0
74.4167,0.0,0.0
74.4167,0.0,0.0
74.4167,0.0,0.0
74.4167,0.0,0.0
74.4167,0.0,0.0
74.4167,0.0,0.0
74.4167,0.0,0.0
74.4167,0.0,0.0
74.4167,0.0,0.0
74.4167,0.0,0.0
74.4167,0.0,0.0
74.4167,0.0,0.0
74.4167,0.0,0.0
74.4167,0.0,0.0
74.4167,0.0,0.0
74.4167,0.0,0.0
74.4167,0.0,0.0
74.4167,0.0,0.0
74.4167,0.0,0.0
74.4167,0.0,0.0
74.4167,0.0,0.0
74.4167,0.0,0.0
74.4167,0.0,0.0
74.4167,0.0,0.0
74.4167,0.0,0.0
74.4167,0.0,0.0
74.4167,0.0,0.0
74.4167,0.0,0.0
74.4167,0.0,0.0
74.4167,0.0,0.0
74.4167,1.0,0.0
74.4167,0.0,0.0
74.4167,0.0,0.0
74.4167,0.0,0.0
74.4167,0.0,0.0
74.4167,0.0,0.0
74.4167,0.0,0.0
74.4167,0.0,0.0
74.4167,0.0,0.0
74.4167,0.0,0.0
74.4167,0.0,0.0
74.4167,0.0,0.0
74.4167,0.0,0.0
74.4167,0.0,0.0
74.4167,0.0,0.0
74.4167,0.0,0.0
74.4167,0.0,0.0
74.4167,1.0,0.0
74.4167,1.0,0.0
74.4167,0.0,0.0
74.4167,0.0,0.0
74.4167,0.0,0.0
74.4167,0.0,0.0
74.4167,0.0,0.0
74.4167,0.0,0.0
74.4167,0.0,0.0
74.4167,0.0,0.0
74.4167,0.0,0.0
74.4167,1.0,0.0
74.4167,0.0,0.0
74.4167,0.0,0.0
74.4167,0.0,0.0
74.4167,0.0,0.0
74.4167,0.0,0.0
74.4167,0.0,0.0
74.4167,0.0,0.0
74.4167,0.0,0.0
74.4167,0.0,0.0
74.4167,0.0,0.0
74.4167,0.0,0.0
74.4167,0.0,0.0
74.4167,0.0,0.0
74.4167,0.0,0.0
74.4167,0.0,0.0
74.4167,0.0,0.0
74.4167,0.0,0.0
74.4167,0.0,0.0
74.4167,0.0,0.0
74.4167,0.0,0.0
74.4167,0.0,0.0
74.4167,0.0,0.0
74.4167,0.0,0.0
74.4167,0.0,0.0
74.4167,0.0,0.0
74.4167,0.0,0.0
74.4167,0.0,0.0
74.4167,0.0,0.0
74.4167,0.0,0.0
74.4167,0.0,0.0
74.4167,0.0,0.0
74.4167,0.0,0.0
74.4167,0.0,0.0
74.4167,0.0,0.0
74.4167,0.0,0.0
74.4167,0.0,0.0
74.4167,0.0,0.0
74.4167,0.0,0.0
74.4167,0.0,0.0
74.4167,0.0,0.0
74.4167,0.0,0.0
74.4167,0.0,0.0
74.4167,0.0,0.0
74.4167,0.0,0.0
74.4167,0.0,0.0
74.4167,0.0,0.0
74.4167,0.0,0.0
74.4167,0.0,0.0
74.4167,0.0,0.0
74.4167,1.0,0.0
74.4167,0.0,0.0
74.4167,0.0,0.0
74.4167,0.0,0.0
74.4167,0.0,0.0
74.4167,0.0,0.0
74.4167,0.0,0.0
74.4167,0.0,0.0
74.4167,0.0,0.0
74.4167,0.0,0.0
74.4167,0.0,0.0
74.4167,0.0,0.0
