0.0,0.0,0.0
0.0,0.0,0.0
0.0,0.0,0.0
0.0,0.0,0.0
0.0,0.0,0.0
0.0,0.0,0.0
0.0,1.0,0.0
0.0,0.0,0.0
0.0,0.0,0.0
0.0,0.0,0.0
0.0,0.0,0.0
0.0,0.0,0.0
0.0,0.0,0.0
0.0,0.0,0.0
0.0,1.0,0.0
0.0,0.0,0.0
0.0,0.0,0.0
0.0,0.0,0.0
0.0,0.0,0.0
0.0,0.0,0.0
0.0,0.0,0.0
0.0,0.0,0.0
0.0,0.0,0.0
0.0,0.0,0.0
0.0,0.0,0.0
0.0,0.0,0.0
0.0,0.0,0.0
0.0,0.0,0.0
0.0,0.0,0.0
0.0,0.0,0.0
0.0,0.0,0.0
0.0,0.0,0.0
0.0,0.0,0.0
0.0,0.0,0.0
0.0,0.0,0.0
0.0,0.0,0.0
0.0,0.0,0.0
0.0,0.0,0.0
0.0,0.0,0.0
0.0,0.0,0.0
0.0,0.0,0.0
0.0,0.0,0.0
0.0,0.0,0.0
0.0,0.0,0.0
0.0,0.0,0.0
0.0,0.0,0.0
0.0,0.0,0.0
0.0,0.0,0.0
0.0,0.0,0.0
0.0,0.0,0.0
0.0,0.0,0.0
0.0,0.0,0.0
0.0,0.0,0.0
0.0,1.0,0.0
0.0,0.0,0.0
0.0,0.0,0.0
0.0,0.0,0.0
0.0,0.0,0.0
0.0,0.0,0.0
0.0,1.0,0.0
0.0,0.0,0.0
0.0,0.0,0.0
0.0,0.0,0.0
0.0,0.0,0.0
0.0,0.0,0.0
0.0,0.0,0.0
0.0,0.0,0.0
0.0,0.0,0.0
0.0,0.0,0.0
0.0,0.0,0.0
0.0,0.0,0.0
0.0,0.0,0.0
0.0,0.0,0.0
0.0,0.0,0.0
0.0,0.0,0.0
0.0,0.0,0.0
0.0,0.0,0.0
0.0,0.0,0.0
0.0,0.0,0.0
0.0,0.0,0.0
0.0,0.0,0.0
0.0,0.0,0.0
0.0,0.0,0.0
0.0,0.0,0.0
0.0,0.0,0.0
0.0,0.0,0.0
0.0,0.0,0.0
0.0,0.0,0.0
0.0,0.0,0.0
0.0,0.0,0.0
0.0,0.0,0.0
0.0,0.0,0.0
0.0,0.0,0.0
0.0,0.0,0.0
0.0,0.0,0.0
0.0,0.0,0.0
0.0,0.0,0.0
0.0,0.0,0.0
0.0,0.0,0.0
0.0,0.0,0.0
0.0,0.0,0.0
0.0,0.0,0.0
0.0,0.0,0.0
0.0,0.0,0.0
0.0,0.0,0.0
0.0,0.0,0.0
0.0,0.0,0.0
0.0,0.0,0.0
0.0,0.0,0.0
0.0,0.0,0.0
0.0,0.0,0.0
0.0,0.0,0.0
0.0,0.0,0.0
0.0,0.0,0.0
0.0,0.0,0.0
0.0,0.0,0.0
0.0,1.0,0.0
0.0,0.0,0.0
0.0,0.0,0.0
0.0,0.0,0.0
0.0,0.0,0.0
0.0,1.0,0.0
0.0,0.0,0.0
0.0,0.0,0.0
0.0,0.0,0.0
0.0,0.0,0.0
0.0,1.0,0.0
0.0,0.0,0.0
0.0,0.0,0.0
0.0,0.0,0.0
0.0,0.0,0.0
0.0,0.0,0.0
0.0,0.0,0.0
0.0,0.0,0.0
0.0,0.0,0.0
0.0,0.0,0.0
0.0,0.0,0.0
0.0,0.0,0.0
0.0,0.0,0.0
0.0,0.0,0.0
0.0,0.0,0.0
0.0,0.0,0.0
0.0,0.0,0.0
0.0,0.0,0.0
0.0,0.0,0.0
0.0,0.0,0.0
0.0,0.0,0.0
0.0,0.0,0.0
0.0,0.0,0.0
0.0,0.0,0.0
0.0,0.0,0.0
0.0,0.0,0.0
0.0,0.0,0.0
0.0,0.0,0.0
0.0,0.0,0.0
0.0,0.0,0.0
0.0,0.0,0.0
0.0,1.0,0.0
0.0,0.0,0.0
0.0,0.0,0.0
0.0,0.0,0.0
0.0,0.0,0.0
0.0,0.0,0.0
0.0,0.0,0.0
0.0,44.0,0.0
0.0,76.0,0.0
0.0,96.0,0.0
0.0,98.0,0.0
0.0,89.0,0.0
0.0,96.0,0.0
0.0,107.0,0.0
0.0,125.0,0.0
0.0,144.0,0.0
0.0,144.0,0.0
0.0,143.0,0.0
0.0,145.0,0.0
0.0,148.0,0.0
0.0,152.0,0.0
0.0,154.0,0.0
0.0,156.0,0.0
0.0,159.0,0.0
0.0,164.0,0.0
0.0,170.0,0.0
0.0,179.0,0.0
0.0,188.0,0.0
0.0,204.0,0.0
0.0,234.0,0.0
0.0,259.0,0.0
0.0,288.0,0.0
0.0,314.0,0.0
0.0,328.0,0.0
0.0,328.0,0.0
0.0,330.0,0.0
0.0,334.0,0.0
0.0,341.0,0.0
0.0,359.0,0.0
0.0,371.0,0.0
0.0,384.0,0.0
0.0,397.0,0.0
0.0,435.0,0.0
0.0,486.0,0.0
0.0,534.0,0.0
0.0,581.0,0.0
0.0,616.0,0.0
0.0,613.0,0.0
0.0,612.0,0.0
0.0,583.0,0.0
0.0,557.0,0.0
0.0,537.0,0.0
0.0,533.0,0.0
0.0,532.0,0.0
0.0,532.0,0.0
0.0,533.0,0.0
0.0,538.0,0.0
0.0,541.0,0.0
0.0,544.0,0.0
0.0,550.0,0.0
0.0,583.0,0.0
0.0,621.0,0.0
0.0,620.0,0.0
0.0,733.0,0.0
0.0,807.0,0.0
0.0,804.0,0.0
0.0,762.0,0.0
0.0,720.0,0.0
0.0,678.0,0.0
0.0,597.0,0.0
0.0,565.0,0.0
0.0,570.0,0.0
0.0,602.0,0.0
0.0,665.0,0.0
0.0,680.0,0.0
0.0,689.0,0.0
0.0,689.0,0.0
0.0,689.0,0.0
0.0,707.0,0.0
0.0,736.0,0.0
0.0,737.0,0.0
0.0,774.0,0.0
0.0,852.0,0.0
0.0,1317.0,0.113636
0.0,1657.0,0.113636
0.0,1747.0,0.113636
0.0,1847.0,0.113636
0.0,2198.0,0.113636
0.0,2251.0,0.113636
0.0833333,2115.0,0.113636
0.0833333,1954.0,0.113636
0.0833333,1907.0,0.113636
0.0833333,1656.0,0.113636
0.0833333,1753.0,0.113636
0.0833333,1965.0,0.113636
0.0833333,2111.0,0.113636
0.166667,1943.0,0.113636
0.166667,1684.0,0.113636
0.166667,1475.0,0.113636
0.166667,1440.0,0.113636
0.166667,1622.0,0.113636
0.25,2029.0,0.625
0.25,2222.0,0.625
0.25,2215.0,0.625
0.25,2150.0,0.625
0.333333,1870.0,0.681818
0.333333,1739.0,0.681818
0.333333,1784.0,0.681818
0.333333,1919.0,0.681818
0.333333,2123.0,0.681818
0.333333,2117.0,0.681818
0.333333,2041.0,0.681818
0.333333,1924.0,0.681818
0.333333,1782.0,0.681818
0.333333,1674.0,0.681818
0.333333,1717.0,0.681818
0.333333,1855.0,0.681818
0.333333,2017.0,0.681818
0.333333,2143.0,0.681818
0.333333,2082.0,0.681818
0.333333,2082.0,0.681818
0.333333,2018.0,0.681818
0.333333,1975.0,0.681818
0.333333,1947.0,0.681818
0.333333,1995.0,0.681818
0.333333,2103.0,0.681818
0.333333,2172.0,0.681818
0.333333,2169.0,0.681818
0.333333,1986.0,0.681818
0.416667,1821.0,0.681818
0.416667,1726.0,0.113636
0.5,1700.0,0.113636
0.5,1767.0,1.36364
0.583333,1793.0,1.36364
0.583333,1978.0,1.59091
0.666667,2023.0,1.64773
0.75,1912.0,1.64773
0.75,1776.0,1.70455
0.833333,1755.0,1.70455
0.833333,1764.0,1.53409
0.916667,1812.0,1.53409
0.916667,1861.0,1.47727
1.0,1805.0,1.81818
1.08333,1777.0,1.81818
1.08333,1786.0,1.76136
1.16667,1786.0,1.81818
1.25,1739.0,1.81818
1.25,1738.0,2.04545
1.33333,1857.0,1.76136
1.41667,1894.0,1.76136
1.41667,1765.0,1.93182
1.5,1736.0,1.93182
1.5,1763.0,1.93182
1.5,1812.0,1.93182
1.5,1860.0,1.93182
1.58333,1890.0,1.93182
1.58333,1891.0,0.681818
1.58333,1843.0,0.681818
1.58333,1792.0,0.681818
1.66667,1834.0,0.681818
1.66667,1869.0,0.681818
1.66667,1868.0,0.681818
1.66667,1868.0,0.681818
1.75,1866.0,0.909091
1.83333,1864.0,2.61364
1.91667,1817.0,2.10227
1.91667,1787.0,2.10227
2.0,1818.0,1.76136
2.08333,1848.0,2.21591
2.16667,1808.0,2.55682
2.25,1766.0,2.55682
2.25,1682.0,2.15909
2.25,1644.0,2.15909
2.33333,1622.0,2.15909
2.41667,1660.0,1.02273
2.5,1691.0,2.67045
2.5,1693.0,2.38636
2.58333,1611.0,2.21591
2.66667,1585.0,2.44318
2.75,1570.0,2.55682
2.83333,1553.0,2.55682
2.91667,1526.0,2.44318
3.0,1477.0,2.44318
3.0,1445.0,2.72727
3.0,1394.0,2.72727
3.08333,1361.0,2.72727
3.16667,1482.0,0.852273
3.16667,1557.0,2.84091
3.25,1547.0,2.38636
3.33333,1488.0,2.55682
3.41667,1375.0,3.125
3.5,1227.0,2.61364
3.58333,1185.0,2.61364
3.66667,1214.0,2.89773
3.75,1335.0,3.52273
3.83333,1495.0,3.06818
3.91667,1459.0,2.72727
4.0,1402.0,2.44318
4.08333,1334.0,2.84091
4.16667,1226.0,3.23864
4.25,1249.0,3.23864
4.25,1297.0,1.64773
4.33333,1355.0,1.64773
4.33333,1385.0,1.42045
4.33333,1391.0,1.42045
4.33333,1391.0,1.42045
4.33333,1410.0,1.42045
4.33333,1429.0,1.42045
4.41667,1438.0,0.511364
4.5,1383.0,3.69318
4.58333,1343.0,3.01136
4.75,1280.0,3.29545
4.83333,1207.0,3.29545
4.91667,1184.0,2.84091
5.0,1201.0,3.18182
5.08333,1221.0,3.69318
5.16667,1243.0,3.29545
5.25,1220.0,3.57954
5.41667,1171.0,3.57954
5.41667,1064.0,3.57954
5.5,1017.0,3.57954
5.58333,1031.0,1.47727
5.66667,1161.0,3.80682
5.83333,1134.0,3.80682
5.83333,1055.0,4.09091
5.83333,982.0,4.09091
5.83333,927.0,4.09091
5.91667,947.0,0.852273
6.0,990.0,0.852273
6.08333,1048.0,1.875
6.16667,1079.0,3.29545
6.25,978.0,3.23864
6.33333,968.0,3.35227
6.5,767.0,3.35227
6.58333,652.0,3.75
6.66667,643.0,3.46591
6.75,660.0,2.89773
6.83333,623.0,3.69318
7.0,615.0,3.69318
7.08333,611.0,4.14773
7.16667,605.0,3.63636
7.33333,673.0,3.46591
7.41667,764.0,3.35227
7.41667,802.0,3.52273
7.41667,813.0,3.52273
7.41667,774.0,3.52273
7.5,775.0,3.52273
7.5,762.0,0.681818
7.58333,762.0,0.681818
7.66667,743.0,3.01136
7.83333,756.0,3.46591
7.91667,769.0,4.375
8.0,718.0,2.84091
8.08333,593.0,3.86364
8.25,491.0,3.86364
8.33333,482.0,3.63636
8.33333,495.0,3.125
8.41667,472.0,3.125
8.5,575.0,3.52273
8.5,686.0,3.52273
8.5,725.0,3.52273
8.58333,726.0,3.52273
8.58333,743.0,0.852273
8.58333,686.0,0.852273
8.58333,663.0,0.852273
8.75,643.0,0.852273
8.83333,638.0,3.63636
8.91667,703.0,3.29545
9.0,729.0,3.01136
9.08333,796.0,3.46591
9.25,878.0,3.46591
9.33333,902.0,2.95454
9.33333,853.0,3.80682
9.41667,831.0,3.80682
9.41667,807.0,1.47727
9.5,807.0,1.81818
9.66667,804.0,3.29545
9.66667,803.0,3.40909
9.83333,812.0,3.40909
9.91667,830.0,4.14773
10.0,834.0,3.18182
10.0833,822.0,3.01136
10.1667,813.0,3.52273
10.3333,814.0,3.52273
10.4167,820.0,3.29545
10.5,822.0,3.23864
10.5833,843.0,3.69318
10.6667,865.0,3.52273
10.75,870.0,3.57954
10.9167,868.0,3.52273
11.0,868.0,3.35227
11.0833,862.0,3.40909
11.1667,880.0,3.35227
11.25,895.0,3.125
11.4167,902.0,3.125
11.5,912.0,4.60227
11.5833,915.0,3.125
11.6667,927.0,2.67045
11.75,992.0,3.06818
11.8333,1072.0,3.23864
11.9167,1123.0,3.01136
12.0833,1140.0,3.01136
12.1667,1114.0,3.97727
12.25,1063.0,3.125
12.3333,992.0,3.46591
12.4167,924.0,3.23864
12.5,866.0,3.40909
12.6667,796.0,3.40909
12.75,791.0,3.40909
12.8333,847.0,3.40909
12.9167,867.0,3.35227
13.0,911.0,3.46591
13.0833,1063.0,3.35227
13.25,1083.0,3.35227
13.3333,1112.0,3.57954
13.4167,1157.0,2.89773
13.5,1155.0,3.86364
13.5833,1142.0,3.29545
13.75,1069.0,3.29545
13.8333,1000.0,3.23864
13.9167,953.0,3.29545
14.0,924.0,3.46591
14.0833,917.0,2.89773
14.0833,945.0,2.89773
14.25,996.0,2.89773
14.3333,1042.0,3.97727
14.4167,1032.0,3.46591
14.5,1023.0,3.29545
14.5833,1019.0,3.18182
14.6667,1041.0,2.61364
14.75,1018.0,3.29545
14.9167,1019.0,3.52273
15.0,1009.0,3.52273
15.0833,1009.0,3.63636
15.1667,995.0,3.18182
15.25,917.0,3.01136
15.3333,849.0,3.35227
15.4167,841.0,3.18182
15.4167,873.0,3.18182
15.4167,880.0,3.18182
15.5,916.0,3.18182
15.5833,948.0,3.40909
15.6667,992.0,3.40909
15.75,1023.0,2.95454
15.8333,946.0,3.18182
16.0,885.0,3.18182
16.0833,885.0,3.18182
16.1667,834.0,4.03409
16.1667,879.0,4.03409
16.1667,940.0,4.03409
16.3333,966.0,4.03409
16.4167,943.0,3.69318
16.5,909.0,3.125
16.5833,885.0,3.86364
16.5833,895.0,3.86364
16.6667,926.0,3.86364
16.75,932.0,1.19318
16.8333,869.0,4.03409
16.8333,826.0,4.03409
16.9167,712.0,1.59091
17.0,711.0,1.59091
17.0833,687.0,1.81818
17.1667,702.0,3.18182
17.25,743.0,3.18182
17.4167,793.0,3.40909
17.5,837.0,3.46591
17.5833,838.0,3.80682
17.6667,820.0,3.29545
17.8333,820.0,3.29545
17.9167,832.0,3.52273
18.0,909.0,3.18182
18.0,917.0,3.57954
18.0,896.0,3.57954
18.1667,878.0,3.57954
18.25,809.0,3.46591
18.3333,680.0,3.52273
18.4167,680.0,3.35227
18.5,656.0,4.14773
18.5833,651.0,3.40909
18.6667,671.0,3.40909
18.75,676.0,1.59091
18.8333,663.0,3.86364
18.9167,643.0,3.46591
19.0833,615.0,3.46591
19.1667,565.0,3.57954
19.25,598.0,3.01136
19.25,651.0,3.69318
19.3333,671.0,1.59091
19.5,688.0,3.57954
19.5833,690.0,4.09091
19.6667,691.0,3.18182
19.75,726.0,3.46591
19.8333,765.0,3.23864
20.0,812.0,3.40909
20.0,817.0,3.52273
20.0833,787.0,3.52273
20.1667,773.0,3.69318
20.25,803.0,3.46591
20.4167,825.0,3.35227
20.5,837.0,3.18182
20.5833,825.0,4.03409
20.6667,814.0,3.57954
20.75,806.0,2.55682
20.9167,858.0,2.55682
21.0,869.0,3.125
21.0833,862.0,3.52273
21.1667,856.0,2.95454
21.25,850.0,4.14773
21.3333,817.0,3.18182
21.4167,787.0,3.18182
21.4167,761.0,1.64773
21.4167,731.0,1.64773
21.4167,720.0,1.64773
21.5833,703.0,1.64773
21.6667,654.0,3.46591
21.75,604.0,3.18182
21.8333,602.0,3.57954
21.9167,596.0,4.31818
22.0833,596.0,4.31818
22.1667,597.0,3.40909
22.25,616.0,3.75
22.25,623.0,2.78409
22.4167,642.0,2.78409
22.4167,660.0,3.46591
22.5,671.0,3.46591
22.5833,717.0,1.64773
22.5833,678.0,3.06818
22.5833,651.0,3.06818
22.75,651.0,3.06818
22.8333,651.0,3.75
22.9167,645.0,3.57954
22.9167,643.0,3.57954
23.0833,618.0,3.57954
23.1667,633.0,4.09091
23.25,677.0,3.92045
23.3333,668.0,3.35227
23.4167,605.0,3.35227
23.5833,557.0,3.35227
23.6667,535.0,3.80682
23.75,495.0,3.18182
23.9167,443.0,3.46591
24.0,372.0,3.80682
24.0,340.0,3.125
24.0833,358.0,1.81818
24.0833,394.0,1.81818
24.0833,394.0,1.81818
24.0833,585.0,1.81818
24.0833,686.0,1.81818
24.1667,625.0,1.81818
24.1667,538.0,0.568182
24.25,532.0,0.568182
24.3333,675.0,1.19318
24.4167,751.0,3.63636
24.5,761.0,3.23864
24.5833,723.0,3.06818
24.75,674.0,3.80682
24.8333,672.0,3.86364
24.8333,704.0,3.06818
24.9167,750.0,3.06818
25.0,752.0,3.63636
25.1667,740.0,3.57954
25.25,740.0,3.52273
25.25,709.0,3.29545
25.3333,680.0,1.64773
25.4167,656.0,3.35227
25.4167,661.0,3.35227
25.4167,654.0,3.35227
25.4167,638.0,3.35227
25.5,652.0,3.35227
25.5833,630.0,3.46591
25.6667,645.0,2.78409
25.8333,673.0,2.78409
25.9167,680.0,3.69318
26.0,683.0,3.97727
26.0833,686.0,3.40909
26.1667,699.0,3.46591
26.25,700.0,3.46591
26.3333,701.0,1.53409
26.4167,742.0,5.73864
26.5,761.0,2.61364
26.5833,802.0,2.61364
26.5833,822.0,1.875
26.5833,793.0,1.875
26.5833,797.0,1.875
26.6667,792.0,1.875
26.6667,802.0,0.681818
26.75,853.0,0.681818
26.8333,914.0,3.29545
26.9167,906.0,3.29545
27.0833,930.0,3.46591
27.1667,955.0,3.63636
27.25,903.0,3.80682
27.3333,860.0,3.46591
27.4167,849.0,2.78409
27.5,832.0,2.78409
27.5,798.0,1.98864
27.5833,783.0,1.98864
27.6667,798.0,3.63636
27.6667,809.0,3.63636
27.6667,810.0,3.63636
27.75,804.0,3.63636
27.75,799.0,0.795454
27.75,784.0,0.795454
27.75,786.0,0.795454
27.8333,786.0,0.852273
27.9167,807.0,0.852273
28.0,868.0,1.64773
28.0833,933.0,3.63636
28.1667,939.0,2.89773
28.25,896.0,3.46591
28.4167,929.0,3.46591
28.5,969.0,3.40909
28.5833,979.0,3.29545
28.6667,945.0,2.89773
28.75,909.0,4.48864
28.8333,874.0,2.84091
29.0,872.0,3.23864
29.0833,833.0,3.46591
29.1667,846.0,3.29545
29.1667,890.0,3.29545
29.1667,897.0,3.29545
29.25,870.0,3.29545
29.25,862.0,0.852273
29.25,890.0,0.852273
29.3333,926.0,1.13636
29.5,968.0,3.52273
29.5833,946.0,4.20454
29.6667,907.0,2.5
29.75,867.0,3.29545
29.8333,855.0,3.40909
29.9167,854.0,3.40909
30.0833,872.0,3.23864
30.1667,911.0,3.23864
30.25,1006.0,2.89773
30.3333,1002.0,3.97727
30.4167,977.0,4.48864
30.5,1011.0,3.125
30.5833,1049.0,3.23864
30.6667,1041.0,3.23864
30.6667,1028.0,1.59091
30.6667,1028.0,1.59091
30.75,1059.0,1.13636
30.8333,1078.0,3.69318
31.0,1119.0,3.69318
31.0833,1120.0,4.03409
31.1667,1066.0,3.125
31.25,1066.0,3.92045
31.4167,1019.0,3.92045
31.5,979.0,3.29545
31.5,997.0,3.86364
31.5833,1052.0,1.64773
31.5833,1129.0,1.64773
31.6667,1126.0,1.53409
31.75,1085.0,3.63636
31.8333,1059.0,3.63636
31.9167,1057.0,1.59091
31.9167,1084.0,3.40909
31.9167,1104.0,3.40909
31.9167,1125.0,3.40909
32.0833,1131.0,3.40909
32.1667,1120.0,3.23864
32.25,1095.0,3.46591
32.25,1098.0,2.84091
32.3333,1111.0,2.84091
32.4167,1142.0,3.57954
32.5,1146.0,3.80682
32.5833,1122.0,3.80682
32.6667,1085.0,1.64773
32.75,1047.0,3.40909
32.8333,1052.0,3.01136
33.0,1062.0,3.06818
33.0833,1058.0,3.97727
33.1667,1038.0,2.89773
33.25,1026.0,3.97727
33.3333,1022.0,4.31818
33.4167,1029.0,3.23864
33.4167,1027.0,3.23864
33.5,1031.0,3.23864
33.5,1051.0,1.13636
33.5833,1086.0,1.13636
33.5833,1126.0,1.64773
33.75,1096.0,1.70455
33.8333,1016.0,3.69318
33.9167,974.0,3.40909
34.0,949.0,3.52273
34.0,964.0,3.01136
34.0833,1002.0,1.70455
34.1667,1010.0,3.46591
34.25,1002.0,3.46591
34.3333,1002.0,1.875
34.4167,977.0,3.57954
34.4167,978.0,3.57954
34.5833,1010.0,3.57954
34.5833,1026.0,3.57954
34.5833,1039.0,3.57954
34.5833,1036.0,3.57954
34.6667,1026.0,0.852273
34.8333,1002.0,3.23864
34.8333,969.0,3.69318
34.9167,901.0,3.69318
35.0,873.0,3.46591
35.1667,874.0,3.46591
35.25,930.0,3.57954
35.3333,954.0,3.06818
35.4167,941.0,3.29545
35.5,944.0,3.40909
35.5833,981.0,3.40909
35.6667,998.0,1.76136
35.6667,995.0,3.18182
35.75,970.0,1.70455
35.75,909.0,1.70455
35.75,880.0,1.70455
35.8333,896.0,1.70455
35.8333,899.0,0.852273
35.8333,894.0,0.852273
35.9167,895.0,1.07955
36.0,862.0,3.92045
36.1667,822.0,3.29545
36.25,795.0,3.18182
36.3333,769.0,4.03409
36.4167,783.0,4.14773
36.5833,808.0,4.14773
36.6667,791.0,4.375
36.75,765.0,3.125
36.8333,726.0,2.78409
36.9167,691.0,4.03409
37.0833,692.0,3.69318
37.1667,754.0,3.52273
37.25,831.0,3.29545
37.3333,831.0,3.92045
37.3333,850.0,3.92045
37.3333,831.0,3.92045
37.4167,831.0,3.92045
37.5,802.0,0.795454
37.5833,815.0,3.75
37.5833,874.0,3.01136
37.6667,950.0,1.81818
37.8333,970.0,2.78409
37.9167,940.0,3.80682
38.0,879.0,4.09091
38.0833,852.0,3.40909
38.0833,888.0,3.40909
38.1667,907.0,1.64773
38.25,936.0,3.125
38.3333,936.0,3.125
38.3333,1018.0,1.98864
38.4167,1025.0,1.53409
38.4167,1023.0,1.53409
38.5,999.0,1.76136
38.5,943.0,1.76136
38.5,929.0,1.76136
38.5833,943.0,1.76136
38.6667,989.0,3.52273
38.75,1023.0,3.57954
38.8333,1069.0,3.57954
38.9167,1094.0,1.59091
39.0,1094.0,3.97727
39.0833,1107.0,3.18182
39.1667,1145.0,3.80682
39.25,1161.0,3.35227
39.3333,1194.0,3.35227
39.3333,1211.0,1.47727
39.4167,1164.0,1.81818
39.5,1101.0,3.69318
39.5833,1074.0,3.52273
39.6667,1073.0,3.52273
39.6667,1113.0,1.64773
39.75,1164.0,1.64773
39.8333,1191.0,3.75
39.8333,1167.0,3.75
40.0,1137.0,3.75
40.0833,1101.0,3.52273
40.0833,1024.0,3.40909
40.1667,1025.0,1.64773
40.25,1025.0,3.57954
40.3333,1066.0,3.52273
40.5,1062.0,3.52273
40.5,994.0,3.57954
40.5833,969.0,1.70455
40.6667,953.0,3.23864
40.75,973.0,3.29545
40.8333,1067.0,2.67045
41.0,1113.0,3.40909
41.0833,1164.0,3.57954
41.0833,1167.0,4.14773
41.0833,1115.0,4.14773
41.1667,1095.0,1.07955
41.25,1042.0,3.52273
41.25,1042.0,3.52273
41.25,1089.0,3.52273
41.3333,1120.0,3.52273
41.4167,1124.0,0.795454
41.5,1103.0,3.92045
41.5833,1082.0,2.95454
41.75,1078.0,3.23864
41.8333,1084.0,3.52273
41.8333,1089.0,3.63636
41.8333,1076.0,3.63636
41.9167,1039.0,1.07955
41.9167,1016.0,1.07955
42.0833,1016.0,1.76136
42.1667,1043.0,3.125
42.25,1051.0,3.52273
42.3333,1043.0,3.40909
42.4167,1034.0,4.20454
42.5,1037.0,3.125
42.5833,1063.0,3.35227
42.6667,1128.0,3.125
42.6667,1215.0,3.125
42.75,1170.0,3.125
42.8333,1082.0,3.69318
42.9167,1045.0,3.125
43.0,1005.0,3.35227
43.1667,1073.0,3.35227
43.25,1073.0,3.23864
43.3333,1194.0,3.57954
43.3333,1260.0,3.125
43.4167,1260.0,1.64773
43.5,1192.0,3.06818
43.5833,1133.0,3.80682
43.6667,1139.0,2.72727
43.75,1169.0,3.18182
43.8333,1214.0,3.18182
43.8333,1260.0,1.70455
43.8333,1300.0,1.70455
43.8333,1297.0,1.70455
43.8333,1270.0,1.70455
43.9167,1246.0,0.625
43.9167,1232.0,0.625
44.0,1231.0,0.625
44.0,1213.0,1.02273
44.0833,1216.0,1.70455
44.1667,1224.0,3.52273
44.3333,1230.0,3.52273
44.4167,1219.0,3.92045
44.5,1177.0,3.29545
44.5,1177.0,3.18182
44.5833,1180.0,1.59091
44.5833,1188.0,1.59091
44.6667,1191.0,1.59091
44.75,1178.0,1.13636
44.75,1163.0,3.23864
44.8333,1159.0,1.64773
44.9167,1160.0,3.18182
44.9167,1172.0,3.18182
44.9167,1190.0,3.18182
44.9167,1184.0,3.18182
45.0,1153.0,3.18182
45.0833,1116.0,0.625
45.1667,1110.0,3.35227
45.25,1106.0,3.29545
45.4167,1100.0,3.29545
45.5,1060.0,3.40909
45.5833,997.0,3.52273
45.6667,1005.0,2.67045
45.75,1024.0,4.20454
45.8333,1042.0,3.35227
46.0,1078.0,3.35227
46.0833,1135.0,3.46591
46.1667,1142.0,2.95454
46.25,1142.0,3.29545
46.3333,1137.0,2.95454
46.4167,1135.0,3.35227
46.4167,1166.0,3.35227
46.4167,1213.0,3.35227
46.5,1257.0,3.35227
46.5833,1307.0,0.795454
46.6667,1297.0,3.46591
46.75,1249.0,3.35227
46.9167,1170.0,3.35227
47.0,1077.0,3.29545
47.0833,1038.0,3.125
47.1667,1056.0,3.35227
47.25,1062.0,3.29545
47.25,1096.0,2.84091
47.4167,1152.0,2.84091
47.5,1148.0,3.80682
47.5833,1131.0,3.18182
47.6667,1155.0,3.06818
47.6667,1170.0,3.69318
47.75,1196.0,1.64773
47.75,1221.0,1.64773
47.75,1210.0,1.64773
47.75,1199.0,1.64773
47.8333,1227.0,1.64773
47.9167,1233.0,3.63636
48.0,1246.0,3.125
48.0833,1255.0,3.57954
48.25,1239.0,3.29545
48.3333,1236.0,3.01136
48.4167,1244.0,3.75
48.5,1226.0,4.09091
48.5833,1222.0,3.29545
48.5833,1172.0,3.29545
48.6667,902.0,3.29545
48.75,719.0,1.07955
48.8333,591.0,3.06818
48.8333,476.0,3.40909
48.9167,488.0,1.64773
49.0,488.0,3.06818
49.0,440.0,3.06818
49.0833,460.0,3.06818
49.1667,460.0,1.02273
49.25,497.0,3.23864
49.25,499.0,2.89773
49.3333,518.0,2.89773
49.4167,542.0,3.125
49.5,576.0,3.125
49.5833,541.0,4.14773
49.6667,513.0,2.38636
49.75,515.0,3.86364
49.8333,522.0,3.125
49.9167,505.0,2.89773
49.9167,496.0,2.89773
50.0,497.0,2.89773
50.0833,517.0,1.02273
50.1667,534.0,2.84091
50.25,536.0,2.95454
50.3333,537.0,2.72727
50.4167,537.0,2.84091
50.4167,582.0,3.06818
50.4167,620.0,3.06818
50.5,614.0,3.06818
50.5833,617.0,0.909091
50.6667,627.0,3.46591
50.75,614.0,3.01136
50.8333,611.0,2.61364
50.9167,625.0,3.35227
51.0,626.0,2.21591
51.0833,652.0,3.125
51.1667,649.0,2.78409
51.25,649.0,2.84091
51.3333,649.0,3.06818
51.4167,639.0,2.84091
51.5,644.0,2.55682
51.5833,639.0,2.95454
51.6667,630.0,2.78409
51.75,618.0,2.72727
51.75,609.0,2.67045
51.75,615.0,2.67045
51.8333,632.0,1.25
51.8333,638.0,1.25
51.9167,656.0,1.36364
51.9167,679.0,1.36364
51.9167,684.0,1.36364
51.9167,684.0,1.36364
52.0,682.0,0.681818
52.0833,685.0,0.681818
52.1667,702.0,2.72727
52.25,696.0,2.55682
52.25,696.0,2.32954
52.3333,702.0,2.38636
52.4167,727.0,2.78409
52.5,731.0,2.61364
52.5833,720.0,3.06818
52.6667,697.0,2.61364
52.75,693.0,2.27273
52.75,706.0,2.27273
52.8333,698.0,2.27273
52.8333,695.0,1.25
52.9167,701.0,1.25
52.9167,701.0,1.25
53.0,720.0,2.72727
53.0,737.0,2.72727
53.0,737.0,2.72727
53.0833,750.0,0.795454
53.1667,752.0,0.795454
53.1667,741.0,2.44318
53.1667,737.0,2.44318
53.25,726.0,1.19318
53.3333,721.0,2.27273
53.3333,723.0,2.27273
53.3333,725.0,2.27273
53.4167,729.0,2.27273
53.4167,692.0,0.795454
53.5,517.0,1.875
53.5833,293.0,1.875
53.6667,122.0,2.10227
53.6667,8.0,2.61364
53.75,0.0,2.10227
53.8333,0.0,2.44318
53.9167,0.0,2.44318
53.9167,0.0,1.76136
54.0,0.0,1.76136
54.0,1.0,1.76136
54.0,0.0,1.76136
54.0833,0.0,1.07955
54.1667,0.0,1.07955
54.1667,0.0,1.53409
54.25,0.0,2.04545
54.3333,0.0,2.04545
54.3333,0.0,1.875
54.3333,0.0,1.875
54.3333,0.0,1.875
54.4167,0.0,0.738636
54.4167,0.0,0.738636
54.5,0.0,1.53409
54.5,0.0,1.53409
54.5,0.0,1.53409
54.5,0.0,1.53409
54.5833,0.0,1.53409
54.5833,0.0,0.681818
54.6667,0.0,0.681818
54.6667,0.0,1.42045
54.6667,0.0,1.42045
54.6667,0.0,1.42045
54.6667,0.0,1.42045
54.75,0.0,1.42045
54.75,0.0,0.511364
54.75,0.0,0.511364
54.8333,0.0,0.511364
54.8333,0.0,1.07955
54.8333,0.0,1.07955
54.9167,0.0,1.07955
54.9167,0.0,0.909091
54.9167,0.0,0.909091
54.9167,0.0,0.909091
54.9167,0.0,0.909091
55.0,0.0,0.625
55.0,1486.0,0.625
55.0833,4088.0,1.36364
55.0833,4442.0,1.36364
55.0833,4138.0,1.36364
55.1667,3940.0,0.965909
55.1667,2417.0,0.965909
55.25,1990.0,0.965909
55.25,1352.0,1.13636
55.3333,1280.0,1.13636
55.3333,748.0,1.47727
55.3333,854.0,1.47727
55.4167,854.0,1.47727
55.4167,1340.0,0.852273
55.4167,1839.0,0.852273
55.4167,1183.0,0.852273
55.5,680.0,0.852273
55.5,560.0,0.852273
55.5833,716.0,1.25
55.5833,884.0,1.25
55.6667,913.0,1.47727
55.6667,1089.0,1.47727
55.6667,1457.0,1.47727
55.6667,1994.0,1.47727
55.6667,1955.0,1.47727
55.6667,1659.0,1.47727
55.75,1399.0,0.511364
55.8333,1235.0,0.511364
55.8333,1387.0,1.59091
55.8333,1734.0,1.59091
55.9167,2046.0,1.30682
55.9167,2217.0,1.30682
56.0,1974.0,1.25
56.0,1477.0,1.25
56.0,1320.0,1.25
56.0,1311.0,1.25
56.0,1315.0,1.25
56.0,1325.0,1.25
56.0833,1572.0,1.25
56.0833,1669.0,0.454545
56.0833,1649.0,0.454545
56.0833,1613.0,0.454545
56.0833,1625.0,0.454545
56.1667,1636.0,0.568182
56.1667,1652.0,0.568182
56.25,1695.0,1.53409
56.25,1714.0,1.53409
56.3333,1695.0,1.53409
56.3333,1734.0,1.53409
56.3333,1800.0,1.53409
56.3333,1830.0,1.53409
56.3333,1824.0,1.53409
56.4167,1773.0,1.53409
56.4167,1699.0,0.511364
56.5,1600.0,1.76136
56.5,1600.0,1.76136
56.5833,1603.0,1.70455
56.6667,1675.0,1.70455
56.6667,1738.0,1.76136
56.75,1755.0,1.875
56.8333,1724.0,1.875
56.8333,1632.0,1.70455
56.8333,1572.0,1.70455
56.8333,1586.0,1.70455
56.9167,1655.0,0.909091
57.0,1756.0,0.909091
57.0,1757.0,1.76136
57.0833,1728.0,1.64773
57.0833,1636.0,1.64773
57.1667,1502.0,1.81818
57.25,1529.0,1.81818
57.25,1585.0,1.875
57.3333,1637.0,1.76136
57.4167,1606.0,2.10227
57.5,1587.0,2.10227
57.5,1618.0,2.32954
57.5,1657.0,2.32954
57.5833,1739.0,2.32954
57.5833,1832.0,0.965909
57.5833,1796.0,0.965909
57.6667,1797.0,0.965909
57.6667,1651.0,0.965909
57.75,1511.0,1.81818
57.8333,1496.0,2.21591
57.9167,1536.0,2.21591
58.0,1597.0,2.32954
58.0,1612.0,2.15909
58.0833,1541.0,2.38636
58.1667,1514.0,2.38636
58.25,1554.0,1.93182
58.25,1647.0,2.5
58.3333,1754.0,1.98864
58.4167,1733.0,2.55682
58.5,1684.0,2.32954
58.5,1685.0,2.32954
58.5833,1638.0,1.70455
58.6667,1754.0,2.32954
58.75,1823.0,2.55682
58.8333,1823.0,2.55682
58.9167,1807.0,2.27273
58.9167,1653.0,2.27273
59.0,1454.0,2.32954
59.0833,1404.0,2.21591
59.0833,1422.0,2.21591
59.0833,1500.0,2.21591
59.0833,1651.0,2.21591
59.0833,1682.0,2.21591
59.0833,1653.0,2.21591
59.0833,1542.0,2.21591
59.0833,1499.0,2.21591
59.1667,1536.0,2.21591
59.1667,1634.0,0.340909
59.25,1710.0,1.98864
59.25,1710.0,1.98864
59.3333,1566.0,1.30682
59.4167,1495.0,1.30682
59.5,1448.0,2.27273
59.5833,1487.0,2.72727
59.6667,1694.0,2.55682
59.6667,1758.0,2.44318
59.6667,1708.0,2.44318
59.75,1659.0,1.19318
59.8333,1527.0,2.72727
59.9167,1473.0,2.72727
60.0,1507.0,2.67045
60.0833,1580.0,2.67045
60.0833,1623.0,2.38636
60.1667,1514.0,2.38636
60.25,1449.0,1.30682
60.25,1439.0,2.27273
60.25,1477.0,2.27273
60.3333,1601.0,1.30682
60.3333,1661.0,1.30682
60.4167,1607.0,1.25
60.5,1496.0,1.25
60.5,1408.0,2.55682
60.5833,1404.0,2.55682
60.6667,1533.0,1.30682
60.75,1599.0,2.5
60.8333,1602.0,3.06818
60.9167,1602.0,2.5
61.0,1498.0,3.06818
61.0833,1441.0,2.78409
61.0833,1402.0,3.06818
61.1667,1402.0,1.875
61.25,1475.0,2.78409
61.3333,1577.0,3.57954
61.4167,1607.0,2.61364
61.5,1595.0,2.61364
61.5833,1571.0,3.18182
61.6667,1571.0,2.44318
61.75,1571.0,2.89773
61.8333,1575.0,2.72727
61.9167,1572.0,2.84091
62.0,1574.0,2.84091
62.0833,1574.0,2.84091
62.1667,1562.0,2.5
62.25,1544.0,3.125
62.3333,1530.0,2.95454
62.3333,1520.0,2.95454
62.4167,1526.0,2.95454
62.5,1529.0,3.06818
62.5833,1528.0,3.06818
62.6667,1534.0,3.18182
62.75,1528.0,2.89773
62.8333,1531.0,2.89773
62.9167,1521.0,3.75
63.0,1515.0,3.01136
63.0833,1507.0,2.44318
63.1667,1502.0,3.40909
63.25,1505.0,2.84091
63.3333,1497.0,3.40909
63.4167,1453.0,2.67045
63.5833,1442.0,2.95454
63.5833,1449.0,3.23864
63.6667,1466.0,3.23864
63.75,1473.0,1.42045
63.8333,1455.0,3.06818
63.9167,1447.0,3.01136
64.0,1449.0,3.01136
64.0,1476.0,2.78409
64.0833,1497.0,2.78409
64.1667,1498.0,3.18182
64.25,1498.0,3.18182
64.3333,1488.0,3.06818
64.4167,1480.0,3.18182
64.5833,1474.0,3.18182
64.6667,1480.0,3.125
64.75,1496.0,3.23864
64.75,1508.0,3.125
64.8333,1497.0,1.64773
64.9167,1465.0,3.06818
64.9167,1449.0,3.06818
65.0,1438.0,1.70455
65.0,1437.0,1.70455
65.0,1372.0,1.70455
65.0833,1322.0,1.70455
65.1667,1295.0,0.795454
65.1667,1316.0,2.89773
65.25,1378.0,1.70455
65.25,1394.0,1.70455
65.4167,1378.0,1.70455
65.5,1349.0,3.40909
65.5833,1340.0,3.23864
65.6667,1367.0,3.29545
65.75,1369.0,3.35227
65.8333,1365.0,3.125
66.0,1349.0,3.125
66.0833,1316.0,3.52273
66.1667,1291.0,3.29545
66.25,1287.0,3.52273
66.3333,1291.0,3.01136
66.4167,1300.0,3.46591
66.5,1298.0,3.46591
66.5,1278.0,3.46591
66.5,1258.0,3.46591
66.5833,1247.0,0.795454
66.6667,1246.0,3.35227
66.75,1235.0,3.63636
66.8333,1226.0,3.63636
66.9167,1220.0,1.64773
67.0,1203.0,2.95454
67.0833,1201.0,3.80682
67.1667,1205.0,3.06818
67.3333,1195.0,3.125
67.3333,1173.0,3.57954
67.4167,1173.0,3.57954
67.5,1128.0,3.92045
67.5833,1068.0,3.23864
67.6667,1077.0,3.40909
67.8333,1114.0,3.40909
67.9167,1148.0,3.35227
68.0,1143.0,3.18182
68.0833,1117.0,3.40909
68.1667,1070.0,3.01136
68.3333,1042.0,3.01136
68.3333,1039.0,3.23864
68.4167,1076.0,3.23864
68.5,1104.0,3.46591
68.5833,1133.0,3.40909
68.75,1103.0,3.46591
68.8333,1074.0,4.03409
68.9167,1080.0,3.63636
69.0,1084.0,3.23864
69.0833,1110.0,3.23864
69.0833,1122.0,1.76136
69.1667,1106.0,1.76136
69.1667,1061.0,1.53409
69.25,1030.0,1.93182
69.25,1024.0,1.93182
69.25,1025.0,1.93182
69.25,1046.0,1.93182
69.25,1049.0,1.93182
69.25,979.0,1.93182
69.4167,927.0,1.93182
69.5,896.0,3.75
69.5,860.0,2.89773
69.5833,884.0,2.89773
69.6667,928.0,3.92045
69.75,916.0,3.86364
69.9167,882.0,3.86364
70.0,856.0,3.46591
70.0833,865.0,3.52273
70.1667,934.0,3.29545
70.1667,935.0,3.29545
70.25,1106.0,1.76136
70.25,1172.0,1.76136
70.3333,1107.0,1.76136
70.4167,1107.0,3.57954
70.4167,1063.0,3.57954
70.4167,1059.0,3.57954
70.5,1141.0,3.57954
70.5833,1247.0,0.795454
70.6667,1252.0,3.18182
70.75,1231.0,3.29545
70.75,1191.0,3.29545
70.9167,1095.0,3.29545
71.0,1129.0,4.20454
71.0833,1160.0,3.35227
71.1667,1160.0,3.23864
71.25,1127.0,3.125
71.3333,1079.0,3.23864
71.5,1031.0,3.29545
71.5833,1016.0,4.54545
71.6667,1004.0,3.40909
71.75,1075.0,2.95454
71.9167,1144.0,3.52273
71.9167,1164.0,3.92045
71.9167,1163.0,3.92045
71.9167,1157.0,3.92045
72.0,1166.0,0.795454
72.0833,1179.0,3.75
72.25,1194.0,3.75
72.3333,1202.0,3.46591
72.4167,1217.0,3.52273
72.5,1208.0,3.86364
72.5833,1201.0,3.69318
72.75,1209.0,3.69318
72.8333,1212.0,3.46591
72.9167,1224.0,3.23864
73.0,1240.0,3.46591
73.0833,1247.0,3.57954
73.1667,1271.0,3.46591
73.25,1253.0,3.46591
73.3333,1226.0,1.47727
73.4167,1210.0,3.46591
73.4167,1218.0,3.40909
73.4167,1251.0,3.40909
73.4167,1268.0,3.40909
73.5833,1257.0,3.40909
73.6667,1222.0,4.20454
73.75,1222.0,2.89773
73.8333,1137.0,3.86364
73.9167,1147.0,3.35227
74.0833,1189.0,3.35227
74.1667,1231.0,4.03409
74.25,1274.0,2.95454
74.3333,1259.0,3.35227
74.4167,1248.0,3.80682
74.4167,1260.0,3.80682
74.5,1271.0,3.80682
74.5833,1279.0,1.07955
74.6667,1266.0,3.35227
74.6667,1254.0,3.52273
74.6667,1245.0,3.52273
74.6667,1240.0,3.52273
74.6667,1241.0,3.52273
74.75,1243.0,3.52273
74.8333,1251.0,0.568182
74.9167,1259.0,3.69318
75.0,1245.0,3.29545
75.1667,1242.0,3.29545
75.25,1242.0,3.23864
75.3333,1237.0,4.20454
75.3333,1237.0,4.20454
75.4167,1238.0,1.64773
75.5,1221.0,3.29545
75.6667,1214.0,3.29545
75.75,1220.0,3.57954
75.8333,1232.0,3.57954
75.9167,1235.0,3.97727
76.0,1235.0,2.89773
76.0833,1226.0,2.89773
76.0833,1201.0,1.81818
76.0833,1199.0,1.81818
76.0833,1213.0,1.81818
76.1667,1231.0,0.852273
76.25,1248.0,3.40909
76.4167,1245.0,3.40909
76.5,1245.0,3.35227
76.5833,1240.0,4.375
76.6667,1232.0,3.23864
76.75,1231.0,4.26136
76.9167,1217.0,4.26136
77.0,1217.0,3.40909
77.0833,1203.0,3.57954
77.0833,1197.0,3.18182
77.1667,1168.0,1.59091
77.3333,1166.0,1.59091
77.4167,1164.0,3.52273
77.4167,1162.0,3.01136
77.5,1173.0,3.01136
77.5833,1192.0,3.18182
77.6667,1213.0,3.40909
77.6667,1212.0,3.40909
77.8333,1218.0,3.40909
77.8333,1189.0,3.92045
77.9167,1173.0,3.92045
78.0,1158.0,3.29545
78.0833,1146.0,3.23864
78.25,1149.0,3.23864
78.3333,1170.0,3.69318
78.4167,1189.0,3.35227
78.5,1191.0,3.52273
78.5833,1158.0,2.95454
78.5833,1126.0,2.95454
78.75,1128.0,2.95454
78.75,1148.0,3.52273
78.8333,1149.0,3.52273
78.9167,1214.0,4.03409
78.9167,1244.0,4.03409
78.9167,1243.0,4.03409
79.0,1228.0,4.03409
79.0,1256.0,0.795454
79.0833,1290.0,0.795454
79.1667,1297.0,1.70455
79.25,1287.0,3.01136
79.3333,1266.0,3.75
79.4167,1267.0,3.75
79.5,1272.0,1.76136
79.5833,1260.0,3.75
79.6667,1231.0,3.35227
79.75,1188.0,3.52273
79.8333,1169.0,2.89773
80.0,1196.0,3.06818
80.0833,1223.0,3.63636
80.1667,1223.0,4.14773
80.25,1274.0,3.06818
80.3333,1280.0,3.23864
80.4167,1286.0,3.52273
80.5,1295.0,3.52273
80.5833,1278.0,1.53409
80.6667,1308.0,2.95454
80.75,1355.0,3.86364
80.8333,1362.0,3.18182
80.9167,1357.0,2.89773
81.0833,1348.0,2.89773
81.1667,1327.0,3.01136
81.25,1327.0,3.18182
81.3333,1338.0,3.80682
81.4167,1351.0,4.375
81.5,1365.0,3.29545
81.6667,1352.0,3.29545
81.75,1341.0,3.69318
81.8333,1348.0,3.18182
81.8333,1382.0,3.35227
81.9167,1406.0,3.35227
81.9167,1422.0,1.47727
82.0,1423.0,1.64773
82.0,1380.0,1.64773
82.0,1352.0,1.64773
82.0833,1285.0,1.64773
82.1667,1271.0,0.795454
82.25,1292.0,3.35227
82.3333,1320.0,3.86364
82.4167,1312.0,3.40909
82.4167,1308.0,3.40909
82.5833,1306.0,3.40909
82.6667,1320.0,3.52273
82.75,1330.0,3.06818
82.8333,1299.0,3.40909
82.8333,1268.0,3.40909
82.9167,1243.0,3.40909
83.0,1239.0,3.92045
83.1667,1239.0,3.92045
83.25,1268.0,3.46591
83.3333,1291.0,3.46591
83.4167,1315.0,2.78409
83.4167,1314.0,3.63636
83.4167,1314.0,3.63636
83.4167,1316.0,3.63636
83.5,1324.0,0.795454
83.6667,1357.0,3.125
83.75,1441.0,3.46591
83.8333,1454.0,3.29545
83.9167,1429.0,3.01136
84.0,1388.0,3.18182
84.0833,1397.0,3.40909
84.1667,1419.0,3.06818
84.25,1420.0,3.35227
84.3333,1360.0,2.89773
84.4167,1300.0,2.89773
84.5,1256.0,1.59091
84.5833,1257.0,3.52273
84.5833,1308.0,3.23864
84.6667,1397.0,3.23864
84.75,1401.0,3.125
84.8333,1364.0,3.40909
84.8333,1343.0,3.40909
84.8333,1328.0,3.40909
84.9167,1367.0,3.40909
85.0,1368.0,0.795454
85.0833,1363.0,3.29545
85.1667,1364.0,2.72727
85.25,1394.0,2.95454
85.3333,1413.0,3.29545
85.4167,1397.0,3.97727
85.5833,1382.0,3.97727
85.6667,1341.0,3.46591
85.75,1265.0,3.06818
85.8333,1337.0,3.35227
85.9167,1417.0,2.72727
86.0,1425.0,3.18182
86.0833,1317.0,3.35227
86.0833,1260.0,3.35227
86.1667,1249.0,1.53409
86.1667,1293.0,1.53409
86.25,1338.0,1.59091
86.25,1434.0,1.59091
86.25,1435.0,1.59091
86.3333,1397.0,1.59091
86.4167,1332.0,4.03409
86.5,1332.0,2.84091
86.5833,1323.0,2.89773
86.6667,1387.0,3.01136
86.75,1436.0,3.23864
86.9167,1437.0,3.23864
87.0,1356.0,3.35227
87.0833,1262.0,3.29545
87.1667,1215.0,3.125
87.25,1220.0,3.23864
87.25,1250.0,2.72727
87.3333,1371.0,1.53409
87.4167,1408.0,3.35227
87.5,1398.0,3.57954
87.6667,1373.0,3.57954
87.75,1346.0,3.06818
87.75,1355.0,3.29545
87.75,1384.0,3.29545
87.75,1436.0,3.29545
87.8333,1459.0,3.29545
87.9167,1404.0,3.57954
88.0,1337.0,2.67045
88.0833,1276.0,3.23864
88.1667,1248.0,3.125
88.3333,1266.0,3.125
88.4167,1337.0,3.40909
88.5,1389.0,3.92045
88.5833,1414.0,2.55682
88.6667,1393.0,3.06818
88.75,1350.0,2.89773
88.8333,1328.0,3.18182
89.0,1336.0,3.35227
89.0833,1363.0,3.63636
89.1667,1382.0,2.84091
89.25,1363.0,2.89773
89.3333,1325.0,3.92045
89.3333,1314.0,3.92045
89.3333,1328.0,3.92045
89.3333,1330.0,3.92045
89.5,1361.0,3.92045
89.5833,1380.0,4.09091
89.6667,1350.0,2.95454
89.75,1297.0,3.29545
89.8333,1297.0,3.29545
89.9167,1287.0,3.23864
90.0,1312.0,3.97727
90.0833,1349.0,2.89773
90.1667,1438.0,3.06818
90.1667,1416.0,3.06818
90.25,1367.0,3.06818
90.3333,1316.0,3.57954
90.4167,1265.0,3.29545
90.5,1294.0,2.84091
90.5833,1293.0,3.06818
90.6667,1319.0,3.06818
90.75,1328.0,1.70455
90.75,1336.0,2.95454
90.75,1349.0,2.95454
90.8333,1354.0,2.95454
90.9167,1382.0,4.09091
91.0,1387.0,2.38636
91.1667,1399.0,2.38636
91.25,1398.0,3.52273
91.3333,1380.0,3.125
91.4167,1354.0,4.48864
91.5,1336.0,2.84091
91.5833,1323.0,2.95454
91.6667,1321.0,3.63636
91.8333,1315.0,3.63636
91.9167,1360.0,3.29545
92.0,1385.0,3.29545
92.0833,1379.0,3.18182
92.1667,1355.0,2.95454
92.1667,1313.0,2.89773
92.25,1304.0,1.76136
92.25,1307.0,1.76136
92.25,1318.0,1.76136
92.3333,1322.0,1.76136
92.4167,1314.0,0.795454
92.5,1309.0,3.75
92.5,1303.0,2.55682
92.5833,1304.0,1.70455
92.6667,1302.0,2.72727
92.8333,1292.0,2.72727
92.9167,1285.0,3.52273
93.0,1289.0,2.78409
93.0833,1289.0,3.75
93.1667,1299.0,3.23864
93.25,1311.0,3.35227
93.3333,1316.0,3.69318
93.4167,1316.0,3.23864
93.5833,1314.0,3.01136
93.6667,1288.0,3.01136
93.75,1271.0,3.46591
93.75,1274.0,3.29545
93.8333,1297.0,3.29545
93.8333,1316.0,1.47727
93.9167,1324.0,1.53409
94.0833,1310.0,1.53409
94.1667,1275.0,3.35227
94.25,1235.0,2.95454
94.3333,1251.0,3.23864
94.4167,1309.0,3.46591
94.5,1358.0,4.03409
94.5833,1355.0,2.95454
94.6667,1278.0,2.72727
94.75,1243.0,3.40909
94.9167,1231.0,3.40909
95.0,1250.0,3.69318
95.0833,1305.0,3.01136
95.1667,1320.0,3.125
95.25,1282.0,2.89773
95.3333,1238.0,3.125
95.4167,1205.0,3.35227
95.5,1223.0,3.01136
95.6667,1265.0,3.01136
95.6667,1296.0,2.89773
95.75,1315.0,2.89773
95.8333,1301.0,1.70455
95.9167,1265.0,3.18182
96.0,1249.0,3.40909
96.0833,1282.0,2.72727
96.25,1312.0,3.40909
96.3333,1330.0,3.57954
96.4167,1325.0,3.29545
96.5,1308.0,3.18182
96.5833,1288.0,3.23864
96.6667,1285.0,3.23864
96.75,1273.0,3.29545
96.8333,1273.0,3.125
96.9167,1257.0,2.89773
97.0,1244.0,2.89773
97.0833,1265.0,1.53409
97.0833,1267.0,3.92045
97.0833,1278.0,3.92045
97.0833,1289.0,3.92045
97.1667,1287.0,0.738636
97.25,1297.0,3.23864
97.3333,1298.0,3.23864
97.5,1321.0,3.23864
97.5833,1335.0,3.35227
97.6667,1301.0,2.72727
97.75,1261.0,4.26136
97.8333,1196.0,3.35227
97.8333,1209.0,3.35227
97.9167,1310.0,1.53409
98.0,1386.0,3.06818
98.0833,1375.0,3.29545
98.0833,1286.0,3.29545
98.25,1200.0,3.29545
98.3333,1152.0,3.125
98.4167,1176.0,2.84091
98.5,1177.0,4.03409
98.5833,1233.0,2.89773
98.6667,1327.0,2.89773
98.75,1282.0,2.89773
98.8333,1231.0,4.03409
98.9167,1211.0,3.35227
99.0,1230.0,2.55682
99.0833,1278.0,3.125
99.1667,1310.0,3.125
99.25,1319.0,1.70455
99.3333,1312.0,2.95454
99.4167,1316.0,3.01136
99.5,1338.0,3.29545
99.5,1373.0,3.06818
99.5833,1375.0,3.06818
99.6667,1380.0,3.75
99.75,1336.0,3.29545
99.8333,1340.0,3.06818
99.8333,1375.0,3.06818
99.8333,1375.0,3.06818
99.9167,1386.0,1.02273
100.0,1376.0,2.89773
100.0,1378.0,2.89773
100.167,1365.0,2.89773
100.25,1349.0,3.125
100.333,1356.0,3.23864
100.417,1402.0,2.55682
100.5,1439.0,3.01136
100.583,1512.0,3.23864
100.583,1503.0,3.35227
100.667,1437.0,1.53409
100.75,1362.0,3.40909
100.833,1296.0,2.44318
100.917,1273.0,3.75
100.917,1341.0,3.75
100.917,1372.0,3.75
101.0,1382.0,0.965909
101.083,1376.0,3.63636
101.167,1377.0,2.89773
101.25,1431.0,2.67045
101.333,1478.0,2.67045
101.417,1471.0,1.64773
101.5,1438.0,2.61364
101.5,1382.0,2.67045
101.5,1342.0,2.67045
101.583,1340.0,2.67045
101.583,1381.0,1.02273
101.667,1479.0,1.02273
101.75,1498.0,1.47727
101.833,1509.0,2.55682
101.917,1508.0,3.23864
102.0,1534.0,3.75
102.083,1554.0,2.67045
102.167,1517.0,3.52273
102.25,1459.0,2.72727
102.333,1422.0,2.78409
102.5,1345.0,2.78409
102.583,1312.0,4.09091
102.667,1326.0,2.84091
102.75,1363.0,3.18182
102.833,1444.0,2.78409
102.917,1497.0,3.23864
103.0,1497.0,3.01136
103.083,1499.0,2.84091
103.167,1479.0,2.55682
103.25,1464.0,2.95454
103.25,1456.0,2.89773
103.333,1455.0,2.89773
103.417,1464.0,3.46591
103.5,1447.0,2.89773
103.583,1444.0,3.35227
103.583,1449.0,3.35227
103.667,1454.0,1.42045
103.75,1458.0,3.06818
103.833,1493.0,3.29545
104.0,1517.0,2.89773
104.0,1499.0,2.89773
104.167,1462.0,2.89773
104.25,1423.0,3.06818
104.333,1388.0,3.57954
104.417,1375.0,2.38636
104.5,1363.0,3.80682
104.583,1373.0,2.61364
104.667,1385.0,2.78409
104.75,1395.0,3.40909
104.833,1395.0,2.5
104.917,1399.0,3.01136
105.0,1398.0,3.40909
105.083,1409.0,3.18182
105.167,1421.0,2.95454
105.25,1441.0,2.67045
105.333,1465.0,3.29545
105.417,1483.0,2.55682
105.5,1467.0,3.57954
105.583,1453.0,3.01136
105.667,1452.0,2.78409
105.75,1461.0,2.84091
105.833,1501.0,2.84091
105.917,1525.0,2.84091
106.083,1526.0,2.84091
106.167,1537.0,3.06818
106.167,1538.0,2.95454
106.25,1537.0,2.5
106.333,1523.0,2.78409
106.5,1499.0,2.95454
106.5,1499.0,3.23864
106.583,1466.0,3.23864
106.667,1455.0,1.36364
106.75,1409.0,2.95454
106.833,1400.0,2.72727
106.917,1443.0,2.72727
106.917,1490.0,3.35227
107.083,1497.0,3.35227
107.167,1501.0,3.35227
107.25,1502.0,3.06818
107.333,1495.0,2.84091
107.333,1486.0,3.01136
107.5,1474.0,3.01136
107.583,1471.0,3.80682
107.667,1474.0,2.89773
107.75,1474.0,2.38636
107.833,1480.0,3.06818
107.917,1483.0,3.29545
108.0,1494.0,2.5
108.083,1551.0,2.89773
108.083,1566.0,2.95454
108.083,1552.0,2.95454
108.25,1534.0,2.95454
108.333,1538.0,3.35227
108.333,1544.0,2.84091
108.417,1546.0,2.84091
108.5,1541.0,1.42045
108.5,1527.0,2.72727
108.5,1515.0,2.72727
108.583,1519.0,1.36364
108.667,1546.0,3.01136
108.75,1591.0,2.67045
108.833,1637.0,2.95454
109.0,1589.0,2.95454
109.0,1553.0,3.23864
109.083,1534.0,2.5
109.167,1485.0,2.89773
109.25,1487.0,2.95454
109.333,1536.0,2.78409
109.417,1582.0,2.84091
109.5,1597.0,2.78409
109.583,1544.0,2.89773
109.667,1544.0,2.5
109.75,1519.0,3.01136
109.833,1523.0,2.55682
109.833,1558.0,2.55682
109.917,1622.0,1.30682
110.0,1656.0,2.61364
110.083,1637.0,2.84091
110.083,1593.0,2.84091
110.167,1542.0,2.84091
110.25,1517.0,1.42045
110.25,1531.0,2.61364
110.333,1552.0,2.61364
110.417,1563.0,1.19318
110.5,1593.0,3.06818
110.583,1607.0,2.84091
110.667,1650.0,2.84091
110.667,1681.0,2.55682
110.75,1696.0,2.44318
110.833,1734.0,2.84091
110.917,1690.0,3.06818
111.0,1603.0,2.61364
111.083,1520.0,2.72727
111.167,1500.0,2.5
111.25,1498.0,2.84091
111.333,1547.0,2.44318
111.417,1586.0,2.89773
111.417,1549.0,2.89773
111.5,1472.0,2.89773
111.583,1445.0,1.19318
111.667,1467.0,3.29545
111.667,1516.0,2.72727
111.75,1633.0,2.72727
111.833,1678.0,1.36364
111.833,1699.0,2.72727
111.917,1686.0,2.44318
112.0,1590.0,2.61364
112.083,1552.0,3.125
112.25,1551.0,3.125
112.25,1560.0,3.18182
112.333,1627.0,2.32954
112.417,1693.0,2.32954
112.417,1711.0,2.15909
112.5,1679.0,1.53409
112.583,1679.0,1.53409
112.667,1609.0,2.55682
112.75,1505.0,2.78409
112.833,1484.0,2.5
112.917,1499.0,2.72727
113.0,1551.0,2.67045
113.083,1633.0,2.78409
113.167,1628.0,2.38636
113.167,1590.0,2.84091
113.25,1590.0,2.21591
113.333,1561.0,3.01136
113.417,1576.0,2.61364
113.5,1582.0,2.78409
113.583,1578.0,2.78409
113.667,1574.0,2.27273
113.75,1556.0,2.89773
113.833,1552.0,2.67045
113.917,1558.0,2.44318
114.0,1559.0,3.125
114.083,1555.0,2.67045
114.083,1542.0,2.44318
114.083,1542.0,2.44318
114.167,1545.0,1.19318
114.25,1547.0,3.18182
114.333,1576.0,2.44318
114.417,1600.0,2.61364
114.5,1609.0,2.95454
114.583,1602.0,2.95454
114.667,1582.0,2.44318
114.75,1583.0,2.72727
114.75,1596.0,2.5
114.917,1607.0,2.5
114.917,1598.0,3.23864
115.0,1565.0,2.5
115.083,1557.0,2.55682
115.167,1577.0,2.38636
115.25,1597.0,2.78409
115.333,1612.0,2.78409
115.417,1607.0,2.15909
115.5,1568.0,2.61364
115.583,1547.0,3.01136
115.583,1574.0,2.32954
115.667,1604.0,2.72727
115.75,1604.0,2.67045
115.833,1613.0,2.38636
115.833,1610.0,2.38636
115.833,1603.0,2.38636
115.917,1558.0,2.38636
116.0,1525.0,0.852273
116.083,1492.0,2.44318
116.083,1489.0,2.5
116.167,1533.0,2.15909
116.25,1575.0,2.72727
116.25,1559.0,2.72727
116.333,1582.0,2.72727
116.417,1592.0,1.13636
116.5,1613.0,2.44318
116.5,1635.0,2.67045
116.583,1591.0,2.27273
116.667,1540.0,2.5
116.75,1506.0,2.5
116.833,1476.0,2.44318
116.917,1460.0,2.44318
116.917,1466.0,2.27273
117.0,1524.0,2.55682
117.083,1538.0,2.27273
117.167,1607.0,2.27273
117.25,1658.0,2.27273
117.333,1681.0,2.84091
117.417,1653.0,2.5
117.417,1629.0,2.27273
117.5,1589.0,2.27273
117.5,1540.0,2.27273
117.583,1530.0,1.25
117.667,1576.0,1.25
117.75,1637.0,2.44318
117.75,1682.0,2.67045
117.833,1753.0,1.98864
117.917,1780.0,2.38636
118.0,1781.0,2.89773
118.083,1665.0,2.89773
118.167,1569.0,2.27273
118.25,1536.0,2.04545
118.25,1553.0,2.61364
118.333,1569.0,2.38636
118.417,1569.0,2.44318
118.5,1591.0,2.44318
118.583,1679.0,2.15909
118.583,1765.0,2.5
118.667,1798.0,2.15909
118.75,1746.0,2.67045
118.833,1674.0,2.15909
118.917,1636.0,2.15909
119.0,1643.0,2.15909
119.0,1643.0,2.67045
119.083,1662.0,2.38636
119.167,1703.0,2.21591
119.25,1699.0,2.21591
119.333,1687.0,2.21591
119.417,1672.0,2.27273
119.417,1632.0,2.61364
119.5,1670.0,2.15909
119.583,1783.0,2.55682
119.667,1827.0,2.55682
119.75,1765.0,2.10227
119.75,1556.0,2.5
119.833,1517.0,2.15909
119.917,1517.0,2.32954
120.0,1516.0,2.32954
120.083,1598.0,2.15909
120.083,1655.0,2.21591
120.167,1676.0,2.44318
120.25,1649.0,2.32954
120.333,1608.0,2.32954
120.417,1580.0,2.04545
120.417,1568.0,2.5
120.5,1549.0,2.21591
120.583,1545.0,2.32954
120.667,1570.0,2.32954
120.667,1598.0,2.04545
120.75,1618.0,2.27273
120.833,1631.0,2.38636
120.917,1621.0,2.38636
121.0,1596.0,2.38636
121.0,1578.0,2.21591
121.083,1582.0,2.10227
121.167,1613.0,2.38636
121.25,1662.0,2.38636
121.333,1662.0,2.21591
121.333,1690.0,2.32954
121.417,1673.0,2.21591
121.5,1628.0,2.21591
121.583,1525.0,2.21591
121.667,1489.0,2.15909
121.667,1496.0,2.27273
121.75,1527.0,2.10227
121.833,1545.0,2.10227
121.917,1577.0,1.93182
121.917,1581.0,2.21591
122.0,1608.0,2.44318
122.083,1679.0,2.27273
122.083,1607.0,2.27273
122.167,1525.0,2.27273
122.167,1488.0,1.07955
122.25,1462.0,1.98864
122.333,1469.0,1.98864
122.417,1493.0,2.55682
122.417,1513.0,2.44318
122.5,1519.0,1.81818
122.583,1537.0,2.61364
122.667,1582.0,2.61364
122.75,1747.0,2.27273
122.75,1772.0,2.21591
122.833,1708.0,2.15909
122.833,1572.0,2.15909
122.917,1552.0,2.15909
122.917,1565.0,1.02273
123.0,1574.0,2.38636
123.083,1598.0,2.21591
123.167,1653.0,2.21591
123.167,1689.0,1.98864
123.25,1711.0,1.81818
123.333,1717.0,1.81818
123.417,1628.0,2.61364
123.417,1625.0,2.32954
123.5,1521.0,2.15909
123.583,1494.0,2.04545
123.667,1537.0,2.04545
123.667,1598.0,2.21591
123.75,1647.0,2.10227
123.833,1662.0,2.10227
123.917,1662.0,1.875
123.917,1656.0,2.55682
124.0,1661.0,1.98864
124.083,1658.0,2.15909
124.167,1665.0,2.15909
124.167,1666.0,2.44318
124.25,1666.0,1.93182
124.333,1652.0,2.32954
124.417,1651.0,2.32954
124.5,1630.0,2.10227
124.5,1580.0,2.55682
124.583,1546.0,1.875
124.667,1622.0,1.875
124.75,1672.0,2.04545
124.833,1694.0,2.78409
124.833,1636.0,2.21591
124.917,1561.0,2.15909
124.917,1543.0,2.15909
125.0,1552.0,2.15909
125.0,1699.0,1.07955
125.0,1838.0,1.07955
125.083,1898.0,1.07955
125.083,1898.0,0.965909
125.167,1800.0,2.27273
125.25,1666.0,2.32954
125.333,1597.0,2.32954
125.417,1597.0,2.10227
125.417,1663.0,2.27273
125.5,1769.0,2.10227
125.583,1743.0,2.21591
125.667,1643.0,2.21591
125.667,1572.0,2.04545
125.667,1553.0,2.04545
125.75,1617.0,2.04545
125.833,1645.0,1.07955
125.917,1662.0,2.38636
125.917,1663.0,2.27273
126.0,1682.0,2.10227
126.083,1730.0,2.10227
126.083,1804.0,2.10227
126.167,1842.0,1.93182
126.25,1694.0,2.27273
126.333,1694.0,2.27273
126.417,1549.0,2.44318
126.417,1490.0,2.10227
126.5,1531.0,2.15909
126.583,1650.0,2.15909
126.667,1732.0,1.81818
126.667,1682.0,2.32954
126.75,1587.0,2.15909
126.833,1515.0,2.15909
126.833,1572.0,1.93182
126.917,1689.0,1.76136
127.0,1806.0,2.61364
127.083,1858.0,2.61364
127.083,1756.0,2.04545
127.167,1607.0,2.04545
127.25,1486.0,2.04545
127.25,1400.0,1.93182
127.333,1402.0,2.10227
127.333,1609.0,2.10227
127.333,1744.0,2.10227
127.417,1802.0,0.965909
127.5,1794.0,2.32954
127.583,1786.0,2.32954
127.583,1773.0,1.81818
127.667,1767.0,2.21591
127.75,1754.0,2.21591
127.75,1746.0,2.10227
127.833,1755.0,1.81818
127.833,1736.0,1.81818
127.917,1693.0,1.81818
127.917,1593.0,0.965909
128.0,1595.0,2.32954
128.083,1675.0,2.32954
128.083,1742.0,1.93182
128.167,1749.0,2.04545
128.25,1674.0,2.04545
128.333,1646.0,1.875
128.333,1569.0,2.04545
128.417,1558.0,1.98864
128.5,1621.0,1.98864
128.5,1816.0,1.93182
128.583,1862.0,1.93182
128.667,1819.0,1.70455
128.667,1819.0,2.15909
128.667,1740.0,2.15909
128.667,1715.0,2.15909
128.667,1789.0,2.15909
128.75,1891.0,0.625
128.75,1931.0,0.625
128.833,1919.0,1.53409
128.917,1753.0,1.53409
128.917,1750.0,1.93182
128.917,1678.0,1.93182
129.0,1674.0,1.02273
129.083,1737.0,1.02273
129.083,1740.0,1.76136
129.167,1721.0,2.27273
129.25,1726.0,2.27273
129.25,1739.0,1.93182
129.333,1783.0,1.70455
129.333,1801.0,1.70455
129.333,1806.0,1.70455
129.417,1820.0,0.965909
129.5,1818.0,0.965909
129.5,1792.0,2.10227
129.583,1792.0,1.70455
129.667,1824.0,1.70455
129.667,1866.0,2.15909
129.75,1782.0,1.47727
129.833,1668.0,1.47727
129.833,1604.0,2.15909
129.917,1618.0,1.93182
130.0,1700.0,1.93182
130.0,1747.0,1.875
130.0,1779.0,1.875
130.0,1794.0,1.875
130.0,1821.0,1.875
130.0,1835.0,1.875
130.0,1825.0,1.875
130.0,1825.0,1.875
130.0,1821.0,1.875
130.083,1872.0,1.875
130.083,1940.0,0.340909
130.167,1921.0,1.70455
130.25,1810.0,1.70455
130.25,1607.0,1.70455
130.333,1607.0,1.98864
130.417,1600.0,1.98864
130.417,1693.0,2.10227
130.5,1812.0,2.21591
130.583,1823.0,2.21591
130.583,1744.0,1.81818
130.667,1679.0,1.64773
130.75,1632.0,1.64773
130.75,1649.0,1.93182
130.833,1737.0,2.15909
130.917,1798.0,2.27273
131.0,1789.0,2.27273
131.0,1693.0,1.875
131.083,1587.0,1.875
131.167,1597.0,1.875
131.167,1630.0,1.93182
131.25,1705.0,1.98864
131.333,1776.0,1.98864
131.333,1741.0,1.93182
131.417,1642.0,1.98864
131.417,1611.0,1.98864
131.417,1610.0,1.98864
131.417,1635.0,1.98864
131.417,1643.0,1.98864
131.417,1655.0,1.98864
131.417,1669.0,1.98864
131.5,1688.0,1.98864
131.5,1673.0,0.340909
131.583,1669.0,2.04545
131.583,1703.0,2.04545
131.667,1791.0,1.42045
131.667,1836.0,1.42045
131.667,1816.0,1.42045
131.75,1841.0,0.909091
131.75,1861.0,0.909091
131.833,1825.0,1.64773
131.917,1762.0,1.64773
131.917,1755.0,2.04545
132.0,1755.0,2.04545
132.0,1770.0,1.42045
132.083,1821.0,1.42045
132.083,1881.0,1.47727
132.083,1881.0,1.47727
132.167,1905.0,1.47727
132.167,1837.0,0.852273
132.25,1797.0,0.852273
132.25,1808.0,1.36364
132.333,1790.0,1.36364
132.333,1740.0,1.70455
132.417,1723.0,1.64773
132.417,1724.0,1.64773
132.5,1693.0,1.53409
132.583,1653.0,1.53409
132.583,1632.0,1.59091
132.583,1635.0,1.59091
132.667,1639.0,1.30682
132.667,1617.0,1.30682
132.75,1599.0,1.47727
132.75,1637.0,1.47727
132.75,1653.0,1.47727
132.75,1665.0,1.47727
132.75,1670.0,1.47727
132.75,1663.0,1.47727
132.75,1648.0,1.47727
132.75,1648.0,1.47727
132.75,1649.0,1.47727
132.833,1674.0,1.47727
132.833,1715.0,0.284091
132.833,1731.0,0.284091
132.833,1726.0,0.284091
132.917,1717.0,0.284091
132.917,1746.0,0.738636
132.917,1783.0,0.738636
133.0,1804.0,1.25
133.083,1803.0,1.25
133.083,1748.0,1.64773
133.167,1701.0,1.64773
133.167,1688.0,1.47727
133.25,1688.0,1.98864
133.25,1715.0,1.98864
133.333,1766.0,1.25
133.333,1766.0,1.25
133.417,1733.0,1.25
133.417,1706.0,1.19318
133.5,1744.0,1.19318
133.5,1744.0,1.47727
133.583,1793.0,1.81818
133.583,1836.0,1.81818
133.667,1780.0,1.36364
133.667,1679.0,1.36364
133.667,1623.0,1.36364
133.667,1661.0,1.36364
133.75,1769.0,0.738636
133.75,1768.0,0.738636
133.833,1873.0,1.19318
133.833,1761.0,1.19318
133.917,1689.0,1.42045
133.917,1681.0,1.42045
134.0,1749.0,1.42045
134.0,1835.0,1.42045
134.083,1862.0,1.42045
134.083,1852.0,1.42045
134.167,1788.0,1.53409
134.167,1664.0,1.53409
134.25,1657.0,1.53409
134.25,1664.0,1.53409
134.333,1696.0,1.36364
134.333,1743.0,1.36364
134.417,1819.0,1.59091
134.417,1827.0,1.59091
134.417,1760.0,1.59091
134.417,1685.0,1.59091
134.417,1711.0,1.59091
134.417,1762.0,1.59091
134.5,1802.0,0.454545
134.5,1850.0,0.454545
134.583,1943.0,0.454545
134.583,1890.0,1.19318
134.667,1772.0,1.19318
134.667,1698.0,1.59091
134.75,1740.0,1.59091
134.75,1845.0,1.42045
134.833,1858.0,1.59091
134.833,1850.0,1.59091
134.917,1840.0,1.47727
134.917,1861.0,1.47727
134.917,1872.0,1.47727
134.917,1867.0,1.47727
134.917,1867.0,1.47727
134.917,1832.0,1.47727
135.0,1802.0,1.47727
135.0,1822.0,0.454545
135.0,1869.0,0.454545
135.0,1910.0,0.454545
135.083,1926.0,0.454545
135.083,1922.0,0.738636
135.167,1854.0,0.738636
135.167,1783.0,1.53409
135.25,1793.0,1.53409
135.25,1813.0,1.30682
135.333,1761.0,1.30682
135.333,1701.0,1.53409
135.333,1646.0,1.53409
135.417,1646.0,1.13636
135.5,1762.0,1.13636
135.5,1832.0,1.64773
135.5,1829.0,1.64773
135.5,1724.0,1.64773
135.583,1559.0,1.64773
135.583,1557.0,0.681818
135.583,1576.0,0.681818
135.583,1645.0,0.681818
135.667,1781.0,0.795454
135.667,1791.0,0.795454
135.75,1786.0,0.795454
135.75,1775.0,1.36364
135.833,1776.0,1.36364
135.833,1824.0,1.36364
135.917,1843.0,1.36364
135.917,1875.0,1.42045
135.917,1876.0,1.42045
135.917,1826.0,1.42045
136.0,1833.0,0.738636
136.0,1833.0,0.738636
136.083,1888.0,0.738636
136.083,2117.0,1.36364
136.167,2165.0,1.47727
136.167,2105.0,1.47727
136.25,1979.0,1.47727
136.25,1928.0,1.36364
136.333,1928.0,1.36364
136.333,2004.0,1.25
136.417,2022.0,1.25
136.417,1957.0,1.42045
136.417,1805.0,1.42045
136.5,1678.0,1.30682
136.583,1709.0,1.30682
136.583,1828.0,1.59091
136.583,1828.0,1.59091
136.667,2066.0,1.30682
136.667,2009.0,1.30682
136.75,1814.0,1.25
136.75,1698.0,1.25
136.75,1703.0,1.25
136.75,1872.0,1.25
136.833,1952.0,0.738636
136.833,1905.0,0.738636
136.833,1812.0,0.738636
136.833,1664.0,0.738636
136.833,1640.0,0.738636
136.833,1642.0,0.738636
136.833,1646.0,0.738636
136.833,1676.0,0.738636
136.833,1730.0,0.738636
136.833,1718.0,0.738636
136.833,1700.0,0.738636
136.833,1693.0,0.738636
136.833,1888.0,0.738636
136.917,2025.0,0.738636
136.917,2058.0,0.227273
136.917,1956.0,0.227273
136.917,1669.0,0.227273
136.917,1513.0,0.227273
137.0,1558.0,0.227273
137.0,1670.0,0.568182
137.0,1815.0,0.568182
137.083,1862.0,1.19318
137.083,1811.0,1.19318
137.167,1721.0,1.19318
137.167,1686.0,1.07955
137.167,1766.0,1.07955
137.25,1844.0,1.19318
137.25,1948.0,1.19318
137.333,1948.0,1.36364
137.333,1995.0,1.36364
137.417,1851.0,1.42045
137.417,1720.0,1.42045
137.5,1734.0,1.30682
137.5,1768.0,1.30682
137.5,1771.0,1.30682
137.5,1763.0,1.30682
137.583,1781.0,1.30682
137.583,1790.0,0.625
137.583,1781.0,0.625
137.667,1774.0,1.13636
137.667,1780.0,1.13636
137.667,1778.0,1.13636
137.667,1768.0,1.13636
137.667,1787.0,1.13636
137.75,1832.0,0.568182
137.75,1810.0,0.568182
137.833,1758.0,1.25
137.833,1685.0,1.25
137.917,1687.0,1.25
137.917,1688.0,1.25
137.917,1721.0,1.25
138.0,1758.0,1.13636
138.0,1779.0,1.13636
138.0,1748.0,1.13636
138.0,1760.0,1.13636
138.0,1785.0,1.13636
138.0,1779.0,1.13636
138.0,1725.0,1.13636
138.0,1741.0,1.13636
138.0,1795.0,1.13636
138.0,1845.0,1.13636
138.0,1865.0,1.13636
138.0,1840.0,1.13636
138.0,1839.0,1.13636
138.0,1827.0,1.13636
138.0,1843.0,1.13636
138.0,1878.0,1.13636
138.083,1880.0,1.13636
138.083,1871.0,0.170455
138.083,1865.0,0.170455
138.083,1822.0,0.170455
138.083,1822.0,0.170455
138.083,1809.0,0.170455
138.167,1810.0,0.511364
138.167,1838.0,0.511364
138.167,1879.0,0.511364
138.25,1848.0,1.02273
138.25,1817.0,1.02273
138.333,1817.0,1.02273
138.333,1721.0,1.13636
138.333,1718.0,1.13636
138.417,1767.0,1.13636
138.417,1844.0,0.965909
138.417,1911.0,0.965909
138.5,1916.0,1.02273
138.5,1876.0,1.02273
138.5,1872.0,1.02273
138.583,1887.0,0.909091
138.583,1894.0,0.909091
138.583,1877.0,0.909091
138.667,1851.0,0.909091
138.667,1812.0,0.852273
138.667,1812.0,0.852273
138.667,1695.0,0.852273
138.75,1652.0,0.909091
138.75,1632.0,0.909091
138.75,1638.0,0.909091
138.833,1637.0,0.852273
138.833,1646.0,0.852273
138.833,1665.0,0.852273
138.917,1692.0,0.852273
138.917,1721.0,0.852273
138.917,1737.0,0.852273
138.917,1723.0,0.852273
139.0,1692.0,0.795454
139.0,1670.0,0.795454
139.0,1739.0,0.795454
139.083,1856.0,0.795454
139.083,1917.0,0.795454
139.083,1894.0,0.795454
139.083,1771.0,0.795454
139.167,1648.0,0.795454
139.167,1677.0,0.795454
139.167,1677.0,0.795454
139.167,1785.0,0.795454
139.25,1870.0,0.738636
139.25,1778.0,0.738636
139.25,1652.0,0.738636
139.25,1529.0,0.738636
139.25,1479.0,0.738636
139.25,1387.0,0.738636
139.25,1493.0,0.738636
139.25,1673.0,0.738636
139.25,1819.0,0.738636
139.25,1802.0,0.738636
139.25,1636.0,0.738636
139.25,1552.0,0.738636
139.25,1563.0,0.738636
139.25,1651.0,0.738636
139.25,1891.0,0.738636
139.25,1951.0,0.738636
139.25,1861.0,0.738636
139.25,1717.0,0.738636
139.25,1568.0,0.738636
139.25,1535.0,0.738636
139.25,1601.0,0.738636
139.25,1706.0,0.738636
139.25,1768.0,0.738636
139.25,1661.0,0.738636
139.25,1603.0,0.738636
139.25,1561.0,0.738636
139.25,1612.0,0.738636
139.25,1776.0,0.738636
139.25,1899.0,0.738636
139.25,1912.0,0.738636
139.25,1850.0,0.738636
139.25,1778.0,0.738636
139.25,1711.0,0.738636
139.25,1708.0,0.738636
139.25,1816.0,0.738636
139.25,1908.0,0.738636
139.25,1886.0,0.738636
139.25,1778.0,0.738636
139.25,1709.0,0.738636
139.25,1692.0,0.738636
139.25,1798.0,0.738636
139.25,1798.0,0.738636
139.25,1936.0,0.738636
139.25,1944.0,0.738636
139.25,1900.0,0.738636
139.25,1806.0,0.738636
139.25,1610.0,0.738636
139.25,1592.0,0.738636
139.25,1593.0,0.738636
139.25,1779.0,0.738636
139.25,1836.0,0.738636
139.333,1708.0,0.0
139.333,1610.0,0.0
139.333,1595.0,0.0
139.333,1689.0,0.0
139.333,2002.0,0.0
139.333,2114.0,0.0
139.333,2073.0,0.0
139.333,1857.0,0.0
139.333,1511.0,0.0
139.333,1524.0,0.0
139.333,1748.0,0.0
139.333,1748.0,0.0
139.333,2055.0,0.0
139.333,1844.0,0.0
139.333,1549.0,0.0
139.333,1393.0,0.0
139.333,1455.0,0.0
139.333,1990.0,0.0
139.417,2135.0,0.0
139.417,2022.0,0.170455
139.417,1711.0,0.170455
139.417,1285.0,0.170455
139.417,1343.0,0.170455
139.417,1676.0,0.170455
139.417,2036.0,0.170455
139.417,2033.0,0.170455
139.417,1771.0,0.170455
139.417,1449.0,0.170455
139.417,1318.0,0.170455
139.417,1539.0,0.170455
139.417,2362.0,0.170455
139.417,2570.0,0.170455
139.417,2301.0,0.170455
139.417,2301.0,0.170455
139.417,1789.0,0.170455
139.417,1298.0,0.170455
139.417,1422.0,0.170455
139.417,1965.0,0.170455
139.417,2232.0,0.170455
139.417,2521.0,0.170455
139.417,1846.0,0.170455
139.417,1336.0,0.170455
139.417,1116.0,0.170455
139.417,1077.0,0.170455
139.417,1779.0,0.170455
139.417,2468.0,0.170455
139.417,2504.0,0.170455
139.417,2061.0,0.170455
139.417,1432.0,0.170455
139.417,1059.0,0.170455
139.417,1330.0,0.170455
139.417,2045.0,0.170455
139.417,2800.0,0.170455
139.417,3023.0,0.170455
139.417,2034.0,0.170455
139.417,1400.0,0.170455
139.417,1100.0,0.170455
139.417,1086.0,0.170455
139.417,1512.0,0.170455
139.417,1872.0,0.170455
139.417,1896.0,0.170455
139.417,1535.0,0.170455
139.417,813.0,0.170455
139.417,507.0,0.170455
139.417,350.0,0.170455
139.417,389.0,0.170455
139.417,446.0,0.170455
139.417,447.0,0.170455
139.417,394.0,0.170455
139.417,330.0,0.0
139.417,337.0,0.0
139.417,436.0,0.0
139.417,464.0,0.0
139.417,424.0,0.0
139.417,352.0,0.0
139.417,352.0,0.0
139.417,267.0,0.0
139.417,300.0,0.0
139.417,353.0,0.0
139.417,371.0,0.0
139.417,322.0,0.0
139.417,275.0,0.0
139.417,275.0,0.0
139.417,284.0,0.0
139.417,306.0,0.0
139.417,325.0,0.0
139.417,324.0,0.0
139.417,314.0,0.0
139.417,308.0,0.0
139.417,330.0,0.0
139.417,338.0,0.0
139.417,332.0,0.0
139.417,318.0,0.0
139.417,307.0,0.0
139.417,313.0,0.0
139.417,314.0,0.0
139.417,314.0,0.0
139.417,308.0,0.0
