35.5833,365.0,3.97727
35.6667,351.0,3.52273
35.75,359.0,4.31818
35.8333,359.0,3.75
35.8333,370.0,3.75
35.9167,397.0,1.25
36.0833,426.0,3.69318
36.1667,462.0,3.69318
36.25,488.0,3.35227
36.4167,460.0,3.86364
36.5,439.0,4.31818
36.5833,452.0,3.97727
36.75,424.0,3.97727
36.8333,404.0,4.43182
36.9167,395.0,4.60227
37.0833,371.0,4.60227
37.1667,364.0,3.75
37.25,390.0,3.86364
37.3333,411.0,3.18182
37.4167,407.0,3.18182
37.5,388.0,4.14773
37.6667,356.0,3.92045
37.75,316.0,3.52273
37.8333,338.0,3.57954
37.9167,375.0,3.57954
37.9167,345.0,3.57954
38.0,348.0,3.57954
38.0833,361.0,3.92045
38.25,374.0,3.57954
38.3333,338.0,3.35227
38.4167,336.0,3.69318
38.5,355.0,4.31818
38.6667,381.0,4.31818
38.75,400.0,3.69318
38.75,393.0,3.40909
38.9167,380.0,3.40909
39.0,391.0,4.03409
39.0833,422.0,3.63636
39.1667,428.0,3.57954
39.25,436.0,3.35227
39.4167,466.0,3.35227
39.5,596.0,3.80682
39.5,609.0,3.35227
39.5833,572.0,1.81818
39.75,553.0,3.40909
39.8333,553.0,3.46591
39.9167,484.0,3.57954
40.0,392.0,3.57954
40.1667,404.0,3.57954
40.25,425.0,3.46591
40.3333,423.0,3.57954
40.4167,506.0,3.35227
40.5,513.0,3.57954
40.6667,473.0,3.57954
40.75,435.0,3.23864
40.8333,430.0,3.52273
40.9167,432.0,3.35227
41.0,436.0,3.40909
41.0833,427.0,3.46591
41.0833,407.0,3.46591
41.0833,408.0,3.46591
41.1667,428.0,0.852273
41.1667,454.0,0.852273
41.3333,476.0,1.53409
41.4167,510.0,4.09091
41.5,534.0,3.75
41.5833,566.0,3.63636
41.6667,585.0,3.29545
41.75,530.0,3.29545
41.9167,513.0,3.29545
42.0,529.0,3.69318
42.0833,528.0,3.23864
42.1667,497.0,3.23864
42.25,449.0,3.125
42.3333,378.0,2.95454
42.5,322.0,2.95454
42.5833,309.0,3.35227
42.6667,326.0,3.06818
42.6667,314.0,3.57954
42.6667,300.0,3.57954
42.6667,327.0,3.57954
42.75,415.0,0.795454
42.8333,475.0,3.125
42.9167,478.0,3.125
43.0,483.0,1.59091
43.0833,482.0,3.40909
43.1667,472.0,3.29545
43.25,484.0,3.52273
43.3333,484.0,3.35227
43.3333,496.0,3.35227
43.4167,522.0,3.35227
43.5,560.0,1.02273
43.5,529.0,3.01136
43.5833,511.0,3.01136
43.6667,516.0,1.64773
43.6667,529.0,2.78409
43.6667,579.0,2.78409
43.6667,554.0,2.78409
43.6667,507.0,2.78409
43.6667,471.0,2.78409
43.75,535.0,0.511364
43.8333,570.0,3.29545
43.9167,582.0,3.01136
44.0,592.0,2.5
44.1667,589.0,2.95454
44.25,576.0,3.57954
44.3333,583.0,2.95454
44.4167,560.0,3.125
44.5,535.0,3.01136
44.5,571.0,3.01136
44.5833,575.0,3.01136
44.6667,552.0,1.30682
44.6667,551.0,3.52273
44.75,554.0,3.52273
44.8333,552.0,1.59091
44.8333,543.0,2.44318
44.8333,518.0,2.44318
44.8333,504.0,2.44318
44.9167,529.0,2.44318
45.0,556.0,0.681818
45.0833,589.0,2.89773
45.0833,628.0,2.78409
45.0833,580.0,2.78409
45.1667,547.0,2.78409
45.25,541.0,0.965909
45.3333,571.0,2.38636
45.4167,619.0,3.01136
45.5,663.0,3.06818
45.5833,700.0,2.78409
45.6667,728.0,2.72727
45.6667,718.0,2.95454
45.6667,718.0,2.95454
45.75,703.0,1.19318
45.8333,678.0,2.95454
45.9167,628.0,2.72727
46.0,610.0,2.84091
46.0833,633.0,2.67045
46.1667,671.0,2.44318
46.1667,691.0,2.44318
46.1667,709.0,2.44318
46.25,676.0,2.44318
46.3333,632.0,0.909091
46.4167,631.0,2.61364
46.5,569.0,2.61364
46.5,538.0,2.55682
46.5,537.0,2.55682
46.5833,560.0,1.19318
46.6667,571.0,3.29545
46.75,555.0,2.38636
46.8333,475.0,2.78409
46.9167,443.0,2.78409
47.0,467.0,2.5
47.0833,460.0,2.38636
47.0833,432.0,2.44318
47.1667,466.0,2.55682
47.25,551.0,1.98864
47.3333,554.0,3.01136
47.4167,512.0,2.61364
47.5,473.0,2.61364
47.5833,532.0,2.27273
47.5833,630.0,2.32954
47.6667,625.0,2.15909
47.75,511.0,2.15909
47.8333,421.0,2.21591
47.9167,459.0,2.78409
48.0,554.0,2.61364
48.0,595.0,2.10227
48.0833,402.0,2.27273
48.1667,367.0,2.21591
48.1667,398.0,2.21591
48.25,398.0,2.21591
48.25,539.0,1.13636
48.25,426.0,1.13636
48.3333,426.0,1.13636
48.4167,396.0,1.07955
48.4167,451.0,2.61364
48.5,569.0,2.15909
48.5833,530.0,2.10227
48.6667,406.0,2.10227
48.75,379.0,2.32954
48.75,414.0,2.15909
48.75,444.0,2.15909
48.8333,449.0,2.15909
48.8333,384.0,0.965909
48.8333,351.0,0.965909
48.8333,381.0,0.965909
48.9167,595.0,0.965909
48.9167,635.0,0.738636
49.0,691.0,1.76136
49.0833,659.0,2.5
49.0833,664.0,2.5
49.1667,700.0,1.875
49.25,667.0,1.875
49.3333,607.0,1.81818
49.3333,469.0,2.10227
49.4167,292.0,1.875
49.5,275.0,1.875
49.5,263.0,1.875
49.5833,172.0,1.875
49.5833,60.0,1.81818
49.6667,0.0,1.76136
49.75,0.0,1.76136
49.75,0.0,1.76136
49.8333,0.0,1.76136
49.8333,0.0,1.53409
49.8333,0.0,1.53409
49.9167,0.0,1.53409
49.9167,0.0,0.852273
50.0,0.0,0.852273
50.0,0.0,1.53409
50.0833,0.0,1.53409
50.0833,0.0,1.36364
50.1667,0.0,1.36364
50.1667,0.0,1.53409
50.1667,0.0,1.53409
50.25,0.0,1.19318
50.25,0.0,1.19318
50.25,0.0,1.19318
50.25,0.0,1.19318
50.3333,0.0,1.19318
50.3333,0.0,0.625
50.3333,0.0,0.625
50.4167,0.0,1.25
50.4167,0.0,1.25
50.4167,0.0,1.25
50.5,0.0,1.02273
50.5,0.0,1.02273
50.5,0.0,1.02273
50.5833,0.0,0.852273
50.5833,142.0,0.852273
50.5833,260.0,0.852273
50.6667,146.0,0.852273
50.6667,60.0,0.852273
50.6667,5.0,0.852273
50.6667,0.0,0.852273
50.75,0.0,0.852273
50.75,0.0,0.681818
50.75,0.0,0.681818
50.75,0.0,0.681818
50.75,0.0,0.681818
50.75,0.0,0.681818
50.8333,0.0,0.511364
50.8333,0.0,0.511364
50.8333,0.0,0.511364
50.8333,0.0,0.511364
50.8333,0.0,0.511364
50.8333,0.0,0.511364
50.8333,0.0,0.511364
50.8333,0.0,0.511364
50.8333,0.0,0.511364
50.8333,0.0,0.511364
50.8333,0.0,0.511364
50.8333,0.0,0.511364
50.8333,0.0,0.511364
50.9167,0.0,0.511364
50.9167,0.0,0.227273
50.9167,0.0,0.227273
50.9167,0.0,0.227273
50.9167,0.0,0.227273
50.9167,0.0,0.227273
50.9167,0.0,0.227273
50.9167,0.0,0.227273
50.9167,0.0,0.227273
50.9167,0.0,0.227273
50.9167,0.0,0.227273
50.9167,0.0,0.227273
50.9167,0.0,0.227273
50.9167,0.0,0.227273
50.9167,0.0,0.227273
50.9167,0.0,0.227273
50.9167,0.0,0.227273
50.9167,0.0,0.227273
50.9167,0.0,0.227273
50.9167,0.0,0.227273
50.9167,0.0,0.227273
50.9167,0.0,0.227273
50.9167,0.0,0.227273
50.9167,0.0,0.227273
50.9167,0.0,0.227273
50.9167,0.0,0.227273
50.9167,0.0,0.227273
50.9167,0.0,0.227273
50.9167,0.0,0.227273
50.9167,0.0,0.227273
50.9167,0.0,0.227273
50.9167,0.0,0.227273
50.9167,0.0,0.227273
50.9167,0.0,0.227273
50.9167,0.0,0.227273
50.9167,0.0,0.227273
50.9167,0.0,0.227273
50.9167,0.0,0.227273
50.9167,0.0,0.227273
50.9167,0.0,0.227273
50.9167,0.0,0.227273
50.9167,0.0,0.227273
50.9167,0.0,0.227273
50.9167,0.0,0.227273
50.9167,0.0,0.227273
50.9167,0.0,0.227273
50.9167,0.0,0.227273
50.9167,0.0,0.227273
50.9167,0.0,0.227273
50.9167,0.0,0.227273
50.9167,0.0,0.227273
50.9167,0.0,0.0
50.9167,0.0,0.0
50.9167,0.0,0.0
50.9167,0.0,0.0
50.9167,0.0,0.0
50.9167,0.0,0.0
50.9167,0.0,0.0
50.9167,0.0,0.0
50.9167,0.0,0.0
50.9167,0.0,0.0
50.9167,0.0,0.0
50.9167,0.0,0.0
50.9167,1.0,0.0
50.9167,0.0,0.0
50.9167,0.0,0.0
50.9167,0.0,0.0
50.9167,0.0,0.0
50.9167,0.0,0.0
50.9167,0.0,0.0
50.9167,0.0,0.0
50.9167,0.0,0.0
50.9167,0.0,0.0
50.9167,0.0,0.0
50.9167,0.0,0.0
50.9167,0.0,0.0
50.9167,0.0,0.0
50.9167,0.0,0.0
50.9167,0.0,0.0
50.9167,0.0,0.0
50.9167,0.0,0.0
50.9167,0.0,0.0
50.9167,0.0,0.0
50.9167,0.0,0.0
50.9167,0.0,0.0
50.9167,0.0,0.0
50.9167,0.0,0.0
50.9167,0.0,0.0
50.9167,0.0,0.0
50.9167,0.0,0.0
50.9167,0.0,0.0
50.9167,0.0,0.0
50.9167,0.0,0.0
50.9167,0.0,0.0
50.9167,0.0,0.0
50.9167,0.0,0.0
50.9167,0.0,0.0
50.9167,0.0,0.0
50.9167,0.0,0.0
50.9167,0.0,0.0
50.9167,0.0,0.0
50.9167,0.0,0.0
50.9167,0.0,0.0
50.9167,0.0,0.0
50.9167,0.0,0.0
50.9167,0.0,0.0
50.9167,0.0,0.0
50.9167,0.0,0.0
50.9167,0.0,0.0
50.9167,0.0,0.0
50.9167,0.0,0.0
50.9167,0.0,0.0
50.9167,0.0,0.0
50.9167,0.0,0.0
50.9167,0.0,0.0
50.9167,0.0,0.0
50.9167,0.0,0.0
50.9167,0.0,0.0
50.9167,0.0,0.0
50.9167,0.0,0.0
50.9167,0.0,0.0
50.9167,0.0,0.0
50.9167,0.0,0.0
50.9167,0.0,0.0
50.9167,0.0,0.0
50.9167,0.0,0.0
50.9167,0.0,0.0
50.9167,0.0,0.0
50.9167,0.0,0.0
50.9167,0.0,0.0
50.9167,0.0,0.0
50.9167,0.0,0.0
50.9167,0.0,0.0
50.9167,0.0,0.0
50.9167,0.0,0.0
50.9167,0.0,0.0
50.9167,0.0,0.0
50.9167,0.0,0.0
50.9167,0.0,0.0
50.9167,0.0,0.0
50.9167,0.0,0.0
50.9167,0.0,0.0
50.9167,0.0,0.0
50.9167,0.0,0.0
50.9167,0.0,0.0
50.9167,0.0,0.0
50.9167,0.0,0.0
50.9167,0.0,0.0
50.9167,0.0,0.0
50.9167,0.0,0.0
50.9167,0.0,0.0
50.9167,0.0,0.0
50.9167,0.0,0.0
50.9167,0.0,0.0
50.9167,0.0,0.0
50.9167,0.0,0.0
50.9167,0.0,0.0
50.9167,0.0,0.0
50.9167,0.0,0.0
50.9167,0.0,0.0
50.9167,0.0,0.0
50.9167,0.0,0.0
50.9167,0.0,0.0
50.9167,0.0,0.0
50.9167,0.0,0.0
50.9167,0.0,0.0
50.9167,0.0,0.0
50.9167,0.0,0.0
50.9167,0.0,0.0
50.9167,0.0,0.0
50.9167,0.0,0.227273
50.9167,0.0,0.227273
50.9167,0.0,0.227273
50.9167,0.0,0.227273
50.9167,0.0,0.227273
50.9167,0.0,0.227273
50.9167,0.0,0.227273
50.9167,0.0,0.227273
50.9167,0.0,0.227273
50.9167,0.0,0.227273
50.9167,0.0,0.227273
50.9167,0.0,0.227273
51.0,0.0,0.0
51.0,0.0,0.0
51.0,0.0,0.0
51.0,0.0,0.0
51.0,0.0,0.0
51.0833,0.0,0.0
51.0833,0.0,0.511364
51.0833,0.0,0.511364
51.0833,0.0,0.511364
51.0833,0.0,0.511364
51.0833,0.0,0.511364
51.0833,0.0,0.511364
51.0833,0.0,0.511364
51.0833,0.0,0.511364
51.0833,0.0,0.511364
51.0833,0.0,0.511364
51.0833,0.0,0.511364
51.0833,0.0,0.511364
51.1667,0.0,0.227273
51.1667,5.0,0.227273
51.1667,34.0,0.227273
51.1667,39.0,0.227273
51.1667,20.0,0.227273
51.1667,1.0,0.227273
51.1667,0.0,0.227273
51.1667,0.0,0.227273
51.1667,0.0,0.227273
51.1667,0.0,0.227273
51.1667,0.0,0.227273
51.1667,0.0,0.227273
51.1667,0.0,0.227273
51.1667,0.0,0.227273
51.1667,0.0,0.227273
51.1667,0.0,0.227273
51.1667,0.0,0.227273
51.25,0.0,0.227273
51.25,0.0,0.170455
51.25,0.0,0.170455
51.25,0.0,0.170455
51.25,0.0,0.170455
51.25,0.0,0.170455
51.25,0.0,0.170455
51.25,0.0,0.170455
51.25,0.0,0.170455
51.25,0.0,0.170455
51.25,0.0,0.170455
51.25,0.0,0.170455
51.25,0.0,0.170455
51.25,0.0,0.170455
51.25,0.0,0.170455
51.25,0.0,0.170455
51.25,0.0,0.170455
51.25,0.0,0.170455
51.25,0.0,0.170455
51.25,0.0,0.170455
51.25,0.0,0.170455
51.25,0.0,0.170455
51.25,0.0,0.170455
51.25,0.0,0.170455
51.25,0.0,0.170455
51.25,0.0,0.170455
51.25,0.0,0.170455
51.25,0.0,0.170455
51.25,0.0,0.170455
51.25,0.0,0.170455
51.25,0.0,0.170455
51.25,0.0,0.170455
51.25,0.0,0.170455
51.25,0.0,0.170455
51.25,0.0,0.170455
51.25,0.0,0.170455
51.25,0.0,0.170455
51.25,0.0,0.170455
51.25,0.0,0.170455
51.25,0.0,0.170455
51.25,0.0,0.170455
51.25,0.0,0.170455
51.25,0.0,0.170455
51.25,0.0,0.170455
51.25,0.0,0.170455
51.25,0.0,0.170455
51.25,0.0,0.170455
51.25,0.0,0.170455
51.25,0.0,0.170455
51.25,0.0,0.170455
51.25,0.0,0.170455
51.25,0.0,0.170455
51.25,0.0,0.170455
51.25,0.0,0.170455
51.25,0.0,0.170455
51.25,0.0,0.170455
51.25,0.0,0.170455
51.25,0.0,0.170455
51.25,0.0,0.170455
51.25,0.0,0.170455
51.25,0.0,0.170455
51.25,0.0,0.170455
51.25,0.0,0.170455
51.25,0.0,0.170455
51.25,0.0,0.170455
51.25,0.0,0.170455
51.25,0.0,0.170455
51.25,0.0,0.170455
51.25,0.0,0.170455
51.25,0.0,0.170455
51.25,0.0,0.170455
51.25,0.0,0.170455
51.25,0.0,0.0
51.25,0.0,0.0
51.25,0.0,0.0
51.25,0.0,0.0
51.25,0.0,0.0
51.25,0.0,0.0
51.25,0.0,0.0
51.25,0.0,0.0
51.25,0.0,0.0
51.25,0.0,0.0
51.25,0.0,0.0
51.25,0.0,0.0
51.25,0.0,0.0
51.25,0.0,0.0
51.25,0.0,0.0
51.25,0.0,0.0
51.25,0.0,0.0
51.25,0.0,0.0
51.25,0.0,0.0
51.25,0.0,0.0
51.25,0.0,0.0
51.25,0.0,0.0
51.25,0.0,0.0
51.25,0.0,0.0
51.25,0.0,0.0
51.25,0.0,0.0
51.25,0.0,0.0
51.25,0.0,0.0
51.25,0.0,0.0
51.25,1.0,0.0
51.25,0.0,0.0
51.25,0.0,0.0
51.25,0.0,0.0
51.25,0.0,0.0
51.25,0.0,0.0
51.25,0.0,0.0
51.25,0.0,0.0
51.25,0.0,0.0
51.25,0.0,0.0
51.25,0.0,0.0
51.25,0.0,0.0
51.25,0.0,0.0
51.25,0.0,0.0
51.25,0.0,0.0
51.25,0.0,0.0
51.25,0.0,0.0
51.25,0.0,0.0
51.25,0.0,0.0
51.25,0.0,0.0
51.25,0.0,0.0
51.25,0.0,0.0
51.25,0.0,0.0
51.25,0.0,0.0
51.25,0.0,0.0
51.25,0.0,0.0
51.25,0.0,0.0
51.25,0.0,0.0
51.25,0.0,0.0
51.25,0.0,0.0
51.25,0.0,0.0
51.25,0.0,0.0
51.25,0.0,0.0
51.25,0.0,0.0
51.25,0.0,0.0
51.25,0.0,0.0
51.25,0.0,0.0
51.25,0.0,0.0
51.25,0.0,0.0
51.25,0.0,0.0
51.25,0.0,0.0
51.25,0.0,0.0
51.25,0.0,0.0
51.25,0.0,0.0
51.25,0.0,0.0
51.25,0.0,0.0
51.25,0.0,0.0
51.25,0.0,0.0
51.25,0.0,0.0
51.25,0.0,0.0
51.25,0.0,0.0
51.25,0.0,0.0
51.25,0.0,0.0
51.25,0.0,0.0
51.25,0.0,0.0
51.25,0.0,0.0
51.25,0.0,0.0
51.25,0.0,0.0
51.25,0.0,0.0
51.25,0.0,0.0
51.25,0.0,0.0
51.25,0.0,0.0
51.25,0.0,0.0
51.25,0.0,0.0
51.25,0.0,0.0
51.25,0.0,0.0
51.25,0.0,0.0
51.25,0.0,0.0
51.25,0.0,0.0
51.25,0.0,0.0
51.25,0.0,0.0
51.25,0.0,0.0
51.25,0.0,0.0
51.25,0.0,0.0
51.25,0.0,0.0
51.25,0.0,0.0
51.25,0.0,0.0
51.25,0.0,0.0
51.25,0.0,0.0
51.25,0.0,0.0
51.25,0.0,0.0
51.25,0.0,0.0
51.25,0.0,0.0
51.25,0.0,0.0
51.25,0.0,0.0
51.25,0.0,0.0
51.25,0.0,0.0
51.25,0.0,0.0
51.25,0.0,0.0
51.25,0.0,0.0
51.25,0.0,0.0
51.25,0.0,0.0
51.25,0.0,0.0
51.25,0.0,0.0
51.25,0.0,0.0
51.25,0.0,0.0
51.25,0.0,0.0
51.25,0.0,0.0
51.25,0.0,0.0
51.25,0.0,0.0
51.25,0.0,0.0
51.25,0.0,0.0
51.25,0.0,0.0
51.25,0.0,0.0
51.25,0.0,0.0
51.25,0.0,0.0
51.25,0.0,0.0
51.25,0.0,0.0
51.25,0.0,0.0
51.25,0.0,0.0
51.25,0.0,0.0
51.25,0.0,0.0
51.25,0.0,0.0
51.25,0.0,0.0
51.25,0.0,0.0
51.25,0.0,0.0
51.25,0.0,0.0
51.25,0.0,0.0
51.25,0.0,0.0
51.25,0.0,0.0
51.25,0.0,0.0
51.25,0.0,0.0
51.25,0.0,0.0
51.25,0.0,0.0
51.25,0.0,0.0
51.25,0.0,0.0
51.25,0.0,0.0
51.25,0.0,0.0
51.25,0.0,0.0
51.25,0.0,0.0
51.25,0.0,0.0
51.25,1.0,0.0
51.25,0.0,0.0
51.25,0.0,0.0
51.25,0.0,0.0
51.25,0.0,0.0
51.25,0.0,0.0
51.25,0.0,0.0
51.25,0.0,0.0
51.25,0.0,0.0
51.25,0.0,0.0
51.25,0.0,0.0
51.25,0.0,0.0
51.25,0.0,0.0
51.25,0.0,0.0
51.25,0.0,0.0
51.25,0.0,0.0
51.25,0.0,0.0
51.25,0.0,0.0
51.25,0.0,0.0
51.25,0.0,0.0
51.25,0.0,0.0
51.25,0.0,0.0
51.25,0.0,0.0
51.25,0.0,0.0
51.25,0.0,0.0
51.25,0.0,0.0
51.25,0.0,0.0
51.25,0.0,0.0
51.25,0.0,0.0
51.25,0.0,0.0
51.25,0.0,0.0
51.25,0.0,0.0
51.25,0.0,0.0
51.25,0.0,0.0
51.25,0.0,0.0
51.25,1.0,0.0
51.25,0.0,0.0
51.25,0.0,0.0
51.25,0.0,0.0
51.25,0.0,0.0
51.25,0.0,0.0
51.25,0.0,0.0
51.25,0.0,0.0
51.25,0.0,0.0
51.25,0.0,0.0
51.25,0.0,0.0
51.25,0.0,0.0
51.25,0.0,0.0
51.25,0.0,0.0
51.25,0.0,0.0
51.25,0.0,0.0
51.25,0.0,0.0
51.25,0.0,0.0
51.25,0.0,0.0
51.25,0.0,0.0
51.25,0.0,0.0
51.25,0.0,0.0
51.25,0.0,0.0
51.25,0.0,0.0
51.25,0.0,0.0
51.25,0.0,0.0
51.25,0.0,0.0
51.25,0.0,0.0
51.25,0.0,0.0
51.25,0.0,0.0
51.25,0.0,0.0
51.3333,0.0,0.0
51.3333,0.0,0.0
51.3333,0.0,0.0
51.3333,0.0,0.0
51.3333,0.0,0.0
51.3333,0.0,0.0
51.3333,0.0,0.0
51.3333,0.0,0.0
51.3333,1.0,0.0
51.3333,0.0,0.0
51.3333,0.0,0.0
51.3333,0.0,0.0
51.3333,0.0,0.0
51.3333,0.0,0.0
51.3333,0.0,0.0
51.3333,1.0,0.0
51.3333,0.0,0.0
51.3333,0.0,0.0
51.4167,0.0,0.170455
51.4167,0.0,0.170455
51.4167,0.0,0.170455
51.4167,0.0,0.170455
51.4167,0.0,0.170455
51.4167,0.0,0.170455
51.4167,0.0,0.170455
51.4167,0.0,0.170455
51.4167,0.0,0.170455
51.4167,0.0,0.170455
51.4167,0.0,0.170455
51.4167,0.0,0.170455
51.4167,0.0,0.170455
51.4167,0.0,0.170455
51.4167,0.0,0.170455
51.4167,0.0,0.170455
51.4167,1.0,0.170455
51.4167,0.0,0.170455
51.4167,0.0,0.170455
51.4167,0.0,0.170455
51.4167,0.0,0.170455
51.4167,0.0,0.170455
51.4167,0.0,0.170455
51.4167,0.0,0.170455
51.4167,0.0,0.170455
51.4167,0.0,0.170455
51.4167,0.0,0.170455
51.4167,0.0,0.170455
51.4167,0.0,0.170455
51.4167,0.0,0.170455
51.4167,0.0,0.170455
51.4167,0.0,0.170455
51.4167,0.0,0.170455
51.4167,0.0,0.170455
51.4167,0.0,0.170455
51.4167,0.0,0.170455
51.4167,0.0,0.170455
51.4167,0.0,0.170455
51.4167,0.0,0.170455
51.4167,0.0,0.170455
51.4167,0.0,0.170455
51.4167,0.0,0.170455
51.4167,0.0,0.170455
51.4167,0.0,0.170455
51.4167,0.0,0.170455
51.4167,0.0,0.170455
51.4167,0.0,0.170455
51.4167,0.0,0.170455
51.4167,0.0,0.170455
51.4167,0.0,0.170455
51.4167,0.0,0.0
51.4167,0.0,0.0
51.4167,0.0,0.0
51.4167,0.0,0.0
51.4167,0.0,0.0
51.4167,0.0,0.0
51.4167,0.0,0.0
51.4167,0.0,0.0
51.4167,0.0,0.0
51.4167,0.0,0.0
51.4167,0.0,0.0
51.4167,0.0,0.0
51.4167,0.0,0.0
51.4167,0.0,0.0
51.4167,0.0,0.0
51.4167,0.0,0.0
51.4167,1.0,0.0
51.4167,0.0,0.0
51.4167,0.0,0.0
51.4167,0.0,0.0
51.4167,0.0,0.0
51.4167,0.0,0.0
51.4167,0.0,0.0
51.4167,0.0,0.0
51.4167,0.0,0.0
51.4167,0.0,0.0
51.4167,0.0,0.0
51.4167,0.0,0.0
51.4167,0.0,0.0
51.4167,0.0,0.0
51.4167,0.0,0.0
51.4167,0.0,0.0
51.4167,0.0,0.0
51.4167,0.0,0.0
51.4167,0.0,0.0
51.4167,0.0,0.0
51.4167,0.0,0.0
51.4167,0.0,0.0
51.4167,0.0,0.0
51.4167,0.0,0.0
51.4167,0.0,0.0
51.4167,0.0,0.0
51.4167,0.0,0.0
51.4167,0.0,0.0
51.4167,0.0,0.0
51.4167,0.0,0.0
51.4167,0.0,0.0
51.4167,0.0,0.0
51.4167,0.0,0.0
51.4167,0.0,0.0
51.4167,0.0,0.0
51.4167,0.0,0.0
51.4167,0.0,0.0
51.4167,0.0,0.0
51.4167,0.0,0.0
51.4167,0.0,0.0
51.4167,0.0,0.0
51.4167,0.0,0.0
51.4167,0.0,0.0
51.4167,0.0,0.0
51.4167,0.0,0.0
51.4167,0.0,0.0
51.4167,0.0,0.0
51.4167,0.0,0.0
51.4167,0.0,0.0
51.4167,0.0,0.0
51.4167,0.0,0.0
51.4167,0.0,0.0
51.4167,0.0,0.0
51.4167,0.0,0.0
51.4167,0.0,0.0
51.4167,0.0,0.0
51.4167,0.0,0.0
51.4167,0.0,0.0
51.4167,0.0,0.0
51.4167,0.0,0.0
51.4167,0.0,0.0
51.4167,0.0,0.0
51.4167,0.0,0.0
51.4167,0.0,0.0
51.4167,0.0,0.0
51.4167,0.0,0.0
51.4167,0.0,0.0
51.4167,0.0,0.0
51.4167,0.0,0.0
51.4167,0.0,0.0
51.4167,0.0,0.0
51.4167,0.0,0.0
51.4167,0.0,0.0
51.4167,0.0,0.0
51.4167,0.0,0.0
51.4167,0.0,0.0
51.4167,0.0,0.0
51.4167,0.0,0.0
51.4167,0.0,0.0
51.4167,0.0,0.0
51.4167,0.0,0.0
51.4167,0.0,0.0
51.4167,0.0,0.0
51.4167,0.0,0.0
51.4167,0.0,0.0
51.4167,0.0,0.0
51.4167,0.0,0.0
51.4167,0.0,0.0
51.4167,0.0,0.0
51.4167,0.0,0.0
51.4167,0.0,0.0
51.4167,0.0,0.0
51.4167,0.0,0.0
51.4167,0.0,0.0
51.4167,0.0,0.0
51.4167,0.0,0.0
51.4167,0.0,0.0
51.4167,0.0,0.0
51.4167,0.0,0.0
51.4167,0.0,0.0
51.4167,0.0,0.0
51.4167,0.0,0.0
51.4167,0.0,0.0
51.4167,0.0,0.0
51.4167,0.0,0.0
51.4167,0.0,0.0
51.4167,0.0,0.0
51.4167,0.0,0.0
51.4167,0.0,0.0
51.4167,0.0,0.0
51.4167,0.0,0.0
51.4167,0.0,0.0
51.4167,0.0,0.0
51.4167,0.0,0.0
51.4167,0.0,0.0
51.4167,0.0,0.0
51.4167,0.0,0.0
51.4167,0.0,0.0
51.4167,0.0,0.0
51.4167,1.0,0.0
51.4167,0.0,0.0
51.4167,0.0,0.0
51.4167,0.0,0.0
51.4167,0.0,0.0
51.4167,0.0,0.0
51.4167,0.0,0.0
51.4167,0.0,0.0
51.4167,0.0,0.0
51.4167,0.0,0.0
51.4167,0.0,0.0
51.4167,0.0,0.0
51.4167,0.0,0.0
51.4167,0.0,0.0
51.4167,0.0,0.0
51.4167,0.0,0.0
51.4167,0.0,0.0
51.4167,0.0,0.0
51.4167,0.0,0.0
51.4167,0.0,0.0
51.4167,0.0,0.0
51.4167,0.0,0.0
51.4167,0.0,0.0
51.4167,0.0,0.0
51.4167,0.0,0.0
51.4167,0.0,0.0
51.4167,0.0,0.0
51.4167,0.0,0.0
51.4167,0.0,0.0
51.4167,0.0,0.0
51.4167,0.0,0.0
51.4167,0.0,0.0
51.4167,0.0,0.0
51.4167,0.0,0.0
51.4167,0.0,0.0
51.4167,0.0,0.0
51.4167,0.0,0.0
51.4167,0.0,0.0
51.4167,0.0,0.0
51.4167,0.0,0.0
51.4167,0.0,0.0
51.4167,0.0,0.0
51.4167,0.0,0.0
51.4167,0.0,0.0
51.4167,0.0,0.0
51.4167,0.0,0.0
51.4167,0.0,0.0
51.4167,0.0,0.0
51.4167,0.0,0.0
51.4167,0.0,0.0
51.4167,0.0,0.0
51.4167,0.0,0.0
51.4167,0.0,0.0
51.4167,0.0,0.0
51.4167,0.0,0.0
51.4167,0.0,0.0
51.4167,0.0,0.0
51.4167,0.0,0.0
51.4167,0.0,0.0
51.4167,0.0,0.0
51.4167,0.0,0.0
51.4167,0.0,0.0
51.4167,0.0,0.0
51.4167,0.0,0.0
51.4167,0.0,0.0
51.4167,0.0,0.0
51.4167,0.0,0.0
51.4167,0.0,0.0
51.4167,0.0,0.0
51.4167,0.0,0.0
51.4167,0.0,0.0
51.4167,0.0,0.0
51.4167,0.0,0.0
51.4167,0.0,0.0
51.4167,0.0,0.0
51.4167,0.0,0.0
51.4167,0.0,0.0
51.4167,0.0,0.0
51.4167,0.0,0.0
51.4167,0.0,0.0
51.4167,0.0,0.0
51.4167,0.0,0.0
51.4167,0.0,0.0
51.4167,0.0,0.0
51.4167,0.0,0.0
51.4167,0.0,0.0
51.4167,0.0,0.0
51.4167,0.0,0.0
51.4167,0.0,0.0
51.4167,0.0,0.0
51.4167,0.0,0.0
51.4167,0.0,0.0
51.4167,0.0,0.0
51.4167,0.0,0.0
51.4167,0.0,0.0
51.4167,0.0,0.0
51.4167,0.0,0.0
51.4167,0.0,0.0
51.4167,0.0,0.0
51.4167,0.0,0.0
51.4167,0.0,0.0
51.4167,0.0,0.0
51.4167,0.0,0.0
51.4167,0.0,0.0
51.4167,0.0,0.0
51.4167,0.0,0.0
51.4167,0.0,0.0
51.4167,0.0,0.0
51.4167,0.0,0.0
51.4167,0.0,0.0
51.4167,0.0,0.0
51.4167,0.0,0.0
51.4167,0.0,0.0
51.4167,0.0,0.0
51.4167,0.0,0.0
51.4167,1.0,0.0
51.4167,0.0,0.0
51.4167,0.0,0.0
51.4167,0.0,0.0
51.4167,0.0,0.0
51.4167,0.0,0.0
51.4167,0.0,0.0
51.4167,0.0,0.0
51.4167,0.0,0.0
51.4167,0.0,0.0
51.4167,0.0,0.0
51.4167,0.0,0.0
51.4167,0.0,0.0
51.4167,0.0,0.0
51.4167,0.0,0.0
51.4167,0.0,0.0
51.4167,0.0,0.0
51.4167,0.0,0.0
51.4167,0.0,0.0
51.4167,0.0,0.0
51.4167,0.0,0.0
51.4167,0.0,0.0
51.4167,0.0,0.0
51.4167,0.0,0.0
51.4167,0.0,0.0
51.4167,0.0,0.0
51.4167,0.0,0.0
51.4167,0.0,0.0
51.4167,0.0,0.0
51.4167,0.0,0.0
51.4167,0.0,0.0
51.4167,0.0,0.0
51.4167,0.0,0.0
51.4167,0.0,0.0
51.4167,0.0,0.0
51.4167,0.0,0.0
51.4167,0.0,0.0
51.4167,0.0,0.0
51.4167,0.0,0.0
51.4167,0.0,0.0
51.4167,0.0,0.0
51.4167,0.0,0.0
51.4167,0.0,0.0
51.4167,0.0,0.0
51.4167,0.0,0.0
51.4167,0.0,0.0
51.4167,0.0,0.0
51.4167,0.0,0.0
51.4167,0.0,0.0
51.4167,0.0,0.0
51.4167,0.0,0.0
51.4167,0.0,0.0
51.4167,0.0,0.0
51.4167,0.0,0.0
51.4167,0.0,0.0
51.4167,0.0,0.0
51.4167,0.0,0.0
51.4167,0.0,0.0
51.4167,0.0,0.0
51.4167,0.0,0.0
51.4167,0.0,0.0
51.4167,0.0,0.0
51.4167,0.0,0.0
51.4167,0.0,0.0
51.4167,0.0,0.0
51.4167,0.0,0.0
51.4167,0.0,0.0
51.4167,0.0,0.0
51.4167,0.0,0.0
51.4167,0.0,0.0
51.4167,0.0,0.0
51.4167,0.0,0.0
51.4167,0.0,0.0
51.4167,0.0,0.0
51.4167,0.0,0.0
51.4167,0.0,0.0
51.4167,0.0,0.0
51.4167,0.0,0.0
51.4167,0.0,0.0
51.4167,0.0,0.0
51.4167,0.0,0.0
51.4167,0.0,0.0
51.4167,0.0,0.0
51.4167,0.0,0.0
51.4167,0.0,0.0
51.4167,0.0,0.0
51.4167,0.0,0.0
51.4167,0.0,0.0
51.4167,0.0,0.0
51.4167,0.0,0.0
51.4167,0.0,0.0
51.4167,0.0,0.0
51.4167,0.0,0.0
51.4167,0.0,0.0
51.4167,0.0,0.0
51.4167,0.0,0.0
51.4167,0.0,0.0
51.4167,0.0,0.0
51.4167,0.0,0.0
51.4167,0.0,0.0
51.4167,0.0,0.0
51.4167,0.0,0.0
51.4167,0.0,0.0
51.4167,0.0,0.0
51.4167,0.0,0.0
51.4167,0.0,0.0
51.4167,0.0,0.0
51.4167,0.0,0.0
51.4167,0.0,0.0
51.4167,0.0,0.0
51.4167,0.0,0.0
51.4167,0.0,0.0
51.4167,0.0,0.0
51.4167,0.0,0.0
51.4167,0.0,0.0
51.4167,0.0,0.0
51.4167,0.0,0.0
51.4167,0.0,0.0
51.4167,0.0,0.0
51.4167,0.0,0.0
51.4167,0.0,0.0
51.4167,0.0,0.0
51.4167,0.0,0.0
51.4167,0.0,0.0
51.4167,0.0,0.0
51.4167,0.0,0.0
51.4167,0.0,0.0
51.4167,0.0,0.0
51.4167,0.0,0.0
51.4167,0.0,0.0
51.4167,0.0,0.0
51.4167,0.0,0.0
51.4167,0.0,0.0
51.4167,0.0,0.0
51.4167,0.0,0.0
51.4167,0.0,0.0
51.4167,0.0,0.0
51.4167,0.0,0.0
51.4167,0.0,0.0
51.4167,0.0,0.0
51.4167,0.0,0.0
51.4167,0.0,0.0
51.4167,0.0,0.0
51.4167,0.0,0.0
51.4167,0.0,0.0
51.4167,0.0,0.0
51.4167,0.0,0.0
51.4167,0.0,0.0
51.4167,0.0,0.0
51.4167,0.0,0.0
51.4167,0.0,0.0
51.4167,0.0,0.0
51.4167,0.0,0.0
51.4167,0.0,0.0
51.4167,0.0,0.0
51.4167,0.0,0.0
51.4167,0.0,0.0
51.4167,0.0,0.0
51.4167,0.0,0.0
51.4167,0.0,0.0
51.4167,0.0,0.0
51.4167,0.0,0.0
51.4167,0.0,0.0
51.4167,0.0,0.0
51.4167,0.0,0.0
51.4167,0.0,0.0
51.4167,0.0,0.0
51.4167,0.0,0.0
51.4167,0.0,0.0
51.4167,0.0,0.0
51.4167,0.0,0.0
51.4167,0.0,0.0
51.4167,0.0,0.0
51.4167,0.0,0.0
51.4167,0.0,0.0
51.4167,0.0,0.0
51.4167,0.0,0.0
51.4167,0.0,0.0
51.4167,0.0,0.0
51.4167,0.0,0.0
51.4167,0.0,0.0
51.4167,0.0,0.0
51.4167,0.0,0.0
51.4167,0.0,0.0
51.4167,0.0,0.0
51.4167,0.0,0.0
51.4167,0.0,0.0
51.4167,0.0,0.0
51.4167,0.0,0.0
51.4167,0.0,0.0
51.4167,0.0,0.0
51.4167,0.0,0.0
51.4167,0.0,0.0
51.4167,0.0,0.0
51.4167,0.0,0.0
51.4167,0.0,0.0
51.4167,0.0,0.0
51.4167,0.0,0.0
51.4167,0.0,0.0
51.4167,0.0,0.0
51.4167,0.0,0.0
51.4167,0.0,0.0
51.4167,0.0,0.0
51.4167,0.0,0.0
51.4167,0.0,0.0
51.4167,0.0,0.0
51.4167,0.0,0.0
51.4167,0.0,0.0
51.4167,0.0,0.0
51.4167,0.0,0.0
51.4167,0.0,0.0
51.4167,0.0,0.0
51.4167,0.0,0.0
51.4167,0.0,0.0
51.4167,0.0,0.0
51.4167,0.0,0.0
51.4167,0.0,0.0
51.4167,0.0,0.0
51.4167,0.0,0.0
51.4167,0.0,0.0
51.4167,0.0,0.0
51.4167,0.0,0.0
51.4167,0.0,0.0
51.4167,0.0,0.0
51.4167,0.0,0.0
51.4167,0.0,0.0
51.4167,0.0,0.0
51.4167,0.0,0.0
51.4167,0.0,0.0
51.4167,0.0,0.0
51.4167,0.0,0.0
51.4167,0.0,0.0
51.4167,0.0,0.0
51.4167,0.0,0.0
51.4167,1.0,0.0
51.4167,0.0,0.0
51.4167,0.0,0.0
51.4167,0.0,0.0
51.4167,0.0,0.0
51.4167,0.0,0.0
51.4167,0.0,0.0
51.4167,0.0,0.0
51.4167,0.0,0.0
51.4167,0.0,0.0
51.4167,0.0,0.0
51.4167,0.0,0.0
51.4167,0.0,0.0
51.4167,0.0,0.0
51.4167,0.0,0.0
51.4167,0.0,0.0
51.4167,0.0,0.0
51.4167,0.0,0.0
51.4167,0.0,0.0
51.4167,0.0,0.0
51.4167,0.0,0.0
51.4167,0.0,0.0
51.4167,0.0,0.0
51.4167,0.0,0.0
51.4167,0.0,0.0
51.4167,0.0,0.0
51.4167,0.0,0.0
51.4167,0.0,0.0
51.4167,0.0,0.0
51.4167,0.0,0.0
51.4167,0.0,0.0
51.4167,0.0,0.0
51.4167,0.0,0.0
51.4167,0.0,0.0
51.4167,0.0,0.0
51.4167,0.0,0.0
51.4167,0.0,0.0
51.4167,0.0,0.0
51.4167,0.0,0.0
51.4167,0.0,0.0
51.4167,0.0,0.0
51.4167,0.0,0.0
51.4167,0.0,0.0
51.4167,0.0,0.0
51.4167,0.0,0.0
51.4167,0.0,0.0
51.4167,0.0,0.0
51.4167,0.0,0.0
51.4167,0.0,0.0
51.4167,0.0,0.0
51.4167,0.0,0.0
51.4167,0.0,0.0
51.4167,0.0,0.0
51.4167,0.0,0.0
51.4167,0.0,0.0
51.4167,0.0,0.0
51.4167,0.0,0.0
51.4167,0.0,0.0
51.4167,0.0,0.0
51.4167,0.0,0.0
51.4167,0.0,0.0
51.4167,0.0,0.0
51.4167,0.0,0.0
51.4167,0.0,0.0
51.4167,0.0,0.0
51.4167,0.0,0.0
51.4167,0.0,0.0
51.4167,0.0,0.0
51.4167,0.0,0.0
51.4167,0.0,0.0
51.4167,0.0,0.0
51.4167,0.0,0.0
51.4167,0.0,0.0
51.4167,0.0,0.0
51.4167,0.0,0.0
51.4167,0.0,0.0
51.4167,0.0,0.0
51.4167,0.0,0.0
51.4167,0.0,0.0
51.4167,0.0,0.0
51.4167,0.0,0.0
51.4167,0.0,0.0
51.4167,0.0,0.0
51.4167,0.0,0.0
51.4167,0.0,0.0
51.4167,0.0,0.0
51.4167,0.0,0.0
51.4167,0.0,0.0
51.4167,0.0,0.0
51.4167,0.0,0.0
51.4167,0.0,0.0
51.4167,0.0,0.0
51.4167,0.0,0.0
51.4167,0.0,0.0
51.4167,0.0,0.0
51.4167,0.0,0.0
51.4167,0.0,0.0
51.4167,0.0,0.0
51.4167,0.0,0.0
51.4167,0.0,0.0
51.4167,0.0,0.0
51.4167,0.0,0.0
51.4167,0.0,0.0
51.4167,0.0,0.0
51.4167,0.0,0.0
51.4167,0.0,0.0
51.4167,0.0,0.0
51.4167,0.0,0.0
51.4167,0.0,0.0
51.4167,0.0,0.0
51.4167,0.0,0.0
51.4167,0.0,0.0
51.4167,0.0,0.0
51.4167,0.0,0.0
51.4167,0.0,0.0
51.4167,0.0,0.0
51.4167,0.0,0.0
51.4167,0.0,0.0
51.4167,0.0,0.0
51.4167,0.0,0.0
51.4167,0.0,0.0
51.4167,0.0,0.0
51.4167,0.0,0.0
51.4167,0.0,0.0
51.4167,0.0,0.0
51.4167,0.0,0.0
51.4167,0.0,0.0
51.4167,0.0,0.0
51.4167,0.0,0.0
51.4167,0.0,0.0
51.4167,0.0,0.0
51.4167,0.0,0.0
51.4167,0.0,0.0
51.4167,0.0,0.0
51.4167,0.0,0.0
51.4167,0.0,0.0
51.4167,0.0,0.0
51.4167,0.0,0.0
51.4167,0.0,0.0
51.4167,0.0,0.0
51.4167,0.0,0.0
51.4167,0.0,0.0
51.4167,0.0,0.0
51.4167,0.0,0.0
51.4167,0.0,0.0
51.4167,0.0,0.0
51.4167,0.0,0.0
51.4167,0.0,0.0
51.4167,0.0,0.0
51.4167,0.0,0.0
51.4167,0.0,0.0
51.4167,0.0,0.0
51.4167,0.0,0.0
51.4167,0.0,0.0
51.4167,0.0,0.0
51.4167,0.0,0.0
51.4167,1.0,0.0
51.4167,0.0,0.0
51.4167,0.0,0.0
51.4167,0.0,0.0
51.4167,0.0,0.0
51.4167,0.0,0.0
51.4167,0.0,0.0
51.4167,0.0,0.0
51.4167,0.0,0.0
51.4167,0.0,0.0
51.4167,0.0,0.0
51.4167,0.0,0.0
51.4167,0.0,0.0
51.4167,0.0,0.0
51.4167,0.0,0.0
51.4167,0.0,0.0
51.4167,0.0,0.0
51.4167,0.0,0.0
51.4167,0.0,0.0
51.4167,0.0,0.0
51.4167,0.0,0.0
51.4167,0.0,0.0
51.4167,0.0,0.0
51.4167,0.0,0.0
51.4167,0.0,0.0
51.4167,0.0,0.0
51.4167,0.0,0.0
51.4167,0.0,0.0
51.4167,0.0,0.0
51.4167,0.0,0.0
51.4167,0.0,0.0
51.4167,0.0,0.0
51.4167,0.0,0.0
51.4167,0.0,0.0
51.4167,0.0,0.0
51.4167,0.0,0.0
51.4167,0.0,0.0
51.4167,0.0,0.0
51.4167,0.0,0.0
51.4167,0.0,0.0
51.4167,0.0,0.0
51.4167,0.0,0.0
51.4167,0.0,0.0
51.4167,0.0,0.0
51.4167,0.0,0.0
51.4167,0.0,0.0
51.4167,0.0,0.0
51.4167,0.0,0.0
51.4167,0.0,0.0
51.4167,0.0,0.0
51.4167,0.0,0.0
51.4167,0.0,0.0
51.4167,0.0,0.0
51.4167,0.0,0.0
51.4167,0.0,0.0
51.4167,0.0,0.0
51.4167,0.0,0.0
51.4167,0.0,0.0
51.4167,0.0,0.0
51.4167,0.0,0.0
51.4167,0.0,0.0
51.4167,0.0,0.0
51.4167,0.0,0.0
51.4167,0.0,0.0
51.4167,0.0,0.0
51.4167,0.0,0.0
51.4167,0.0,0.0
51.4167,0.0,0.0
51.4167,0.0,0.0
51.4167,0.0,0.0
51.4167,0.0,0.0
51.4167,0.0,0.0
51.4167,0.0,0.0
51.4167,0.0,0.0
51.4167,0.0,0.0
51.4167,0.0,0.0
51.4167,0.0,0.0
51.4167,0.0,0.0
51.4167,0.0,0.0
51.4167,0.0,0.0
51.4167,0.0,0.0
51.4167,0.0,0.0
51.4167,0.0,0.0
51.4167,0.0,0.0
51.4167,0.0,0.0
51.4167,0.0,0.0
51.4167,0.0,0.0
51.4167,0.0,0.0
51.4167,0.0,0.0
51.4167,0.0,0.0
51.4167,0.0,0.0
51.4167,0.0,0.0
51.4167,0.0,0.0
51.4167,0.0,0.0
51.4167,0.0,0.0
51.4167,0.0,0.0
51.4167,0.0,0.0
51.4167,0.0,0.0
51.4167,0.0,0.0
51.4167,0.0,0.0
51.4167,0.0,0.0
51.4167,0.0,0.0
51.4167,0.0,0.0
51.4167,0.0,0.0
51.4167,0.0,0.0
51.4167,0.0,0.0
51.4167,0.0,0.0
51.4167,0.0,0.0
51.4167,0.0,0.0
51.4167,0.0,0.0
51.4167,0.0,0.0
51.4167,0.0,0.0
51.4167,0.0,0.0
51.4167,0.0,0.0
51.4167,0.0,0.0
51.4167,0.0,0.0
51.4167,0.0,0.0
51.4167,0.0,0.0
51.4167,0.0,0.0
51.4167,0.0,0.0
51.4167,0.0,0.0
51.4167,0.0,0.0
51.4167,0.0,0.0
51.4167,0.0,0.0
51.4167,0.0,0.0
51.4167,0.0,0.0
51.4167,0.0,0.0
51.4167,0.0,0.0
51.4167,0.0,0.0
51.4167,0.0,0.0
51.4167,0.0,0.0
51.4167,0.0,0.0
51.4167,0.0,0.0
51.4167,0.0,0.0
51.4167,0.0,0.0
51.4167,0.0,0.0
51.4167,0.0,0.0
51.4167,0.0,0.0
51.4167,0.0,0.0
51.4167,0.0,0.0
51.4167,0.0,0.0
51.4167,0.0,0.0
51.4167,0.0,0.0
51.4167,0.0,0.0
51.4167,0.0,0.0
51.4167,0.0,0.0
51.4167,0.0,0.0
51.4167,0.0,0.0
51.4167,0.0,0.0
51.4167,0.0,0.0
51.4167,0.0,0.0
51.4167,0.0,0.0
51.4167,0.0,0.0
51.4167,0.0,0.0
51.4167,0.0,0.0
51.4167,0.0,0.0
51.4167,0.0,0.0
51.4167,0.0,0.0
51.4167,0.0,0.0
51.4167,0.0,0.0
51.4167,0.0,0.0
51.4167,0.0,0.0
51.4167,0.0,0.0
51.4167,0.0,0.0
51.4167,0.0,0.0
51.4167,0.0,0.0
51.4167,0.0,0.0
51.4167,0.0,0.0
51.4167,0.0,0.0
51.4167,0.0,0.0
51.4167,0.0,0.0
51.4167,0.0,0.0
51.4167,0.0,0.0
51.4167,0.0,0.0
51.4167,0.0,0.0
51.4167,0.0,0.0
51.4167,0.0,0.0
51.4167,0.0,0.0
51.4167,0.0,0.0
51.4167,0.0,0.0
51.4167,0.0,0.0
51.4167,0.0,0.0
51.4167,0.0,0.0
51.4167,0.0,0.0
51.4167,0.0,0.0
51.4167,0.0,0.0
51.4167,0.0,0.0
51.4167,0.0,0.0
51.4167,0.0,0.0
51.4167,0.0,0.0
51.4167,0.0,0.0
51.4167,0.0,0.0
51.4167,0.0,0.0
51.4167,0.0,0.0
51.4167,0.0,0.0
51.4167,0.0,0.0
51.4167,0.0,0.0
51.4167,0.0,0.0
51.4167,0.0,0.0
51.4167,0.0,0.0
51.4167,1.0,0.0
51.4167,0.0,0.0
51.4167,0.0,0.0
51.4167,0.0,0.0
51.4167,0.0,0.0
51.4167,0.0,0.0
51.4167,0.0,0.0
51.4167,0.0,0.0
51.4167,0.0,0.0
51.4167,0.0,0.0
51.4167,0.0,0.0
51.4167,0.0,0.0
51.4167,0.0,0.0
51.4167,0.0,0.0
51.4167,0.0,0.0
51.4167,0.0,0.0
51.4167,0.0,0.0
51.4167,0.0,0.0
51.4167,0.0,0.0
51.4167,0.0,0.0
51.4167,0.0,0.0
51.4167,0.0,0.0
51.4167,0.0,0.0
51.4167,0.0,0.0
51.4167,0.0,0.0
51.4167,0.0,0.0
51.4167,0.0,0.0
51.4167,1.0,0.0
51.4167,0.0,0.0
51.4167,0.0,0.0
51.4167,0.0,0.0
51.4167,0.0,0.0
51.4167,0.0,0.0
51.4167,0.0,0.0
51.4167,0.0,0.0
51.4167,0.0,0.0
51.4167,0.0,0.0
51.4167,0.0,0.0
51.4167,0.0,0.0
51.4167,0.0,0.0
51.4167,0.0,0.0
51.4167,0.0,0.0
51.4167,0.0,0.0
51.4167,0.0,0.0
51.4167,0.0,0.0
51.4167,0.0,0.0
51.4167,0.0,0.0
51.4167,0.0,0.0
51.4167,0.0,0.0
51.4167,0.0,0.0
51.4167,0.0,0.0
51.4167,0.0,0.0
51.4167,0.0,0.0
51.4167,0.0,0.0
51.4167,0.0,0.0
51.4167,0.0,0.0
51.4167,0.0,0.0
51.4167,0.0,0.0
51.4167,0.0,0.0
51.4167,0.0,0.0
51.4167,0.0,0.0
51.4167,0.0,0.0
51.4167,0.0,0.0
51.4167,0.0,0.0
51.4167,0.0,0.0
51.4167,0.0,0.0
51.4167,0.0,0.0
51.4167,0.0,0.0
51.4167,0.0,0.0
51.4167,0.0,0.0
51.4167,0.0,0.0
51.4167,0.0,0.0
51.4167,0.0,0.0
51.4167,0.0,0.0
51.4167,0.0,0.0
51.4167,0.0,0.0
51.4167,0.0,0.0
51.4167,0.0,0.0
51.4167,0.0,0.0
51.4167,0.0,0.0
51.4167,0.0,0.0
51.4167,0.0,0.0
51.4167,0.0,0.0
51.4167,0.0,0.0
51.4167,0.0,0.0
51.4167,0.0,0.0
51.4167,0.0,0.0
51.4167,0.0,0.0
51.4167,0.0,0.0
51.4167,0.0,0.0
51.4167,0.0,0.0
51.4167,0.0,0.0
51.4167,0.0,0.0
51.4167,0.0,0.0
51.4167,0.0,0.0
51.4167,0.0,0.0
51.4167,0.0,0.0
51.4167,0.0,0.0
51.4167,0.0,0.0
51.4167,0.0,0.0
51.4167,0.0,0.0
51.4167,0.0,0.0
51.4167,0.0,0.0
51.4167,0.0,0.0
51.4167,0.0,0.0
51.4167,0.0,0.0
51.4167,0.0,0.0
51.4167,0.0,0.0
51.4167,0.0,0.0
51.4167,0.0,0.0
51.4167,0.0,0.0
51.4167,0.0,0.0
51.4167,0.0,0.0
51.4167,0.0,0.0
51.4167,0.0,0.0
51.4167,0.0,0.0
51.4167,0.0,0.0
51.4167,0.0,0.0
51.4167,0.0,0.0
51.4167,0.0,0.0
51.4167,0.0,0.0
51.4167,0.0,0.0
51.4167,0.0,0.0
51.4167,0.0,0.0
51.4167,0.0,0.0
51.4167,0.0,0.0
51.4167,0.0,0.0
51.4167,0.0,0.0
51.4167,0.0,0.0
51.4167,0.0,0.0
51.4167,0.0,0.0
51.4167,0.0,0.0
51.4167,0.0,0.0
51.4167,0.0,0.0
51.4167,0.0,0.0
51.4167,0.0,0.0
51.4167,0.0,0.0
51.4167,0.0,0.0
51.4167,1.0,0.0
51.4167,0.0,0.0
51.4167,0.0,0.0
51.4167,0.0,0.0
51.4167,0.0,0.0
51.4167,0.0,0.0
51.4167,0.0,0.0
51.4167,0.0,0.0
51.4167,0.0,0.0
51.4167,0.0,0.0
51.4167,0.0,0.0
51.4167,0.0,0.0
51.4167,0.0,0.0
51.4167,0.0,0.0
51.4167,0.0,0.0
51.4167,0.0,0.0
51.4167,0.0,0.0
51.4167,0.0,0.0
51.4167,0.0,0.0
51.4167,0.0,0.0
51.4167,0.0,0.0
51.4167,0.0,0.0
51.4167,0.0,0.0
51.4167,0.0,0.0
51.4167,0.0,0.0
51.4167,0.0,0.0
51.4167,0.0,0.0
51.4167,0.0,0.0
51.4167,0.0,0.0
51.4167,0.0,0.0
51.4167,0.0,0.0
51.4167,0.0,0.0
51.4167,0.0,0.0
51.4167,0.0,0.0
51.4167,0.0,0.0
51.4167,0.0,0.0
51.4167,0.0,0.0
51.4167,0.0,0.0
51.4167,0.0,0.0
51.4167,0.0,0.0
51.4167,0.0,0.0
51.4167,0.0,0.0
51.4167,0.0,0.0
51.4167,0.0,0.0
51.4167,0.0,0.0
51.4167,0.0,0.0
51.4167,0.0,0.0
51.4167,0.0,0.0
51.4167,0.0,0.0
51.4167,0.0,0.0
51.4167,0.0,0.0
51.4167,0.0,0.0
51.4167,0.0,0.0
51.4167,0.0,0.0
51.4167,0.0,0.0
51.4167,0.0,0.0
51.4167,0.0,0.0
51.4167,0.0,0.0
51.4167,0.0,0.0
51.4167,0.0,0.0
51.4167,0.0,0.0
51.4167,0.0,0.0
51.4167,0.0,0.0
51.4167,0.0,0.0
51.4167,0.0,0.0
51.4167,0.0,0.0
51.4167,0.0,0.0
51.4167,0.0,0.0
51.4167,0.0,0.0
51.4167,0.0,0.0
51.4167,0.0,0.0
51.4167,0.0,0.0
51.4167,0.0,0.0
51.4167,0.0,0.0
51.4167,0.0,0.0
51.4167,0.0,0.0
51.4167,0.0,0.0
51.4167,0.0,0.0
51.4167,0.0,0.0
51.4167,0.0,0.0
51.4167,0.0,0.0
51.4167,0.0,0.0
51.4167,0.0,0.0
51.4167,0.0,0.0
51.4167,0.0,0.0
51.4167,0.0,0.0
51.4167,0.0,0.0
51.4167,0.0,0.0
51.4167,0.0,0.0
51.4167,0.0,0.0
51.4167,0.0,0.0
51.4167,0.0,0.0
51.4167,0.0,0.0
51.4167,0.0,0.0
51.4167,0.0,0.0
51.4167,0.0,0.0
51.4167,0.0,0.0
51.4167,0.0,0.0
51.4167,0.0,0.0
51.4167,0.0,0.0
51.4167,0.0,0.0
51.4167,0.0,0.0
51.4167,0.0,0.0
51.4167,0.0,0.0
51.4167,0.0,0.0
51.4167,0.0,0.0
51.4167,0.0,0.0
51.4167,0.0,0.0
51.4167,0.0,0.0
51.4167,0.0,0.0
51.4167,0.0,0.0
51.4167,0.0,0.0
51.4167,0.0,0.0
51.4167,0.0,0.0
51.4167,0.0,0.0
51.4167,0.0,0.0
51.4167,0.0,0.0
51.4167,0.0,0.0
51.4167,0.0,0.0
51.4167,0.0,0.0
51.4167,0.0,0.0
51.4167,0.0,0.0
51.4167,0.0,0.0
51.4167,0.0,0.0
51.4167,0.0,0.0
51.4167,0.0,0.0
51.4167,0.0,0.0
51.4167,0.0,0.0
51.4167,0.0,0.0
51.4167,0.0,0.0
51.4167,0.0,0.0
51.4167,0.0,0.0
51.4167,0.0,0.0
51.4167,0.0,0.0
51.4167,0.0,0.0
51.4167,0.0,0.0
51.4167,0.0,0.0
51.4167,0.0,0.0
51.4167,0.0,0.0
51.4167,0.0,0.0
51.4167,0.0,0.0
51.4167,0.0,0.0
51.4167,0.0,0.0
51.4167,0.0,0.0
51.4167,0.0,0.0
51.4167,0.0,0.0
51.4167,0.0,0.0
51.4167,0.0,0.0
51.4167,0.0,0.0
51.4167,0.0,0.0
51.4167,0.0,0.0
51.4167,0.0,0.0
51.4167,0.0,0.0
51.4167,0.0,0.0
51.4167,0.0,0.0
51.4167,0.0,0.0
51.4167,0.0,0.0
51.4167,0.0,0.0
51.4167,0.0,0.0
51.4167,0.0,0.0
51.4167,0.0,0.0
51.4167,0.0,0.0
51.4167,0.0,0.0
51.4167,0.0,0.0
51.4167,0.0,0.0
51.4167,0.0,0.0
51.4167,0.0,0.0
51.4167,0.0,0.0
51.4167,0.0,0.0
51.4167,0.0,0.0
51.4167,0.0,0.0
51.4167,0.0,0.0
51.4167,0.0,0.0
51.4167,0.0,0.0
51.4167,0.0,0.0
51.4167,0.0,0.0
51.4167,0.0,0.0
51.4167,0.0,0.0
51.4167,0.0,0.0
51.4167,0.0,0.0
51.4167,0.0,0.0
51.4167,0.0,0.0
51.4167,0.0,0.0
51.4167,0.0,0.0
51.4167,0.0,0.0
51.4167,0.0,0.0
51.4167,1.0,0.0
51.4167,0.0,0.0
51.4167,0.0,0.0
51.4167,0.0,0.0
51.4167,0.0,0.0
51.4167,0.0,0.0
51.4167,0.0,0.0
51.4167,0.0,0.0
51.4167,0.0,0.0
51.4167,0.0,0.0
51.4167,0.0,0.0
51.4167,0.0,0.0
51.4167,0.0,0.0
51.4167,0.0,0.0
51.4167,0.0,0.0
51.4167,0.0,0.0
51.4167,0.0,0.0
51.4167,0.0,0.0
51.4167,0.0,0.0
51.4167,0.0,0.0
51.4167,0.0,0.0
51.4167,0.0,0.0
51.4167,0.0,0.0
51.4167,0.0,0.0
51.4167,0.0,0.0
51.4167,0.0,0.0
51.4167,0.0,0.0
51.4167,0.0,0.0
51.4167,0.0,0.0
51.4167,0.0,0.0
51.4167,0.0,0.0
51.4167,0.0,0.0
51.4167,0.0,0.0
51.4167,0.0,0.0
51.4167,0.0,0.0
51.4167,0.0,0.0
51.4167,0.0,0.0
51.4167,0.0,0.0
51.4167,0.0,0.0
51.4167,0.0,0.0
51.4167,0.0,0.0
51.4167,0.0,0.0
51.4167,0.0,0.0
51.4167,0.0,0.0
51.4167,0.0,0.0
51.4167,0.0,0.0
51.4167,0.0,0.0
51.4167,0.0,0.0
51.4167,0.0,0.0
51.4167,0.0,0.0
51.4167,0.0,0.0
51.4167,0.0,0.0
51.4167,0.0,0.0
51.4167,0.0,0.0
51.4167,0.0,0.0
51.4167,0.0,0.0
51.4167,0.0,0.0
51.4167,0.0,0.0
51.4167,0.0,0.0
51.4167,0.0,0.0
51.4167,0.0,0.0
51.4167,0.0,0.0
51.4167,1.0,0.0
51.4167,0.0,0.0
51.4167,0.0,0.0
51.4167,0.0,0.0
51.4167,0.0,0.0
51.4167,0.0,0.0
51.4167,0.0,0.0
51.4167,0.0,0.0
51.4167,0.0,0.0
51.4167,0.0,0.0
51.4167,0.0,0.0
51.4167,0.0,0.0
51.4167,0.0,0.0
51.4167,0.0,0.0
51.4167,0.0,0.0
51.4167,0.0,0.0
51.4167,0.0,0.0
51.4167,0.0,0.0
51.4167,0.0,0.0
51.4167,0.0,0.0
51.4167,0.0,0.0
51.4167,0.0,0.0
51.4167,0.0,0.0
51.4167,0.0,0.0
51.4167,0.0,0.0
51.4167,0.0,0.0
51.4167,0.0,0.0
51.4167,0.0,0.0
51.4167,0.0,0.0
51.4167,0.0,0.0
51.4167,0.0,0.0
51.4167,0.0,0.0
51.4167,0.0,0.0
51.4167,0.0,0.0
51.4167,0.0,0.0
51.4167,0.0,0.0
51.4167,0.0,0.0
51.4167,0.0,0.0
51.4167,0.0,0.0
51.4167,0.0,0.0
51.4167,0.0,0.0
51.4167,0.0,0.0
51.4167,0.0,0.0
51.4167,0.0,0.0
51.4167,0.0,0.0
51.4167,0.0,0.0
51.4167,0.0,0.0
51.4167,0.0,0.0
51.4167,0.0,0.0
51.4167,0.0,0.0
51.4167,0.0,0.0
51.4167,0.0,0.0
51.4167,0.0,0.0
51.4167,0.0,0.0
51.4167,0.0,0.0
51.4167,0.0,0.0
51.4167,0.0,0.0
51.4167,0.0,0.0
51.4167,0.0,0.0
51.4167,0.0,0.0
51.4167,0.0,0.0
51.4167,0.0,0.0
51.4167,0.0,0.0
51.4167,0.0,0.0
51.4167,0.0,0.0
51.4167,0.0,0.0
51.4167,0.0,0.0
51.4167,0.0,0.0
51.4167,0.0,0.0
51.4167,0.0,0.0
51.4167,0.0,0.0
51.4167,0.0,0.0
51.4167,0.0,0.0
51.4167,0.0,0.0
51.4167,0.0,0.0
51.4167,0.0,0.0
51.4167,0.0,0.0
51.4167,0.0,0.0
51.4167,0.0,0.0
51.4167,0.0,0.0
51.4167,0.0,0.0
51.4167,0.0,0.0
51.4167,0.0,0.0
51.4167,0.0,0.0
51.4167,0.0,0.0
51.4167,0.0,0.0
51.4167,0.0,0.0
51.4167,0.0,0.0
51.4167,0.0,0.0
51.4167,0.0,0.0
51.4167,0.0,0.0
51.4167,0.0,0.0
51.4167,0.0,0.0
51.4167,0.0,0.0
51.4167,0.0,0.0
51.4167,0.0,0.0
51.4167,0.0,0.0
51.4167,0.0,0.0
51.4167,0.0,0.0
51.4167,0.0,0.0
51.4167,0.0,0.0
51.4167,0.0,0.0
51.4167,0.0,0.0
51.4167,0.0,0.0
51.4167,0.0,0.0
51.4167,0.0,0.0
51.4167,0.0,0.0
51.4167,0.0,0.0
51.4167,0.0,0.0
51.4167,0.0,0.0
51.4167,0.0,0.0
51.4167,0.0,0.0
51.4167,0.0,0.0
51.4167,0.0,0.0
51.4167,0.0,0.0
51.4167,0.0,0.0
51.4167,0.0,0.0
51.4167,0.0,0.0
51.4167,0.0,0.0
51.4167,0.0,0.0
51.4167,0.0,0.0
51.4167,0.0,0.0
51.4167,0.0,0.0
51.4167,0.0,0.0
51.4167,0.0,0.0
51.4167,0.0,0.0
51.4167,0.0,0.0
51.4167,0.0,0.0
51.4167,0.0,0.0
51.4167,0.0,0.0
51.4167,0.0,0.0
51.4167,0.0,0.0
51.4167,0.0,0.0
51.4167,0.0,0.0
51.4167,0.0,0.0
51.4167,0.0,0.0
51.4167,0.0,0.0
51.4167,1.0,0.0
51.4167,0.0,0.0
51.4167,0.0,0.0
51.4167,0.0,0.0
51.4167,0.0,0.0
51.4167,0.0,0.0
51.4167,0.0,0.0
51.4167,0.0,0.0
51.4167,0.0,0.0
51.4167,0.0,0.0
51.4167,0.0,0.0
51.4167,0.0,0.0
51.4167,0.0,0.0
51.4167,0.0,0.0
51.4167,0.0,0.0
51.4167,0.0,0.0
51.4167,0.0,0.0
51.4167,0.0,0.0
51.4167,0.0,0.0
51.4167,0.0,0.0
51.4167,0.0,0.0
51.4167,0.0,0.0
51.4167,0.0,0.0
51.4167,0.0,0.0
51.4167,0.0,0.0
51.4167,0.0,0.0
51.4167,0.0,0.0
51.4167,0.0,0.0
51.4167,0.0,0.0
51.4167,0.0,0.0
51.4167,0.0,0.0
51.4167,0.0,0.0
51.4167,0.0,0.0
51.4167,0.0,0.0
51.4167,0.0,0.0
51.4167,0.0,0.0
51.4167,0.0,0.0
51.4167,0.0,0.0
51.4167,0.0,0.0
51.4167,0.0,0.0
51.4167,0.0,0.0
51.4167,0.0,0.0
51.4167,0.0,0.0
51.4167,29.0,0.0
51.4167,35.0,0.0
51.4167,3.0,0.0
51.4167,0.0,0.0
51.4167,0.0,0.0
51.4167,0.0,0.0
51.4167,0.0,0.0
51.4167,0.0,0.0
51.4167,0.0,0.0
51.4167,0.0,0.0
51.4167,0.0,0.0
51.4167,0.0,0.0
51.4167,0.0,0.0
51.4167,0.0,0.0
51.4167,0.0,0.0
51.4167,0.0,0.0
51.4167,0.0,0.0
51.4167,0.0,0.0
51.4167,0.0,0.0
51.4167,0.0,0.0
51.4167,0.0,0.0
51.4167,0.0,0.0
51.4167,0.0,0.0
51.4167,0.0,0.0
51.4167,0.0,0.0
51.4167,0.0,0.0
51.4167,0.0,0.0
51.4167,0.0,0.0
51.4167,0.0,0.0
51.4167,0.0,0.0
51.4167,0.0,0.0
51.4167,0.0,0.0
51.4167,0.0,0.0
51.4167,0.0,0.0
51.4167,0.0,0.0
51.4167,0.0,0.0
51.4167,0.0,0.0
51.4167,0.0,0.0
51.4167,177.0,0.0
51.4167,225.0,0.0
51.4167,224.0,0.0
51.4167,84.0,0.0
51.4167,2.0,0.0
51.4167,0.0,0.0
51.4167,0.0,0.0
51.4167,0.0,0.0
51.4167,0.0,0.0
51.4167,0.0,0.0
51.4167,0.0,0.0
51.4167,0.0,0.0
51.4167,0.0,0.0
51.4167,0.0,0.0
51.4167,0.0,0.0
51.4167,0.0,0.0
51.4167,0.0,0.0
51.4167,0.0,0.0
51.4167,0.0,0.0
51.4167,0.0,0.0
51.4167,0.0,0.0
51.4167,0.0,0.0
51.4167,0.0,0.0
51.4167,0.0,0.0
51.4167,0.0,0.0
51.4167,0.0,0.0
51.4167,0.0,0.0
51.4167,0.0,0.0
51.4167,0.0,0.0
51.4167,0.0,0.0
51.4167,0.0,0.0
51.4167,0.0,0.0
51.4167,0.0,0.0
51.4167,0.0,0.0
51.4167,0.0,0.0
51.4167,0.0,0.0
51.4167,0.0,0.0
51.4167,0.0,0.0
51.4167,0.0,0.0
51.4167,116.0,0.0
51.4167,172.0,0.0
51.4167,57.0,0.0
51.4167,0.0,0.0
51.4167,0.0,0.0
51.4167,0.0,0.0
51.4167,0.0,0.0
51.4167,0.0,0.0
51.4167,0.0,0.0
51.4167,0.0,0.0
51.4167,0.0,0.0
51.4167,0.0,0.0
51.4167,0.0,0.0
51.4167,0.0,0.0
51.4167,0.0,0.0
51.4167,0.0,0.0
51.4167,0.0,0.0
51.4167,0.0,0.0
51.4167,0.0,0.0
51.4167,0.0,0.0
51.4167,0.0,0.0
51.4167,1.0,0.0
51.4167,0.0,0.0
51.4167,0.0,0.0
51.4167,0.0,0.0
51.4167,0.0,0.0
51.4167,0.0,0.0
51.4167,0.0,0.0
51.4167,0.0,0.0
51.4167,0.0,0.0
51.4167,0.0,0.0
51.4167,0.0,0.0
51.4167,0.0,0.0
51.4167,0.0,0.0
51.4167,0.0,0.0
51.4167,0.0,0.0
51.4167,0.0,0.0
51.4167,0.0,0.0
51.4167,0.0,0.0
51.4167,0.0,0.0
51.4167,0.0,0.0
51.4167,0.0,0.0
51.4167,2.0,0.0
51.4167,220.0,0.0
51.4167,217.0,0.0
51.4167,119.0,0.0
51.4167,36.0,0.0
51.4167,0.0,0.0
51.4167,0.0,0.0
51.4167,0.0,0.0
51.4167,0.0,0.0
51.4167,0.0,0.0
51.4167,0.0,0.0
51.4167,0.0,0.0
51.4167,0.0,0.0
51.4167,0.0,0.0
51.4167,0.0,0.0
51.4167,0.0,0.0
51.4167,0.0,0.0
51.4167,0.0,0.0
51.4167,0.0,0.0
51.4167,0.0,0.0
51.4167,0.0,0.0
51.4167,0.0,0.0
51.4167,0.0,0.0
51.4167,0.0,0.0
51.4167,0.0,0.0
51.4167,0.0,0.0
51.4167,0.0,0.0
51.4167,0.0,0.0
51.4167,0.0,0.0
51.4167,0.0,0.0
51.4167,0.0,0.0
51.4167,0.0,0.0
51.4167,0.0,0.0
51.4167,0.0,0.0
51.4167,0.0,0.0
51.4167,0.0,0.0
51.4167,0.0,0.0
51.4167,0.0,0.0
51.4167,0.0,0.0
51.4167,0.0,0.0
51.4167,0.0,0.0
51.4167,0.0,0.0
51.4167,0.0,0.0
51.4167,0.0,0.0
51.4167,0.0,0.0
51.4167,0.0,0.0
51.4167,0.0,0.0
51.4167,0.0,0.0
51.4167,0.0,0.0
51.4167,0.0,0.0
51.4167,0.0,0.0
51.4167,0.0,0.0
51.4167,0.0,0.0
51.4167,0.0,0.0
51.4167,0.0,0.0
51.4167,0.0,0.0
51.4167,0.0,0.0
51.4167,0.0,0.0
51.4167,1.0,0.0
51.4167,0.0,0.0
51.4167,0.0,0.0
51.4167,0.0,0.0
51.4167,0.0,0.0
51.4167,0.0,0.0
51.4167,0.0,0.0
51.4167,0.0,0.0
51.4167,0.0,0.0
51.4167,0.0,0.0
51.4167,0.0,0.0
51.4167,0.0,0.0
51.4167,0.0,0.0
51.4167,0.0,0.0
51.4167,0.0,0.0
51.4167,0.0,0.0
51.4167,0.0,0.0
51.4167,0.0,0.0
51.4167,0.0,0.0
51.4167,0.0,0.0
51.4167,0.0,0.0
51.4167,0.0,0.0
51.4167,0.0,0.0
51.4167,0.0,0.0
51.4167,0.0,0.0
51.4167,0.0,0.0
51.4167,0.0,0.0
51.4167,0.0,0.0
51.4167,0.0,0.0
51.4167,0.0,0.0
51.4167,0.0,0.0
51.4167,0.0,0.0
51.4167,0.0,0.0
51.4167,0.0,0.0
51.4167,0.0,0.0
51.4167,0.0,0.0
51.4167,0.0,0.0
51.4167,0.0,0.0
51.4167,0.0,0.0
51.4167,0.0,0.0
51.4167,0.0,0.0
51.4167,0.0,0.0
51.4167,0.0,0.0
51.4167,0.0,0.0
51.4167,0.0,0.0
51.4167,0.0,0.0
51.4167,0.0,0.0
51.4167,0.0,0.0
51.4167,0.0,0.0
51.4167,0.0,0.0
51.4167,0.0,0.0
51.4167,0.0,0.0
51.4167,0.0,0.0
51.4167,0.0,0.0
51.4167,0.0,0.0
51.4167,0.0,0.0
51.4167,0.0,0.0
51.4167,0.0,0.0
51.4167,0.0,0.0
51.4167,0.0,0.0
51.4167,0.0,0.0
51.4167,0.0,0.0
51.4167,0.0,0.0
51.4167,0.0,0.0
51.4167,0.0,0.0
51.4167,0.0,0.0
51.4167,0.0,0.0
51.4167,0.0,0.0
51.4167,0.0,0.0
51.4167,0.0,0.0
51.4167,0.0,0.0
51.4167,0.0,0.0
51.4167,0.0,0.0
51.4167,0.0,0.0
51.4167,0.0,0.0
51.4167,0.0,0.0
51.4167,0.0,0.0
51.4167,0.0,0.0
51.4167,0.0,0.0
51.4167,0.0,0.0
51.4167,0.0,0.0
51.4167,0.0,0.0
51.4167,0.0,0.0
51.4167,72.0,0.0
51.4167,154.0,0.0
51.4167,141.0,0.0
51.4167,27.0,0.0
51.4167,0.0,0.0
51.4167,0.0,0.0
51.4167,0.0,0.0
51.4167,0.0,0.0
51.4167,0.0,0.0
51.4167,0.0,0.0
51.4167,0.0,0.0
51.4167,0.0,0.0
51.4167,0.0,0.0
51.4167,0.0,0.0
51.4167,0.0,0.0
51.4167,0.0,0.0
51.4167,0.0,0.0
51.4167,0.0,0.0
51.4167,0.0,0.0
51.4167,0.0,0.0
51.4167,0.0,0.0
51.4167,0.0,0.0
51.4167,0.0,0.0
51.4167,0.0,0.0
51.4167,0.0,0.0
51.4167,0.0,0.0
51.4167,0.0,0.0
51.4167,0.0,0.0
51.4167,0.0,0.0
51.4167,0.0,0.0
51.4167,0.0,0.0
51.4167,0.0,0.0
51.4167,0.0,0.0
51.4167,0.0,0.0
51.4167,0.0,0.0
51.4167,0.0,0.0
51.4167,0.0,0.0
51.4167,0.0,0.0
51.4167,0.0,0.0
51.4167,0.0,0.0
51.4167,0.0,0.0
51.4167,0.0,0.0
51.4167,0.0,0.0
51.4167,0.0,0.0
51.4167,0.0,0.0
51.4167,0.0,0.0
51.4167,0.0,0.0
51.4167,0.0,0.0
51.4167,0.0,0.0
51.4167,0.0,0.0
51.4167,0.0,0.0
51.4167,0.0,0.0
51.4167,0.0,0.0
51.4167,0.0,0.0
51.4167,23.0,0.0
51.4167,142.0,0.0
51.4167,176.0,0.0
51.4167,57.0,0.0
51.4167,0.0,0.0
51.4167,0.0,0.0
51.4167,0.0,0.0
51.4167,0.0,0.0
51.4167,0.0,0.0
51.4167,0.0,0.0
51.4167,0.0,0.0
51.4167,0.0,0.0
51.4167,0.0,0.0
51.4167,0.0,0.0
51.4167,0.0,0.0
51.4167,0.0,0.0
51.4167,0.0,0.0
51.4167,0.0,0.0
51.4167,0.0,0.0
51.4167,0.0,0.0
51.4167,0.0,0.0
51.4167,0.0,0.0
51.4167,0.0,0.0
51.4167,0.0,0.0
51.4167,0.0,0.0
51.4167,0.0,0.0
51.4167,0.0,0.0
51.4167,0.0,0.0
51.4167,0.0,0.0
51.4167,0.0,0.0
51.4167,0.0,0.0
51.4167,0.0,0.0
51.4167,0.0,0.0
51.4167,0.0,0.0
51.4167,0.0,0.0
51.4167,0.0,0.0
51.4167,0.0,0.0
51.4167,0.0,0.0
51.4167,0.0,0.0
51.4167,1.0,0.0
51.4167,0.0,0.0
51.4167,0.0,0.0
51.4167,0.0,0.0
51.4167,0.0,0.0
51.4167,0.0,0.0
51.4167,0.0,0.0
51.4167,167.0,0.0
51.4167,345.0,0.0
51.4167,345.0,0.0
51.4167,197.0,0.0
51.4167,79.0,0.0
51.4167,41.0,0.0
51.4167,0.0,0.0
51.4167,0.0,0.0
51.4167,0.0,0.0
51.4167,0.0,0.0
51.4167,0.0,0.0
51.4167,0.0,0.0
51.4167,0.0,0.0
51.4167,0.0,0.0
51.4167,0.0,0.0
51.4167,0.0,0.0
51.4167,0.0,0.0
51.4167,0.0,0.0
51.4167,0.0,0.0
51.4167,1.0,0.0
51.4167,0.0,0.0
51.4167,0.0,0.0
51.4167,0.0,0.0
51.4167,0.0,0.0
51.4167,0.0,0.0
51.4167,0.0,0.0
51.4167,0.0,0.0
51.4167,0.0,0.0
51.4167,0.0,0.0
51.4167,0.0,0.0
51.4167,0.0,0.0
51.4167,0.0,0.0
51.4167,0.0,0.0
51.4167,0.0,0.0
51.4167,0.0,0.0
51.4167,0.0,0.0
51.4167,0.0,0.0
51.4167,0.0,0.0
51.4167,0.0,0.0
51.4167,0.0,0.0
51.4167,0.0,0.0
51.4167,0.0,0.0
51.4167,0.0,0.0
51.4167,0.0,0.0
51.4167,0.0,0.0
51.4167,0.0,0.0
51.4167,0.0,0.0
51.4167,0.0,0.0
51.4167,0.0,0.0
51.4167,0.0,0.0
51.4167,0.0,0.0
51.4167,0.0,0.0
51.4167,0.0,0.0
51.4167,76.0,0.0
51.4167,398.0,0.0
51.4167,613.0,0.0
51.4167,391.0,0.0
51.4167,104.0,0.0
51.4167,7.0,0.0
51.4167,0.0,0.0
51.4167,0.0,0.0
51.4167,0.0,0.0
51.4167,0.0,0.0
51.4167,0.0,0.0
51.4167,0.0,0.0
51.4167,1.0,0.0
51.4167,0.0,0.0
51.4167,0.0,0.0
51.4167,0.0,0.0
51.4167,0.0,0.0
51.4167,0.0,0.0
51.4167,0.0,0.0
51.4167,0.0,0.0
51.4167,0.0,0.0
51.4167,0.0,0.0
51.4167,0.0,0.0
51.4167,0.0,0.0
51.4167,0.0,0.0
51.4167,0.0,0.0
51.4167,0.0,0.0
51.4167,0.0,0.0
51.4167,0.0,0.0
51.4167,0.0,0.0
51.4167,0.0,0.0
51.4167,0.0,0.0
51.4167,0.0,0.0
51.4167,0.0,0.0
51.4167,0.0,0.0
51.4167,0.0,0.0
51.4167,0.0,0.0
51.4167,0.0,0.0
51.4167,0.0,0.0
51.4167,0.0,0.0
51.4167,0.0,0.0
51.4167,0.0,0.0
51.4167,0.0,0.0
51.4167,0.0,0.0
51.4167,0.0,0.0
51.4167,0.0,0.0
51.4167,0.0,0.0
51.4167,0.0,0.0
51.4167,0.0,0.0
51.4167,0.0,0.0
51.4167,0.0,0.0
51.4167,0.0,0.0
51.4167,0.0,0.0
51.4167,0.0,0.0
51.4167,0.0,0.0
51.4167,0.0,0.0
51.4167,0.0,0.0
51.4167,1.0,0.0
51.4167,0.0,0.0
51.4167,0.0,0.0
51.4167,0.0,0.0
51.4167,0.0,0.0
51.4167,0.0,0.0
51.4167,0.0,0.0
51.4167,0.0,0.0
51.4167,0.0,0.0
51.4167,0.0,0.0
51.4167,0.0,0.0
51.4167,0.0,0.0
51.4167,0.0,0.0
51.4167,0.0,0.0
51.4167,0.0,0.0
51.4167,0.0,0.0
51.4167,0.0,0.0
51.4167,97.0,0.0
51.4167,852.0,0.0
51.4167,707.0,0.0
51.4167,707.0,0.0
51.4167,383.0,0.0
51.4167,164.0,0.0
51.4167,8.0,0.0
51.4167,0.0,0.0
51.4167,0.0,0.0
51.4167,0.0,0.0
51.4167,0.0,0.0
51.4167,0.0,0.0
51.4167,0.0,0.0
51.4167,0.0,0.0
51.4167,0.0,0.0
51.4167,0.0,0.0
51.4167,0.0,0.0
51.4167,0.0,0.0
51.4167,0.0,0.0
51.4167,0.0,0.0
51.4167,0.0,0.0
51.4167,0.0,0.0
51.4167,1.0,0.0
51.4167,0.0,0.0
51.4167,0.0,0.0
51.4167,0.0,0.0
51.4167,0.0,0.0
51.4167,0.0,0.0
51.4167,0.0,0.0
51.4167,0.0,0.0
51.4167,0.0,0.0
51.4167,0.0,0.0
51.4167,0.0,0.0
51.4167,0.0,0.0
51.4167,0.0,0.0
51.4167,0.0,0.0
51.4167,0.0,0.0
51.4167,0.0,0.0
51.4167,0.0,0.0
51.4167,0.0,0.0
51.4167,0.0,0.0
51.4167,0.0,0.0
51.4167,0.0,0.0
51.4167,0.0,0.0
51.4167,0.0,0.0
51.4167,0.0,0.0
51.4167,0.0,0.0
51.4167,0.0,0.0
51.4167,0.0,0.0
51.4167,0.0,0.0
51.4167,0.0,0.0
51.4167,0.0,0.0
51.4167,0.0,0.0
51.4167,0.0,0.0
51.4167,0.0,0.0
51.4167,0.0,0.0
51.4167,0.0,0.0
51.4167,0.0,0.0
51.4167,0.0,0.0
51.4167,0.0,0.0
51.4167,0.0,0.0
51.4167,0.0,0.0
51.4167,0.0,0.0
51.4167,0.0,0.0
51.4167,0.0,0.0
51.4167,0.0,0.0
51.4167,0.0,0.0
51.4167,0.0,0.0
51.4167,0.0,0.0
51.4167,0.0,0.0
51.4167,0.0,0.0
51.4167,0.0,0.0
51.4167,0.0,0.0
51.4167,0.0,0.0
51.4167,0.0,0.0
51.4167,0.0,0.0
51.4167,0.0,0.0
51.4167,0.0,0.0
51.4167,0.0,0.0
51.4167,0.0,0.0
51.4167,0.0,0.0
51.4167,0.0,0.0
51.4167,0.0,0.0
51.4167,0.0,0.0
51.4167,0.0,0.0
51.4167,0.0,0.0
51.4167,0.0,0.0
51.4167,0.0,0.0
51.4167,0.0,0.0
51.4167,0.0,0.0
51.4167,0.0,0.0
51.4167,0.0,0.0
51.4167,0.0,0.0
51.4167,0.0,0.0
51.4167,0.0,0.0
51.4167,0.0,0.0
51.4167,0.0,0.0
51.4167,0.0,0.0
51.4167,0.0,0.0
51.4167,0.0,0.0
51.4167,0.0,0.0
51.4167,0.0,0.0
51.4167,0.0,0.0
51.4167,0.0,0.0
51.4167,0.0,0.0
51.4167,0.0,0.0
51.4167,0.0,0.0
51.4167,0.0,0.0
51.4167,0.0,0.0
51.4167,0.0,0.0
51.4167,0.0,0.0
51.4167,0.0,0.0
51.4167,0.0,0.0
51.4167,0.0,0.0
51.4167,0.0,0.0
51.4167,0.0,0.0
51.4167,0.0,0.0
51.4167,0.0,0.0
51.4167,0.0,0.0
51.4167,0.0,0.0
51.4167,0.0,0.0
51.4167,0.0,0.0
51.4167,0.0,0.0
51.4167,0.0,0.0
51.4167,0.0,0.0
51.4167,0.0,0.0
51.4167,0.0,0.0
51.4167,0.0,0.0
51.4167,0.0,0.0
51.4167,0.0,0.0
51.4167,0.0,0.0
51.4167,0.0,0.0
51.4167,0.0,0.0
51.4167,0.0,0.0
51.4167,0.0,0.0
51.4167,0.0,0.0
51.4167,0.0,0.0
51.4167,0.0,0.0
51.4167,0.0,0.0
51.4167,0.0,0.0
51.4167,0.0,0.0
51.4167,0.0,0.0
51.4167,0.0,0.0
51.4167,0.0,0.0
51.4167,0.0,0.0
51.4167,0.0,0.0
51.4167,0.0,0.0
51.4167,0.0,0.0
51.4167,0.0,0.0
51.4167,0.0,0.0
51.4167,0.0,0.0
51.4167,0.0,0.0
51.4167,0.0,0.0
51.4167,0.0,0.0
51.4167,0.0,0.0
51.4167,542.0,0.0
51.4167,1480.0,0.0
51.4167,1716.0,0.0
51.4167,1026.0,0.0
51.4167,328.0,0.0
51.4167,125.0,0.0
51.4167,73.0,0.0
51.4167,0.0,0.0
51.4167,0.0,0.0
51.4167,0.0,0.0
51.4167,0.0,0.0
51.4167,0.0,0.0
51.4167,0.0,0.0
51.4167,0.0,0.0
51.4167,0.0,0.0
51.4167,0.0,0.0
51.4167,0.0,0.0
51.4167,0.0,0.0
51.4167,0.0,0.0
51.4167,0.0,0.0
51.4167,0.0,0.0
51.4167,0.0,0.0
51.4167,0.0,0.0
51.4167,167.0,0.0
51.4167,340.0,0.0
51.4167,334.0,0.0
51.4167,165.0,0.0
51.4167,25.0,0.0
51.4167,0.0,0.0
51.4167,0.0,0.0
51.4167,0.0,0.0
51.4167,0.0,0.0
51.4167,0.0,0.0
51.4167,0.0,0.0
51.4167,20.0,0.0
51.4167,34.0,0.0
51.4167,36.0,0.0
51.4167,20.0,0.0
51.4167,2.0,0.0
51.4167,0.0,0.0
51.4167,0.0,0.0
51.4167,0.0,0.0
51.4167,0.0,0.0
51.4167,0.0,0.0
51.4167,0.0,0.0
51.4167,0.0,0.0
51.4167,0.0,0.0
51.4167,0.0,0.0
51.4167,0.0,0.0
51.4167,0.0,0.0
51.4167,0.0,0.0
51.4167,0.0,0.0
51.4167,0.0,0.0
51.4167,0.0,0.0
51.4167,0.0,0.0
51.4167,0.0,0.0
51.4167,0.0,0.0
51.4167,0.0,0.0
51.4167,0.0,0.0
51.4167,0.0,0.0
51.4167,0.0,0.0
51.4167,0.0,0.0
51.4167,0.0,0.0
51.4167,0.0,0.0
51.4167,0.0,0.0
51.4167,0.0,0.0
51.4167,0.0,0.0
51.4167,0.0,0.0
51.4167,0.0,0.0
51.4167,0.0,0.0
51.4167,0.0,0.0
51.4167,0.0,0.0
51.4167,0.0,0.0
51.4167,0.0,0.0
51.4167,0.0,0.0
51.4167,0.0,0.0
51.4167,0.0,0.0
51.4167,0.0,0.0
51.4167,0.0,0.0
51.4167,0.0,0.0
51.4167,0.0,0.0
51.4167,0.0,0.0
51.4167,0.0,0.0
51.4167,0.0,0.0
51.4167,0.0,0.0
51.4167,0.0,0.0
51.4167,0.0,0.0
51.4167,0.0,0.0
51.4167,0.0,0.0
51.4167,0.0,0.0
51.4167,0.0,0.0
51.4167,0.0,0.0
51.4167,0.0,0.0
51.4167,0.0,0.0
51.4167,0.0,0.0
51.4167,0.0,0.0
51.4167,0.0,0.0
51.4167,0.0,0.0
51.4167,0.0,0.0
51.4167,0.0,0.0
51.4167,0.0,0.0
51.4167,0.0,0.0
51.4167,0.0,0.0
51.4167,0.0,0.0
51.4167,0.0,0.0
51.4167,0.0,0.0
51.4167,0.0,0.0
51.4167,0.0,0.0
51.4167,0.0,0.0
51.4167,0.0,0.0
51.4167,0.0,0.0
51.4167,0.0,0.0
51.4167,0.0,0.0
51.4167,0.0,0.0
51.4167,0.0,0.0
51.4167,0.0,0.0
51.4167,0.0,0.0
51.4167,0.0,0.0
51.4167,0.0,0.0
51.4167,0.0,0.0
51.4167,0.0,0.0
51.4167,0.0,0.0
51.4167,0.0,0.0
51.4167,0.0,0.0
51.4167,0.0,0.0
51.4167,0.0,0.0
51.4167,0.0,0.0
51.4167,0.0,0.0
51.4167,0.0,0.0
51.4167,236.0,0.0
51.4167,2893.0,0.0
51.4167,4002.0,0.170455
51.4167,3287.0,0.170455
51.4167,2024.0,0.170455
51.5,1219.0,0.0
51.5,1216.0,0.0
51.5,2067.0,0.0
51.5,2175.0,0.0
51.5,1553.0,0.0
51.5,1408.0,0.0
51.5833,1575.0,0.511364
51.5833,1786.0,0.511364
51.5833,1864.0,0.511364
51.5833,1887.0,0.511364
51.6667,1994.0,0.511364
51.6667,1971.0,0.625
51.6667,1762.0,0.625
51.6667,1762.0,0.625
51.75,1560.0,0.625
51.75,1585.0,0.738636
51.75,1584.0,0.738636
51.8333,1578.0,0.738636
51.8333,1433.0,0.852273
51.8333,1334.0,0.852273
51.9167,1485.0,0.852273
51.9167,1633.0,0.965909
51.9167,1661.0,0.965909
52.0,1513.0,1.07955
52.0,1532.0,1.07955
52.0,1621.0,1.07955
52.0833,1713.0,1.07955
52.0833,1683.0,1.07955
52.1667,1583.0,1.25
52.1667,1555.0,1.25
52.25,1556.0,1.30682
52.25,1632.0,1.30682
52.3333,1596.0,1.30682
52.3333,1555.0,1.30682
52.4167,1586.0,1.30682
52.4167,1632.0,1.47727
52.5,1641.0,1.47727
52.5,1597.0,1.42045
52.5833,1555.0,1.53409
52.5833,1522.0,1.53409
52.6667,1508.0,1.53409
52.6667,1507.0,1.53409
52.75,1507.0,1.53409
52.8333,1536.0,1.53409
52.8333,1538.0,1.64773
52.9167,1665.0,1.70455
53.0,1730.0,1.70455
53.0,1828.0,1.81818
53.0833,1883.0,1.875
53.0833,1862.0,1.875
53.1667,1781.0,1.81818
53.25,1731.0,1.98864
53.3333,1696.0,1.98864
53.3333,1694.0,1.98864
53.3333,1662.0,1.98864
53.3333,1649.0,1.98864
53.3333,1649.0,1.98864
53.4167,1645.0,0.681818
53.5,1659.0,2.10227
53.5833,1676.0,2.10227
53.5833,1703.0,2.27273
53.5833,1686.0,2.27273
53.6667,1658.0,1.13636
53.75,1637.0,2.38636
53.8333,1529.0,2.38636
53.9167,1423.0,2.38636
54.0,1406.0,2.67045
54.0,1464.0,2.32954
54.0833,1546.0,2.5
54.1667,1510.0,2.27273
54.25,1467.0,2.55682
54.3333,1466.0,2.78409
54.3333,1489.0,2.78409
54.4167,1476.0,1.36364
54.5,1423.0,3.01136
54.5833,1304.0,2.84091
54.6667,1265.0,2.72727
54.75,1342.0,2.72727
54.8333,1363.0,3.35227
54.9167,1330.0,3.35227
55.0,1300.0,2.61364
55.0,1313.0,2.72727
55.0,1347.0,2.72727
55.0,1358.0,2.72727
55.0,1349.0,2.72727
55.0833,1333.0,0.625
55.1667,1347.0,3.18182
55.25,1508.0,3.01136
55.3333,1541.0,2.55682
55.4167,1413.0,2.55682
55.4167,1345.0,1.76136
55.5,1428.0,1.76136
55.5833,1479.0,3.35227
55.6667,1434.0,3.35227
55.6667,1302.0,3.35227
55.8333,1286.0,3.35227
55.9167,1291.0,4.82954
56.0,1296.0,3.125
56.0833,1296.0,2.95454
56.1667,1346.0,3.52273
56.25,1401.0,2.95454
56.25,1402.0,2.95454
56.25,1402.0,2.95454
56.25,1413.0,2.95454
56.4167,1461.0,2.95454
56.5,1483.0,3.69318
56.5,1452.0,3.80682
56.5833,1404.0,1.70455
56.75,1367.0,1.70455
56.8333,1390.0,4.60227
56.9167,1403.0,3.57954
57.0833,1412.0,3.57954
57.1667,1401.0,3.75
57.3333,1402.0,3.75
57.4167,1448.0,4.31818
57.5,1447.0,4.26136
57.6667,1433.0,4.09091
57.75,1346.0,3.97727
57.8333,1337.0,3.63636
57.9167,1339.0,4.09091
57.9167,1321.0,4.09091
58.0833,1267.0,4.09091
58.1667,1210.0,4.03409
58.3333,1209.0,4.03409
58.4167,1233.0,3.92045
58.5833,1250.0,3.92045
58.6667,1270.0,5.28409
58.8333,1289.0,5.28409
58.9167,1298.0,4.31818
59.0,1300.0,4.31818
59.0833,1346.0,4.48864
59.25,1352.0,4.48864
59.3333,1325.0,4.43182
59.5,1296.0,4.43182
59.5,1255.0,4.31818
59.5833,1183.0,4.31818
59.75,1147.0,4.31818
59.8333,1118.0,4.60227
60.0,1108.0,4.60227
60.1667,1096.0,4.48864
60.25,1108.0,4.77273
60.4167,1108.0,4.71591
60.5,1136.0,4.48864
60.6667,1168.0,4.48864
60.8333,1174.0,4.48864
60.9167,1207.0,4.65909
61.0833,1218.0,4.65909
61.1667,1189.0,5.0
61.25,1133.0,2.38636
61.25,1093.0,2.38636
61.4167,1070.0,2.38636
61.5,1037.0,4.60227
61.6667,1028.0,4.60227
61.75,1005.0,5.0
61.9167,965.0,5.0
62.0,934.0,5.85227
62.0,926.0,4.31818
62.1667,931.0,4.31818
62.25,941.0,4.60227
62.4167,939.0,4.88636
62.5,936.0,4.43182
62.5833,941.0,4.43182
62.75,950.0,4.43182
62.9167,917.0,4.82954
63.0833,890.0,4.82954
63.1667,866.0,4.65909
63.25,831.0,5.11364
63.4167,839.0,5.11364
63.5833,810.0,5.11364
63.6667,783.0,4.88636
63.8333,789.0,4.88636
63.9167,793.0,4.88636
64.0833,773.0,4.88636
64.1667,777.0,4.94318
64.3333,791.0,4.94318
64.5,805.0,4.94318
64.6667,799.0,4.94318
64.8333,768.0,4.94318
64.9167,747.0,5.51136
65.0833,739.0,5.17045
65.25,732.0,5.17045
65.4167,713.0,5.17045
65.5833,696.0,5.28409
65.75,674.0,5.17045
65.75,674.0,5.68182
65.75,678.0,5.68182
65.9167,678.0,5.68182
66.0833,680.0,5.68182
66.25,679.0,5.56818
66.4167,675.0,5.56818
66.5833,666.0,5.56818
66.6667,664.0,6.19318
66.75,667.0,6.07954
66.9167,676.0,6.47727
67.0,688.0,6.47727
67.1667,688.0,5.73864
67.3333,679.0,5.73864
67.3333,653.0,5.0
67.5,544.0,5.0
67.6667,461.0,5.0
67.8333,460.0,5.0
68.0,521.0,5.11364
68.1667,579.0,5.28409
68.3333,479.0,5.28409
68.5,394.0,5.28409
68.6667,394.0,6.36363
68.75,460.0,4.77273
68.75,548.0,4.77273
68.75,530.0,4.77273
68.8333,519.0,4.77273
69.0,548.0,5.34091
69.1667,638.0,5.34091
69.3333,645.0,5.34091
69.5,606.0,5.51136
69.6667,606.0,5.45454
69.8333,632.0,6.07954
69.9167,720.0,5.34091
70.0,685.0,5.56818
70.0833,615.0,2.72727
70.25,567.0,2.72727
70.4167,595.0,5.68182
70.5833,666.0,6.07954
70.6667,686.0,5.90909
70.8333,651.0,5.90909
70.9167,599.0,7.21591
71.0833,604.0,6.59091
71.3333,604.0,5.79545
71.5,593.0,6.13636
71.5,554.0,7.32954
71.5833,550.0,7.32954
71.5833,575.0,1.36364
71.6667,614.0,1.875
71.75,635.0,1.875
71.8333,627.0,5.45454
72.0,565.0,5.45454
72.0,597.0,5.56818
72.1667,586.0,5.56818
72.3333,475.0,5.85227
72.4167,353.0,6.07954
72.4167,289.0,6.07954
72.4167,279.0,6.07954
72.5,292.0,0.965909
72.5833,351.0,0.965909
72.75,460.0,5.39773
72.9167,461.0,5.39773
73.0833,398.0,5.39773
73.25,393.0,5.39773
73.4167,494.0,5.39773
73.5833,520.0,5.39773
73.75,449.0,5.56818
73.9167,372.0,5.625
73.9167,358.0,5.39773
74.0,547.0,5.39773
74.1667,608.0,5.39773
74.3333,542.0,5.39773
74.5,476.0,5.39773
74.6667,463.0,5.90909
74.8333,481.0,6.47727
75.0,458.0,6.47727
75.1667,392.0,5.96591
75.25,345.0,5.45454
75.25,386.0,3.29545
75.4167,471.0,3.29545
75.5833,578.0,5.625
75.75,599.0,6.76136
75.9167,413.0,6.76136
76.0833,349.0,6.53409
76.1667,392.0,5.45454
76.3333,459.0,5.45454
76.5,459.0,5.51136
76.6667,443.0,5.73864
76.8333,427.0,5.73864
76.8333,404.0,6.19318
77.0,402.0,6.19318
77.1667,396.0,6.19318
77.3333,416.0,6.02273
77.5,413.0,6.02273
77.5,383.0,6.875
77.6667,351.0,6.875
77.75,379.0,5.51136
77.75,405.0,2.04545
77.8333,395.0,2.04545
78.0,361.0,2.04545
78.0,328.0,5.45454
78.0833,344.0,2.10227
78.25,346.0,2.95454
78.4167,536.0,5.17045
78.5,550.0,5.51136
78.6667,269.0,5.51136
78.8333,254.0,5.625
79.0,378.0,5.79545
79.0,485.0,5.79545
79.0,456.0,5.79545
79.0833,335.0,5.79545
79.1667,290.0,6.25
79.25,371.0,2.10227
79.5,488.0,5.51136
79.6667,467.0,5.51136
79.75,357.0,6.59091
79.8333,362.0,3.06818
80.0,296.0,3.06818
80.1667,384.0,3.06818
80.3333,404.0,5.45454
80.3333,364.0,5.90909
80.4167,343.0,5.90909
80.5833,335.0,5.90909
80.75,295.0,6.64773
80.9167,312.0,6.64773
81.0833,346.0,6.02273
81.25,363.0,6.02273
81.5,364.0,6.19318
81.5833,415.0,6.30682
81.75,415.0,6.30682
81.8333,500.0,5.90909
82.0,496.0,5.90909
82.1667,442.0,5.90909
82.3333,413.0,5.90909
82.5,484.0,6.02273
82.6667,550.0,6.02273
82.75,543.0,5.45454
82.9167,440.0,5.45454
83.0833,408.0,5.45454
83.1667,413.0,5.39773
83.25,447.0,6.76136
83.3333,500.0,2.89773
83.4167,491.0,2.89773
83.5,479.0,6.30682
83.75,476.0,6.30682
83.9167,481.0,6.30682
84.0,480.0,6.02273
84.1667,448.0,6.02273
84.25,422.0,5.85227
84.4167,407.0,5.85227
84.5,419.0,6.07954
84.6667,446.0,6.07954
84.8333,486.0,6.07954
85.0,506.0,5.68182
85.1667,393.0,5.73864
85.3333,395.0,5.73864
85.5,477.0,6.13636
85.6667,558.0,6.13636
85.8333,599.0,6.13636
86.0,529.0,6.02273
86.1667,441.0,6.02273
86.3333,415.0,6.02273
86.5,481.0,5.68182
86.5833,595.0,5.51136
86.75,586.0,5.79545
86.9167,536.0,5.79545
87.0833,491.0,5.79545
87.25,516.0,5.85227
87.4167,619.0,5.85227
87.6667,662.0,5.85227
87.8333,636.0,5.73864
87.9167,636.0,5.73864
87.9167,609.0,5.73864
88.0,586.0,5.73864
88.1667,655.0,5.73864
88.3333,710.0,5.73864
88.5,622.0,5.73864
88.6667,488.0,5.73864
88.8333,572.0,5.73864
89.0,699.0,5.73864
89.1667,784.0,5.68182
89.4167,752.0,5.68182
89.5833,605.0,5.68182
89.5833,642.0,6.36363
89.75,724.0,6.36363
89.9167,749.0,5.79545
90.0833,700.0,5.79545
90.1667,689.0,5.96591
90.25,679.0,2.67045
90.4167,741.0,3.23864
90.5833,843.0,3.23864
90.75,856.0,5.17045
90.9167,762.0,5.39773
90.9167,688.0,5.73864
90.9167,707.0,5.73864
91.0833,876.0,5.73864
91.1667,890.0,5.79545
91.3333,811.0,5.79545
91.5,740.0,6.13636
91.6667,739.0,5.79545
91.8333,770.0,5.79545
91.9167,771.0,5.45454
92.0833,791.0,5.45454
92.1667,793.0,6.13636
92.25,789.0,6.13636
92.3333,803.0,1.81818
92.4167,818.0,2.84091
92.5833,823.0,5.11364
92.75,826.0,5.28409
92.9167,824.0,5.34091
93.0,814.0,5.34091
93.1667,798.0,5.34091
93.1667,780.0,5.79545
93.3333,800.0,5.79545
93.4167,800.0,5.34091
93.4167,812.0,2.78409
93.4167,810.0,2.78409
93.5833,844.0,2.78409
93.6667,983.0,5.68182
93.75,999.0,5.68182
93.8333,981.0,5.11364
94.0,961.0,5.11364
94.1667,969.0,5.39773
94.25,964.0,6.76136
94.3333,969.0,6.76136
94.5,1017.0,6.76136
94.5833,1069.0,5.68182
94.75,937.0,5.68182
94.8333,892.0,5.22727
95.0,891.0,5.22727
95.0833,892.0,5.625
95.25,1142.0,5.34091
95.3333,1175.0,5.56818
95.4167,1054.0,5.56818
95.5833,943.0,5.56818
95.6667,904.0,5.45454
95.8333,884.0,5.73864
96.0,859.0,5.51136
96.0833,891.0,5.11364
96.1667,985.0,5.11364
96.4167,1044.0,5.11364
96.5,997.0,5.625
96.6667,970.0,5.625
96.8333,979.0,5.625
96.9167,1043.0,5.22727
97.0,1108.0,5.22727
97.0833,1129.0,1.76136
97.1667,1089.0,5.625
97.1667,1010.0,5.625
97.1667,967.0,5.625
97.1667,1039.0,5.625
97.3333,1075.0,5.625
97.5,1028.0,5.56818
97.6667,867.0,5.56818
97.8333,897.0,5.56818
98.0,1086.0,5.56818
98.1667,1156.0,5.51136
98.1667,1156.0,5.79545
98.1667,1142.0,5.79545
98.3333,972.0,5.79545
98.5,963.0,5.79545
98.5833,989.0,4.94318
98.6667,1005.0,4.94318
98.75,1140.0,1.875
98.9167,1156.0,4.82954
99.0833,1103.0,4.82954
99.25,1047.0,5.22727
99.4167,1125.0,5.85227
99.5833,1176.0,5.56818
99.6667,1125.0,4.77273
99.6667,1002.0,2.89773
99.8333,957.0,2.89773
99.8333,1028.0,6.13636
99.9167,1236.0,6.13636
100.083,1163.0,6.02273
100.25,976.0,5.90909
100.417,1045.0,5.90909
100.5,1302.0,4.82954
100.5,1454.0,4.82954
100.75,1381.0,4.82954
100.833,1106.0,5.51136
100.917,1071.0,4.77273
101.083,1148.0,5.11364
101.167,1171.0,4.82954
101.167,1135.0,4.82954
101.25,1135.0,4.82954
101.417,1135.0,5.68182
101.583,1145.0,5.68182
101.667,1139.0,4.88636
101.833,1156.0,5.17045
102.0,1179.0,5.39773
102.167,1185.0,5.45454
102.167,1162.0,5.73864
102.25,1132.0,1.70455
102.333,1152.0,2.67045
102.333,1166.0,2.67045
102.333,1133.0,2.67045
102.417,1076.0,0.909091
102.583,1109.0,5.39773
102.75,1109.0,5.39773
102.917,1183.0,5.34091
103.083,1183.0,5.34091
103.25,1246.0,5.34091
103.333,1227.0,5.51136
103.5,1175.0,5.51136
103.667,1188.0,5.79545
103.75,1222.0,5.73864
103.917,1219.0,4.77273
104.083,1128.0,5.39773
104.25,1017.0,5.625
104.333,983.0,5.34091
104.5,1082.0,5.34091
104.667,1243.0,5.625
104.75,1235.0,5.39773
104.917,1180.0,5.39773
105.0,1180.0,5.34091
105.167,1219.0,5.34091
105.333,1252.0,5.34091
105.5,1244.0,5.05682
105.5,1213.0,5.0
105.5,1170.0,5.0
105.667,1181.0,5.0
105.833,1198.0,5.0
106.0,1202.0,5.0
106.167,1200.0,5.0
106.333,1210.0,5.0
106.417,1197.0,5.45454
106.5,1186.0,5.34091
106.667,1209.0,5.34091
106.833,1215.0,5.625
107.0,1260.0,5.34091
107.083,1253.0,5.22727
107.25,1224.0,5.22727
107.417,1196.0,5.22727
107.583,1246.0,5.11364
107.75,1269.0,5.11364
107.917,1242.0,5.11364
108.0,1184.0,5.73864
108.167,1132.0,5.73864
108.333,1208.0,5.34091
108.417,1209.0,4.60227
108.583,1177.0,4.60227
108.667,1177.0,5.05682
108.833,1132.0,5.05682
108.917,1155.0,4.88636
109.083,1216.0,4.88636
109.167,1308.0,5.39773
109.25,1317.0,5.39773
109.417,1270.0,5.39773
109.583,1282.0,5.17045
109.75,1262.0,5.0
109.917,1201.0,5.0
110.0,1176.0,5.28409
110.083,1239.0,4.60227
110.25,1219.0,5.45454
110.333,1182.0,4.82954
110.417,1194.0,4.65909
110.5,1252.0,4.65909
110.667,1310.0,4.65909
110.833,1344.0,4.65909
110.917,1372.0,4.94318
111.083,1335.0,4.94318
111.25,1242.0,4.94318
111.417,1239.0,4.94318
111.5,1282.0,4.88636
111.667,1319.0,4.88636
111.833,1324.0,4.88636
111.917,1320.0,5.51136
112.083,1298.0,5.51136
112.25,1275.0,4.94318
112.333,1283.0,4.60227
112.417,1289.0,5.73864
112.583,1334.0,4.54545
112.75,1328.0,4.54545
112.833,1274.0,4.48864
113.0,1268.0,4.77273
113.167,1278.0,4.88636
113.167,1279.0,4.88636
113.25,1299.0,4.88636
113.417,1402.0,4.88636
113.5,1422.0,4.88636
113.667,1426.0,4.88636
113.667,1431.0,4.60227
113.833,1415.0,4.60227
113.917,1284.0,4.77273
114.083,1284.0,4.71591
114.25,1282.0,4.71591
114.333,1291.0,4.77273
114.5,1448.0,4.77273
114.667,1392.0,4.65909
114.667,1151.0,6.13636
114.833,1013.0,6.13636
114.917,1075.0,4.48864
115.0,1393.0,4.71591
115.0,1511.0,4.71591
115.0,1492.0,4.71591
115.083,1439.0,4.71591
115.25,1354.0,4.94318
115.333,1344.0,5.0
115.5,1393.0,5.0
115.583,1395.0,5.05682
115.75,1338.0,5.05682
115.917,1219.0,4.60227
116.0,1318.0,4.26136
116.083,1399.0,4.26136
116.25,1369.0,4.82954
116.333,1278.0,4.43182
116.417,1372.0,4.43182
116.417,1490.0,4.43182
116.417,1512.0,4.43182
116.583,1461.0,4.43182
116.667,1432.0,4.82954
116.833,1382.0,4.82954
117.0,1342.0,4.82954
117.083,1343.0,4.65909
117.167,1340.0,4.20454
117.25,1322.0,5.11364
117.333,1328.0,4.48864
117.5,1326.0,4.48864
117.583,1377.0,4.88636
117.667,1512.0,4.54545
117.667,1566.0,4.54545
117.667,1576.0,4.54545
117.667,1552.0,4.54545
117.833,1454.0,4.54545
117.917,1356.0,4.43182
118.0,1374.0,4.43182
118.167,1374.0,4.43182
118.25,1445.0,4.43182
118.333,1455.0,4.09091
118.417,1387.0,4.09091
118.583,1300.0,4.09091
118.583,1308.0,4.60227
118.667,1412.0,2.04545
118.667,1490.0,2.04545
118.667,1396.0,2.04545
118.667,1260.0,2.04545
118.75,1170.0,2.04545
118.833,1347.0,0.625
118.917,1517.0,2.10227
119.083,1513.0,3.92045
119.167,1428.0,4.71591
119.333,1375.0,4.71591
119.417,1330.0,4.43182
119.5,1282.0,4.20454
119.583,1187.0,2.21591
119.75,1119.0,2.21591
119.833,1363.0,4.65909
120.0,1450.0,4.65909
120.083,1374.0,4.65909
120.083,1252.0,4.65909
120.083,1288.0,4.65909
120.167,1452.0,4.65909
120.333,1549.0,4.65909
120.417,1522.0,4.09091
120.583,1473.0,4.26136
120.667,1451.0,3.57954
120.833,1428.0,4.26136
120.833,1364.0,4.375
121.0,1283.0,4.375
121.083,1251.0,4.43182
121.25,1253.0,4.43182
121.25,1263.0,5.0
121.25,1320.0,5.0
121.25,1430.0,5.0
121.25,1524.0,5.0
121.25,1516.0,5.0
121.417,1490.0,5.0
121.5,1491.0,4.60227
121.667,1524.0,4.60227
121.75,1524.0,4.09091
121.917,1523.0,4.54545
122.0,1440.0,4.26136
122.167,1372.0,4.26136
122.25,1427.0,4.26136
122.333,1457.0,4.26136
122.417,1414.0,1.93182
122.583,1319.0,4.31818
122.667,1218.0,4.43182
122.667,1219.0,4.43182
122.667,1256.0,4.43182
122.833,1284.0,4.43182
122.917,1324.0,5.39773
123.0,1421.0,4.20454
123.167,1488.0,4.20454
123.333,1491.0,4.31818
123.417,1389.0,4.88636
123.583,1306.0,4.54545
123.667,1311.0,4.14773
123.75,1293.0,4.09091
123.917,1237.0,4.09091
124.0,1197.0,4.20454
124.167,1253.0,4.20454
124.25,1334.0,4.48864
124.333,1416.0,3.69318
124.5,1441.0,3.69318
124.583,1402.0,3.80682
124.75,1410.0,3.80682
124.833,1414.0,4.20454
125.0,1415.0,4.20454
125.083,1393.0,4.48864
125.25,1332.0,4.48864
125.333,1343.0,3.97727
125.417,1357.0,4.03409
125.583,1353.0,4.03409
125.667,1296.0,3.97727
125.833,1284.0,4.09091
125.917,1286.0,4.48864
126.0,1285.0,3.69318
126.083,1284.0,3.75
126.083,1338.0,3.75
126.083,1359.0,3.75
126.167,1374.0,3.75
126.25,1374.0,4.26136
126.333,1371.0,3.80682
126.5,1331.0,3.80682
126.583,1328.0,3.80682
126.75,1343.0,3.80682
126.833,1354.0,3.97727
126.917,1385.0,3.75
127.0,1407.0,3.75
127.083,1446.0,1.81818
127.25,1436.0,3.92045
127.333,1392.0,3.57954
127.417,1374.0,3.80682
127.583,1329.0,3.80682
127.667,1311.0,3.92045
127.75,1334.0,3.29545
127.917,1250.0,3.29545
128.0,1203.0,3.75
128.083,1200.0,3.57954
128.167,1197.0,3.23864
128.333,1240.0,3.75
128.417,1310.0,4.375
128.5,1377.0,3.80682
128.583,1445.0,3.63636
128.583,1413.0,3.63636
128.667,1309.0,1.19318
128.75,1295.0,3.57954
128.917,1293.0,3.57954
129.0,1295.0,4.375
129.083,1277.0,3.80682
129.167,1234.0,3.40909
129.167,1231.0,3.40909
129.167,1260.0,3.40909
129.25,1301.0,0.909091
129.333,1373.0,3.40909
129.5,1386.0,3.40909
129.583,1393.0,3.57954
129.667,1429.0,3.40909
129.75,1423.0,3.75
129.917,1418.0,3.75
130.0,1437.0,3.92045
130.083,1447.0,3.40909
130.083,1411.0,2.89773
130.167,1411.0,1.81818
130.25,1407.0,3.06818
130.417,1412.0,3.06818
130.5,1435.0,3.23864
130.5,1448.0,3.29545
130.5,1398.0,3.29545
130.583,1344.0,1.07955
130.583,1316.0,1.07955
130.667,1372.0,1.07955
130.75,1518.0,1.13636
130.833,1509.0,3.63636
130.833,1419.0,3.01136
130.917,1324.0,3.01136
131.0,1349.0,3.75
131.083,1487.0,3.46591
131.25,1489.0,3.46591
131.25,1447.0,3.29545
131.25,1440.0,3.29545
131.25,1487.0,3.29545
131.333,1530.0,0.795454
131.417,1539.0,3.63636
131.5,1522.0,2.84091
131.583,1560.0,2.95454
131.583,1637.0,2.95454
131.583,1698.0,2.95454
131.583,1672.0,2.95454
131.583,1529.0,2.95454
131.583,1400.0,2.95454
131.667,1381.0,0.454545
131.75,1383.0,3.40909
131.75,1351.0,3.40909
131.833,1307.0,3.40909
131.917,1306.0,1.02273
132.0,1331.0,3.29545
132.083,1402.0,3.18182
132.167,1479.0,3.75
132.167,1511.0,3.75
132.25,1521.0,1.42045
132.417,1528.0,3.23864
132.5,1535.0,4.09091
132.583,1491.0,3.35227
132.667,1466.0,2.72727
132.75,1441.0,3.46591
132.75,1441.0,2.89773
132.75,1442.0,2.89773
132.75,1496.0,2.89773
132.75,1534.0,2.89773
132.833,1516.0,2.89773
132.917,1483.0,0.511364
133.0,1479.0,3.125
133.0,1508.0,2.95454
133.083,1476.0,2.95454
133.167,1430.0,1.47727
133.25,1370.0,3.35227
133.333,1391.0,2.89773
133.417,1465.0,3.52273
133.5,1531.0,2.89773
133.5,1552.0,2.89773
133.5,1583.0,2.89773
133.583,1683.0,0.965909
133.75,1724.0,3.125
133.833,1702.0,3.35227
133.917,1635.0,3.06818
134.0,1566.0,3.01136
134.0,1548.0,2.78409
134.0,1535.0,2.78409
134.0,1550.0,2.78409
134.0,1585.0,2.78409
134.083,1571.0,2.78409
134.167,1577.0,0.568182
134.25,1605.0,3.23864
134.333,1636.0,2.5
134.417,1605.0,3.18182
134.5,1591.0,3.125
134.583,1605.0,2.89773
134.667,1619.0,2.5
134.667,1632.0,2.61364
134.75,1664.0,2.61364
134.833,1751.0,1.36364
134.833,1800.0,4.20454
134.833,1804.0,4.20454
134.833,1769.0,4.20454
135.0,1715.0,4.20454
135.0,1713.0,3.40909
135.083,1736.0,2.38636
135.167,1711.0,2.55682
135.25,1711.0,2.95454
135.25,1639.0,2.95454
135.25,1629.0,2.95454
135.25,1660.0,2.95454
135.25,1697.0,2.95454
135.25,1673.0,2.95454
135.333,1670.0,0.454545
135.417,1677.0,2.61364
135.417,1700.0,2.61364
135.417,1698.0,2.61364
135.5,1691.0,2.61364
135.583,1665.0,0.852273
135.667,1626.0,2.32954
135.667,1628.0,2.84091
135.75,1628.0,2.32954
135.833,1641.0,2.10227
135.917,1609.0,2.72727
135.917,1538.0,2.72727
135.917,1543.0,2.72727
135.917,1582.0,2.72727
136.0,1592.0,0.795454
136.083,1576.0,2.38636
136.167,1574.0,2.38636
136.167,1595.0,2.32954
136.25,1618.0,1.98864
136.333,1628.0,2.38636
136.333,1634.0,2.38636
136.417,1664.0,2.38636
136.417,1664.0,1.13636
136.5,1604.0,2.10227
136.583,1525.0,2.10227
136.583,1483.0,2.10227
136.583,1493.0,2.10227
136.583,1475.0,2.10227
136.583,1479.0,2.10227
136.667,1590.0,2.10227
136.667,1694.0,0.511364
136.75,1755.0,2.10227
136.833,1780.0,2.38636
136.917,1763.0,2.38636
136.917,1761.0,2.04545
137.0,1777.0,2.27273
137.083,1777.0,2.15909
137.167,1776.0,2.15909
137.167,1758.0,1.81818
137.167,1698.0,1.81818
137.25,1640.0,1.81818
137.333,1664.0,1.07955
137.333,1694.0,1.98864
137.417,1600.0,1.98864
137.5,1591.0,1.81818
137.5,1652.0,1.93182
137.583,1709.0,1.875
137.667,1724.0,1.875
137.667,1711.0,1.93182
137.75,1726.0,2.38636
137.833,1750.0,2.38636
137.833,1749.0,1.875
137.833,1690.0,1.875
137.917,1666.0,1.875
137.917,1653.0,0.909091
138.0,1644.0,1.81818
138.0,1653.0,1.81818
138.0,1641.0,1.81818
138.083,1653.0,1.81818
138.083,1680.0,0.909091
138.167,1727.0,1.76136
138.25,1723.0,1.76136
138.25,1664.0,1.64773
138.333,1631.0,1.64773
138.333,1630.0,1.59091
138.417,1661.0,1.70455
138.417,1674.0,1.70455
138.5,1666.0,1.53409
138.5,1643.0,1.53409
138.583,1599.0,1.59091
138.583,1581.0,1.59091
138.667,1552.0,1.42045
138.667,1519.0,1.42045
138.667,1495.0,1.42045
138.75,1524.0,1.42045
138.75,1561.0,0.738636
138.833,1570.0,1.76136
138.833,1571.0,1.76136
138.833,1572.0,1.76136
138.833,1572.0,1.76136
138.917,1645.0,0.738636
138.917,1691.0,0.738636
139.0,1724.0,1.36364
139.0,1750.0,1.36364
139.083,1791.0,1.36364
139.083,1807.0,1.36364
139.167,1825.0,1.36364
139.167,1827.0,1.25
139.25,1795.0,1.25
139.25,1780.0,1.42045
139.25,1766.0,1.42045
139.333,1745.0,1.07955
139.333,1744.0,1.07955
139.417,1750.0,1.64773
139.417,1772.0,1.64773
139.5,1795.0,1.36364
139.5,1818.0,1.36364
139.5,1874.0,1.36364
139.583,1848.0,1.02273
139.583,1837.0,1.02273
139.667,1822.0,1.30682
139.667,1825.0,1.30682
139.75,1824.0,1.47727
139.75,1854.0,1.47727
139.833,1872.0,1.25
139.833,1836.0,1.25
139.917,1773.0,1.25
139.917,1772.0,1.25
139.917,1748.0,1.25
140.0,1718.0,1.02273
140.0,1648.0,1.02273
140.083,1646.0,1.02273
140.083,1668.0,1.36364
140.083,1657.0,1.36364
140.167,1666.0,1.13636
140.167,1669.0,1.13636
140.25,1657.0,1.13636
140.25,1637.0,1.07955
140.25,1606.0,1.07955
140.333,1582.0,1.02273
140.333,1578.0,1.02273
140.333,1578.0,1.02273
140.417,1578.0,1.02273
140.417,1579.0,1.02273
140.417,1600.0,1.02273
140.5,1606.0,1.02273
140.5,1613.0,1.02273
140.5,1619.0,1.02273
140.583,1636.0,0.909091
140.583,1669.0,0.909091
140.583,1695.0,0.909091
140.667,1697.0,0.965909
140.667,1686.0,0.965909
140.667,1709.0,0.965909
140.75,1687.0,0.909091
140.75,1687.0,0.909091
140.75,1688.0,0.909091
140.833,1641.0,0.909091
140.833,1610.0,0.852273
140.833,1615.0,0.852273
140.833,1639.0,0.852273
140.917,1669.0,0.795454
140.917,1719.0,0.795454
140.917,1692.0,0.795454
140.917,1679.0,0.795454
141.0,1676.0,0.738636
141.0,1700.0,0.738636
141.0,1678.0,0.738636
141.0,1662.0,0.738636
141.083,1645.0,0.681818
141.083,1651.0,0.681818
141.083,1656.0,0.681818
141.083,1627.0,0.681818
141.167,1598.0,0.681818
141.167,1588.0,0.625
141.167,1618.0,0.625
141.167,1617.0,0.625
141.167,1621.0,0.625
141.25,1638.0,0.625
141.25,1682.0,0.625
141.25,1697.0,0.625
141.25,1699.0,0.625
141.25,1734.0,0.625
141.333,1742.0,0.568182
141.333,1742.0,0.568182
141.333,1699.0,0.568182
141.333,1674.0,0.568182
141.333,1703.0,0.568182
141.417,1732.0,0.568182
141.417,1694.0,0.511364
141.417,1684.0,0.511364
141.417,1685.0,0.511364
141.417,1696.0,0.511364
141.417,1656.0,0.511364
141.5,1649.0,0.511364
141.5,1701.0,0.454545
141.5,1759.0,0.454545
141.5,1766.0,0.454545
141.5,1742.0,0.454545
141.5,1764.0,0.454545
141.5,1784.0,0.454545
141.583,1789.0,0.454545
141.583,1776.0,0.397727
141.583,1792.0,0.397727
141.583,1802.0,0.397727
141.583,1791.0,0.397727
141.583,1777.0,0.397727
141.583,1785.0,0.397727
141.583,1817.0,0.397727
141.583,1826.0,0.397727
141.583,1823.0,0.397727
141.583,1844.0,0.397727
141.667,1846.0,0.397727
141.667,1847.0,0.284091
141.667,1822.0,0.284091
141.667,1797.0,0.284091
141.667,1798.0,0.284091
141.667,1777.0,0.284091
141.667,1764.0,0.284091
141.667,1762.0,0.284091
141.667,1753.0,0.284091
141.667,1753.0,0.284091
141.667,1760.0,0.284091
141.667,1771.0,0.284091
141.667,1790.0,0.284091
141.667,1774.0,0.284091
141.667,1772.0,0.284091
141.667,1772.0,0.284091
141.667,1743.0,0.284091
141.667,1709.0,0.284091
141.667,1710.0,0.284091
141.667,1724.0,0.284091
141.667,1725.0,0.284091
141.667,1734.0,0.284091
141.667,1763.0,0.284091
141.667,1825.0,0.284091
141.667,1783.0,0.284091
141.667,1643.0,0.284091
141.667,1239.0,0.284091
141.667,587.0,0.284091
141.667,267.0,0.284091
141.667,265.0,0.284091
141.667,71.0,0.284091
141.667,0.0,0.284091
141.667,0.0,0.284091
141.667,0.0,0.284091
141.667,0.0,0.284091
141.667,0.0,0.284091
141.667,0.0,0.284091
141.667,0.0,0.284091
141.667,0.0,0.284091
141.667,0.0,0.284091
141.667,0.0,0.284091
141.667,0.0,0.284091
141.667,0.0,0.284091
141.667,0.0,0.284091
141.667,0.0,0.284091
141.667,0.0,0.284091
141.667,0.0,0.284091
141.667,0.0,0.284091
141.667,0.0,0.284091
141.667,10.0,0.284091
141.667,17.0,0.284091
141.667,20.0,0.0
141.667,9.0,0.0
141.667,0.0,0.0
141.667,0.0,0.0
141.667,0.0,0.0
141.667,0.0,0.0
141.667,0.0,0.0
141.667,0.0,0.0
141.667,0.0,0.0
141.667,0.0,0.0
141.667,0.0,0.0
141.667,0.0,0.0
141.667,0.0,0.0
141.667,0.0,0.0
141.667,0.0,0.0
141.667,0.0,0.0
141.667,0.0,0.0
141.667,0.0,0.0
141.667,0.0,0.0
141.667,0.0,0.0
141.667,0.0,0.0
141.667,0.0,0.0
141.667,0.0,0.0
141.667,0.0,0.0
141.667,0.0,0.0
141.667,0.0,0.0
141.667,0.0,0.0
141.667,0.0,0.0
141.667,0.0,0.0
141.667,0.0,0.0
141.667,0.0,0.0
