0.25,0.0,0.0
0.25,0.0,0.0
0.25,0.0,0.0
0.25,0.0,0.0
0.25,0.0,0.0
0.25,0.0,0.0
0.25,0.0,0.0
0.25,0.0,0.0
0.25,0.0,0.0
0.25,0.0,0.0
0.25,0.0,0.0
0.25,0.0,0.0
0.25,0.0,0.0
0.25,0.0,0.0
0.25,0.0,0.0
0.25,0.0,0.0
0.25,0.0,0.0
0.25,0.0,0.0
0.25,0.0,0.0
0.25,0.0,0.0
0.25,0.0,0.0
0.25,0.0,0.0
0.25,0.0,0.0
0.25,0.0,0.0
0.25,0.0,0.0
0.25,0.0,0.0
0.25,0.0,0.0
0.25,0.0,0.0
0.25,0.0,0.0
0.25,0.0,0.0
0.25,0.0,0.0
0.25,0.0,0.0
0.25,0.0,0.0
0.25,0.0,0.0
0.25,0.0,0.0
0.25,0.0,0.0
0.25,0.0,0.0
0.25,0.0,0.0
0.25,0.0,0.0
0.25,0.0,0.0
0.25,0.0,0.0
0.25,0.0,0.0
0.25,0.0,0.0
0.25,0.0,0.0
0.25,0.0,0.0
0.25,0.0,0.0
0.25,0.0,0.0
0.25,0.0,0.0
0.25,0.0,0.0
0.25,0.0,0.0
0.25,0.0,0.0
0.25,0.0,0.0
0.25,0.0,0.0
0.25,0.0,0.0
0.25,0.0,0.0
0.25,0.0,0.0
0.25,0.0,0.0
0.25,0.0,0.0
0.25,0.0,0.0
0.25,0.0,0.0
0.25,0.0,0.0
0.25,0.0,0.0
0.25,0.0,0.0
0.25,0.0,0.0
0.25,0.0,0.0
0.25,0.0,0.0
0.25,0.0,0.0
0.25,0.0,0.0
0.25,0.0,0.0
0.25,0.0,0.0
0.25,0.0,0.0
0.25,0.0,0.0
0.25,0.0,0.0
0.25,0.0,0.0
0.25,0.0,0.0
0.25,0.0,0.0
0.25,0.0,0.0
0.25,0.0,0.0
0.25,0.0,0.0
0.25,0.0,0.0
0.25,0.0,0.0
0.25,0.0,0.0
0.25,0.0,0.0
0.25,0.0,0.0
0.25,0.0,0.0
0.25,0.0,0.0
0.25,0.0,0.0
0.25,0.0,0.0
0.25,0.0,0.0
0.25,0.0,0.0
0.25,0.0,0.0
0.25,0.0,0.0
0.25,0.0,0.0
0.25,0.0,0.0
0.25,0.0,0.0
0.25,0.0,0.0
0.25,0.0,0.0
0.25,0.0,0.0
0.25,0.0,0.0
0.25,0.0,0.0
0.25,0.0,0.0
0.25,0.0,0.0
0.25,0.0,0.0
0.25,0.0,0.0
0.25,0.0,0.0
0.25,0.0,0.0
0.25,0.0,0.0
0.25,0.0,0.0
0.25,0.0,0.0
0.25,0.0,0.0
0.25,0.0,0.0
0.25,0.0,0.0
0.25,0.0,0.0
0.25,0.0,0.0
0.25,0.0,0.0
0.25,0.0,0.0
0.25,0.0,0.0
0.25,0.0,0.0
0.25,0.0,0.0
0.25,0.0,0.0
0.25,0.0,0.0
0.25,0.0,0.0
0.25,0.0,0.0
0.25,0.0,0.0
0.25,0.0,0.0
0.25,0.0,0.0
0.25,0.0,0.0
0.25,0.0,0.0
0.25,0.0,0.0
0.25,0.0,0.0
0.25,0.0,0.0
0.25,0.0,0.0
0.25,0.0,0.0
0.25,0.0,0.0
0.25,0.0,0.0
0.25,0.0,0.0
0.25,0.0,0.0
0.25,0.0,0.0
0.25,0.0,0.0
0.25,0.0,0.0
0.25,0.0,0.0
0.25,0.0,0.0
0.25,0.0,0.0
0.25,0.0,0.0
0.25,0.0,0.0
0.25,0.0,0.0
0.25,0.0,0.0
0.25,0.0,0.0
0.25,0.0,0.0
0.25,0.0,0.0
0.25,0.0,0.0
0.25,0.0,0.0
0.25,0.0,0.0
0.25,0.0,0.0
0.25,0.0,0.0
0.25,0.0,0.0
0.25,0.0,0.0
0.25,0.0,0.0
0.25,0.0,0.0
0.25,0.0,0.0
0.25,0.0,0.0
0.25,0.0,0.0
0.25,0.0,0.0
0.25,0.0,0.0
0.25,0.0,0.0
0.25,0.0,0.0
0.25,0.0,0.0
0.25,0.0,0.0
0.25,0.0,0.0
0.25,0.0,0.0
0.25,0.0,0.0
0.25,0.0,0.0
0.25,0.0,0.0
0.25,0.0,0.0
0.25,0.0,0.0
0.25,0.0,0.0
0.25,0.0,0.0
0.25,0.0,0.0
0.25,0.0,0.0
0.25,0.0,0.0
0.25,0.0,0.0
0.25,0.0,0.0
0.25,0.0,0.0
0.25,0.0,0.0
0.25,0.0,0.0
0.25,0.0,0.0
0.25,0.0,0.0
0.25,0.0,0.0
0.25,0.0,0.0
0.25,0.0,0.0
0.25,0.0,0.0
0.25,0.0,0.0
0.25,0.0,0.0
0.25,0.0,0.0
0.25,0.0,0.0
0.25,0.0,0.0
0.25,0.0,0.0
0.25,0.0,0.0
0.25,0.0,0.0
0.25,0.0,0.0
0.25,0.0,0.0
0.25,0.0,0.0
0.25,0.0,0.0
0.25,0.0,0.0
0.25,0.0,0.0
0.25,0.0,0.0
0.25,0.0,0.0
0.25,0.0,0.0
0.25,0.0,0.0
0.25,0.0,0.0
0.25,0.0,0.0
0.25,0.0,0.0
0.25,0.0,0.0
0.25,0.0,0.0
0.25,0.0,0.0
0.25,0.0,0.0
0.25,0.0,0.0
0.25,0.0,0.0
0.25,0.0,0.0
0.25,0.0,0.0
0.25,0.0,0.0
0.25,0.0,0.0
0.25,0.0,0.0
0.25,0.0,0.0
0.25,0.0,0.0
0.25,0.0,0.0
0.25,0.0,0.0
0.25,0.0,0.0
0.25,0.0,0.0
0.25,0.0,0.0
0.25,0.0,0.0
0.25,0.0,0.0
0.25,0.0,0.0
0.25,0.0,0.0
0.25,0.0,0.0
0.25,0.0,0.0
0.25,0.0,0.0
0.25,0.0,0.0
0.25,0.0,0.0
0.25,0.0,0.0
0.25,0.0,0.0
0.25,0.0,0.0
0.25,0.0,0.0
0.25,0.0,0.0
0.25,0.0,0.0
0.25,0.0,0.0
0.25,0.0,0.0
0.25,0.0,0.0
0.25,0.0,0.0
0.25,0.0,0.0
0.25,0.0,0.0
0.25,0.0,0.0
0.25,0.0,0.0
0.25,0.0,0.0
0.25,0.0,0.0
0.25,0.0,0.0
0.25,0.0,0.0
0.25,0.0,0.0
0.25,0.0,0.0
0.25,0.0,0.0
0.25,0.0,0.0
0.25,0.0,0.0
0.25,0.0,0.0
0.25,0.0,0.0
0.25,0.0,0.0
0.25,0.0,0.0
0.25,0.0,0.0
0.25,0.0,0.0
0.25,0.0,0.0
0.25,0.0,0.0
0.25,0.0,0.0
0.25,0.0,0.0
0.25,0.0,0.0
0.25,0.0,0.0
0.25,0.0,0.0
0.25,0.0,0.0
0.25,0.0,0.0
0.25,0.0,0.0
0.25,0.0,0.0
0.25,0.0,0.0
0.25,0.0,0.0
0.25,0.0,0.0
0.25,0.0,0.0
0.25,0.0,0.0
0.25,0.0,0.0
0.25,0.0,0.0
0.25,0.0,0.0
0.25,0.0,0.0
0.25,0.0,0.0
0.25,0.0,0.0
0.25,0.0,0.0
0.25,0.0,0.0
0.25,0.0,0.0
0.25,0.0,0.0
0.25,0.0,0.0
0.25,0.0,0.0
0.25,0.0,0.0
0.25,0.0,0.0
0.25,124.0,0.0
0.25,317.0,0.0
0.25,507.0,0.0
0.25,609.0,0.0
0.25,667.0,0.0
0.25,738.0,0.0
0.25,800.0,0.0
0.25,830.0,0.0
0.25,820.0,0.0
0.25,867.0,0.0
0.25,950.0,0.0
0.25,1002.0,0.0
0.25,966.0,0.0
0.25,959.0,0.0
0.25,975.0,0.0
0.25,998.0,0.0
0.25,1002.0,0.0
0.25,1042.0,0.0
0.25,1123.0,0.0
0.25,1185.0,0.0
0.25,1182.0,0.0
0.25,1179.0,0.0
0.25,1154.0,0.0
0.25,1145.0,0.0
0.25,1128.0,0.0
0.25,1125.0,0.0
0.25,1133.0,0.0
0.25,1133.0,0.0
0.25,1129.0,0.0
0.25,1129.0,0.0
0.25,1113.0,0.0
0.25,1105.0,0.0
0.25,1102.0,0.0
0.25,1092.0,0.0
0.25,1082.0,0.0
0.25,1084.0,0.0
0.25,1084.0,0.0
0.25,1086.0,0.0
0.25,1088.0,0.0
0.25,1088.0,0.0
0.25,1099.0,0.0
0.25,1138.0,0.0
0.25,1319.0,0.0
0.25,1651.0,0.0
0.25,1773.0,0.0
0.25,1832.0,0.0
0.25,1895.0,0.0
0.25,1995.0,0.0
0.25,2090.0,0.0
0.25,2204.0,0.0
0.25,2204.0,0.0
0.333333,2380.0,0.0
0.333333,2619.0,0.0
0.333333,2728.0,0.0
0.333333,2830.0,0.0
0.333333,2876.0,0.0
0.333333,2941.0,0.0
0.333333,2953.0,0.0
0.333333,2948.0,0.0
0.416667,2921.0,0.397727
0.416667,2877.0,0.397727
0.416667,2771.0,0.397727
0.416667,2714.0,0.397727
0.416667,2673.0,0.397727
0.416667,2662.0,0.397727
0.416667,2574.0,0.397727
0.416667,2567.0,0.397727
0.416667,2556.0,0.397727
0.416667,2504.0,0.397727
0.416667,2417.0,0.397727
0.416667,2328.0,0.397727
0.416667,2283.0,0.397727
0.416667,2283.0,0.397727
0.416667,2260.0,0.397727
0.416667,2238.0,0.397727
0.416667,2162.0,0.397727
0.416667,2143.0,0.397727
0.416667,2120.0,0.397727
0.416667,2067.0,0.397727
0.416667,1965.0,0.397727
0.416667,1916.0,0.397727
0.416667,1927.0,0.397727
0.416667,1918.0,0.397727
0.416667,1895.0,0.397727
0.416667,1862.0,0.397727
0.416667,1869.0,0.397727
0.416667,1883.0,0.397727
0.416667,1916.0,0.397727
0.5,2031.0,0.113636
0.5,2046.0,0.113636
0.5,2011.0,0.113636
0.5,1975.0,0.113636
0.5,1941.0,0.113636
0.5,1907.0,0.113636
0.5,1896.0,0.113636
0.583333,1902.0,0.113636
0.583333,1899.0,0.397727
0.666667,1923.0,0.397727
0.666667,1960.0,1.36364
0.666667,2035.0,1.36364
0.75,2103.0,1.25
0.75,2118.0,1.25
0.833333,1978.0,1.30682
0.833333,1767.0,1.30682
0.916667,1530.0,1.53409
0.916667,1423.0,1.53409
1.0,1317.0,1.42045
1.0,1346.0,1.42045
1.08333,1365.0,1.47727
1.16667,1361.0,1.47727
1.16667,1346.0,1.70455
1.25,1392.0,1.70455
1.25,1470.0,1.53409
1.33333,1545.0,1.59091
1.33333,1575.0,1.59091
1.41667,1575.0,1.53409
1.41667,1552.0,1.53409
1.5,1535.0,1.59091
1.58333,1482.0,1.59091
1.58333,1401.0,1.70455
1.66667,1334.0,1.70455
1.66667,1331.0,1.47727
1.75,1287.0,1.53409
1.75,1257.0,1.53409
1.75,1201.0,1.53409
1.75,1193.0,1.53409
1.83333,1208.0,1.53409
1.83333,1221.0,0.625
1.83333,1200.0,0.625
1.83333,1115.0,0.625
1.91667,1049.0,0.852273
2.0,1007.0,0.852273
2.0,991.0,2.15909
2.08333,1011.0,1.81818
2.16667,991.0,1.81818
2.16667,991.0,1.64773
2.25,955.0,1.875
2.33333,926.0,1.875
2.33333,917.0,2.27273
2.41667,909.0,1.81818
2.5,880.0,1.81818
2.5,782.0,2.04545
2.5,650.0,2.04545
2.58333,608.0,2.04545
2.58333,563.0,0.909091
2.58333,505.0,0.909091
2.58333,361.0,0.909091
2.66667,298.0,0.852273
2.75,285.0,2.21591
2.83333,283.0,2.21591
2.83333,291.0,1.76136
2.83333,285.0,1.76136
2.83333,286.0,1.76136
2.91667,297.0,1.76136
2.91667,326.0,0.795454
3.0,413.0,0.795454
3.0,447.0,1.30682
3.08333,447.0,1.76136
3.08333,484.0,1.76136
3.16667,527.0,1.53409
3.16667,579.0,1.53409
3.16667,605.0,1.53409
3.16667,612.0,1.53409
3.16667,626.0,1.53409
3.25,641.0,1.53409
3.25,899.0,0.511364
3.25,967.0,0.511364
3.25,1004.0,0.511364
3.25,1050.0,0.511364
3.25,1113.0,0.511364
3.33333,1140.0,0.511364
3.33333,1181.0,0.511364
3.41667,1233.0,1.64773
3.5,1294.0,1.64773
3.5,1312.0,1.76136
3.58333,1320.0,1.875
3.66667,1341.0,1.875
3.66667,1348.0,1.93182
3.75,1307.0,1.70455
3.75,1271.0,1.70455
3.75,1263.0,1.70455
3.83333,1276.0,1.70455
3.91667,1228.0,0.909091
3.91667,1180.0,2.15909
4.0,1162.0,1.93182
4.08333,1135.0,1.93182
4.08333,1086.0,1.98864
4.16667,1041.0,1.98864
4.25,1027.0,1.98864
4.25,1016.0,1.875
4.33333,997.0,2.04545
4.41667,964.0,2.04545
4.41667,855.0,1.875
4.5,799.0,1.98864
4.58333,772.0,1.98864
4.58333,741.0,1.93182
4.66667,683.0,1.875
4.75,633.0,2.04545
4.75,590.0,2.04545
4.83333,561.0,1.81818
4.91667,561.0,2.10227
5.0,582.0,2.10227
5.0,612.0,1.875
5.08333,628.0,1.98864
5.16667,630.0,1.98864
5.25,649.0,2.04545
5.25,654.0,2.32954
5.33333,681.0,2.04545
5.41667,718.0,2.04545
5.41667,771.0,2.10227
5.41667,811.0,2.10227
5.5,801.0,1.02273
5.58333,805.0,1.02273
5.66667,826.0,2.10227
5.66667,832.0,2.38636
5.75,815.0,2.38636
5.83333,815.0,1.70455
5.91667,816.0,2.72727
5.91667,800.0,2.32954
6.0,759.0,2.21591
6.08333,760.0,2.15909
6.08333,673.0,2.15909
6.08333,640.0,2.15909
6.16667,589.0,1.02273
6.25,527.0,2.78409
6.33333,465.0,2.27273
6.41667,424.0,2.27273
6.41667,378.0,2.32954
6.5,369.0,1.875
6.58333,389.0,2.5
6.66667,409.0,2.5
6.66667,373.0,2.27273
6.66667,284.0,2.27273
6.75,244.0,1.02273
6.83333,243.0,1.02273
6.91667,210.0,2.15909
6.91667,156.0,2.72727
7.0,120.0,2.10227
7.08333,86.0,2.38636
7.08333,50.0,2.38636
7.08333,7.0,2.38636
7.16667,0.0,0.965909
7.25,0.0,2.89773
7.33333,0.0,2.32954
7.41667,0.0,2.32954
7.5,0.0,2.27273
7.5,0.0,2.15909
7.58333,0.0,2.21591
7.66667,0.0,2.21591
7.75,0.0,2.21591
7.75,203.0,2.04545
7.75,371.0,2.04545
7.83333,402.0,2.04545
7.83333,414.0,1.07955
7.83333,493.0,1.07955
7.83333,680.0,1.07955
7.91667,813.0,0.738636
8.0,938.0,0.738636
8.0,1041.0,2.10227
8.0,1167.0,2.10227
8.0,1231.0,2.10227
8.08333,1312.0,2.10227
8.16667,1395.0,0.738636
8.16667,1432.0,2.32954
8.25,1469.0,2.38636
8.33333,1478.0,2.27273
8.33333,1464.0,2.27273
8.33333,1461.0,2.27273
8.33333,1570.0,2.27273
8.33333,1654.0,2.27273
8.33333,1731.0,2.27273
8.33333,1772.0,2.27273
8.41667,1742.0,0.397727
8.5,1643.0,2.89773
8.58333,1545.0,2.89773
8.66667,1522.0,2.61364
8.75,1520.0,2.5
8.83333,1412.0,2.61364
8.91667,1294.0,2.38636
8.91667,1196.0,2.67045
9.0,1101.0,2.61364
9.08333,1021.0,2.67045
9.16667,1014.0,2.78409
9.25,991.0,2.89773
9.33333,930.0,2.67045
9.41667,930.0,3.125
9.5,846.0,2.38636
9.58333,742.0,2.89773
9.66667,629.0,3.06818
9.75,531.0,2.84091
9.83333,449.0,2.44318
9.83333,414.0,2.44318
9.91667,343.0,2.44318
10.0,270.0,3.01136
10.0833,202.0,2.89773
10.1667,163.0,2.89773
10.25,131.0,2.67045
10.3333,92.0,2.61364
10.4167,58.0,2.61364
10.5,9.0,2.27273
10.5,0.0,2.72727
10.5833,0.0,2.55682
10.6667,0.0,2.55682
10.75,0.0,2.55682
10.8333,18.0,2.5
10.9167,22.0,2.5
11.0,31.0,2.55682
11.0833,23.0,2.55682
11.1667,17.0,2.5
11.1667,35.0,2.67045
11.25,75.0,2.21591
11.3333,198.0,2.32954
11.4167,315.0,2.55682
11.5,359.0,2.55682
11.5833,396.0,2.44318
11.6667,519.0,2.72727
11.6667,683.0,2.44318
11.75,897.0,2.27273
11.75,988.0,2.27273
11.75,984.0,2.27273
11.75,1125.0,2.27273
11.8333,1269.0,2.27273
11.8333,1354.0,0.568182
11.9167,1388.0,2.44318
12.0,1404.0,2.61364
12.0,1401.0,2.61364
12.0,1366.0,2.61364
12.0,1345.0,2.61364
12.0833,1345.0,0.625
12.0833,1346.0,0.625
12.1667,1364.0,0.625
12.1667,1401.0,1.30682
12.1667,1414.0,1.30682
12.25,1406.0,1.30682
12.3333,1408.0,0.852273
12.3333,1348.0,2.61364
12.4167,1281.0,2.61364
12.5,1226.0,2.61364
12.5,1111.0,2.61364
12.5833,970.0,1.36364
12.5833,800.0,1.36364
12.6667,753.0,1.42045
12.75,726.0,2.5
12.75,720.0,2.5
12.8333,733.0,2.5
12.9167,748.0,1.25
13.0,730.0,2.72727
13.0833,691.0,2.61364
13.0833,691.0,2.38636
13.1667,683.0,2.44318
13.25,707.0,2.10227
13.3333,745.0,2.10227
13.4167,789.0,2.67045
13.5,846.0,2.44318
13.5833,896.0,2.61364
13.5833,941.0,2.44318
13.6667,996.0,2.21591
13.75,1078.0,2.38636
13.75,1134.0,2.38636
13.75,1148.0,2.38636
13.8333,1163.0,1.07955
13.9167,1218.0,2.72727
14.0,1300.0,2.72727
14.0833,1361.0,1.875
14.0833,1377.0,2.27273
14.1667,1391.0,2.27273
14.1667,1476.0,2.27273
14.25,1575.0,2.27273
14.3333,1631.0,1.13636
14.3333,1702.0,2.27273
14.4167,1802.0,2.15909
14.5,1802.0,2.15909
14.5833,1951.0,2.15909
14.5833,1992.0,2.21591
14.6667,2019.0,2.15909
14.75,2035.0,2.15909
14.8333,2035.0,2.15909
14.8333,1991.0,2.10227
14.9167,1981.0,2.21591
15.0,2028.0,2.15909
15.0833,2134.0,2.15909
15.1667,2231.0,2.21591
15.1667,2290.0,2.27273
15.25,2295.0,2.10227
15.3333,2261.0,2.10227
15.4167,2296.0,2.10227
15.4167,2348.0,2.27273
15.5,2365.0,2.44318
15.5833,2372.0,2.10227
15.6667,2364.0,2.10227
15.75,2372.0,2.27273
15.8333,2370.0,2.32954
15.8333,2364.0,2.67045
15.9167,2360.0,2.38636
16.0,2362.0,2.5
16.0833,2361.0,2.55682
16.1667,2357.0,2.55682
16.1667,2318.0,2.5
16.1667,2088.0,2.5
16.1667,2004.0,2.5
16.25,2052.0,0.738636
16.3333,2153.0,2.5
16.3333,2265.0,2.5
16.3333,2347.0,2.5
16.3333,2348.0,2.5
16.3333,2342.0,2.5
16.3333,2308.0,2.5
16.3333,2277.0,2.5
16.3333,2278.0,2.5
16.3333,2254.0,2.5
16.4167,2201.0,0.340909
16.4167,2058.0,0.340909
16.5,1942.0,1.47727
16.5833,1942.0,2.44318
16.6667,1884.0,3.01136
16.75,1833.0,3.18182
16.8333,1757.0,2.89773
17.0,1715.0,2.89773
17.0,1691.0,3.01136
17.0,1691.0,3.01136
17.0833,1668.0,3.01136
17.1667,1707.0,0.965909
17.25,1746.0,3.35227
17.3333,1756.0,2.95454
17.3333,1723.0,2.84091
17.3333,1643.0,2.84091
17.4167,1481.0,1.07955
17.4167,1394.0,1.07955
17.4167,1294.0,1.07955
17.4167,1193.0,1.07955
17.4167,1108.0,1.07955
17.4167,1089.0,1.07955
17.4167,1072.0,1.07955
17.5833,1068.0,1.07955
17.5833,968.0,3.06818
17.75,888.0,3.06818
17.8333,815.0,3.57954
17.9167,751.0,3.125
18.0,669.0,3.18182
18.0833,540.0,3.125
18.1667,468.0,2.89773
18.25,422.0,3.18182
18.3333,394.0,2.95454
18.4167,369.0,3.18182
18.5,329.0,2.72727
18.5833,299.0,3.01136
18.6667,230.0,2.89773
18.75,185.0,2.84091
18.8333,109.0,2.67045
18.9167,87.0,3.125
19.0,43.0,2.95454
19.0833,3.0,2.95454
19.1667,0.0,2.95454
19.25,0.0,2.67045
19.25,0.0,2.67045
19.3333,0.0,1.36364
19.4167,0.0,3.125
19.5,0.0,2.89773
19.5833,0.0,2.72727
19.6667,0.0,2.5
19.75,0.0,2.55682
19.8333,0.0,2.55682
19.9167,0.0,3.01136
20.0,0.0,3.01136
20.0833,0.0,2.55682
20.1667,0.0,2.55682
20.1667,0.0,2.5
20.25,0.0,2.21591
20.3333,0.0,2.89773
20.4167,0.0,2.38636
20.4167,0.0,2.38636
20.5,0.0,2.38636
20.5,0.0,1.19318
20.5,0.0,1.19318
20.5,0.0,1.19318
20.5833,0.0,0.738636
20.5833,0.0,0.738636
20.6667,0.0,0.738636
20.6667,0.0,1.30682
20.6667,0.0,1.30682
20.75,0.0,1.02273
20.8333,0.0,2.38636
20.9167,0.0,2.38636
21.0,0.0,2.38636
21.0,0.0,2.21591
21.0,0.0,2.21591
21.0833,0.0,2.21591
21.0833,0.0,0.965909
21.0833,0.0,0.965909
21.1667,0.0,0.965909
21.25,0.0,1.02273
21.25,0.0,2.38636
21.25,0.0,2.38636
21.25,0.0,2.38636
21.3333,0.0,0.852273
21.3333,0.0,0.852273
21.4167,0.0,0.852273
21.4167,0.0,1.02273
21.4167,0.0,1.02273
21.4167,0.0,1.02273
21.5,0.0,0.795454
21.5833,0.0,0.795454
21.5833,0.0,1.93182
21.5833,0.0,1.93182
21.5833,0.0,1.93182
21.6667,0.0,0.795454
21.6667,0.0,0.795454
21.6667,0.0,0.795454
21.6667,0.0,0.795454
21.6667,0.0,0.795454
21.75,0.0,0.795454
21.75,0.0,0.511364
21.75,92.0,0.511364
21.75,1023.0,0.511364
21.75,2199.0,0.511364
21.8333,2118.0,0.511364
21.8333,1519.0,0.568182
21.9167,1561.0,1.93182
21.9167,1561.0,1.93182
22.0,1920.0,1.53409
22.0833,1804.0,1.53409
22.1667,1960.0,1.76136
22.1667,2147.0,2.44318
22.25,2073.0,1.98864
22.3333,1521.0,1.98864
22.4167,1385.0,1.76136
22.4167,1522.0,2.72727
22.5,1778.0,2.15909
22.5833,1877.0,2.15909
22.6667,1746.0,2.10227
22.6667,1727.0,1.98864
22.6667,1768.0,1.98864
22.75,1768.0,1.13636
22.8333,1759.0,1.13636
22.8333,1725.0,2.5
22.8333,1697.0,2.5
22.8333,1646.0,2.5
22.8333,1565.0,2.5
22.9167,1537.0,0.625
23.0,1559.0,2.61364
23.0,1573.0,2.61364
23.0833,1573.0,2.61364
23.1667,1619.0,1.25
23.25,1790.0,2.27273
23.3333,1853.0,3.46591
23.4167,1859.0,2.38636
23.5,1829.0,2.78409
23.5833,1723.0,2.84091
23.5833,1588.0,2.72727
23.6667,1495.0,2.72727
23.75,1476.0,2.67045
23.8333,1466.0,2.89773
23.9167,1394.0,2.95454
24.0833,1313.0,2.95454
24.0833,1257.0,3.06818
24.1667,1234.0,2.5
24.3333,1278.0,2.5
24.4167,1293.0,2.84091
24.5,1276.0,2.95454
24.5833,1259.0,2.84091
24.6667,1217.0,2.95454
24.75,1029.0,3.18182
24.8333,935.0,3.01136
24.9167,882.0,2.89773
25.0,840.0,3.06818
25.0833,770.0,2.72727
25.1667,728.0,3.18182
25.25,673.0,2.67045
25.3333,557.0,3.46591
25.4167,262.0,3.01136
25.5,166.0,3.125
25.5833,99.0,2.44318
25.6667,44.0,3.69318
25.75,1.0,2.84091
25.8333,0.0,2.95454
25.9167,0.0,2.89773
25.9167,0.0,2.89773
25.9167,0.0,2.89773
26.0,0.0,0.909091
26.0833,0.0,2.78409
26.1667,0.0,2.84091
26.1667,0.0,2.84091
26.1667,0.0,2.84091
26.25,0.0,0.909091
26.3333,0.0,2.32954
26.4167,0.0,3.06818
26.5,0.0,3.06818
26.5833,0.0,2.89773
26.6667,0.0,2.89773
26.75,0.0,2.27273
26.8333,0.0,3.125
26.9167,0.0,2.5
26.9167,0.0,2.55682
27.0,0.0,2.32954
27.0833,0.0,2.78409
27.0833,0.0,2.78409
27.1667,0.0,2.78409
27.25,0.0,1.07955
27.25,0.0,2.5
27.3333,0.0,1.98864
27.3333,0.0,1.98864
27.4167,0.0,1.98864
27.4167,0.0,1.13636
27.5,0.0,2.04545
27.5833,0.0,2.04545
27.5833,0.0,2.04545
27.6667,0.0,1.93182
27.6667,0.0,1.93182
27.75,0.0,1.93182
27.75,172.0,0.965909
27.8333,2107.0,2.55682
27.9167,2617.0,2.55682
27.9167,2024.0,1.81818
28.0,1327.0,1.81818
28.0,1586.0,1.19318
28.0833,1762.0,2.27273
28.1667,1743.0,2.27273
28.25,1749.0,1.93182
28.25,1694.0,2.15909
28.3333,1674.0,2.67045
28.4167,1427.0,2.38636
28.5,1310.0,2.38636
28.5,1243.0,2.38636
28.5,965.0,2.38636
28.5833,1033.0,1.02273
28.6667,1277.0,2.89773
28.75,1456.0,2.21591
28.75,1456.0,2.21591
28.8333,1416.0,2.21591
28.8333,1416.0,1.13636
28.8333,1470.0,1.13636
28.8333,1503.0,1.13636
28.9167,1480.0,0.852273
28.9167,1408.0,0.852273
28.9167,1366.0,0.852273
29.0,1338.0,0.852273
29.0,1319.0,0.852273
29.0,1359.0,0.852273
29.0833,1396.0,0.852273
29.0833,1421.0,0.852273
29.1667,1440.0,2.27273
29.25,1468.0,2.5
29.3333,1422.0,3.01136
29.4167,1314.0,2.55682
29.5,1258.0,2.84091
29.5,1153.0,2.84091
29.5,1126.0,2.84091
29.5,1059.0,2.84091
29.5833,976.0,0.681818
29.6667,913.0,3.01136
29.6667,894.0,3.01136
29.75,890.0,3.01136
29.8333,879.0,1.25
29.8333,826.0,3.01136
29.8333,694.0,3.01136
29.9167,586.0,3.01136
30.0,525.0,0.852273
30.0,459.0,2.78409
30.0,417.0,2.78409
30.0,422.0,2.78409
30.0833,318.0,0.852273
30.1667,232.0,2.5
30.25,187.0,2.5
30.3333,151.0,2.55682
30.4167,114.0,2.21591
30.4167,102.0,2.5
30.5,120.0,2.67045
30.5833,152.0,2.21591
30.6667,197.0,2.78409
30.75,197.0,2.44318
30.75,241.0,2.44318
30.75,277.0,2.44318
30.75,304.0,2.44318
30.8333,330.0,0.738636
30.9167,332.0,0.738636
31.0,333.0,2.32954
31.0,332.0,2.10227
31.0833,352.0,2.15909
31.0833,371.0,2.15909
31.0833,383.0,2.15909
31.0833,409.0,2.15909
31.1667,494.0,0.681818
31.25,610.0,0.681818
31.25,652.0,2.21591
31.25,662.0,2.21591
31.25,655.0,2.21591
31.25,646.0,2.21591
31.3333,669.0,2.21591
31.3333,668.0,0.568182
31.3333,739.0,0.568182
31.4167,839.0,0.568182
31.5,957.0,1.02273
31.5,1023.0,2.15909
31.5833,1090.0,2.32954
31.6667,1147.0,2.21591
31.75,1197.0,2.21591
31.8333,1194.0,2.27273
31.8333,1192.0,2.55682
31.8333,1179.0,2.55682
31.9167,1159.0,2.55682
32.0,1154.0,1.02273
32.0,1154.0,3.125
32.0833,1155.0,1.81818
32.1667,1169.0,2.72727
32.25,1191.0,2.32954
32.3333,1210.0,2.32954
32.3333,1230.0,2.32954
32.3333,1242.0,2.32954
32.4167,1234.0,1.02273
32.5,1227.0,3.01136
32.5833,1229.0,3.01136
32.6667,1238.0,2.27273
32.75,1238.0,2.32954
32.75,1263.0,2.44318
32.75,1304.0,2.44318
32.8333,1355.0,1.13636
32.9167,1422.0,1.13636
33.0,1428.0,2.5
33.0833,1494.0,2.61364
33.0833,1450.0,2.10227
33.1667,1403.0,2.5
33.25,1372.0,2.78409
33.3333,1338.0,2.67045
33.4167,1379.0,2.5
33.5,1456.0,2.61364
33.5833,1462.0,2.61364
33.6667,1425.0,2.5
33.75,1403.0,2.44318
33.8333,1357.0,2.89773
33.8333,1319.0,2.61364
33.9167,1248.0,2.21591
34.0,1270.0,2.78409
34.0833,1288.0,2.84091
34.0833,1308.0,2.84091
34.1667,1350.0,1.19318
34.25,1354.0,2.95454
34.3333,1307.0,2.61364
34.4167,1292.0,2.61364
34.5,1267.0,2.72727
34.5833,1201.0,2.78409
34.6667,1160.0,2.55682
34.6667,1199.0,2.44318
34.75,1184.0,2.44318
34.8333,1141.0,1.53409
34.9167,1104.0,2.89773
35.0,1093.0,2.38636
35.0833,1081.0,2.89773
35.1667,1088.0,2.95454
35.25,1116.0,2.95454
35.25,1082.0,2.55682
35.3333,1027.0,2.55682
35.4167,987.0,1.36364
35.5,962.0,3.35227
35.5,886.0,2.67045
35.5833,848.0,2.38636
35.75,848.0,2.78409
35.75,835.0,3.125
35.8333,833.0,2.67045
35.9167,829.0,2.84091
35.9167,827.0,2.84091
36.0,809.0,2.84091
36.0833,784.0,1.02273
36.0833,768.0,2.84091
36.0833,738.0,2.84091
36.1667,733.0,2.84091
36.25,710.0,0.909091
36.3333,671.0,3.01136
36.4167,715.0,2.78409
36.4167,793.0,2.89773
36.4167,807.0,2.89773
36.5,796.0,2.89773
36.5,800.0,0.909091
36.5833,773.0,2.67045
36.6667,774.0,2.44318
36.75,797.0,2.78409
36.75,808.0,2.78409
36.8333,790.0,1.47727
36.9167,818.0,2.5
37.0,840.0,2.67045
37.0833,834.0,2.55682
37.1667,815.0,2.89773
37.25,869.0,2.72727
37.3333,896.0,2.72727
37.3333,884.0,2.72727
37.4167,864.0,2.72727
37.5,826.0,2.95454
37.5,839.0,2.95454
37.5833,837.0,2.95454
37.6667,887.0,3.35227
37.75,1013.0,3.35227
37.8333,1076.0,3.01136
37.9167,1117.0,2.78409
38.0,1142.0,2.78409
38.0833,1136.0,2.78409
38.0833,1131.0,2.44318
38.1667,1122.0,1.59091
38.25,1091.0,2.95454
38.25,1091.0,2.95454
38.3333,1049.0,1.47727
38.3333,1034.0,1.47727
38.3333,1033.0,1.47727
38.3333,1016.0,1.47727
38.3333,1022.0,1.47727
38.4167,1026.0,0.568182
38.4167,1042.0,0.568182
38.5,1070.0,1.42045
38.5,1099.0,1.42045
38.5833,1116.0,1.42045
38.6667,1117.0,3.01136
38.75,1122.0,3.01136
38.8333,1138.0,2.95454
39.0,1157.0,3.18182
39.0833,1197.0,3.18182
39.1667,1159.0,2.89773
39.25,1146.0,3.06818
39.3333,1150.0,2.67045
39.4167,1151.0,2.72727
39.5,1178.0,3.80682
39.5833,1206.0,3.06818
39.6667,1225.0,2.95454
39.75,1302.0,2.89773
39.8333,1446.0,2.95454
39.9167,1487.0,3.46591
40.0,1502.0,3.06818
40.1667,1519.0,3.06818
40.25,1512.0,3.23864
40.3333,1425.0,3.23864
40.4167,1380.0,3.18182
40.4167,1367.0,3.29545
40.5,1387.0,3.29545
40.5833,1396.0,3.52273
40.75,1406.0,3.52273
40.8333,1415.0,3.29545
40.8333,1420.0,3.52273
40.8333,1426.0,3.52273
40.8333,1397.0,3.52273
40.8333,1387.0,3.52273
40.9167,1388.0,0.625
41.0,1341.0,3.46591
41.0833,1318.0,3.46591
41.1667,1318.0,1.70455
41.1667,1333.0,3.35227
41.1667,1339.0,3.35227
41.1667,1343.0,3.35227
41.25,1344.0,3.35227
41.25,1343.0,0.681818
41.25,1343.0,0.681818
41.4167,1342.0,1.07955
41.4167,1345.0,4.77273
41.5833,1347.0,4.77273
41.6667,1349.0,3.75
41.6667,1363.0,3.125
41.75,1354.0,1.875
41.8333,1325.0,3.18182
41.9167,1308.0,3.18182
42.0,1283.0,1.76136
42.0833,1197.0,3.29545
42.1667,1106.0,2.89773
42.3333,1089.0,3.52273
42.4167,1061.0,3.97727
42.5,1068.0,3.52273
42.5,1122.0,3.52273
42.5,1153.0,3.52273
42.5833,1158.0,1.13636
42.5833,1176.0,1.13636
42.5833,1181.0,1.13636
42.6667,1158.0,0.852273
42.8333,1109.0,3.75
42.9167,1053.0,4.31818
42.9167,1041.0,3.125
42.9167,1051.0,3.125
42.9167,1072.0,3.125
43.0833,1071.0,3.125
43.0833,1134.0,3.75
43.0833,1236.0,3.75
43.1667,1322.0,1.19318
43.25,1348.0,3.01136
43.4167,1275.0,3.01136
43.5,1164.0,3.35227
43.5833,1071.0,3.40909
43.6667,1049.0,3.35227
43.8333,1038.0,3.35227
43.9167,1048.0,3.80682
44.0,1048.0,3.06818
44.0833,1127.0,4.60227
44.1667,1226.0,3.46591
44.3333,1291.0,3.46591
44.4167,1288.0,3.46591
44.5,1179.0,3.57954
44.5,1046.0,3.57954
44.6667,1039.0,3.57954
44.75,1037.0,3.97727
44.75,1059.0,3.97727
44.9167,1108.0,3.97727
45.0,1124.0,4.14773
45.0,1158.0,3.06818
45.0,1199.0,3.06818
45.0,1185.0,3.06818
45.0,1153.0,3.06818
45.1667,1149.0,3.06818
45.25,1149.0,3.86364
45.25,1148.0,3.52273
45.3333,1103.0,1.59091
45.4167,1094.0,3.63636
45.5833,1112.0,3.80682
45.6667,1129.0,3.57954
45.75,1137.0,3.46591
45.8333,1140.0,3.57954
46.0,1151.0,3.57954
46.0833,1148.0,4.14773
46.1667,1123.0,2.27273
46.25,1011.0,3.35227
46.25,964.0,3.06818
46.3333,919.0,1.81818
46.5,873.0,3.40909
46.5833,911.0,3.63636
46.6667,908.0,3.57954
46.6667,832.0,3.57954
46.75,775.0,3.57954
46.8333,691.0,1.13636
46.9167,561.0,3.69318
47.0,539.0,3.75
47.1667,524.0,3.46591
47.25,469.0,3.46591
47.3333,318.0,3.46591
47.4167,318.0,3.52273
47.5,296.0,3.75
47.6667,322.0,3.75
47.75,345.0,3.40909
47.8333,373.0,3.40909
47.9167,384.0,3.18182
48.0,386.0,3.29545
48.0833,388.0,3.01136
48.0833,400.0,3.01136
48.0833,450.0,3.01136
48.25,463.0,3.01136
48.3333,449.0,3.57954
48.4167,440.0,3.23864
48.5,430.0,3.18182
48.5833,423.0,3.06818
48.6667,453.0,3.18182
48.75,503.0,3.35227
48.8333,492.0,3.18182
48.9167,466.0,3.23864
49.0833,383.0,3.23864
49.0833,310.0,3.18182
49.25,273.0,3.18182
49.3333,340.0,3.69318
49.4167,383.0,3.06818
49.5,402.0,3.06818
49.5833,431.0,2.89773
49.5833,484.0,3.01136
49.6667,518.0,3.01136
49.75,528.0,1.30682
49.8333,522.0,3.18182
49.9167,494.0,2.95454
49.9167,500.0,3.06818
50.0,502.0,3.06818
50.0833,538.0,3.52273
50.1667,633.0,3.18182
50.25,769.0,2.61364
50.3333,834.0,2.78409
50.4167,867.0,3.29545
50.5,937.0,3.06818
50.5833,1053.0,3.01136
50.5833,1100.0,3.01136
50.6667,1119.0,1.36364
50.75,1163.0,2.95454
50.8333,1163.0,3.125
50.9167,1228.0,2.89773
51.0,1314.0,3.01136
51.1667,1368.0,3.01136
51.1667,1375.0,2.95454
51.3333,1454.0,2.95454
51.3333,1546.0,3.06818
51.3333,1571.0,3.06818
51.4167,1587.0,3.06818
51.5,1604.0,1.02273
51.5833,1625.0,2.55682
51.6667,1592.0,3.92045
51.75,1564.0,3.35227
51.8333,1578.0,2.84091
51.9167,1634.0,3.52273
52.0,1773.0,3.18182
52.1667,1817.0,3.18182
52.25,1880.0,3.29545
52.3333,1886.0,2.78409
52.4167,1851.0,3.125
52.5,1785.0,3.63636
52.5833,1761.0,3.23864
52.6667,1759.0,3.29545
52.6667,1750.0,3.29545
52.75,1634.0,1.47727
52.8333,1616.0,1.47727
52.9167,1620.0,3.23864
53.0,1603.0,3.46591
53.0,1600.0,3.46591
53.0833,1600.0,3.46591
53.1667,1562.0,1.13636
53.1667,1532.0,3.23864
53.25,1547.0,1.59091
53.3333,1579.0,3.57954
53.5,1539.0,3.57954
53.5833,1574.0,3.52273
53.5833,1619.0,3.29545
53.6667,1581.0,1.70455
53.8333,1537.0,1.70455
53.9167,1494.0,3.57954
53.9167,1471.0,3.57954
54.0,1455.0,1.59091
54.0833,1422.0,1.59091
54.1667,1422.0,1.875
54.25,1412.0,3.57954
54.25,1418.0,3.40909
54.3333,1415.0,3.40909
54.4167,1411.0,1.19318
54.5,1380.0,3.52273
54.5833,1256.0,3.69318
54.75,1183.0,3.69318
54.8333,1112.0,3.63636
54.9167,1010.0,3.40909
54.9167,992.0,3.40909
55.0833,1046.0,3.40909
55.1667,1058.0,3.75
55.25,998.0,3.80682
55.4167,941.0,3.80682
55.5,858.0,4.03409
55.5833,803.0,3.46591
55.6667,803.0,3.35227
55.75,773.0,3.57954
55.8333,732.0,3.18182
55.8333,699.0,3.18182
55.9167,649.0,3.18182
56.0,666.0,3.29545
56.0833,687.0,3.18182
56.1667,679.0,3.86364
56.3333,680.0,3.86364
56.4167,654.0,3.29545
56.5,617.0,3.40909
56.5833,624.0,3.40909
56.6667,643.0,2.84091
56.8333,617.0,3.01136
56.9167,610.0,4.65909
57.0,633.0,3.46591
57.0833,657.0,3.40909
57.25,703.0,3.40909
57.3333,834.0,3.40909
57.3333,909.0,3.18182
57.3333,963.0,3.18182
57.3333,1001.0,3.18182
57.3333,1045.0,3.18182
57.5,1114.0,3.18182
57.5833,1226.0,3.23864
57.6667,1226.0,3.63636
57.75,1344.0,3.57954
57.8333,1415.0,3.52273
58.0,1499.0,3.52273
58.0833,1499.0,3.69318
58.1667,1480.0,3.52273
58.25,1494.0,3.18182
58.3333,1638.0,3.40909
58.5,1685.0,3.69318
58.5833,1738.0,3.69318
58.6667,1767.0,3.40909
58.75,1712.0,3.57954
58.75,1744.0,3.57954
58.75,1781.0,3.57954
58.8333,1798.0,3.57954
58.9167,1828.0,4.09091
58.9167,1846.0,4.09091
59.0833,1821.0,4.09091
59.1667,1821.0,3.97727
59.25,1807.0,4.31818
59.4167,1749.0,4.31818
59.5,1737.0,3.75
59.5833,1692.0,3.63636
59.5833,1616.0,3.63636
59.6667,1572.0,3.63636
59.75,1533.0,1.19318
59.8333,1483.0,3.52273
59.9167,1430.0,3.06818
60.0,1381.0,3.80682
60.0833,1305.0,1.98864
60.1667,1387.0,3.40909
60.25,1460.0,3.86364
60.25,1465.0,3.86364
60.25,1633.0,3.86364
60.3333,1673.0,0.909091
60.5,1624.0,3.46591
60.5833,1584.0,3.69318
60.6667,1544.0,3.46591
60.8333,1514.0,3.86364
60.9167,1540.0,4.14773
61.0,1548.0,3.63636
61.0833,1544.0,3.69318
61.1667,1476.0,3.69318
61.25,1476.0,3.80682
61.3333,1446.0,3.69318
61.5,1440.0,3.69318
61.5833,1439.0,3.86364
61.5833,1478.0,3.35227
61.6667,1519.0,3.35227
61.6667,1553.0,1.19318
61.6667,1555.0,1.19318
61.75,1591.0,1.19318
61.9167,1652.0,1.19318
62.0,1656.0,3.57954
62.0833,1689.0,4.20454
62.25,1653.0,3.92045
62.3333,1630.0,3.80682
62.3333,1661.0,3.57954
62.3333,1636.0,3.57954
62.4167,1610.0,3.57954
62.4167,1597.0,0.909091
62.5,1568.0,1.64773
62.5833,1549.0,3.80682
62.5833,1567.0,3.80682
62.5833,1570.0,3.80682
62.6667,1656.0,0.852273
62.75,1693.0,3.40909
62.9167,1680.0,3.86364
63.0,1642.0,4.09091
63.0833,1605.0,3.57954
63.25,1541.0,3.57954
63.3333,1476.0,3.69318
63.4167,1431.0,3.57954
63.5833,1430.0,3.57954
63.6667,1440.0,3.63636
63.75,1469.0,3.75
63.8333,1504.0,4.03409
64.0,1540.0,3.69318
64.0833,1609.0,3.63636
64.1667,1723.0,3.57954
64.1667,1807.0,3.57954
64.25,1823.0,3.57954
64.3333,1750.0,1.25
64.4167,1671.0,3.75
64.5833,1647.0,3.75
64.6667,1666.0,3.06818
64.8333,1666.0,3.92045
64.9167,1688.0,4.48864
65.0,1716.0,3.52273
65.0833,1707.0,3.63636
65.1667,1717.0,3.46591
65.1667,1761.0,3.46591
65.25,1861.0,1.30682
65.3333,1925.0,1.30682
65.4167,1927.0,1.875
65.5,1894.0,3.06818
65.6667,1811.0,3.06818
65.6667,1698.0,3.75
65.8333,1653.0,3.75
65.9167,1641.0,3.97727
65.9167,1627.0,3.69318
65.9167,1558.0,3.69318
66.0,1531.0,3.69318
66.0833,1532.0,3.46591
66.25,1498.0,3.46591
66.3333,1429.0,4.375
66.4167,1407.0,3.92045
66.5,1339.0,3.125
66.5833,1257.0,2.10227
66.6667,1212.0,4.09091
66.8333,1224.0,4.09091
66.9167,1210.0,3.97727
66.9167,1110.0,3.97727
67.0833,989.0,3.97727
67.1667,934.0,3.86364
67.3333,887.0,3.86364
67.4167,828.0,4.03409
67.5833,829.0,4.03409
67.5833,798.0,4.03409
67.6667,761.0,4.03409
67.8333,757.0,4.03409
67.9167,757.0,4.26136
68.0833,728.0,4.09091
68.0833,660.0,4.09091
68.0833,642.0,4.09091
68.25,666.0,4.09091
68.3333,694.0,3.92045
68.4167,688.0,3.92045
68.5833,688.0,3.92045
68.6667,734.0,3.86364
68.75,762.0,3.57954
68.75,793.0,3.57954
68.75,797.0,3.57954
68.8333,902.0,1.02273
68.9167,1071.0,1.02273
69.0,1160.0,3.52273
69.1667,1153.0,3.57954
69.25,1132.0,4.03409
69.3333,1134.0,4.03409
69.5,1137.0,3.86364
69.5,1136.0,3.63636
69.5833,1239.0,2.10227
69.75,1343.0,3.18182
69.8333,1258.0,4.48864
70.0,1161.0,4.48864
70.0,1142.0,4.03409
70.0,1238.0,4.03409
70.0833,1341.0,4.03409
70.0833,1357.0,0.965909
70.1667,1313.0,2.04545
70.25,1215.0,2.04545
70.25,1238.0,2.04545
70.4167,1280.0,2.04545
70.5,1312.0,3.75
70.6667,1347.0,3.75
70.6667,1395.0,3.97727
70.75,1430.0,3.97727
70.8333,1487.0,1.76136
70.9167,1507.0,2.10227
71.0833,1513.0,3.92045
71.1667,1516.0,3.29545
71.25,1502.0,4.31818
71.3333,1469.0,3.97727
71.3333,1417.0,3.97727
71.4167,1295.0,3.97727
71.5,1216.0,1.02273
71.5833,1236.0,4.375
71.6667,1309.0,4.375
71.8333,1249.0,4.26136
71.9167,1221.0,3.92045
72.0833,1260.0,3.92045
72.1667,1260.0,4.14773
72.25,1307.0,4.03409
72.25,1267.0,4.03409
72.3333,1252.0,1.36364
72.5,1284.0,1.36364
72.5833,1237.0,4.375
72.5833,1270.0,4.375
72.5833,1390.0,4.375
72.6667,1418.0,4.375
72.6667,1403.0,0.852273
72.75,1399.0,0.852273
72.8333,1366.0,1.42045
73.0,1347.0,3.92045
73.0833,1362.0,4.82954
73.0833,1355.0,3.97727
73.25,1370.0,3.97727
73.4167,1386.0,4.20454
73.5,1386.0,4.375
73.5833,1405.0,4.20454
73.5833,1402.0,1.93182
73.5833,1438.0,1.93182
73.5833,1449.0,1.93182
73.6667,1455.0,1.93182
73.6667,1430.0,0.738636
73.8333,1367.0,2.21591
73.9167,1306.0,4.54545
74.0833,1298.0,4.54545
74.1667,1301.0,4.77273
74.25,1332.0,4.48864
74.25,1382.0,1.98864
74.4167,1410.0,2.27273
74.5,1417.0,4.20454
74.6667,1390.0,4.20454
74.75,1328.0,3.75
74.8333,1315.0,4.09091
74.9167,1341.0,2.10227
75.0833,1361.0,4.48864
75.1667,1383.0,4.20454
75.3333,1382.0,4.20454
75.4167,1359.0,5.05682
75.5,1383.0,5.05682
75.5833,1409.0,4.54545
75.75,1469.0,4.54545
75.8333,1469.0,4.26136
76.0,1480.0,4.26136
76.0833,1453.0,4.82954
76.1667,1462.0,4.03409
76.25,1364.0,2.10227
76.25,1367.0,2.10227
76.25,1397.0,2.10227
76.3333,1421.0,2.10227
76.5,1422.0,4.77273
76.5833,1366.0,4.94318
76.75,1340.0,4.88636
76.8333,1357.0,3.97727
77.0,1349.0,3.97727
77.0833,1295.0,4.54545
77.25,1338.0,4.54545
77.3333,1315.0,3.97727
77.5,1252.0,3.97727
77.6667,1274.0,3.97727
77.6667,1312.0,4.26136
77.75,1311.0,2.04545
77.75,1327.0,2.04545
77.8333,1324.0,1.53409
77.8333,1198.0,1.53409
77.9167,1203.0,1.53409
78.0,1232.0,4.54545
78.0,1268.0,4.54545
78.0833,1375.0,1.42045
78.25,1410.0,4.31818
78.4167,1377.0,4.82954
78.5,1360.0,4.43182
78.6667,1355.0,4.43182
78.75,1340.0,4.26136
78.9167,1336.0,4.26136
79.0,1270.0,3.92045
79.0833,1200.0,3.92045
79.0833,1209.0,2.15909
79.1667,1207.0,2.21591
79.25,1195.0,2.21591
79.25,1236.0,1.53409
79.4167,1363.0,2.32954
79.5,1449.0,4.31818
79.6667,1470.0,4.31818
79.8333,1470.0,4.31818
79.8333,1469.0,4.82954
80.0,1464.0,4.82954
80.0833,1459.0,5.34091
80.25,1456.0,5.34091
80.3333,1463.0,4.60227
80.5,1473.0,4.82954
80.5833,1494.0,4.65909
80.6667,1537.0,4.65909
80.75,1589.0,2.04545
80.8333,1649.0,4.14773
81.0,1699.0,4.14773
81.1667,1741.0,4.20454
81.25,1739.0,4.03409
81.4167,1782.0,4.20454
81.5,1815.0,5.51136
81.5833,1793.0,2.10227
81.75,1784.0,3.97727
81.75,1763.0,5.28409
81.9167,1660.0,5.28409
81.9167,1545.0,4.54545
81.9167,1507.0,4.54545
81.9167,1479.0,4.54545
82.0,1475.0,4.54545
82.0833,1538.0,0.681818
82.25,1684.0,4.43182
82.3333,1718.0,5.45454
82.4167,1701.0,4.82954
82.5833,1682.0,4.82954
82.6667,1549.0,4.60227
82.8333,1491.0,4.60227
83.0,1489.0,4.60227
83.0,1506.0,5.68182
83.0833,1485.0,5.68182
83.0833,1465.0,1.53409
83.0833,1499.0,1.53409
83.1667,1508.0,1.53409
83.25,1530.0,4.60227
83.4167,1618.0,4.60227
83.5833,1660.0,4.60227
83.6667,1662.0,5.17045
83.8333,1623.0,5.17045
83.9167,1528.0,5.11364
84.0,1528.0,2.21591
84.1667,1460.0,2.21591
84.3333,1440.0,4.88636
84.3333,1438.0,5.17045
84.3333,1426.0,5.17045
84.3333,1452.0,5.17045
84.3333,1501.0,5.17045
84.4167,1550.0,5.17045
84.5833,1607.0,4.60227
84.6667,1738.0,4.375
84.8333,1801.0,4.375
85.0,1734.0,4.375
85.1667,1610.0,4.77273
85.25,1502.0,4.77273
85.3333,1474.0,4.43182
85.3333,1581.0,4.43182
85.5,1610.0,4.43182
85.5,1602.0,4.375
85.5,1559.0,4.375
85.5,1625.0,4.375
85.5833,1663.0,4.375
85.6667,1648.0,0.681818
85.75,1594.0,4.54545
85.8333,1495.0,4.71591
86.0,1421.0,4.71591
86.0,1384.0,4.88636
86.0,1364.0,4.88636
86.0833,1414.0,1.13636
86.25,1511.0,2.32954
86.3333,1520.0,5.28409
86.5,1512.0,4.82954
86.5833,1520.0,4.14773
86.75,1502.0,4.14773
86.8333,1472.0,4.54545
87.0,1379.0,4.54545
87.0833,1142.0,4.54545
87.25,887.0,4.43182
87.4167,882.0,4.375
87.5,896.0,5.28409
87.6667,928.0,4.375
87.75,1067.0,4.20454
87.9167,1040.0,4.09091
88.0,963.0,4.26136
88.1667,963.0,4.26136
88.25,932.0,4.375
88.3333,1060.0,4.65909
88.3333,1092.0,4.65909
88.3333,1038.0,4.65909
88.3333,991.0,4.65909
88.5,1061.0,4.65909
88.5833,1090.0,4.26136
88.75,1044.0,4.26136
88.8333,1099.0,4.77273
89.0,1201.0,4.43182
89.0833,1240.0,4.375
89.25,1246.0,4.375
89.4167,1233.0,4.03409
89.5,1183.0,5.56818
89.5833,1151.0,4.31818
89.5833,1144.0,4.31818
89.6667,1177.0,1.30682
89.75,1155.0,1.30682
89.8333,1140.0,5.51136
89.8333,1162.0,5.51136
89.9167,1191.0,1.42045
90.0833,1230.0,4.03409
90.1667,1300.0,4.43182
90.3333,1372.0,4.375
90.4167,1392.0,4.43182
90.5833,1330.0,4.43182
90.75,1217.0,4.43182
90.8333,1197.0,4.82954
91.0,1287.0,4.31818
91.0,1291.0,4.09091
91.0,1399.0,4.09091
91.0,1402.0,4.09091
91.0,1274.0,4.09091
91.0833,1287.0,4.09091
91.25,1401.0,4.09091
91.3333,1508.0,4.48864
91.4167,1459.0,4.26136
91.5,1394.0,2.04545
91.5833,1402.0,4.82954
91.6667,1449.0,2.10227
91.8333,1524.0,4.20454
91.9167,1524.0,4.77273
92.0833,1457.0,4.77273
92.1667,1364.0,4.09091
92.25,1364.0,4.20454
92.3333,1415.0,4.20454
92.3333,1479.0,2.10227
92.4167,1478.0,1.42045
92.5833,1417.0,1.42045
92.6667,1331.0,4.65909
92.75,1285.0,2.32954
92.9167,1244.0,4.03409
93.0,1264.0,4.60227
93.1667,1318.0,4.60227
93.1667,1333.0,4.65909
93.25,1274.0,2.04545
93.4167,1314.0,2.21591
93.5,1417.0,5.28409
93.5833,1418.0,4.14773
93.6667,1585.0,4.14773
93.6667,1625.0,2.21591
93.6667,1620.0,2.21591
93.75,1590.0,2.21591
93.8333,1594.0,4.65909
93.9167,1619.0,4.65909
94.0833,1660.0,4.65909
94.1667,1730.0,4.77273
94.3333,1763.0,4.65909
94.4167,1678.0,4.43182
94.5833,1581.0,4.375
94.75,1600.0,4.375
94.8333,1646.0,4.54545
94.9167,1663.0,4.54545
94.9167,1731.0,4.54545
94.9167,1669.0,4.54545
95.0,1486.0,0.965909
95.0,1351.0,0.965909
95.1667,1387.0,1.53409
95.25,1451.0,4.375
95.4167,1483.0,4.65909
95.5833,1459.0,4.77273
95.6667,1466.0,4.71591
95.75,1457.0,4.03409
95.8333,1441.0,6.36363
95.9167,1441.0,6.36363
96.0833,1439.0,4.43182
96.0833,1448.0,4.43182
96.1667,1509.0,4.43182
96.1667,1496.0,1.53409
96.1667,1390.0,1.53409
96.3333,1249.0,1.53409
96.5,1109.0,4.26136
96.5833,1109.0,4.43182
96.75,1100.0,4.54545
96.9167,1122.0,4.71591
97.0,1245.0,4.375
97.1667,1337.0,4.375
97.25,1344.0,4.82954
97.4167,1397.0,4.82954
97.4167,1446.0,4.20454
97.5,1464.0,2.32954
97.5,1375.0,2.32954
97.5,1206.0,2.32954
97.5,1118.0,2.32954
97.6667,1149.0,2.32954
97.75,1213.0,4.71591
97.9167,1239.0,4.71591
98.0,1212.0,4.77273
98.1667,1140.0,4.77273
98.3333,1091.0,4.20454
98.4167,1113.0,4.20454
98.5833,1143.0,4.65909
98.6667,1161.0,4.26136
98.6667,1182.0,4.26136
98.6667,1182.0,4.26136
98.6667,1156.0,4.26136
98.75,1118.0,0.738636
98.9167,1126.0,4.26136
99.0833,1176.0,4.26136
99.1667,1178.0,4.31818
99.3333,1175.0,4.375
99.5,1176.0,4.375
99.5833,1180.0,4.31818
99.6667,1190.0,4.54545
99.6667,1259.0,4.54545
99.8333,1331.0,4.54545
99.9167,1326.0,4.60227
99.9167,1326.0,4.71591
100.0,1184.0,4.71591
100.083,1183.0,4.43182
100.167,1195.0,2.21591
100.333,1311.0,4.375
100.417,1316.0,4.48864
100.583,1293.0,4.48864
100.667,1299.0,4.54545
100.833,1300.0,4.54545
101.0,1256.0,4.48864
101.083,1295.0,4.26136
101.25,1278.0,4.14773
101.25,1262.0,4.375
101.417,1209.0,4.375
101.417,1118.0,4.375
101.5,1071.0,4.375
101.583,1071.0,1.47727
101.75,1205.0,4.03409
101.833,1355.0,4.20454
102.0,1399.0,4.20454
102.083,1403.0,4.48864
102.25,1332.0,4.48864
102.333,1250.0,4.31818
102.5,1298.0,4.31818
102.5,1303.0,4.54545
102.5,1269.0,4.54545
102.583,1241.0,1.02273
102.583,1245.0,1.02273
102.667,1266.0,1.42045
102.667,1293.0,1.42045
102.667,1298.0,1.42045
102.667,1266.0,1.42045
102.667,1223.0,1.42045
102.833,1175.0,1.42045
103.0,1163.0,1.42045
103.083,1137.0,4.31818
103.167,1129.0,4.26136
103.333,1152.0,4.31818
103.417,1178.0,4.65909
103.5,1212.0,3.80682
103.583,1238.0,2.04545
103.75,1287.0,4.71591
103.833,1287.0,4.20454
104.0,1318.0,4.09091
104.083,1286.0,4.03409
104.083,1237.0,4.03409
104.083,1198.0,4.03409
104.083,1213.0,4.03409
104.167,1259.0,4.03409
104.333,1354.0,4.03409
104.417,1466.0,3.69318
104.583,1434.0,4.71591
104.667,1388.0,4.375
104.833,1348.0,4.26136
104.833,1339.0,3.97727
104.833,1311.0,3.97727
104.917,1277.0,3.97727
105.0,1258.0,4.65909
105.083,1244.0,4.65909
105.083,1260.0,2.04545
105.083,1302.0,2.04545
105.083,1388.0,2.04545
105.083,1453.0,2.04545
105.25,1496.0,2.04545
105.333,1506.0,4.375
105.5,1516.0,4.14773
105.583,1469.0,4.60227
105.75,1351.0,4.54545
105.833,1319.0,4.20454
105.833,1289.0,3.92045
105.917,1305.0,3.92045
106.0,1327.0,1.36364
106.083,1331.0,2.15909
106.25,1274.0,2.15909
106.333,1376.0,3.92045
106.417,1480.0,3.86364
106.583,1340.0,3.92045
106.667,1294.0,4.54545
106.833,1308.0,4.54545
106.917,1320.0,3.80682
107.083,1357.0,4.14773
107.167,1412.0,4.31818
107.333,1480.0,4.31818
107.417,1525.0,3.75
107.5,1518.0,4.65909
107.583,1518.0,4.65909
107.667,1510.0,1.93182
107.75,1512.0,2.15909
107.833,1435.0,3.97727
107.917,1325.0,4.26136
107.917,1378.0,4.26136
108.083,1406.0,4.26136
108.083,1394.0,5.0
108.25,1403.0,5.0
108.333,1476.0,3.97727
108.417,1474.0,4.60227
108.583,1450.0,4.60227
108.667,1427.0,4.375
108.75,1353.0,4.375
108.833,1206.0,1.81818
109.0,1208.0,3.86364
109.083,1207.0,5.28409
109.167,1206.0,3.63636
109.25,1283.0,3.63636
109.333,1421.0,4.26136
109.333,1541.0,4.26136
109.417,1582.0,4.26136
109.5,1568.0,3.97727
109.667,1446.0,3.97727
109.75,1356.0,3.97727
109.917,1344.0,3.97727
110.0,1388.0,3.69318
110.083,1452.0,4.88636
110.25,1445.0,4.88636
110.333,1442.0,4.60227
110.5,1446.0,4.09091
110.583,1481.0,3.69318
110.667,1514.0,4.20454
110.75,1521.0,3.69318
110.833,1524.0,3.69318
110.917,1518.0,4.31818
110.917,1488.0,4.31818
110.917,1481.0,4.31818
111.083,1485.0,4.31818
111.083,1508.0,3.63636
111.25,1540.0,3.63636
111.333,1522.0,4.03409
111.417,1480.0,3.23864
111.583,1480.0,4.20454
111.667,1412.0,3.69318
111.75,1432.0,3.97727
111.833,1509.0,3.18182
111.917,1535.0,3.18182
112.083,1575.0,3.18182
112.083,1596.0,3.63636
112.167,1583.0,3.63636
112.333,1576.0,3.63636
112.417,1519.0,3.97727
112.417,1455.0,3.92045
112.5,1453.0,1.76136
112.583,1397.0,1.76136
112.583,1371.0,1.875
112.667,1384.0,1.98864
112.833,1385.0,3.52273
112.917,1428.0,3.97727
113.083,1520.0,3.97727
113.167,1583.0,3.92045
113.25,1662.0,3.97727
113.417,1676.0,3.97727
113.5,1605.0,4.26136
113.667,1600.0,4.26136
113.75,1626.0,3.92045
113.833,1554.0,3.80682
113.833,1454.0,3.80682
113.917,1458.0,3.80682
114.0,1478.0,3.80682
114.083,1473.0,3.80682
114.167,1472.0,1.98864
114.25,1482.0,4.03409
114.417,1483.0,4.03409
114.5,1520.0,4.94318
114.583,1599.0,4.48864
114.75,1622.0,4.48864
114.833,1654.0,4.375
114.833,1703.0,4.375
114.917,1729.0,1.81818
115.0,1722.0,1.98864
115.083,1625.0,4.31818
115.083,1503.0,4.31818
115.083,1519.0,4.31818
115.25,1519.0,4.31818
115.25,1537.0,3.69318
115.333,1532.0,3.69318
115.417,1497.0,3.86364
115.583,1506.0,3.86364
115.667,1547.0,3.97727
115.75,1569.0,4.09091
115.917,1576.0,4.03409
116.0,1572.0,3.75
116.083,1565.0,3.52273
116.25,1551.0,3.63636
116.25,1529.0,4.26136
116.333,1501.0,1.875
116.417,1424.0,3.46591
116.5,1401.0,3.46591
116.583,1395.0,1.76136
116.667,1396.0,3.63636
116.833,1403.0,3.63636
116.917,1471.0,3.06818
117.083,1528.0,3.80682
117.083,1501.0,4.60227
117.167,1459.0,4.60227
117.25,1432.0,3.86364
117.333,1474.0,3.80682
117.5,1546.0,3.80682
117.583,1605.0,3.86364
117.75,1607.0,3.86364
117.833,1661.0,3.80682
117.917,1687.0,4.03409
117.917,1705.0,4.03409
118.0,1713.0,1.76136
118.083,1694.0,1.76136
118.083,1645.0,1.81818
118.25,1648.0,1.875
118.333,1655.0,3.92045
118.333,1644.0,3.46591
118.417,1675.0,3.46591
118.5,1689.0,1.25
118.583,1713.0,3.52273
118.667,1730.0,3.01136
118.75,1705.0,4.54545
118.833,1676.0,4.54545
118.917,1670.0,4.26136
119.083,1670.0,4.26136
119.167,1659.0,4.375
119.25,1656.0,3.63636
119.333,1596.0,3.69318
119.5,1564.0,3.57954
119.5,1589.0,2.95454
119.583,1666.0,1.875
119.583,1722.0,1.875
119.75,1740.0,1.875
119.75,1724.0,3.57954
119.75,1643.0,3.57954
119.833,1585.0,1.19318
119.917,1585.0,3.46591
120.0,1555.0,3.46591
120.083,1560.0,1.64773
120.167,1576.0,3.46591
120.25,1597.0,3.80682
120.333,1621.0,2.67045
120.5,1641.0,2.67045
120.583,1633.0,3.46591
120.667,1615.0,3.52273
120.75,1608.0,2.72727
120.75,1638.0,2.72727
120.917,1637.0,2.72727
120.917,1614.0,3.52273
121.0,1556.0,3.52273
121.0,1496.0,1.76136
121.0,1519.0,1.76136
121.0,1563.0,1.76136
121.0,1582.0,1.76136
121.083,1579.0,1.76136
121.167,1598.0,3.69318
121.25,1585.0,2.95454
121.333,1539.0,3.52273
121.5,1453.0,3.52273
121.583,1450.0,3.92045
121.583,1472.0,3.52273
121.667,1508.0,1.59091
121.667,1602.0,1.59091
121.833,1569.0,1.64773
121.917,1580.0,3.69318
122.0,1618.0,3.35227
122.0,1648.0,2.67045
122.083,1648.0,1.76136
122.083,1654.0,1.76136
122.083,1604.0,1.76136
122.083,1600.0,1.76136
122.167,1624.0,1.76136
122.25,1640.0,0.625
122.25,1603.0,3.52273
122.333,1572.0,1.59091
122.5,1581.0,3.46591
122.583,1612.0,3.57954
122.667,1614.0,3.23864
122.75,1563.0,3.29545
122.833,1485.0,3.40909
122.917,1459.0,3.40909
122.917,1406.0,3.40909
123.0,1406.0,3.40909
123.083,1594.0,1.02273
123.167,1683.0,3.01136
123.25,1707.0,3.46591
123.25,1678.0,3.46591
123.25,1625.0,3.46591
123.25,1566.0,3.46591
123.25,1569.0,3.46591
123.333,1627.0,0.568182
123.417,1678.0,3.40909
123.417,1729.0,3.40909
123.417,1693.0,3.40909
123.583,1576.0,3.40909
123.667,1542.0,3.52273
123.75,1549.0,3.29545
123.75,1584.0,3.29545
123.833,1693.0,1.53409
123.833,1765.0,1.53409
123.917,1756.0,1.53409
124.0,1739.0,1.13636
124.083,1750.0,3.57954
124.167,1761.0,2.89773
124.333,1774.0,2.89773
124.333,1781.0,3.57954
124.333,1737.0,3.57954
124.417,1555.0,3.57954
124.5,1476.0,3.69318
124.583,1476.0,3.40909
124.583,1471.0,3.40909
124.583,1475.0,3.40909
124.667,1545.0,3.40909
124.75,1559.0,3.69318
124.833,1572.0,3.35227
125.0,1604.0,3.35227
125.0,1659.0,3.46591
125.083,1761.0,3.46591
125.167,1807.0,1.42045
125.25,1769.0,3.18182
125.333,1641.0,2.84091
125.417,1423.0,3.40909
125.417,1334.0,3.40909
125.5,1318.0,1.64773
125.667,1350.0,2.78409
125.667,1382.0,3.06818
125.75,1579.0,3.06818
125.833,1679.0,1.59091
125.917,1765.0,3.18182
126.0,1814.0,2.95454
126.0,1701.0,2.95454
126.083,1655.0,1.47727
126.167,1650.0,3.23864
126.333,1642.0,3.35227
126.417,1572.0,3.57954
126.5,1466.0,3.125
126.5,1463.0,3.18182
126.5,1480.0,3.18182
126.583,1500.0,3.18182
126.667,1468.0,3.18182
126.75,1423.0,3.35227
126.833,1469.0,3.01136
126.833,1568.0,3.01136
126.917,1584.0,1.47727
127.0,1565.0,3.06818
127.083,1605.0,3.01136
127.167,1680.0,2.61364
127.167,1731.0,2.61364
127.167,1675.0,2.61364
127.25,1636.0,2.61364
127.25,1626.0,0.795454
127.25,1649.0,0.795454
127.333,1649.0,0.795454
127.417,1673.0,3.01136
127.5,1665.0,3.01136
127.583,1674.0,3.01136
127.583,1701.0,3.01136
127.583,1746.0,3.01136
127.583,1748.0,3.01136
127.667,1737.0,0.738636
127.75,1759.0,3.46591
127.75,1763.0,3.46591
127.833,1765.0,1.42045
128.0,1777.0,2.84091
128.083,1742.0,3.125
128.083,1586.0,2.78409
128.083,1531.0,2.78409
128.167,1539.0,2.78409
128.25,1578.0,0.965909
128.333,1689.0,3.06818
128.417,1838.0,3.40909
128.5,1841.0,2.44318
128.583,1815.0,3.75
128.667,1842.0,2.72727
128.75,1831.0,3.01136
128.833,1752.0,2.67045
128.917,1761.0,3.29545
129.0,1732.0,2.89773
129.083,1722.0,2.95454
129.167,1742.0,3.125
129.167,1775.0,3.125
129.25,1774.0,1.36364
129.333,1783.0,3.06818
129.417,1796.0,3.01136
129.5,1923.0,2.78409
129.5,1895.0,2.78409
129.583,1872.0,1.36364
129.583,1924.0,1.36364
129.583,2068.0,1.36364
129.667,2086.0,0.965909
129.75,2082.0,3.40909
129.833,2075.0,2.84091
129.833,2020.0,2.84091
129.833,1970.0,2.84091
129.917,1946.0,0.965909
130.0,1946.0,2.78409
130.083,1946.0,2.78409
130.167,1849.0,2.95454
130.25,1838.0,2.5
130.333,1928.0,2.72727
130.333,2011.0,2.72727
130.333,2097.0,2.72727
130.417,2206.0,0.965909
130.5,2207.0,2.55682
130.5,2163.0,2.55682
130.583,2128.0,1.36364
130.667,2112.0,1.36364
130.75,2066.0,3.35227
130.833,2079.0,3.35227
130.833,2132.0,2.5
130.833,2132.0,2.5
130.917,2059.0,2.5
131.0,1997.0,0.852273
131.0,1990.0,2.67045
131.0,1969.0,2.67045
131.083,1899.0,1.19318
131.167,1900.0,3.23864
131.25,1921.0,2.67045
131.333,1912.0,2.67045
131.417,1854.0,2.21591
131.5,1859.0,2.84091
131.583,1898.0,2.44318
131.583,1967.0,2.38636
131.583,1976.0,2.38636
131.667,1887.0,2.38636
131.75,1842.0,3.23864
131.833,1868.0,3.23864
131.917,1871.0,2.38636
131.917,1844.0,2.38636
131.917,1851.0,2.38636
132.0,1870.0,1.13636
132.083,1851.0,1.13636
132.167,1843.0,2.10227
132.25,1801.0,2.55682
132.25,1734.0,2.21591
132.25,1718.0,2.21591
132.25,1712.0,2.21591
132.333,1712.0,2.21591
132.333,1695.0,0.738636
132.333,1638.0,0.738636
132.417,1580.0,1.13636
132.417,1605.0,1.13636
132.417,1627.0,1.13636
132.417,1668.0,1.13636
132.5,1636.0,0.681818
132.583,1559.0,0.681818
132.583,1493.0,1.875
132.667,1504.0,2.38636
132.75,1560.0,2.38636
132.75,1630.0,1.76136
132.833,1704.0,1.98864
132.917,1745.0,1.98864
132.917,1731.0,1.81818
132.917,1687.0,1.81818
133.0,1641.0,1.81818
133.0,1608.0,0.965909
133.0,1670.0,0.965909
133.083,1768.0,0.965909
133.083,1842.0,0.909091
133.167,1848.0,2.10227
133.25,1811.0,2.10227
133.25,1841.0,2.04545
133.333,1874.0,1.70455
133.417,1916.0,1.70455
133.417,1989.0,1.98864
133.5,2045.0,1.64773
133.5,2039.0,1.64773
133.5,2153.0,1.64773
133.583,2195.0,1.64773
133.667,2188.0,0.852273
133.667,2177.0,2.21591
133.667,2126.0,2.21591
133.667,2055.0,2.21591
133.75,2034.0,0.852273
133.833,2051.0,0.852273
133.833,2009.0,1.64773
133.917,1952.0,1.64773
133.917,1921.0,1.76136
134.0,1995.0,1.64773
134.0,2028.0,1.64773
134.083,2028.0,1.53409
134.167,2036.0,2.15909
134.167,2097.0,2.15909
134.25,2142.0,1.70455
134.25,2101.0,1.70455
134.333,2061.0,1.42045
134.417,2037.0,1.42045
134.417,2047.0,1.81818
134.5,2000.0,1.64773
134.583,1994.0,1.64773
134.583,2033.0,1.81818
134.667,2057.0,1.81818
134.667,2046.0,1.64773
134.75,2054.0,1.64773
134.75,2071.0,1.64773
134.833,2072.0,1.64773
134.833,2076.0,1.64773
134.833,2097.0,1.64773
134.917,2084.0,1.64773
134.917,2069.0,0.795454
135.0,2057.0,0.795454
135.0,2062.0,1.53409
135.083,2089.0,1.59091
135.083,2135.0,1.59091
135.083,2223.0,1.59091
135.083,2213.0,1.59091
135.167,2189.0,0.738636
135.167,2168.0,0.738636
135.167,2120.0,0.738636
135.167,2096.0,0.738636
135.167,2031.0,0.738636
135.25,2075.0,0.738636
135.25,2074.0,0.511364
135.25,2062.0,0.511364
135.333,2141.0,1.25
135.417,2212.0,1.25
135.417,2340.0,1.81818
135.5,2427.0,1.81818
135.5,2430.0,1.36364
135.583,2356.0,1.70455
135.583,2303.0,1.70455
135.667,2300.0,1.53409
135.667,2304.0,1.53409
135.75,2304.0,1.53409
135.75,2262.0,1.53409
135.833,2229.0,1.53409
135.833,2135.0,1.25
135.917,2064.0,1.875
135.917,2039.0,1.875
136.0,2065.0,1.36364
136.0,2153.0,1.36364
136.083,2231.0,1.42045
136.167,2290.0,1.42045
136.167,2266.0,1.76136
136.25,2163.0,1.76136
136.25,2144.0,1.53409
136.333,2140.0,1.53409
136.333,2126.0,1.36364
136.417,2059.0,1.36364
136.417,2038.0,1.36364
136.5,2008.0,1.36364
136.5,1984.0,1.47727
136.583,2051.0,1.47727
136.583,2125.0,1.25
136.583,2159.0,1.25
136.667,2179.0,1.36364
136.667,2205.0,1.36364
136.75,2232.0,1.19318
136.75,2265.0,1.19318
136.833,2249.0,1.53409
136.833,2258.0,1.53409
136.917,2266.0,1.53409
136.917,2292.0,1.25
137.0,2317.0,1.25
137.0,2336.0,1.36364
137.083,2343.0,1.36364
137.083,2284.0,1.36364
137.083,2261.0,1.36364
137.167,2322.0,1.36364
137.167,2362.0,1.02273
137.25,2335.0,1.02273
137.25,2316.0,1.47727
137.333,2350.0,1.47727
137.333,2473.0,1.30682
137.417,2526.0,1.30682
137.417,2526.0,1.25
137.417,2516.0,1.25
137.5,2543.0,1.13636
137.5,2484.0,1.13636
137.583,2415.0,1.13636
137.583,2330.0,1.13636
137.583,2287.0,1.13636
137.667,2285.0,1.19318
137.667,2376.0,1.19318
137.75,2364.0,1.19318
137.75,2332.0,1.07955
137.75,2348.0,1.07955
137.833,2420.0,1.07955
137.833,2467.0,1.07955
137.833,2505.0,1.07955
137.917,2504.0,1.07955
137.917,2412.0,1.07955
138.0,2296.0,1.07955
138.0,2337.0,1.13636
138.0,2338.0,1.13636
138.083,2319.0,1.07955
138.083,2364.0,1.07955
138.083,2303.0,1.07955
138.167,2262.0,0.965909
138.167,2275.0,0.965909
138.167,2339.0,0.965909
138.25,2379.0,0.965909
138.25,2363.0,0.965909
138.25,2374.0,0.965909
138.333,2365.0,0.965909
138.333,2269.0,0.965909
138.417,2346.0,0.965909
138.417,2397.0,0.965909
138.417,2336.0,0.965909
138.417,2173.0,0.965909
138.5,2238.0,0.852273
138.5,2322.0,0.852273
138.5,2300.0,0.852273
138.583,2276.0,0.852273
138.583,2232.0,0.852273
138.583,2190.0,0.852273
138.667,2182.0,0.852273
138.667,2182.0,0.909091
138.667,2182.0,0.909091
138.667,2169.0,0.909091
138.75,2106.0,0.795454
138.75,2010.0,0.795454
138.75,1978.0,0.795454
138.75,1952.0,0.795454
138.833,1887.0,0.738636
138.833,1841.0,0.738636
138.833,1780.0,0.738636
138.833,1688.0,0.738636
138.917,1447.0,0.738636
138.917,1243.0,0.625
138.917,1024.0,0.625
138.917,804.0,0.625
138.917,655.0,0.625
138.917,524.0,0.625
138.917,391.0,0.625
138.917,298.0,0.625
138.917,268.0,0.625
138.917,254.0,0.625
138.917,227.0,0.625
138.917,207.0,0.625
138.917,168.0,0.625
138.917,70.0,0.625
138.917,10.0,0.625
138.917,0.0,0.625
138.917,2.0,0.625
138.917,32.0,0.625
138.917,131.0,0.625
138.917,337.0,0.625
138.917,545.0,0.625
138.917,731.0,0.625
138.917,1010.0,0.625
138.917,1181.0,0.625
138.917,1299.0,0.625
138.917,1414.0,0.625
138.917,1576.0,0.625
138.917,1789.0,0.625
138.917,1920.0,0.625
138.917,2020.0,0.625
138.917,2110.0,0.625
138.917,2241.0,0.625
138.917,2250.0,0.625
138.917,2250.0,0.625
138.917,2304.0,0.625
138.917,2287.0,0.625
138.917,2237.0,0.625
138.917,2214.0,0.625
138.917,2221.0,0.625
138.917,2239.0,0.625
138.917,2301.0,0.625
138.917,2374.0,0.625
138.917,2382.0,0.625
138.917,2378.0,0.625
138.917,2391.0,0.625
138.917,2476.0,0.625
138.917,2482.0,0.625
138.917,2481.0,0.625
138.917,2491.0,0.625
138.917,2528.0,0.625
138.917,2557.0,0.625
138.917,2582.0,0.625
138.917,2609.0,0.625
138.917,2647.0,0.625
138.917,2705.0,0.0
138.917,2706.0,0.0
138.917,2697.0,0.0
138.917,2696.0,0.0
138.917,2733.0,0.0
138.917,2721.0,0.0
138.917,2697.0,0.0
138.917,2697.0,0.0
138.917,2667.0,0.0
138.917,2658.0,0.0
138.917,2672.0,0.0
138.917,2719.0,0.0
138.917,2757.0,0.0
138.917,2777.0,0.0
138.917,2724.0,0.0
138.917,2679.0,0.0
138.917,2670.0,0.0
138.917,2650.0,0.0
138.917,2630.0,0.0
138.917,2628.0,0.0
138.917,2623.0,0.0
138.917,2623.0,0.0
138.917,2625.0,0.0
138.917,2638.0,0.0
138.917,2644.0,0.0
138.917,2648.0,0.0
138.917,2641.0,0.0
138.917,2601.0,0.0
138.917,2480.0,0.0
138.917,2368.0,0.0
138.917,2282.0,0.0
138.917,2169.0,0.0
138.917,1937.0,0.0
138.917,1696.0,0.0
138.917,1375.0,0.0
138.917,1022.0,0.0
138.917,624.0,0.0
138.917,322.0,0.0
138.917,184.0,0.0
138.917,121.0,0.0
138.917,86.0,0.0
138.917,64.0,0.0
138.917,45.0,0.0
138.917,23.0,0.0
138.917,0.0,0.0
138.917,0.0,0.0
138.917,0.0,0.0
138.917,0.0,0.0
138.917,0.0,0.0
138.917,0.0,0.0
138.917,0.0,0.0
138.917,0.0,0.0
138.917,0.0,0.0
138.917,0.0,0.0
138.917,0.0,0.0
138.917,0.0,0.0
138.917,0.0,0.0
138.917,0.0,0.0
138.917,0.0,0.0
138.917,0.0,0.0
138.917,0.0,0.0
138.917,0.0,0.0
138.917,0.0,0.0
138.917,0.0,0.0
138.917,0.0,0.0
138.917,0.0,0.0
138.917,0.0,0.0
138.917,0.0,0.0
138.917,0.0,0.0
138.917,0.0,0.0
138.917,0.0,0.0
138.917,0.0,0.0
138.917,0.0,0.0
138.917,0.0,0.0
138.917,0.0,0.0
138.917,0.0,0.0
138.917,0.0,0.0
138.917,0.0,0.0
138.917,0.0,0.0
138.917,0.0,0.0
138.917,0.0,0.0
138.917,0.0,0.0
138.917,0.0,0.0
138.917,0.0,0.0
138.917,0.0,0.0
138.917,0.0,0.0
138.917,0.0,0.0
138.917,0.0,0.0
138.917,0.0,0.0
138.917,0.0,0.0
138.917,0.0,0.0
138.917,0.0,0.0
138.917,0.0,0.0
138.917,0.0,0.0
138.917,0.0,0.0
138.917,0.0,0.0
138.917,0.0,0.0
138.917,0.0,0.0
138.917,0.0,0.0
138.917,0.0,0.0
138.917,0.0,0.0
138.917,0.0,0.0
138.917,0.0,0.0
138.917,0.0,0.0
138.917,0.0,0.0
138.917,0.0,0.0
138.917,0.0,0.0
138.917,0.0,0.0
138.917,0.0,0.0
138.917,0.0,0.0
138.917,0.0,0.0
138.917,0.0,0.0
138.917,0.0,0.0
138.917,0.0,0.0
138.917,0.0,0.0
138.917,0.0,0.0
138.917,0.0,0.0
138.917,0.0,0.0
138.917,0.0,0.0
138.917,0.0,0.0
138.917,0.0,0.0
138.917,0.0,0.0
138.917,0.0,0.0
138.917,0.0,0.0
138.917,0.0,0.0
138.917,0.0,0.0
138.917,0.0,0.0
138.917,0.0,0.0
138.917,0.0,0.0
138.917,0.0,0.0
138.917,0.0,0.0
138.917,0.0,0.0
138.917,0.0,0.0
138.917,0.0,0.0
138.917,0.0,0.0
138.917,0.0,0.0
138.917,0.0,0.0
138.917,0.0,0.0
138.917,0.0,0.0
138.917,0.0,0.0
138.917,0.0,0.0
138.917,0.0,0.0
138.917,0.0,0.0
138.917,0.0,0.0
138.917,0.0,0.0
138.917,0.0,0.0
138.917,0.0,0.0
138.917,0.0,0.0
138.917,0.0,0.0
138.917,0.0,0.0
138.917,0.0,0.0
138.917,0.0,0.0
138.917,0.0,0.0
138.917,0.0,0.0
138.917,0.0,0.0
138.917,0.0,0.0
138.917,0.0,0.0
138.917,0.0,0.0
138.917,0.0,0.0
138.917,0.0,0.0
138.917,0.0,0.0
138.917,0.0,0.0
138.917,0.0,0.0
138.917,0.0,0.0
138.917,0.0,0.0
138.917,0.0,0.0
138.917,0.0,0.0
138.917,0.0,0.0
138.917,0.0,0.0
138.917,0.0,0.0
138.917,0.0,0.0
138.917,0.0,0.0
138.917,0.0,0.0
138.917,0.0,0.0
138.917,0.0,0.0
138.917,0.0,0.0
138.917,0.0,0.0
138.917,0.0,0.0
138.917,0.0,0.0
138.917,0.0,0.0
138.917,0.0,0.0
138.917,0.0,0.0
138.917,0.0,0.0
138.917,0.0,0.0
138.917,0.0,0.0
138.917,0.0,0.0
138.917,0.0,0.0
138.917,0.0,0.0
138.917,0.0,0.0
138.917,0.0,0.0
138.917,0.0,0.0
138.917,0.0,0.0
138.917,0.0,0.0
138.917,0.0,0.0
138.917,0.0,0.0
138.917,0.0,0.0
138.917,0.0,0.0
138.917,0.0,0.0
138.917,0.0,0.0
138.917,0.0,0.0
138.917,0.0,0.0
138.917,0.0,0.0
138.917,0.0,0.0
138.917,0.0,0.0
138.917,0.0,0.0
138.917,0.0,0.0
138.917,0.0,0.0
138.917,0.0,0.0
138.917,0.0,0.0
