0.0,0.0,0.0
0.0,0.0,0.0
0.0,0.0,0.0
0.0,0.0,0.0
0.0,0.0,0.0
0.0,0.0,0.0
0.0,0.0,0.0
0.0,0.0,0.0
0.0,0.0,0.0
0.0,0.0,0.0
0.0,0.0,0.0
0.0,0.0,0.0
0.0,0.0,0.0
0.0,0.0,0.0
0.0,0.0,0.0
0.0,0.0,0.0
0.0,0.0,0.0
0.0,0.0,0.0
0.0,0.0,0.0
0.0,0.0,0.0
0.0,0.0,0.0
0.0,0.0,0.0
0.0,0.0,0.0
0.0,0.0,0.0
0.0,1.0,0.0
0.0,0.0,0.0
0.0,0.0,0.0
0.0,0.0,0.0
0.0,0.0,0.0
0.0,0.0,0.0
0.0,0.0,0.0
0.0,0.0,0.0
0.0,0.0,0.0
0.0,1.0,0.0
0.0,0.0,0.0
0.0,0.0,0.0
0.0,0.0,0.0
0.0,0.0,0.0
0.0,0.0,0.0
0.0,0.0,0.0
0.0,0.0,0.0
0.0,1.0,0.0
0.0,0.0,0.0
0.0,0.0,0.0
0.0,0.0,0.0
0.0,0.0,0.0
0.0,0.0,0.0
0.0,0.0,0.0
0.0,0.0,0.0
0.0,0.0,0.0
0.0,0.0,0.0
0.0,0.0,0.0
0.0,0.0,0.0
0.0,0.0,0.0
0.0,0.0,0.0
0.0,0.0,0.0
0.0,1.0,0.0
0.0,0.0,0.0
0.0,0.0,0.0
0.0,0.0,0.0
0.0,0.0,0.0
0.0,0.0,0.0
0.0,0.0,0.0
0.0,0.0,0.0
0.0,0.0,0.0
0.0,0.0,0.0
0.0,0.0,0.0
0.0,0.0,0.0
0.0,0.0,0.0
0.0,0.0,0.0
0.0,0.0,0.0
0.0,1.0,0.0
0.0,1.0,0.0
0.0,0.0,0.0
0.0,1.0,0.0
0.0,0.0,0.0
0.0,0.0,0.0
0.0,0.0,0.0
0.0,0.0,0.0
0.0,0.0,0.0
0.0,0.0,0.0
0.0,0.0,0.0
0.0,0.0,0.0
0.0,0.0,0.0
0.0,0.0,0.0
0.0,0.0,0.0
0.0,0.0,0.0
0.0,0.0,0.0
0.0,0.0,0.0
0.0,0.0,0.0
0.0,0.0,0.0
0.0,0.0,0.0
0.0,0.0,0.0
0.0,0.0,0.0
0.0,0.0,0.0
0.0,0.0,0.0
0.0,0.0,0.0
0.0,0.0,0.0
0.0,0.0,0.0
0.0,0.0,0.0
0.0,0.0,0.0
0.0,0.0,0.0
0.0,0.0,0.0
0.0,0.0,0.0
0.0,0.0,0.0
0.0,0.0,0.0
0.0,0.0,0.0
0.0,0.0,0.0
0.0,0.0,0.0
0.0,0.0,0.0
0.0,0.0,0.0
0.0,0.0,0.0
0.0,0.0,0.0
0.0,0.0,0.0
0.0,0.0,0.0
0.0,0.0,0.0
0.0,0.0,0.0
0.0,0.0,0.0
0.0,0.0,0.0
0.0,0.0,0.0
0.0,0.0,0.0
0.0,0.0,0.0
0.0,0.0,0.0
0.0,0.0,0.0
0.0,0.0,0.0
0.0,0.0,0.0
0.0,0.0,0.0
0.0,0.0,0.0
0.0,0.0,0.0
0.0,0.0,0.0
0.0,0.0,0.0
0.0,0.0,0.0
0.0,0.0,0.0
0.0,0.0,0.0
0.0,0.0,0.0
0.0,0.0,0.0
0.0,0.0,0.0
0.0,0.0,0.0
0.0,0.0,0.0
0.0,1.0,0.0
0.0,0.0,0.0
0.0,0.0,0.0
0.0,0.0,0.0
0.0,0.0,0.0
0.0,0.0,0.0
0.0,0.0,0.0
0.0,0.0,0.0
0.0,0.0,0.0
0.0,0.0,0.0
0.0,0.0,0.0
0.0,0.0,0.0
0.0,0.0,0.0
0.0,0.0,0.0
0.0,0.0,0.0
0.0,0.0,0.0
0.0,0.0,0.0
0.0,0.0,0.0
0.0,0.0,0.0
0.0,0.0,0.0
0.0,0.0,0.0
0.0,0.0,0.0
0.0,0.0,0.0
0.0,0.0,0.0
0.0,0.0,0.0
0.0,0.0,0.0
0.0,0.0,0.0
0.0,0.0,0.0
0.0,0.0,0.0
0.0,0.0,0.0
0.0,0.0,0.0
0.0,0.0,0.0
0.0,0.0,0.0
0.0,0.0,0.0
0.0,0.0,0.0
0.0,0.0,0.0
0.0,0.0,0.0
0.0,0.0,0.0
0.0,0.0,0.0
0.0,0.0,0.0
0.0,1.0,0.0
0.0,0.0,0.0
0.0,0.0,0.0
0.0,0.0,0.0
0.0,0.0,0.0
0.0,0.0,0.0
0.0,0.0,0.0
0.0,0.0,0.0
0.0,1.0,0.0
0.0,0.0,0.0
0.0,0.0,0.0
0.0,0.0,0.0
0.0,0.0,0.0
0.0,0.0,0.0
0.0,0.0,0.0
0.0,0.0,0.0
0.0,0.0,0.0
0.0,0.0,0.0
0.0,0.0,0.0
0.0,0.0,0.0
0.0,0.0,0.0
0.0,0.0,0.0
0.0,0.0,0.0
0.0,24.0,0.0
0.0,48.0,0.0
0.0,76.0,0.0
0.0,112.0,0.0
0.0,203.0,0.0
0.0,256.0,0.0
0.0,293.0,0.0
0.0,313.0,0.0
0.0,315.0,0.0
0.0,315.0,0.0
0.0,318.0,0.0
0.0,318.0,0.0
0.0,324.0,0.0
0.0,330.0,0.0
0.0,332.0,0.0
0.0,332.0,0.0
0.0,332.0,0.0
0.0,330.0,0.0
0.0,332.0,0.0
0.0,334.0,0.0
0.0,338.0,0.0
0.0,341.0,0.0
0.0,346.0,0.0
0.0,349.0,0.0
0.0,354.0,0.0
0.0,354.0,0.0
0.0,362.0,0.0
0.0,366.0,0.0
0.0,370.0,0.0
0.0,374.0,0.0
0.0,376.0,0.0
0.0,373.0,0.0
0.0,369.0,0.0
0.0,365.0,0.0
0.0,365.0,0.0
0.0,364.0,0.0
0.0,364.0,0.0
0.0,363.0,0.0
0.0,362.0,0.0
0.0,365.0,0.0
0.0,371.0,0.0
0.0,371.0,0.0
0.0,382.0,0.0
0.0,393.0,0.0
0.0,403.0,0.0
0.0,417.0,0.0
0.0,430.0,0.0
0.0,445.0,0.0
0.0,474.0,0.0
0.0,489.0,0.0
0.0,488.0,0.0
0.0,493.0,0.0
0.0,499.0,0.0
0.0,504.0,0.0
0.0,503.0,0.0
0.0,502.0,0.0
0.0,501.0,0.0
0.0,499.0,0.0
0.0,501.0,0.0
0.0,501.0,0.0
0.0,502.0,0.0
0.0,512.0,0.0
0.0,545.0,0.0
0.0,558.0,0.0
0.0,566.0,0.0
0.0,575.0,0.0
0.0,587.0,0.0
0.0,593.0,0.0
0.0,615.0,0.0
0.0,661.0,0.0
0.0,693.0,0.0
0.0,733.0,0.0
0.0,724.0,0.0
0.0833333,695.0,0.0
0.0833333,665.0,0.0568182
0.0833333,647.0,0.0568182
0.0833333,671.0,0.0568182
0.0833333,703.0,0.0568182
0.0833333,737.0,0.0568182
0.0833333,762.0,0.0568182
0.0833333,778.0,0.0568182
0.0833333,779.0,0.0568182
0.0833333,740.0,0.0568182
0.0833333,740.0,0.0568182
0.0833333,700.0,0.0568182
0.0833333,715.0,0.0568182
0.0833333,791.0,0.0568182
0.0833333,860.0,0.0568182
0.0833333,882.0,0.0568182
0.0833333,838.0,0.0568182
0.0833333,797.0,0.0568182
0.0833333,826.0,0.0568182
0.0833333,884.0,0.0568182
0.0833333,947.0,0.0568182
0.0833333,980.0,0.0568182
0.0833333,968.0,0.0568182
0.0833333,968.0,0.0568182
0.0833333,925.0,0.0568182
0.0833333,812.0,0.0568182
0.166667,806.0,0.0568182
0.166667,859.0,0.0568182
0.166667,945.0,0.0568182
0.166667,1052.0,0.0568182
0.166667,1057.0,0.0568182
0.166667,984.0,0.0568182
0.166667,910.0,0.0568182
0.166667,879.0,0.0568182
0.166667,945.0,0.0568182
0.166667,1010.0,0.0568182
0.166667,1054.0,0.0568182
0.166667,1054.0,0.0568182
0.166667,938.0,0.0568182
0.166667,807.0,0.0568182
0.166667,739.0,0.0568182
0.25,755.0,0.170455
0.25,883.0,0.170455
0.25,1067.0,0.170455
0.25,1062.0,0.170455
0.25,980.0,0.170455
0.25,877.0,0.170455
0.25,810.0,0.170455
0.25,862.0,0.170455
0.25,902.0,0.170455
0.25,997.0,0.170455
0.25,1001.0,0.170455
0.25,931.0,0.170455
0.25,931.0,0.170455
0.25,833.0,0.170455
0.25,779.0,0.170455
0.333333,825.0,0.170455
0.333333,1035.0,0.170455
0.333333,1103.0,0.170455
0.333333,1060.0,0.170455
0.333333,947.0,0.170455
0.333333,855.0,0.170455
0.333333,943.0,0.170455
0.333333,1068.0,0.170455
0.333333,1162.0,0.170455
0.333333,1168.0,0.170455
0.333333,990.0,0.170455
0.333333,891.0,0.170455
0.333333,920.0,0.170455
0.333333,1029.0,0.170455
0.333333,1204.0,0.170455
0.416667,1154.0,0.170455
0.416667,1014.0,0.170455
0.416667,901.0,0.170455
0.416667,955.0,0.170455
0.416667,1141.0,0.170455
0.416667,1236.0,0.170455
0.416667,1221.0,0.170455
0.416667,1164.0,0.170455
0.416667,1036.0,0.170455
0.416667,1096.0,0.170455
0.416667,1186.0,0.170455
0.5,1228.0,0.284091
0.5,1106.0,0.284091
0.5,1064.0,0.284091
0.5,1116.0,0.284091
0.5,1182.0,0.284091
0.5,1200.0,0.284091
0.5,1158.0,0.284091
0.5,1167.0,0.284091
0.583333,1187.0,0.284091
0.583333,1197.0,0.340909
0.583333,1239.0,0.340909
0.583333,1244.0,0.340909
0.583333,1283.0,0.340909
0.583333,1315.0,0.340909
0.583333,1315.0,0.340909
0.666667,1325.0,0.340909
0.666667,1323.0,0.397727
0.666667,1299.0,0.397727
0.666667,1230.0,0.397727
0.666667,1171.0,0.397727
0.666667,1263.0,0.397727
0.75,1402.0,0.397727
0.75,1488.0,0.454545
0.75,1486.0,0.454545
0.75,1401.0,0.454545
0.75,1364.0,0.454545
0.75,1363.0,0.454545
0.75,1306.0,0.454545
0.833333,1292.0,0.454545
0.833333,1370.0,0.454545
0.833333,1422.0,0.454545
0.833333,1427.0,0.454545
0.916667,1414.0,0.454545
0.916667,1379.0,0.625
0.916667,1399.0,0.625
0.916667,1404.0,0.625
0.916667,1388.0,0.625
1.0,1380.0,0.625
1.0,1395.0,0.625
1.0,1392.0,0.625
1.0,1391.0,0.625
1.08333,1318.0,0.625
1.08333,1370.0,0.625
1.08333,1470.0,0.625
1.08333,1534.0,0.625
1.16667,1560.0,0.625
1.16667,1586.0,0.681818
1.16667,1627.0,0.681818
1.16667,1634.0,0.681818
1.25,1591.0,0.681818
1.25,1443.0,0.738636
1.25,1329.0,0.738636
1.25,1324.0,0.738636
1.33333,1328.0,0.738636
1.33333,1327.0,0.738636
1.33333,1324.0,0.738636
1.33333,1324.0,0.738636
1.41667,1318.0,0.795454
1.41667,1318.0,0.795454
1.41667,1321.0,0.795454
1.41667,1332.0,0.795454
1.41667,1350.0,0.795454
1.41667,1359.0,0.795454
1.41667,1370.0,0.795454
1.41667,1377.0,0.795454
1.41667,1376.0,0.795454
1.41667,1355.0,0.795454
1.41667,1318.0,0.795454
1.41667,1231.0,0.795454
1.41667,1209.0,0.795454
1.41667,1215.0,0.795454
1.41667,1241.0,0.795454
1.41667,1272.0,0.795454
1.41667,1334.0,0.795454
1.41667,1410.0,0.795454
1.41667,1431.0,0.795454
1.41667,1414.0,0.795454
1.41667,1363.0,0.795454
1.41667,1264.0,0.795454
1.41667,1232.0,0.795454
1.41667,1214.0,0.795454
1.41667,1207.0,0.795454
1.41667,1205.0,0.795454
1.5,1217.0,0.795454
1.5,1224.0,0.113636
1.5,1221.0,0.113636
1.58333,1206.0,0.113636
1.58333,1194.0,1.02273
1.58333,1181.0,1.02273
1.66667,1162.0,1.13636
1.66667,1138.0,1.13636
1.75,1100.0,1.30682
1.75,1163.0,1.30682
1.83333,1218.0,1.30682
1.83333,1223.0,1.25
1.91667,1179.0,1.25
1.91667,1161.0,1.30682
1.91667,1119.0,1.30682
2.0,1112.0,1.25
2.0,1112.0,1.25
2.0,1137.0,1.25
2.08333,1232.0,1.25
2.08333,1256.0,0.795454
2.08333,1205.0,0.795454
2.08333,1120.0,0.795454
2.08333,1078.0,0.795454
2.16667,1149.0,0.681818
2.25,1225.0,0.681818
2.25,1245.0,1.59091
2.33333,1196.0,1.59091
2.33333,1151.0,1.59091
2.41667,1151.0,1.64773
2.41667,1187.0,1.64773
2.5,1226.0,1.64773
2.5,1233.0,1.64773
2.5,1217.0,1.64773
2.5,1201.0,1.64773
2.5,1195.0,1.64773
2.5,1212.0,1.64773
2.5,1235.0,1.64773
2.5,1246.0,1.64773
2.5,1256.0,1.64773
2.58333,1259.0,1.64773
2.58333,1249.0,0.284091
2.58333,1242.0,0.284091
2.58333,1241.0,0.284091
2.58333,1237.0,0.284091
2.66667,1223.0,0.625
2.75,1237.0,0.625
2.75,1273.0,1.59091
2.83333,1366.0,2.21591
2.91667,1433.0,2.21591
3.0,1462.0,2.04545
3.08333,1461.0,2.55682
3.08333,1456.0,2.21591
3.08333,1439.0,2.21591
3.16667,1363.0,2.21591
3.25,1362.0,1.02273
3.25,1365.0,2.44318
3.33333,1365.0,2.32954
3.41667,1333.0,2.32954
3.5,1309.0,2.5
3.58333,1309.0,2.5
3.58333,1304.0,2.44318
3.66667,1303.0,1.93182
3.75,1304.0,2.10227
3.83333,1325.0,2.89773
3.91667,1343.0,2.89773
3.91667,1367.0,2.44318
3.91667,1396.0,2.44318
3.91667,1494.0,2.44318
4.0,1498.0,0.795454
4.08333,1462.0,2.67045
4.16667,1415.0,2.55682
4.16667,1389.0,2.55682
4.25,1299.0,2.55682
4.33333,1259.0,1.25
4.41667,1207.0,2.72727
4.5,1161.0,2.5
4.58333,1125.0,2.78409
4.66667,1159.0,2.72727
4.75,1193.0,3.18182
4.83333,1199.0,2.72727
4.83333,1234.0,2.89773
5.0,1307.0,2.89773
5.08333,1360.0,3.46591
5.16667,1383.0,3.75
5.25,1397.0,2.55682
5.25,1389.0,2.72727
5.33333,1389.0,2.72727
5.41667,1390.0,1.53409
5.5,1397.0,2.95454
5.58333,1427.0,2.95454
5.58333,1403.0,2.89773
5.66667,1376.0,2.89773
5.75,1360.0,3.92045
5.83333,1352.0,3.01136
5.91667,1373.0,3.23864
6.0,1365.0,2.61364
6.16667,1324.0,3.23864
6.25,1304.0,3.40909
6.33333,1323.0,3.29545
6.33333,1363.0,3.125
6.41667,1394.0,1.70455
6.41667,1394.0,1.70455
6.5,1428.0,1.70455
6.58333,1397.0,3.92045
6.66667,1352.0,2.89773
6.75,1330.0,2.89773
6.83333,1308.0,1.81818
6.91667,1285.0,3.06818
6.91667,1234.0,3.40909
6.91667,1216.0,3.40909
6.91667,1252.0,3.40909
7.0,1313.0,3.40909
7.08333,1376.0,0.681818
7.16667,1386.0,3.63636
7.33333,1380.0,3.63636
7.41667,1430.0,3.63636
7.5,1543.0,4.03409
7.66667,1577.0,4.03409
7.75,1572.0,4.43182
7.83333,1570.0,3.63636
7.91667,1579.0,3.63636
8.08333,1497.0,3.63636
8.16667,1442.0,3.46591
8.25,1432.0,3.92045
8.33333,1401.0,3.86364
8.41667,1350.0,3.40909
8.41667,1370.0,3.40909
8.41667,1370.0,3.40909
8.41667,1363.0,3.40909
8.5,1372.0,3.40909
8.58333,1281.0,3.46591
8.75,1248.0,3.46591
8.83333,1265.0,3.80682
8.91667,1318.0,4.48864
9.08333,1372.0,4.48864
9.16667,1370.0,4.03409
9.25,1381.0,4.20454
9.41667,1409.0,4.14773
9.5,1448.0,3.69318
9.58333,1470.0,3.80682
9.75,1472.0,3.80682
9.83333,1467.0,3.86364
9.91667,1507.0,3.69318
10.0833,1552.0,3.69318
10.1667,1552.0,4.54545
10.25,1597.0,4.31818
10.3333,1607.0,4.31818
10.4167,1560.0,3.97727
10.5833,1433.0,3.97727
10.6667,1357.0,3.86364
10.8333,1335.0,3.97727
10.9167,1372.0,4.03409
11.0,1408.0,4.26136
11.0833,1393.0,4.26136
11.1667,1401.0,1.70455
11.3333,1408.0,3.80682
11.4167,1407.0,4.48864
11.5,1485.0,3.80682
11.5833,1482.0,3.52273
11.5833,1470.0,3.52273
11.75,1474.0,3.52273
11.8333,1462.0,4.31818
12.0,1397.0,4.31818
12.0833,1368.0,4.14773
12.25,1359.0,4.14773
12.3333,1388.0,3.97727
12.4167,1518.0,4.20454
12.5833,1520.0,4.20454
12.6667,1509.0,4.09091
12.8333,1499.0,4.09091
12.9167,1488.0,4.31818
13.0833,1477.0,4.20454
13.1667,1473.0,4.09091
13.1667,1464.0,4.14773
13.1667,1447.0,4.14773
13.25,1450.0,4.14773
13.3333,1464.0,0.852273
13.4167,1477.0,3.92045
13.5833,1502.0,3.97727
13.75,1507.0,4.26136
13.8333,1470.0,4.09091
13.8333,1444.0,4.48864
13.9167,1402.0,4.48864
14.0,1359.0,4.77273
14.1667,1386.0,4.77273
14.25,1398.0,4.77273
14.3333,1387.0,4.54545
14.4167,1387.0,2.15909
14.5,1344.0,2.15909
14.5,1322.0,1.98864
14.5833,1389.0,1.98864
14.75,1421.0,1.98864
14.8333,1405.0,4.60227
15.0,1358.0,4.65909
15.0833,1351.0,3.80682
15.0833,1363.0,3.80682
15.1667,1399.0,1.42045
15.3333,1404.0,5.34091
15.5,1397.0,5.34091
15.5833,1378.0,4.94318
15.75,1373.0,4.94318
15.75,1388.0,4.54545
15.75,1400.0,4.54545
15.9167,1394.0,4.54545
16.0833,1390.0,4.71591
16.1667,1384.0,4.82954
16.3333,1401.0,4.82954
16.5,1417.0,4.88636
16.5833,1423.0,4.82954
16.75,1424.0,4.77273
16.9167,1424.0,4.77273
17.0,1406.0,4.82954
17.0833,1403.0,4.77273
17.25,1422.0,4.77273
17.25,1450.0,5.79545
17.4167,1474.0,5.79545
17.5833,1452.0,5.11364
17.6667,1426.0,4.88636
17.6667,1412.0,5.17045
17.8333,1420.0,5.17045
18.0,1412.0,4.65909
18.0833,1365.0,5.68182
18.1667,1240.0,4.375
18.3333,1185.0,4.375
18.5,1243.0,4.82954
18.5833,1286.0,5.17045
18.6667,1289.0,5.17045
18.75,1286.0,4.48864
18.75,1294.0,4.48864
18.8333,1294.0,4.48864
19.0,1330.0,4.48864
19.1667,1361.0,4.48864
19.3333,1358.0,5.05682
19.4167,1348.0,5.28409
19.5,1375.0,4.77273
19.5833,1390.0,4.77273
19.75,1390.0,5.0
19.8333,1363.0,5.17045
19.8333,1266.0,2.67045
19.8333,1246.0,2.67045
19.9167,1250.0,2.67045
20.0833,1248.0,2.67045
20.25,1268.0,4.65909
20.25,1280.0,6.42045
20.4167,1305.0,6.42045
20.5,1338.0,5.56818
20.6667,1362.0,5.56818
20.8333,1358.0,5.56818
21.0,1358.0,5.28409
21.1667,1339.0,5.22727
21.3333,1337.0,5.22727
21.4167,1351.0,5.34091
21.5,1326.0,4.88636
21.5,1308.0,4.88636
21.6667,1272.0,4.88636
21.8333,1255.0,5.90909
22.0,1208.0,5.90909
22.0833,1219.0,5.05682
22.25,1238.0,5.05682
22.4167,1263.0,5.39773
22.4167,1307.0,5.45454
22.5,1296.0,1.875
22.5,1285.0,1.875
22.5833,1295.0,1.875
22.75,1334.0,5.56818
22.9167,1383.0,5.56818
23.0,1342.0,5.56818
23.1667,1245.0,5.56818
23.25,1146.0,6.30682
23.3333,1126.0,5.73864
23.5,1154.0,5.73864
23.6667,1194.0,6.07954
23.8333,1194.0,6.07954
23.9167,1223.0,6.02273
24.0833,1235.0,5.56818
24.0833,1252.0,5.17045
24.1667,1250.0,5.17045
24.25,1231.0,1.47727
24.3333,1223.0,2.84091
24.5,1248.0,5.68182
24.6667,1249.0,5.68182
24.8333,1252.0,5.85227
25.0,1252.0,5.85227
25.1667,1255.0,5.39773
25.25,1272.0,3.06818
25.25,1278.0,3.06818
25.5,1282.0,3.06818
25.6667,1294.0,5.625
25.8333,1287.0,5.625
26.0,1270.0,5.625
26.0833,1254.0,6.02273
26.25,1238.0,6.02273
26.4167,1256.0,6.02273
26.5833,1281.0,5.39773
26.75,1286.0,5.85227
26.8333,1297.0,5.79545
26.8333,1412.0,5.79545
26.9167,1429.0,5.79545
27.0833,1237.0,5.625
27.3333,1120.0,5.625
27.5,1113.0,5.625
27.6667,1310.0,5.85227
27.75,1400.0,5.11364
27.9167,1329.0,5.11364
28.0833,1211.0,6.13636
28.25,1159.0,6.13636
28.25,1249.0,5.90909
28.25,1310.0,5.90909
28.4167,1321.0,5.90909
28.5,1316.0,6.36363
28.6667,1360.0,6.13636
28.8333,1361.0,6.13636
28.8333,1393.0,5.39773
29.0,1383.0,5.39773
29.1667,1353.0,5.73864
29.25,1353.0,5.45454
29.3333,1370.0,2.10227
29.4167,1378.0,2.10227
29.5833,1368.0,2.10227
29.75,1235.0,6.13636
29.9167,1164.0,6.25
30.0833,1167.0,6.25
30.25,1209.0,6.25
30.4167,1261.0,6.02273
30.5,1335.0,6.47727
30.5,1401.0,3.125
30.5,1400.0,3.125
30.6667,1418.0,3.125
30.8333,1244.0,6.07954
31.0833,1160.0,6.07954
31.25,1132.0,6.36363
31.4167,1163.0,6.36363
31.5833,1224.0,6.64773
31.5833,1209.0,6.19318
31.75,1178.0,6.19318
31.8333,1166.0,6.13636
31.8333,1176.0,6.13636
31.8333,1249.0,6.13636
31.8333,1272.0,6.13636
31.9167,1293.0,6.13636
32.0833,1291.0,6.13636
32.25,1282.0,6.13636
32.4167,1281.0,6.13636
32.5833,1290.0,5.73864
32.75,1298.0,6.53409
32.8333,1281.0,6.25
33.0,1236.0,6.25
33.0833,1212.0,6.42045
33.0833,1192.0,6.42045
33.25,1189.0,6.42045
33.4167,1119.0,6.30682
33.5,1076.0,6.19318
33.5833,1094.0,6.81818
33.75,1193.0,6.81818
33.8333,1289.0,8.29545
34.0,1321.0,8.29545
34.0,1228.0,6.64773
34.1667,1228.0,6.02273
34.25,1136.0,6.02273
34.3333,1085.0,7.04545
34.5,1200.0,7.04545
34.75,1250.0,6.02273
34.8333,1155.0,5.96591
35.0,1072.0,5.96591
35.1667,1137.0,7.67045
35.4167,1171.0,6.81818
35.5,1230.0,6.30682
35.5,1261.0,6.30682
35.5,1282.0,6.30682
35.6667,1264.0,6.30682
35.8333,1238.0,6.30682
36.0,1216.0,6.30682
36.0,1224.0,6.25
36.1667,1260.0,6.25
36.25,1243.0,6.30682
36.3333,1241.0,6.53409
36.4167,1247.0,2.04545
36.4167,1253.0,2.04545
36.5,1254.0,2.04545
36.75,1227.0,6.19318
36.9167,1197.0,6.42045
37.0833,1208.0,6.42045
37.3333,1238.0,6.42045
37.5,1253.0,6.42045
37.6667,1254.0,6.42045
37.75,1249.0,6.70454
37.9167,1219.0,6.42045
38.0,1219.0,6.42045
38.0833,1222.0,8.63636
38.25,1215.0,8.63636
38.4167,1199.0,5.96591
38.6667,1205.0,6.76136
38.8333,1227.0,6.25
38.8333,1252.0,5.85227
39.0833,1255.0,5.85227
39.0833,1238.0,6.19318
39.1667,1237.0,2.10227
39.1667,1222.0,2.10227
39.3333,1215.0,2.10227
39.4167,1210.0,6.36363
39.5833,1210.0,6.36363
39.8333,1222.0,6.70454
40.0,1239.0,6.70454
40.1667,1256.0,6.13636
40.4167,1275.0,6.13636
40.4167,1254.0,6.07954
40.5833,1242.0,6.07954
40.75,1236.0,7.55682
40.9167,1225.0,6.36363
41.0833,1200.0,6.36363
41.25,1235.0,6.53409
41.4167,1234.0,6.02273
41.5833,1248.0,6.07954
41.6667,1269.0,7.61363
41.75,1253.0,7.61363
41.8333,1231.0,7.10227
41.8333,1225.0,7.10227
42.0833,1236.0,7.10227
42.25,1255.0,7.10227
42.4167,1242.0,6.76136
42.5833,1237.0,6.47727
42.75,1240.0,6.19318
42.9167,1236.0,6.19318
43.0833,1225.0,6.53409
43.25,1218.0,7.32954
43.25,1216.0,7.32954
43.4167,1215.0,7.32954
43.5833,1237.0,6.07954
43.75,1242.0,6.07954
43.8333,1230.0,6.53409
44.0,1224.0,6.53409
44.1667,1262.0,6.53409
44.3333,1298.0,6.53409
44.5,1317.0,6.47727
44.6667,1349.0,6.47727
44.6667,1338.0,6.53409
44.9167,1301.0,6.53409
45.0833,1271.0,6.53409
45.25,1249.0,6.53409
45.4167,1249.0,6.25
45.5,1242.0,3.125
45.6667,1228.0,3.40909
45.75,1199.0,6.875
45.9167,1199.0,6.875
46.0,1204.0,6.07954
46.1667,1289.0,6.07954
46.25,1294.0,6.53409
46.4167,1263.0,6.53409
46.5833,1206.0,6.53409
46.8333,1167.0,6.53409
47.0,1153.0,6.59091
47.1667,1142.0,7.55682
47.3333,1128.0,7.55682
47.3333,1113.0,7.21591
47.4167,1190.0,7.21591
47.5833,1277.0,7.21591
47.75,1304.0,6.93182
47.9167,1294.0,7.61363
48.0,1264.0,7.61363
48.1667,1240.0,7.61363
48.4167,1171.0,7.61363
48.5833,1092.0,6.59091
48.6667,1032.0,6.70454
48.75,1085.0,6.70454
48.9167,1138.0,6.70454
49.1667,1111.0,6.70454
49.3333,1070.0,6.70454
49.5,1044.0,6.70454
49.75,1214.0,6.70454
49.9167,1374.0,6.70454
50.0833,1388.0,6.70454
50.25,1223.0,6.36363
50.3333,1091.0,6.13636
50.4167,1090.0,6.13636
50.5833,1149.0,6.13636
50.75,1165.0,6.13636
50.9167,1079.0,6.25
51.0833,1111.0,6.30682
51.25,1195.0,7.21591
51.4167,1294.0,6.81818
51.5,1379.0,6.36363
51.6667,1413.0,6.30682
51.75,1335.0,6.64773
51.8333,1289.0,2.38636
52.0,1261.0,3.40909
52.25,1261.0,6.02273
52.4167,1197.0,6.02273
52.5833,1159.0,6.02273
52.75,1192.0,6.70454
52.75,1220.0,6.70454
52.8333,1248.0,6.70454
53.0,1278.0,6.30682
53.1667,1259.0,6.30682
53.3333,1228.0,6.30682
53.5,1244.0,6.30682
53.6667,1243.0,6.30682
53.9167,1243.0,7.15909
53.9167,1239.0,8.06818
54.0,1236.0,2.10227
54.1667,1240.0,3.52273
54.1667,1262.0,6.81818
54.3333,1241.0,6.81818
54.4167,1197.0,6.30682
54.6667,1187.0,6.81818
54.8333,1205.0,6.81818
54.9167,1191.0,7.78409
55.0,1181.0,7.78409
55.1667,1221.0,7.78409
55.25,1201.0,8.57954
55.3333,1181.0,6.70454
55.5,1180.0,6.70454
55.6667,1211.0,6.76136
55.8333,1343.0,6.76136
56.0,1358.0,6.93182
56.25,1281.0,6.98863
56.3333,1227.0,6.53409
56.4167,1195.0,9.71591
56.6667,1213.0,6.81818
56.8333,1208.0,6.81818
56.8333,1198.0,6.53409
57.0,1232.0,6.53409
57.0833,1351.0,6.76136
57.3333,1347.0,6.30682
57.4167,1292.0,6.98863
57.5,1292.0,6.98863
57.6667,1275.0,6.76136
57.8333,1305.0,6.76136
57.9167,1381.0,6.47727
58.0,1381.0,6.47727
58.0833,1441.0,6.93182
58.25,1432.0,6.93182
58.4167,1317.0,5.96591
58.5,1256.0,5.96591
58.5833,1239.0,5.96591
58.6667,1249.0,3.35227
58.8333,1245.0,3.52273
59.0,1253.0,3.52273
59.0833,1261.0,7.04545
59.0833,1260.0,7.04545
59.3333,1255.0,7.04545
59.5,1252.0,6.42045
59.75,1263.0,6.53409
59.8333,1279.0,7.15909
59.9167,1291.0,7.15909
60.1667,1274.0,6.81818
60.25,1245.0,6.02273
60.25,1224.0,3.40909
60.25,1200.0,3.40909
60.3333,1180.0,3.40909
60.5,1233.0,0.909091
60.6667,1245.0,6.47727
60.8333,1212.0,7.21591
61.0,1171.0,7.27273
61.1667,1193.0,7.27273
61.4167,1239.0,7.27273
61.5833,1298.0,6.64773
61.5833,1319.0,6.13636
61.75,1237.0,6.13636
61.9167,1226.0,6.81818
62.1667,1242.0,6.81818
62.25,1256.0,7.10227
62.3333,1283.0,7.55682
62.5,1292.0,7.55682
62.5,1291.0,8.46591
62.5833,1292.0,1.64773
62.5833,1288.0,1.64773
62.6667,1286.0,1.64773
62.8333,1316.0,1.64773
63.0,1316.0,6.02273
63.0833,1291.0,6.47727
63.25,1243.0,6.47727
63.5,1243.0,6.47727
63.5833,1232.0,6.93182
63.5833,1224.0,6.93182
63.5833,1222.0,6.93182
63.75,1216.0,6.93182
63.9167,1189.0,7.21591
64.0,1179.0,3.57954
64.1667,1160.0,3.69318
64.25,1172.0,8.06818
64.5,1262.0,8.06818
64.5833,1266.0,7.32954
64.6667,1240.0,7.32954
64.75,1229.0,6.13636
64.9167,1216.0,6.13636
65.0833,1185.0,6.13636
65.25,1176.0,6.13636
65.4167,1154.0,6.36363
65.5833,1130.0,6.36363
65.8333,1157.0,6.36363
65.8333,1230.0,6.70454
65.9167,1270.0,2.38636
65.9167,1268.0,2.38636
66.0,1247.0,1.30682
66.25,1258.0,1.30682
66.4167,1255.0,6.93182
66.6667,1270.0,6.93182
66.8333,1243.0,6.93182
67.0833,1230.0,6.93182
67.25,1237.0,6.93182
67.4167,1240.0,6.93182
67.5,1233.0,6.25
67.5833,1229.0,6.25
67.75,1236.0,6.25
67.9167,1248.0,6.25
68.0,1247.0,6.81818
68.1667,1260.0,6.81818
68.4167,1273.0,7.32954
68.5833,1271.0,7.32954
68.75,1271.0,7.04545
68.8333,1252.0,6.76136
68.9167,1231.0,6.76136
69.1667,1223.0,7.44318
69.3333,1223.0,6.36363
69.5833,1218.0,7.38636
69.75,1213.0,6.98863
69.9167,1222.0,7.32954
70.0833,1257.0,6.98863
70.25,1282.0,6.98863
70.3333,1293.0,7.32954
70.3333,1295.0,2.21591
70.5833,1278.0,2.5
70.75,1274.0,7.15909
70.9167,1291.0,7.15909
71.1667,1288.0,7.15909
71.25,1256.0,6.53409
71.4167,1231.0,6.53409
71.5833,1231.0,6.81818
71.6667,1252.0,7.15909
71.8333,1275.0,7.04545
72.0833,1254.0,7.04545
72.25,1246.0,7.10227
72.4167,1255.0,7.10227
72.6667,1291.0,7.04545
72.8333,1323.0,7.04545
73.0833,1288.0,7.04545
73.1667,1241.0,6.42045
73.3333,1203.0,6.30682
73.4167,1215.0,3.40909
73.5833,1211.0,3.63636
73.75,1180.0,3.63636
73.9167,1162.0,5.51136
74.1667,1211.0,6.36363
74.3333,1277.0,7.38636
74.5833,1279.0,6.875
74.6667,1257.0,6.98863
74.6667,1228.0,6.98863
74.8333,1219.0,7.78409
75.0,1210.0,7.78409
75.25,1195.0,7.67045
75.4167,1186.0,7.15909
75.6667,1184.0,6.70454
75.8333,1220.0,6.70454
76.0,1248.0,6.70454
76.1667,1254.0,6.70454
76.1667,1261.0,6.36363
76.3333,1261.0,6.36363
76.5,1274.0,6.64773
76.75,1269.0,6.64773
76.9167,1262.0,7.61363
77.1667,1245.0,7.15909
77.3333,1247.0,7.15909
77.5833,1259.0,7.15909
77.75,1275.0,7.15909
77.8333,1294.0,6.25
77.9167,1313.0,6.25
77.9167,1312.0,1.70455
78.0833,1299.0,2.32954
78.3333,1293.0,6.07954
78.3333,1290.0,6.64773
78.5,1309.0,6.64773
78.5833,1315.0,3.40909
78.75,1340.0,3.40909
78.9167,1371.0,3.40909
79.0,1303.0,6.13636
79.1667,1232.0,6.13636
79.3333,1216.0,6.13636
79.5,1289.0,6.13636
79.6667,1399.0,6.36363
79.8333,1374.0,6.36363
79.9167,1373.0,7.27273
80.0,1344.0,3.57954
80.0,1342.0,2.21591
80.1667,1338.0,2.21591
80.25,1296.0,7.38636
80.5,1294.0,7.38636
80.6667,1336.0,6.59091
80.75,1369.0,6.47727
81.0,1356.0,6.47727
81.1667,1359.0,6.81818
81.4167,1381.0,6.81818
81.5,1402.0,7.21591
81.5833,1393.0,7.21591
81.8333,1390.0,7.27273
82.0,1391.0,7.27273
82.25,1397.0,7.15909
82.4167,1409.0,6.76136
82.5833,1385.0,6.76136
82.75,1365.0,5.96591
82.75,1365.0,3.40909
82.8333,1354.0,3.40909
82.9167,1342.0,1.64773
83.0833,1336.0,6.02273
83.3333,1320.0,6.02273
83.5,1266.0,6.76136
83.6667,1235.0,6.76136
83.9167,1288.0,6.64773
84.0,1312.0,6.07954
84.25,1334.0,6.07954
84.4167,1332.0,6.07954
84.4167,1284.0,6.81818
84.6667,1251.0,6.81818
84.8333,1241.0,6.76136
85.0,1247.0,6.76136
85.1667,1255.0,6.76136
85.1667,1282.0,6.47727
85.4167,1287.0,6.47727
85.5,1282.0,6.53409
85.6667,1260.0,6.53409
85.6667,1242.0,7.5
85.6667,1252.0,7.5
85.8333,1274.0,7.5
86.0833,1290.0,7.5
86.25,1279.0,7.5
86.5,1261.0,6.93182
86.6667,1265.0,6.93182
86.9167,1274.0,6.93182
86.9167,1277.0,6.93182
87.0,1269.0,2.10227
87.0,1222.0,2.10227
87.1667,1189.0,2.10227
87.4167,1187.0,6.70454
87.5833,1211.0,6.70454
87.75,1226.0,6.70454
87.9167,1223.0,6.59091
88.0833,1210.0,6.59091
88.1667,1220.0,6.81818
88.1667,1229.0,6.81818
88.1667,1238.0,6.81818
88.25,1241.0,6.81818
88.4167,1222.0,6.81818
88.6667,1222.0,6.81818
88.8333,1219.0,6.81818
88.9167,1232.0,6.47727
89.1667,1232.0,6.70454
89.3333,1226.0,6.70454
89.5,1240.0,6.875
89.5833,1271.0,6.875
89.75,1309.0,6.875
89.9167,1354.0,7.10227
90.0833,1319.0,6.59091
90.25,1270.0,6.81818
90.3333,1256.0,6.81818
90.5833,1254.0,6.81818
90.75,1258.0,6.70454
90.9167,1262.0,6.70454
90.9167,1208.0,7.10227
91.0,1208.0,7.10227
91.1667,1288.0,5.90909
91.3333,1397.0,6.30682
91.5,1366.0,6.98863
91.6667,1295.0,6.70454
91.75,1217.0,3.06818
92.0,1211.0,3.46591
92.0833,1268.0,6.70454
92.1667,1270.0,6.70454
92.1667,1260.0,2.04545
92.3333,1290.0,2.04545
92.5,1330.0,6.13636
92.75,1326.0,6.13636
92.9167,1330.0,6.76136
93.1667,1329.0,6.76136
93.3333,1335.0,6.76136
93.3333,1414.0,6.25
93.5,1401.0,6.53409
93.5,1371.0,6.53409
93.6667,1348.0,6.53409
93.8333,1312.0,6.42045
93.9167,1281.0,8.18182
94.1667,1280.0,7.61363
94.25,1326.0,6.76136
94.3333,1383.0,6.76136
94.5833,1376.0,6.76136
94.6667,1338.0,7.10227
94.6667,1338.0,7.10227
94.9167,1319.0,7.10227
95.0,1338.0,6.36363
95.25,1339.0,7.67045
95.4167,1278.0,6.98863
95.5,1229.0,5.79545
95.75,1230.0,5.79545
95.8333,1310.0,6.19318
95.9167,1347.0,3.57954
96.0,1351.0,3.57954
96.0833,1351.0,2.04545
96.25,1373.0,2.38636
96.4167,1468.0,3.29545
96.4167,1430.0,6.19318
96.5833,1357.0,7.44318
96.75,1312.0,7.44318
96.9167,1248.0,6.76136
96.9167,1229.0,6.64773
97.0,1220.0,1.59091
97.0,1239.0,1.59091
97.25,1300.0,1.59091
97.4167,1303.0,6.36363
97.5833,1262.0,7.04545
97.8333,1298.0,6.30682
97.8333,1299.0,5.96591
98.0,1413.0,5.96591
98.0833,1382.0,6.64773
98.0833,1313.0,2.15909
98.25,1268.0,2.15909
98.25,1243.0,6.70454
98.3333,1190.0,1.70455
98.5,1198.0,3.40909
98.6667,1237.0,5.625
98.75,1245.0,7.84091
98.9167,1384.0,7.84091
99.0833,1444.0,6.98863
99.3333,1435.0,6.98863
99.4167,1437.0,6.47727
99.4167,1419.0,6.47727
99.5833,1379.0,6.13636
99.75,1359.0,6.13636
99.8333,1390.0,6.42045
100.083,1423.0,6.42045
100.25,1423.0,6.42045
100.417,1433.0,7.04545
100.5,1391.0,6.13636
100.5,1345.0,6.13636
100.583,1295.0,1.47727
100.667,1290.0,1.47727
100.75,1371.0,1.70455
100.917,1520.0,3.40909
101.0,1604.0,5.73864
101.083,1626.0,9.20454
101.167,1498.0,9.20454
101.417,1425.0,7.04545
101.5,1417.0,6.53409
101.5,1450.0,6.53409
101.583,1379.0,1.53409
101.667,1413.0,3.23864
101.75,1492.0,3.23864
102.0,1521.0,3.23864
102.167,1428.0,5.85227
102.25,1337.0,6.47727
102.333,1298.0,6.47727
102.5,1304.0,5.68182
102.5,1318.0,3.57954
102.583,1322.0,1.98864
102.583,1293.0,1.98864
102.667,1296.0,1.98864
102.75,1334.0,1.19318
102.917,1370.0,5.85227
103.167,1356.0,6.13636
103.25,1376.0,5.79545
103.417,1423.0,5.79545
103.583,1494.0,5.96591
103.667,1419.0,6.875
103.75,1385.0,6.875
103.833,1424.0,5.79545
104.083,1475.0,5.79545
104.167,1438.0,6.07954
104.167,1436.0,3.18182
104.333,1347.0,3.18182
104.417,1322.0,5.22727
104.583,1320.0,6.53409
104.667,1299.0,7.15909
104.833,1299.0,6.19318
104.833,1273.0,3.18182
104.833,1292.0,3.18182
104.833,1385.0,3.18182
104.917,1607.0,3.18182
105.083,1725.0,5.73864
105.25,1689.0,5.73864
105.333,1515.0,6.76136
105.583,1385.0,6.76136
105.75,1336.0,6.76136
105.833,1340.0,5.79545
106.0,1301.0,5.79545
106.083,1322.0,6.81818
106.083,1341.0,6.81818
106.167,1363.0,6.81818
106.417,1364.0,6.81818
106.5,1348.0,6.59091
106.583,1361.0,5.11364
106.75,1400.0,5.11364
106.917,1383.0,6.07954
107.0,1375.0,6.13636
107.083,1502.0,6.13636
107.167,1647.0,6.13636
107.25,1728.0,5.96591
107.333,1728.0,5.96591
107.417,1574.0,5.34091
107.583,1495.0,5.34091
107.75,1450.0,5.51136
107.833,1390.0,4.82954
108.0,1380.0,4.82954
108.083,1405.0,7.27273
108.25,1408.0,7.27273
108.417,1412.0,6.13636
108.417,1428.0,5.85227
108.417,1530.0,5.85227
108.583,1596.0,5.85227
108.667,1599.0,4.82954
108.833,1584.0,4.82954
108.917,1579.0,6.875
109.083,1554.0,6.875
109.083,1512.0,6.98863
109.25,1450.0,6.98863
109.25,1453.0,6.53409
109.333,1453.0,1.875
109.333,1486.0,1.875
109.333,1460.0,1.875
109.583,1418.0,1.875
109.75,1318.0,5.85227
109.917,1158.0,6.07954
109.917,1187.0,6.93182
110.0,1294.0,6.93182
110.167,1460.0,6.93182
110.25,1566.0,6.25
110.25,1470.0,6.25
110.25,1391.0,6.25
110.333,1390.0,0.965909
110.417,1467.0,0.965909
110.583,1470.0,1.98864
110.667,1371.0,5.05682
110.833,1280.0,5.05682
110.917,1231.0,5.625
111.0,1209.0,5.625
111.25,1210.0,5.625
111.333,1257.0,5.79545
111.333,1323.0,5.79545
111.333,1368.0,5.79545
111.417,1488.0,5.79545
111.5,1548.0,0.909091
111.667,1501.0,5.0
111.667,1420.0,5.51136
111.833,1387.0,5.51136
112.0,1432.0,5.85227
112.0,1422.0,5.34091
112.167,1366.0,6.47727
112.333,1301.0,6.47727
112.417,1252.0,5.45454
112.5,1234.0,5.45454
112.583,1244.0,1.81818
112.75,1254.0,2.72727
112.917,1356.0,5.22727
113.083,1376.0,6.02273
113.25,1505.0,6.02273
113.417,1491.0,5.85227
113.583,1466.0,5.73864
113.75,1434.0,5.73864
113.917,1401.0,5.73864
114.083,1401.0,5.73864
114.083,1353.0,6.25
114.25,1295.0,6.25
114.417,1324.0,5.51136
114.583,1404.0,5.51136
114.667,1449.0,5.0
114.75,1476.0,5.28409
114.917,1505.0,5.28409
115.0,1538.0,5.79545
115.167,1538.0,5.79545
115.333,1529.0,5.39773
115.5,1464.0,5.39773
115.5,1317.0,4.94318
115.583,1295.0,4.94318
115.667,1273.0,1.25
115.667,1240.0,2.89773
115.75,1233.0,2.89773
115.917,1281.0,4.82954
116.083,1338.0,5.39773
116.25,1418.0,5.56818
116.417,1494.0,5.56818
116.583,1481.0,5.51136
116.75,1455.0,5.34091
116.833,1455.0,4.94318
116.917,1478.0,4.94318
116.917,1503.0,2.44318
117.0,1430.0,2.44318
117.167,1359.0,2.44318
117.25,1324.0,5.28409
117.417,1289.0,5.28409
117.5,1283.0,5.85227
117.667,1276.0,5.85227
117.75,1337.0,5.56818
117.833,1457.0,5.56818
117.917,1494.0,5.05682
118.0,1486.0,5.05682
118.083,1489.0,5.22727
118.083,1489.0,5.22727
118.167,1524.0,1.25
118.333,1516.0,2.72727
118.417,1497.0,5.90909
118.583,1496.0,5.90909
118.75,1496.0,4.88636
118.917,1501.0,5.28409
119.083,1472.0,4.82954
119.167,1445.0,6.53409
119.25,1430.0,4.54545
119.417,1446.0,4.54545
119.417,1508.0,4.65909
119.417,1515.0,4.65909
119.5,1502.0,4.65909
119.5,1480.0,0.965909
119.667,1491.0,2.32954
119.833,1526.0,4.65909
119.917,1666.0,5.0
120.083,1750.0,5.0
120.25,1740.0,4.88636
120.333,1628.0,5.11364
120.417,1559.0,5.11364
120.583,1575.0,5.11364
120.667,1621.0,4.43182
120.833,1583.0,4.54545
120.917,1501.0,4.60227
120.917,1449.0,4.60227
121.083,1437.0,4.60227
121.25,1448.0,4.60227
121.333,1485.0,4.48864
121.5,1523.0,4.48864
121.583,1614.0,4.54545
121.75,1687.0,4.54545
121.833,1704.0,4.31818
121.917,1729.0,4.31818
122.083,1781.0,4.71591
122.083,1785.0,4.77273
122.25,1704.0,4.77273
122.25,1645.0,4.71591
122.25,1601.0,4.71591
122.333,1616.0,1.07955
122.5,1658.0,3.57954
122.583,1654.0,3.97727
122.75,1548.0,4.60227
122.833,1510.0,4.31818
123.0,1539.0,4.43182
123.083,1760.0,5.11364
123.25,1867.0,5.11364
123.417,1867.0,4.375
123.5,1863.0,4.31818
123.5,1813.0,4.43182
123.667,1803.0,4.43182
123.75,1858.0,4.14773
123.917,1903.0,4.14773
123.917,1879.0,4.09091
123.917,1783.0,4.09091
123.917,1723.0,4.09091
124.083,1721.0,4.09091
124.167,1746.0,4.03409
124.333,1737.0,4.03409
124.417,1712.0,3.69318
124.583,1733.0,4.03409
124.667,1764.0,4.20454
124.833,1785.0,4.20454
124.917,1781.0,4.26136
125.0,1753.0,3.86364
125.083,1756.0,3.86364
125.167,1763.0,4.09091
125.25,1756.0,3.97727
125.25,1742.0,3.97727
125.333,1741.0,3.97727
125.417,1743.0,0.965909
125.583,1712.0,4.26136
125.667,1674.0,4.26136
125.75,1663.0,3.69318
125.917,1662.0,4.03409
126.0,1695.0,4.375
126.083,1732.0,4.14773
126.25,1737.0,4.14773
126.333,1738.0,4.20454
126.5,1781.0,3.86364
126.583,1926.0,3.92045
126.667,1983.0,3.69318
126.75,1925.0,4.03409
126.917,1788.0,3.69318
127.0,1788.0,3.69318
127.0,1761.0,3.40909
127.167,1671.0,3.40909
127.25,1640.0,3.80682
127.333,1702.0,3.63636
127.417,1779.0,3.86364
127.583,1779.0,3.86364
127.667,1802.0,3.75
127.75,1731.0,3.75
127.917,1708.0,3.63636
128.0,1720.0,3.57954
128.0,1705.0,3.40909
128.083,1646.0,1.81818
128.25,1609.0,3.63636
128.333,1599.0,3.63636
128.417,1632.0,3.35227
128.5,1799.0,3.125
128.667,1813.0,3.125
128.667,1812.0,3.52273
128.667,1837.0,3.52273
128.667,1745.0,3.52273
128.833,1717.0,3.52273
128.917,1721.0,3.52273
129.0,1728.0,3.57954
129.083,1775.0,3.40909
129.167,1858.0,4.20454
129.333,1881.0,4.20454
129.417,1874.0,3.46591
129.5,1895.0,3.52273
129.583,1917.0,3.23864
129.75,1922.0,3.23864
129.833,1921.0,3.46591
129.917,1899.0,3.18182
130.0,1876.0,3.46591
130.0,1916.0,3.29545
130.0,1951.0,3.29545
130.0,1950.0,3.29545
130.0,1878.0,3.29545
130.083,1690.0,3.29545
130.167,1649.0,0.511364
130.25,1648.0,3.46591
130.333,1695.0,2.44318
130.417,1786.0,3.29545
130.5,1901.0,3.75
130.583,1942.0,3.18182
130.667,1944.0,3.18182
130.667,2017.0,3.18182
130.75,2091.0,1.36364
130.917,2091.0,3.57954
131.0,2065.0,3.92045
131.0,2049.0,3.06818
131.0,2055.0,3.06818
131.083,2017.0,3.06818
131.167,1958.0,1.02273
131.25,1909.0,3.125
131.333,1883.0,2.72727
131.417,1862.0,3.125
131.5,1856.0,2.78409
131.5,1876.0,2.78409
131.583,1902.0,1.47727
131.667,1999.0,2.84091
131.75,2146.0,3.01136
131.833,2155.0,3.01136
131.917,2189.0,2.61364
132.0,2204.0,3.06818
132.083,2095.0,3.29545
132.167,2058.0,2.89773
132.25,2040.0,3.01136
132.25,2034.0,3.01136
132.333,1980.0,3.01136
132.333,1873.0,0.965909
132.417,1871.0,2.67045
132.5,1921.0,2.89773
132.5,1927.0,2.89773
132.583,1886.0,1.19318
132.667,1877.0,2.72727
132.75,1909.0,3.23864
132.833,1931.0,2.67045
132.917,1925.0,2.72727
132.917,1937.0,2.72727
132.917,2018.0,2.72727
133.0,2082.0,0.909091
133.083,2076.0,2.95454
133.167,2021.0,2.95454
133.167,2010.0,2.27273
133.25,2013.0,2.27273
133.333,2030.0,1.36364
133.417,1998.0,3.40909
133.5,1951.0,2.67045
133.5,1892.0,2.67045
133.5,1851.0,2.67045
133.5,1851.0,2.67045
133.583,1815.0,0.852273
133.667,1786.0,2.55682
133.75,1701.0,2.38636
133.833,1687.0,2.38636
133.917,1713.0,2.10227
134.0,1788.0,2.61364
134.083,1826.0,2.78409
134.083,1790.0,2.72727
134.167,1790.0,2.32954
134.25,1770.0,2.32954
134.333,1785.0,2.32954
134.333,1792.0,2.21591
134.417,1802.0,2.21591
134.5,1765.0,1.25
134.5,1689.0,2.5
134.583,1620.0,2.32954
134.667,1590.0,2.32954
134.75,1643.0,2.32954
134.833,1799.0,2.61364
134.833,1836.0,2.27273
134.917,1822.0,2.32954
135.0,1794.0,2.21591
135.083,1792.0,2.21591
135.083,1827.0,1.93182
135.167,1886.0,1.98864
135.167,1978.0,1.98864
135.25,2007.0,1.30682
135.333,2045.0,1.30682
135.333,2068.0,2.10227
135.417,2107.0,2.04545
135.5,2081.0,2.04545
135.583,1961.0,1.81818
135.583,1961.0,2.15909
135.667,1984.0,2.5
135.75,1991.0,2.21591
135.833,1987.0,2.21591
135.833,1988.0,1.93182
135.917,1945.0,1.98864
136.0,1850.0,1.98864
136.0,1789.0,1.93182
136.083,1770.0,1.76136
136.167,1722.0,1.76136
136.25,1722.0,2.44318
136.25,1667.0,1.98864
136.333,1630.0,1.98864
136.333,1760.0,1.98864
136.333,1865.0,1.98864
136.333,1876.0,1.98864
136.333,1823.0,1.98864
136.417,1798.0,0.625
136.5,1798.0,2.10227
136.5,1826.0,2.10227
136.583,1838.0,1.64773
136.667,1832.0,1.64773
136.667,1797.0,2.04545
136.75,1790.0,1.875
136.833,1788.0,1.875
136.833,1776.0,1.53409
136.917,1738.0,1.53409
137.0,1730.0,1.70455
137.0,1752.0,1.98864
137.083,1717.0,1.98864
137.083,1635.0,1.81818
137.167,1463.0,1.81818
137.167,1459.0,1.30682
137.25,1461.0,1.875
137.25,1491.0,1.875
137.333,1527.0,1.53409
137.417,1581.0,1.53409
137.417,1654.0,1.59091
137.5,1713.0,1.59091
137.5,1634.0,1.30682
137.5,1471.0,1.30682
137.5,1476.0,1.30682
137.5,1551.0,1.30682
137.583,1607.0,0.681818
137.583,1622.0,0.681818
137.667,1589.0,1.25
137.667,1588.0,1.25
137.75,1573.0,1.47727
137.75,1601.0,1.47727
137.75,1654.0,1.47727
137.75,1727.0,1.47727
137.75,1792.0,1.47727
137.833,1792.0,0.625
137.833,1807.0,0.625
137.917,1816.0,0.625
137.917,1768.0,1.19318
137.917,1685.0,1.19318
137.917,1649.0,1.19318
137.917,1645.0,1.19318
138.0,1655.0,1.19318
138.0,1638.0,0.568182
138.0,1639.0,0.568182
138.083,1606.0,0.568182
138.083,1608.0,0.965909
138.083,1619.0,0.965909
138.167,1654.0,1.13636
138.167,1690.0,1.13636
138.167,1716.0,1.13636
138.25,1697.0,0.909091
138.25,1707.0,0.909091
138.25,1705.0,0.909091
138.25,1752.0,0.909091
138.333,1802.0,0.738636
138.333,1810.0,0.738636
138.333,1817.0,0.738636
138.333,1815.0,0.738636
138.333,1790.0,0.738636
138.417,1809.0,0.738636
138.417,1842.0,0.511364
138.417,1880.0,0.511364
138.417,1982.0,0.511364
138.417,2022.0,0.511364
138.417,2065.0,0.511364
138.417,2101.0,0.511364
138.5,2125.0,0.511364
138.5,2108.0,0.397727
138.5,2139.0,0.397727
138.5,2172.0,0.397727
138.583,2156.0,0.397727
138.583,2106.0,0.795454
138.583,2066.0,0.795454
138.583,2071.0,0.795454
138.667,2070.0,0.738636
138.667,2068.0,0.738636
138.667,2028.0,0.738636
138.667,2028.0,0.738636
138.75,2002.0,0.681818
138.75,2006.0,0.681818
138.75,1996.0,0.681818
138.833,1978.0,0.681818
138.833,1977.0,0.795454
138.833,1932.0,0.795454
138.833,1889.0,0.795454
138.917,1805.0,0.795454
138.917,1715.0,0.681818
138.917,1685.0,0.681818
138.917,1706.0,0.681818
138.917,1686.0,0.681818
139.0,1661.0,0.625
139.0,1632.0,0.625
139.0,1623.0,0.625
139.0,1612.0,0.625
139.083,1632.0,0.625
139.083,1668.0,0.625
139.083,1638.0,0.625
139.083,1596.0,0.625
139.083,1553.0,0.625
139.167,1546.0,0.625
139.167,1577.0,0.568182
139.167,1600.0,0.568182
139.167,1560.0,0.568182
139.167,1408.0,0.568182
139.167,1145.0,0.568182
139.25,694.0,0.568182
139.25,321.0,0.454545
139.25,19.0,0.454545
139.25,0.0,0.454545
139.25,0.0,0.454545
139.25,0.0,0.454545
139.25,0.0,0.454545
139.25,0.0,0.454545
139.25,1.0,0.454545
139.25,0.0,0.454545
139.25,18.0,0.454545
139.25,2.0,0.454545
139.25,0.0,0.454545
139.25,0.0,0.454545
139.25,0.0,0.454545
139.25,0.0,0.454545
139.25,0.0,0.454545
139.25,0.0,0.454545
139.25,0.0,0.454545
139.25,0.0,0.454545
139.25,0.0,0.454545
139.25,0.0,0.454545
139.25,0.0,0.454545
139.25,0.0,0.454545
139.25,0.0,0.454545
139.25,0.0,0.454545
139.25,0.0,0.454545
139.25,0.0,0.454545
139.25,0.0,0.454545
139.25,0.0,0.454545
139.25,0.0,0.454545
139.25,0.0,0.454545
139.25,0.0,0.454545
139.25,0.0,0.454545
139.25,0.0,0.454545
139.25,1.0,0.454545
139.25,0.0,0.454545
139.25,1.0,0.454545
139.25,0.0,0.454545
139.25,0.0,0.454545
139.25,0.0,0.454545
139.25,0.0,0.454545
139.25,0.0,0.454545
139.25,0.0,0.454545
139.25,0.0,0.454545
139.25,0.0,0.454545
139.25,0.0,0.454545
139.25,0.0,0.454545
139.25,1.0,0.454545
139.25,0.0,0.454545
139.25,0.0,0.454545
139.25,0.0,0.0
139.25,0.0,0.0
139.25,0.0,0.0
139.25,0.0,0.0
139.25,0.0,0.0
139.25,0.0,0.0
139.25,0.0,0.0
139.25,0.0,0.0
139.25,0.0,0.0
139.25,0.0,0.0
139.25,0.0,0.0
139.25,0.0,0.0
139.25,0.0,0.0
139.25,0.0,0.0
139.25,0.0,0.0
139.25,0.0,0.0
139.25,0.0,0.0
139.25,0.0,0.0
