0.0,0.0,0.0
0.0,0.0,0.0
0.0,0.0,0.0
0.0,1.0,0.0
0.0,0.0,0.0
0.0,0.0,0.0
0.0,0.0,0.0
0.0,0.0,0.0
0.0,0.0,0.0
0.0,0.0,0.0
0.0,0.0,0.0
0.0,0.0,0.0
0.0,0.0,0.0
0.0,1.0,0.0
0.0,0.0,0.0
0.0,0.0,0.0
0.0,0.0,0.0
0.0,0.0,0.0
0.0,0.0,0.0
0.0,0.0,0.0
0.0,0.0,0.0
0.0,0.0,0.0
0.0,0.0,0.0
0.0,0.0,0.0
0.0,1.0,0.0
0.0,0.0,0.0
0.0,0.0,0.0
0.0,0.0,0.0
0.0,0.0,0.0
0.0,0.0,0.0
0.0,0.0,0.0
0.0,0.0,0.0
0.0,0.0,0.0
0.0,1.0,0.0
0.0,0.0,0.0
0.0,1.0,0.0
0.0,0.0,0.0
0.0,0.0,0.0
0.0,0.0,0.0
0.0,0.0,0.0
0.0,1.0,0.0
0.0,0.0,0.0
0.0,0.0,0.0
0.0,0.0,0.0
0.0,1.0,0.0
0.0,0.0,0.0
0.0,0.0,0.0
0.0,0.0,0.0
0.0,0.0,0.0
0.0,0.0,0.0
0.0,0.0,0.0
0.0,0.0,0.0
0.0,1.0,0.0
0.0,0.0,0.0
0.0,0.0,0.0
0.0,1.0,0.0
0.0,0.0,0.0
0.0,0.0,0.0
0.0,0.0,0.0
0.0,0.0,0.0
0.0,0.0,0.0
0.0,0.0,0.0
0.0,0.0,0.0
0.0,0.0,0.0
0.0,0.0,0.0
0.0,0.0,0.0
0.0,0.0,0.0
0.0,0.0,0.0
0.0,0.0,0.0
0.0,0.0,0.0
0.0,0.0,0.0
0.0,0.0,0.0
0.0,1.0,0.0
0.0,0.0,0.0
0.0,0.0,0.0
0.0,0.0,0.0
0.0,0.0,0.0
0.0,0.0,0.0
0.0,1.0,0.0
0.0,0.0,0.0
0.0,0.0,0.0
0.0,0.0,0.0
0.0,0.0,0.0
0.0,0.0,0.0
0.0,0.0,0.0
0.0,0.0,0.0
0.0,0.0,0.0
0.0,0.0,0.0
0.0,0.0,0.0
0.0,0.0,0.0
0.0,0.0,0.0
0.0,0.0,0.0
0.0,0.0,0.0
0.0,0.0,0.0
0.0,0.0,0.0
0.0,0.0,0.0
0.0,0.0,0.0
0.0,0.0,0.0
0.0,0.0,0.0
0.0,0.0,0.0
0.0,0.0,0.0
0.0,0.0,0.0
0.0,0.0,0.0
0.0,0.0,0.0
0.0,0.0,0.0
0.0,0.0,0.0
0.0,0.0,0.0
0.0,0.0,0.0
0.0,0.0,0.0
0.0,0.0,0.0
0.0,0.0,0.0
0.0,0.0,0.0
0.0,0.0,0.0
0.0,1.0,0.0
0.0,1.0,0.0
0.0,0.0,0.0
0.0,0.0,0.0
0.0,0.0,0.0
0.0,0.0,0.0
0.0,0.0,0.0
0.0,0.0,0.0
0.0,1.0,0.0
0.0,0.0,0.0
0.0,0.0,0.0
0.0,0.0,0.0
0.0,0.0,0.0
0.0,0.0,0.0
0.0,0.0,0.0
0.0,0.0,0.0
0.0,0.0,0.0
0.0,0.0,0.0
0.0,0.0,0.0
0.0,0.0,0.0
0.0,0.0,0.0
0.0,0.0,0.0
0.0,0.0,0.0
0.0,0.0,0.0
0.0,0.0,0.0
0.0,1.0,0.0
0.0,0.0,0.0
0.0,0.0,0.0
0.0,0.0,0.0
0.0,0.0,0.0
0.0,0.0,0.0
0.0,0.0,0.0
0.0,1.0,0.0
0.0,0.0,0.0
0.0,0.0,0.0
0.0,0.0,0.0
0.0,0.0,0.0
0.0,0.0,0.0
0.0,0.0,0.0
0.0,0.0,0.0
0.0,0.0,0.0
0.0,0.0,0.0
0.0,0.0,0.0
0.0,0.0,0.0
0.0,0.0,0.0
0.0,0.0,0.0
0.0,0.0,0.0
0.0,0.0,0.0
0.0,0.0,0.0
0.0,0.0,0.0
0.0,0.0,0.0
0.0,0.0,0.0
0.0,0.0,0.0
0.0,0.0,0.0
0.0,0.0,0.0
0.0,0.0,0.0
0.0,0.0,0.0
0.0,0.0,0.0
0.0,0.0,0.0
0.0,0.0,0.0
0.0,1.0,0.0
0.0,1.0,0.0
0.0,0.0,0.0
0.0,0.0,0.0
0.0,0.0,0.0
0.0,0.0,0.0
0.0,0.0,0.0
0.0,0.0,0.0
0.0,0.0,0.0
0.0,0.0,0.0
0.0,0.0,0.0
0.0,0.0,0.0
0.0,0.0,0.0
0.0,0.0,0.0
0.0,0.0,0.0
0.0,0.0,0.0
0.0,0.0,0.0
0.0,0.0,0.0
0.0,0.0,0.0
0.0,1.0,0.0
0.0,0.0,0.0
0.0,0.0,0.0
0.0,0.0,0.0
0.0,0.0,0.0
0.0,659.0,0.0
0.0,1363.0,0.0
0.0,1525.0,0.0
0.0,1170.0,0.0
0.0,415.0,0.0
0.0,245.0,0.0
0.0,115.0,0.0
0.0,115.0,0.0
0.0,243.0,0.0
0.0,511.0,0.0
0.0,499.0,0.0
0.0,499.0,0.0
0.0,413.0,0.0
0.0,361.0,0.0
0.0,405.0,0.0
0.0,393.0,0.0
0.0,315.0,0.0
0.0,213.0,0.0
0.0,131.0,0.0
0.0,154.0,0.0
0.0,216.0,0.0
0.0,267.0,0.0
0.0,265.0,0.0
0.0,226.0,0.0
0.0,221.0,0.0
0.0,247.0,0.0
0.0,281.0,0.0
0.0,282.0,0.0
0.0,251.0,0.0
0.0,228.0,0.0
0.0,223.0,0.0
0.0,273.0,0.0
0.0,393.0,0.0
0.0,496.0,0.0
0.0,550.0,0.0
0.0,671.0,0.0
0.0,747.0,0.0
0.0,815.0,0.0
0.0,851.0,0.0
0.0,869.0,0.0
0.0,855.0,0.0
0.0,827.0,0.0
0.0,837.0,0.0
0.0,875.0,0.0
0.0,919.0,0.0
0.0,962.0,0.0
0.0,963.0,0.0
0.0,957.0,0.0
0.0,957.0,0.0
0.0,964.0,0.0
0.0,952.0,0.0
0.0,936.0,0.0
0.0,924.0,0.0
0.0,920.0,0.0
0.0,920.0,0.0
0.0,924.0,0.113636
0.0,912.0,0.113636
0.0,886.0,0.113636
0.0,845.0,0.113636
0.0,791.0,0.113636
0.0,801.0,0.113636
0.0,825.0,0.113636
0.0,847.0,0.113636
0.0,844.0,0.113636
0.0,839.0,0.113636
0.0,825.0,0.113636
0.0833333,825.0,0.0
0.0833333,846.0,0.0
0.0833333,901.0,0.0
0.0833333,965.0,0.0
0.0833333,1006.0,0.0
0.0833333,1036.0,0.0
0.0833333,1069.0,0.0
0.0833333,1058.0,0.0
0.0833333,1011.0,0.0
0.0833333,942.0,0.0
0.0833333,892.0,0.0
0.0833333,948.0,0.0
0.0833333,948.0,0.0
0.0833333,1091.0,0.0
0.0833333,1179.0,0.0
0.0833333,1181.0,0.0
0.0833333,1118.0,0.0
0.0833333,1071.0,0.0
0.0833333,1068.0,0.0
0.0833333,1122.0,0.0
0.166667,1149.0,0.113636
0.166667,1165.0,0.113636
0.166667,1191.0,0.113636
0.166667,1238.0,0.113636
0.166667,1314.0,0.113636
0.166667,1337.0,0.113636
0.166667,1338.0,0.113636
0.166667,1330.0,0.113636
0.166667,1275.0,0.113636
0.166667,1203.0,0.113636
0.25,1184.0,0.113636
0.25,1184.0,0.284091
0.25,1208.0,0.284091
0.25,1279.0,0.284091
0.25,1322.0,0.284091
0.25,1336.0,0.284091
0.25,1359.0,0.284091
0.25,1373.0,0.284091
0.25,1352.0,0.284091
0.333333,1350.0,0.340909
0.333333,1370.0,0.340909
0.333333,1370.0,0.340909
0.333333,1419.0,0.340909
0.333333,1429.0,0.340909
0.333333,1390.0,0.340909
0.416667,1302.0,0.340909
0.416667,1183.0,0.397727
0.416667,1131.0,0.397727
0.416667,1203.0,0.397727
0.416667,1318.0,0.397727
0.416667,1430.0,0.397727
0.5,1581.0,0.511364
0.5,1635.0,0.511364
0.5,1649.0,0.511364
0.5,1668.0,0.511364
0.583333,1648.0,0.511364
0.583333,1494.0,0.625
0.583333,1367.0,0.625
0.583333,1307.0,0.625
0.666667,1305.0,0.625
0.666667,1289.0,0.681818
0.666667,1252.0,0.681818
0.666667,1229.0,0.681818
0.75,1247.0,0.681818
0.75,1350.0,0.738636
0.75,1432.0,0.738636
0.75,1530.0,0.738636
0.833333,1647.0,0.795454
0.833333,1766.0,0.795454
0.833333,1799.0,0.795454
0.916667,1732.0,0.909091
0.916667,1601.0,0.909091
0.916667,1469.0,0.909091
1.0,1469.0,0.909091
1.0,1297.0,0.909091
1.0,1236.0,0.909091
1.0,1225.0,0.909091
1.0,1279.0,0.909091
1.0,1446.0,0.909091
1.0,1599.0,0.909091
1.0,1630.0,0.909091
1.0,1650.0,0.909091
1.0,1670.0,0.909091
1.0,1747.0,0.909091
1.0,1878.0,0.909091
1.0,1926.0,0.909091
1.0,1926.0,0.909091
1.0,1895.0,0.909091
1.0,1814.0,0.909091
1.0,1735.0,0.909091
1.0,1689.0,0.909091
1.0,1721.0,0.909091
1.08333,1813.0,0.909091
1.08333,1836.0,0.170455
1.16667,1826.0,0.170455
1.16667,1824.0,1.42045
1.25,1925.0,1.42045
1.25,1934.0,1.42045
1.33333,1993.0,1.42045
1.33333,2032.0,1.70455
1.41667,2101.0,1.81818
1.5,2205.0,1.81818
1.5,2228.0,1.59091
1.58333,2175.0,1.59091
1.58333,2078.0,1.70455
1.58333,1968.0,1.70455
1.58333,1958.0,1.70455
1.66667,1981.0,0.795454
1.75,2007.0,2.55682
1.75,1984.0,2.55682
1.75,1978.0,2.55682
1.83333,1979.0,0.909091
1.91667,2047.0,2.38636
1.91667,2137.0,2.38636
1.91667,2165.0,2.38636
2.0,2189.0,2.38636
2.0,2189.0,0.852273
2.08333,2206.0,1.98864
2.16667,2201.0,2.32954
2.25,2164.0,2.32954
2.25,2152.0,2.04545
2.25,2139.0,2.04545
2.33333,2094.0,1.07955
2.41667,1965.0,1.07955
2.41667,1913.0,2.32954
2.41667,1878.0,2.32954
2.41667,1878.0,2.32954
2.5,1701.0,2.32954
2.5,1447.0,0.681818
2.58333,1398.0,2.27273
2.66667,1441.0,1.93182
2.75,1521.0,1.93182
2.83333,1563.0,2.21591
2.91667,1534.0,2.84091
2.91667,1529.0,2.38636
2.91667,1556.0,2.38636
3.0,1610.0,2.38636
3.08333,1595.0,1.07955
3.16667,1557.0,2.89773
3.25,1469.0,2.84091
3.33333,1467.0,2.55682
3.33333,1515.0,2.38636
3.41667,1647.0,2.5
3.5,1780.0,2.84091
3.58333,1843.0,2.61364
3.66667,1818.0,2.55682
3.66667,1858.0,2.55682
3.66667,1973.0,2.55682
3.75,1988.0,0.909091
3.83333,1851.0,2.72727
3.91667,1675.0,3.18182
4.0,1623.0,3.125
4.08333,1542.0,3.125
4.16667,1405.0,3.18182
4.25,1378.0,2.61364
4.33333,1427.0,3.125
4.5,1461.0,3.01136
4.5,1452.0,2.84091
4.66667,1457.0,2.84091
4.75,1457.0,4.09091
4.75,1573.0,2.5
4.83333,1696.0,2.5
4.91667,1836.0,3.18182
5.0,1953.0,3.69318
5.16667,2012.0,3.69318
5.25,2000.0,3.52273
5.33333,1946.0,3.23864
5.41667,1924.0,3.29545
5.5,1905.0,3.52273
5.58333,1899.0,3.40909
5.75,1820.0,3.40909
5.83333,1681.0,3.40909
5.91667,1513.0,3.63636
6.0,1315.0,3.23864
6.16667,1264.0,3.23864
6.25,1250.0,3.63636
6.33333,1311.0,3.125
6.33333,1524.0,3.97727
6.41667,1621.0,3.97727
6.5,1673.0,1.25
6.58333,1730.0,3.86364
6.66667,1812.0,3.52273
6.66667,1837.0,3.52273
6.75,1822.0,1.30682
6.83333,1811.0,3.63636
6.83333,1767.0,3.63636
7.0,1717.0,3.63636
7.0,1704.0,3.97727
7.08333,1698.0,3.97727
7.16667,1698.0,3.80682
7.33333,1605.0,3.86364
7.41667,1470.0,3.40909
7.58333,1367.0,3.40909
7.58333,1266.0,3.46591
7.75,1187.0,3.46591
7.83333,1141.0,4.26136
8.0,1142.0,4.20454
8.08333,1218.0,4.03409
8.25,1360.0,4.03409
8.33333,1535.0,5.0
8.41667,1625.0,4.03409
8.58333,1625.0,4.03409
8.58333,1645.0,4.09091
8.66667,1618.0,4.09091
8.75,1531.0,4.20454
8.91667,1482.0,4.20454
9.08333,1542.0,4.26136
9.16667,1585.0,4.60227
9.33333,1460.0,4.60227
9.41667,1272.0,4.60227
9.5,1281.0,3.86364
9.58333,1279.0,3.86364
9.75,1333.0,3.92045
9.75,1371.0,4.48864
9.91667,1379.0,4.48864
10.0,1403.0,4.375
10.1667,1449.0,4.375
10.25,1539.0,4.03409
10.4167,1619.0,4.60227
10.5,1541.0,4.26136
10.6667,1513.0,4.20454
10.75,1521.0,4.09091
10.8333,1366.0,4.09091
10.9167,1322.0,5.22727
11.0833,1321.0,5.22727
11.1667,1322.0,5.05682
11.3333,1410.0,5.05682
11.5,1457.0,5.0
11.5833,1436.0,4.26136
11.75,1432.0,4.26136
11.8333,1473.0,4.60227
12.0,1533.0,4.60227
12.1667,1502.0,4.60227
12.25,1389.0,4.60227
12.4167,1233.0,4.60227
12.5,1183.0,4.82954
12.6667,1260.0,4.82954
12.8333,1334.0,4.77273
12.9167,1386.0,4.65909
13.0,1386.0,4.65909
13.0833,1407.0,4.09091
13.0833,1447.0,4.09091
13.0833,1521.0,4.09091
13.25,1570.0,4.09091
13.4167,1570.0,4.77273
13.5,1464.0,4.60227
13.5833,1371.0,5.05682
13.75,1253.0,5.05682
13.8333,1102.0,4.82954
14.0,1017.0,4.82954
14.1667,1090.0,4.82954
14.25,1124.0,4.82954
14.4167,1112.0,4.82954
14.5833,1087.0,4.71591
14.5833,1040.0,4.14773
14.75,1058.0,4.14773
14.8333,1111.0,4.71591
15.0,1193.0,4.77273
15.1667,1171.0,4.77273
15.1667,1204.0,4.71591
15.3333,1275.0,4.71591
15.4167,1355.0,4.31818
15.5833,1369.0,4.31818
15.5833,1283.0,4.26136
15.6667,1151.0,4.26136
15.8333,1001.0,4.26136
15.9167,876.0,5.17045
16.0,810.0,5.17045
16.0,927.0,2.10227
16.0,1053.0,2.10227
16.1667,1147.0,2.10227
16.25,1250.0,4.88636
16.3333,1356.0,4.88636
16.4167,1316.0,4.375
16.5,1216.0,4.375
16.6667,1154.0,4.375
16.8333,1235.0,4.77273
16.9167,1292.0,4.43182
17.0833,1287.0,4.43182
17.1667,1252.0,4.94318
17.25,1197.0,2.44318
17.4167,1193.0,4.375
17.5833,1064.0,4.375
17.5833,956.0,4.43182
17.5833,940.0,4.43182
17.5833,1055.0,4.43182
17.6667,1096.0,4.43182
17.6667,1096.0,0.795454
17.8333,1111.0,1.64773
17.9167,1122.0,4.14773
18.0833,1116.0,4.77273
18.1667,1151.0,4.71591
18.3333,1212.0,4.71591
18.4167,1252.0,5.56818
18.5833,1285.0,4.54545
18.6667,1368.0,5.28409
18.8333,1368.0,4.77273
18.8333,1281.0,4.31818
18.9167,1138.0,1.64773
18.9167,891.0,1.64773
19.0833,784.0,1.64773
19.25,756.0,4.43182
19.4167,756.0,4.48864
19.4167,818.0,5.96591
19.5833,849.0,5.96591
19.75,893.0,5.0
19.8333,957.0,4.60227
19.9167,1086.0,5.0
20.0,1174.0,5.0
20.0833,1233.0,5.28409
20.1667,1232.0,5.28409
20.3333,1186.0,5.28409
20.5,1003.0,5.0
20.6667,848.0,4.94318
20.75,732.0,4.71591
20.9167,648.0,5.05682
21.0,747.0,4.82954
21.1667,920.0,4.82954
21.3333,1032.0,4.94318
21.3333,1130.0,6.19318
21.3333,1197.0,6.19318
21.3333,1133.0,6.19318
21.3333,1054.0,6.19318
21.5,1026.0,6.19318
21.6667,1025.0,5.22727
21.8333,953.0,4.94318
22.0,882.0,4.94318
22.1667,857.0,5.11364
22.25,862.0,5.56818
22.3333,862.0,4.77273
22.5,914.0,4.77273
22.5833,995.0,5.28409
22.5833,1043.0,5.28409
22.75,1064.0,5.28409
22.9167,1055.0,5.28409
23.0,1049.0,4.71591
23.1667,1068.0,4.71591
23.1667,1061.0,5.90909
23.3333,1034.0,5.90909
23.5,1023.0,5.625
23.5833,986.0,5.34091
23.6667,862.0,5.34091
23.8333,801.0,5.34091
24.0,824.0,5.34091
24.0,993.0,5.56818
24.0,1042.0,5.56818
24.0833,1026.0,5.56818
24.25,985.0,5.56818
24.3333,998.0,5.11364
24.5,999.0,5.11364
24.6667,974.0,5.11364
24.8333,935.0,4.88636
24.9167,924.0,6.36363
25.0833,919.0,6.36363
25.25,910.0,5.51136
25.4167,918.0,5.05682
25.5,930.0,4.82954
25.6667,942.0,4.82954
25.8333,949.0,4.82954
25.9167,936.0,5.39773
26.0,918.0,5.90909
26.1667,869.0,5.90909
26.3333,784.0,5.56818
26.5,699.0,5.56818
26.6667,659.0,5.56818
26.75,699.0,5.73864
26.9167,751.0,5.73864
27.0,1035.0,5.11364
27.0833,1114.0,5.51136
27.0833,1145.0,5.51136
27.1667,1281.0,5.51136
27.1667,1274.0,1.36364
27.3333,1274.0,1.875
27.5,1187.0,5.45454
27.6667,1039.0,5.45454
27.8333,835.0,5.45454
27.9167,793.0,5.0
27.9167,870.0,2.72727
28.0,930.0,2.27273
28.1667,892.0,3.01136
28.25,863.0,5.05682
28.3333,863.0,2.38636
28.5833,888.0,6.13636
28.5833,889.0,6.36363
28.75,965.0,6.36363
28.8333,958.0,5.28409
29.0,896.0,5.28409
29.1667,807.0,5.34091
29.3333,728.0,5.34091
29.5,746.0,5.73864
29.6667,740.0,5.34091
29.6667,728.0,4.94318
29.75,749.0,4.94318
29.9167,780.0,5.28409
29.9167,797.0,5.28409
30.0833,796.0,5.28409
30.1667,837.0,5.39773
30.3333,937.0,5.39773
30.5,907.0,5.79545
30.5,872.0,6.36363
30.5833,872.0,6.36363
30.6667,882.0,1.76136
30.8333,864.0,5.34091
31.0,886.0,5.34091
31.0,931.0,6.19318
31.0833,973.0,6.19318
31.1667,1003.0,1.64773
31.3333,1019.0,2.55682
31.4167,1022.0,4.31818
31.5833,1022.0,4.71591
31.6667,1015.0,6.02273
31.75,1052.0,6.02273
31.9167,1053.0,5.39773
32.0833,995.0,4.82954
32.1667,916.0,5.39773
32.25,916.0,2.67045
32.3333,899.0,5.17045
32.5,957.0,5.17045
32.5,1048.0,5.68182
32.5833,1108.0,1.64773
32.6667,1011.0,2.72727
32.8333,925.0,2.72727
33.0,930.0,5.0
33.1667,965.0,5.0
33.25,967.0,5.0
33.3333,950.0,6.30682
33.4167,920.0,6.30682
33.5,899.0,5.51136
33.5833,884.0,5.51136
33.75,889.0,5.51136
33.75,890.0,5.05682
33.8333,843.0,5.05682
33.9167,815.0,4.65909
34.0833,883.0,4.65909
34.25,1139.0,4.65909
34.3333,1295.0,4.88636
34.3333,1279.0,2.55682
34.5,1104.0,2.55682
34.5833,974.0,5.73864
34.6667,983.0,2.67045
34.6667,1022.0,2.78409
34.75,988.0,1.64773
34.75,788.0,1.64773
34.9167,730.0,1.64773
35.0833,778.0,5.51136
35.1667,875.0,5.56818
35.3333,1022.0,5.56818
35.5,1115.0,5.56818
35.5833,1049.0,5.56818
35.75,981.0,5.56818
35.9167,965.0,5.34091
36.0,959.0,5.05682
36.0,968.0,4.71591
36.0,982.0,4.71591
36.0,989.0,4.71591
36.1667,945.0,4.71591
36.3333,861.0,5.11364
36.5,861.0,5.11364
36.6667,939.0,5.11364
36.75,1109.0,5.39773
36.9167,1255.0,4.71591
37.0,1169.0,3.40909
37.1667,1037.0,5.11364
37.3333,979.0,5.11364
37.3333,1033.0,5.22727
37.3333,1135.0,5.22727
37.5,1138.0,5.22727
37.5,1069.0,4.94318
37.5833,1057.0,4.94318
37.75,1130.0,5.17045
37.9167,1248.0,5.39773
38.0833,1279.0,5.39773
38.25,1248.0,5.45454
38.4167,1214.0,5.45454
38.5,1183.0,5.68182
38.6667,1184.0,5.17045
38.6667,1194.0,4.88636
38.6667,1175.0,4.88636
38.8333,1102.0,4.88636
39.0,1028.0,5.45454
39.1667,1026.0,5.45454
39.3333,1026.0,5.45454
39.5,1091.0,5.51136
39.5,1189.0,4.94318
39.6667,1206.0,4.94318
39.8333,1202.0,5.17045
40.0,1189.0,5.17045
40.0833,1223.0,4.82954
40.0833,1250.0,4.82954
40.1667,1245.0,4.82954
40.3333,1201.0,4.82954
40.4167,1124.0,5.39773
40.5,1093.0,5.73864
40.75,1126.0,5.73864
40.75,1127.0,5.96591
40.9167,1156.0,5.96591
41.0833,1219.0,5.56818
41.0833,1249.0,5.85227
41.1667,1245.0,1.70455
41.3333,1231.0,5.0
41.4167,1231.0,6.19318
41.4167,1211.0,6.19318
41.5833,1198.0,6.19318
41.6667,1191.0,5.0
41.8333,1186.0,5.0
42.0,1154.0,5.17045
42.1667,1106.0,5.17045
42.25,1112.0,5.96591
42.4167,1130.0,5.96591
42.5,1130.0,5.11364
42.5833,1165.0,2.72727
42.75,1134.0,5.0
42.8333,1096.0,5.05682
42.9167,1081.0,2.61364
43.0,1057.0,2.61364
43.0833,1038.0,1.81818
43.25,1070.0,2.61364
43.3333,1128.0,5.96591
43.4167,1157.0,4.71591
43.5,1173.0,2.5
43.6667,1165.0,2.78409
43.75,1180.0,5.17045
43.9167,1196.0,5.17045
43.9167,1143.0,5.34091
43.9167,1069.0,5.34091
43.9167,1082.0,5.34091
44.0,1145.0,0.852273
44.1667,1175.0,2.72727
44.3333,1032.0,5.79545
44.5,953.0,5.79545
44.6667,988.0,5.79545
44.8333,1064.0,5.17045
44.9167,1012.0,4.94318
45.0,957.0,2.55682
45.0,1005.0,2.55682
45.25,1054.0,2.55682
45.3333,1110.0,5.68182
45.5,1082.0,5.68182
45.5,1088.0,5.51136
45.5833,1105.0,5.51136
45.75,1087.0,5.51136
45.9167,1040.0,5.51136
46.0,1066.0,5.28409
46.1667,1066.0,5.28409
46.25,1150.0,4.94318
46.25,1202.0,4.94318
46.4167,1167.0,4.94318
46.4167,1137.0,5.56818
46.4167,1159.0,5.56818
46.5833,1200.0,5.56818
46.75,1183.0,5.56818
46.9167,1159.0,5.625
47.0,1151.0,5.45454
47.0833,1204.0,4.48864
47.25,1254.0,5.28409
47.4167,1183.0,5.45454
47.5833,1133.0,5.45454
47.6667,1114.0,5.45454
47.75,1108.0,5.51136
47.75,1155.0,5.51136
47.9167,1157.0,5.51136
48.0,1115.0,5.11364
48.0833,1115.0,5.11364
48.25,1110.0,5.11364
48.4167,1079.0,5.17045
48.5833,1078.0,5.39773
48.75,1091.0,5.39773
48.9167,1103.0,5.56818
49.0833,1115.0,5.22727
49.25,1100.0,5.34091
49.25,1101.0,5.51136
49.4167,1147.0,5.51136
49.5,1198.0,5.05682
49.5833,1195.0,5.05682
49.75,1140.0,5.05682
49.9167,1115.0,5.79545
49.9167,1107.0,6.19318
50.0833,1070.0,6.19318
50.25,1027.0,6.19318
50.4167,1027.0,5.45454
50.5,1030.0,5.45454
50.6667,1035.0,5.39773
50.6667,1043.0,5.45454
50.6667,1051.0,5.45454
50.75,1022.0,5.45454
50.9167,1022.0,5.45454
51.0833,1052.0,5.28409
51.25,1133.0,5.28409
51.3333,1115.0,5.0
51.5,1065.0,6.53409
51.6667,989.0,5.17045
51.8333,976.0,5.17045
52.0,1005.0,5.17045
52.1667,1009.0,5.17045
52.3333,1010.0,5.11364
52.5,980.0,5.11364
52.6667,990.0,5.625
52.75,1009.0,5.11364
52.9167,1026.0,5.11364
53.0833,1043.0,5.11364
53.25,1105.0,5.11364
53.4167,1133.0,5.28409
53.5833,1161.0,5.34091
53.75,1156.0,5.17045
53.8333,1169.0,5.28409
53.8333,1177.0,5.28409
53.8333,1169.0,5.28409
53.9167,1199.0,0.909091
54.0833,1198.0,0.909091
54.25,1185.0,5.39773
54.4167,1175.0,5.39773
54.5833,1162.0,5.39773
54.75,1143.0,5.51136
54.9167,1138.0,5.51136
55.0833,1115.0,5.51136
55.25,1125.0,5.34091
55.4167,1166.0,5.34091
55.5,1235.0,5.39773
55.6667,1312.0,5.68182
55.75,1355.0,5.96591
55.9167,1363.0,5.96591
56.0833,1362.0,5.17045
56.25,1325.0,5.17045
56.4167,1296.0,5.34091
56.5833,1237.0,5.45454
56.75,1177.0,5.45454
56.9167,1120.0,5.45454
56.9167,1068.0,5.05682
56.9167,1068.0,5.05682
57.0833,1057.0,5.05682
57.25,1091.0,5.05682
57.4167,1099.0,5.39773
57.5,1131.0,5.22727
57.6667,1250.0,5.22727
57.75,1294.0,5.11364
57.75,1256.0,5.11364
58.0,1207.0,5.11364
58.0833,1169.0,5.39773
58.0833,1150.0,4.71591
58.25,1153.0,4.71591
58.4167,1143.0,4.71591
58.5833,1156.0,4.71591
58.6667,1169.0,5.73864
58.6667,1155.0,2.61364
58.75,1155.0,1.76136
58.9167,1179.0,4.65909
59.0833,1192.0,5.51136
59.25,1179.0,5.51136
59.3333,1174.0,5.96591
59.5,1185.0,5.96591
59.5833,1188.0,4.65909
59.5833,1211.0,4.65909
59.75,1206.0,4.65909
59.8333,1168.0,5.45454
60.0,1160.0,5.45454
60.1667,1176.0,5.56818
60.3333,1196.0,5.56818
60.4167,1211.0,5.96591
60.5833,1270.0,5.73864
60.6667,1324.0,4.77273
60.6667,1307.0,2.67045
60.8333,1311.0,2.67045
61.0,1300.0,5.11364
61.1667,1251.0,5.34091
61.1667,1252.0,4.88636
61.25,1242.0,2.61364
61.4167,1262.0,2.61364
61.5833,1294.0,4.43182
61.75,1293.0,4.54545
61.8333,1276.0,5.39773
62.0,1281.0,6.875
62.0,1281.0,6.875
62.1667,1321.0,6.875
62.25,1315.0,5.79545
62.3333,1299.0,5.68182
62.3333,1288.0,5.68182
62.4167,1250.0,5.68182
62.5833,1220.0,5.68182
62.75,1213.0,5.68182
62.9167,1211.0,5.625
63.0833,1215.0,5.625
63.25,1214.0,5.625
63.4167,1195.0,5.56818
63.5833,1180.0,5.56818
63.6667,1185.0,5.625
63.8333,1231.0,5.625
63.8333,1261.0,6.13636
63.8333,1248.0,6.13636
63.9167,1218.0,1.02273
63.9167,1204.0,1.02273
64.0,1212.0,1.76136
64.0833,1203.0,1.76136
64.25,1168.0,1.76136
64.3333,1170.0,5.51136
64.5,1173.0,5.51136
64.6667,1204.0,5.51136
64.8333,1208.0,5.28409
64.9167,1201.0,5.39773
64.9167,1205.0,5.39773
64.9167,1238.0,5.39773
64.9167,1246.0,5.39773
65.0,1251.0,5.39773
65.1667,1259.0,5.39773
65.3333,1262.0,5.79545
65.5,1270.0,5.79545
65.6667,1264.0,5.79545
65.8333,1251.0,5.05682
65.9167,1249.0,4.82954
66.0833,1231.0,5.28409
66.0833,1207.0,5.45454
66.0833,1201.0,5.45454
66.0833,1206.0,5.45454
66.0833,1200.0,5.45454
66.1667,1200.0,5.45454
66.3333,1187.0,5.56818
66.5,1166.0,5.56818
66.6667,1152.0,5.56818
66.75,1170.0,5.73864
66.8333,1228.0,5.96591
67.0,1244.0,5.96591
67.1667,1199.0,5.45454
67.25,1062.0,5.0
67.25,1171.0,5.0
67.25,1259.0,5.0
67.4167,1197.0,5.0
67.5833,1088.0,5.625
67.6667,1118.0,5.625
67.8333,1191.0,5.625
68.0,1223.0,5.625
68.1667,1212.0,5.625
68.3333,1215.0,5.28409
68.5,1237.0,5.56818
68.5833,1251.0,5.625
68.5833,1252.0,5.625
68.5833,1265.0,5.625
68.6667,1270.0,5.625
68.8333,1202.0,5.625
69.0,1069.0,5.56818
69.1667,1045.0,5.56818
69.3333,1173.0,5.56818
69.5,1191.0,5.22727
69.6667,1148.0,5.56818
69.75,1116.0,5.625
69.8333,1142.0,4.94318
70.0,1128.0,4.94318
70.0833,1113.0,5.39773
70.1667,1168.0,5.39773
70.25,1223.0,1.81818
70.3333,1146.0,2.89773
70.5,1139.0,2.89773
70.6667,1128.0,4.88636
70.8333,1225.0,5.05682
71.0,1309.0,5.05682
71.0833,1181.0,4.88636
71.3333,1119.0,4.88636
71.3333,1121.0,5.22727
71.3333,1121.0,5.22727
71.4167,1152.0,5.22727
71.5833,1212.0,5.34091
71.75,1258.0,5.34091
71.9167,1253.0,5.34091
72.0,1191.0,6.07954
72.0833,1139.0,2.67045
72.1667,1163.0,2.67045
72.3333,1164.0,2.67045
72.5,1220.0,4.375
72.5833,1185.0,6.98863
72.6667,1085.0,2.44318
72.75,1223.0,5.51136
72.8333,1399.0,4.94318
72.9167,1426.0,4.94318
73.0,1308.0,5.51136
73.1667,1295.0,5.51136
73.3333,1287.0,5.79545
73.5,1234.0,5.56818
73.5833,1193.0,4.88636
73.75,1218.0,4.88636
73.8333,1243.0,5.28409
74.0,1244.0,5.28409
74.0833,1186.0,5.45454
74.0833,1210.0,4.88636
74.25,1264.0,4.88636
74.4167,1289.0,4.88636
74.5,1289.0,5.17045
74.6667,1282.0,5.17045
74.8333,1241.0,5.17045
75.0,1175.0,5.17045
75.1667,1150.0,5.39773
75.25,1178.0,5.56818
75.3333,1193.0,5.79545
75.3333,1174.0,5.79545
75.3333,1151.0,5.79545
75.3333,1149.0,5.79545
75.5,1160.0,5.79545
75.6667,1199.0,5.625
75.8333,1271.0,5.28409
76.0,1300.0,5.28409
76.1667,1283.0,5.45454
76.3333,1278.0,5.45454
76.5,1278.0,5.45454
76.6667,1284.0,5.45454
76.6667,1259.0,5.28409
76.6667,1236.0,5.28409
76.6667,1226.0,5.28409
76.6667,1221.0,5.28409
76.8333,1216.0,5.28409
77.0,1215.0,5.45454
77.1667,1177.0,5.45454
77.3333,1143.0,5.73864
77.5,1121.0,5.51136
77.6667,1127.0,5.51136
77.8333,1265.0,5.51136
77.9167,1296.0,5.625
78.0,1256.0,5.34091
78.0833,1231.0,5.39773
78.0833,1217.0,5.39773
78.1667,1239.0,5.39773
78.3333,1274.0,5.45454
78.5,1291.0,5.45454
78.6667,1298.0,5.51136
78.8333,1292.0,5.73864
79.0,1241.0,5.56818
79.1667,1245.0,5.56818
79.25,1284.0,5.28409
79.3333,1304.0,2.67045
79.3333,1292.0,2.67045
79.3333,1281.0,2.67045
79.4167,1268.0,2.67045
79.5833,1256.0,2.67045
79.75,1271.0,5.05682
79.9167,1284.0,5.05682
80.0833,1283.0,5.22727
80.25,1280.0,5.22727
80.4167,1273.0,5.22727
80.5833,1270.0,5.22727
80.6667,1264.0,5.68182
80.8333,1248.0,5.68182
80.9167,1236.0,4.82954
80.9167,1233.0,4.82954
81.0,1198.0,1.42045
81.0833,1160.0,1.42045
81.25,1160.0,5.11364
81.4167,1150.0,5.39773
81.5833,1195.0,5.45454
81.75,1222.0,5.45454
81.9167,1220.0,5.45454
82.0,1218.0,5.28409
82.1667,1243.0,5.28409
82.3333,1289.0,5.34091
82.4167,1290.0,5.85227
82.5,1295.0,5.0
82.5833,1294.0,5.34091
82.75,1289.0,5.34091
82.9167,1300.0,5.34091
83.0833,1298.0,5.45454
83.25,1275.0,5.39773
83.4167,1252.0,5.39773
83.5,1253.0,5.22727
83.6667,1252.0,5.22727
83.6667,1248.0,5.39773
83.6667,1244.0,5.39773
83.6667,1226.0,5.39773
83.8333,1194.0,5.39773
84.0,1195.0,5.28409
84.1667,1231.0,5.28409
84.25,1325.0,4.77273
84.3333,1299.0,5.28409
84.5,1269.0,5.28409
84.5833,1314.0,5.28409
84.75,1441.0,5.28409
84.9167,1503.0,5.28409
84.9167,1369.0,5.85227
84.9167,1194.0,5.85227
84.9167,1130.0,5.85227
85.0,1257.0,5.85227
85.1667,1246.0,5.85227
85.3333,1233.0,5.79545
85.5,1232.0,5.79545
85.5833,1292.0,5.39773
85.75,1285.0,5.11364
85.9167,1292.0,5.11364
86.0833,1329.0,5.56818
86.25,1361.0,5.28409
86.4167,1371.0,5.22727
86.4167,1371.0,5.0
86.4167,1348.0,5.0
86.5,1316.0,5.0
86.6667,1238.0,5.39773
86.8333,1204.0,5.11364
87.0,1202.0,5.28409
87.1667,1189.0,5.34091
87.25,1186.0,5.39773
87.3333,1195.0,2.67045
87.5,1197.0,4.71591
87.5833,1156.0,5.45454
87.5833,1172.0,5.45454
87.5833,1268.0,5.45454
87.5833,1355.0,5.45454
87.6667,1315.0,5.45454
87.8333,1279.0,5.45454
88.0,1314.0,5.45454
88.1667,1434.0,5.45454
88.3333,1443.0,5.05682
88.5,1403.0,5.05682
88.5833,1371.0,5.39773
88.75,1349.0,5.39773
88.8333,1348.0,5.39773
88.8333,1308.0,5.39773
88.8333,1243.0,5.39773
88.8333,1210.0,5.39773
89.0,1271.0,5.39773
89.0833,1280.0,5.22727
89.25,1253.0,5.17045
89.4167,1248.0,5.28409
89.5833,1297.0,5.39773
89.75,1349.0,5.39773
89.9167,1365.0,5.17045
90.0,1381.0,6.02273
90.0833,1377.0,6.02273
90.0833,1360.0,2.55682
90.0833,1344.0,2.55682
90.0833,1316.0,2.55682
90.25,1265.0,2.55682
90.4167,1194.0,5.28409
90.5833,1201.0,5.28409
90.75,1220.0,5.51136
90.8333,1241.0,5.51136
91.0,1241.0,5.51136
91.1667,1265.0,5.51136
91.3333,1317.0,5.17045
91.4167,1374.0,5.17045
91.4167,1396.0,2.61364
91.4167,1356.0,2.61364
91.4167,1324.0,2.61364
91.5833,1321.0,2.61364
91.75,1307.0,4.77273
91.9167,1288.0,5.39773
92.0833,1276.0,5.39773
92.25,1271.0,5.34091
92.4167,1242.0,5.34091
92.5833,1221.0,5.34091
92.6667,1218.0,5.11364
92.6667,1274.0,5.11364
92.6667,1297.0,5.11364
92.6667,1291.0,5.11364
92.75,1270.0,5.11364
92.8333,1251.0,0.681818
93.0,1268.0,5.0
93.1667,1267.0,5.11364
93.25,1251.0,5.625
93.4167,1231.0,4.88636
93.4167,1273.0,4.82954
93.5,1299.0,4.82954
93.6667,1255.0,5.11364
93.75,1174.0,4.88636
93.75,1176.0,4.88636
93.75,1241.0,4.88636
93.8333,1276.0,4.88636
93.9167,1277.0,0.909091
94.0833,1243.0,4.77273
94.25,1278.0,4.77273
94.4167,1305.0,5.0
94.5,1306.0,5.28409
94.5833,1257.0,5.0
94.75,1216.0,5.625
94.75,1247.0,5.625
94.75,1309.0,5.625
94.75,1404.0,5.625
94.75,1327.0,5.625
94.8333,1327.0,0.568182
95.0,1304.0,5.05682
95.1667,1358.0,5.22727
95.3333,1456.0,5.22727
95.5,1487.0,5.45454
95.6667,1357.0,5.45454
95.8333,1276.0,5.28409
95.9167,1279.0,5.28409
96.0833,1283.0,5.11364
96.1667,1335.0,5.11364
96.1667,1354.0,5.11364
96.1667,1358.0,5.11364
96.25,1357.0,0.852273
96.4167,1363.0,5.28409
96.5833,1400.0,5.28409
96.75,1425.0,5.34091
96.9167,1407.0,5.34091
97.0833,1282.0,5.34091
97.25,1179.0,5.05682
97.3333,1294.0,5.05682
97.5,1348.0,5.05682
97.6667,1363.0,5.05682
97.75,1331.0,5.39773
97.75,1308.0,5.39773
97.8333,1308.0,1.36364
98.0,1312.0,5.17045
98.1667,1289.0,5.05682
98.3333,1259.0,5.56818
98.5,1255.0,5.0
98.6667,1273.0,5.0
98.75,1296.0,5.45454
98.9167,1286.0,5.22727
99.0833,1275.0,5.22727
99.25,1296.0,5.22727
99.3333,1342.0,5.05682
99.3333,1415.0,5.05682
99.4167,1390.0,5.05682
99.5833,1408.0,5.45454
99.75,1448.0,5.45454
99.9167,1377.0,5.34091
100.0,1182.0,5.11364
100.167,1189.0,5.11364
100.333,1268.0,5.11364
100.5,1268.0,5.11364
100.583,1324.0,4.65909
100.583,1213.0,4.65909
100.583,1192.0,4.65909
100.583,1253.0,4.65909
100.667,1312.0,4.65909
100.833,1310.0,5.0
100.917,1299.0,5.17045
101.083,1307.0,5.05682
101.25,1309.0,5.11364
101.417,1298.0,5.0
101.417,1335.0,4.77273
101.5,1389.0,2.27273
101.667,1477.0,2.78409
101.75,1493.0,4.65909
101.75,1389.0,4.65909
101.75,1341.0,4.65909
101.75,1366.0,4.65909
101.917,1416.0,4.65909
102.083,1432.0,5.0
102.167,1339.0,5.22727
102.333,1336.0,5.22727
102.5,1274.0,5.45454
102.583,1234.0,5.11364
102.667,1344.0,2.44318
102.833,1448.0,4.54545
103.0,1454.0,4.82954
103.167,1382.0,4.82954
103.25,1345.0,5.11364
103.25,1457.0,5.11364
103.333,1496.0,5.11364
103.5,1449.0,5.05682
103.583,1362.0,4.54545
103.75,1286.0,5.0
103.917,1282.0,5.17045
104.083,1281.0,4.88636
104.167,1302.0,4.54545
104.333,1320.0,4.54545
104.5,1323.0,4.71591
104.583,1316.0,5.05682
104.75,1314.0,5.05682
104.917,1299.0,5.17045
104.917,1252.0,5.0
105.0,1252.0,5.0
105.167,1195.0,5.0
105.333,1223.0,5.0
105.417,1284.0,4.65909
105.583,1349.0,4.65909
105.75,1281.0,4.65909
105.917,1219.0,4.82954
106.0,1218.0,4.77273
106.167,1312.0,4.71591
106.167,1333.0,4.375
106.167,1328.0,4.375
106.167,1326.0,4.375
106.167,1290.0,4.375
106.333,1211.0,4.375
106.5,1191.0,4.88636
106.583,1220.0,5.17045
106.75,1269.0,5.17045
106.917,1324.0,5.0
107.0,1350.0,4.71591
107.167,1363.0,4.54545
107.25,1402.0,4.31818
107.417,1416.0,4.71591
107.583,1441.0,4.71591
107.667,1499.0,4.48864
107.833,1602.0,4.375
107.833,1668.0,4.26136
107.833,1617.0,4.26136
108.0,1541.0,4.26136
108.083,1497.0,4.82954
108.25,1562.0,4.82954
108.417,1613.0,4.88636
108.5,1497.0,4.65909
108.667,1411.0,4.60227
108.75,1401.0,4.20454
108.917,1411.0,4.77273
109.0,1464.0,4.60227
109.083,1519.0,4.20454
109.083,1505.0,4.20454
109.083,1477.0,4.20454
109.083,1504.0,4.20454
109.083,1536.0,4.20454
109.25,1589.0,4.20454
109.333,1589.0,4.48864
109.5,1674.0,4.48864
109.667,1694.0,4.48864
109.75,1602.0,5.05682
109.917,1524.0,4.43182
110.0,1468.0,4.54545
110.167,1458.0,4.54545
110.25,1476.0,4.26136
110.417,1508.0,4.26136
110.583,1518.0,4.48864
110.667,1527.0,4.60227
110.833,1587.0,4.60227
110.917,1693.0,4.31818
111.083,1742.0,4.375
111.167,1726.0,4.375
111.333,1694.0,4.375
111.5,1709.0,4.43182
111.583,1689.0,5.05682
111.75,1697.0,4.48864
111.833,1718.0,4.43182
112.0,1681.0,4.43182
112.167,1677.0,4.375
112.25,1645.0,4.26136
112.417,1600.0,4.48864
112.5,1620.0,4.31818
112.5,1655.0,4.26136
112.5,1639.0,4.26136
112.667,1629.0,4.26136
112.75,1635.0,4.48864
112.917,1604.0,4.48864
113.083,1619.0,4.48864
113.167,1656.0,4.94318
113.333,1674.0,4.54545
113.417,1608.0,4.43182
113.583,1500.0,4.43182
113.667,1498.0,4.43182
113.833,1549.0,4.43182
114.0,1589.0,4.43182
114.083,1518.0,4.31818
114.167,1495.0,4.26136
114.333,1536.0,4.31818
114.417,1594.0,5.22727
114.5,1707.0,2.27273
114.667,1707.0,4.20454
114.75,1798.0,4.48864
114.917,1852.0,4.48864
115.0,1823.0,5.28409
115.167,1700.0,5.28409
115.333,1652.0,5.28409
115.417,1654.0,4.82954
115.5,1653.0,4.60227
115.583,1666.0,4.60227
115.583,1578.0,2.04545
115.583,1557.0,2.04545
115.667,1594.0,2.04545
115.75,1656.0,4.94318
115.917,1621.0,4.94318
116.0,1583.0,3.69318
116.167,1587.0,3.69318
116.333,1610.0,4.31818
116.417,1665.0,4.60227
116.583,1694.0,4.48864
116.667,1674.0,4.94318
116.75,1633.0,4.43182
116.833,1633.0,2.10227
116.917,1666.0,4.20454
116.917,1650.0,4.20454
117.0,1608.0,4.20454
117.083,1587.0,4.65909
117.25,1588.0,4.65909
117.333,1587.0,4.43182
117.5,1589.0,4.43182
117.583,1586.0,4.65909
117.75,1582.0,4.65909
117.917,1636.0,4.48864
118.0,1668.0,4.26136
118.083,1688.0,4.20454
118.167,1697.0,2.10227
118.333,1683.0,4.26136
118.417,1700.0,3.86364
118.5,1664.0,4.09091
118.5,1578.0,4.09091
118.667,1507.0,4.09091
118.75,1517.0,3.86364
118.833,1534.0,4.375
118.917,1573.0,4.375
119.083,1573.0,4.375
119.167,1620.0,4.43182
119.333,1525.0,4.43182
119.417,1481.0,4.20454
119.5,1548.0,3.69318
119.583,1619.0,2.38636
119.75,1780.0,4.09091
119.833,1778.0,4.26136
119.833,1699.0,4.26136
119.833,1634.0,4.26136
119.917,1602.0,4.26136
119.917,1538.0,0.852273
120.083,1472.0,2.38636
120.167,1416.0,3.46591
120.333,1401.0,4.03409
120.417,1465.0,4.48864
120.583,1515.0,4.48864
120.667,1557.0,4.375
120.833,1629.0,4.26136
120.917,1762.0,4.26136
121.083,1825.0,4.26136
121.167,1811.0,4.26136
121.25,1786.0,4.26136
121.25,1765.0,4.26136
121.25,1681.0,4.26136
121.25,1642.0,4.26136
121.333,1601.0,4.26136
121.333,1558.0,0.625
121.417,1514.0,2.10227
121.583,1563.0,3.97727
121.667,1642.0,4.09091
121.833,1721.0,4.09091
121.917,1778.0,5.0
122.0,1789.0,3.75
122.083,1791.0,2.04545
122.25,1780.0,3.86364
122.333,1756.0,4.71591
122.5,1714.0,4.71591
122.5,1665.0,3.80682
122.5,1645.0,3.80682
122.5,1636.0,3.80682
122.5,1670.0,3.80682
122.667,1670.0,3.80682
122.75,1749.0,4.82954
122.75,1772.0,4.82954
122.833,1755.0,4.82954
123.0,1711.0,4.82954
123.0,1695.0,5.05682
123.083,1707.0,1.93182
123.167,1708.0,4.48864
123.25,1666.0,4.48864
123.417,1561.0,4.48864
123.5,1533.0,4.31818
123.583,1550.0,3.86364
123.667,1596.0,4.54545
123.667,1612.0,4.54545
123.667,1625.0,4.54545
123.75,1691.0,4.54545
123.833,1762.0,4.03409
124.0,1817.0,3.97727
124.083,1888.0,3.75
124.25,1891.0,3.75
124.333,1870.0,4.26136
124.417,1873.0,4.26136
124.583,1819.0,4.26136
124.667,1699.0,3.29545
124.667,1646.0,4.20454
124.833,1613.0,4.20454
124.917,1604.0,3.46591
125.0,1597.0,3.52273
125.083,1615.0,3.86364
125.083,1638.0,3.86364
125.167,1668.0,3.86364
125.25,1730.0,0.965909
125.25,1767.0,4.09091
125.417,1796.0,4.09091
125.5,1821.0,4.43182
125.667,1814.0,4.43182
125.75,1742.0,4.09091
125.833,1667.0,3.80682
126.0,1615.0,3.80682
126.0,1591.0,3.92045
126.167,1513.0,3.92045
126.25,1448.0,3.86364
126.333,1437.0,3.63636
126.417,1437.0,3.97727
126.5,1489.0,3.97727
126.5,1590.0,3.97727
126.5,1652.0,3.97727
126.583,1675.0,0.909091
126.667,1702.0,2.15909
126.75,1839.0,3.23864
126.833,1870.0,3.23864
126.917,1817.0,1.93182
127.083,1784.0,4.03409
127.167,1749.0,4.03409
127.25,1677.0,3.75
127.333,1679.0,3.75
127.417,1699.0,1.81818
127.5,1680.0,4.14773
127.667,1612.0,4.14773
127.75,1612.0,3.97727
127.833,1658.0,3.63636
127.917,1682.0,3.63636
127.917,1670.0,3.63636
127.917,1672.0,3.63636
128.0,1695.0,3.63636
128.083,1725.0,0.738636
128.167,1764.0,3.69318
128.333,1843.0,3.69318
128.417,1892.0,4.20454
128.5,1828.0,3.69318
128.667,1737.0,3.69318
128.75,1646.0,3.86364
128.75,1567.0,3.35227
128.917,1531.0,3.35227
129.0,1562.0,3.86364
129.083,1623.0,3.40909
129.167,1659.0,3.40909
129.25,1664.0,1.81818
129.25,1759.0,3.97727
129.333,1880.0,3.97727
129.333,1994.0,1.25
129.417,1983.0,1.875
129.583,1918.0,3.63636
129.667,1840.0,4.26136
129.75,1831.0,3.97727
129.917,1909.0,3.97727
130.0,1909.0,3.86364
130.083,1897.0,3.69318
130.25,1881.0,3.69318
130.333,1864.0,3.57954
130.417,1826.0,4.03409
130.5,1828.0,3.86364
130.667,1828.0,3.86364
130.75,1819.0,3.57954
130.75,1800.0,3.40909
130.75,1796.0,3.40909
130.75,1820.0,3.40909
130.833,1870.0,3.40909
130.917,1878.0,4.14773
131.0,1864.0,3.23864
131.083,1924.0,3.23864
131.167,1978.0,1.76136
131.25,1994.0,3.97727
131.333,1906.0,3.29545
131.417,1796.0,3.29545
131.5,1709.0,1.70455
131.583,1709.0,3.97727
131.583,1703.0,3.97727
131.75,1705.0,3.97727
131.833,1753.0,3.97727
131.917,1784.0,3.80682
132.0,1790.0,3.46591
132.167,1816.0,3.46591
132.167,1853.0,3.35227
132.167,1933.0,3.35227
132.25,2012.0,1.19318
132.25,2012.0,1.19318
132.417,1926.0,1.64773
132.5,1885.0,4.03409
132.583,1850.0,4.14773
132.667,1851.0,3.40909
132.833,1799.0,3.46591
132.833,1764.0,3.52273
132.833,1737.0,3.52273
132.917,1714.0,3.52273
133.0,1745.0,4.20454
133.167,1841.0,4.20454
133.167,1907.0,3.35227
133.167,1907.0,3.35227
133.25,1976.0,3.35227
133.333,2021.0,3.40909
133.417,2024.0,3.01136
133.417,2058.0,3.01136
133.5,2095.0,3.01136
133.583,2122.0,1.13636
133.667,2104.0,3.46591
133.75,2075.0,3.06818
133.833,2045.0,3.80682
133.917,1979.0,3.23864
134.0,1929.0,3.125
134.083,1792.0,3.35227
134.25,1700.0,3.35227
134.333,1740.0,2.95454
134.333,1842.0,2.95454
134.417,1913.0,2.95454
134.5,1901.0,1.70455
134.583,1905.0,3.06818
134.667,1953.0,3.01136
134.667,2038.0,3.01136
134.667,1994.0,3.01136
134.667,1985.0,3.01136
134.75,1993.0,0.738636
134.833,1975.0,3.01136
134.917,1980.0,3.125
135.0,1997.0,2.55682
135.083,2018.0,3.29545
135.167,2031.0,3.01136
135.333,2070.0,3.01136
135.333,2050.0,3.35227
135.417,2043.0,2.55682
135.583,2030.0,2.95454
135.667,2021.0,3.40909
135.75,2014.0,2.84091
135.75,1989.0,2.95454
135.833,1983.0,2.95454
135.833,1991.0,1.36364
135.833,2016.0,1.36364
135.917,2017.0,1.36364
136.0,2029.0,0.909091
136.0,2066.0,2.78409
136.083,2123.0,2.67045
136.167,2123.0,2.55682
136.167,2098.0,2.55682
136.167,2044.0,2.55682
136.25,2052.0,0.852273
136.25,2108.0,0.852273
136.25,2077.0,0.852273
136.333,2074.0,0.852273
136.417,1961.0,0.852273
136.417,1953.0,2.44318
136.417,2060.0,2.44318
136.5,2100.0,1.19318
136.5,2049.0,1.19318
136.583,1996.0,1.30682
136.667,2056.0,1.30682
136.667,2217.0,2.10227
136.75,2227.0,2.10227
136.833,2174.0,2.27273
136.917,2106.0,2.78409
137.0,2082.0,2.78409
137.083,2100.0,2.61364
137.167,2098.0,2.44318
137.167,2083.0,2.27273
137.167,2064.0,2.27273
137.25,2063.0,2.27273
137.333,2054.0,1.02273
137.333,2034.0,2.38636
137.417,2017.0,2.44318
137.5,2008.0,2.44318
137.5,2001.0,1.875
137.583,1976.0,1.98864
137.667,1948.0,2.10227
137.75,1947.0,2.10227
137.833,1952.0,2.27273
137.833,1971.0,2.21591
137.917,1970.0,2.04545
137.917,1982.0,2.04545
137.917,1898.0,2.04545
138.0,1715.0,0.965909
138.083,1650.0,0.965909
138.083,1676.0,1.93182
138.167,1656.0,1.93182
138.25,1577.0,2.21591
138.333,1489.0,2.21591
138.333,1489.0,1.93182
138.417,1420.0,1.93182
138.417,1376.0,1.76136
138.417,1413.0,1.76136
138.5,1430.0,1.02273
138.5,1432.0,1.02273
138.5,1428.0,1.02273
138.583,1407.0,1.02273
138.583,1430.0,0.852273
138.667,1441.0,1.70455
138.667,1406.0,1.70455
138.75,1194.0,1.47727
138.833,1163.0,1.47727
138.833,1187.0,1.81818
138.917,1207.0,1.81818
138.917,1200.0,1.42045
139.0,1222.0,1.42045
139.0,1255.0,1.53409
139.083,1259.0,1.53409
139.083,1221.0,1.42045
139.167,1126.0,1.42045
139.167,1064.0,1.25
139.167,1061.0,1.25
139.25,1096.0,1.25
139.25,1167.0,1.25
139.333,1176.0,1.25
139.333,1161.0,1.19318
139.333,1146.0,1.19318
139.417,1134.0,1.07955
139.417,1120.0,1.07955
139.417,1102.0,1.07955
139.5,1061.0,0.965909
139.5,1032.0,0.965909
139.5,982.0,0.965909
139.5,1037.0,0.965909
139.5,1099.0,0.965909
139.5,1133.0,0.965909
139.5,1171.0,0.965909
139.583,1246.0,0.965909
139.583,1293.0,0.397727
139.583,1307.0,0.397727
139.583,1279.0,0.397727
139.583,1279.0,0.397727
139.667,1121.0,0.625
139.667,996.0,0.625
139.667,890.0,0.625
139.667,834.0,0.625
139.667,918.0,0.625
139.667,954.0,0.625
139.667,1099.0,0.625
139.75,1161.0,0.625
139.75,1165.0,0.340909
139.75,1196.0,0.340909
139.75,1246.0,0.340909
139.75,1282.0,0.340909
139.75,1309.0,0.340909
139.75,1363.0,0.340909
139.75,1361.0,0.340909
139.75,1323.0,0.340909
139.75,1275.0,0.340909
139.75,1246.0,0.340909
139.75,1249.0,0.340909
139.75,1249.0,0.340909
139.75,1216.0,0.340909
139.75,1174.0,0.340909
139.75,1083.0,0.340909
139.75,1015.0,0.340909
139.75,883.0,0.340909
139.75,707.0,0.340909
139.75,421.0,0.340909
139.75,242.0,0.340909
139.75,135.0,0.340909
139.75,44.0,0.340909
139.75,0.0,0.340909
139.75,0.0,0.340909
139.75,0.0,0.340909
139.75,0.0,0.340909
139.75,0.0,0.340909
139.75,0.0,0.340909
139.75,0.0,0.340909
139.75,0.0,0.340909
139.75,0.0,0.340909
139.75,0.0,0.340909
139.75,0.0,0.340909
139.75,0.0,0.340909
139.75,0.0,0.340909
139.75,0.0,0.340909
139.75,0.0,0.340909
139.75,0.0,0.340909
139.75,0.0,0.340909
139.75,0.0,0.340909
139.75,0.0,0.340909
139.75,0.0,0.340909
139.75,0.0,0.340909
139.75,0.0,0.340909
139.75,0.0,0.340909
139.75,0.0,0.340909
139.75,1.0,0.340909
139.75,0.0,0.340909
139.75,0.0,0.340909
139.75,0.0,0.340909
139.75,0.0,0.0
139.75,0.0,0.0
139.75,0.0,0.0
139.75,0.0,0.0
139.75,0.0,0.0
139.75,0.0,0.0
139.75,0.0,0.0
139.75,0.0,0.0
139.75,0.0,0.0
139.75,0.0,0.0
139.75,0.0,0.0
139.75,1.0,0.0
139.75,0.0,0.0
139.75,0.0,0.0
139.75,0.0,0.0
139.75,0.0,0.0
139.75,0.0,0.0
139.75,0.0,0.0
139.75,0.0,0.0
139.75,0.0,0.0
139.75,0.0,0.0
139.75,0.0,0.0
139.75,0.0,0.0
139.75,0.0,0.0
139.75,0.0,0.0
139.75,0.0,0.0
139.75,0.0,0.0
139.75,0.0,0.0
139.75,0.0,0.0
139.75,0.0,0.0
139.75,0.0,0.0
139.75,0.0,0.0
139.75,0.0,0.0
139.75,0.0,0.0
139.75,0.0,0.0
139.75,0.0,0.0
139.75,0.0,0.0
139.75,0.0,0.0
139.75,0.0,0.0
139.75,0.0,0.0
139.75,0.0,0.0
139.75,0.0,0.0
139.75,0.0,0.0
139.75,0.0,0.0
139.75,0.0,0.0
139.75,0.0,0.0
139.75,0.0,0.0
139.75,0.0,0.0
