0.0,0.0,0.0
0.0,0.0,0.0
0.0,0.0,0.0
0.0,0.0,0.0
0.0,0.0,0.0
0.0,0.0,0.0
0.0,0.0,0.0
0.0,0.0,0.0
0.0,0.0,0.0
0.0,0.0,0.0
0.0,0.0,0.0
0.0,0.0,0.0
0.0,0.0,0.0
0.0,0.0,0.0
0.0,0.0,0.0
0.0,0.0,0.0
0.0,0.0,0.0
0.0,0.0,0.0
0.0,0.0,0.0
0.0,0.0,0.0
0.0,0.0,0.0
0.0,0.0,0.0
0.0,0.0,0.0
0.0,0.0,0.0
0.0,0.0,0.0
0.0,0.0,0.0
0.0,0.0,0.0
0.0,0.0,0.0
0.0,0.0,0.0
0.0,0.0,0.0
0.0,0.0,0.0
0.0,0.0,0.0
0.0,0.0,0.0
0.0,0.0,0.0
0.0,0.0,0.0
0.0,0.0,0.0
0.0,0.0,0.0
0.0,0.0,0.0
0.0,0.0,0.0
0.0,0.0,0.0
0.0,0.0,0.0
0.0,0.0,0.0
0.0,0.0,0.0
0.0,0.0,0.0
0.0,0.0,0.0
0.0,0.0,0.0
0.0,0.0,0.0
0.0,0.0,0.0
0.0,0.0,0.0
0.0,0.0,0.0
0.0,0.0,0.0
0.0,0.0,0.0
0.0,0.0,0.0
0.0,0.0,0.0
0.0,0.0,0.0
0.0,0.0,0.0
0.0,0.0,0.0
0.0,0.0,0.0
0.0,0.0,0.0
0.0,0.0,0.0
0.0,0.0,0.0
0.0,0.0,0.0
0.0,0.0,0.0
0.0,0.0,0.0
0.0,0.0,0.0
0.0,0.0,0.0
0.0,0.0,0.0
0.0,0.0,0.0
0.0,0.0,0.0
0.0,0.0,0.0
0.0,0.0,0.0
0.0,0.0,0.0
0.0,0.0,0.0
0.0,0.0,0.0
0.0,0.0,0.0
0.0,0.0,0.0
0.0,0.0,0.0
0.0,0.0,0.0
0.0,0.0,0.0
0.0,0.0,0.0
0.0,0.0,0.0
0.0,0.0,0.0
0.0,0.0,0.0
0.0,0.0,0.0
0.0,0.0,0.0
0.0,0.0,0.0
0.0,0.0,0.0
0.0,0.0,0.0
0.0,0.0,0.0
0.0,0.0,0.0
0.0,0.0,0.0
0.0,0.0,0.0
0.0,0.0,0.0
0.0,0.0,0.0
0.0,0.0,0.0
0.0,0.0,0.0
0.0,0.0,0.0
0.0,0.0,0.0
0.0,0.0,0.0
0.0,0.0,0.0
0.0,0.0,0.0
0.0,0.0,0.0
0.0,0.0,0.0
0.0,0.0,0.0
0.0,0.0,0.0
0.0,0.0,0.0
0.0,0.0,0.0
0.0,0.0,0.0
0.0,0.0,0.0
0.0,0.0,0.0
0.0,0.0,0.0
0.0,0.0,0.0
0.0,0.0,0.0
0.0,0.0,0.0
0.0,0.0,0.0
0.0,0.0,0.0
0.0,0.0,0.0
0.0,0.0,0.0
0.0,0.0,0.0
0.0,0.0,0.0
0.0,0.0,0.0
0.0,0.0,0.0
0.0,0.0,0.0
0.0,0.0,0.0
0.0,0.0,0.0
0.0,0.0,0.0
0.0,0.0,0.0
0.0,0.0,0.0
0.0,0.0,0.0
0.0,0.0,0.0
0.0,0.0,0.0
0.0,0.0,0.0
0.0,0.0,0.0
0.0,0.0,0.0
0.0,0.0,0.0
0.0,0.0,0.0
0.0,0.0,0.0
0.0,0.0,0.0
0.0,0.0,0.0
0.0,0.0,0.0
0.0,0.0,0.0
0.0,0.0,0.0
0.0,0.0,0.0
0.0,0.0,0.0
0.0,0.0,0.0
0.0,0.0,0.0
0.0,0.0,0.0
0.0,0.0,0.0
0.0,0.0,0.0
0.0,0.0,0.0
0.0,0.0,0.0
0.0,0.0,0.0
0.0,0.0,0.0
0.0,0.0,0.0
0.0,0.0,0.0
0.0,0.0,0.0
0.0,0.0,0.0
0.0,0.0,0.0
0.0,0.0,0.0
0.0,0.0,0.0
0.0,0.0,0.0
0.0,0.0,0.0
0.0,0.0,0.0
0.0,0.0,0.0
0.0,0.0,0.0
0.0,0.0,0.0
0.0,0.0,0.0
0.0,0.0,0.0
0.0,0.0,0.0
0.0,0.0,0.0
0.0,0.0,0.0
0.0,0.0,0.0
0.0,0.0,0.0
0.0,0.0,0.0
0.0,0.0,0.0
0.0,0.0,0.0
0.0,0.0,0.0
0.0,0.0,0.0
0.0,0.0,0.0
0.0,0.0,0.0
0.0,0.0,0.0
0.0,0.0,0.0
0.0,0.0,0.0
0.0,0.0,0.0
0.0,0.0,0.0
0.0,0.0,0.0
0.0,0.0,0.0
0.0,0.0,0.0
0.0,0.0,0.0
0.0,0.0,0.0
0.0,0.0,0.0
0.0,0.0,0.0
0.0,0.0,0.0
0.0,0.0,0.0
0.0,0.0,0.0
0.0,0.0,0.0
0.0,0.0,0.0
0.0,0.0,0.0
0.0,0.0,0.0
0.0,0.0,0.0
0.0,0.0,0.0
0.0,0.0,0.0
0.0,0.0,0.0
0.0,0.0,0.0
0.0,0.0,0.0
0.0,0.0,0.0
0.0,0.0,0.0
0.0,0.0,0.0
0.0,0.0,0.0
0.0,0.0,0.0
0.0,0.0,0.0
0.0,0.0,0.0
0.0,0.0,0.0
0.0,0.0,0.0
0.0,0.0,0.0
0.0,0.0,0.0
0.0,0.0,0.0
0.0,0.0,0.0
0.0,0.0,0.0
0.0,0.0,0.0
0.0,0.0,0.0
0.0,0.0,0.0
0.0,0.0,0.0
0.0,0.0,0.0
0.0,0.0,0.0
0.0,0.0,0.0
0.0,0.0,0.0
0.0,0.0,0.0
0.0,0.0,0.0
0.0,0.0,0.0
0.0,0.0,0.0
0.0,0.0,0.0
0.0,0.0,0.0
0.0,0.0,0.0
0.0,0.0,0.0
0.0,0.0,0.0
0.0,0.0,0.0
0.0,0.0,0.0
0.0,0.0,0.0
0.0,0.0,0.0
0.0,0.0,0.0
0.0,0.0,0.0
0.0,0.0,0.0
0.0,0.0,0.0
0.0,0.0,0.0
0.0,0.0,0.0
0.0,0.0,0.0
0.0,0.0,0.0
0.0,0.0,0.0
0.0,0.0,0.0
0.0,0.0,0.0
0.0,0.0,0.0
0.0,0.0,0.0
0.0,0.0,0.0
0.0,0.0,0.0
0.0,0.0,0.0
0.0,0.0,0.0
0.0,0.0,0.0
0.0,0.0,0.0
0.0,0.0,0.0
0.0,0.0,0.0
0.0,0.0,0.0
0.0,0.0,0.0
0.0,0.0,0.0
0.0,0.0,0.0
0.0,0.0,0.0
0.0,0.0,0.0
0.0,0.0,0.0
0.0,0.0,0.0
0.0,0.0,0.0
0.0,0.0,0.0
0.0,0.0,0.0
0.0,0.0,0.0
0.0,0.0,0.0
0.0,0.0,0.0
0.0,0.0,0.0
0.0,0.0,0.0
0.0,0.0,0.0
0.0,0.0,0.0
0.0,0.0,0.0
0.0,0.0,0.0
0.0,0.0,0.0
0.0,0.0,0.0
0.0,0.0,0.0
0.0,0.0,0.0
0.0,0.0,0.0
0.0,0.0,0.0
0.0,0.0,0.0
0.0,0.0,0.0
0.0,0.0,0.0
0.0,0.0,0.0
0.0,0.0,0.0
0.0,0.0,0.0
0.0,0.0,0.0
0.0,0.0,0.0
0.0,0.0,0.0
0.0,0.0,0.0
0.0,0.0,0.0
0.0,0.0,0.0
0.0,0.0,0.0
0.0,0.0,0.0
0.0,0.0,0.0
0.0,0.0,0.0
0.0,0.0,0.0
0.0,0.0,0.0
0.0,0.0,0.0
0.0,0.0,0.0
0.0,0.0,0.0
0.0,0.0,0.0
0.0,0.0,0.0
0.0,0.0,0.0
0.0,0.0,0.0
0.0,0.0,0.0
0.0,0.0,0.0
0.0,0.0,0.0
0.0,0.0,0.0
0.0,0.0,0.0
0.0,0.0,0.0
0.0,0.0,0.0
0.0,0.0,0.0
0.0,0.0,0.0
0.0,0.0,0.0
0.0,0.0,0.0
0.0,0.0,0.0
0.0,0.0,0.0
0.0,0.0,0.0
0.0,0.0,0.0
0.0,0.0,0.0
0.0,0.0,0.0
0.0,0.0,0.0
0.0,0.0,0.0
0.0,0.0,0.0
0.0,0.0,0.0
0.0,0.0,0.0
0.0,0.0,0.0
0.0,0.0,0.0
0.0,0.0,0.0
0.0,0.0,0.0
0.0,0.0,0.0
0.0,0.0,0.0
0.0,0.0,0.0
0.0,0.0,0.0
0.0,0.0,0.0
0.0,0.0,0.0
0.0,0.0,0.0
0.0,0.0,0.0
0.0,0.0,0.0
0.0,0.0,0.0
0.0,0.0,0.0
0.0,0.0,0.0
0.0,0.0,0.0
0.0,0.0,0.0
0.0,0.0,0.0
0.0,0.0,0.0
0.0,0.0,0.0
0.0,0.0,0.0
0.0,0.0,0.0
0.0,0.0,0.0
0.0,0.0,0.0
0.0,0.0,0.0
0.0,0.0,0.0
0.0,0.0,0.0
0.0,0.0,0.0
0.0,0.0,0.0
0.0,0.0,0.0
0.0,0.0,0.0
0.0,0.0,0.0
0.0,0.0,0.0
0.0,0.0,0.0
0.0,0.0,0.0
0.0,0.0,0.0
0.0,0.0,0.0
0.0,0.0,0.0
0.0,0.0,0.0
0.0,0.0,0.0
0.0,0.0,0.0
0.0,0.0,0.0
0.0,0.0,0.0
0.0,0.0,0.0
0.0,0.0,0.0
0.0,0.0,0.0
0.0,0.0,0.0
0.0,0.0,0.0
0.0,0.0,0.0
0.0,0.0,0.0
0.0,0.0,0.0
0.0,0.0,0.0
0.0,0.0,0.0
0.0,0.0,0.0
0.0,0.0,0.0
0.0,0.0,0.0
0.0,0.0,0.0
0.0,0.0,0.0
0.0,0.0,0.0
0.0,0.0,0.0
0.0,0.0,0.0
0.0,0.0,0.0
0.0,0.0,0.0
0.0,0.0,0.0
0.0,0.0,0.0
0.0,0.0,0.0
0.0,0.0,0.0
0.0,0.0,0.0
0.0,0.0,0.0
0.0,0.0,0.0
0.0,0.0,0.0
0.0,0.0,0.0
0.0,0.0,0.0
0.0,1.0,0.0
0.0,0.0,0.0
0.0,1.0,0.0
0.0,1.0,0.0
0.0,5.0,0.0
0.0,7.0,0.0
0.0,13.0,0.0
0.0,18.0,0.0
0.0,28.0,0.0
0.0,40.0,0.0
0.0,39.0,0.0
0.0,45.0,0.0
0.0,53.0,0.0
0.0,68.0,0.0
0.0,80.0,0.0
0.0,88.0,0.0
0.0,97.0,0.0
0.0,101.0,0.0
0.0,101.0,0.0
0.0,100.0,0.0
0.0,107.0,0.0
0.0,119.0,0.0
0.0,131.0,0.0
0.0,151.0,0.0
0.0,148.0,0.0
0.0,148.0,0.0
0.0,224.0,0.0
0.0,420.0,0.0
0.0,505.0,0.0
0.0,558.0,0.0
0.0,620.0,0.0
0.0,709.0,0.0
0.0,734.0,0.0
0.0,744.0,0.0
0.0,746.0,0.0
0.0,767.0,0.0
0.0,779.0,0.0
0.0,763.0,0.0
0.0,750.0,0.0
0.0,749.0,0.0
0.0,789.0,0.0
0.0,773.0,0.0
0.0,748.0,0.0
0.0,747.0,0.0
0.0,800.0,0.0
0.0,832.0,0.0
0.0,824.0,0.0
0.0,811.0,0.0
0.0,817.0,0.0
0.0,835.0,0.0
0.0833333,850.0,0.0
0.0833333,875.0,0.0
0.0833333,940.0,0.0
0.0833333,935.0,0.0
0.0833333,931.0,0.0
0.0833333,922.0,0.0
0.0833333,890.0,0.0
0.0833333,848.0,0.0
0.0833333,837.0,0.0
0.0833333,837.0,0.0
0.0833333,811.0,0.0
0.0833333,793.0,0.0
0.0833333,839.0,0.0
0.0833333,861.0,0.0
0.0833333,900.0,0.0
0.0833333,917.0,0.0
0.0833333,922.0,0.0
0.0833333,887.0,0.0
0.0833333,887.0,0.0
0.0833333,875.0,0.0
0.0833333,903.0,0.0
0.0833333,941.0,0.0
0.166667,905.0,0.0
0.166667,872.0,0.0
0.166667,871.0,0.0
0.166667,896.0,0.0
0.166667,855.0,0.0
0.166667,812.0,0.0
0.166667,833.0,0.0
0.166667,870.0,0.0
0.166667,862.0,0.0
0.166667,845.0,0.0
0.166667,802.0,0.0
0.166667,829.0,0.0
0.166667,978.0,0.0
0.166667,844.0,0.0
0.166667,737.0,0.0
0.25,792.0,0.0
0.25,930.0,0.170455
0.25,986.0,0.170455
0.25,849.0,0.170455
0.25,787.0,0.170455
0.25,856.0,0.170455
0.25,949.0,0.170455
0.25,890.0,0.170455
0.25,889.0,0.170455
0.25,903.0,0.170455
0.25,969.0,0.170455
0.25,990.0,0.170455
0.333333,1054.0,0.170455
0.333333,1219.0,0.227273
0.333333,1312.0,0.227273
0.333333,1283.0,0.227273
0.333333,1196.0,0.227273
0.333333,1145.0,0.227273
0.333333,1225.0,0.227273
0.333333,1415.0,0.227273
0.333333,1372.0,0.227273
0.416667,1314.0,0.227273
0.416667,1315.0,0.340909
0.416667,1465.0,0.340909
0.416667,1465.0,0.340909
0.416667,1532.0,0.340909
0.416667,1503.0,0.340909
0.416667,1570.0,0.340909
0.5,1630.0,0.454545
0.5,1677.0,0.454545
0.5,1643.0,0.454545
0.5,1625.0,0.454545
0.5,1662.0,0.454545
0.583333,1640.0,0.568182
0.583333,1629.0,0.568182
0.583333,1676.0,0.568182
0.583333,1773.0,0.568182
0.666667,1774.0,0.738636
0.666667,1743.0,0.738636
0.666667,1783.0,0.738636
0.75,1762.0,0.852273
0.75,1710.0,0.852273
0.75,1677.0,0.852273
0.75,1715.0,0.852273
0.75,1710.0,0.852273
0.75,1653.0,0.852273
0.75,1581.0,0.852273
0.75,1560.0,0.852273
0.75,1572.0,0.852273
0.75,1559.0,0.852273
0.75,1529.0,0.852273
0.75,1536.0,0.852273
0.833333,1556.0,0.227273
0.833333,1537.0,0.227273
0.833333,1510.0,0.227273
0.833333,1527.0,0.227273
0.833333,1604.0,0.227273
0.833333,1580.0,0.227273
0.833333,1536.0,0.227273
0.833333,1498.0,0.227273
0.833333,1504.0,0.227273
0.916667,1548.0,0.340909
0.916667,1579.0,0.340909
1.0,1586.0,0.340909
1.0,1586.0,1.19318
1.08333,1579.0,1.19318
1.08333,1579.0,1.42045
1.16667,1596.0,1.42045
1.16667,1617.0,1.36364
1.25,1622.0,1.36364
1.25,1625.0,1.36364
1.33333,1638.0,1.36364
1.33333,1664.0,1.47727
1.41667,1706.0,1.47727
1.41667,1797.0,1.64773
1.5,1806.0,1.64773
1.5,1800.0,1.36364
1.58333,1771.0,1.59091
1.58333,1775.0,1.59091
1.66667,1779.0,1.59091
1.75,1735.0,1.59091
1.75,1741.0,1.64773
1.83333,1779.0,1.64773
1.83333,1725.0,1.53409
1.83333,1640.0,1.53409
1.83333,1645.0,1.53409
1.91667,1712.0,0.852273
1.91667,1734.0,0.852273
1.91667,1695.0,0.852273
2.0,1724.0,0.965909
2.0,1775.0,0.965909
2.0,1765.0,0.965909
2.0,1629.0,0.965909
2.08333,1615.0,0.965909
2.08333,1586.0,0.568182
2.16667,1553.0,1.98864
2.25,1495.0,1.98864
2.25,1535.0,1.93182
2.25,1602.0,1.93182
2.25,1597.0,1.93182
2.33333,1509.0,1.93182
2.33333,1474.0,0.738636
2.33333,1532.0,0.738636
2.41667,1574.0,0.738636
2.5,1617.0,1.02273
2.58333,1749.0,2.44318
2.58333,1777.0,2.55682
2.66667,1777.0,2.27273
2.75,1738.0,2.32954
2.83333,1738.0,2.38636
2.91667,1636.0,2.38636
3.0,1527.0,2.44318
3.0,1518.0,2.27273
3.08333,1511.0,2.27273
3.16667,1469.0,2.89773
3.25,1421.0,2.55682
3.33333,1399.0,2.55682
3.41667,1375.0,2.72727
3.5,1397.0,2.67045
3.58333,1486.0,2.67045
3.66667,1482.0,2.55682
3.75,1469.0,2.89773
3.83333,1469.0,3.18182
3.91667,1481.0,2.89773
4.0,1500.0,3.18182
4.08333,1489.0,2.61364
4.16667,1444.0,3.86364
4.25,1351.0,2.55682
4.33333,1261.0,3.23864
4.5,1221.0,3.23864
4.5,1223.0,3.23864
4.5,1260.0,3.23864
4.58333,1312.0,3.23864
4.66667,1353.0,3.40909
4.75,1359.0,3.125
4.83333,1341.0,3.23864
5.0,1339.0,3.23864
5.08333,1245.0,3.23864
5.16667,1201.0,3.06818
5.25,1194.0,3.23864
5.33333,1146.0,3.18182
5.33333,1028.0,3.18182
5.33333,1035.0,3.18182
5.5,1022.0,3.18182
5.58333,950.0,3.35227
5.66667,918.0,3.52273
5.75,1001.0,2.95454
5.91667,1046.0,3.35227
6.0,1067.0,3.46591
6.08333,1129.0,3.57954
6.08333,1079.0,3.63636
6.08333,1058.0,3.63636
6.25,1058.0,3.63636
6.33333,1090.0,4.03409
6.41667,1096.0,3.29545
6.5,1045.0,3.63636
6.5,939.0,2.67045
6.58333,862.0,2.67045
6.66667,889.0,1.19318
6.75,1015.0,3.75
6.75,1048.0,3.40909
6.83333,834.0,3.40909
6.83333,698.0,1.25
6.91667,663.0,1.25
7.0,678.0,1.47727
7.08333,743.0,3.29545
7.16667,693.0,3.35227
7.33333,617.0,3.35227
7.41667,588.0,3.57954
7.41667,560.0,3.57954
7.58333,567.0,3.57954
7.66667,559.0,4.54545
7.66667,519.0,3.52273
7.75,503.0,1.70455
7.83333,538.0,3.35227
8.0,583.0,3.35227
8.0,637.0,3.52273
8.0,652.0,3.52273
8.08333,646.0,3.52273
8.16667,627.0,3.75
8.33333,661.0,3.46591
8.41667,706.0,3.40909
8.5,731.0,3.40909
8.58333,689.0,3.69318
8.66667,690.0,3.01136
8.83333,726.0,3.46591
8.91667,777.0,3.92045
9.0,742.0,3.18182
9.08333,680.0,3.40909
9.16667,673.0,2.95454
9.33333,712.0,3.23864
9.41667,698.0,4.54545
9.5,698.0,3.23864
9.5,726.0,3.52273
9.5,726.0,3.52273
9.58333,733.0,1.07955
9.66667,772.0,3.46591
9.66667,823.0,3.46591
9.75,844.0,3.46591
9.83333,850.0,3.46591
9.91667,916.0,3.57954
10.0833,952.0,3.57954
10.1667,947.0,3.46591
10.25,941.0,3.06818
10.3333,942.0,3.46591
10.4167,927.0,3.29545
10.5833,940.0,3.29545
10.6667,939.0,3.63636
10.75,945.0,3.40909
10.8333,981.0,3.40909
10.9167,1014.0,3.29545
10.9167,991.0,3.29545
11.0,951.0,3.29545
11.0833,954.0,1.13636
11.1667,997.0,3.75
11.25,1003.0,2.89773
11.3333,998.0,3.18182
11.5,999.0,3.52273
11.5833,1048.0,3.80682
11.6667,1080.0,3.86364
11.75,1107.0,3.57954
11.8333,1105.0,3.23864
12.0,1290.0,3.23864
12.0833,1317.0,3.40909
12.1667,1246.0,2.95454
12.25,1285.0,3.29545
12.3333,1380.0,4.14773
12.4167,1358.0,3.35227
12.5833,1294.0,3.35227
12.6667,1284.0,3.29545
12.75,1308.0,3.29545
12.8333,1363.0,3.01136
12.9167,1388.0,3.18182
13.0,1380.0,3.18182
13.0833,1387.0,3.18182
13.0833,1416.0,3.18182
13.25,1468.0,3.18182
13.3333,1468.0,3.125
13.4167,1457.0,2.72727
13.5,1494.0,3.52273
13.5833,1625.0,3.29545
13.6667,1648.0,3.01136
13.75,1658.0,3.18182
13.8333,1680.0,3.23864
13.9167,1664.0,2.78409
14.0,1572.0,3.46591
14.0833,1468.0,3.01136
14.25,1392.0,3.01136
14.3333,1390.0,3.69318
14.3333,1397.0,2.95454
14.4167,1284.0,1.64773
14.4167,1272.0,1.64773
14.4167,1349.0,1.64773
14.4167,1391.0,1.64773
14.4167,1365.0,1.64773
14.5,1417.0,1.64773
14.5,1454.0,0.511364
14.5833,1412.0,0.511364
14.6667,1390.0,3.18182
14.75,1424.0,3.23864
14.8333,1372.0,3.52273
14.9167,1318.0,3.23864
15.0833,1318.0,3.23864
15.1667,1321.0,3.18182
15.25,1323.0,3.52273
15.3333,1320.0,3.63636
15.4167,1305.0,3.29545
15.5,1299.0,3.29545
15.5,1299.0,1.875
15.5833,1274.0,1.64773
15.6667,1257.0,3.18182
15.75,1284.0,3.40909
15.9167,1310.0,3.46591
16.0,1284.0,3.46591
16.0833,1264.0,3.52273
16.1667,1263.0,3.63636
16.3333,1235.0,3.63636
16.4167,1226.0,3.29545
16.5,1195.0,3.80682
16.5833,1184.0,3.57954
16.6667,1184.0,3.35227
16.6667,1166.0,3.35227
16.75,1163.0,3.35227
16.8333,1142.0,3.80682
16.9167,1142.0,3.18182
17.0,1114.0,3.18182
17.0833,993.0,1.76136
17.1667,1001.0,3.69318
17.1667,1050.0,3.69318
17.25,1034.0,1.81818
17.25,937.0,1.81818
17.25,877.0,1.81818
17.4167,876.0,1.81818
17.5,827.0,3.57954
17.5833,808.0,3.63636
17.6667,769.0,4.03409
17.8333,784.0,3.75
17.9167,818.0,3.52273
18.0,795.0,3.125
18.1667,755.0,3.125
18.25,786.0,3.69318
18.3333,757.0,3.46591
18.4167,708.0,3.46591
18.5,703.0,1.875
18.5833,688.0,3.40909
18.5833,680.0,3.63636
18.5833,677.0,3.63636
18.6667,623.0,3.63636
18.75,562.0,0.852273
18.8333,551.0,3.40909
18.9167,504.0,3.57954
19.0,485.0,3.57954
19.0833,548.0,1.70455
19.25,516.0,3.86364
19.3333,493.0,4.09091
19.3333,473.0,3.75
19.4167,424.0,3.75
19.5833,458.0,3.75
19.6667,464.0,4.43182
19.75,443.0,3.75
19.9167,448.0,3.75
19.9167,442.0,4.09091
20.0,442.0,4.09091
20.0833,426.0,3.57954
20.0833,415.0,3.57954
20.1667,408.0,3.57954
20.25,389.0,4.14773
20.3333,383.0,3.63636
20.5,382.0,3.29545
20.5833,371.0,3.29545
20.6667,377.0,3.69318
20.75,381.0,3.92045
20.75,357.0,3.92045
20.75,339.0,3.92045
20.8333,339.0,0.909091
20.9167,343.0,3.29545
21.0833,337.0,3.40909
21.1667,330.0,3.75
21.25,323.0,3.86364
21.3333,316.0,3.97727
21.4167,316.0,3.35227
21.4167,312.0,3.35227
21.4167,311.0,3.35227
21.5833,318.0,3.35227
21.6667,336.0,3.86364
21.75,340.0,3.06818
21.8333,354.0,3.29545
21.9167,374.0,3.23864
22.0833,390.0,3.23864
22.1667,409.0,3.40909
22.25,420.0,3.46591
22.3333,418.0,3.63636
22.4167,424.0,2.84091
22.5833,458.0,3.86364
22.6667,458.0,4.26136
22.6667,474.0,3.01136
22.75,504.0,1.875
22.75,511.0,1.875
22.75,503.0,1.875
22.75,523.0,1.875
22.75,541.0,1.875
22.8333,543.0,1.875
22.9167,540.0,0.511364
23.0,499.0,3.35227
23.1667,490.0,3.35227
23.25,490.0,3.46591
23.3333,498.0,2.89773
23.3333,431.0,3.40909
23.4167,416.0,1.64773
23.5833,421.0,3.75
23.6667,414.0,3.97727
23.75,424.0,3.57954
23.8333,446.0,3.46591
23.9167,451.0,3.52273
24.0,444.0,3.52273
24.0833,444.0,1.875
24.1667,459.0,3.29545
24.25,462.0,3.46591
24.25,477.0,3.46591
24.3333,482.0,3.46591
24.4167,472.0,1.19318
24.5,475.0,3.69318
24.5833,474.0,3.23864
24.75,463.0,3.46591
24.8333,461.0,3.80682
24.9167,472.0,3.69318
25.0,462.0,3.69318
25.0833,447.0,3.69318
25.1667,433.0,1.76136
25.25,424.0,3.57954
25.3333,423.0,3.35227
25.4167,423.0,3.35227
25.5,406.0,3.35227
25.5833,381.0,3.75
25.6667,401.0,3.52273
25.6667,425.0,3.52273
25.75,428.0,3.52273
25.8333,416.0,3.63636
25.9167,416.0,3.40909
26.0833,432.0,3.40909
26.1667,460.0,3.29545
26.25,453.0,3.46591
26.3333,403.0,4.14773
26.4167,429.0,3.63636
26.5,475.0,3.63636
26.5833,475.0,1.64773
26.6667,487.0,3.29545
26.75,550.0,3.29545
26.75,550.0,1.81818
26.8333,575.0,1.81818
26.9167,603.0,3.29545
27.0,640.0,3.40909
27.0,637.0,3.40909
27.0,639.0,3.40909
27.0833,623.0,3.40909
27.1667,572.0,0.852273
27.25,606.0,3.46591
27.3333,693.0,3.35227
27.5,661.0,3.35227
27.5833,590.0,3.40909
27.6667,594.0,3.35227
27.75,600.0,3.46591
27.8333,618.0,3.52273
27.8333,658.0,3.52273
27.9167,670.0,3.52273
28.0,649.0,3.97727
28.1667,691.0,3.97727
28.25,734.0,3.46591
28.3333,751.0,3.23864
28.4167,759.0,3.29545
28.5,734.0,3.46591
28.5833,736.0,3.57954
28.6667,753.0,3.57954
28.75,767.0,1.70455
28.8333,759.0,3.75
28.8333,762.0,3.75
29.0,764.0,3.75
29.0833,758.0,3.80682
29.1667,756.0,4.03409
29.25,779.0,3.40909
29.25,790.0,3.40909
29.3333,792.0,3.40909
29.4167,795.0,1.19318
29.4167,801.0,3.40909
29.5,803.0,1.59091
29.6667,816.0,3.23864
29.6667,828.0,4.77273
29.6667,827.0,4.77273
29.75,841.0,4.77273
29.8333,874.0,4.20454
29.9167,874.0,3.46591
30.0,861.0,3.46591
30.0833,848.0,1.59091
30.1667,867.0,4.20454
30.25,861.0,3.35227
30.4167,855.0,3.35227
30.5,856.0,3.40909
30.5833,835.0,3.75
30.6667,814.0,3.52273
30.8333,825.0,3.52273
30.9167,851.0,3.75
31.0,833.0,2.89773
31.0833,826.0,3.18182
31.25,817.0,3.46591
31.25,806.0,4.26136
31.25,820.0,4.26136
31.25,839.0,4.26136
31.25,830.0,4.26136
31.25,838.0,4.26136
31.3333,848.0,4.26136
31.4167,817.0,0.511364
31.4167,820.0,3.06818
31.5,831.0,1.875
31.6667,824.0,1.875
31.75,805.0,3.29545
31.75,804.0,3.75
31.8333,804.0,1.81818
31.9167,791.0,3.57954
32.0,803.0,3.57954
32.0833,804.0,1.70455
32.1667,787.0,3.40909
32.25,789.0,3.29545
32.3333,795.0,3.29545
32.3333,801.0,1.81818
32.3333,800.0,1.81818
32.3333,789.0,1.81818
32.4167,780.0,1.81818
32.5,794.0,0.681818
32.5,795.0,3.57954
32.5,778.0,3.57954
32.6667,780.0,3.57954
32.75,801.0,4.375
32.75,802.0,2.78409
32.8333,802.0,2.78409
32.9167,796.0,3.75
33.0,790.0,3.40909
33.0833,791.0,3.40909
33.1667,804.0,3.29545
33.25,779.0,3.63636
33.3333,753.0,2.78409
33.4167,756.0,2.78409
33.5,767.0,1.93182
33.5,734.0,3.40909
33.5833,720.0,3.40909
33.6667,733.0,1.19318
33.75,733.0,3.125
33.75,727.0,4.03409
33.8333,720.0,1.76136
34.0,728.0,3.35227
34.0833,737.0,3.40909
34.1667,723.0,3.80682
34.25,686.0,3.80682
34.3333,692.0,3.80682
34.3333,706.0,1.81818
34.4167,702.0,1.64773
34.5,696.0,3.69318
34.5833,702.0,3.69318
34.5833,694.0,1.64773
34.6667,678.0,1.64773
34.75,689.0,3.75
34.75,708.0,3.75
34.9167,698.0,3.75
35.0,683.0,3.86364
35.0833,692.0,3.52273
35.25,708.0,3.52273
35.3333,713.0,3.52273
35.4167,705.0,4.20454
35.5,678.0,3.125
35.6667,667.0,3.125
35.6667,688.0,3.57954
35.6667,673.0,3.57954
35.6667,653.0,3.57954
35.75,651.0,0.852273
35.9167,656.0,3.23864
36.0,679.0,3.63636
36.0833,684.0,3.40909
36.1667,684.0,3.63636
36.1667,623.0,3.63636
36.1667,580.0,3.63636
36.1667,706.0,3.63636
36.1667,763.0,3.63636
36.3333,727.0,3.63636
36.4167,596.0,3.57954
36.5,575.0,3.52273
36.5833,632.0,3.97727
36.75,687.0,3.97727
36.8333,673.0,3.69318
36.9167,650.0,3.57954
37.0,666.0,3.46591
37.1667,680.0,3.69318
37.1667,671.0,3.97727
37.25,644.0,1.70455
37.3333,647.0,3.29545
37.5,651.0,3.52273
37.5833,645.0,3.63636
37.5833,632.0,3.29545
37.5833,650.0,3.29545
37.6667,672.0,3.29545
37.75,665.0,0.909091
37.75,644.0,3.125
37.75,643.0,3.125
37.8333,644.0,1.13636
38.0,663.0,1.13636
38.0833,671.0,3.40909
38.1667,675.0,3.75
38.1667,691.0,3.23864
38.3333,698.0,3.23864
38.4167,698.0,3.125
38.4167,701.0,3.35227
38.5,712.0,1.76136
38.5833,722.0,3.18182
38.75,725.0,3.75
38.8333,720.0,3.80682
38.9167,762.0,3.29545
38.9167,810.0,3.29545
38.9167,810.0,3.29545
39.0,741.0,3.29545
39.0833,663.0,0.909091
39.0833,663.0,3.52273
39.1667,741.0,1.64773
39.3333,808.0,1.64773
39.4167,820.0,3.29545
39.5,746.0,3.97727
39.5833,692.0,3.52273
39.5833,755.0,3.52273
39.6667,805.0,3.52273
39.75,800.0,1.07955
39.8333,795.0,3.75
39.8333,804.0,3.75
39.8333,799.0,3.75
39.8333,800.0,3.75
39.9167,798.0,0.681818
40.0,769.0,3.40909
40.0,761.0,3.40909
40.0833,761.0,3.40909
40.1667,741.0,1.19318
40.25,757.0,1.81818
40.4167,749.0,1.81818
40.5,736.0,3.46591
40.5833,743.0,3.46591
40.6667,722.0,3.29545
40.6667,727.0,3.29545
40.75,756.0,3.29545
40.8333,762.0,1.13636
40.9167,772.0,3.86364
41.0,764.0,2.84091
41.1667,768.0,3.69318
41.25,774.0,3.69318
41.3333,786.0,3.69318
41.3333,769.0,3.69318
41.5,747.0,3.69318
41.5,741.0,4.09091
41.5833,750.0,1.76136
41.6667,745.0,3.92045
41.75,750.0,2.84091
41.9167,753.0,3.40909
42.0,752.0,3.40909
42.0833,758.0,3.92045
42.1667,755.0,3.57954
42.25,756.0,3.57954
42.3333,756.0,1.64773
42.4167,773.0,3.75
42.5,773.0,3.92045
42.5833,750.0,3.06818
42.75,749.0,3.125
42.8333,755.0,3.69318
42.9167,751.0,3.40909
43.0,744.0,3.23864
43.0833,749.0,3.69318
43.1667,755.0,3.29545
43.25,757.0,3.29545
43.3333,760.0,3.86364
43.5,789.0,3.86364
43.5833,805.0,4.14773
43.6667,789.0,3.125
43.75,762.0,3.40909
43.8333,760.0,3.40909
43.9167,773.0,3.125
44.0833,775.0,3.23864
44.1667,769.0,4.03409
44.25,774.0,3.63636
44.3333,796.0,2.95454
44.5,805.0,2.95454
44.5833,787.0,3.23864
44.6667,754.0,3.57954
44.75,751.0,3.29545
44.8333,768.0,3.80682
44.8333,763.0,3.80682
44.9167,754.0,3.80682
45.0,748.0,3.52273
45.0833,772.0,3.35227
45.25,794.0,3.35227
45.3333,790.0,4.09091
45.4167,756.0,3.29545
45.5,753.0,3.57954
45.5833,758.0,4.31818
45.75,744.0,3.35227
45.8333,719.0,3.29545
45.9167,728.0,3.29545
45.9167,728.0,3.63636
45.9167,751.0,3.63636
46.0833,754.0,3.63636
46.1667,750.0,4.375
46.1667,750.0,3.29545
46.1667,774.0,3.29545
46.3333,805.0,3.29545
46.4167,811.0,3.29545
46.4167,790.0,3.57954
46.5,815.0,3.57954
46.5833,843.0,3.97727
46.75,857.0,3.52273
46.8333,851.0,3.46591
46.9167,835.0,3.46591
47.0,838.0,3.52273
47.1667,838.0,3.52273
47.25,802.0,3.63636
47.3333,798.0,3.35227
47.4167,796.0,3.35227
47.5,766.0,3.23864
47.6667,749.0,3.23864
47.75,744.0,3.40909
47.75,732.0,3.35227
47.75,732.0,3.35227
47.75,749.0,3.35227
47.8333,770.0,0.852273
48.0,810.0,3.29545
48.0833,803.0,3.29545
48.1667,790.0,3.35227
48.25,789.0,3.69318
48.3333,832.0,3.52273
48.4167,820.0,3.01136
48.5,810.0,3.01136
48.5833,808.0,1.53409
48.6667,804.0,3.63636
48.75,811.0,3.06818
48.8333,821.0,3.57954
49.0,823.0,3.57954
49.0833,831.0,3.69318
49.1667,869.0,3.40909
49.25,860.0,3.29545
49.3333,843.0,3.46591
49.5,852.0,3.40909
49.5833,850.0,3.40909
49.6667,826.0,3.46591
49.75,823.0,3.63636
49.8333,823.0,2.72727
50.0,850.0,2.72727
50.0833,878.0,3.46591
50.1667,893.0,3.63636
50.25,897.0,3.57954
50.3333,897.0,2.95454
50.5,913.0,2.95454
50.5833,959.0,3.57954
50.6667,972.0,3.46591
50.75,974.0,3.18182
50.8333,984.0,3.57954
51.0,1000.0,3.57954
51.0833,974.0,3.40909
51.1667,949.0,2.78409
51.25,954.0,3.63636
51.4167,948.0,3.63636
51.5,895.0,3.46591
51.5833,870.0,3.23864
51.6667,864.0,3.29545
51.75,853.0,3.69318
51.8333,831.0,3.69318
52.0,847.0,3.69318
52.0833,862.0,3.75
52.1667,842.0,3.46591
52.25,793.0,3.40909
52.3333,781.0,3.52273
52.4167,833.0,3.52273
52.5,854.0,1.64773
52.5833,848.0,3.57954
52.6667,909.0,3.29545
52.75,933.0,3.29545
52.8333,911.0,3.29545
52.9167,907.0,3.06818
53.0,924.0,3.06818
53.0833,882.0,3.46591
53.1667,859.0,3.46591
53.25,850.0,3.40909
53.4167,857.0,3.40909
53.5,899.0,4.20454
53.5833,901.0,3.40909
53.75,879.0,3.46591
53.8333,890.0,3.46591
53.9167,889.0,3.40909
54.0,889.0,3.46591
54.0833,870.0,3.125
54.25,877.0,3.125
54.3333,893.0,3.57954
54.4167,887.0,3.35227
54.5,872.0,4.09091
54.5,879.0,4.09091
54.5,883.0,4.09091
54.6667,891.0,4.09091
54.75,907.0,3.63636
54.8333,899.0,3.57954
54.9167,900.0,3.57954
55.0833,907.0,3.57954
55.1667,895.0,4.03409
55.25,881.0,3.35227
55.3333,887.0,3.57954
55.5,882.0,3.57954
55.5833,875.0,3.35227
55.6667,869.0,3.52273
55.75,867.0,3.46591
55.8333,855.0,3.29545
56.0,852.0,3.29545
56.0833,839.0,3.46591
56.1667,826.0,3.35227
56.25,831.0,3.29545
56.25,831.0,3.29545
56.3333,828.0,3.29545
56.4167,862.0,1.13636
56.5,854.0,3.46591
56.5833,822.0,3.52273
56.75,804.0,3.52273
56.8333,840.0,4.31818
56.9167,833.0,3.63636
57.0,815.0,3.46591
57.1667,810.0,3.46591
57.25,804.0,3.40909
57.3333,791.0,3.29545
57.4167,783.0,3.80682
57.5,774.0,3.63636
57.6667,776.0,3.63636
57.75,798.0,3.40909
57.75,814.0,3.35227
57.75,832.0,3.35227
57.75,832.0,3.35227
57.8333,854.0,3.35227
57.9167,915.0,0.681818
58.0,944.0,3.57954
58.0833,984.0,3.52273
58.0833,1010.0,3.52273
58.25,1018.0,3.52273
58.3333,1051.0,3.80682
58.4167,1068.0,3.29545
58.5,1058.0,3.52273
58.5,1059.0,3.18182
58.5833,1065.0,3.18182
58.6667,1073.0,1.13636
58.75,1093.0,3.125
58.8333,1112.0,3.35227
58.9167,1093.0,3.29545
58.9167,1081.0,3.29545
59.0833,1094.0,3.29545
59.0833,1099.0,3.46591
59.0833,1075.0,3.46591
59.1667,1105.0,1.13636
59.25,1121.0,3.125
59.3333,1106.0,3.35227
59.5,1098.0,3.52273
59.5833,1114.0,3.57954
59.6667,1111.0,3.125
59.75,1109.0,3.125
59.8333,1117.0,3.80682
60.0,1115.0,3.40909
60.0833,1124.0,3.40909
60.1667,1141.0,3.06818
60.25,1133.0,3.92045
60.3333,1128.0,3.18182
60.4167,1183.0,3.125
60.5833,1184.0,3.23864
60.6667,1163.0,3.57954
60.75,1160.0,3.46591
60.8333,1180.0,3.18182
60.8333,1181.0,3.35227
60.8333,1189.0,3.35227
60.9167,1188.0,1.13636
61.0,1172.0,1.13636
61.0,1172.0,1.47727
61.0833,1170.0,1.875
61.1667,1167.0,3.18182
61.3333,1129.0,3.35227
61.4167,1113.0,3.63636
61.5,1137.0,3.63636
61.5833,1115.0,3.06818
61.6667,1095.0,3.86364
61.8333,1095.0,3.86364
61.9167,1081.0,3.40909
61.9167,1072.0,3.29545
61.9167,1072.0,3.29545
62.0,1056.0,1.07955
62.1667,1033.0,1.07955
62.25,1066.0,3.69318
62.3333,1025.0,3.40909
62.4167,1009.0,3.40909
62.5,1045.0,3.46591
62.5833,1048.0,3.46591
62.75,1026.0,3.46591
62.8333,1071.0,4.09091
62.9167,1095.0,3.29545
63.0,1053.0,3.57954
63.1667,1057.0,3.29545
63.25,1084.0,3.18182
63.3333,1084.0,3.125
63.4167,1083.0,3.52273
63.5,1087.0,3.57954
63.5833,1077.0,3.52273
63.75,1094.0,3.52273
63.75,1108.0,3.80682
63.75,1075.0,3.80682
63.8333,1066.0,3.80682
63.9167,1073.0,3.35227
64.0833,1033.0,3.52273
64.1667,1014.0,3.69318
64.25,1099.0,3.40909
64.3333,1090.0,2.78409
64.4167,1045.0,3.86364
64.5,1047.0,3.40909
64.6667,1063.0,3.40909
64.75,1056.0,3.52273
64.8333,1044.0,3.35227
64.9167,1044.0,3.52273
64.9167,1037.0,3.52273
65.0833,1025.0,3.52273
65.1667,1021.0,3.86364
65.25,1010.0,3.125
65.3333,1006.0,3.35227
65.4167,1029.0,3.23864
65.5,1047.0,3.125
65.6667,1028.0,3.125
65.75,1030.0,3.40909
65.8333,1026.0,3.29545
65.9167,1031.0,3.18182
66.0,1050.0,3.63636
66.1667,1041.0,3.63636
66.25,1016.0,3.92045
66.3333,1011.0,3.23864
66.3333,1021.0,3.46591
66.3333,1003.0,3.46591
66.5,973.0,3.46591
66.5,959.0,3.92045
66.5833,967.0,3.92045
66.6667,955.0,3.18182
66.75,965.0,3.40909
66.8333,984.0,3.29545
67.0,975.0,3.29545
67.0833,977.0,3.75
67.0833,981.0,3.46591
67.1667,970.0,1.64773
67.25,967.0,3.46591
67.3333,933.0,2.95454
67.5,904.0,3.29545
67.5833,925.0,3.29545
67.6667,964.0,2.84091
67.75,943.0,4.82954
67.9167,911.0,4.82954
68.0,929.0,4.375
68.0833,933.0,4.26136
68.1667,915.0,3.75
68.25,914.0,3.75
68.3333,897.0,1.64773
68.4167,907.0,3.23864
68.5,937.0,3.97727
68.5833,917.0,3.46591
68.5833,917.0,3.46591
68.5833,903.0,3.46591
68.5833,943.0,3.46591
68.6667,963.0,0.681818
68.75,945.0,0.681818
68.8333,926.0,1.70455
68.9167,918.0,3.52273
69.0,904.0,4.31818
69.1667,914.0,4.31818
69.25,913.0,3.80682
69.3333,909.0,3.40909
69.4167,922.0,3.29545
69.4167,940.0,3.29545
69.5833,930.0,3.29545
69.6667,936.0,3.23864
69.6667,937.0,3.46591
69.75,927.0,1.76136
69.8333,928.0,3.63636
69.8333,947.0,3.63636
69.9167,936.0,3.63636
70.0,940.0,1.13636
70.0,958.0,3.125
70.0833,1001.0,1.81818
70.1667,974.0,1.81818
70.25,974.0,1.70455
70.3333,927.0,3.52273
70.4167,928.0,3.46591
70.5833,952.0,3.46591
70.6667,943.0,3.23864
70.75,918.0,3.75
70.8333,904.0,3.69318
71.0,909.0,3.69318
71.0,907.0,4.03409
71.0833,922.0,4.03409
71.1667,937.0,3.46591
71.25,928.0,3.46591
71.25,918.0,1.875
71.25,907.0,1.875
71.25,909.0,1.875
71.3333,910.0,0.852273
71.5,924.0,3.125
71.5833,894.0,3.63636
71.6667,894.0,2.78409
71.75,877.0,4.03409
71.8333,888.0,3.23864
71.9167,890.0,3.40909
71.9167,869.0,3.40909
72.0,856.0,3.40909
72.0833,858.0,3.80682
72.25,868.0,3.75
72.25,900.0,3.23864
72.3333,902.0,3.23864
72.4167,890.0,1.59091
72.5,889.0,3.75
72.6667,899.0,3.63636
72.6667,894.0,3.40909
72.6667,879.0,3.40909
72.75,863.0,1.13636
72.8333,845.0,3.52273
72.9167,849.0,2.89773
73.0,852.0,2.89773
73.0833,856.0,3.18182
73.1667,852.0,3.69318
73.25,854.0,3.63636
73.25,858.0,3.63636
73.3333,871.0,3.63636
73.4167,886.0,3.29545
73.4167,882.0,3.29545
73.5833,886.0,3.29545
73.6667,925.0,3.52273
73.75,968.0,2.89773
73.8333,968.0,3.86364
73.8333,962.0,3.86364
73.9167,994.0,3.86364
74.0,1005.0,1.13636
74.0833,1018.0,3.35227
74.0833,979.0,3.40909
74.1667,945.0,1.70455
74.25,973.0,3.29545
74.4167,992.0,3.29545
74.5,975.0,3.75
74.5833,970.0,3.80682
74.6667,980.0,3.35227
74.8333,978.0,3.35227
74.9167,960.0,3.125
75.0,960.0,3.40909
75.0833,958.0,3.23864
75.1667,957.0,3.23864
75.3333,963.0,3.46591
75.3333,989.0,3.52273
75.3333,1049.0,3.52273
75.4167,1031.0,1.13636
75.5,995.0,3.06818
75.6667,991.0,3.46591
75.75,1038.0,3.75
75.8333,1063.0,3.125
75.9167,1051.0,3.52273
76.0,1047.0,3.06818
76.1667,1064.0,3.46591
76.25,1049.0,3.57954
76.3333,1050.0,3.75
76.4167,1084.0,3.57954
76.5,1108.0,2.89773
76.6667,1074.0,2.89773
76.75,1044.0,3.18182
76.8333,1055.0,3.23864
76.8333,1097.0,4.03409
76.9167,1112.0,1.59091
77.0,1102.0,3.35227
77.0,1102.0,3.35227
77.0,1113.0,3.35227
77.0833,1110.0,3.35227
77.1667,1114.0,3.40909
77.25,1127.0,3.80682
77.3333,1123.0,3.80682
77.4167,1115.0,1.64773
77.5,1104.0,3.97727
77.5833,1100.0,3.01136
77.75,1092.0,3.01136
77.8333,1072.0,3.46591
77.9167,1052.0,3.80682
78.0,1056.0,4.26136
78.1667,1051.0,4.26136
78.25,1052.0,4.31818
78.3333,1032.0,3.40909
78.4167,1021.0,3.125
78.4167,1027.0,3.01136
78.4167,1040.0,3.01136
78.5833,1040.0,3.01136
78.6667,1040.0,3.06818
78.75,1025.0,3.92045
78.8333,1047.0,3.125
79.0,1062.0,3.69318
79.0833,1045.0,4.26136
79.1667,1030.0,2.72727
79.25,1061.0,3.63636
79.3333,1052.0,3.40909
79.5,1035.0,3.40909
79.5833,1033.0,3.63636
79.5833,1031.0,3.80682
79.6667,1019.0,1.875
79.6667,1025.0,1.875
79.75,1020.0,1.53409
79.9167,1006.0,3.01136
80.0,999.0,3.86364
80.0833,978.0,3.23864
80.0833,972.0,3.23864
80.0833,984.0,3.23864
80.1667,971.0,3.23864
80.25,977.0,0.852273
80.25,1003.0,3.29545
80.3333,1009.0,1.76136
80.5,1008.0,3.40909
80.5833,1043.0,3.46591
80.6667,1052.0,3.86364
80.75,1008.0,3.40909
80.9167,977.0,3.40909
81.0,1034.0,4.14773
81.0833,1060.0,3.40909
81.1667,1132.0,4.20454
81.25,1110.0,3.29545
81.25,941.0,3.29545
81.4167,1007.0,3.29545
81.4167,1087.0,3.29545
81.4167,1078.0,3.29545
81.4167,1049.0,3.29545
81.5,1041.0,0.852273
81.6667,1045.0,3.29545
81.75,1061.0,3.57954
81.8333,1076.0,3.35227
81.9167,1076.0,4.20454
82.0,1069.0,3.06818
82.1667,1102.0,3.46591
82.25,1139.0,3.46591
82.25,1136.0,4.26136
82.3333,1110.0,4.26136
82.4167,1147.0,3.57954
82.5,1180.0,3.57954
82.5833,1182.0,1.98864
82.5833,1160.0,3.23864
82.5833,1128.0,3.23864
82.6667,1158.0,1.07955
82.75,1174.0,3.40909
82.8333,1153.0,3.40909
82.8333,1129.0,1.70455
82.8333,1169.0,1.70455
83.0,1170.0,1.70455
83.0,1131.0,3.29545
83.0833,1107.0,3.29545
83.1667,1142.0,3.63636
83.25,1142.0,3.35227
83.4167,1136.0,3.35227
83.4167,1150.0,3.63636
83.4167,1159.0,3.63636
83.5,1157.0,3.63636
83.5833,1168.0,4.14773
83.75,1179.0,4.14773
83.8333,1184.0,3.57954
83.9167,1173.0,3.35227
84.0,1160.0,3.29545
84.0833,1148.0,2.89773
84.0833,1150.0,2.89773
84.0833,1203.0,2.89773
84.0833,1298.0,2.89773
84.1667,1380.0,0.681818
84.1667,1385.0,0.681818
84.1667,1301.0,0.681818
84.3333,1381.0,1.07955
84.4167,1383.0,3.52273
84.5,1370.0,3.57954
84.5833,1303.0,3.57954
84.6667,1432.0,3.23864
84.75,1494.0,2.89773
84.9167,1494.0,3.46591
85.0,1403.0,3.97727
85.0833,1279.0,2.84091
85.1667,1333.0,3.52273
85.1667,1383.0,2.89773
85.3333,1325.0,2.89773
85.3333,1247.0,3.29545
85.3333,1269.0,3.29545
85.4167,1309.0,3.29545
85.4167,1295.0,1.07955
85.5,1296.0,1.64773
85.5833,1304.0,3.63636
85.5833,1351.0,3.63636
85.6667,1342.0,3.63636
85.75,1333.0,1.07955
85.8333,1352.0,3.40909
85.9167,1397.0,3.35227
86.0,1409.0,3.35227
86.0833,1411.0,1.64773
86.1667,1418.0,3.35227
86.25,1419.0,3.23864
86.3333,1412.0,3.52273
86.4167,1389.0,3.40909
86.4167,1383.0,3.40909
86.4167,1384.0,3.40909
86.4167,1442.0,3.40909
86.4167,1433.0,3.40909
86.4167,1432.0,3.40909
86.5,1432.0,0.454545
86.5,1458.0,0.454545
86.5833,1512.0,0.454545
86.6667,1542.0,1.07955
86.75,1539.0,2.84091
86.8333,1591.0,3.40909
86.8333,1698.0,3.75
86.9167,1667.0,1.47727
87.0,1640.0,1.47727
87.0833,1646.0,3.80682
87.0833,1655.0,3.80682
87.1667,1634.0,1.59091
87.25,1628.0,1.59091
87.3333,1662.0,1.47727
87.4167,1701.0,3.125
87.5,1701.0,3.23864
87.5833,1698.0,3.75
87.5833,1699.0,3.75
87.6667,1703.0,1.53409
87.75,1692.0,3.18182
87.75,1666.0,3.18182
87.8333,1669.0,1.47727
87.8333,1670.0,1.47727
87.9167,1676.0,1.47727
88.0,1681.0,1.02273
88.0833,1636.0,3.35227
88.1667,1616.0,3.46591
88.25,1633.0,3.18182
88.3333,1646.0,3.18182
88.3333,1596.0,3.18182
88.4167,1577.0,3.18182
88.4167,1580.0,1.07955
88.5,1593.0,1.07955
88.5833,1607.0,1.42045
88.6667,1598.0,3.125
88.75,1609.0,3.29545
88.8333,1632.0,3.06818
88.9167,1627.0,2.89773
89.0,1612.0,3.01136
89.1667,1632.0,3.01136
89.1667,1635.0,3.01136
89.25,1617.0,3.01136
89.25,1585.0,1.59091
89.3333,1580.0,1.875
89.4167,1589.0,2.67045
89.5833,1576.0,2.67045
89.6667,1531.0,3.23864
89.75,1534.0,3.06818
89.8333,1564.0,3.18182
89.9167,1565.0,3.92045
90.0,1544.0,3.06818
90.0833,1524.0,2.84091
90.25,1523.0,2.84091
90.3333,1516.0,3.46591
90.4167,1521.0,2.84091
90.4167,1509.0,3.46591
90.4167,1500.0,3.46591
90.4167,1500.0,3.46591
90.5,1474.0,0.852273
90.6667,1456.0,3.23864
90.75,1432.0,3.23864
90.8333,1412.0,3.125
90.9167,1424.0,3.46591
91.0,1412.0,4.09091
91.0833,1366.0,3.23864
91.25,1375.0,3.23864
91.3333,1378.0,3.29545
91.4167,1378.0,3.46591
91.5,1321.0,3.40909
91.6667,1319.0,3.40909
91.75,1301.0,3.46591
91.8333,1268.0,3.18182
91.8333,1245.0,3.18182
91.8333,1193.0,3.18182
92.0,1143.0,3.18182
92.0,1131.0,3.35227
92.0833,1157.0,3.35227
92.1667,1173.0,3.35227
92.25,1142.0,3.52273
92.3333,1147.0,3.01136
92.4167,1205.0,3.01136
92.5,1205.0,1.70455
92.5833,1237.0,3.80682
92.6667,1201.0,3.46591
92.8333,1242.0,3.46591
92.9167,1284.0,3.35227
93.0,1277.0,3.29545
93.0833,1275.0,3.86364
93.1667,1238.0,3.46591
93.3333,1167.0,3.46591
93.4167,1138.0,3.97727
93.5,1212.0,3.40909
93.5833,1209.0,3.40909
93.6667,1186.0,3.40909
93.8333,1166.0,3.40909
93.9167,1159.0,3.40909
94.0,1131.0,3.46591
94.0833,1107.0,3.35227
94.25,1138.0,3.35227
94.3333,1175.0,3.57954
94.4167,1175.0,3.35227
94.5,1123.0,3.46591
94.5833,1087.0,3.46591
94.75,1104.0,3.40909
94.8333,1139.0,3.23864
94.9167,1113.0,3.75
95.0,1102.0,3.63636
95.1667,1126.0,3.63636
95.25,1120.0,3.86364
95.3333,1094.0,3.01136
95.4167,1114.0,3.69318
95.5,1099.0,3.46591
95.5833,1062.0,3.46591
95.75,1070.0,3.46591
95.8333,1115.0,3.46591
95.9167,1072.0,3.29545
96.0,1066.0,3.69318
96.1667,1095.0,3.69318
96.25,1088.0,3.57954
96.3333,1095.0,3.46591
96.4167,1107.0,3.29545
96.5,1080.0,3.29545
96.5833,1057.0,1.81818
96.5833,1038.0,3.40909
96.6667,1030.0,1.64773
96.6667,1026.0,1.64773
96.75,1035.0,1.64773
96.75,1049.0,1.64773
96.8333,1028.0,1.64773
96.9167,995.0,3.35227
97.0,992.0,3.40909
97.0833,999.0,3.69318
97.1667,1018.0,3.69318
97.25,1038.0,1.64773
97.3333,1056.0,3.35227
97.4167,1064.0,3.46591
97.5833,1064.0,3.46591
97.6667,1066.0,3.80682
97.75,1090.0,3.35227
97.8333,1102.0,4.14773
98.0,1097.0,4.14773
98.0,1109.0,3.63636
98.0833,1133.0,1.81818
98.0833,1133.0,1.81818
98.0833,1130.0,1.81818
98.25,1101.0,1.81818
98.25,1066.0,3.40909
98.25,1089.0,3.40909
98.3333,1122.0,1.13636
98.4167,1132.0,3.23864
98.5,1086.0,3.23864
98.5833,1074.0,1.64773
98.6667,1073.0,3.86364
98.75,1116.0,3.23864
98.8333,1123.0,3.57954
99.0,1101.0,3.57954
99.0833,1143.0,4.03409
99.1667,1173.0,3.35227
99.25,1159.0,3.86364
99.4167,1137.0,3.86364
99.5,1153.0,3.69318
99.5833,1145.0,2.78409
99.6667,1137.0,3.97727
99.75,1144.0,3.18182
99.8333,1156.0,3.69318
99.9167,1156.0,3.46591
99.9167,1157.0,3.46591
99.9167,1159.0,3.46591
100.0,1185.0,3.46591
100.083,1203.0,3.29545
100.167,1188.0,3.06818
100.333,1173.0,3.06818
100.417,1201.0,3.125
100.5,1226.0,3.29545
100.583,1224.0,3.69318
100.667,1220.0,3.125
100.833,1232.0,3.18182
100.917,1248.0,4.09091
101.0,1245.0,2.67045
101.083,1243.0,4.82954
101.167,1242.0,2.61364
101.25,1237.0,3.46591
101.333,1227.0,3.46591
101.417,1232.0,1.76136
101.417,1243.0,3.40909
101.417,1243.0,3.40909
101.417,1254.0,3.40909
101.5,1235.0,0.795454
101.583,1236.0,0.795454
101.667,1262.0,1.59091
101.75,1276.0,3.46591
101.833,1258.0,3.35227
102.0,1240.0,3.35227
102.083,1231.0,3.29545
102.083,1245.0,3.63636
102.083,1257.0,3.63636
102.167,1244.0,1.13636
102.25,1236.0,3.125
102.333,1261.0,3.125
102.333,1287.0,1.59091
102.417,1269.0,1.59091
102.5,1287.0,3.75
102.5,1322.0,3.75
102.5,1327.0,3.75
102.583,1309.0,3.75
102.583,1320.0,0.795454
102.667,1336.0,0.795454
102.75,1342.0,3.46591
102.75,1328.0,3.46591
102.833,1313.0,1.53409
103.0,1322.0,3.75
103.083,1331.0,3.86364
103.167,1311.0,3.35227
103.25,1293.0,3.29545
103.333,1315.0,2.55682
103.5,1312.0,3.80682
103.583,1283.0,4.14773
103.667,1302.0,3.46591
103.75,1323.0,3.80682
103.75,1299.0,3.80682
103.75,1293.0,3.80682
103.75,1321.0,3.80682
103.833,1328.0,3.80682
103.917,1339.0,0.625
103.917,1366.0,3.52273
104.0,1363.0,1.70455
104.083,1321.0,3.23864
104.25,1322.0,3.23864
104.333,1322.0,2.95454
104.417,1310.0,3.52273
104.5,1278.0,3.80682
104.583,1259.0,3.35227
104.583,1242.0,3.35227
104.667,1207.0,1.42045
104.75,1238.0,1.42045
104.833,1250.0,3.52273
104.833,1222.0,3.52273
104.917,1221.0,1.53409
105.0,1247.0,3.80682
105.0,1246.0,3.80682
105.083,1265.0,3.80682
105.167,1281.0,1.07955
105.167,1277.0,3.46591
105.25,1288.0,1.70455
105.333,1289.0,3.01136
105.5,1255.0,3.01136
105.583,1275.0,4.03409
105.667,1315.0,3.97727
105.75,1313.0,3.52273
105.833,1274.0,3.35227
105.917,1281.0,3.35227
106.0,1282.0,1.47727
106.083,1275.0,3.69318
106.167,1286.0,4.09091
106.333,1299.0,4.09091
106.333,1304.0,3.52273
106.333,1308.0,3.52273
106.417,1301.0,3.52273
106.417,1265.0,1.13636
106.417,1273.0,1.13636
106.5,1279.0,1.07955
106.667,1249.0,3.01136
106.75,1229.0,3.80682
106.833,1251.0,2.95454
106.917,1234.0,3.52273
107.0,1234.0,3.46591
107.167,1214.0,3.63636
107.25,1217.0,3.75
107.333,1221.0,3.29545
107.333,1218.0,3.46591
107.333,1204.0,3.46591
107.333,1204.0,3.46591
107.5,1214.0,3.46591
107.583,1228.0,3.63636
107.583,1220.0,3.125
107.667,1211.0,1.70455
107.75,1240.0,3.125
107.75,1236.0,3.125
107.917,1219.0,3.125
108.0,1221.0,3.29545
108.0,1222.0,3.46591
108.083,1221.0,1.70455
108.167,1222.0,3.23864
108.25,1234.0,2.95454
108.417,1233.0,3.23864
108.5,1210.0,3.97727
108.583,1222.0,3.29545
108.667,1235.0,3.63636
108.75,1242.0,2.95454
108.833,1234.0,3.63636
109.0,1222.0,3.63636
109.083,1231.0,3.69318
109.167,1245.0,3.23864
109.25,1248.0,3.29545
109.333,1261.0,3.23864
109.333,1304.0,3.23864
109.417,1305.0,1.64773
109.583,1275.0,1.64773
109.667,1267.0,3.125
109.75,1296.0,3.125
109.75,1308.0,3.40909
109.833,1304.0,1.59091
109.917,1286.0,3.35227
110.0,1277.0,3.46591
110.083,1305.0,2.84091
110.25,1327.0,3.06818
110.25,1310.0,3.86364
110.25,1295.0,3.86364
110.333,1343.0,3.86364
110.417,1357.0,3.46591
110.5,1343.0,3.35227
110.583,1356.0,3.46591
110.583,1377.0,3.46591
110.75,1377.0,3.46591
110.833,1374.0,3.63636
110.917,1375.0,2.95454
110.917,1381.0,3.29545
110.917,1390.0,3.29545
111.0,1376.0,3.29545
111.083,1363.0,3.125
111.167,1366.0,2.95454
111.167,1387.0,2.95454
111.25,1389.0,1.59091
111.333,1390.0,2.78409
111.5,1405.0,2.78409
111.583,1427.0,3.29545
111.583,1432.0,3.29545
111.667,1424.0,3.29545
111.75,1424.0,1.59091
111.833,1424.0,3.18182
111.917,1420.0,3.18182
112.0,1405.0,3.18182
112.083,1368.0,3.57954
112.167,1342.0,3.46591
112.333,1380.0,3.46591
112.333,1437.0,3.18182
112.333,1437.0,3.18182
112.333,1479.0,3.18182
112.417,1537.0,3.18182
112.5,1441.0,0.795454
112.583,1403.0,3.01136
112.667,1421.0,3.23864
112.75,1448.0,3.23864
112.833,1424.0,2.55682
112.917,1427.0,3.125
113.0,1425.0,3.18182
113.083,1406.0,2.95454
113.25,1377.0,3.23864
113.25,1350.0,3.40909
113.333,1358.0,3.40909
113.417,1358.0,1.36364
113.5,1394.0,3.75
113.583,1423.0,3.125
113.667,1469.0,2.32954
113.75,1483.0,3.63636
113.75,1459.0,3.01136
113.833,1459.0,1.53409
113.917,1440.0,3.01136
113.917,1430.0,3.01136
113.917,1421.0,3.01136
114.0,1416.0,0.965909
114.083,1393.0,3.18182
114.083,1347.0,3.18182
114.167,1365.0,1.47727
114.167,1385.0,1.47727
114.333,1386.0,1.47727
114.417,1476.0,3.40909
114.5,1558.0,2.78409
114.5,1546.0,3.125
114.583,1501.0,3.125
114.667,1500.0,1.30682
114.75,1529.0,3.23864
114.833,1519.0,3.18182
114.917,1486.0,2.95454
115.0,1449.0,2.78409
115.0,1409.0,3.01136
115.0,1395.0,3.01136
115.083,1397.0,3.01136
115.167,1395.0,0.909091
115.25,1388.0,2.78409
115.333,1392.0,3.06818
115.417,1420.0,2.84091
115.5,1452.0,2.89773
115.5,1542.0,2.78409
115.5,1596.0,2.78409
115.583,1585.0,2.78409
115.667,1592.0,0.965909
115.75,1588.0,2.78409
115.833,1529.0,3.18182
115.917,1489.0,2.32954
116.0,1452.0,3.40909
116.0,1420.0,2.72727
116.083,1414.0,2.72727
116.167,1424.0,1.42045
116.25,1463.0,2.89773
116.333,1541.0,2.44318
116.417,1616.0,3.01136
116.5,1625.0,3.35227
116.5,1583.0,2.72727
116.5,1583.0,2.72727
116.583,1541.0,2.72727
116.583,1519.0,0.965909
116.583,1518.0,0.965909
116.667,1483.0,0.965909
116.75,1435.0,0.965909
116.833,1411.0,2.95454
116.917,1421.0,2.32954
117.0,1439.0,3.63636
117.083,1444.0,2.78409
117.167,1453.0,2.72727
117.25,1481.0,2.67045
117.333,1551.0,3.46591
117.417,1567.0,2.72727
117.5,1599.0,2.38636
117.5,1616.0,3.23864
117.583,1561.0,1.53409
117.667,1510.0,3.01136
117.75,1466.0,2.72727
117.833,1411.0,2.72727
117.833,1387.0,2.38636
117.917,1372.0,2.38636
118.0,1371.0,1.36364
118.083,1457.0,2.89773
118.083,1513.0,2.72727
118.167,1484.0,2.72727
118.25,1530.0,1.42045
118.25,1626.0,2.61364
118.333,1655.0,2.61364
118.417,1581.0,1.53409
118.5,1521.0,3.125
118.583,1524.0,2.5
118.667,1502.0,3.01136
118.75,1434.0,2.78409
118.833,1294.0,2.67045
118.917,1279.0,2.84091
119.0,1277.0,2.32954
119.083,1336.0,2.84091
119.083,1389.0,3.35227
119.083,1464.0,3.35227
119.167,1501.0,1.19318
119.25,1524.0,3.125
119.333,1524.0,2.89773
119.333,1613.0,2.89773
119.417,1693.0,1.36364
119.417,1547.0,1.36364
119.417,1436.0,1.36364
119.417,1432.0,1.36364
119.5,1379.0,0.681818
119.583,1268.0,2.67045
119.583,1243.0,2.67045
119.583,1243.0,2.67045
119.667,1358.0,2.67045
119.75,1418.0,0.909091
119.833,1481.0,3.80682
119.917,1601.0,3.80682
120.0,1681.0,2.67045
120.0,1608.0,2.84091
120.083,1580.0,2.84091
120.167,1591.0,1.30682
120.25,1569.0,2.84091
120.333,1419.0,2.5
120.417,1304.0,3.35227
120.5,1301.0,2.78409
120.583,1321.0,2.72727
120.667,1320.0,2.78409
120.667,1462.0,2.67045
120.667,1557.0,2.67045
120.667,1597.0,2.67045
120.75,1628.0,0.852273
120.833,1698.0,2.95454
120.917,1648.0,2.67045
121.0,1587.0,2.89773
121.083,1572.0,2.84091
121.167,1498.0,2.32954
121.25,1306.0,3.01136
121.333,1273.0,2.55682
121.417,1330.0,3.29545
121.5,1397.0,2.72727
121.583,1396.0,2.84091
121.667,1441.0,2.84091
121.667,1559.0,2.5
121.75,1662.0,2.5
121.833,1628.0,1.42045
121.833,1638.0,2.61364
121.917,1638.0,2.61364
122.0,1686.0,1.47727
122.083,1648.0,2.55682
122.083,1537.0,2.38636
122.167,1457.0,2.38636
122.167,1438.0,1.42045
122.167,1408.0,1.42045
122.25,1391.0,1.42045
122.25,1385.0,0.909091
122.333,1373.0,2.55682
122.333,1418.0,2.55682
122.333,1485.0,2.55682
122.417,1538.0,0.909091
122.5,1626.0,2.72727
122.583,1655.0,2.32954
122.667,1637.0,2.78409
122.75,1612.0,2.84091
122.833,1636.0,3.125
122.917,1583.0,2.72727
123.0,1530.0,2.72727
123.083,1524.0,2.72727
123.167,1500.0,2.44318
123.25,1472.0,2.44318
123.333,1429.0,2.95454
123.417,1425.0,2.72727
123.417,1424.0,2.67045
123.5,1481.0,2.67045
123.5,1523.0,1.36364
123.5,1543.0,1.36364
123.5,1556.0,1.36364
123.5,1586.0,1.36364
123.583,1543.0,0.625
123.667,1490.0,2.5
123.75,1459.0,2.84091
123.833,1432.0,2.72727
123.833,1377.0,2.72727
123.833,1376.0,2.72727
123.917,1356.0,2.72727
124.0,1313.0,0.909091
124.083,1314.0,2.78409
124.167,1364.0,2.84091
124.25,1420.0,2.72727
124.333,1474.0,2.61364
124.417,1474.0,2.55682
124.417,1465.0,3.06818
124.417,1459.0,3.06818
124.5,1472.0,1.25
124.583,1433.0,2.61364
124.667,1375.0,2.78409
124.75,1423.0,2.95454
124.833,1478.0,2.61364
124.833,1479.0,2.61364
124.833,1383.0,2.61364
124.917,1271.0,2.61364
125.0,1305.0,0.852273
125.0,1359.0,2.67045
125.0,1443.0,2.67045
125.083,1582.0,2.67045
125.167,1668.0,0.909091
125.167,1646.0,2.44318
125.25,1583.0,2.44318
125.333,1512.0,2.32954
125.417,1517.0,3.57954
125.5,1535.0,2.78409
125.583,1526.0,2.55682
125.667,1527.0,2.72727
125.75,1411.0,2.72727
125.75,1362.0,1.875
125.833,1387.0,1.875
125.917,1461.0,1.47727
126.0,1532.0,2.67045
126.0,1623.0,2.72727
126.083,1652.0,2.10227
126.167,1596.0,2.38636
126.25,1538.0,3.29545
126.333,1554.0,2.55682
126.333,1534.0,2.55682
126.333,1520.0,2.55682
126.333,1521.0,2.55682
126.333,1482.0,2.55682
126.333,1473.0,2.55682
126.417,1534.0,0.511364
126.5,1510.0,2.72727
126.583,1410.0,1.98864
126.583,1325.0,1.98864
126.667,1325.0,1.42045
126.75,1361.0,1.42045
126.833,1422.0,2.5
126.833,1469.0,2.10227
126.917,1484.0,2.44318
127.0,1473.0,2.95454
127.083,1455.0,2.44318
127.167,1445.0,2.44318
127.167,1431.0,2.44318
127.25,1455.0,2.44318
127.333,1487.0,1.25
127.333,1465.0,2.38636
127.417,1405.0,2.27273
127.5,1340.0,2.78409
127.5,1374.0,2.78409
127.583,1386.0,2.78409
127.667,1388.0,1.13636
127.667,1426.0,2.32954
127.667,1474.0,2.32954
127.667,1500.0,2.32954
127.75,1476.0,0.852273
127.833,1423.0,2.27273
127.917,1415.0,2.27273
127.917,1462.0,2.55682
127.917,1410.0,2.55682
128.0,1361.0,1.07955
128.083,1498.0,2.44318
128.167,1538.0,2.95454
128.25,1464.0,2.95454
128.333,1418.0,2.44318
128.333,1512.0,2.61364
128.333,1600.0,2.61364
128.417,1607.0,2.61364
128.5,1600.0,0.965909
128.583,1615.0,2.32954
128.667,1636.0,2.55682
128.667,1635.0,2.72727
128.667,1600.0,2.72727
128.75,1554.0,1.07955
128.833,1498.0,1.07955
128.833,1532.0,2.32954
128.833,1557.0,2.32954
128.917,1570.0,1.07955
128.917,1570.0,1.07955
128.917,1573.0,1.07955
128.917,1530.0,1.07955
129.0,1519.0,0.738636
129.083,1517.0,0.738636
129.083,1580.0,2.27273
129.083,1747.0,2.27273
129.083,1715.0,2.27273
129.167,1714.0,2.27273
129.167,1580.0,0.681818
129.25,1527.0,1.875
129.333,1483.0,2.67045
129.417,1490.0,2.67045
129.417,1533.0,1.875
129.5,1568.0,2.04545
129.583,1582.0,2.5
129.667,1586.0,2.5
129.667,1620.0,2.04545
129.667,1688.0,2.04545
129.75,1748.0,2.04545
129.833,1721.0,0.965909
129.833,1698.0,2.61364
129.917,1697.0,1.64773
130.0,1684.0,1.64773
130.083,1539.0,2.04545
130.083,1502.0,2.38636
130.167,1534.0,2.21591
130.167,1530.0,2.21591
130.167,1483.0,2.21591
130.167,1509.0,2.21591
130.25,1542.0,2.21591
130.25,1560.0,0.625
130.333,1584.0,2.10227
130.333,1559.0,2.10227
130.417,1569.0,2.10227
130.417,1623.0,0.965909
130.417,1621.0,0.965909
130.417,1606.0,0.965909
130.417,1607.0,0.965909
130.5,1595.0,0.681818
130.583,1574.0,0.681818
130.583,1587.0,2.10227
130.667,1602.0,1.64773
130.75,1602.0,1.64773
130.833,1581.0,2.10227
130.833,1572.0,2.38636
130.917,1612.0,1.98864
131.0,1703.0,1.98864
131.0,1691.0,1.93182
131.0,1665.0,1.93182
131.083,1632.0,1.93182
131.167,1624.0,0.909091
131.167,1628.0,2.67045
131.25,1630.0,2.15909
131.25,1624.0,2.15909
131.25,1628.0,2.15909
131.333,1631.0,0.965909
131.333,1606.0,0.965909
131.333,1575.0,0.965909
131.417,1566.0,0.965909
131.5,1566.0,2.04545
131.5,1576.0,2.04545
131.583,1603.0,1.76136
131.667,1624.0,2.10227
131.75,1611.0,2.10227
131.75,1601.0,2.15909
131.75,1608.0,2.15909
131.833,1593.0,2.15909
131.833,1553.0,0.965909
131.917,1569.0,1.93182
132.0,1599.0,1.93182
132.0,1589.0,1.93182
132.0,1581.0,1.93182
132.083,1612.0,1.93182
132.167,1591.0,0.965909
132.167,1574.0,2.5
132.25,1598.0,1.98864
132.333,1631.0,1.98864
132.333,1634.0,1.64773
132.333,1640.0,1.64773
132.417,1641.0,1.64773
132.5,1620.0,1.07955
132.5,1478.0,2.04545
132.5,1386.0,2.04545
132.5,1363.0,2.04545
132.583,1363.0,0.909091
132.667,1402.0,0.909091
132.75,1480.0,1.81818
132.75,1536.0,2.04545
132.833,1554.0,2.04545
132.833,1535.0,1.53409
132.917,1439.0,2.32954
132.917,1356.0,2.32954
132.917,1357.0,2.32954
132.917,1430.0,2.32954
132.917,1460.0,2.32954
132.917,1424.0,2.32954
133.0,1413.0,0.454545
133.0,1362.0,0.454545
133.0,1321.0,0.454545
133.0,1430.0,0.454545
133.0,1573.0,0.454545
133.083,1618.0,0.625
133.167,1633.0,0.625
133.167,1672.0,1.98864
133.167,1743.0,1.98864
133.25,1760.0,1.98864
133.25,1760.0,0.909091
133.333,1754.0,0.909091
133.417,1743.0,1.59091
133.417,1736.0,2.15909
133.5,1735.0,2.15909
133.5,1752.0,1.64773
133.5,1792.0,1.64773
133.583,1788.0,1.64773
133.583,1750.0,0.909091
133.667,1741.0,1.98864
133.667,1757.0,1.98864
133.75,1746.0,1.30682
133.833,1754.0,1.30682
133.833,1791.0,2.15909
133.917,1792.0,2.15909
133.917,1757.0,1.53409
134.0,1720.0,1.47727
134.0,1728.0,1.47727
134.083,1739.0,1.76136
134.167,1734.0,1.76136
134.167,1688.0,1.76136
134.167,1688.0,1.76136
134.167,1648.0,1.76136
134.25,1597.0,0.738636
134.25,1611.0,0.738636
134.25,1671.0,0.738636
134.25,1683.0,0.738636
134.333,1687.0,0.795454
134.417,1683.0,0.795454
134.417,1682.0,1.64773
134.417,1685.0,1.64773
134.417,1680.0,1.64773
134.5,1666.0,1.64773
134.5,1657.0,0.738636
134.583,1720.0,0.738636
134.583,1809.0,1.25
134.667,1811.0,2.04545
134.667,1799.0,2.04545
134.75,1867.0,1.42045
134.75,1826.0,1.42045
134.833,1775.0,1.36364
134.833,1785.0,1.36364
134.917,1842.0,1.59091
135.0,1835.0,1.59091
135.0,1794.0,1.53409
135.0,1746.0,1.53409
135.0,1717.0,1.53409
135.0,1760.0,1.53409
135.083,1774.0,0.681818
135.083,1800.0,0.681818
135.167,1857.0,1.42045
135.167,1940.0,1.42045
135.167,1948.0,1.42045
135.25,1939.0,0.852273
135.25,1951.0,0.852273
135.25,1950.0,0.852273
135.25,1940.0,0.852273
135.333,1886.0,0.852273
135.333,1771.0,0.681818
135.417,1753.0,0.681818
135.417,1739.0,1.30682
135.417,1723.0,1.30682
135.417,1736.0,1.30682
135.417,1753.0,1.30682
135.417,1753.0,1.30682
135.5,1783.0,1.30682
135.5,1887.0,0.454545
135.5,1903.0,0.454545
135.5,1868.0,0.454545
135.5,1831.0,0.454545
135.583,1779.0,0.454545
135.583,1773.0,0.625
135.667,1658.0,0.625
135.667,1644.0,1.30682
135.667,1739.0,1.30682
135.75,1821.0,1.13636
135.75,1818.0,1.13636
135.75,1813.0,1.13636
135.75,1819.0,1.13636
135.833,1772.0,1.13636
135.833,1686.0,0.625
135.833,1591.0,0.625
135.917,1559.0,1.25
136.0,1654.0,1.25
136.0,1671.0,1.76136
136.0,1672.0,1.76136
136.083,1657.0,1.76136
136.083,1689.0,0.965909
136.167,1703.0,0.965909
136.167,1675.0,1.36364
136.167,1680.0,1.36364
136.25,1717.0,1.36364
136.25,1742.0,0.965909
136.25,1756.0,0.965909
136.25,1795.0,0.965909
136.25,1803.0,0.965909
136.333,1794.0,0.965909
136.333,1785.0,0.511364
136.333,1763.0,0.511364
136.417,1763.0,0.511364
136.417,1665.0,1.02273
136.417,1642.0,1.02273
136.5,1650.0,1.02273
136.5,1635.0,1.02273
136.5,1655.0,1.02273
136.583,1791.0,0.965909
136.583,1791.0,0.965909
136.583,1828.0,0.965909
136.667,1809.0,0.965909
136.667,1774.0,0.965909
136.667,1764.0,0.965909
136.75,1798.0,0.965909
136.75,1797.0,0.965909
136.833,1784.0,0.965909
136.833,1784.0,1.13636
136.833,1786.0,1.13636
136.917,1762.0,1.13636
136.917,1733.0,0.965909
136.917,1734.0,0.965909
136.917,1787.0,0.965909
137.0,1851.0,0.852273
137.0,1852.0,0.852273
137.083,1870.0,0.852273
137.083,1911.0,1.02273
137.083,1934.0,1.02273
137.083,1929.0,1.02273
137.083,1933.0,1.02273
137.083,1943.0,1.02273
137.083,1926.0,1.02273
137.083,1908.0,1.02273
137.083,1888.0,1.02273
137.083,1880.0,1.02273
137.083,1938.0,1.02273
137.083,2053.0,1.02273
137.083,2061.0,1.02273
137.083,2059.0,1.02273
137.083,2054.0,1.02273
137.167,1967.0,0.170455
137.167,1885.0,0.170455
137.25,1866.0,0.170455
137.25,1865.0,1.07955
137.25,1861.0,1.07955
137.333,1852.0,1.07955
137.333,1857.0,0.965909
137.333,1875.0,0.965909
137.417,1892.0,0.965909
137.417,1889.0,0.965909
137.417,1876.0,0.965909
137.5,1858.0,0.965909
137.5,1858.0,0.965909
137.583,1848.0,0.965909
137.583,1856.0,1.19318
137.583,1875.0,1.19318
137.667,1883.0,1.19318
137.667,1869.0,1.02273
137.667,1837.0,1.02273
137.667,1824.0,1.02273
137.667,1710.0,1.02273
137.667,1600.0,1.02273
137.75,1599.0,1.02273
137.75,1760.0,0.511364
137.75,1741.0,0.511364
137.833,1707.0,0.511364
137.833,1765.0,0.909091
137.833,1798.0,0.909091
137.917,1667.0,0.909091
137.917,1624.0,1.02273
137.917,1637.0,1.02273
138.0,1641.0,1.02273
138.0,1608.0,0.852273
138.0,1608.0,0.852273
138.083,1636.0,0.852273
138.083,1652.0,1.02273
138.083,1619.0,1.02273
138.083,1616.0,1.02273
138.167,1658.0,0.852273
138.167,1770.0,0.852273
138.25,1702.0,0.852273
138.25,1570.0,1.02273
138.25,1588.0,1.02273
138.25,1621.0,1.02273
138.25,1539.0,1.02273
138.333,1408.0,0.625
138.333,1469.0,0.625
138.333,1469.0,0.625
138.333,1455.0,0.625
138.333,1508.0,0.625
138.333,1639.0,0.625
138.333,1701.0,0.625
138.333,1679.0,0.625
138.333,1658.0,0.625
138.333,1732.0,0.625
138.333,1732.0,0.625
138.417,1702.0,0.284091
138.417,1644.0,0.284091
138.417,1638.0,0.284091
138.417,1624.0,0.284091
138.5,1585.0,0.681818
138.5,1559.0,0.681818
138.5,1559.0,0.681818
138.5,1605.0,0.681818
138.5,1697.0,0.681818
138.583,1741.0,0.625
138.583,1766.0,0.625
138.583,1768.0,0.625
138.583,1696.0,0.625
138.667,1634.0,0.738636
138.667,1626.0,0.738636
138.667,1654.0,0.738636
138.667,1678.0,0.738636
138.75,1685.0,0.681818
138.75,1697.0,0.681818
138.75,1713.0,0.681818
138.75,1709.0,0.681818
138.833,1691.0,0.681818
138.833,1679.0,0.681818
138.833,1642.0,0.681818
138.833,1605.0,0.681818
138.833,1608.0,0.681818
138.917,1630.0,0.625
138.917,1656.0,0.625
138.917,1684.0,0.625
138.917,1711.0,0.625
139.0,1712.0,0.625
139.0,1729.0,0.625
139.0,1731.0,0.625
139.0,1715.0,0.625
139.0,1709.0,0.625
139.083,1725.0,0.625
139.083,1722.0,0.568182
139.083,1699.0,0.568182
139.083,1738.0,0.568182
139.083,1868.0,0.568182
139.167,1892.0,0.568182
139.167,1892.0,0.568182
139.167,1888.0,0.568182
139.167,1945.0,0.568182
139.167,2003.0,0.568182
139.167,1892.0,0.568182
139.25,1777.0,0.568182
139.25,1727.0,0.511364
139.25,1700.0,0.511364
139.25,1618.0,0.511364
139.25,1593.0,0.511364
139.25,1663.0,0.511364
139.25,1793.0,0.511364
139.333,1839.0,0.397727
139.333,1836.0,0.397727
139.333,1812.0,0.397727
139.333,1725.0,0.397727
139.333,1619.0,0.397727
139.333,1643.0,0.397727
139.333,1666.0,0.397727
139.417,1685.0,0.397727
139.417,1801.0,0.397727
139.417,1830.0,0.397727
139.417,1895.0,0.397727
139.417,1856.0,0.397727
139.417,1819.0,0.397727
139.417,1845.0,0.397727
139.417,1797.0,0.397727
139.5,1750.0,0.340909
139.5,1770.0,0.340909
139.5,1728.0,0.340909
139.5,1621.0,0.340909
139.5,1593.0,0.340909
139.5,1637.0,0.340909
139.5,1604.0,0.340909
139.5,1531.0,0.340909
139.5,1530.0,0.340909
139.5,1596.0,0.340909
139.5,1659.0,0.340909
139.5,1728.0,0.340909
139.583,1818.0,0.227273
139.583,1896.0,0.227273
139.583,1913.0,0.227273
139.583,1855.0,0.227273
139.583,1855.0,0.227273
139.583,1851.0,0.227273
139.583,1851.0,0.227273
139.583,1820.0,0.227273
139.583,1734.0,0.227273
139.583,1693.0,0.227273
139.583,1665.0,0.227273
139.583,1664.0,0.227273
139.583,1622.0,0.227273
139.583,1687.0,0.227273
139.583,1757.0,0.227273
139.583,1791.0,0.227273
139.583,1785.0,0.227273
139.583,1780.0,0.227273
139.583,1794.0,0.227273
139.583,1822.0,0.227273
139.583,1836.0,0.227273
139.583,1741.0,0.227273
139.583,1357.0,0.227273
139.583,909.0,0.227273
139.583,501.0,0.227273
139.583,501.0,0.227273
139.583,70.0,0.227273
139.583,0.0,0.227273
139.583,0.0,0.227273
139.583,0.0,0.227273
139.583,0.0,0.227273
139.583,0.0,0.227273
139.583,0.0,0.227273
139.583,0.0,0.227273
139.583,0.0,0.227273
139.583,1.0,0.227273
139.583,0.0,0.227273
139.583,0.0,0.227273
139.583,0.0,0.227273
139.583,0.0,0.227273
139.583,0.0,0.227273
139.583,0.0,0.227273
139.583,0.0,0.227273
139.583,0.0,0.227273
139.583,0.0,0.227273
139.583,0.0,0.227273
139.583,0.0,0.227273
139.583,0.0,0.227273
139.583,0.0,0.227273
139.583,0.0,0.227273
139.583,0.0,0.0
139.583,0.0,0.0
139.583,0.0,0.0
139.583,0.0,0.0
139.583,0.0,0.0
139.583,0.0,0.0
139.583,0.0,0.0
139.583,0.0,0.0
139.583,0.0,0.0
139.583,0.0,0.0
139.583,0.0,0.0
139.583,0.0,0.0
139.583,0.0,0.0
139.583,0.0,0.0
139.583,0.0,0.0
139.583,0.0,0.0
139.583,0.0,0.0
