0.0,0.0,0.0
0.0,0.0,0.0
0.0,0.0,0.0
0.0,0.0,0.0
0.0,0.0,0.0
0.0,0.0,0.0
0.0,0.0,0.0
0.0,0.0,0.0
0.0,0.0,0.0
0.0,0.0,0.0
0.0,0.0,0.0
0.0,0.0,0.0
0.0,0.0,0.0
0.0,0.0,0.0
0.0,0.0,0.0
0.0,0.0,0.0
0.0,0.0,0.0
0.0,0.0,0.0
0.0,0.0,0.0
0.0,0.0,0.0
0.0,0.0,0.0
0.0,0.0,0.0
0.0,0.0,0.0
0.0,0.0,0.0
0.0,0.0,0.0
0.0,0.0,0.0
0.0,0.0,0.0
0.0,0.0,0.0
0.0,0.0,0.0
0.0,0.0,0.0
0.0,0.0,0.0
0.0,0.0,0.0
0.0,0.0,0.0
0.0,0.0,0.0
0.0,0.0,0.0
0.0,0.0,0.0
0.0,0.0,0.0
0.0,0.0,0.0
0.0,0.0,0.0
0.0,0.0,0.0
0.0,0.0,0.0
0.0,0.0,0.0
0.0,0.0,0.0
0.0,0.0,0.0
0.0,0.0,0.0
0.0,0.0,0.0
0.0,0.0,0.0
0.0,0.0,0.0
0.0,0.0,0.0
0.0,0.0,0.0
0.0,0.0,0.0
0.0,0.0,0.0
0.0,0.0,0.0
0.0,0.0,0.0
0.0,0.0,0.0
0.0,0.0,0.0
0.0,0.0,0.0
0.0,0.0,0.0
0.0,0.0,0.0
0.0833333,585.0,0.0568182
0.0833333,578.0,0.0568182
0.0833333,575.0,0.0568182
0.0833333,581.0,0.0568182
0.0833333,611.0,0.0568182
0.0833333,660.0,0.0568182
0.0833333,665.0,0.0568182
0.0833333,643.0,0.0568182
0.0833333,624.0,0.0568182
0.0833333,641.0,0.0568182
0.0833333,668.0,0.0568182
0.0833333,799.0,0.0568182
0.0833333,799.0,0.0568182
0.25,834.0,0.170455
0.25,918.0,0.170455
0.25,992.0,0.170455
0.25,1013.0,0.170455
0.333333,888.0,0.170455
0.333333,811.0,0.284091
0.333333,844.0,0.284091
0.333333,938.0,0.284091
0.333333,930.0,0.284091
0.333333,954.0,0.284091
0.333333,1000.0,0.284091
0.333333,1007.0,0.284091
0.416667,1109.0,0.284091
0.416667,1221.0,0.340909
0.416667,1227.0,0.340909
0.416667,1227.0,0.340909
0.416667,1132.0,0.340909
0.416667,1142.0,0.340909
0.416667,1200.0,0.340909
0.5,1156.0,0.340909
0.5,1064.0,0.397727
0.5,992.0,0.397727
0.5,1051.0,0.397727
0.5,1052.0,0.397727
0.5,1059.0,0.397727
0.583333,997.0,0.397727
0.583333,958.0,0.454545
0.583333,1104.0,0.454545
0.583333,1206.0,0.454545
0.583333,1244.0,0.454545
0.583333,1233.0,0.454545
0.666667,1188.0,0.568182
0.666667,1139.0,0.568182
0.666667,1169.0,0.568182
0.666667,1230.0,0.568182
0.75,1215.0,0.625
0.75,1153.0,0.625
0.75,1158.0,0.625
0.75,1061.0,0.625
0.75,1251.0,0.625
0.833333,1339.0,0.625
0.833333,1266.0,0.625
0.833333,1099.0,0.625
0.916667,1124.0,0.625
0.916667,1311.0,0.738636
0.916667,1331.0,0.738636
0.916667,1180.0,0.738636
1.0,980.0,0.738636
1.0,1063.0,0.795454
1.16667,1074.0,0.909091
1.16667,977.0,0.909091
1.25,1087.0,0.965909
1.25,1087.0,0.965909
1.33333,1161.0,0.965909
1.33333,1127.0,1.02273
1.33333,1101.0,1.02273
1.41667,1178.0,1.07955
1.41667,1131.0,1.07955
1.41667,1064.0,1.07955
1.41667,1113.0,1.07955
1.5,1285.0,1.07955
1.5,1227.0,0.511364
1.5,1073.0,0.511364
1.58333,981.0,1.07955
1.58333,1114.0,1.07955
1.66667,1239.0,1.07955
1.66667,1291.0,1.13636
1.75,1232.0,1.13636
1.75,1080.0,1.42045
1.75,1100.0,1.42045
1.91667,1223.0,0.625
1.91667,1322.0,0.625
1.91667,1264.0,0.625
1.91667,1146.0,0.625
1.91667,1115.0,0.625
2.0,1174.0,0.454545
2.0,1293.0,0.454545
2.08333,1265.0,0.454545
2.08333,1152.0,1.30682
2.16667,1097.0,1.875
2.25,1245.0,1.875
2.25,1247.0,1.19318
2.33333,1097.0,1.59091
2.33333,1025.0,1.59091
2.33333,1282.0,1.59091
2.33333,1420.0,1.59091
2.33333,1346.0,1.59091
2.41667,1346.0,1.59091
2.41667,1215.0,0.511364
2.41667,1279.0,0.511364
2.58333,1190.0,1.47727
2.58333,1488.0,1.47727
2.58333,1506.0,1.47727
2.66667,1419.0,0.852273
2.66667,1227.0,0.852273
2.75,1330.0,1.59091
2.83333,1479.0,1.59091
2.83333,1410.0,2.15909
2.91667,1295.0,2.15909
3.33333,1206.0,0.909091
3.41667,1385.0,1.70455
3.5,1470.0,2.15909
3.58333,1252.0,2.15909
3.58333,1249.0,1.875
3.66667,1260.0,2.10227
4.08333,1484.0,3.18182
4.16667,1216.0,2.55682
4.25,1216.0,2.55682
4.33333,1325.0,2.67045
4.41667,1543.0,2.15909
4.5,1595.0,2.61364
4.5,1392.0,2.78409
4.5,1415.0,2.78409
4.58333,1463.0,1.36364
4.58333,1463.0,1.36364
4.75,1458.0,1.42045
4.75,1481.0,3.52273
4.83333,1520.0,2.32954
4.91667,1516.0,2.32954
5.0,1498.0,1.47727
5.0,1630.0,3.23864
5.08333,1713.0,3.23864
5.08333,1657.0,1.47727
5.08333,1589.0,1.47727
5.08333,1623.0,1.47727
5.16667,1660.0,1.47727
5.25,1558.0,0.738636
5.33333,1416.0,1.70455
5.41667,1452.0,3.125
5.5,1442.0,3.52273
5.66667,1422.0,3.06818
5.75,1438.0,3.06818
5.75,1455.0,3.40909
5.83333,1401.0,3.40909
5.91667,1383.0,3.06818
6.0,1351.0,3.01136
6.16667,1264.0,3.01136
6.25,1231.0,3.52273
6.33333,1210.0,2.89773
6.41667,1133.0,3.35227
6.5,1080.0,3.01136
6.58333,1054.0,3.63636
6.75,980.0,3.46591
6.83333,937.0,3.40909
6.83333,947.0,3.63636
7.0,958.0,3.63636
7.08333,921.0,3.86364
7.16667,881.0,3.125
7.25,861.0,4.26136
7.41667,861.0,4.26136
7.5,856.0,4.14773
7.5,769.0,3.63636
7.5,697.0,3.63636
7.58333,689.0,1.19318
7.66667,710.0,1.19318
7.75,681.0,3.63636
7.83333,661.0,3.57954
7.83333,573.0,3.57954
7.83333,513.0,3.57954
7.83333,493.0,3.57954
7.91667,456.0,0.738636
7.91667,411.0,0.738636
8.0,386.0,1.19318
8.08333,370.0,3.57954
8.25,381.0,3.57954
8.33333,411.0,2.95454
8.41667,425.0,3.75
8.5,403.0,4.09091
8.66667,368.0,3.75
8.75,383.0,3.40909
8.83333,388.0,3.40909
8.91667,418.0,3.18182
9.08333,424.0,3.57954
9.16667,444.0,4.14773
9.25,461.0,3.23864
9.25,441.0,3.40909
9.25,400.0,3.40909
9.33333,367.0,1.19318
9.41667,367.0,1.19318
9.41667,387.0,1.59091
9.5,396.0,1.81818
9.58333,366.0,3.69318
9.75,324.0,3.69318
9.83333,336.0,3.46591
9.91667,333.0,3.06818
10.0,359.0,3.46591
10.1667,369.0,3.86364
10.25,378.0,3.92045
10.3333,399.0,3.75
10.3333,428.0,2.84091
10.3333,407.0,2.84091
10.5,407.0,2.84091
10.5833,385.0,3.92045
10.6667,394.0,3.63636
10.6667,394.0,3.23864
10.75,384.0,3.23864
10.8333,390.0,1.19318
10.9167,392.0,3.23864
11.0,393.0,3.40909
11.0833,392.0,4.94318
11.25,413.0,4.94318
11.3333,435.0,3.63636
11.4167,442.0,3.92045
11.5,446.0,3.63636
11.5,463.0,3.63636
11.5833,552.0,3.63636
11.6667,575.0,1.19318
11.75,568.0,3.40909
11.8333,548.0,2.84091
12.0,545.0,3.35227
12.0,571.0,4.09091
12.0,570.0,4.09091
12.0833,538.0,1.13636
12.1667,566.0,3.46591
12.25,623.0,3.23864
12.3333,627.0,3.29545
12.3333,624.0,3.29545
12.4167,618.0,3.29545
12.5,622.0,3.92045
12.5833,645.0,3.46591
12.75,656.0,3.46591
12.8333,666.0,3.46591
12.9167,680.0,3.06818
13.0,656.0,3.63636
13.0833,635.0,3.29545
13.1667,648.0,3.01136
13.25,672.0,2.78409
13.3333,682.0,3.01136
13.4167,684.0,3.01136
13.5,689.0,1.81818
13.5833,685.0,3.18182
13.6667,708.0,3.23864
13.6667,733.0,3.23864
13.6667,749.0,3.23864
13.6667,749.0,3.23864
13.75,759.0,3.23864
13.8333,770.0,3.46591
13.9167,753.0,3.40909
14.0833,744.0,3.40909
14.1667,746.0,3.69318
14.25,767.0,3.35227
14.25,789.0,3.35227
14.25,764.0,3.35227
14.25,742.0,3.35227
14.4167,742.0,3.35227
14.5,774.0,4.03409
14.5833,771.0,3.40909
14.5833,747.0,3.40909
14.5833,737.0,3.40909
14.6667,748.0,3.40909
14.6667,759.0,0.852273
14.6667,742.0,0.852273
14.6667,725.0,0.852273
14.8333,723.0,0.852273
14.8333,732.0,4.54545
14.9167,735.0,1.70455
15.0,728.0,3.06818
15.0833,746.0,3.80682
15.1667,776.0,3.80682
15.25,785.0,1.76136
15.3333,775.0,3.125
15.4167,772.0,3.97727
15.5,787.0,3.52273
15.5833,784.0,2.78409
15.5833,749.0,2.78409
15.6667,726.0,1.19318
15.75,718.0,3.23864
15.8333,711.0,3.46591
15.8333,687.0,3.46591
15.9167,687.0,3.46591
16.0,633.0,1.07955
16.0833,616.0,3.46591
16.25,649.0,3.46591
16.3333,628.0,3.75
16.4167,565.0,2.78409
16.5,523.0,4.48864
16.5833,592.0,3.69318
16.75,592.0,3.69318
16.8333,617.0,3.35227
16.9167,593.0,3.57954
17.0,578.0,3.46591
17.0833,644.0,2.89773
17.0833,671.0,2.89773
17.1667,675.0,1.64773
17.25,669.0,1.64773
17.25,689.0,1.76136
17.25,725.0,1.76136
17.25,723.0,1.76136
17.3333,720.0,0.852273
17.4167,707.0,0.852273
17.4167,698.0,1.64773
17.5,690.0,1.93182
17.6667,665.0,2.84091
17.75,587.0,4.14773
17.8333,590.0,3.01136
17.9167,606.0,3.40909
18.0833,564.0,3.86364
18.0833,523.0,3.86364
18.1667,524.0,3.86364
18.1667,558.0,1.47727
18.25,576.0,1.47727
18.3333,574.0,3.97727
18.3333,589.0,3.97727
18.4167,629.0,3.97727
18.4167,616.0,1.13636
18.4167,611.0,1.13636
18.4167,598.0,1.13636
18.5,576.0,0.909091
18.5833,566.0,0.909091
18.6667,543.0,4.20454
18.75,532.0,3.52273
18.9167,535.0,3.52273
19.0,527.0,3.57954
19.0833,508.0,4.54545
19.1667,491.0,3.06818
19.25,487.0,3.92045
19.3333,501.0,3.92045
19.4167,506.0,1.81818
19.4167,483.0,3.06818
19.5833,483.0,3.06818
19.5833,471.0,3.35227
19.6667,479.0,3.35227
19.6667,476.0,1.76136
19.75,456.0,1.76136
19.8333,442.0,1.19318
19.9167,444.0,3.46591
20.0,448.0,3.92045
20.1667,420.0,3.92045
20.25,387.0,3.80682
20.3333,322.0,4.14773
20.4167,294.0,4.14773
20.5,323.0,1.81818
20.5833,298.0,3.75
20.6667,251.0,3.63636
20.8333,232.0,3.63636
20.9167,252.0,3.63636
21.0,283.0,3.01136
21.0833,339.0,3.29545
21.25,347.0,3.86364
21.25,320.0,3.92045
21.25,304.0,3.92045
21.25,312.0,3.92045
21.3333,322.0,3.92045
21.4167,329.0,0.681818
21.5,331.0,3.63636
21.5833,309.0,2.95454
21.6667,299.0,3.57954
21.8333,319.0,3.57954
21.9167,359.0,3.69318
22.0,366.0,3.06818
22.0833,361.0,4.09091
22.1667,343.0,4.09091
22.25,321.0,1.70455
22.3333,316.0,3.46591
22.3333,317.0,3.46591
22.4167,331.0,1.76136
22.5,336.0,1.76136
22.5833,334.0,0.568182
22.6667,327.0,3.125
22.6667,327.0,3.69318
22.8333,324.0,3.69318
22.9167,331.0,3.63636
23.0,332.0,3.97727
23.0833,331.0,3.80682
23.1667,332.0,2.72727
23.25,341.0,2.72727
23.3333,337.0,1.93182
23.3333,348.0,3.69318
23.4167,354.0,1.53409
23.5833,355.0,1.53409
23.6667,362.0,3.35227
23.75,355.0,3.35227
23.75,349.0,3.52273
23.75,393.0,3.52273
23.8333,404.0,1.13636
23.9167,402.0,1.13636
24.0,409.0,3.40909
24.0,445.0,3.40909
24.1667,451.0,3.40909
24.25,470.0,3.63636
24.3333,473.0,3.80682
24.3333,426.0,3.80682
24.4167,421.0,1.64773
24.5833,439.0,3.06818
24.6667,463.0,4.20454
24.75,483.0,3.06818
24.8333,489.0,3.92045
25.0,475.0,3.18182
25.0833,473.0,3.18182
25.1667,495.0,3.23864
25.1667,529.0,4.03409
25.25,524.0,4.03409
25.5,532.0,3.18182
25.5833,552.0,3.35227
25.6667,569.0,3.35227
25.75,574.0,1.76136
25.8333,588.0,3.75
25.9167,670.0,3.57954
26.0,667.0,3.18182
26.1667,670.0,3.35227
26.25,670.0,4.14773
26.3333,687.0,3.40909
26.3333,701.0,3.35227
26.3333,695.0,3.35227
26.5,708.0,3.35227
26.5,726.0,3.35227
26.5,737.0,3.35227
26.5,743.0,3.35227
26.5,726.0,3.35227
26.5,700.0,3.35227
26.6667,705.0,3.35227
26.75,723.0,3.46591
26.8333,744.0,3.35227
26.9167,802.0,3.40909
27.0,831.0,3.69318
27.1667,762.0,3.69318
27.25,729.0,4.31818
27.3333,760.0,3.57954
27.4167,768.0,3.92045
27.5,763.0,3.18182
27.6667,752.0,3.40909
27.75,762.0,3.52273
27.8333,786.0,3.86364
27.9167,811.0,3.125
27.9167,823.0,3.125
27.9167,809.0,3.125
28.0,816.0,3.125
28.0833,835.0,3.18182
28.25,836.0,3.63636
28.3333,825.0,3.63636
28.4167,838.0,3.40909
28.5,835.0,3.46591
28.5833,816.0,3.86364
28.75,807.0,3.86364
28.8333,809.0,4.375
28.8333,817.0,3.06818
28.9167,822.0,1.875
29.0,817.0,3.80682
29.0833,838.0,3.80682
29.0833,858.0,1.64773
29.1667,855.0,1.70455
29.25,833.0,3.52273
29.3333,833.0,3.29545
29.3333,806.0,3.29545
29.3333,804.0,3.29545
29.3333,801.0,3.29545
29.4167,794.0,0.681818
29.5833,774.0,0.681818
29.6667,738.0,3.52273
29.75,739.0,2.84091
29.8333,754.0,3.97727
29.9167,752.0,3.46591
30.0833,739.0,3.46591
30.0833,785.0,3.01136
30.0833,847.0,3.01136
30.1667,835.0,1.25
30.25,658.0,1.25
30.3333,651.0,1.81818
30.4167,713.0,3.125
30.5,757.0,3.18182
30.5833,728.0,3.92045
30.6667,723.0,3.35227
30.75,806.0,3.35227
30.8333,805.0,1.53409
30.9167,792.0,3.69318
30.9167,760.0,3.69318
31.0833,815.0,3.69318
31.1667,859.0,3.69318
31.25,865.0,2.67045
31.3333,786.0,3.63636
31.4167,796.0,3.40909
31.5833,870.0,3.40909
31.5833,927.0,3.80682
31.6667,884.0,3.80682
31.6667,807.0,1.64773
31.75,807.0,1.76136
31.9167,827.0,3.29545
31.9167,830.0,3.40909
32.0,851.0,3.40909
32.0833,838.0,3.69318
32.1667,847.0,3.69318
32.25,857.0,1.70455
32.3333,835.0,3.23864
32.4167,827.0,3.35227
32.5,850.0,3.57954
32.5833,850.0,3.92045
32.75,865.0,3.92045
32.75,869.0,4.09091
32.8333,901.0,1.70455
32.9167,896.0,3.69318
33.0833,899.0,3.35227
33.1667,917.0,3.35227
33.25,907.0,3.46591
33.3333,898.0,3.18182
33.4167,891.0,3.52273
33.5833,876.0,3.52273
33.5833,848.0,3.46591
33.5833,798.0,3.46591
33.5833,770.0,3.46591
33.75,750.0,3.46591
33.75,727.0,3.69318
33.8333,679.0,1.76136
34.0,673.0,3.125
34.0833,691.0,4.60227
34.1667,689.0,3.06818
34.25,678.0,3.23864
34.25,673.0,3.23864
34.4167,658.0,3.23864
34.5,645.0,3.29545
34.5,639.0,3.46591
34.5,624.0,3.46591
34.5833,604.0,1.13636
34.75,600.0,3.52273
34.8333,619.0,3.57954
34.8333,639.0,3.52273
34.9167,652.0,1.70455
34.9167,662.0,1.70455
35.0,666.0,1.70455
35.0833,690.0,1.07955
35.1667,711.0,4.09091
35.1667,684.0,3.23864
35.25,701.0,1.59091
35.4167,753.0,3.40909
35.5,767.0,3.52273
35.5833,725.0,4.26136
35.6667,717.0,3.35227
35.8333,744.0,3.57954
35.9167,757.0,3.57954
36.0,757.0,2.89773
36.0833,753.0,3.52273
36.1667,774.0,3.18182
36.25,784.0,3.80682
36.3333,777.0,3.06818
36.3333,789.0,3.06818
36.4167,788.0,1.19318
36.5,769.0,3.01136
36.6667,761.0,3.01136
36.75,753.0,3.63636
36.8333,737.0,3.29545
36.9167,730.0,3.86364
37.0833,712.0,3.52273
37.1667,704.0,3.46591
37.25,732.0,3.40909
37.3333,734.0,3.40909
37.5,712.0,3.40909
37.5833,697.0,3.63636
37.6667,723.0,3.52273
37.75,767.0,3.97727
37.8333,767.0,2.89773
37.8333,746.0,2.89773
37.8333,747.0,2.89773
37.8333,786.0,2.89773
37.9167,801.0,2.89773
38.0,787.0,3.57954
38.0833,776.0,3.29545
38.25,784.0,3.29545
38.3333,799.0,4.03409
38.4167,804.0,3.35227
38.5,812.0,3.69318
38.5833,815.0,3.69318
38.75,814.0,3.69318
38.8333,816.0,3.80682
38.9167,817.0,3.40909
39.0,838.0,3.57954
39.0833,837.0,3.75
39.25,824.0,3.75
39.3333,831.0,3.40909
39.3333,857.0,3.06818
39.3333,873.0,3.06818
39.4167,860.0,1.19318
39.5833,860.0,3.35227
39.6667,860.0,3.75
39.75,892.0,3.75
39.8333,896.0,3.35227
40.0,871.0,3.69318
40.0833,882.0,3.69318
40.1667,895.0,3.125
40.25,899.0,3.75
40.3333,908.0,3.06818
40.5,911.0,3.06818
40.5833,910.0,3.40909
40.6667,926.0,3.46591
40.75,934.0,3.40909
40.8333,918.0,3.52273
40.9167,909.0,3.01136
41.0,910.0,3.01136
41.0833,914.0,1.81818
41.1667,911.0,3.46591
41.1667,907.0,3.46591
41.3333,893.0,3.46591
41.4167,886.0,3.63636
41.5,859.0,3.46591
41.5833,828.0,3.69318
41.75,792.0,3.69318
41.8333,781.0,3.63636
41.9167,768.0,4.26136
42.0,810.0,3.06818
42.1667,832.0,3.46591
42.25,817.0,3.92045
42.3333,794.0,3.75
42.3333,804.0,3.06818
42.5,814.0,3.06818
42.5833,807.0,3.86364
42.6667,792.0,2.89773
42.6667,785.0,3.57954
42.75,791.0,1.70455
42.9167,809.0,3.40909
42.9167,826.0,3.52273
42.9167,856.0,3.52273
43.0,883.0,3.52273
43.0833,906.0,3.52273
43.0833,909.0,3.52273
43.25,930.0,3.52273
43.3333,930.0,3.86364
43.3333,929.0,3.06818
43.4167,907.0,1.70455
43.5,916.0,2.95454
43.6667,941.0,3.46591
43.75,934.0,3.80682
43.8333,936.0,3.01136
43.9167,974.0,3.75
44.0,989.0,3.29545
44.0833,966.0,3.40909
44.1667,968.0,3.40909
44.25,967.0,3.40909
44.25,982.0,1.59091
44.3333,1045.0,1.59091
44.4167,1044.0,3.69318
44.4167,936.0,3.69318
44.5833,919.0,3.69318
44.6667,986.0,3.52273
44.75,1004.0,2.84091
44.8333,929.0,3.69318
44.9167,927.0,3.06818
45.0833,993.0,3.06818
45.0833,1021.0,3.57954
45.1667,928.0,3.57954
45.25,927.0,3.97727
45.25,984.0,3.97727
45.4167,1009.0,3.97727
45.5,982.0,3.57954
45.5833,985.0,3.35227
45.5833,982.0,3.57954
45.5833,934.0,3.57954
45.5833,878.0,3.57954
45.6667,894.0,0.852273
45.75,926.0,0.852273
45.8333,921.0,1.70455
45.9167,919.0,3.57954
46.0,910.0,3.35227
46.1667,912.0,3.35227
46.25,930.0,3.57954
46.3333,945.0,3.29545
46.4167,958.0,4.20454
46.5,979.0,3.23864
46.6667,989.0,3.29545
46.75,989.0,3.29545
46.8333,985.0,3.29545
46.9167,976.0,4.03409
46.9167,1005.0,4.03409
47.0,1025.0,4.03409
47.0833,1024.0,1.13636
47.1667,1024.0,2.78409
47.25,1031.0,3.46591
47.3333,1036.0,3.46591
47.5,1058.0,3.52273
47.5833,1086.0,3.52273
47.6667,1084.0,3.63636
47.75,1073.0,3.29545
47.8333,1072.0,3.69318
47.9167,1056.0,3.69318
47.9167,1035.0,1.70455
48.0,1019.0,1.70455
48.0833,1026.0,3.06818
48.1667,1027.0,3.40909
48.25,1027.0,3.40909
48.3333,1012.0,1.76136
48.4167,993.0,3.75
48.4167,1000.0,3.125
48.4167,1020.0,3.125
48.5833,1020.0,3.125
48.5833,998.0,3.40909
48.6667,989.0,3.40909
48.75,975.0,4.43182
48.9167,976.0,4.43182
49.0,993.0,3.92045
49.0833,1005.0,2.89773
49.1667,958.0,3.52273
49.25,817.0,3.97727
49.4167,768.0,3.35227
49.5,861.0,3.125
49.5,868.0,3.06818
49.5833,791.0,1.81818
49.6667,733.0,3.92045
49.75,855.0,3.125
49.75,947.0,3.125
49.75,954.0,3.125
49.8333,929.0,0.852273
49.9167,929.0,3.40909
50.0833,906.0,3.40909
50.0833,926.0,3.46591
50.0833,952.0,3.46591
50.1667,951.0,1.13636
50.25,953.0,3.63636
50.4167,971.0,3.63636
50.5,979.0,3.69318
50.5833,960.0,3.57954
50.6667,937.0,3.01136
50.75,894.0,3.23864
50.75,883.0,3.23864
50.8333,894.0,1.25
50.9167,895.0,1.25
51.0,902.0,4.60227
51.0,926.0,4.60227
51.0,920.0,4.60227
51.0833,907.0,4.60227
51.0833,914.0,0.852273
51.1667,933.0,1.70455
51.25,933.0,3.75
51.3333,936.0,3.75
51.4167,969.0,1.59091
51.5,976.0,3.46591
51.5833,957.0,3.46591
51.75,961.0,3.46591
51.8333,972.0,3.80682
51.9167,983.0,3.46591
52.0,962.0,3.75
52.0833,937.0,3.06818
52.25,920.0,3.57954
52.3333,910.0,4.09091
52.3333,905.0,2.5
52.4167,897.0,2.04545
52.5,897.0,3.06818
52.5833,869.0,3.06818
52.6667,816.0,1.76136
52.75,826.0,3.75
52.8333,844.0,3.06818
52.8333,863.0,3.06818
52.9167,872.0,3.06818
53.0,890.0,1.13636
53.0833,919.0,3.69318
53.1667,919.0,3.23864
53.3333,930.0,3.23864
53.4167,928.0,3.46591
53.4167,926.0,3.40909
53.5,965.0,1.76136
53.5833,997.0,3.35227
53.75,998.0,3.35227
53.75,969.0,3.80682
53.8333,962.0,3.80682
53.9167,981.0,3.97727
53.9167,1007.0,3.97727
54.0,1011.0,1.70455
54.1667,893.0,3.29545
54.25,862.0,3.46591
54.3333,901.0,3.29545
54.4167,972.0,3.23864
54.5,977.0,3.01136
54.5,922.0,3.01136
54.6667,919.0,3.01136
54.75,939.0,3.35227
54.8333,948.0,3.80682
54.9167,973.0,3.23864
55.0,974.0,3.40909
55.1667,991.0,3.40909
55.25,1000.0,3.125
55.25,986.0,3.80682
55.3333,969.0,1.59091
55.3333,981.0,1.59091
55.5,998.0,1.59091
55.5833,975.0,3.52273
55.6667,937.0,3.18182
55.75,949.0,3.52273
55.75,959.0,3.01136
55.75,940.0,3.01136
55.9167,910.0,3.01136
56.0,909.0,3.35227
56.0833,923.0,3.75
56.1667,918.0,2.61364
56.25,908.0,3.92045
56.4167,924.0,3.29545
56.5,942.0,3.29545
56.5833,954.0,3.57954
56.6667,961.0,3.29545
56.75,961.0,4.03409
56.8333,984.0,2.95454
56.9167,1019.0,3.40909
57.0,1026.0,2.84091
57.0,1010.0,2.84091
57.0833,1004.0,2.84091
57.1667,1020.0,3.40909
57.25,1006.0,3.23864
57.3333,962.0,3.23864
57.4167,971.0,1.07955
57.5,991.0,3.40909
57.5833,985.0,2.84091
57.75,947.0,2.84091
57.8333,985.0,3.63636
57.9167,1016.0,3.35227
58.0,990.0,3.40909
58.0833,944.0,3.92045
58.25,957.0,3.92045
58.3333,964.0,3.46591
58.4167,986.0,3.125
58.5,991.0,3.23864
58.5,1004.0,3.06818
58.5833,1036.0,1.70455
58.5833,1087.0,1.70455
58.6667,1126.0,1.70455
58.75,1095.0,1.07955
58.75,1039.0,3.57954
58.8333,1145.0,3.57954
58.8333,1213.0,1.64773
58.9167,1206.0,1.53409
59.0,1152.0,3.69318
59.1667,1113.0,3.69318
59.25,1118.0,3.86364
59.3333,1155.0,3.35227
59.4167,1167.0,3.46591
59.5,1119.0,2.78409
59.5833,1129.0,3.86364
59.75,1146.0,3.23864
59.8333,1149.0,3.125
59.9167,1155.0,3.52273
59.9167,1147.0,2.84091
59.9167,1147.0,2.84091
60.0833,1127.0,2.84091
60.1667,1126.0,3.63636
60.25,1131.0,3.46591
60.25,1132.0,3.06818
60.3333,1151.0,1.59091
60.4167,1147.0,3.92045
60.5833,1139.0,3.46591
60.6667,1177.0,3.125
60.75,1211.0,3.69318
60.8333,1200.0,3.23864
60.9167,1180.0,3.40909
61.0833,1223.0,3.40909
61.1667,1235.0,3.35227
61.25,1223.0,3.18182
61.3333,1231.0,3.01136
61.4167,1245.0,3.29545
61.4167,1250.0,3.29545
61.5,1255.0,1.59091
61.5833,1244.0,3.29545
61.5833,1245.0,3.29545
61.6667,1241.0,3.29545
61.75,1240.0,4.31818
61.8333,1216.0,3.35227
61.9167,1196.0,3.35227
62.0833,1176.0,3.125
62.1667,1152.0,3.80682
62.25,1152.0,4.09091
62.3333,1161.0,3.46591
62.4167,1168.0,3.18182
62.5,1169.0,2.89773
62.5833,1174.0,2.89773
62.6667,1187.0,3.92045
62.6667,1166.0,3.92045
62.75,1122.0,1.64773
62.9167,1138.0,3.06818
63.0,1207.0,3.57954
63.0,1227.0,3.29545
63.0,1109.0,3.29545
63.0833,1140.0,1.02273
63.0833,1181.0,1.02273
63.1667,1199.0,1.81818
63.25,1199.0,1.81818
63.3333,1185.0,1.64773
63.4167,1134.0,3.29545
63.5,1139.0,2.89773
63.5833,1174.0,3.46591
63.75,1191.0,3.46591
63.75,1168.0,3.75
63.8333,1178.0,3.75
63.8333,1187.0,1.53409
63.9167,1163.0,1.875
64.0833,1121.0,2.72727
64.1667,1131.0,3.75
64.25,1135.0,3.63636
64.3333,1129.0,3.35227
64.3333,1132.0,3.23864
64.3333,1101.0,3.23864
64.5,1071.0,3.23864
64.5833,1077.0,3.57954
64.6667,1083.0,3.23864
64.75,1063.0,3.46591
64.8333,1058.0,3.40909
65.0,1072.0,3.40909
65.0833,1078.0,3.46591
65.1667,1045.0,3.46591
65.25,1035.0,3.29545
65.25,1044.0,3.29545
65.4167,1060.0,3.29545
65.5,1068.0,4.03409
65.5,1062.0,3.23864
65.5833,1058.0,1.875
65.6667,1056.0,3.125
65.6667,1044.0,3.125
65.6667,1019.0,3.125
65.6667,1019.0,3.125
65.6667,985.0,3.125
65.75,937.0,3.125
65.8333,902.0,0.511364
65.9167,862.0,3.52273
65.9167,853.0,3.57954
66.0833,877.0,3.57954
66.1667,879.0,3.92045
66.25,831.0,3.86364
66.25,829.0,3.46591
66.3333,829.0,1.70455
66.5,874.0,1.70455
66.5833,902.0,3.52273
66.5833,880.0,3.52273
66.6667,885.0,1.64773
66.6667,887.0,1.64773
66.75,893.0,1.64773
66.8333,876.0,1.07955
66.8333,856.0,3.75
66.9167,870.0,1.76136
67.0833,901.0,1.76136
67.0833,901.0,3.29545
67.1667,860.0,3.29545
67.1667,884.0,1.76136
67.25,898.0,1.76136
67.4167,875.0,3.125
67.5,865.0,3.63636
67.5,873.0,4.03409
67.5833,861.0,1.70455
67.6667,863.0,3.18182
67.8333,901.0,3.18182
67.9167,901.0,4.20454
68.0,902.0,3.23864
68.0833,903.0,3.92045
68.25,898.0,3.92045
68.3333,882.0,3.52273
68.4167,898.0,3.18182
68.4167,919.0,3.06818
68.4167,924.0,3.06818
68.5833,930.0,3.06818
68.6667,926.0,3.75
68.75,910.0,3.75
68.8333,886.0,3.52273
69.0,886.0,3.52273
69.0833,951.0,3.97727
69.1667,1054.0,3.06818
69.25,968.0,3.40909
69.3333,909.0,3.06818
69.4167,962.0,3.23864
69.5,824.0,3.86364
69.5833,753.0,3.86364
69.6667,844.0,1.64773
69.75,844.0,3.125
69.75,985.0,3.125
69.75,896.0,3.125
69.9167,798.0,3.125
70.0,814.0,3.125
70.0833,969.0,3.29545
70.1667,1032.0,3.40909
70.25,862.0,3.63636
70.3333,751.0,3.75
70.5,841.0,3.75
70.5833,1045.0,4.26136
70.6667,945.0,3.80682
70.75,854.0,3.40909
70.8333,864.0,3.40909
71.0,942.0,3.40909
71.0833,958.0,3.63636
71.1667,903.0,4.14773
71.25,881.0,4.43182
71.4167,900.0,4.43182
71.5,915.0,3.97727
71.5,966.0,3.29545
71.5833,1027.0,3.29545
71.5833,1055.0,1.59091
71.5833,1008.0,1.59091
71.6667,953.0,1.07955
71.75,982.0,1.07955
71.8333,1032.0,1.76136
71.9167,1062.0,3.23864
72.0,1107.0,3.97727
72.1667,1090.0,3.97727
72.25,1030.0,3.80682
72.3333,966.0,3.35227
72.3333,985.0,3.35227
72.4167,1002.0,3.35227
72.4167,1016.0,1.13636
72.5,994.0,1.13636
72.5,993.0,1.64773
72.5833,1041.0,1.59091
72.6667,1027.0,3.40909
72.75,1004.0,3.40909
72.8333,1016.0,3.06818
72.8333,1086.0,3.06818
72.9167,1072.0,3.06818
73.0,1072.0,4.14773
73.0833,1020.0,3.125
73.25,998.0,3.125
73.3333,1084.0,3.29545
73.4167,1112.0,2.84091
73.5,1111.0,3.86364
73.5833,1112.0,4.26136
73.6667,1155.0,3.46591
73.75,1119.0,3.06818
73.9167,1095.0,3.06818
73.9167,1075.0,4.54545
74.0,1095.0,1.76136
74.0,1226.0,1.76136
74.0833,1161.0,1.59091
74.1667,1094.0,1.59091
74.25,1142.0,1.70455
74.25,1183.0,3.125
74.3333,1129.0,1.64773
74.3333,1123.0,1.64773
74.5,1123.0,1.76136
74.5833,1118.0,3.23864
74.6667,1131.0,3.06818
74.75,1137.0,3.80682
74.9167,1122.0,3.80682
75.0,1101.0,3.97727
75.0833,1083.0,3.18182
75.1667,1073.0,3.52273
75.25,1103.0,3.125
75.3333,1144.0,3.63636
75.5,1147.0,3.63636
75.5833,1130.0,3.57954
75.6667,1145.0,2.72727
75.6667,1145.0,4.03409
75.6667,1144.0,4.03409
75.75,1139.0,1.07955
75.75,1128.0,1.07955
75.8333,1127.0,1.07955
75.9167,1131.0,1.07955
76.0,1098.0,3.57954
76.1667,1051.0,3.57954
76.25,1052.0,3.97727
76.3333,1048.0,3.46591
76.4167,1034.0,3.63636
76.5,1034.0,3.80682
76.5833,1023.0,2.89773
76.5833,1001.0,2.89773
76.6667,984.0,2.89773
76.75,980.0,4.14773
76.9167,985.0,4.14773
77.0,1003.0,3.97727
77.0833,1014.0,2.84091
77.1667,1005.0,3.75
77.1667,990.0,3.18182
77.1667,1004.0,3.18182
77.25,1022.0,3.18182
77.25,1021.0,0.852273
77.3333,1009.0,1.76136
77.4167,994.0,2.84091
77.5833,987.0,3.57954
77.6667,980.0,3.75
77.6667,975.0,3.52273
77.75,982.0,1.76136
77.8333,989.0,3.125
77.9167,980.0,3.63636
78.0,969.0,3.63636
78.0833,987.0,1.70455
78.1667,1053.0,4.31818
78.1667,1063.0,4.31818
78.25,1054.0,1.64773
78.3333,1040.0,3.01136
78.4167,1060.0,3.01136
78.4167,1106.0,1.64773
78.5,1105.0,1.64773
78.5,1109.0,1.64773
78.5,1131.0,1.64773
78.6667,1142.0,1.64773
78.75,1146.0,3.92045
78.8333,1144.0,3.29545
78.9167,1110.0,3.40909
79.0,1103.0,3.52273
79.1667,1116.0,3.52273
79.25,1100.0,3.40909
79.3333,1091.0,3.01136
79.4167,1083.0,3.92045
79.4167,1067.0,3.92045
79.5833,1067.0,3.92045
79.6667,1079.0,3.52273
79.75,1100.0,3.06818
79.8333,1109.0,3.46591
79.9167,1109.0,3.80682
79.9167,1109.0,3.80682
80.0,1118.0,1.59091
80.0833,1119.0,1.59091
80.0833,1128.0,1.70455
80.1667,1124.0,1.70455
80.25,1114.0,4.09091
80.4167,1116.0,4.09091
80.5,1124.0,4.09091
80.5833,1104.0,3.01136
80.6667,1089.0,3.80682
80.75,1079.0,3.46591
80.9167,1075.0,3.46591
80.9167,1070.0,3.29545
81.0,1062.0,3.29545
81.0833,1062.0,1.76136
81.1667,1052.0,3.52273
81.25,1027.0,3.80682
81.25,1003.0,3.80682
81.25,1036.0,3.80682
81.25,1108.0,3.80682
81.3333,1129.0,0.681818
81.3333,1033.0,0.681818
81.4167,1118.0,1.59091
81.4167,1272.0,1.59091
81.5833,1339.0,1.64773
81.6667,1283.0,3.75
81.75,1284.0,3.46591
81.8333,1340.0,4.03409
81.9167,1340.0,2.72727
82.0833,1339.0,2.72727
82.1667,1250.0,3.23864
82.25,1285.0,3.01136
82.3333,1392.0,3.23864
82.4167,1415.0,3.35227
82.5,1318.0,3.01136
82.5,1297.0,3.01136
82.5,1325.0,3.01136
82.5833,1352.0,1.02273
82.5833,1352.0,1.02273
82.6667,1342.0,1.02273
82.75,1327.0,1.02273
82.8333,1338.0,3.46591
82.9167,1361.0,3.29545
83.0,1355.0,3.01136
83.0833,1352.0,3.57954
83.25,1404.0,3.57954
83.3333,1412.0,3.01136
83.3333,1370.0,3.06818
83.4167,1327.0,3.06818
83.5,1361.0,3.40909
83.5833,1371.0,3.125
83.6667,1363.0,3.125
83.6667,1352.0,1.70455
83.75,1346.0,1.70455
83.8333,1334.0,1.47727
83.9167,1314.0,3.69318
83.9167,1244.0,2.72727
83.9167,1359.0,2.72727
84.0,1454.0,1.07955
84.0,1415.0,1.07955
84.1667,1361.0,1.59091
84.1667,1418.0,3.18182
84.25,1478.0,3.18182
84.3333,1474.0,1.53409
84.4167,1493.0,3.86364
84.5,1493.0,3.23864
84.5833,1475.0,3.18182
84.6667,1540.0,3.18182
84.8333,1611.0,3.18182
84.9167,1622.0,3.75
84.9167,1590.0,3.46591
85.0,1539.0,3.46591
85.0833,1479.0,1.53409
85.1667,1443.0,3.18182
85.1667,1496.0,3.18182
85.1667,1540.0,3.18182
85.25,1442.0,1.02273
85.25,1420.0,1.02273
85.3333,1483.0,1.59091
85.3333,1426.0,1.59091
85.5,1367.0,1.59091
85.5833,1367.0,3.35227
85.6667,1373.0,3.63636
85.75,1403.0,2.72727
85.8333,1410.0,3.63636
85.9167,1408.0,3.35227
86.0,1419.0,2.89773
86.1667,1445.0,2.89773
86.25,1458.0,2.84091
86.3333,1413.0,3.23864
86.3333,1407.0,3.46591
86.4167,1448.0,3.46591
86.5,1509.0,3.97727
86.5833,1540.0,3.125
86.6667,1506.0,2.89773
86.6667,1490.0,2.89773
86.75,1500.0,1.53409
86.9167,1470.0,2.84091
87.0,1446.0,3.35227
87.0,1445.0,2.95454
87.0833,1447.0,2.95454
87.1667,1440.0,1.59091
87.25,1436.0,3.18182
87.3333,1451.0,3.57954
87.5,1459.0,3.57954
87.5833,1465.0,3.29545
87.6667,1494.0,3.29545
87.75,1547.0,2.72727
87.75,1558.0,3.35227
87.8333,1525.0,3.35227
87.9167,1489.0,1.42045
88.0,1511.0,3.63636
88.0833,1486.0,2.95454
88.1667,1479.0,3.29545
88.25,1429.0,2.44318
88.25,1467.0,2.44318
88.3333,1449.0,1.70455
88.4167,1421.0,1.70455
88.5,1407.0,1.53409
88.5833,1364.0,3.40909
88.5833,1370.0,3.18182
88.6667,1372.0,1.64773
88.75,1332.0,2.84091
88.9167,1332.0,2.84091
89.0,1293.0,3.35227
89.0833,1268.0,3.52273
89.1667,1254.0,3.35227
89.1667,1263.0,3.35227
89.25,1257.0,1.53409
89.3333,1275.0,3.06818
89.4167,1292.0,3.35227
89.5,1301.0,3.35227
89.5833,1283.0,1.76136
89.6667,1250.0,3.23864
89.6667,1214.0,3.23864
89.6667,1162.0,3.23864
89.75,1105.0,3.23864
89.8333,1063.0,0.795454
89.8333,1063.0,3.80682
89.9167,1071.0,1.07955
90.0833,1060.0,3.06818
90.1667,1060.0,4.71591
90.25,1080.0,3.57954
90.3333,1062.0,3.40909
90.5,1043.0,3.40909
90.5,1066.0,3.23864
90.5833,1113.0,3.23864
90.6667,1114.0,3.29545
90.75,1132.0,3.18182
90.8333,1139.0,2.89773
90.9167,1101.0,2.89773
91.0,1089.0,1.81818
91.0833,1084.0,3.35227
91.1667,1081.0,3.40909
91.25,1071.0,3.69318
91.25,1052.0,3.69318
91.3333,1040.0,3.69318
91.4167,1026.0,1.13636
91.5,1022.0,3.23864
91.5833,1020.0,3.86364
91.6667,997.0,3.86364
91.75,952.0,1.70455
91.75,941.0,3.35227
91.8333,939.0,1.81818
92.0,913.0,3.35227
92.0833,913.0,3.75
92.0833,885.0,3.40909
92.1667,871.0,1.59091
92.25,888.0,3.57954
92.4167,912.0,3.40909
92.5,868.0,3.40909
92.5,828.0,3.35227
92.5833,830.0,1.76136
92.6667,831.0,2.95454
92.75,796.0,2.95454
92.75,786.0,1.81818
92.8333,794.0,1.81818
92.9167,785.0,4.26136
93.0833,749.0,3.57954
93.1667,715.0,3.57954
93.1667,698.0,3.46591
93.25,685.0,1.70455
93.4167,694.0,3.06818
93.5,694.0,5.11364
93.5833,702.0,3.52273
93.5833,697.0,3.52273
93.6667,680.0,1.64773
93.75,674.0,3.35227
93.8333,660.0,3.35227
93.8333,649.0,1.76136
93.9167,653.0,1.64773
94.0,646.0,3.57954
94.0,627.0,3.57954
94.0833,630.0,3.57954
94.1667,644.0,1.13636
94.25,647.0,3.46591
94.4167,642.0,3.46591
94.5,640.0,4.375
94.5833,647.0,3.52273
94.6667,673.0,3.46591
94.8333,718.0,3.46591
94.9167,710.0,4.09091
95.0,702.0,2.72727
95.0,715.0,3.97727
95.0833,724.0,1.70455
95.25,716.0,1.70455
95.3333,725.0,3.29545
95.4167,731.0,3.52273
95.5,731.0,3.35227
95.5833,721.0,3.63636
95.6667,737.0,3.63636
95.75,755.0,1.64773
95.8333,757.0,3.57954
95.9167,772.0,4.03409
96.0,798.0,3.35227
96.1667,832.0,3.35227
96.25,881.0,4.09091
96.25,931.0,2.5
96.25,952.0,2.5
96.3333,970.0,1.25
96.5,966.0,3.125
96.5833,950.0,3.92045
96.5833,958.0,3.23864
96.6667,986.0,1.59091
96.75,969.0,3.57954
96.8333,948.0,3.18182
96.8333,951.0,3.18182
96.9167,1028.0,3.18182
97.0,1009.0,3.69318
97.0833,978.0,3.57954
97.25,982.0,3.57954
97.3333,1050.0,3.69318
97.4167,1099.0,3.29545
97.4167,1108.0,3.63636
97.4167,1102.0,3.63636
97.5,1123.0,1.13636
97.6667,1160.0,3.23864
97.75,1127.0,3.29545
97.8333,1120.0,3.29545
97.9167,1126.0,3.06818
97.9167,1106.0,3.06818
98.0,1101.0,1.64773
98.0833,1122.0,1.64773
98.0833,1142.0,1.70455
98.0833,1134.0,1.70455
98.1667,1126.0,1.07955
98.25,1126.0,3.40909
98.3333,1126.0,3.40909
98.4167,1126.0,1.70455
98.5,1132.0,3.75
98.5833,1132.0,4.03409
98.6667,1144.0,3.01136
98.75,1167.0,3.35227
98.8333,1176.0,3.40909
98.9167,1174.0,3.40909
98.9167,1192.0,1.76136
99.0,1209.0,1.59091
99.0833,1203.0,3.52273
99.25,1175.0,3.52273
99.3333,1159.0,3.125
99.3333,1162.0,3.57954
99.3333,1170.0,3.57954
99.4167,1183.0,1.07955
99.5,1167.0,4.26136
99.5833,1156.0,4.26136
99.6667,1164.0,1.64773
99.75,1177.0,3.46591
99.8333,1177.0,4.09091
99.9167,1173.0,2.78409
100.083,1169.0,3.69318
100.167,1167.0,3.80682
100.25,1158.0,3.29545
100.333,1157.0,3.06818
100.417,1147.0,3.97727
100.5,1144.0,3.97727
100.583,1156.0,1.64773
100.667,1159.0,4.09091
100.667,1159.0,3.125
100.75,1172.0,1.64773
100.917,1177.0,1.64773
101.0,1176.0,3.35227
101.0,1196.0,3.52273
101.083,1196.0,1.70455
101.167,1169.0,3.23864
101.333,1146.0,3.23864
101.417,1154.0,3.125
101.5,1156.0,3.80682
101.583,1160.0,3.06818
101.75,1145.0,3.06818
101.833,1135.0,3.35227
101.833,1151.0,3.52273
101.833,1160.0,3.52273
101.833,1147.0,3.52273
102.0,1147.0,3.52273
102.083,1136.0,3.23864
102.083,1146.0,3.06818
102.167,1137.0,3.06818
102.25,1133.0,3.29545
102.333,1130.0,3.35227
102.417,1125.0,3.35227
102.5,1111.0,1.76136
102.583,1114.0,3.57954
102.583,1108.0,3.57954
102.75,1076.0,3.57954
102.833,1060.0,3.80682
102.917,1063.0,3.35227
103.0,1066.0,3.40909
103.083,1068.0,3.35227
103.25,1073.0,3.35227
103.25,1068.0,3.46591
103.333,1078.0,3.46591
103.417,1080.0,3.75
103.5,1061.0,3.29545
103.583,1057.0,3.125
103.667,1061.0,3.125
103.667,1061.0,1.64773
103.667,1055.0,1.64773
103.75,1061.0,1.19318
103.75,1062.0,1.19318
103.833,1029.0,1.64773
103.917,990.0,1.64773
103.917,980.0,1.76136
103.917,970.0,1.76136
104.083,954.0,1.76136
104.083,959.0,3.52273
104.25,966.0,3.52273
104.333,984.0,4.20454
104.417,987.0,4.20454
104.5,996.0,4.94318
104.667,1010.0,4.94318
104.75,1005.0,3.29545
104.833,995.0,4.03409
104.833,985.0,3.23864
104.917,991.0,1.53409
104.917,994.0,1.53409
105.0,963.0,1.59091
105.0,963.0,1.59091
105.083,940.0,1.59091
105.167,947.0,3.57954
105.25,971.0,3.46591
105.333,967.0,3.46591
105.417,956.0,1.70455
105.5,975.0,3.52273
105.583,1010.0,3.63636
105.667,1032.0,2.89773
105.75,1022.0,4.20454
105.833,1042.0,2.84091
105.917,1078.0,2.84091
105.917,1091.0,1.64773
106.0,1102.0,1.64773
106.0,1146.0,1.64773
106.0,1181.0,1.64773
106.083,1176.0,1.02273
106.167,1161.0,1.02273
106.167,1169.0,1.64773
106.167,1163.0,1.64773
106.25,1132.0,0.795454
106.333,1150.0,3.57954
106.5,1177.0,3.57954
106.583,1173.0,3.80682
106.667,1144.0,3.125
106.75,1177.0,3.97727
106.833,1217.0,3.23864
106.917,1224.0,3.06818
107.0,1211.0,3.06818
107.083,1207.0,1.70455
107.167,1204.0,3.125
107.25,1236.0,4.03409
107.333,1241.0,4.03409
107.333,1231.0,4.03409
107.417,1272.0,1.53409
107.5,1305.0,3.06818
107.5,1302.0,3.06818
107.583,1277.0,3.06818
107.667,1291.0,1.02273
107.75,1320.0,3.23864
107.75,1335.0,2.84091
107.75,1335.0,2.84091
107.833,1319.0,1.07955
107.917,1266.0,2.89773
108.0,1267.0,3.35227
108.167,1272.0,3.35227
108.25,1238.0,3.52273
108.333,1210.0,2.95454
108.417,1248.0,3.23864
108.5,1293.0,3.06818
108.583,1355.0,3.46591
108.667,1350.0,3.125
108.667,1292.0,3.125
108.75,1292.0,1.36364
108.917,1304.0,3.35227
109.0,1334.0,3.57954
109.083,1424.0,3.18182
109.167,1457.0,2.89773
109.167,1465.0,3.46591
109.25,1464.0,3.46591
109.333,1487.0,3.52273
109.417,1459.0,3.23864
109.5,1430.0,2.89773
109.583,1414.0,2.95454
109.667,1420.0,3.125
109.833,1416.0,3.125
109.917,1363.0,3.23864
109.917,1358.0,2.95454
109.917,1404.0,2.95454
110.0,1440.0,2.95454
110.083,1412.0,3.35227
110.167,1424.0,3.18182
110.167,1453.0,3.18182
110.167,1457.0,3.18182
110.25,1461.0,0.965909
110.333,1473.0,3.01136
110.417,1555.0,2.72727
110.5,1594.0,3.18182
110.5,1447.0,3.18182
110.583,1392.0,1.42045
110.75,1429.0,3.125
110.833,1466.0,3.29545
110.833,1483.0,3.06818
110.917,1419.0,3.06818
111.0,1419.0,1.47727
111.083,1388.0,2.5
111.167,1423.0,3.35227
111.25,1481.0,3.35227
111.333,1588.0,3.01136
111.417,1662.0,3.23864
111.5,1612.0,2.95454
111.5,1516.0,2.95454
111.583,1493.0,1.36364
111.583,1613.0,1.36364
111.667,1613.0,1.36364
111.75,1521.0,3.63636
111.833,1459.0,2.78409
111.833,1492.0,2.78409
111.833,1470.0,2.78409
111.833,1429.0,2.78409
111.917,1421.0,0.738636
112.0,1432.0,2.84091
112.083,1459.0,3.06818
112.167,1494.0,2.21591
112.25,1592.0,3.92045
112.333,1615.0,2.89773
112.417,1517.0,2.67045
112.5,1501.0,3.125
112.583,1538.0,2.61364
112.75,1564.0,3.23864
112.75,1487.0,3.46591
112.833,1453.0,3.46591
112.917,1507.0,1.42045
113.0,1572.0,2.61364
113.0,1622.0,3.06818
113.0,1629.0,3.06818
113.167,1699.0,3.06818
113.25,1738.0,4.20454
113.333,1727.0,2.61364
113.417,1613.0,2.95454
113.5,1598.0,3.01136
113.583,1634.0,3.06818
113.667,1616.0,2.84091
113.667,1486.0,3.125
113.75,1451.0,3.125
113.833,1457.0,3.06818
113.917,1458.0,2.95454
114.0,1458.0,2.95454
114.083,1449.0,3.06818
114.167,1491.0,2.95454
114.25,1488.0,2.95454
114.333,1537.0,3.06818
114.417,1591.0,2.95454
114.583,1531.0,2.95454
114.667,1534.0,3.92045
114.75,1559.0,3.01136
114.833,1543.0,2.84091
114.917,1481.0,2.78409
115.0,1487.0,3.23864
115.083,1529.0,2.84091
115.083,1547.0,2.95454
115.167,1530.0,2.95454
115.25,1515.0,1.36364
115.333,1523.0,3.46591
115.417,1523.0,3.18182
115.5,1508.0,2.84091
115.583,1500.0,2.95454
115.667,1541.0,3.29545
115.75,1560.0,2.67045
115.833,1519.0,3.57954
116.0,1466.0,3.57954
116.083,1506.0,3.57954
116.167,1514.0,2.95454
116.25,1434.0,3.06818
116.333,1345.0,2.78409
116.417,1339.0,3.35227
116.5,1335.0,3.06818
116.583,1322.0,3.06818
116.667,1317.0,3.125
116.75,1304.0,2.84091
116.75,1337.0,2.84091
116.75,1356.0,2.84091
116.833,1339.0,1.02273
117.0,1296.0,3.18182
117.0,1235.0,3.18182
117.083,1162.0,3.18182
117.167,1146.0,1.02273
117.25,1132.0,2.78409
117.333,1132.0,3.35227
117.417,1073.0,2.72727
117.5,1064.0,3.125
117.5,1124.0,3.125
117.583,1148.0,1.47727
117.667,1263.0,3.80682
117.75,1284.0,2.67045
117.833,1304.0,2.67045
117.917,1333.0,1.59091
118.0,1342.0,3.01136
118.083,1290.0,3.46591
118.083,1244.0,3.01136
118.167,1216.0,3.01136
118.25,1190.0,3.06818
118.333,1171.0,3.125
118.417,1169.0,3.46591
118.583,1164.0,3.46591
118.667,1164.0,3.23864
118.75,1193.0,3.06818
118.833,1203.0,3.18182
118.917,1192.0,3.125
119.0,1197.0,3.75
119.083,1250.0,2.78409
119.167,1271.0,2.78409
119.333,1261.0,2.78409
119.333,1260.0,3.23864
119.5,1267.0,3.23864
119.5,1259.0,3.75
119.583,1236.0,3.75
119.667,1229.0,1.47727
119.75,1230.0,2.89773
119.75,1249.0,2.89773
119.75,1230.0,2.89773
119.833,1219.0,1.02273
119.917,1230.0,3.06818
120.0,1255.0,3.125
120.0,1263.0,3.125
120.167,1260.0,3.125
120.25,1250.0,3.57954
120.333,1254.0,3.23864
120.417,1244.0,3.18182
120.5,1231.0,3.06818
120.583,1248.0,4.09091
120.667,1248.0,2.55682
120.75,1264.0,3.52273
120.75,1258.0,3.52273
120.833,1258.0,3.52273
120.833,1251.0,1.02273
120.917,1225.0,1.02273
121.0,1172.0,1.36364
121.0,1143.0,3.01136
121.0,1157.0,3.01136
121.0,1159.0,3.01136
121.0,1147.0,3.01136
121.0,1168.0,3.01136
121.083,1196.0,3.01136
121.167,1194.0,0.511364
121.167,1165.0,2.27273
121.25,1076.0,2.27273
121.333,1071.0,3.40909
121.417,1076.0,3.23864
121.5,1158.0,2.72727
121.583,1164.0,3.57954
121.667,1202.0,2.61364
121.833,1209.0,2.61364
121.917,1171.0,3.06818
122.0,1144.0,3.23864
122.083,1205.0,3.01136
122.167,1246.0,3.125
122.25,1279.0,3.01136
122.333,1310.0,3.29545
122.417,1311.0,3.125
122.417,1325.0,3.125
122.5,1323.0,3.125
122.583,1323.0,3.40909
122.667,1271.0,3.18182
122.75,1188.0,3.06818
122.833,1208.0,3.01136
122.917,1230.0,3.01136
123.0,1230.0,1.53409
123.083,1308.0,2.84091
123.167,1389.0,3.01136
123.25,1339.0,2.72727
123.333,1294.0,3.52273
123.417,1353.0,2.95454
123.5,1385.0,2.89773
123.583,1385.0,2.55682
123.667,1334.0,3.57954
123.75,1305.0,2.84091
123.75,1307.0,2.89773
123.833,1295.0,2.89773
123.917,1309.0,3.01136
124.0,1353.0,2.89773
124.0,1398.0,2.89773
124.083,1407.0,1.42045
124.167,1380.0,1.42045
124.25,1389.0,3.29545
124.333,1415.0,2.84091
124.417,1410.0,2.84091
124.5,1321.0,2.95454
124.583,1311.0,2.67045
124.667,1306.0,3.40909
124.75,1287.0,2.78409
124.833,1257.0,2.89773
124.917,1267.0,3.125
125.0,1306.0,2.78409
125.083,1315.0,2.84091
125.083,1287.0,2.84091
125.167,1317.0,1.47727
125.25,1354.0,2.72727
125.333,1338.0,2.78409
125.417,1315.0,3.23864
125.417,1363.0,3.23864
125.5,1347.0,1.42045
125.5,1298.0,1.42045
125.5,1252.0,1.42045
125.583,1219.0,0.909091
125.667,1233.0,3.46591
125.75,1273.0,2.84091
125.833,1304.0,2.89773
125.917,1320.0,2.89773
126.083,1283.0,2.84091
126.167,1256.0,2.84091
126.167,1234.0,2.95454
126.25,1206.0,2.38636
126.417,1185.0,3.01136
126.5,1229.0,3.18182
126.5,1290.0,2.89773
126.583,1290.0,2.67045
126.667,1295.0,2.21591
126.75,1249.0,3.01136
126.833,1219.0,3.46591
126.917,1163.0,2.84091
126.917,1167.0,2.84091
127.0,1206.0,1.25
127.083,1190.0,3.23864
127.167,1179.0,2.95454
127.25,1214.0,2.67045
127.25,1214.0,2.67045
127.25,1081.0,2.67045
127.25,938.0,2.67045
127.25,941.0,2.67045
127.333,1006.0,2.67045
127.333,1064.0,0.511364
127.417,1038.0,0.511364
127.5,1038.0,1.36364
127.583,1033.0,2.95454
127.667,1063.0,2.95454
127.75,1123.0,2.61364
127.833,1114.0,2.78409
127.917,1126.0,3.18182
127.917,1171.0,2.72727
128.0,1159.0,2.72727
128.083,1146.0,1.25
128.167,1200.0,3.18182
128.25,1227.0,2.5
128.25,1203.0,3.01136
128.25,1141.0,3.01136
128.25,1149.0,3.01136
128.333,1150.0,0.852273
128.417,1192.0,2.72727
128.417,1220.0,2.72727
128.417,1190.0,2.72727
128.417,1170.0,2.72727
128.5,1163.0,0.681818
128.5,1159.0,0.681818
128.5,1193.0,0.681818
128.583,1248.0,0.681818
128.667,1306.0,0.852273
128.75,1270.0,3.06818
128.833,1249.0,3.06818
128.917,1249.0,2.5
129.0,1301.0,2.44318
129.083,1338.0,3.40909
129.167,1339.0,2.72727
129.25,1316.0,2.67045
129.333,1300.0,2.84091
129.417,1294.0,2.38636
129.5,1274.0,3.06818
129.5,1220.0,2.67045
129.5,1212.0,2.67045
129.583,1257.0,1.30682
129.667,1252.0,2.5
129.75,1228.0,2.72727
129.833,1260.0,2.55682
129.917,1309.0,2.67045
130.0,1305.0,2.67045
130.083,1294.0,2.67045
133.25,1459.0,2.44318
133.25,1456.0,2.44318
133.333,1459.0,1.07955
133.417,1452.0,2.5
133.417,1458.0,2.5
133.5,1477.0,1.81818
133.583,1478.0,2.21591
133.667,1410.0,2.21591
133.75,1415.0,2.15909
133.75,1426.0,2.27273
133.833,1444.0,2.10227
133.917,1445.0,2.10227
134.0,1436.0,2.21591
134.0,1433.0,2.15909
134.083,1450.0,2.10227
134.167,1507.0,2.15909
134.25,1507.0,2.15909
134.333,1543.0,2.67045
134.333,1498.0,2.04545
134.333,1496.0,2.04545
134.417,1518.0,2.04545
134.417,1466.0,1.02273
134.5,1467.0,2.04545
134.583,1550.0,2.21591
134.667,1649.0,2.21591
134.667,1630.0,2.04545
134.75,1550.0,1.875
134.833,1546.0,2.38636
134.833,1573.0,2.38636
134.833,1562.0,2.38636
134.917,1469.0,0.965909
135.0,1478.0,0.965909
135.0,1502.0,2.10227
135.083,1502.0,1.875
135.167,1592.0,1.875
135.25,1576.0,2.21591
135.25,1531.0,2.04545
135.333,1524.0,1.93182
135.417,1551.0,1.93182
135.417,1515.0,2.04545
135.5,1490.0,1.98864
135.583,1496.0,1.98864
135.583,1521.0,1.64773
135.667,1518.0,2.32954
135.75,1535.0,2.32954
135.75,1608.0,1.875
135.833,1655.0,1.93182
135.917,1615.0,1.93182
135.917,1586.0,1.875
136.0,1614.0,1.875
136.0,1666.0,1.875
136.0,1720.0,1.875
136.083,1673.0,0.852273
136.167,1619.0,0.852273
136.167,1610.0,1.70455
136.25,1573.0,1.70455
136.25,1452.0,1.64773
136.333,1462.0,1.76136
136.417,1549.0,1.76136
136.417,1549.0,1.81818
136.417,1573.0,1.81818
136.417,1585.0,1.81818
136.5,1658.0,0.795454
136.5,1680.0,0.795454
136.583,1623.0,1.76136
136.667,1562.0,1.76136
136.667,1614.0,1.64773
136.75,1637.0,1.64773
136.75,1619.0,1.64773
136.833,1614.0,1.59091
136.917,1695.0,1.59091
136.917,1785.0,1.64773
137.0,1816.0,1.64773
137.0,1778.0,1.64773
137.083,1738.0,1.64773
137.083,1752.0,1.53409
137.167,1763.0,1.53409
137.167,1739.0,1.42045
137.25,1735.0,1.59091
137.25,1763.0,1.59091
137.333,1756.0,1.59091
137.333,1748.0,1.59091
137.417,1738.0,1.42045
137.5,1720.0,1.42045
137.5,1779.0,1.47727
137.5,1851.0,1.47727
137.583,1889.0,1.42045
137.583,1867.0,1.42045
137.667,1843.0,1.36364
137.667,1843.0,1.36364
137.75,1852.0,1.36364
137.75,1847.0,1.36364
137.833,1804.0,1.30682
137.833,1783.0,1.30682
137.917,1789.0,1.30682
137.917,1799.0,1.25
137.917,1776.0,1.25
138.0,1713.0,1.25
138.0,1724.0,1.25
138.083,1756.0,1.19318
138.083,1777.0,1.19318
138.083,1803.0,1.19318
138.083,1803.0,1.19318
138.167,1833.0,1.19318
138.167,1840.0,0.625
138.167,1851.0,0.625
138.25,1893.0,1.19318
138.25,1949.0,1.19318
138.333,1951.0,1.36364
138.333,1929.0,1.36364
138.417,1880.0,1.36364
138.417,1753.0,1.25
138.417,1708.0,1.25
138.5,1719.0,1.02273
138.5,1764.0,1.02273
138.583,1860.0,1.53409
138.583,1858.0,1.53409
138.667,1864.0,1.53409
138.667,1857.0,1.13636
138.667,1912.0,1.13636
138.75,1914.0,1.25
138.75,1901.0,1.25
138.833,1910.0,1.25
138.833,1920.0,1.07955
138.833,1903.0,1.07955
138.917,1904.0,1.02273
138.917,1913.0,1.02273
139.0,1917.0,1.02273
139.0,1909.0,1.30682
139.0,1875.0,1.30682
139.083,1864.0,1.02273
139.083,1874.0,1.02273
139.167,1875.0,1.02273
139.167,1939.0,1.19318
139.167,1949.0,1.19318
139.25,1942.0,1.13636
139.25,1930.0,1.13636
139.25,1883.0,1.13636
139.333,1786.0,1.02273
139.333,1743.0,1.02273
139.417,1767.0,1.02273
139.417,1813.0,1.07955
139.417,1801.0,1.07955
139.5,1794.0,1.02273
139.5,1794.0,1.02273
139.5,1816.0,1.02273
139.583,1850.0,0.965909
139.583,1866.0,0.965909
139.583,1889.0,0.965909
139.667,1888.0,0.965909
139.667,1864.0,0.965909
139.667,1841.0,0.965909
139.75,1849.0,0.965909
139.75,1850.0,0.965909
139.75,1842.0,0.965909
139.833,1853.0,0.965909
139.833,1900.0,0.965909
139.833,1912.0,0.965909
139.917,1921.0,0.909091
139.917,1922.0,0.909091
139.917,1902.0,0.909091
140.0,1888.0,1.02273
140.0,1885.0,1.02273
140.0,1851.0,1.02273
140.083,1786.0,0.965909
140.083,1867.0,0.965909
140.167,1874.0,0.965909
140.167,1812.0,1.07955
140.167,1789.0,1.07955
140.25,1885.0,1.07955
140.25,1893.0,1.02273
140.25,1853.0,1.02273
140.333,1825.0,1.02273
140.333,1851.0,1.02273
140.333,1863.0,1.02273
140.417,1853.0,1.07955
140.417,1830.0,1.07955
140.417,1831.0,1.07955
140.5,1828.0,0.909091
140.5,1800.0,0.909091
140.583,1812.0,1.25
140.583,1862.0,1.25
140.667,1877.0,1.42045
140.667,1786.0,1.42045
140.667,1812.0,1.42045
140.667,1866.0,1.42045
140.75,1803.0,1.42045
140.75,1803.0,0.681818
140.75,1717.0,0.681818
140.833,1714.0,1.07955
140.833,1769.0,1.07955
140.833,1746.0,1.07955
140.917,1804.0,0.909091
140.917,1927.0,0.909091
140.917,1964.0,0.909091
141.0,1932.0,0.909091
141.0,1901.0,0.852273
141.0,1899.0,0.852273
141.0,1866.0,0.852273
141.083,1816.0,0.852273
141.083,1803.0,0.852273
141.083,1840.0,0.852273
141.167,1871.0,0.852273
141.167,1871.0,0.795454
141.167,1897.0,0.795454
141.167,1901.0,0.795454
141.25,1887.0,0.795454
141.25,1886.0,0.795454
141.25,1888.0,0.795454
141.333,1865.0,0.795454
141.333,1845.0,0.738636
141.333,1836.0,0.738636
141.333,1801.0,0.738636
141.333,1732.0,0.738636
141.417,1703.0,0.681818
141.417,1725.0,0.681818
141.417,1730.0,0.681818
141.417,1728.0,0.681818
141.5,1862.0,0.681818
141.5,1922.0,0.681818
141.5,1861.0,0.681818
141.5,1856.0,0.681818
141.5,1957.0,0.681818
141.583,2005.0,0.681818
141.583,1965.0,0.568182
141.583,1998.0,0.568182
141.583,2061.0,0.568182
141.583,1980.0,0.568182
141.667,1882.0,0.568182
141.667,1870.0,0.511364
141.667,1870.0,0.511364
141.667,1875.0,0.511364
141.667,1871.0,0.511364
141.667,1889.0,0.511364
141.75,1943.0,0.511364
141.75,2000.0,0.454545
141.75,1964.0,0.454545
141.75,1897.0,0.454545
141.75,1867.0,0.454545
141.75,1787.0,0.454545
141.75,1717.0,0.454545
141.75,1819.0,0.454545
141.833,1958.0,0.397727
141.833,1972.0,0.397727
141.833,1985.0,0.397727
141.833,2042.0,0.397727
141.833,1928.0,0.397727
141.833,1790.0,0.397727
141.833,1758.0,0.397727
141.833,1812.0,0.397727
141.833,1800.0,0.397727
141.833,1804.0,0.397727
141.917,1898.0,0.397727
141.917,1988.0,0.284091
141.917,1903.0,0.284091
141.917,1801.0,0.284091
141.917,1793.0,0.284091
141.917,1751.0,0.284091
141.917,1709.0,0.284091
141.917,1682.0,0.284091
141.917,1741.0,0.284091
141.917,1833.0,0.284091
141.917,1854.0,0.284091
141.917,1937.0,0.284091
141.917,1989.0,0.284091
141.917,1937.0,0.284091
141.917,1842.0,0.284091
141.917,1784.0,0.284091
141.917,1791.0,0.284091
141.917,1791.0,0.284091
141.917,1814.0,0.284091
141.917,1874.0,0.284091
141.917,1874.0,0.284091
141.917,2014.0,0.284091
141.917,2014.0,0.284091
141.917,2058.0,0.284091
141.917,2058.0,0.284091
141.917,1931.0,0.284091
141.917,1810.0,0.284091
141.917,1762.0,0.284091
141.917,1767.0,0.284091
141.917,1806.0,0.284091
141.917,1909.0,0.284091
141.917,1994.0,0.284091
141.917,2049.0,0.284091
141.917,2009.0,0.284091
141.917,1832.0,0.284091
141.917,1728.0,0.284091
141.917,1727.0,0.284091
141.917,1514.0,0.284091
141.917,877.0,0.284091
141.917,270.0,0.284091
141.917,93.0,0.284091
141.917,0.0,0.284091
141.917,0.0,0.284091
141.917,0.0,0.284091
141.917,0.0,0.284091
141.917,0.0,0.284091
141.917,0.0,0.284091
141.917,0.0,0.284091
141.917,0.0,0.284091
141.917,0.0,0.284091
141.917,0.0,0.284091
141.917,0.0,0.284091
141.917,0.0,0.284091
141.917,0.0,0.284091
141.917,0.0,0.284091
141.917,0.0,0.284091
141.917,0.0,0.284091
141.917,0.0,0.284091
141.917,0.0,0.0
141.917,0.0,0.0
141.917,0.0,0.0
141.917,0.0,0.0
141.917,0.0,0.0
141.917,0.0,0.0
141.917,0.0,0.0
141.917,0.0,0.0
141.917,0.0,0.0
141.917,0.0,0.0
141.917,0.0,0.0
141.917,0.0,0.0
141.917,0.0,0.0
141.917,0.0,0.0
141.917,0.0,0.0
141.917,0.0,0.0
141.917,0.0,0.0
141.917,0.0,0.0
141.917,0.0,0.0
141.917,0.0,0.0
141.917,0.0,0.0
141.917,0.0,0.0
141.917,0.0,0.0
141.917,0.0,0.0
141.917,0.0,0.0
141.917,0.0,0.0
141.917,0.0,0.0
141.917,0.0,0.0
141.917,0.0,0.0
141.917,0.0,0.0
141.917,0.0,0.0
141.917,0.0,0.0
141.917,0.0,0.0
141.917,0.0,0.0
141.917,0.0,0.0
141.917,0.0,0.0
141.917,0.0,0.0
141.917,0.0,0.0
141.917,0.0,0.0
141.917,0.0,0.0
141.917,0.0,0.0
141.917,0.0,0.0
141.917,0.0,0.0
141.917,0.0,0.0
141.917,0.0,0.0
141.917,0.0,0.0
141.917,0.0,0.0
141.917,0.0,0.0
141.917,0.0,0.0
141.917,0.0,0.0
141.917,0.0,0.0
141.917,0.0,0.0
141.917,0.0,0.0
141.917,0.0,0.0
141.917,0.0,0.0
141.917,0.0,0.0
141.917,0.0,0.0
141.917,0.0,0.0
141.917,0.0,0.0
141.917,0.0,0.0
141.917,0.0,0.0
141.917,0.0,0.0
141.917,0.0,0.0
141.917,0.0,0.0
141.917,0.0,0.0
141.917,0.0,0.0
141.917,0.0,0.0
141.917,0.0,0.0
141.917,0.0,0.0
141.917,0.0,0.0
141.917,0.0,0.0
141.917,0.0,0.0
141.917,0.0,0.0
141.917,0.0,0.0
141.917,0.0,0.0
141.917,0.0,0.0
141.917,0.0,0.0
141.917,0.0,0.0
141.917,0.0,0.0
141.917,0.0,0.0
141.917,0.0,0.0
141.917,0.0,0.0
141.917,0.0,0.0
141.917,0.0,0.0
141.917,0.0,0.0
141.917,0.0,0.0
141.917,0.0,0.0
141.917,0.0,0.0
141.917,0.0,0.0
141.917,0.0,0.0
141.917,0.0,0.0
141.917,0.0,0.0
141.917,0.0,0.0
141.917,0.0,0.0
141.917,0.0,0.0
141.917,0.0,0.0
141.917,0.0,0.0
141.917,0.0,0.0
141.917,0.0,0.0
141.917,0.0,0.0
141.917,0.0,0.0
141.917,0.0,0.0
141.917,0.0,0.0
141.917,0.0,0.0
141.917,0.0,0.0
141.917,0.0,0.0
141.917,0.0,0.0
141.917,0.0,0.0
141.917,0.0,0.0
141.917,0.0,0.0
141.917,0.0,0.0
141.917,0.0,0.0
141.917,0.0,0.0
141.917,0.0,0.0
141.917,0.0,0.0
141.917,0.0,0.0
141.917,0.0,0.0
141.917,0.0,0.0
141.917,0.0,0.0
141.917,0.0,0.0
141.917,0.0,0.0
141.917,0.0,0.0
141.917,0.0,0.0
141.917,0.0,0.0
141.917,0.0,0.0
141.917,0.0,0.0
141.917,0.0,0.0
141.917,0.0,0.0
141.917,0.0,0.0
141.917,0.0,0.0
141.917,0.0,0.0
141.917,0.0,0.0
141.917,0.0,0.0
141.917,0.0,0.0
141.917,0.0,0.0
141.917,0.0,0.0
141.917,0.0,0.0
141.917,0.0,0.0
141.917,0.0,0.0
141.917,0.0,0.0
141.917,0.0,0.0
141.917,0.0,0.0
141.917,0.0,0.0
141.917,0.0,0.0
141.917,0.0,0.0
141.917,0.0,0.0
141.917,0.0,0.0
141.917,0.0,0.0
141.917,0.0,0.0
141.917,0.0,0.0
141.917,0.0,0.0
141.917,0.0,0.0
141.917,0.0,0.0
141.917,0.0,0.0
141.917,0.0,0.0
141.917,0.0,0.0
141.917,0.0,0.0
141.917,0.0,0.0
141.917,0.0,0.0
141.917,0.0,0.0
141.917,0.0,0.0
141.917,0.0,0.0
141.917,0.0,0.0
141.917,0.0,0.0
141.917,0.0,0.0
141.917,0.0,0.0
141.917,0.0,0.0
141.917,0.0,0.0
141.917,0.0,0.0
141.917,0.0,0.0
141.917,0.0,0.0
141.917,0.0,0.0
141.917,0.0,0.0
141.917,0.0,0.0
141.917,0.0,0.0
141.917,0.0,0.0
141.917,0.0,0.0
141.917,0.0,0.0
141.917,0.0,0.0
141.917,0.0,0.0
141.917,0.0,0.0
141.917,0.0,0.0
141.917,0.0,0.0
141.917,0.0,0.0
141.917,0.0,0.0
141.917,0.0,0.0
141.917,0.0,0.0
141.917,0.0,0.0
141.917,0.0,0.0
141.917,0.0,0.0
141.917,0.0,0.0
141.917,0.0,0.0
141.917,0.0,0.0
141.917,0.0,0.0
141.917,0.0,0.0
141.917,0.0,0.0
141.917,0.0,0.0
141.917,0.0,0.0
141.917,0.0,0.0
141.917,0.0,0.0
141.917,0.0,0.0
141.917,0.0,0.0
141.917,0.0,0.0
141.917,0.0,0.0
141.917,0.0,0.0
141.917,0.0,0.0
141.917,0.0,0.0
141.917,0.0,0.0
141.917,0.0,0.0
141.917,0.0,0.0
141.917,0.0,0.0
141.917,0.0,0.0
141.917,0.0,0.0
141.917,0.0,0.0
141.917,0.0,0.0
141.917,0.0,0.0
141.917,0.0,0.0
141.917,0.0,0.0
141.917,0.0,0.0
141.917,0.0,0.0
141.917,0.0,0.0
141.917,0.0,0.0
141.917,0.0,0.0
141.917,0.0,0.0
141.917,0.0,0.0
141.917,0.0,0.0
141.917,0.0,0.0
141.917,0.0,0.0
141.917,0.0,0.0
141.917,0.0,0.0
141.917,0.0,0.0
141.917,0.0,0.0
141.917,0.0,0.0
141.917,0.0,0.0
141.917,0.0,0.0
141.917,0.0,0.0
141.917,0.0,0.0
141.917,0.0,0.0
141.917,0.0,0.0
141.917,0.0,0.0
141.917,0.0,0.0
141.917,0.0,0.0
141.917,0.0,0.0
141.917,0.0,0.0
141.917,0.0,0.0
141.917,0.0,0.0
141.917,0.0,0.0
141.917,0.0,0.0
141.917,0.0,0.0
141.917,0.0,0.0
141.917,0.0,0.0
141.917,0.0,0.0
141.917,0.0,0.0
141.917,0.0,0.0
141.917,0.0,0.0
141.917,0.0,0.0
141.917,0.0,0.0
141.917,0.0,0.0
141.917,0.0,0.0
141.917,0.0,0.0
141.917,0.0,0.0
141.917,0.0,0.0
141.917,0.0,0.0
141.917,0.0,0.0
141.917,0.0,0.0
141.917,0.0,0.0
141.917,0.0,0.0
141.917,0.0,0.0
141.917,0.0,0.0
141.917,0.0,0.0
141.917,0.0,0.0
141.917,0.0,0.0
141.917,0.0,0.0
141.917,0.0,0.0
141.917,0.0,0.0
141.917,0.0,0.0
141.917,0.0,0.0
141.917,0.0,0.0
141.917,0.0,0.0
141.917,0.0,0.0
141.917,0.0,0.0
141.917,0.0,0.0
141.917,0.0,0.0
141.917,0.0,0.0
141.917,0.0,0.0
141.917,0.0,0.0
141.917,0.0,0.0
141.917,0.0,0.0
141.917,0.0,0.0
141.917,0.0,0.0
141.917,0.0,0.0
141.917,0.0,0.0
141.917,0.0,0.0
141.917,0.0,0.0
141.917,0.0,0.0
141.917,0.0,0.0
141.917,0.0,0.0
141.917,0.0,0.0
141.917,0.0,0.0
141.917,0.0,0.0
141.917,0.0,0.0
141.917,0.0,0.0
141.917,0.0,0.0
141.917,0.0,0.0
141.917,0.0,0.0
141.917,0.0,0.0
141.917,0.0,0.0
141.917,0.0,0.0
141.917,0.0,0.0
141.917,0.0,0.0
141.917,0.0,0.0
141.917,0.0,0.0
141.917,0.0,0.0
141.917,0.0,0.0
141.917,0.0,0.0
141.917,0.0,0.0
141.917,0.0,0.0
141.917,0.0,0.0
141.917,0.0,0.0
141.917,0.0,0.0
141.917,0.0,0.0
141.917,0.0,0.0
141.917,0.0,0.0
141.917,0.0,0.0
141.917,0.0,0.0
141.917,0.0,0.0
141.917,0.0,0.0
141.917,0.0,0.0
141.917,0.0,0.0
141.917,0.0,0.0
141.917,0.0,0.0
141.917,0.0,0.0
141.917,0.0,0.0
141.917,0.0,0.0
141.917,0.0,0.0
141.917,0.0,0.0
141.917,0.0,0.0
141.917,0.0,0.0
141.917,0.0,0.0
141.917,0.0,0.0
141.917,0.0,0.0
141.917,0.0,0.0
141.917,0.0,0.0
141.917,0.0,0.0
141.917,0.0,0.0
141.917,0.0,0.0
141.917,0.0,0.0
141.917,0.0,0.0
141.917,0.0,0.0
141.917,0.0,0.0
141.917,0.0,0.0
141.917,0.0,0.0
141.917,0.0,0.0
141.917,0.0,0.0
141.917,0.0,0.0
141.917,0.0,0.0
141.917,0.0,0.0
141.917,0.0,0.0
141.917,0.0,0.0
141.917,0.0,0.0
141.917,0.0,0.0
141.917,0.0,0.0
141.917,0.0,0.0
141.917,0.0,0.0
141.917,0.0,0.0
141.917,0.0,0.0
141.917,0.0,0.0
141.917,0.0,0.0
141.917,0.0,0.0
141.917,0.0,0.0
141.917,0.0,0.0
141.917,0.0,0.0
141.917,0.0,0.0
141.917,0.0,0.0
141.917,0.0,0.0
141.917,0.0,0.0
141.917,0.0,0.0
141.917,0.0,0.0
141.917,0.0,0.0
141.917,0.0,0.0
141.917,0.0,0.0
141.917,0.0,0.0
141.917,0.0,0.0
141.917,0.0,0.0
141.917,0.0,0.0
141.917,0.0,0.0
141.917,0.0,0.0
141.917,0.0,0.0
141.917,0.0,0.0
141.917,0.0,0.0
141.917,0.0,0.0
141.917,0.0,0.0
141.917,0.0,0.0
141.917,0.0,0.0
141.917,0.0,0.0
141.917,0.0,0.0
141.917,0.0,0.0
141.917,0.0,0.0
141.917,0.0,0.0
141.917,0.0,0.0
141.917,0.0,0.0
141.917,0.0,0.0
141.917,0.0,0.0
141.917,0.0,0.0
141.917,0.0,0.0
141.917,0.0,0.0
141.917,0.0,0.0
141.917,0.0,0.0
141.917,0.0,0.0
