0.0,0.0,0.0
0.0,0.0,0.0
0.0,0.0,0.0
0.0,0.0,0.0
0.0,0.0,0.0
0.0,0.0,0.0
0.0,0.0,0.0
0.0,0.0,0.0
0.0,0.0,0.0
0.0,0.0,0.0
0.0,0.0,0.0
0.0,0.0,0.0
0.0,0.0,0.0
0.0,0.0,0.0
0.0,0.0,0.0
0.0,0.0,0.0
0.0,0.0,0.0
0.0,0.0,0.0
0.0,0.0,0.0
0.0,0.0,0.0
0.0,0.0,0.0
0.0,0.0,0.0
0.0,0.0,0.0
0.0,0.0,0.0
0.0,0.0,0.0
0.0,0.0,0.0
0.0,0.0,0.0
0.0,0.0,0.0
0.0,0.0,0.0
0.0,0.0,0.0
0.0,0.0,0.0
0.0,0.0,0.0
0.0,0.0,0.0
0.0,0.0,0.0
0.0,0.0,0.0
0.0,0.0,0.0
0.0,0.0,0.0
0.0,0.0,0.0
0.0,0.0,0.0
0.0,0.0,0.0
0.0,0.0,0.0
0.0,0.0,0.0
0.0,0.0,0.0
0.0,0.0,0.0
0.0,0.0,0.0
0.0,0.0,0.0
0.0,0.0,0.0
0.0,0.0,0.0
0.0,0.0,0.0
0.0,0.0,0.0
0.0,0.0,0.0
0.0,0.0,0.0
0.0,0.0,0.0
0.0,0.0,0.0
0.0,0.0,0.0
0.0,0.0,0.0
0.0,0.0,0.0
0.0,0.0,0.0
0.0,0.0,0.0
0.0,0.0,0.0
0.0,0.0,0.0
0.0,0.0,0.0
0.0,0.0,0.0
0.0,0.0,0.0
0.0,0.0,0.0
0.0,0.0,0.0
0.0,0.0,0.0
0.0,0.0,0.0
0.0,0.0,0.0
0.0,0.0,0.0
0.0,0.0,0.0
0.0,0.0,0.0
0.0,0.0,0.0
0.0,0.0,0.0
0.0,0.0,0.0
0.0,0.0,0.0
0.0,0.0,0.0
0.0,0.0,0.0
0.0,0.0,0.0
0.0,0.0,0.0
0.0,0.0,0.0
0.0,0.0,0.0
0.0,0.0,0.0
0.0,0.0,0.0
0.0,0.0,0.0
0.0,0.0,0.0
0.0,0.0,0.0
0.0,0.0,0.0
0.0,0.0,0.0
0.0,0.0,0.0
0.0,0.0,0.0
0.0,0.0,0.0
0.0,0.0,0.0
0.0,0.0,0.0
0.0,0.0,0.0
0.0,0.0,0.0
0.0,0.0,0.0
0.0,0.0,0.0
0.0,0.0,0.0
0.0,0.0,0.0
0.0,0.0,0.0
0.0,0.0,0.0
0.0,0.0,0.0
0.0,0.0,0.0
0.0,0.0,0.0
0.0,0.0,0.0
0.0,0.0,0.0
0.0,0.0,0.0
0.0,0.0,0.0
0.0,0.0,0.0
0.0,0.0,0.0
0.0,0.0,0.0
0.0,0.0,0.0
0.0,0.0,0.0
0.0,0.0,0.0
0.0,0.0,0.0
0.0,0.0,0.0
0.0,0.0,0.0
0.0,0.0,0.0
0.0,0.0,0.0
0.0,0.0,0.0
0.0,0.0,0.0
0.0,0.0,0.0
0.0,0.0,0.0
0.0,0.0,0.0
0.0,0.0,0.0
0.0,0.0,0.0
0.0,0.0,0.0
0.0,0.0,0.0
0.0,0.0,0.0
0.0,0.0,0.0
0.0,0.0,0.0
0.0,0.0,0.0
0.0,0.0,0.0
0.0,0.0,0.0
0.0,0.0,0.0
0.0,0.0,0.0
0.0,0.0,0.0
0.0,0.0,0.0
0.0,0.0,0.0
0.0,0.0,0.0
0.0,0.0,0.0
0.0,0.0,0.0
0.0,0.0,0.0
0.0,0.0,0.0
0.0,0.0,0.0
0.0,0.0,0.0
0.0,0.0,0.0
0.0,0.0,0.0
0.0,0.0,0.0
0.0,0.0,0.0
0.0,0.0,0.0
0.0,0.0,0.0
0.0,0.0,0.0
0.0,0.0,0.0
0.0,0.0,0.0
0.0,0.0,0.0
0.0,0.0,0.0
0.0,0.0,0.0
0.0,0.0,0.0
0.0,0.0,0.0
0.0,0.0,0.0
0.0,0.0,0.0
0.0,0.0,0.0
0.0,0.0,0.0
0.0,0.0,0.0
0.0,0.0,0.0
0.0,0.0,0.0
0.0,0.0,0.0
0.0,0.0,0.0
0.0,0.0,0.0
0.0,0.0,0.0
0.0,0.0,0.0
0.0,0.0,0.0
0.0,0.0,0.0
0.0,0.0,0.0
0.0,0.0,0.0
0.0,0.0,0.0
0.0,0.0,0.0
0.0,0.0,0.0
0.0,0.0,0.0
0.0,0.0,0.0
0.0,0.0,0.0
0.0,0.0,0.0
0.0,0.0,0.0
0.0,0.0,0.0
0.0,0.0,0.0
0.0,0.0,0.0
0.0,0.0,0.0
0.0,0.0,0.0
0.0,0.0,0.0
0.0,0.0,0.0
0.0,0.0,0.0
0.0,0.0,0.0
0.0,0.0,0.0
0.0,0.0,0.0
0.0,0.0,0.0
0.0,0.0,0.0
0.0,0.0,0.0
0.0,0.0,0.0
0.0,0.0,0.0
0.0,0.0,0.0
0.0,0.0,0.0
0.0,0.0,0.0
0.0,0.0,0.0
0.0,0.0,0.0
0.0,0.0,0.0
0.0,0.0,0.0
0.0,0.0,0.0
0.0,0.0,0.0
0.0,0.0,0.0
0.0,0.0,0.0
0.0,0.0,0.0
0.0,0.0,0.0
0.0,0.0,0.0
0.0,0.0,0.0
0.0,0.0,0.0
0.0,0.0,0.0
0.0,0.0,0.0
0.0,0.0,0.0
0.0,0.0,0.0
0.0,0.0,0.0
0.0,0.0,0.0
0.0,0.0,0.0
0.0,0.0,0.0
0.0,0.0,0.0
0.0,0.0,0.0
0.0,0.0,0.0
0.0,0.0,0.0
0.0,0.0,0.0
0.0,0.0,0.0
0.0,0.0,0.0
0.0,0.0,0.0
0.0,0.0,0.0
0.0,0.0,0.0
0.0,0.0,0.0
0.0,0.0,0.0
0.0,0.0,0.0
0.0,0.0,0.0
0.0,0.0,0.0
0.0,0.0,0.0
0.0,0.0,0.0
0.0,0.0,0.0
0.0,0.0,0.0
0.0,0.0,0.0
0.0,0.0,0.0
0.0,0.0,0.0
0.0,0.0,0.0
0.0,0.0,0.0
0.0,0.0,0.0
0.0,0.0,0.0
0.0,0.0,0.0
0.0,0.0,0.0
0.0,0.0,0.0
0.0,0.0,0.0
0.0,0.0,0.0
0.0,0.0,0.0
0.0,0.0,0.0
0.0,0.0,0.0
0.0,0.0,0.0
0.0,0.0,0.0
0.0,0.0,0.0
0.0,0.0,0.0
0.0,0.0,0.0
0.0,0.0,0.0
0.0,0.0,0.0
0.0,0.0,0.0
0.0,0.0,0.0
0.0,0.0,0.0
0.0,0.0,0.0
0.0,0.0,0.0
0.0,0.0,0.0
0.0,0.0,0.0
0.0,0.0,0.0
0.0,0.0,0.0
0.0,0.0,0.0
0.0,0.0,0.0
0.0,0.0,0.0
0.0,0.0,0.0
0.0,0.0,0.0
0.0,0.0,0.0
0.0,0.0,0.0
0.0,0.0,0.0
0.0,0.0,0.0
0.0,0.0,0.0
0.0,0.0,0.0
0.0,0.0,0.0
0.0,0.0,0.0
0.0,0.0,0.0
0.0,0.0,0.0
0.0,0.0,0.0
0.0,0.0,0.0
0.0,0.0,0.0
0.0,0.0,0.0
0.0,0.0,0.0
0.0,0.0,0.0
0.0,0.0,0.0
0.0,0.0,0.0
0.0,0.0,0.0
0.0,0.0,0.0
0.0,0.0,0.0
0.0,0.0,0.0
0.0,0.0,0.0
0.0,0.0,0.0
0.0,0.0,0.0
0.0,0.0,0.0
0.0,0.0,0.0
0.0,0.0,0.0
0.0,0.0,0.0
0.0,0.0,0.0
0.0,0.0,0.0
0.0,0.0,0.0
0.0,0.0,0.0
0.0,0.0,0.0
0.0,0.0,0.0
0.0,0.0,0.0
0.0,0.0,0.0
0.0,0.0,0.0
0.0,0.0,0.0
0.0,0.0,0.0
0.0,0.0,0.0
0.0,0.0,0.0
0.0,0.0,0.0
0.0,0.0,0.0
0.0,0.0,0.0
0.0,0.0,0.0
0.0,0.0,0.0
0.0,0.0,0.0
0.0,0.0,0.0
0.0,0.0,0.0
0.0,0.0,0.0
0.0,0.0,0.0
0.0,0.0,0.0
0.0,0.0,0.0
0.0,0.0,0.0
0.0,0.0,0.0
0.0,0.0,0.0
0.0,88.0,0.0
0.0,315.0,0.0
0.0,481.0,0.0
0.0,513.0,0.0
0.0,456.0,0.0
0.0,456.0,0.0
0.0,470.0,0.0
0.0,470.0,0.0
0.0,470.0,0.0
0.0,428.0,0.0
0.0,416.0,0.0
0.0,440.0,0.0
0.0,465.0,0.0
0.0,464.0,0.0
0.0,448.0,0.0
0.0,431.0,0.0
0.0,427.0,0.0
0.0,434.0,0.0
0.0,459.0,0.0
0.0,470.0,0.0
0.0,474.0,0.0
0.0,482.0,0.0
0.0,489.0,0.0
0.0,502.0,0.0
0.0,499.0,0.0
0.0,491.0,0.0
0.0,488.0,0.0
0.0,499.0,0.0
0.0,499.0,0.0
0.0,511.0,0.0
0.0,526.0,0.0
0.0,552.0,0.0
0.0,570.0,0.0
0.0,574.0,0.0
0.0,586.0,0.0
0.0,631.0,0.0
0.0,768.0,0.0
0.0,785.0,0.0
0.0,761.0,0.0
0.0,731.0,0.0
0.0,804.0,0.0
0.0,904.0,0.0
0.0,904.0,0.0
0.0,903.0,0.0
0.0,1002.0,0.0
0.0,1113.0,0.0
0.0,1246.0,0.0
0.0,1418.0,0.0
0.0,1509.0,0.0
0.0,1369.0,0.0
0.0,1234.0,0.0
0.0,1234.0,0.0
0.0,1156.0,0.0
0.0,1168.0,0.0
0.0,1143.0,0.0
0.0,1091.0,0.0
0.0,1075.0,0.0
0.0,1075.0,0.0
0.0,1129.0,0.0
0.0,1429.0,0.0
0.0,1528.0,0.0
0.0,1648.0,0.0
0.0,1749.0,0.0
0.0,1670.0,0.0
0.0,1522.0,0.0
0.0,1409.0,0.0
0.0,1369.0,0.0
0.0,1337.0,0.0
0.0,1179.0,0.0
0.0,1155.0,0.0
0.0,1268.0,0.0
0.0,1269.0,0.0
0.0833333,1610.0,0.0
0.0833333,1751.0,0.0
0.0833333,1857.0,0.0
0.0833333,1879.0,0.0
0.0833333,1839.0,0.0
0.166667,1879.0,0.0
0.166667,1872.0,0.0
0.166667,1818.0,0.0
0.166667,1735.0,0.0
0.166667,1733.0,0.0
0.25,1731.0,0.681818
0.25,1729.0,0.681818
0.25,1733.0,0.681818
0.333333,1738.0,0.681818
0.333333,1740.0,0.795454
0.333333,1745.0,0.795454
0.416667,1747.0,0.795454
0.416667,1754.0,0.852273
0.416667,1748.0,0.852273
0.5,1736.0,0.852273
0.5,1739.0,0.965909
0.5,1739.0,0.965909
0.583333,1758.0,0.965909
0.583333,1785.0,0.965909
0.583333,1763.0,0.965909
0.666667,1764.0,1.07955
0.666667,1785.0,1.07955
0.666667,1768.0,1.07955
0.75,1716.0,1.07955
0.75,1665.0,1.07955
0.833333,1668.0,1.07955
0.833333,1612.0,1.13636
0.916667,1518.0,1.13636
0.916667,1526.0,1.25
0.916667,1570.0,1.25
1.0,1588.0,1.30682
1.0,1629.0,1.30682
1.08333,1692.0,1.36364
1.08333,1722.0,1.36364
1.16667,1700.0,1.30682
1.16667,1683.0,1.30682
1.25,1682.0,1.47727
1.25,1698.0,1.47727
1.33333,1697.0,1.47727
1.33333,1696.0,1.47727
1.41667,1738.0,1.47727
1.5,1769.0,1.47727
1.5,1776.0,1.59091
1.58333,1789.0,1.59091
1.58333,1788.0,1.59091
1.66667,1754.0,1.70455
1.66667,1773.0,1.70455
1.75,1802.0,1.59091
1.83333,1809.0,1.59091
1.83333,1792.0,1.59091
1.91667,1792.0,1.59091
1.91667,1842.0,1.81818
2.0,1824.0,1.70455
2.08333,1754.0,1.70455
2.08333,1766.0,1.76136
2.16667,1765.0,1.875
2.25,1766.0,1.875
2.25,1781.0,1.93182
2.33333,1790.0,1.875
2.41667,1790.0,1.875
2.41667,1805.0,1.98864
2.5,1823.0,2.04545
2.58333,1827.0,2.10227
2.66667,1821.0,2.10227
2.66667,1832.0,1.98864
2.75,1833.0,2.15909
2.83333,1831.0,2.15909
2.83333,1826.0,1.70455
2.91667,1843.0,2.38636
3.0,1849.0,2.38636
3.08333,1838.0,2.38636
3.16667,1798.0,2.32954
3.25,1714.0,2.27273
3.25,1683.0,2.38636
3.33333,1655.0,2.38636
3.41667,1601.0,2.27273
3.5,1515.0,2.27273
3.58333,1497.0,2.38636
3.66667,1519.0,2.32954
3.66667,1520.0,2.5
3.66667,1641.0,2.5
3.66667,1708.0,2.5
3.66667,1705.0,2.5
3.75,1705.0,2.5
3.83333,1732.0,0.625
3.91667,1659.0,2.61364
4.0,1601.0,2.5
4.08333,1583.0,3.125
4.08333,1556.0,2.55682
4.16667,1532.0,2.55682
4.25,1518.0,2.67045
4.33333,1515.0,2.78409
4.41667,1514.0,2.89773
4.5,1505.0,2.95454
4.66667,1482.0,2.95454
4.75,1486.0,2.95454
4.83333,1488.0,2.84091
4.91667,1478.0,2.95454
5.0,1444.0,2.95454
5.08333,1408.0,2.84091
5.08333,1336.0,2.89773
5.16667,1296.0,2.89773
5.25,1296.0,3.23864
5.25,1235.0,3.23864
5.25,1232.0,3.23864
5.33333,1262.0,1.02273
5.41667,1273.0,3.06818
5.5,1270.0,3.57954
5.58333,1275.0,3.57954
5.66667,1291.0,1.70455
5.75,1280.0,3.46591
5.83333,1232.0,3.01136
6.0,1184.0,3.18182
6.08333,1152.0,4.14773
6.08333,1090.0,3.125
6.16667,1056.0,3.125
6.25,1038.0,3.63636
6.25,992.0,3.63636
6.33333,998.0,1.64773
6.33333,1018.0,1.64773
6.33333,1013.0,1.64773
6.33333,1000.0,1.64773
6.41667,976.0,0.625
6.5,954.0,3.18182
6.58333,937.0,3.92045
6.66667,947.0,3.92045
6.75,967.0,1.64773
6.83333,983.0,4.09091
7.0,993.0,3.92045
7.08333,1003.0,3.80682
7.16667,1014.0,3.01136
7.25,1008.0,3.69318
7.33333,989.0,3.75
7.33333,960.0,3.75
7.41667,880.0,3.75
7.41667,870.0,1.07955
7.5,816.0,2.10227
7.5,789.0,2.10227
7.5,805.0,2.10227
7.5,834.0,2.10227
7.5,774.0,2.10227
7.58333,731.0,2.10227
7.58333,708.0,0.511364
7.58333,660.0,0.511364
7.66667,660.0,0.511364
7.66667,629.0,0.852273
7.75,561.0,2.10227
7.83333,499.0,3.46591
7.91667,507.0,3.125
8.0,522.0,3.125
8.08333,525.0,3.63636
8.25,516.0,3.63636
8.33333,512.0,3.92045
8.41667,532.0,4.09091
8.58333,551.0,3.63636
8.58333,570.0,3.46591
8.58333,572.0,3.46591
8.58333,550.0,3.46591
8.58333,559.0,3.46591
8.66667,584.0,3.46591
8.75,603.0,3.63636
8.91667,625.0,3.63636
9.0,658.0,3.80682
9.08333,658.0,3.86364
9.16667,658.0,4.14773
9.33333,635.0,3.35227
9.33333,573.0,3.29545
9.33333,620.0,3.29545
9.5,611.0,3.29545
9.58333,603.0,3.35227
9.66667,600.0,4.03409
9.75,688.0,3.57954
9.75,766.0,3.57954
9.75,790.0,3.57954
9.83333,807.0,3.57954
9.83333,865.0,0.909091
10.0,861.0,1.875
10.0833,847.0,3.40909
10.1667,845.0,3.69318
10.25,857.0,3.46591
10.4167,864.0,3.46591
10.5,858.0,3.57954
10.5,838.0,3.40909
10.5,828.0,3.40909
10.6667,863.0,3.40909
10.75,873.0,3.35227
10.8333,872.0,4.26136
10.9167,872.0,3.18182
11.0,888.0,3.18182
11.0,961.0,3.18182
11.0833,1023.0,1.59091
11.0833,1052.0,1.59091
11.0833,1082.0,1.59091
11.1667,1115.0,0.852273
11.3333,1160.0,0.852273
11.3333,1193.0,3.52273
11.4167,1212.0,3.52273
11.5,1216.0,1.64773
11.5833,1218.0,3.40909
11.6667,1240.0,3.35227
11.75,1258.0,3.80682
11.8333,1261.0,3.18182
11.8333,1263.0,3.18182
11.9167,1241.0,3.18182
12.0,1210.0,3.125
12.0833,1210.0,3.125
12.1667,1206.0,3.52273
12.25,1204.0,3.29545
12.25,1221.0,3.29545
12.25,1259.0,3.29545
12.25,1386.0,3.29545
12.25,1488.0,3.29545
12.25,1534.0,3.29545
12.3333,1576.0,0.454545
12.4167,1577.0,2.72727
12.5,1514.0,3.06818
12.6667,1453.0,3.35227
12.75,1397.0,3.40909
12.8333,1378.0,3.69318
12.9167,1394.0,2.95454
13.0,1385.0,3.125
13.0833,1375.0,3.23864
13.1667,1417.0,3.52273
13.3333,1431.0,3.52273
13.4167,1414.0,3.57954
13.5,1432.0,3.35227
13.5833,1449.0,2.89773
13.6667,1443.0,2.95454
13.75,1434.0,3.63636
13.8333,1461.0,3.18182
13.9167,1461.0,3.125
14.0833,1472.0,3.125
14.1667,1474.0,3.29545
14.25,1485.0,3.52273
14.3333,1495.0,3.06818
14.4167,1493.0,3.23864
14.5,1492.0,3.29545
14.5833,1498.0,3.23864
14.6667,1531.0,3.125
14.8333,1542.0,3.125
14.8333,1533.0,3.125
14.9167,1520.0,3.125
15.0,1489.0,1.64773
15.0833,1468.0,3.18182
15.1667,1472.0,3.40909
15.25,1473.0,2.89773
15.3333,1472.0,3.35227
15.5,1479.0,3.35227
15.5833,1478.0,3.23864
15.6667,1479.0,3.29545
15.75,1476.0,2.89773
15.8333,1440.0,3.63636
15.9167,1423.0,2.95454
16.0,1416.0,3.125
16.0833,1398.0,3.125
16.1667,1345.0,3.69318
16.25,1321.0,3.69318
16.3333,1290.0,1.59091
16.4167,1242.0,2.95454
16.5,1219.0,3.69318
16.5833,1223.0,3.57954
16.75,1218.0,3.40909
16.8333,1216.0,3.29545
16.9167,1217.0,3.86364
17.0,1251.0,4.20454
17.0833,1277.0,3.18182
17.25,1290.0,3.52273
17.3333,1294.0,3.75
17.4167,1287.0,3.35227
17.5,1279.0,3.57954
17.6667,1259.0,3.57954
17.6667,1226.0,3.86364
17.75,1226.0,1.81818
17.8333,1146.0,3.69318
18.0,1093.0,3.69318
18.0833,1119.0,4.03409
18.25,1118.0,3.92045
18.3333,1109.0,3.80682
18.4167,1118.0,3.75
18.5833,1120.0,3.75
18.6667,1106.0,4.54545
18.75,1095.0,3.52273
18.75,1065.0,3.69318
18.9167,1020.0,3.69318
19.0,995.0,3.75
19.0,977.0,3.52273
19.0,980.0,3.52273
19.0833,971.0,3.52273
19.1667,973.0,0.909091
19.1667,966.0,4.09091
19.3333,941.0,4.09091
19.4167,922.0,4.03409
19.5833,885.0,4.03409
19.6667,823.0,4.14773
19.75,812.0,3.52273
19.9167,802.0,3.52273
19.9167,716.0,3.63636
19.9167,675.0,3.63636
20.0,654.0,3.63636
20.0,613.0,0.965909
20.0,579.0,0.965909
20.0833,569.0,1.25
20.0833,555.0,1.25
20.0833,538.0,1.25
20.1667,531.0,0.965909
20.25,532.0,0.965909
20.3333,510.0,3.97727
20.5,495.0,3.97727
20.5833,481.0,3.86364
20.6667,466.0,4.20454
20.8333,434.0,3.92045
20.9167,408.0,3.86364
21.0,415.0,4.48864
21.1667,443.0,4.48864
21.25,481.0,4.03409
21.3333,481.0,3.52273
21.5,469.0,3.52273
21.5833,475.0,3.35227
21.5833,500.0,4.94318
21.5833,506.0,4.94318
21.6667,509.0,4.94318
21.75,508.0,0.909091
21.8333,481.0,3.92045
22.0,460.0,3.86364
22.0833,482.0,3.23864
22.1667,493.0,3.97727
22.3333,496.0,3.97727
22.3333,506.0,3.75
22.4167,497.0,1.98864
22.5,507.0,3.46591
22.5833,545.0,3.46591
22.6667,569.0,4.54545
22.8333,537.0,4.54545
22.9167,523.0,3.92045
23.0,521.0,3.75
23.0,521.0,3.75
23.0833,510.0,3.75
23.1667,483.0,3.86364
23.3333,458.0,3.86364
23.4167,457.0,3.75
23.5,462.0,3.86364
23.6667,488.0,3.86364
23.75,494.0,3.86364
23.8333,524.0,4.375
23.9167,540.0,3.40909
24.0,561.0,3.40909
24.0833,568.0,2.04545
24.1667,577.0,4.375
24.3333,577.0,4.375
24.3333,577.0,4.03409
24.4167,550.0,1.98864
24.5,559.0,3.80682
24.5833,555.0,3.80682
24.5833,539.0,1.70455
24.6667,549.0,1.70455
24.75,571.0,1.30682
24.8333,571.0,3.80682
24.9167,555.0,3.80682
25.0,555.0,1.81818
25.0833,527.0,3.57954
25.1667,516.0,3.46591
25.25,521.0,3.46591
25.25,524.0,2.04545
25.4167,531.0,2.04545
25.4167,558.0,3.23864
25.4167,561.0,3.23864
25.5833,579.0,3.23864
25.5833,641.0,3.97727
25.5833,640.0,3.97727
25.6667,629.0,3.97727
25.6667,685.0,0.909091
25.75,705.0,1.875
25.9167,723.0,3.52273
26.0,834.0,4.03409
26.0833,885.0,4.26136
26.25,913.0,3.92045
26.3333,902.0,3.69318
26.3333,909.0,3.69318
26.4167,944.0,1.76136
26.5833,949.0,1.76136
26.6667,936.0,3.125
26.75,917.0,4.88636
26.8333,921.0,3.06818
27.0,949.0,3.06818
27.0833,968.0,3.63636
27.1667,970.0,4.48864
27.1667,935.0,4.48864
27.25,919.0,4.48864
27.25,903.0,1.13636
27.25,890.0,1.13636
27.4167,882.0,1.25
27.5,844.0,4.03409
27.5833,832.0,4.09091
27.6667,839.0,3.40909
27.6667,860.0,3.40909
27.75,929.0,3.40909
27.9167,954.0,3.40909
27.9167,947.0,3.63636
28.0,917.0,3.63636
28.0833,880.0,3.57954
28.1667,880.0,3.29545
28.1667,877.0,3.29545
28.25,888.0,3.29545
28.25,911.0,1.30682
28.3333,914.0,1.30682
28.3333,912.0,1.19318
28.4167,909.0,1.81818
28.5,912.0,3.69318
28.6667,918.0,3.69318
28.75,905.0,4.43182
28.8333,889.0,3.52273
29.0,891.0,3.52273
29.0833,898.0,3.97727
29.1667,898.0,3.97727
29.25,901.0,2.61364
29.3333,907.0,1.98864
29.4167,926.0,3.97727
29.5,939.0,3.46591
29.5,949.0,3.46591
29.5,948.0,3.46591
29.5,949.0,3.46591
29.5833,939.0,0.681818
29.6667,961.0,3.92045
29.75,984.0,3.92045
29.8333,971.0,4.375
30.0,949.0,4.375
30.0833,906.0,3.86364
30.1667,898.0,4.26136
30.1667,917.0,4.26136
30.25,881.0,1.64773
30.3333,845.0,2.10227
30.3333,814.0,2.10227
30.5,794.0,2.10227
30.5833,793.0,3.52273
30.5833,767.0,3.86364
30.5833,761.0,3.86364
30.5833,741.0,3.86364
30.6667,736.0,3.86364
30.75,728.0,3.35227
30.8333,718.0,3.80682
31.0,720.0,3.63636
31.0,731.0,3.23864
31.0833,756.0,1.81818
31.25,756.0,3.52273
31.3333,788.0,4.14773
31.4167,819.0,3.52273
31.5,815.0,3.80682
31.6667,796.0,3.52273
31.75,791.0,3.23864
31.8333,801.0,3.52273
32.0,814.0,3.52273
32.0,825.0,4.375
32.0,825.0,4.375
32.0,794.0,4.375
32.0833,772.0,0.852273
32.25,789.0,0.852273
32.3333,783.0,3.35227
32.4167,758.0,3.52273
32.5,744.0,3.29545
32.5833,737.0,3.57954
32.75,735.0,3.57954
32.8333,743.0,3.75
32.9167,751.0,3.40909
33.0833,770.0,3.40909
33.1667,773.0,3.69318
33.1667,797.0,3.23864
33.25,823.0,1.70455
33.4167,847.0,1.70455
33.5,866.0,3.52273
33.5,884.0,4.26136
33.5,893.0,4.26136
33.5833,892.0,1.13636
33.5833,886.0,1.13636
33.6667,876.0,1.13636
33.75,881.0,4.31818
33.8333,894.0,4.31818
33.9167,871.0,1.76136
34.0,863.0,3.57954
34.1667,878.0,3.57954
34.25,886.0,3.63636
34.3333,872.0,2.72727
34.4167,869.0,4.14773
34.5833,866.0,3.57954
34.6667,840.0,3.46591
34.75,796.0,3.23864
34.8333,747.0,4.43182
34.8333,747.0,4.43182
34.9167,750.0,4.43182
35.0,777.0,1.13636
35.0833,777.0,4.03409
35.1667,769.0,3.29545
35.1667,786.0,3.29545
35.25,795.0,1.19318
35.3333,791.0,3.46591
35.5,793.0,3.46591
35.5833,805.0,3.35227
35.6667,816.0,3.80682
35.8333,822.0,3.80682
35.9167,840.0,4.09091
36.0,854.0,3.35227
36.0833,857.0,3.92045
36.1667,867.0,3.125
36.25,866.0,3.63636
36.3333,859.0,3.63636
36.3333,860.0,1.81818
36.4167,842.0,1.875
36.4167,835.0,1.875
36.5,847.0,1.875
36.5,864.0,1.07955
36.5833,884.0,1.59091
36.6667,851.0,3.86364
36.75,808.0,3.86364
36.8333,772.0,1.70455
37.0,792.0,3.52273
37.0833,801.0,4.48864
37.1667,765.0,3.46591
37.1667,744.0,3.52273
37.25,770.0,1.81818
37.4167,772.0,2.67045
37.5,788.0,4.43182
37.5833,809.0,3.35227
37.6667,856.0,4.54545
37.6667,875.0,4.54545
37.75,856.0,4.54545
37.8333,826.0,1.13636
37.8333,852.0,3.125
38.0,867.0,3.125
38.0833,853.0,3.80682
38.1667,853.0,3.46591
38.25,834.0,3.75
38.4167,801.0,3.75
38.5,811.0,4.09091
38.5833,871.0,3.40909
38.6667,872.0,3.75
38.8333,802.0,3.29545
38.9167,770.0,3.23864
39.0,807.0,3.80682
39.1667,828.0,3.69318
39.25,802.0,3.18182
39.25,747.0,4.03409
39.25,752.0,4.03409
39.3333,767.0,1.07955
39.3333,783.0,1.07955
39.4167,798.0,1.07955
39.5,822.0,3.23864
39.5,830.0,3.23864
39.6667,842.0,3.23864
39.75,846.0,3.69318
39.8333,859.0,3.06818
40.0,863.0,3.06818
40.0833,871.0,3.69318
40.0833,902.0,3.80682
40.1667,934.0,1.64773
40.1667,929.0,1.64773
40.25,937.0,1.64773
40.3333,956.0,1.25
40.3333,960.0,2.89773
40.4167,921.0,1.81818
40.4167,911.0,1.81818
40.4167,889.0,1.81818
40.4167,851.0,1.81818
40.5,849.0,0.681818
40.5833,845.0,0.681818
40.6667,850.0,1.70455
40.6667,862.0,3.92045
40.75,885.0,1.70455
40.9167,897.0,3.46591
41.0,886.0,4.20454
41.0833,871.0,3.40909
41.1667,865.0,3.69318
41.25,842.0,3.69318
41.3333,842.0,1.59091
41.3333,819.0,3.75
41.5,795.0,3.75
41.5,795.0,3.63636
41.5,799.0,3.63636
41.5833,796.0,3.63636
41.5833,803.0,1.13636
41.6667,816.0,1.59091
41.75,816.0,1.59091
41.8333,840.0,1.875
41.8333,871.0,3.86364
41.9167,909.0,1.64773
42.0833,924.0,1.64773
42.1667,950.0,3.40909
42.25,964.0,3.40909
42.4167,966.0,3.63636
42.4167,963.0,3.69318
42.4167,969.0,3.69318
42.5,969.0,3.69318
42.5833,987.0,3.86364
42.6667,1008.0,2.72727
42.8333,1003.0,3.46591
42.9167,1042.0,3.92045
43.0,1032.0,3.23864
43.0833,1004.0,3.23864
43.0833,979.0,3.23864
43.1667,1016.0,3.23864
43.25,1121.0,1.07955
43.3333,1186.0,3.80682
43.4167,1159.0,3.46591
43.5,1140.0,3.01136
43.6667,1176.0,3.46591
43.75,1177.0,3.92045
43.8333,1164.0,3.46591
43.9167,1133.0,3.46591
44.0,1108.0,3.40909
44.1667,1133.0,3.40909
44.25,1132.0,3.52273
44.3333,1120.0,3.40909
44.4167,1120.0,3.35227
44.5,1118.0,3.97727
44.6667,1120.0,3.35227
44.75,1116.0,3.35227
44.8333,1116.0,3.40909
44.9167,1112.0,3.40909
45.0,1092.0,3.40909
45.0833,1072.0,3.46591
45.25,1075.0,3.46591
45.3333,1053.0,3.69318
45.4167,1043.0,3.29545
45.5,958.0,3.92045
45.6667,925.0,3.92045
45.75,966.0,3.52273
45.8333,975.0,3.52273
45.9167,958.0,3.46591
46.0,986.0,3.35227
46.0833,998.0,3.35227
46.1667,973.0,1.64773
46.25,940.0,3.40909
46.3333,935.0,3.29545
46.4167,937.0,3.35227
46.5833,937.0,3.35227
46.5833,953.0,3.29545
46.6667,979.0,3.29545
46.75,1001.0,3.86364
46.8333,1009.0,3.23864
46.9167,1006.0,3.23864
47.0,1016.0,1.76136
47.0833,1001.0,3.80682
47.1667,988.0,2.89773
47.3333,1001.0,3.75
47.4167,1001.0,3.92045
47.5,986.0,3.57954
47.5833,993.0,3.86364
47.75,994.0,3.40909
47.8333,993.0,3.29545
47.9167,1001.0,3.35227
48.0,998.0,3.52273
48.0833,985.0,3.57954
48.25,985.0,3.57954
48.3333,984.0,3.92045
48.3333,991.0,3.57954
48.4167,1004.0,1.70455
48.5833,995.0,3.63636
48.6667,976.0,3.63636
48.75,976.0,3.18182
48.8333,964.0,3.80682
48.9167,947.0,3.23864
49.0,933.0,3.57954
49.0833,939.0,3.57954
49.1667,934.0,1.59091
49.1667,925.0,4.09091
49.25,924.0,1.70455
49.4167,921.0,3.52273
49.5,913.0,3.57954
49.5,913.0,3.40909
49.5833,902.0,1.70455
49.75,888.0,3.125
49.8333,882.0,4.09091
49.9167,884.0,3.52273
49.9167,891.0,3.46591
50.0,905.0,1.70455
50.0833,917.0,3.40909
50.25,921.0,3.40909
50.3333,928.0,3.63636
50.4167,929.0,3.52273
50.5,929.0,3.63636
50.6667,942.0,3.63636
50.75,948.0,4.20454
50.8333,963.0,3.63636
50.9167,992.0,3.80682
51.0,1009.0,3.23864
51.1667,1031.0,3.23864
51.25,1053.0,3.75
51.3333,1034.0,3.46591
51.3333,1010.0,3.46591
51.4167,995.0,1.59091
51.5,987.0,1.59091
51.5833,983.0,1.64773
51.6667,1001.0,3.46591
51.75,995.0,3.40909
51.9167,981.0,3.40909
52.0,985.0,4.26136
52.0833,985.0,3.57954
52.1667,984.0,3.86364
52.1667,992.0,3.86364
52.25,1007.0,3.86364
52.3333,1022.0,1.13636
52.4167,1022.0,3.125
52.5,1035.0,4.375
52.5833,1039.0,3.46591
52.6667,1032.0,3.46591
52.75,1034.0,1.53409
52.75,1029.0,4.20454
52.75,1008.0,4.20454
52.8333,993.0,1.13636
52.8333,985.0,1.13636
52.9167,972.0,1.13636
53.0,970.0,3.35227
53.0833,953.0,3.125
53.25,905.0,3.69318
53.3333,888.0,4.48864
53.4167,870.0,3.40909
53.5,839.0,3.63636
53.5,831.0,3.63636
53.5833,819.0,3.63636
53.6667,821.0,1.07955
53.75,825.0,3.69318
53.8333,824.0,3.40909
53.9167,829.0,3.18182
53.9167,846.0,3.18182
53.9167,845.0,3.18182
53.9167,844.0,3.18182
54.0833,867.0,3.18182
54.0833,865.0,3.46591
54.1667,859.0,3.46591
54.25,856.0,3.80682
54.4167,855.0,3.80682
54.5,852.0,4.20454
54.5833,859.0,3.46591
54.6667,858.0,3.40909
54.75,882.0,3.18182
54.8333,863.0,3.97727
54.9167,859.0,3.97727
55.0,863.0,1.64773
55.0,864.0,3.92045
55.0833,846.0,1.875
55.25,834.0,2.78409
55.3333,825.0,3.75
55.4167,814.0,3.18182
55.5,784.0,3.52273
55.6667,784.0,3.52273
55.6667,775.0,3.75
55.75,771.0,3.75
55.8333,765.0,4.03409
55.9167,750.0,2.72727
56.0833,737.0,3.86364
56.1667,741.0,3.92045
56.25,756.0,3.35227
56.3333,772.0,3.23864
56.4167,803.0,3.40909
56.5833,847.0,3.52273
56.6667,860.0,3.52273
56.75,862.0,3.57954
56.75,903.0,3.125
56.8333,912.0,1.70455
57.0,892.0,1.70455
57.0833,864.0,3.29545
57.0833,865.0,3.18182
57.0833,886.0,3.18182
57.0833,886.0,3.18182
57.1667,885.0,0.852273
57.25,888.0,0.852273
57.3333,930.0,1.59091
57.4167,931.0,3.57954
57.5,912.0,4.03409
57.5833,904.0,3.18182
57.6667,913.0,3.01136
57.75,909.0,3.01136
57.75,906.0,1.81818
57.8333,904.0,1.81818
57.9167,905.0,3.80682
58.0,904.0,3.23864
58.0833,922.0,3.46591
58.25,935.0,3.46591
58.3333,938.0,3.57954
58.4167,943.0,3.29545
58.5,945.0,3.40909
58.5833,943.0,3.23864
58.75,952.0,3.40909
58.8333,956.0,3.40909
58.9167,929.0,3.29545
59.0,928.0,3.35227
59.0833,928.0,4.375
59.1667,944.0,4.375
59.1667,958.0,1.64773
59.3333,971.0,2.78409
59.4167,970.0,3.01136
59.5,984.0,3.46591
59.5833,1007.0,3.29545
59.6667,1075.0,3.23864
59.75,1096.0,3.23864
59.8333,1087.0,3.06818
59.8333,1066.0,3.06818
59.9167,1063.0,3.06818
60.0,1104.0,1.07955
60.0,1107.0,3.125
60.0,1084.0,3.125
60.0833,1072.0,1.02273
60.1667,1076.0,3.18182
60.3333,1081.0,3.18182
60.4167,1080.0,3.29545
60.5,1098.0,2.72727
60.5833,1124.0,3.46591
60.6667,1148.0,3.29545
60.75,1204.0,3.57954
60.75,1236.0,3.57954
60.8333,1221.0,1.42045
60.9167,1216.0,1.42045
61.0,1236.0,1.875
61.0833,1265.0,2.61364
61.1667,1275.0,3.35227
61.25,1231.0,3.125
61.3333,1267.0,3.125
61.4167,1290.0,2.95454
61.5,1290.0,3.06818
61.5833,1299.0,3.46591
61.5833,1313.0,3.46591
61.75,1285.0,3.46591
61.8333,1273.0,4.14773
61.9167,1289.0,3.35227
62.0,1290.0,3.23864
62.0833,1276.0,3.125
62.25,1272.0,3.29545
62.3333,1265.0,3.35227
62.4167,1265.0,3.35227
62.4167,1265.0,3.18182
62.5,1258.0,3.18182
62.5833,1251.0,3.86364
62.6667,1244.0,2.95454
62.75,1244.0,3.35227
62.9167,1232.0,3.35227
62.9167,1229.0,3.40909
62.9167,1226.0,3.40909
62.9167,1227.0,3.40909
62.9167,1211.0,3.40909
63.0,1206.0,0.625
63.0833,1207.0,3.29545
63.25,1204.0,3.29545
63.3333,1202.0,3.35227
63.4167,1203.0,3.46591
63.5,1185.0,2.67045
63.5833,1164.0,3.97727
63.6667,1160.0,3.29545
63.75,1156.0,3.29545
63.8333,1155.0,3.46591
64.0,1168.0,3.46591
64.0,1178.0,3.18182
64.0833,1171.0,3.18182
64.1667,1175.0,3.46591
64.25,1175.0,3.29545
64.3333,1171.0,2.84091
64.3333,1160.0,2.84091
64.3333,1130.0,2.84091
64.3333,1120.0,2.84091
64.3333,1107.0,2.84091
64.4167,1091.0,0.568182
64.4167,1088.0,0.568182
64.5,1101.0,1.59091
64.5833,1099.0,3.40909
64.75,1104.0,3.40909
64.8333,1116.0,3.40909
64.9167,1106.0,3.80682
65.0,1099.0,3.92045
65.0833,1100.0,2.84091
65.25,1094.0,2.84091
65.25,1065.0,3.18182
65.25,1051.0,3.18182
65.3333,1035.0,3.18182
65.4167,1035.0,3.01136
65.4167,1025.0,3.01136
65.5833,1029.0,3.01136
65.5833,1031.0,3.29545
65.6667,1024.0,3.29545
65.6667,1028.0,1.47727
65.75,1043.0,1.875
65.8333,1051.0,3.57954
66.0,1056.0,3.57954
66.0833,1059.0,3.29545
66.1667,1052.0,3.06818
66.25,1063.0,3.92045
66.3333,1057.0,3.40909
66.5,1033.0,3.40909
66.5833,1019.0,3.23864
66.6667,1019.0,3.57954
66.75,1009.0,3.69318
66.8333,1009.0,2.67045
67.0,993.0,2.67045
67.0,975.0,3.57954
67.0,965.0,3.57954
67.0,957.0,3.57954
67.0,935.0,3.57954
67.0833,918.0,0.625
67.25,912.0,3.18182
67.3333,914.0,4.03409
67.4167,920.0,3.23864
67.5,924.0,3.63636
67.5833,950.0,3.63636
67.75,987.0,3.63636
67.8333,1000.0,3.29545
67.8333,1000.0,4.09091
67.8333,994.0,4.09091
67.8333,981.0,4.09091
68.0,978.0,4.09091
68.0833,968.0,3.92045
68.1667,951.0,2.78409
68.25,932.0,4.20454
68.3333,917.0,3.01136
68.4167,915.0,3.86364
68.5,912.0,3.125
68.5833,903.0,3.125
68.6667,903.0,1.59091
68.75,844.0,3.92045
68.75,843.0,3.92045
68.8333,875.0,1.53409
68.9167,876.0,1.53409
69.0,859.0,1.81818
69.0833,866.0,3.29545
69.1667,880.0,3.86364
69.25,884.0,3.29545
69.3333,885.0,3.06818
69.3333,912.0,3.06818
69.4167,924.0,3.06818
69.5,930.0,1.13636
69.5,931.0,3.46591
69.5833,931.0,1.59091
69.5833,955.0,1.59091
69.75,952.0,1.59091
69.8333,944.0,4.03409
69.9167,957.0,3.06818
70.0,985.0,3.23864
70.0833,983.0,3.92045
70.0833,980.0,3.92045
70.25,983.0,3.92045
70.3333,1009.0,3.18182
70.4167,1014.0,3.01136
70.5,1003.0,3.57954
70.5833,990.0,3.46591
70.6667,968.0,3.23864
70.6667,957.0,3.23864
70.75,951.0,3.23864
70.8333,924.0,1.13636
70.9167,870.0,3.46591
70.9167,903.0,2.61364
71.0,857.0,1.93182
71.0833,853.0,2.72727
71.0833,911.0,2.72727
71.1667,933.0,2.72727
71.25,929.0,1.02273
71.3333,935.0,3.75
71.4167,922.0,3.23864
71.5,915.0,2.95454
71.6667,922.0,2.95454
71.75,954.0,3.29545
71.8333,954.0,3.18182
71.9167,972.0,3.35227
72.0,976.0,3.75
72.0833,976.0,3.29545
72.1667,951.0,3.01136
72.25,976.0,3.01136
72.25,1013.0,1.70455
72.3333,1010.0,1.70455
72.4167,1010.0,3.92045
72.5,1009.0,3.35227
72.5833,992.0,3.35227
72.5833,967.0,1.64773
72.5833,969.0,1.64773
72.5833,978.0,1.64773
72.5833,986.0,1.64773
72.6667,993.0,0.625
72.6667,1010.0,0.625
72.75,1011.0,1.53409
72.75,1032.0,1.53409
72.9167,1052.0,1.59091
73.0,1087.0,3.40909
73.0833,1154.0,3.63636
73.1667,1181.0,3.125
73.25,1152.0,3.23864
73.3333,1110.0,3.35227
73.5,1117.0,3.35227
73.5833,1168.0,3.63636
73.6667,1158.0,2.89773
73.75,1094.0,3.23864
73.75,1113.0,3.29545
73.8333,1129.0,1.53409
73.9167,1130.0,3.125
74.0,1124.0,3.52273
74.0,1150.0,3.52273
74.0833,1104.0,3.52273
74.1667,1123.0,1.07955
74.25,1150.0,3.52273
74.3333,1144.0,3.01136
74.4167,1122.0,3.18182
74.5833,1115.0,3.23864
74.6667,1126.0,3.63636
74.75,1122.0,3.35227
74.8333,1080.0,3.18182
74.8333,1080.0,2.89773
74.8333,1074.0,2.89773
75.0,1078.0,2.89773
75.0,1079.0,3.29545
75.0833,1068.0,3.29545
75.1667,1068.0,1.59091
75.25,1070.0,3.06818
75.3333,1073.0,3.18182
75.4167,1083.0,3.18182
75.5,1092.0,3.01136
75.5833,1086.0,3.40909
75.75,1095.0,3.40909
75.8333,1121.0,3.18182
75.9167,1135.0,3.46591
76.0,1137.0,2.95454
76.0833,1143.0,2.89773
76.1667,1154.0,3.57954
76.25,1153.0,3.40909
76.4167,1132.0,3.40909
76.4167,1109.0,3.35227
76.4167,1103.0,3.35227
76.5,1099.0,3.35227
76.5833,1082.0,1.02273
76.6667,1076.0,3.18182
76.75,1080.0,3.52273
76.75,1089.0,3.52273
76.8333,1088.0,1.53409
77.0,1102.0,1.53409
77.0833,1124.0,3.01136
77.1667,1126.0,3.29545
77.25,1119.0,3.01136
77.25,1124.0,3.63636
77.3333,1111.0,1.64773
77.4167,1098.0,3.06818
77.5,1097.0,2.95454
77.6667,1092.0,3.23864
77.75,1081.0,3.57954
77.8333,1081.0,3.46591
77.9167,1083.0,3.01136
78.0,1083.0,3.23864
78.0833,1087.0,3.40909
78.1667,1094.0,3.52273
78.3333,1094.0,3.52273
78.4167,1098.0,3.35227
78.4167,1099.0,3.46591
78.5,1093.0,3.46591
78.5833,1105.0,3.29545
78.6667,1116.0,3.29545
78.6667,1120.0,3.29545
78.75,1127.0,3.29545
78.75,1150.0,1.07955
78.8333,1151.0,1.07955
78.8333,1149.0,1.53409
78.9167,1151.0,1.53409
79.0,1151.0,1.59091
79.0833,1149.0,3.69318
79.1667,1122.0,3.29545
79.25,1082.0,3.01136
79.4167,1056.0,3.01136
79.5,1053.0,3.52273
79.5,1051.0,3.29545
79.5833,1036.0,3.29545
79.6667,1029.0,3.46591
79.75,1023.0,3.23864
79.8333,1025.0,2.72727
80.0,1035.0,2.72727
80.0,1052.0,3.06818
80.1667,1072.0,3.06818
80.1667,1084.0,3.46591
80.25,1093.0,1.70455
80.3333,1098.0,2.78409
80.4167,1106.0,3.57954
80.5,1103.0,2.89773
80.5833,1104.0,2.95454
80.75,1133.0,3.57954
80.8333,1142.0,3.57954
80.8333,1125.0,3.01136
80.9167,1126.0,3.01136
81.0,1125.0,3.57954
81.0833,1111.0,3.125
81.1667,1112.0,3.69318
81.3333,1121.0,3.69318
81.4167,1120.0,3.63636
81.4167,1118.0,3.06818
81.4167,1121.0,3.06818
81.5,1121.0,3.06818
81.5833,1120.0,1.07955
81.6667,1128.0,3.125
81.75,1128.0,3.06818
81.8333,1134.0,3.23864
81.9167,1140.0,2.89773
82.0833,1153.0,3.35227
82.1667,1159.0,3.40909
82.25,1148.0,2.89773
82.3333,1129.0,3.35227
82.4167,1125.0,3.125
82.5,1117.0,3.18182
82.5,1117.0,3.18182
82.5,1115.0,3.18182
82.6667,1138.0,3.18182
82.6667,1147.0,3.57954
82.8333,1159.0,3.57954
82.9167,1159.0,3.63636
82.9167,1311.0,2.95454
83.0,1356.0,2.95454
83.0833,1392.0,1.36364
83.0833,1399.0,3.46591
83.0833,1381.0,3.46591
83.0833,1353.0,3.46591
83.1667,1315.0,3.46591
83.25,1272.0,3.29545
83.25,1219.0,3.29545
83.3333,1201.0,1.47727
83.4167,1248.0,2.72727
83.5,1255.0,3.57954
83.5833,1258.0,3.18182
83.75,1263.0,3.18182
83.75,1272.0,3.01136
83.9167,1276.0,3.01136
84.0,1279.0,3.125
84.0833,1275.0,3.57954
84.1667,1268.0,3.06818
84.25,1282.0,2.61364
84.3333,1291.0,3.06818
84.3333,1283.0,3.125
84.3333,1264.0,3.125
84.4167,1289.0,3.125
84.5,1304.0,3.23864
84.5833,1304.0,3.23864
84.5833,1296.0,2.38636
84.6667,1291.0,1.59091
84.6667,1321.0,1.59091
84.75,1344.0,1.47727
84.8333,1357.0,2.89773
84.9167,1373.0,3.06818
85.0,1380.0,3.01136
85.0833,1324.0,2.89773
85.1667,1315.0,2.89773
85.25,1364.0,2.78409
85.3333,1345.0,2.61364
85.4167,1264.0,3.18182
85.5,1280.0,3.125
85.5,1306.0,3.125
85.5833,1299.0,1.36364
85.5833,1294.0,1.36364
85.6667,1347.0,1.47727
85.6667,1361.0,1.47727
85.75,1343.0,1.47727
85.8333,1341.0,1.02273
85.9167,1327.0,2.95454
86.0,1299.0,2.44318
86.0833,1281.0,3.23864
86.1667,1277.0,2.89773
86.25,1312.0,3.23864
86.3333,1338.0,3.01136
86.4167,1358.0,2.44318
86.5,1355.0,3.18182
86.5833,1330.0,3.29545
86.6667,1331.0,3.01136
86.75,1332.0,3.01136
86.8333,1322.0,2.78409
86.9167,1328.0,2.61364
87.0,1363.0,3.69318
87.0833,1377.0,3.01136
87.1667,1386.0,2.67045
87.25,1388.0,2.84091
87.3333,1382.0,3.23864
87.4167,1384.0,2.55682
87.5,1389.0,2.55682
87.5833,1382.0,3.80682
87.6667,1382.0,2.61364
87.75,1377.0,2.95454
87.75,1376.0,2.95454
87.8333,1378.0,1.42045
87.9167,1349.0,2.67045
88.0,1333.0,3.18182
88.0833,1311.0,3.06818
88.1667,1297.0,2.89773
88.25,1304.0,3.01136
88.3333,1313.0,2.61364
88.4167,1323.0,3.18182
88.5,1327.0,2.84091
88.5833,1334.0,2.67045
88.75,1333.0,2.67045
88.8333,1334.0,2.95454
88.9167,1342.0,2.89773
88.9167,1346.0,2.84091
89.0,1345.0,2.67045
89.0833,1356.0,2.95454
89.0833,1363.0,2.95454
89.0833,1369.0,2.95454
89.1667,1364.0,0.965909
89.25,1348.0,2.89773
89.3333,1348.0,2.61364
89.3333,1344.0,2.61364
89.4167,1330.0,1.47727
89.5833,1322.0,2.72727
89.5833,1321.0,3.29545
89.6667,1298.0,2.61364
89.8333,1285.0,2.72727
89.9167,1278.0,3.75
90.0,1278.0,2.5
90.0833,1213.0,3.23864
90.0833,1219.0,2.89773
90.1667,1236.0,2.89773
90.1667,1250.0,1.30682
90.1667,1267.0,1.30682
90.25,1275.0,1.30682
90.3333,1270.0,1.02273
90.4167,1255.0,2.67045
90.4167,1253.0,3.18182
90.5,1257.0,3.18182
90.5833,1250.0,1.30682
90.6667,1250.0,3.23864
90.6667,1253.0,2.61364
90.6667,1259.0,2.61364
90.75,1248.0,2.61364
90.8333,1248.0,1.02273
90.9167,1241.0,3.01136
91.0,1225.0,2.95454
91.0833,1210.0,2.95454
91.1667,1182.0,3.18182
91.25,1168.0,3.23864
91.3333,1155.0,2.84091
91.3333,1144.0,2.84091
91.4167,1149.0,1.30682
91.4167,1133.0,1.30682
91.5,1116.0,1.59091
91.5833,1116.0,3.57954
91.6667,1126.0,2.5
91.8333,1147.0,3.01136
91.8333,1170.0,3.18182
91.8333,1191.0,3.18182
91.8333,1242.0,3.18182
91.8333,1273.0,3.18182
91.9167,1289.0,3.18182
91.9167,1305.0,0.568182
92.0,1316.0,0.568182
92.0833,1298.0,1.53409
92.1667,1287.0,3.125
92.25,1278.0,3.06818
92.3333,1275.0,2.67045
92.4167,1244.0,3.125
92.5,1233.0,3.18182
92.5833,1263.0,2.89773
92.6667,1278.0,2.89773
92.6667,1273.0,2.89773
92.75,1270.0,1.47727
92.8333,1262.0,3.63636
92.9167,1242.0,2.84091
93.0,1222.0,3.01136
93.0833,1190.0,2.78409
93.0833,1182.0,2.78409
93.25,1178.0,2.78409
93.3333,1173.0,3.57954
93.4167,1183.0,3.01136
93.4167,1183.0,2.55682
93.4167,1202.0,2.55682
93.5,1202.0,2.55682
93.5833,1211.0,1.02273
93.6667,1215.0,2.61364
93.75,1219.0,3.35227
93.8333,1207.0,2.95454
93.9167,1185.0,3.52273
94.0,1159.0,3.125
94.0833,1128.0,3.01136
94.1667,1092.0,2.78409
94.1667,1073.0,2.78409
94.25,1072.0,1.47727
94.4167,1083.0,3.40909
94.5,1084.0,3.52273
94.5833,1069.0,2.72727
94.5833,1071.0,3.125
94.6667,1091.0,3.125
94.75,1081.0,1.47727
94.8333,1076.0,3.125
94.9167,1067.0,3.125
94.9167,1058.0,2.61364
94.9167,1068.0,2.61364
95.0,1081.0,1.07955
95.0833,1076.0,2.55682
95.0833,1074.0,2.55682
95.1667,1076.0,1.70455
95.3333,1092.0,2.67045
95.4167,1092.0,3.40909
95.5,1096.0,2.95454
95.5833,1099.0,2.89773
95.5833,1104.0,3.40909
95.6667,1117.0,3.40909
95.75,1127.0,3.86364
95.8333,1124.0,2.84091
95.9167,1111.0,2.95454
96.0,1085.0,2.95454
96.0833,1089.0,3.23864
96.0833,1088.0,3.23864
96.1667,1074.0,1.36364
96.25,1066.0,3.40909
96.25,1077.0,3.40909
96.4167,1077.0,3.40909
96.5,1084.0,3.125
96.5,1084.0,2.84091
96.5,1083.0,2.84091
96.5,1078.0,2.84091
96.5833,1072.0,2.84091
96.6667,1071.0,0.738636
96.75,1080.0,3.23864
96.8333,1099.0,2.78409
96.8333,1111.0,2.78409
96.9167,1127.0,2.78409
97.0,1140.0,3.18182
97.0833,1146.0,2.95454
97.0833,1152.0,2.95454
97.1667,1148.0,1.59091
97.1667,1142.0,1.59091
97.1667,1145.0,1.59091
97.25,1151.0,0.909091
97.3333,1152.0,3.40909
97.4167,1152.0,3.01136
97.4167,1157.0,3.01136
97.4167,1163.0,3.01136
97.4167,1159.0,3.01136
97.5,1155.0,0.738636
97.5833,1148.0,2.38636
97.6667,1133.0,2.84091
97.75,1125.0,2.84091
97.8333,1120.0,1.64773
97.9167,1111.0,2.72727
98.0,1107.0,3.52273
98.0,1117.0,2.84091
98.0833,1124.0,2.84091
98.1667,1140.0,1.36364
98.25,1157.0,3.23864
98.25,1165.0,2.61364
98.3333,1168.0,2.61364
98.4167,1177.0,1.47727
98.5,1189.0,2.95454
98.5833,1195.0,3.18182
98.6667,1204.0,2.32954
98.75,1225.0,3.06818
98.8333,1245.0,3.125
98.8333,1258.0,2.61364
98.8333,1258.0,2.61364
98.9167,1279.0,1.02273
99.0,1283.0,1.02273
99.0833,1254.0,2.38636
99.1667,1237.0,3.06818
99.25,1234.0,3.63636
99.3333,1212.0,2.67045
99.4167,1204.0,3.01136
99.5,1209.0,2.84091
99.5,1220.0,2.84091
99.5833,1246.0,1.36364
99.6667,1248.0,3.40909
99.75,1248.0,3.01136
99.8333,1244.0,2.72727
99.9167,1225.0,3.01136
100.0,1217.0,2.5
100.083,1216.0,3.29545
100.167,1214.0,2.32954
100.25,1228.0,2.78409
100.333,1246.0,3.18182
100.417,1257.0,2.44318
100.5,1273.0,2.84091
100.583,1272.0,3.125
100.667,1259.0,3.125
100.667,1273.0,3.125
100.75,1276.0,1.36364
100.833,1269.0,3.01136
100.917,1266.0,2.67045
101.0,1282.0,3.01136
101.083,1286.0,3.40909
101.167,1285.0,2.55682
101.25,1276.0,2.84091
101.333,1267.0,2.5
101.417,1268.0,3.125
101.5,1267.0,3.23864
101.5,1259.0,3.23864
101.583,1257.0,1.42045
101.583,1251.0,1.42045
101.667,1250.0,1.30682
101.75,1260.0,2.61364
101.833,1263.0,2.95454
101.917,1240.0,2.78409
102.0,1234.0,2.78409
102.083,1234.0,3.125
102.167,1231.0,2.72727
102.25,1232.0,2.89773
102.25,1210.0,2.89773
102.333,1213.0,1.36364
102.333,1224.0,1.36364
102.417,1229.0,1.36364
102.5,1235.0,3.63636
102.583,1237.0,2.72727
102.667,1242.0,2.84091
102.667,1254.0,2.84091
102.75,1274.0,2.84091
102.833,1282.0,1.30682
102.917,1283.0,2.84091
103.0,1288.0,2.95454
103.083,1301.0,2.95454
103.167,1324.0,2.55682
103.25,1320.0,3.125
103.25,1300.0,2.89773
103.25,1285.0,2.89773
103.333,1259.0,2.89773
103.417,1206.0,0.909091
103.5,1210.0,2.61364
103.583,1226.0,2.84091
103.667,1246.0,2.95454
103.667,1255.0,2.72727
103.667,1290.0,2.72727
103.75,1325.0,1.30682
103.833,1336.0,2.67045
104.0,1330.0,3.01136
104.083,1332.0,3.125
104.167,1328.0,2.95454
104.167,1323.0,2.67045
104.25,1327.0,2.44318
104.333,1339.0,2.67045
104.333,1334.0,2.67045
104.417,1339.0,1.42045
104.5,1360.0,2.89773
104.583,1395.0,3.18182
104.667,1391.0,2.55682
104.75,1368.0,2.61364
104.833,1363.0,2.27273
104.917,1363.0,3.23864
105.0,1359.0,2.95454
105.083,1346.0,2.44318
105.167,1337.0,2.84091
105.25,1327.0,2.84091
105.333,1310.0,2.78409
105.417,1279.0,2.67045
105.5,1280.0,2.84091
105.583,1304.0,2.78409
105.667,1312.0,2.55682
105.75,1286.0,3.35227
105.833,1303.0,2.72727
105.917,1347.0,2.67045
105.917,1356.0,2.84091
105.917,1335.0,2.84091
106.0,1325.0,2.84091
106.083,1326.0,0.909091
106.167,1321.0,3.23864
106.25,1307.0,2.78409
106.333,1254.0,2.55682
106.417,1255.0,2.78409
106.417,1283.0,2.61364
106.417,1316.0,2.61364
106.417,1363.0,2.61364
106.5,1382.0,0.909091
106.583,1352.0,2.72727
106.667,1344.0,2.44318
106.75,1352.0,2.78409
106.833,1328.0,2.95454
106.917,1324.0,2.72727
107.0,1322.0,3.29545
107.083,1309.0,2.21591
107.167,1288.0,3.63636
107.25,1288.0,2.44318
107.333,1281.0,3.125
107.417,1270.0,2.72727
107.417,1258.0,2.72727
107.417,1258.0,2.72727
107.417,1257.0,2.72727
107.5,1268.0,2.72727
107.583,1279.0,0.681818
107.667,1271.0,3.06818
107.75,1264.0,2.67045
107.833,1264.0,2.78409
107.833,1276.0,2.67045
107.833,1274.0,2.67045
107.833,1305.0,2.67045
107.917,1316.0,0.852273
107.917,1315.0,0.852273
108.0,1317.0,1.19318
108.083,1337.0,2.89773
108.167,1386.0,2.84091
108.167,1392.0,2.84091
108.25,1389.0,1.36364
108.333,1403.0,1.36364
108.417,1427.0,2.27273
108.5,1431.0,3.06818
108.583,1431.0,2.32954
108.667,1443.0,3.01136
108.667,1447.0,2.5
108.667,1474.0,2.5
108.75,1487.0,1.13636
108.833,1495.0,1.13636
108.917,1505.0,2.5
109.0,1513.0,2.44318
109.083,1537.0,2.72727
109.167,1556.0,2.61364
109.167,1541.0,2.38636
109.25,1492.0,2.32954
109.25,1497.0,2.32954
109.25,1502.0,2.32954
109.25,1482.0,2.32954
109.25,1469.0,2.32954
109.333,1511.0,0.568182
109.417,1527.0,2.5
109.5,1522.0,2.5
109.583,1530.0,2.27273
109.583,1622.0,2.55682
109.583,1679.0,2.55682
109.667,1711.0,1.13636
109.75,1752.0,2.27273
109.833,1801.0,3.06818
109.917,1799.0,3.06818
110.0,1759.0,1.98864
110.0,1705.0,2.72727
110.083,1693.0,2.32954
110.083,1693.0,2.32954
110.167,1679.0,2.32954
110.25,1613.0,1.02273
110.25,1541.0,2.5
110.333,1512.0,2.27273
110.417,1560.0,2.5
110.5,1546.0,2.5
110.583,1509.0,2.21591
110.583,1513.0,2.10227
110.667,1545.0,2.10227
110.667,1592.0,2.10227
110.75,1624.0,2.10227
110.75,1640.0,1.07955
110.75,1630.0,1.07955
110.833,1623.0,1.07955
110.833,1623.0,0.965909
110.917,1649.0,1.98864
110.917,1684.0,1.98864
111.0,1709.0,1.98864
111.0,1741.0,1.13636
111.083,1743.0,1.13636
111.167,1721.0,1.64773
111.167,1691.0,2.38636
111.25,1662.0,1.93182
111.333,1660.0,1.93182
111.333,1654.0,1.875
111.417,1666.0,2.04545
111.5,1677.0,2.04545
111.5,1671.0,2.21591
111.583,1672.0,1.93182
111.583,1669.0,1.93182
111.583,1683.0,1.93182
111.667,1723.0,0.852273
111.75,1744.0,0.852273
111.75,1752.0,1.875
111.833,1791.0,1.98864
111.833,1870.0,1.98864
111.917,1896.0,1.64773
112.0,1906.0,2.15909
112.0,1891.0,2.15909
112.0,1877.0,2.15909
112.0,1883.0,2.15909
112.0,1883.0,2.15909
112.083,1868.0,2.15909
112.083,1869.0,0.568182
112.167,1866.0,1.875
112.167,1899.0,1.875
112.167,1919.0,1.875
112.25,1935.0,1.875
112.25,1977.0,0.795454
112.333,1998.0,1.81818
112.417,1967.0,1.81818
112.417,1953.0,1.70455
112.5,1935.0,1.76136
112.5,1902.0,1.76136
112.5,1858.0,1.76136
112.583,1846.0,1.76136
112.583,1824.0,0.852273
112.667,1824.0,0.852273
112.667,1857.0,1.59091
112.75,1848.0,1.76136
112.833,1865.0,1.76136
112.833,1861.0,1.70455
112.917,1819.0,1.70455
112.917,1822.0,1.59091
113.0,1819.0,1.64773
113.0,1836.0,1.64773
113.083,1869.0,1.47727
113.167,1820.0,1.47727
113.167,1848.0,1.875
113.25,1856.0,1.875
113.25,1761.0,1.64773
113.333,1748.0,1.64773
113.417,1740.0,1.64773
113.417,1736.0,1.70455
113.5,1772.0,1.70455
113.5,1774.0,1.64773
113.583,1754.0,1.64773
113.667,1762.0,1.59091
113.667,1709.0,2.04545
113.75,1699.0,2.04545
113.75,1744.0,1.76136
113.75,1703.0,1.76136
113.75,1750.0,1.76136
113.833,1792.0,0.795454
113.917,1792.0,0.795454
113.917,1818.0,1.76136
114.0,1915.0,1.70455
114.0,1868.0,1.70455
114.083,1785.0,1.81818
114.167,1801.0,1.81818
114.167,1772.0,1.70455
114.25,1723.0,1.76136
114.333,1744.0,1.76136
114.333,1760.0,1.70455
114.417,1796.0,1.93182
114.417,1815.0,1.93182
114.5,1808.0,1.64773
114.583,1843.0,1.64773
114.583,1881.0,1.81818
114.667,1870.0,1.70455
114.667,1860.0,1.70455
114.75,1839.0,1.70455
114.833,1788.0,1.70455
114.833,1707.0,1.70455
114.917,1686.0,1.70455
114.917,1685.0,1.70455
115.0,1706.0,1.70455
115.083,1754.0,1.70455
115.083,1792.0,1.70455
115.167,1814.0,1.70455
115.167,1822.0,1.70455
115.25,1845.0,1.70455
115.333,1856.0,1.70455
115.333,1856.0,1.59091
115.417,1824.0,1.93182
115.5,1800.0,1.93182
115.5,1785.0,1.70455
115.583,1791.0,1.70455
115.583,1784.0,1.64773
115.667,1781.0,1.70455
115.667,1792.0,1.70455
115.75,1800.0,1.59091
115.833,1812.0,1.59091
115.833,1816.0,1.875
115.917,1825.0,1.70455
116.0,1840.0,1.70455
116.0,1837.0,1.81818
116.083,1837.0,1.81818
116.083,1836.0,1.64773
116.167,1859.0,1.70455
116.167,1848.0,1.70455
116.25,1802.0,1.64773
116.333,1777.0,1.64773
116.333,1752.0,1.93182
116.417,1754.0,1.70455
116.5,1816.0,1.70455
116.5,1890.0,1.76136
116.583,1956.0,1.81818
116.583,1977.0,1.81818
116.667,1990.0,1.53409
116.75,1989.0,1.53409
116.75,1973.0,2.15909
116.833,1974.0,1.81818
116.917,1924.0,1.81818
116.917,1907.0,1.875
117.0,1919.0,1.81818
117.083,1928.0,1.81818
117.083,1939.0,1.81818
117.167,1954.0,1.81818
117.167,1963.0,1.81818
117.25,1946.0,1.64773
117.25,1896.0,1.64773
117.333,1788.0,1.64773
117.333,1717.0,1.02273
117.417,1657.0,1.02273
117.417,1649.0,1.81818
117.5,1655.0,1.81818
117.5,1749.0,1.81818
117.5,1820.0,1.81818
117.583,1889.0,0.909091
117.667,1943.0,0.909091
117.667,1923.0,1.93182
117.75,1874.0,1.76136
117.833,1847.0,1.76136
117.833,1780.0,1.98864
117.917,1650.0,1.875
118.0,1551.0,1.875
118.0,1577.0,1.98864
118.083,1586.0,1.875
118.167,1586.0,1.875
118.167,1606.0,1.875
118.25,1653.0,1.875
118.333,1743.0,1.875
118.333,1835.0,1.53409
118.417,1875.0,2.55682
118.5,1861.0,2.55682
118.5,1869.0,1.98864
118.583,1819.0,1.76136
118.667,1734.0,1.76136
118.667,1675.0,1.98864
118.75,1623.0,1.875
118.833,1618.0,1.875
118.833,1659.0,1.76136
118.917,1696.0,1.98864
119.0,1701.0,1.98864
119.0,1747.0,1.93182
119.083,1803.0,1.81818
119.167,1866.0,1.81818
119.167,1866.0,1.81818
119.25,1717.0,1.875
119.333,1665.0,1.875
119.333,1636.0,1.98864
119.417,1599.0,1.875
119.5,1658.0,1.875
119.5,1697.0,1.98864
119.583,1706.0,1.47727
119.667,1713.0,1.47727
119.667,1710.0,2.5
119.75,1713.0,1.93182
119.833,1731.0,1.98864
119.917,1726.0,1.98864
119.917,1701.0,1.98864
120.0,1672.0,1.98864
120.083,1662.0,1.70455
120.083,1646.0,2.15909
120.167,1626.0,1.93182
120.25,1662.0,1.93182
120.25,1697.0,1.76136
120.333,1724.0,2.10227
120.417,1741.0,2.10227
120.417,1768.0,1.875
120.5,1765.0,1.875
120.583,1765.0,1.875
120.583,1767.0,2.04545
120.667,1670.0,1.93182
120.667,1665.0,1.93182
120.667,1692.0,1.93182
120.667,1702.0,1.93182
120.75,1734.0,1.93182
120.75,1764.0,0.625
120.75,1783.0,0.625
120.833,1759.0,0.625
120.917,1729.0,0.909091
120.917,1725.0,2.44318
121.0,1717.0,1.98864
121.083,1702.0,1.98864
121.083,1707.0,1.98864
121.083,1707.0,1.98864
121.167,1695.0,1.98864
121.167,1693.0,0.965909
121.167,1689.0,0.965909
121.25,1701.0,0.965909
121.333,1703.0,0.965909
121.333,1684.0,2.21591
121.417,1703.0,1.93182
121.5,1713.0,1.93182
121.5,1704.0,2.04545
121.5,1702.0,2.04545
121.583,1733.0,2.04545
121.583,1731.0,0.909091
121.667,1712.0,2.5
121.75,1712.0,2.5
121.833,1707.0,1.98864
121.833,1715.0,2.04545
121.917,1730.0,1.875
121.917,1748.0,1.875
121.917,1760.0,1.875
122.0,1774.0,0.965909
122.083,1769.0,0.965909
122.083,1766.0,1.93182
122.167,1765.0,1.81818
122.167,1726.0,1.81818
122.167,1713.0,1.81818
122.25,1698.0,0.909091
122.333,1630.0,0.909091
122.333,1630.0,2.04545
122.333,1648.0,2.04545
122.333,1664.0,2.04545
122.417,1633.0,0.909091
122.5,1651.0,2.10227
122.5,1700.0,2.10227
122.583,1734.0,1.64773
122.667,1790.0,2.04545
122.667,1841.0,2.04545
122.75,1855.0,1.875
122.833,1807.0,1.875
122.833,1770.0,1.70455
122.917,1762.0,1.98864
123.0,1756.0,1.98864
123.0,1749.0,1.875
123.083,1807.0,1.59091
123.167,1827.0,1.59091
123.167,1827.0,2.10227
123.25,1863.0,1.76136
123.333,1947.0,1.76136
123.333,1978.0,1.98864
123.417,1979.0,1.875
123.5,1941.0,1.875
123.5,1930.0,1.93182
123.583,1958.0,1.98864
123.583,1925.0,1.98864
123.583,1889.0,1.98864
123.583,1886.0,1.98864
123.667,1883.0,1.98864
123.667,1880.0,0.625
123.667,1868.0,0.625
123.667,1849.0,0.625
123.667,1847.0,0.625
123.75,1837.0,0.625
123.75,1812.0,0.625
123.75,1785.0,0.625
123.833,1758.0,0.625
123.833,1704.0,0.909091
123.833,1698.0,0.909091
123.917,1719.0,0.909091
123.917,1734.0,0.909091
124.0,1753.0,1.76136
124.083,1753.0,1.76136
124.083,1757.0,1.98864
124.167,1737.0,1.875
124.25,1744.0,1.875
124.25,1773.0,1.81818
124.333,1752.0,1.93182
124.333,1739.0,1.93182
124.417,1719.0,1.47727
124.5,1714.0,2.27273
124.583,1755.0,2.27273
124.583,1729.0,1.875
124.667,1721.0,1.875
124.667,1755.0,1.76136
124.75,1783.0,1.875
124.833,1786.0,1.875
124.833,1785.0,1.70455
124.917,1778.0,1.70455
125.0,1769.0,1.53409
125.0,1724.0,2.10227
125.083,1735.0,1.76136
125.083,1762.0,1.76136
125.167,1787.0,1.70455
125.25,1902.0,1.70455
125.25,1879.0,1.70455
125.333,1867.0,1.70455
125.333,1861.0,1.70455
125.417,1761.0,1.76136
125.5,1734.0,1.76136
125.5,1700.0,1.70455
125.583,1699.0,1.81818
125.667,1683.0,1.81818
125.667,1702.0,1.70455
125.75,1726.0,1.70455
125.75,1747.0,1.64773
125.833,1746.0,1.875
125.917,1723.0,1.875
125.917,1776.0,1.70455
126.0,1827.0,1.76136
126.0,1818.0,1.76136
126.083,1759.0,1.76136
126.167,1752.0,1.76136
126.167,1759.0,1.76136
126.25,1767.0,1.76136
126.333,1767.0,1.76136
126.333,1767.0,1.70455
126.417,1786.0,1.70455
126.417,1819.0,1.76136
126.5,1806.0,1.53409
126.583,1771.0,1.53409
126.583,1759.0,2.04545
126.667,1726.0,1.70455
126.667,1629.0,1.70455
126.75,1599.0,1.70455
126.833,1628.0,1.36364
126.833,1669.0,2.04545
126.917,1674.0,1.875
126.917,1692.0,1.875
127.0,1753.0,1.53409
127.0,1808.0,1.53409
127.083,1873.0,1.64773
127.167,1896.0,1.64773
127.167,1848.0,1.64773
127.25,1799.0,1.64773
127.25,1749.0,1.64773
127.333,1731.0,1.70455
127.417,1763.0,1.70455
127.417,1790.0,1.70455
127.417,1770.0,1.70455
127.417,1801.0,1.70455
127.5,1873.0,0.795454
127.5,1886.0,0.795454
127.583,1868.0,1.64773
127.667,1888.0,1.64773
127.667,1899.0,1.81818
127.75,1882.0,1.70455
127.75,1855.0,1.70455
127.833,1842.0,1.59091
127.917,1845.0,1.59091
127.917,1829.0,1.64773
128.0,1816.0,1.64773
128.0,1822.0,1.47727
128.083,1824.0,1.875
128.083,1825.0,1.875
128.167,1842.0,1.64773
128.25,1869.0,1.64773
128.25,1873.0,1.47727
128.333,1873.0,1.47727
128.333,1867.0,1.47727
128.417,1853.0,1.98864
128.417,1832.0,1.98864
128.417,1795.0,1.98864
128.417,1779.0,1.98864
128.5,1785.0,0.738636
128.5,1772.0,0.738636
128.583,1718.0,1.42045
128.667,1702.0,1.42045
128.667,1697.0,1.47727
128.75,1692.0,1.47727
128.75,1707.0,1.64773
128.833,1741.0,1.64773
128.833,1742.0,1.53409
128.917,1745.0,1.53409
128.917,1724.0,1.30682
129.0,1723.0,1.64773
129.0,1727.0,1.64773
129.0,1722.0,1.64773
129.0,1728.0,1.64773
129.083,1731.0,1.64773
129.083,1736.0,0.681818
129.167,1742.0,1.76136
129.167,1737.0,1.76136
129.25,1724.0,1.36364
129.25,1704.0,1.36364
129.333,1705.0,1.47727
129.333,1705.0,1.47727
129.417,1693.0,1.42045
129.5,1713.0,1.42045
129.5,1728.0,1.70455
129.583,1720.0,1.70455
129.583,1730.0,1.47727
129.583,1747.0,1.47727
129.667,1746.0,1.13636
129.75,1752.0,1.13636
129.75,1755.0,1.76136
129.833,1764.0,1.76136
129.833,1759.0,1.47727
129.917,1747.0,1.47727
129.917,1753.0,1.59091
129.917,1753.0,1.59091
130.0,1753.0,1.07955
130.083,1726.0,1.07955
130.083,1725.0,1.93182
130.083,1720.0,1.93182
130.167,1716.0,1.13636
130.25,1725.0,1.13636
130.25,1769.0,1.64773
130.25,1797.0,1.64773
130.25,1796.0,1.64773
130.25,1773.0,1.64773
130.333,1758.0,0.681818
130.333,1738.0,0.681818
130.333,1703.0,0.681818
130.333,1667.0,0.681818
130.417,1682.0,0.681818
130.417,1718.0,0.681818
130.417,1745.0,0.681818
130.417,1770.0,0.681818
130.417,1757.0,0.681818
130.417,1745.0,0.681818
130.5,1748.0,0.454545
130.5,1733.0,0.454545
130.5,1728.0,0.454545
130.583,1749.0,1.07955
130.583,1770.0,1.07955
130.667,1814.0,1.30682
130.75,1833.0,1.30682
130.75,1845.0,1.64773
130.75,1840.0,1.64773
130.833,1822.0,1.13636
130.833,1808.0,1.13636
130.917,1803.0,1.42045
130.917,1798.0,1.42045
131.0,1807.0,1.42045
131.0,1826.0,1.19318
131.083,1843.0,1.19318
131.083,1846.0,1.47727
131.083,1835.0,1.47727
131.167,1824.0,1.13636
131.167,1807.0,1.13636
131.167,1791.0,1.13636
131.167,1785.0,1.13636
131.167,1785.0,1.13636
131.167,1786.0,1.13636
131.167,1786.0,1.13636
131.167,1782.0,1.13636
131.167,1780.0,1.13636
131.167,1782.0,1.13636
131.25,1760.0,1.13636
131.25,1744.0,0.284091
131.25,1747.0,0.284091
131.25,1736.0,0.284091
131.25,1727.0,0.284091
131.25,1730.0,0.284091
131.25,1737.0,0.284091
131.25,1738.0,0.284091
131.25,1737.0,0.284091
131.333,1716.0,0.340909
131.333,1696.0,0.340909
131.333,1636.0,0.340909
131.333,1611.0,0.340909
131.333,1646.0,0.340909
131.417,1648.0,0.568182
131.417,1646.0,0.568182
131.5,1662.0,0.568182
131.5,1632.0,1.13636
131.583,1629.0,1.13636
131.583,1626.0,1.19318
131.583,1640.0,1.19318
131.667,1687.0,1.19318
131.667,1687.0,1.19318
131.75,1684.0,1.19318
131.75,1672.0,1.19318
131.833,1667.0,1.19318
131.833,1686.0,1.30682
131.833,1707.0,1.30682
131.917,1714.0,1.13636
131.917,1731.0,1.13636
132.0,1679.0,1.13636
132.0,1622.0,1.19318
132.083,1593.0,1.19318
132.083,1501.0,1.25
132.083,1450.0,1.25
132.167,1452.0,1.25
132.167,1451.0,1.02273
132.167,1451.0,1.02273
132.25,1472.0,1.19318
132.25,1506.0,1.19318
132.333,1534.0,1.19318
132.333,1574.0,1.13636
132.333,1567.0,1.13636
132.417,1552.0,1.07955
132.417,1535.0,1.07955
132.417,1513.0,1.07955
132.5,1513.0,0.909091
132.5,1517.0,0.909091
132.5,1499.0,0.909091
132.5,1483.0,0.909091
132.5,1477.0,0.909091
132.583,1479.0,0.909091
132.583,1576.0,0.511364
132.583,1602.0,0.511364
132.667,1602.0,1.19318
132.667,1601.0,1.19318
132.667,1584.0,1.19318
132.75,1559.0,0.965909
132.75,1526.0,0.965909
132.833,1486.0,0.965909
132.833,1454.0,0.965909
132.833,1424.0,0.965909
132.917,1451.0,0.965909
132.917,1486.0,0.909091
132.917,1520.0,0.909091
133.0,1549.0,0.909091
133.0,1563.0,1.13636
133.0,1562.0,1.13636
133.0,1563.0,1.13636
133.0,1507.0,1.13636
133.0,1449.0,1.13636
133.083,1467.0,0.511364
133.083,1484.0,0.511364
133.083,1504.0,0.511364
133.167,1569.0,1.02273
133.167,1561.0,1.02273
133.25,1551.0,1.02273
133.25,1551.0,1.02273
133.25,1556.0,1.02273
133.333,1556.0,1.13636
133.333,1546.0,1.13636
133.333,1496.0,1.13636
133.417,1483.0,1.02273
133.417,1496.0,1.02273
133.5,1451.0,1.02273
133.5,1473.0,1.02273
133.5,1497.0,1.02273
133.5,1480.0,1.02273
133.5,1547.0,1.02273
133.5,1576.0,1.02273
133.583,1584.0,0.511364
133.583,1622.0,0.511364
133.667,1614.0,1.19318
133.667,1599.0,1.19318
133.667,1599.0,1.19318
133.75,1573.0,0.965909
133.75,1558.0,0.965909
133.833,1555.0,0.965909
133.833,1542.0,1.13636
133.833,1550.0,1.13636
133.833,1562.0,1.13636
133.833,1552.0,1.13636
133.833,1536.0,1.13636
133.833,1509.0,1.13636
133.833,1501.0,1.13636
133.833,1496.0,1.13636
133.917,1430.0,0.340909
133.917,1428.0,0.340909
134.0,1466.0,1.25
134.0,1449.0,1.25
134.0,1478.0,1.25
134.0,1509.0,1.25
134.0,1531.0,1.25
134.083,1558.0,1.25
134.083,1555.0,0.511364
134.083,1551.0,0.511364
134.083,1550.0,0.511364
134.083,1521.0,0.511364
134.083,1512.0,0.511364
134.167,1520.0,0.511364
134.167,1498.0,0.454545
134.167,1498.0,0.454545
134.167,1498.0,0.454545
134.167,1511.0,0.454545
134.167,1542.0,0.454545
134.25,1561.0,0.454545
134.25,1565.0,0.511364
134.25,1564.0,0.511364
134.25,1569.0,0.511364
134.25,1569.0,0.511364
134.25,1574.0,0.511364
134.25,1572.0,0.511364
134.25,1548.0,0.511364
134.25,1520.0,0.511364
134.25,1509.0,0.511364
134.25,1512.0,0.511364
134.25,1512.0,0.511364
134.25,1525.0,0.511364
134.25,1545.0,0.511364
134.25,1580.0,0.511364
134.25,1593.0,0.511364
134.25,1585.0,0.511364
134.25,1553.0,0.511364
134.25,1541.0,0.511364
134.333,1535.0,0.511364
134.333,1512.0,0.170455
134.333,1527.0,0.170455
134.333,1561.0,0.170455
134.417,1570.0,0.795454
134.417,1596.0,0.795454
134.5,1620.0,0.795454
134.5,1711.0,1.02273
134.5,1751.0,1.02273
134.5,1742.0,1.02273
134.583,1716.0,0.795454
134.583,1759.0,0.795454
134.583,1741.0,0.795454
134.667,1714.0,0.795454
134.667,1718.0,0.852273
134.667,1683.0,0.852273
134.667,1637.0,0.852273
134.75,1635.0,0.795454
134.75,1646.0,0.795454
134.75,1665.0,0.795454
134.75,1695.0,0.795454
134.833,1695.0,0.795454
134.833,1737.0,0.795454
134.833,1766.0,0.795454
134.833,1768.0,0.795454
134.833,1771.0,0.795454
134.833,1738.0,0.795454
134.833,1697.0,0.795454
134.833,1658.0,0.795454
134.833,1637.0,0.795454
134.917,1691.0,0.284091
134.917,1721.0,0.284091
134.917,1694.0,0.284091
134.917,1677.0,0.284091
134.917,1668.0,0.284091
135.0,1660.0,0.568182
135.0,1651.0,0.568182
135.0,1644.0,0.568182
135.0,1629.0,0.568182
135.0,1601.0,0.568182
135.083,1585.0,0.568182
135.083,1587.0,0.568182
135.083,1616.0,0.568182
135.083,1637.0,0.568182
135.083,1644.0,0.568182
135.083,1652.0,0.568182
135.083,1659.0,0.568182
135.083,1648.0,0.568182
135.083,1646.0,0.568182
135.083,1594.0,0.568182
135.083,1570.0,0.568182
135.167,1568.0,0.568182
135.167,1578.0,0.227273
135.167,1601.0,0.227273
135.167,1644.0,0.227273
135.167,1669.0,0.227273
135.167,1649.0,0.227273
135.167,1653.0,0.227273
135.167,1672.0,0.227273
135.25,1660.0,0.397727
135.25,1620.0,0.397727
135.25,1620.0,0.397727
135.25,1620.0,0.397727
135.25,1620.0,0.397727
135.25,1618.0,0.397727
135.25,1617.0,0.397727
135.25,1628.0,0.397727
135.25,1632.0,0.397727
135.25,1633.0,0.397727
135.25,1638.0,0.397727
135.333,1665.0,0.397727
135.333,1674.0,0.227273
135.333,1678.0,0.227273
135.333,1678.0,0.227273
135.333,1675.0,0.227273
135.333,1682.0,0.227273
135.333,1672.0,0.227273
135.333,1672.0,0.227273
135.333,1676.0,0.227273
135.333,1697.0,0.227273
135.333,1725.0,0.227273
135.333,1754.0,0.227273
135.333,1806.0,0.227273
135.333,1787.0,0.227273
135.333,1726.0,0.227273
135.333,1697.0,0.227273
135.333,1695.0,0.227273
135.333,1706.0,0.227273
135.333,1726.0,0.227273
135.333,1748.0,0.227273
135.333,1771.0,0.227273
135.333,1771.0,0.227273
135.333,1846.0,0.227273
135.333,1899.0,0.227273
135.333,1897.0,0.227273
135.333,1870.0,0.227273
135.333,1861.0,0.227273
135.333,1858.0,0.227273
135.333,1849.0,0.227273
135.333,1873.0,0.227273
135.333,1895.0,0.227273
135.333,1951.0,0.227273
135.333,1971.0,0.227273
135.333,2001.0,0.227273
135.333,2049.0,0.227273
135.333,2059.0,0.227273
135.333,2059.0,0.227273
135.333,2131.0,0.227273
135.333,2179.0,0.227273
135.333,2133.0,0.227273
135.333,2027.0,0.227273
135.333,2017.0,0.227273
135.333,2062.0,0.227273
135.333,2106.0,0.227273
135.333,2149.0,0.227273
135.333,2234.0,0.227273
135.333,2159.0,0.227273
135.333,1794.0,0.227273
135.333,1539.0,0.227273
135.333,1039.0,0.227273
135.333,1008.0,0.227273
135.333,1009.0,0.0
135.333,987.0,0.0
135.333,975.0,0.0
135.333,1001.0,0.0
135.333,1016.0,0.0
135.333,1009.0,0.0
135.333,908.0,0.0
135.333,572.0,0.0
135.333,364.0,0.0
135.333,232.0,0.0
135.333,146.0,0.0
135.333,108.0,0.0
135.333,109.0,0.0
135.333,163.0,0.0
135.333,202.0,0.0
135.333,221.0,0.0
135.333,220.0,0.0
135.333,219.0,0.0
135.333,225.0,0.0
135.333,226.0,0.0
135.333,206.0,0.0
135.333,188.0,0.0
135.333,181.0,0.0
135.333,178.0,0.0
135.333,171.0,0.0
135.333,158.0,0.0
135.333,157.0,0.0
135.333,149.0,0.0
135.333,149.0,0.0
135.333,142.0,0.0
135.333,134.0,0.0
135.333,129.0,0.0
135.333,130.0,0.0
135.333,136.0,0.0
135.333,148.0,0.0
135.333,154.0,0.0
135.333,153.0,0.0
135.333,151.0,0.0
135.333,150.0,0.0
135.333,145.0,0.0
135.333,145.0,0.0
135.333,144.0,0.0
135.333,145.0,0.0
135.333,147.0,0.0
135.333,151.0,0.0
135.333,153.0,0.0
135.333,153.0,0.0
135.333,154.0,0.0
135.333,157.0,0.0
135.333,158.0,0.0
135.333,159.0,0.0
135.333,158.0,0.0
135.333,156.0,0.0
135.333,155.0,0.0
135.333,153.0,0.0
135.333,153.0,0.0
135.333,152.0,0.0
135.333,149.0,0.0
135.333,147.0,0.0
135.333,146.0,0.0
135.333,145.0,0.0
135.333,150.0,0.0
135.333,152.0,0.0
135.333,154.0,0.0
135.333,157.0,0.0
135.333,156.0,0.0
135.333,151.0,0.0
135.333,148.0,0.0
135.333,141.0,0.0
135.333,140.0,0.0
135.333,140.0,0.0
135.333,137.0,0.0
135.333,139.0,0.0
135.333,142.0,0.0
135.333,147.0,0.0
135.333,152.0,0.0
135.333,152.0,0.0
135.333,151.0,0.0
135.333,150.0,0.0
135.333,149.0,0.0
135.333,146.0,0.0
135.333,144.0,0.0
135.333,145.0,0.0
135.333,146.0,0.0
135.333,145.0,0.0
135.333,147.0,0.0
135.333,148.0,0.0
135.333,148.0,0.0
135.333,145.0,0.0
135.333,144.0,0.0
135.333,144.0,0.0
135.333,146.0,0.0
135.333,146.0,0.0
135.333,150.0,0.0
135.333,150.0,0.0
135.333,149.0,0.0
135.333,148.0,0.0
135.333,148.0,0.0
135.333,147.0,0.0
135.333,147.0,0.0
135.333,147.0,0.0
135.333,150.0,0.0
135.333,150.0,0.0
135.333,149.0,0.0
135.333,150.0,0.0
135.333,149.0,0.0
135.333,148.0,0.0
135.333,147.0,0.0
135.333,148.0,0.0
135.333,147.0,0.0
135.333,149.0,0.0
135.333,147.0,0.0
135.333,147.0,0.0
135.333,147.0,0.0
135.333,146.0,0.0
135.333,148.0,0.0
135.333,147.0,0.0
135.333,145.0,0.0
135.333,146.0,0.0
135.333,147.0,0.0
135.333,146.0,0.0
135.333,146.0,0.0
135.333,146.0,0.0
135.333,146.0,0.0
135.333,146.0,0.0
135.333,146.0,0.0
135.333,147.0,0.0
135.333,146.0,0.0
135.333,146.0,0.0
135.333,143.0,0.0
135.333,144.0,0.0
135.333,142.0,0.0
135.333,141.0,0.0
135.333,142.0,0.0
135.333,146.0,0.0
135.333,148.0,0.0
135.333,155.0,0.0
135.333,162.0,0.0
135.333,164.0,0.0
