0.0,0.0,0.0
0.0,0.0,0.0
0.0,0.0,0.0
0.0,0.0,0.0
0.0,0.0,0.0
0.0,0.0,0.0
0.0,0.0,0.0
0.0,0.0,0.0
0.0,0.0,0.0
0.0,0.0,0.0
0.0,0.0,0.0
0.0,0.0,0.0
0.0,0.0,0.0
0.0,0.0,0.0
0.0,0.0,0.0
0.0,0.0,0.0
0.0,0.0,0.0
0.0,0.0,0.0
0.0,0.0,0.0
0.0,0.0,0.0
0.0,0.0,0.0
0.0,0.0,0.0
0.0,0.0,0.0
0.0,0.0,0.0
0.0,0.0,0.0
0.0,0.0,0.0
0.0,0.0,0.0
0.0,0.0,0.0
0.0,0.0,0.0
0.0,0.0,0.0
0.0,0.0,0.0
0.0,0.0,0.0
0.0,0.0,0.0
0.0,0.0,0.0
0.0,0.0,0.0
0.0,0.0,0.0
0.0,0.0,0.0
0.0,0.0,0.0
0.0,0.0,0.0
0.0,0.0,0.0
0.0,0.0,0.0
0.0,0.0,0.0
0.0,0.0,0.0
0.0,0.0,0.0
0.0,0.0,0.0
0.0,0.0,0.0
0.0,0.0,0.0
0.0,0.0,0.0
0.0,0.0,0.0
0.0,0.0,0.0
0.0,0.0,0.0
0.0,0.0,0.0
0.0,0.0,0.0
0.0,0.0,0.0
0.0,0.0,0.0
0.0,0.0,0.0
0.0,0.0,0.0
0.0,0.0,0.0
0.0,0.0,0.0
0.0,0.0,0.0
0.0,0.0,0.0
0.0,0.0,0.0
0.0,0.0,0.0
0.0,0.0,0.0
0.0,0.0,0.0
0.0,0.0,0.0
0.0,0.0,0.0
0.0,0.0,0.0
0.0,0.0,0.0
0.0,0.0,0.0
0.0,0.0,0.0
0.0,0.0,0.0
0.0,0.0,0.0
0.0,0.0,0.0
0.0,0.0,0.0
0.0,0.0,0.0
0.0,0.0,0.0
0.0,0.0,0.0
0.0,0.0,0.0
0.0,0.0,0.0
0.0,0.0,0.0
0.0,0.0,0.0
0.0,0.0,0.0
0.0,0.0,0.0
0.0,0.0,0.0
0.0,0.0,0.0
0.0,0.0,0.0
0.0,0.0,0.0
0.0,0.0,0.0
0.0,0.0,0.0
0.0,0.0,0.0
0.0,0.0,0.0
0.0,0.0,0.0
0.0,0.0,0.0
0.0,0.0,0.0
0.0,0.0,0.0
0.0,0.0,0.0
0.0,0.0,0.0
0.0,0.0,0.0
0.0,0.0,0.0
0.0,0.0,0.0
0.0,0.0,0.0
0.0,0.0,0.0
0.0,0.0,0.0
0.0,0.0,0.0
0.0,0.0,0.0
0.0,0.0,0.0
0.0,0.0,0.0
0.0,0.0,0.0
0.0,0.0,0.0
0.0,0.0,0.0
0.0,0.0,0.0
0.0,0.0,0.0
0.0,0.0,0.0
0.0,0.0,0.0
0.0,0.0,0.0
0.0,0.0,0.0
0.0,0.0,0.0
0.0,0.0,0.0
0.0,0.0,0.0
0.0,0.0,0.0
0.0,0.0,0.0
0.0,0.0,0.0
0.0,0.0,0.0
0.0,0.0,0.0
0.0,0.0,0.0
0.0,0.0,0.0
0.0,0.0,0.0
0.0,0.0,0.0
0.0,0.0,0.0
0.0,0.0,0.0
0.0,0.0,0.0
0.0,0.0,0.0
0.0,0.0,0.0
0.0,0.0,0.0
0.0,0.0,0.0
0.0,0.0,0.0
0.0,0.0,0.0
0.0,0.0,0.0
0.0,0.0,0.0
0.0,0.0,0.0
0.0,0.0,0.0
0.0,0.0,0.0
0.0,0.0,0.0
0.0,0.0,0.0
0.0,0.0,0.0
0.0,0.0,0.0
0.0,0.0,0.0
0.0,0.0,0.0
0.0,0.0,0.0
0.0,0.0,0.0
0.0,0.0,0.0
0.0,0.0,0.0
0.0,0.0,0.0
0.0,0.0,0.0
0.0,0.0,0.0
0.0,0.0,0.0
0.0,0.0,0.0
0.0,0.0,0.0
0.0,0.0,0.0
0.0,0.0,0.0
0.0,0.0,0.0
0.0,0.0,0.0
0.0,0.0,0.0
0.0,0.0,0.0
0.0,0.0,0.0
0.0,0.0,0.0
0.0,0.0,0.0
0.0,0.0,0.0
0.0,0.0,0.0
0.0,0.0,0.0
0.0,0.0,0.0
0.0,0.0,0.0
0.0,0.0,0.0
0.0,0.0,0.0
0.0,0.0,0.0
0.0,0.0,0.0
0.0,0.0,0.0
0.0,0.0,0.0
0.0,0.0,0.0
0.0,0.0,0.0
0.0,0.0,0.0
0.0,0.0,0.0
0.0,0.0,0.0
0.0,0.0,0.0
0.0,0.0,0.0
0.0,0.0,0.0
0.0,0.0,0.0
0.0,0.0,0.0
0.0,0.0,0.0
0.0,0.0,0.0
0.0,0.0,0.0
0.0,0.0,0.0
0.0,0.0,0.0
0.0,0.0,0.0
0.0,0.0,0.0
0.0,0.0,0.0
0.0,0.0,0.0
0.0,0.0,0.0
0.0,0.0,0.0
0.0,0.0,0.0
0.0,0.0,0.0
0.0,0.0,0.0
0.0,0.0,0.0
0.0,0.0,0.0
0.0,0.0,0.0
0.0,0.0,0.0
0.0,0.0,0.0
0.0,0.0,0.0
0.0,61.0,0.0
0.0,229.0,0.0
0.0,447.0,0.0
0.0,420.0,0.0
0.0,383.0,0.0
0.0,375.0,0.0
0.0,411.0,0.0
0.0,396.0,0.0
0.0,368.0,0.0
0.0,363.0,0.0
0.0,376.0,0.0
0.0,371.0,0.0
0.0,371.0,0.0
0.0,367.0,0.0
0.0,375.0,0.0
0.0,387.0,0.0
0.0,386.0,0.0
0.0,391.0,0.0
0.0,406.0,0.0
0.0,427.0,0.0
0.0,439.0,0.0
0.0,444.0,0.0
0.0,444.0,0.0
0.0,448.0,0.0
0.0,457.0,0.0
0.0,461.0,0.0
0.0,463.0,0.0
0.0,462.0,0.0
0.0,471.0,0.0
0.0,491.0,0.0
0.0,507.0,0.0
0.0,532.0,0.0
0.0,556.0,0.0
0.0,585.0,0.0
0.0,595.0,0.0
0.0,598.0,0.0
0.0,621.0,0.0
0.0,676.0,0.0
0.0,771.0,0.0
0.0,783.0,0.0
0.0,786.0,0.0
0.0,785.0,0.0
0.0,878.0,0.0
0.0,929.0,0.0
0.0,960.0,0.0
0.0,974.0,0.0
0.0,993.0,0.0
0.0,981.0,0.0
0.0,945.0,0.0
0.0833333,934.0,0.0
0.0833333,969.0,0.0
0.0833333,1012.0,0.0
0.0833333,1048.0,0.0
0.0833333,1059.0,0.0
0.0833333,1056.0,0.0
0.0833333,1055.0,0.0
0.0833333,1055.0,0.0
0.0833333,1087.0,0.0
0.0833333,1137.0,0.0
0.0833333,1239.0,0.0
0.0833333,1475.0,0.0
0.166667,1569.0,0.0
0.166667,1565.0,0.0
0.166667,1420.0,0.0
0.166667,1255.0,0.0
0.166667,1255.0,0.0
0.166667,1286.0,0.0
0.166667,1278.0,0.0
0.166667,1288.0,0.0
0.25,1295.0,0.340909
0.25,1294.0,0.340909
0.25,1346.0,0.340909
0.25,1431.0,0.340909
0.25,1559.0,0.340909
0.25,1609.0,0.340909
0.333333,1437.0,0.454545
0.333333,1377.0,0.454545
0.333333,1393.0,0.454545
0.333333,1364.0,0.454545
0.416667,1319.0,0.454545
0.416667,1305.0,0.568182
0.416667,1415.0,0.568182
0.416667,1527.0,0.568182
0.416667,1703.0,0.568182
0.5,1597.0,0.625
0.5,1446.0,0.625
0.5,1361.0,0.625
0.5,1570.0,0.625
0.583333,1675.0,0.738636
0.583333,1616.0,0.738636
0.583333,1571.0,0.738636
0.666667,1501.0,0.738636
0.666667,1553.0,0.795454
0.666667,1687.0,0.795454
0.666667,1705.0,0.795454
0.75,1548.0,0.852273
0.75,1343.0,0.852273
0.75,1338.0,0.852273
0.833333,1463.0,0.852273
0.833333,1548.0,0.852273
0.833333,1647.0,0.852273
0.916667,1785.0,0.852273
0.916667,1869.0,0.909091
0.916667,1945.0,0.909091
1.0,2025.0,0.909091
1.0,2041.0,0.965909
1.0,2034.0,0.965909
1.08333,2034.0,1.02273
1.08333,2047.0,1.02273
1.08333,2005.0,1.02273
1.16667,1893.0,1.07955
1.16667,1868.0,1.07955
1.25,1868.0,1.13636
1.25,1847.0,1.13636
1.33333,1842.0,1.13636
1.33333,1810.0,1.13636
1.33333,1796.0,1.13636
1.41667,1816.0,1.13636
1.41667,1836.0,1.13636
1.5,1821.0,1.13636
1.5,1789.0,1.30682
1.58333,1735.0,1.30682
1.58333,1706.0,1.25
1.58333,1741.0,1.25
1.66667,1730.0,1.19318
1.66667,1691.0,1.19318
1.75,1692.0,1.36364
1.75,1701.0,1.36364
1.83333,1675.0,1.42045
1.83333,1647.0,1.42045
1.83333,1636.0,1.42045
1.83333,1629.0,1.42045
1.91667,1619.0,0.681818
1.91667,1627.0,0.681818
1.91667,1655.0,0.681818
1.91667,1685.0,0.681818
1.91667,1670.0,0.681818
2.0,1670.0,0.681818
2.0,1662.0,0.568182
2.08333,1644.0,1.81818
2.16667,1645.0,1.81818
2.16667,1643.0,1.70455
2.25,1616.0,1.70455
2.33333,1581.0,1.70455
2.33333,1512.0,2.04545
2.41667,1457.0,1.93182
2.5,1440.0,1.93182
2.5,1446.0,2.04545
2.58333,1497.0,2.04545
2.66667,1580.0,2.15909
2.75,1580.0,2.15909
2.83333,1700.0,2.21591
2.83333,1725.0,2.32954
2.91667,1706.0,1.98864
3.0,1695.0,2.84091
3.08333,1652.0,2.84091
3.16667,1570.0,2.38636
3.25,1530.0,2.32954
3.33333,1536.0,2.84091
3.33333,1571.0,2.55682
3.33333,1653.0,2.55682
3.33333,1698.0,2.55682
3.33333,1679.0,2.55682
3.41667,1636.0,2.55682
3.5,1660.0,0.625
3.58333,1678.0,2.44318
3.58333,1657.0,3.125
3.66667,1630.0,3.125
3.75,1599.0,1.30682
3.75,1586.0,2.38636
3.83333,1552.0,2.55682
3.91667,1550.0,3.01136
4.0,1554.0,2.89773
4.0,1536.0,2.89773
4.08333,1554.0,1.25
4.16667,1593.0,3.46591
4.33333,1622.0,3.46591
4.41667,1642.0,3.125
4.41667,1669.0,3.01136
4.58333,1681.0,3.01136
4.66667,1675.0,3.23864
4.75,1676.0,3.40909
4.83333,1674.0,3.06818
4.91667,1615.0,3.29545
5.0,1567.0,3.63636
5.08333,1531.0,3.23864
5.25,1480.0,3.40909
5.33333,1422.0,3.40909
5.41667,1337.0,3.57954
5.5,1282.0,3.23864
5.58333,1235.0,3.40909
5.66667,1184.0,3.40909
5.66667,1158.0,3.40909
5.75,1158.0,3.40909
5.75,1154.0,1.13636
5.91667,1168.0,1.98864
6.0,1171.0,3.40909
6.08333,1171.0,3.40909
6.08333,1169.0,3.23864
6.25,1178.0,3.23864
6.33333,1176.0,3.57954
6.41667,1183.0,3.57954
6.5,1194.0,3.63636
6.58333,1217.0,3.80682
6.66667,1249.0,3.80682
6.75,1234.0,3.75
6.91667,1180.0,3.75
7.0,1018.0,3.40909
7.08333,993.0,3.97727
7.16667,1020.0,3.80682
7.33333,948.0,3.80682
7.41667,950.0,3.97727
7.41667,939.0,3.18182
7.58333,901.0,3.18182
7.66667,882.0,3.97727
7.66667,857.0,3.69318
7.83333,826.0,3.69318
7.83333,788.0,3.92045
7.91667,735.0,3.92045
7.91667,704.0,1.70455
8.08333,664.0,1.93182
8.16667,633.0,3.75
8.33333,623.0,3.75
8.41667,645.0,4.14773
8.5,680.0,3.40909
8.58333,682.0,3.57954
8.66667,666.0,3.57954
8.75,704.0,3.97727
8.83333,727.0,3.97727
8.91667,720.0,4.14773
9.08333,711.0,4.14773
9.16667,686.0,4.43182
9.25,683.0,3.75
9.33333,687.0,3.80682
9.33333,681.0,3.80682
9.41667,681.0,3.80682
9.41667,653.0,1.19318
9.58333,637.0,1.93182
9.66667,630.0,4.375
9.83333,635.0,3.86364
9.91667,624.0,3.80682
10.0,597.0,3.63636
10.1667,613.0,3.63636
10.25,618.0,4.375
10.3333,612.0,3.86364
10.4167,612.0,3.86364
10.5,638.0,4.09091
10.6667,669.0,4.09091
10.75,677.0,3.75
10.8333,633.0,3.75
10.8333,548.0,3.75
11.0,554.0,3.75
11.0,558.0,4.375
11.0833,541.0,1.93182
11.25,514.0,3.80682
11.3333,496.0,3.92045
11.4167,500.0,3.80682
11.5833,545.0,3.80682
11.5833,661.0,3.46591
11.6667,701.0,1.93182
11.8333,767.0,1.93182
11.9167,835.0,4.09091
11.9167,818.0,4.09091
12.0,701.0,4.09091
12.0833,748.0,1.19318
12.1667,889.0,4.88636
12.1667,911.0,4.88636
12.25,806.0,4.88636
12.3333,828.0,3.92045
12.3333,892.0,3.92045
12.5,889.0,3.92045
12.5833,866.0,3.97727
12.9167,894.0,3.86364
12.9167,900.0,3.23864
13.0,881.0,1.81818
13.0,888.0,1.81818
13.0833,888.0,1.30682
13.25,873.0,3.18182
13.3333,832.0,4.26136
13.4167,824.0,3.52273
13.5,822.0,3.80682
13.75,907.0,3.86364
13.8333,967.0,4.14773
14.0,977.0,4.14773
14.0833,1039.0,4.48864
14.1667,1039.0,3.69318
14.25,1005.0,3.23864
14.4167,964.0,3.23864
14.5,912.0,3.35227
14.5,892.0,3.92045
14.5833,871.0,1.59091
14.75,869.0,1.59091
14.8333,866.0,3.35227
14.9167,905.0,3.57954
15.0833,920.0,3.57954
15.0833,888.0,3.40909
15.0833,846.0,3.40909
15.25,825.0,3.40909
15.3333,815.0,4.31818
15.4167,795.0,3.97727
15.5,782.0,3.40909
15.6667,747.0,3.69318
15.75,679.0,3.92045
15.8333,655.0,3.52273
16.0,654.0,3.52273
16.0833,653.0,3.23864
16.1667,661.0,4.09091
16.3333,653.0,4.09091
16.4167,663.0,3.52273
16.4167,664.0,4.20454
16.5,654.0,1.93182
16.5,678.0,1.93182
16.5833,683.0,1.25
16.6667,684.0,3.125
16.6667,715.0,3.125
16.75,782.0,3.125
16.75,782.0,1.30682
16.9167,804.0,1.76136
17.0,800.0,3.69318
17.0833,833.0,4.26136
17.25,833.0,4.26136
17.3333,819.0,4.54545
17.5,791.0,3.97727
17.5833,743.0,3.92045
17.6667,700.0,3.86364
17.8333,708.0,3.86364
17.8333,700.0,4.03409
17.8333,697.0,4.03409
17.8333,714.0,4.03409
17.9167,720.0,0.909091
18.0,752.0,0.909091
18.0833,774.0,4.03409
18.1667,771.0,3.52273
18.25,772.0,1.93182
18.3333,781.0,3.23864
18.5,774.0,3.57954
18.5833,759.0,3.63636
18.5833,760.0,3.92045
18.75,761.0,3.92045
18.8333,751.0,3.80682
18.9167,735.0,4.48864
19.0,706.0,4.48864
19.0833,639.0,1.76136
19.3333,663.0,5.22727
19.4167,649.0,3.97727
19.5,624.0,4.09091
19.6667,609.0,3.92045
19.75,660.0,3.97727
19.8333,685.0,3.75
19.9167,670.0,3.75
20.0,631.0,1.98864
20.4167,505.0,3.75
20.4167,444.0,4.375
20.4167,429.0,4.375
20.5833,429.0,4.375
20.6667,407.0,4.43182
20.6667,400.0,4.43182
20.6667,401.0,4.43182
20.75,409.0,0.965909
20.8333,395.0,0.965909
20.9167,390.0,1.93182
21.0,395.0,4.09091
21.1667,401.0,4.09091
21.25,397.0,3.86364
21.3333,393.0,4.94318
21.3333,406.0,4.94318
21.4167,423.0,4.94318
21.5,441.0,3.69318
21.8333,450.0,4.20454
21.9167,484.0,4.20454
21.9167,487.0,4.20454
22.0,493.0,1.25
22.0833,500.0,3.86364
22.1667,500.0,3.86364
22.1667,508.0,1.93182
22.1667,514.0,1.93182
22.5833,534.0,1.76136
22.6667,531.0,1.76136
22.75,543.0,3.18182
22.8333,545.0,4.09091
22.9167,547.0,4.09091
23.0,556.0,4.09091
23.1667,567.0,3.97727
23.25,554.0,4.375
23.4167,540.0,3.92045
23.5,504.0,1.93182
23.5833,462.0,1.93182
23.6667,430.0,1.93182
23.75,426.0,3.35227
23.9167,421.0,3.35227
23.9167,421.0,3.97727
24.0833,404.0,3.97727
24.1667,398.0,4.77273
24.25,389.0,3.97727
24.4167,393.0,3.97727
24.5,418.0,4.88636
24.5833,433.0,3.92045
24.75,413.0,3.92045
24.75,375.0,3.75
24.75,363.0,3.75
24.9167,396.0,3.75
25.0,383.0,4.48864
25.0833,417.0,4.14773
25.1667,497.0,4.14773
25.25,521.0,3.92045
25.4167,519.0,3.92045
25.5,519.0,4.09091
25.5833,533.0,2.95454
25.6667,547.0,4.09091
25.8333,593.0,4.09091
25.9167,580.0,3.18182
26.0,575.0,4.88636
26.0,576.0,4.88636
26.0833,590.0,1.19318
26.1667,597.0,1.19318
26.1667,617.0,2.15909
26.1667,633.0,2.15909
26.1667,663.0,2.15909
26.25,686.0,2.15909
26.3333,676.0,3.97727
26.4167,669.0,3.97727
26.5,653.0,1.98864
26.5833,668.0,4.26136
26.75,669.0,4.26136
26.8333,672.0,4.09091
26.9167,682.0,3.18182
26.9167,692.0,3.18182
27.0,690.0,3.18182
27.0833,683.0,3.63636
27.1667,689.0,3.63636
27.25,690.0,1.875
27.25,718.0,3.80682
27.25,735.0,3.80682
27.25,735.0,3.80682
27.3333,752.0,0.738636
27.3333,761.0,0.738636
27.4167,774.0,0.738636
27.5,771.0,4.14773
27.5833,780.0,3.40909
27.75,782.0,3.40909
27.8333,781.0,3.63636
28.0,778.0,3.97727
28.0,779.0,4.48864
28.0833,785.0,1.93182
28.1667,795.0,3.01136
28.25,803.0,3.01136
28.25,801.0,2.15909
28.25,793.0,2.15909
28.3333,799.0,1.19318
28.3333,848.0,1.19318
28.4167,856.0,1.25
28.5,849.0,3.57954
28.5833,856.0,3.57954
28.6667,874.0,3.29545
28.8333,889.0,3.29545
28.9167,895.0,3.46591
29.0,893.0,4.09091
29.0833,887.0,4.09091
29.1667,913.0,1.81818
29.25,911.0,3.40909
29.3333,912.0,4.43182
29.4167,911.0,4.43182
29.5,898.0,4.03409
29.5833,884.0,3.46591
29.75,885.0,3.46591
29.8333,878.0,4.26136
29.8333,869.0,3.57954
30.0,866.0,3.57954
30.0833,849.0,4.09091
30.1667,846.0,3.57954
30.25,856.0,3.57954
30.3333,871.0,1.81818
30.5833,900.0,4.48864
30.6667,923.0,3.69318
30.6667,923.0,3.18182
30.8333,933.0,3.18182
30.9167,943.0,4.31818
31.0,973.0,2.95454
31.1667,975.0,2.95454
31.25,988.0,3.52273
31.3333,993.0,3.80682
31.5,1000.0,3.80682
31.5833,998.0,3.86364
31.6667,982.0,4.03409
31.8333,938.0,4.03409
31.8333,860.0,4.03409
31.9167,830.0,1.93182
32.0833,818.0,3.125
32.1667,830.0,4.94318
32.1667,841.0,3.52273
32.3333,855.0,3.52273
32.4167,875.0,3.29545
32.5,877.0,3.46591
32.5833,876.0,3.46591
32.6667,873.0,4.03409
32.75,865.0,3.80682
32.8333,848.0,3.52273
32.8333,810.0,3.52273
32.8333,799.0,3.52273
32.9167,812.0,3.52273
33.0,808.0,0.738636
33.0833,809.0,4.26136
33.25,829.0,4.26136
33.3333,835.0,3.92045
33.5,824.0,4.03409
33.5,833.0,4.20454
33.5833,838.0,1.875
33.6667,832.0,3.69318
33.8333,822.0,3.69318
33.9167,814.0,3.97727
34.0,820.0,3.35227
34.0833,809.0,3.35227
34.0833,809.0,1.81818
34.1667,815.0,1.98864
34.1667,813.0,1.98864
34.25,795.0,1.98864
34.25,772.0,1.19318
34.4167,772.0,1.93182
34.5,742.0,3.75
34.5833,728.0,4.20454
34.75,721.0,3.86364
34.8333,738.0,4.26136
35.0,758.0,3.92045
35.0833,761.0,3.75
35.1667,756.0,3.52273
35.3333,768.0,3.97727
35.4167,781.0,4.26136
35.5,812.0,3.92045
35.5,832.0,3.92045
35.5833,768.0,3.92045
35.5833,783.0,1.13636
35.6667,828.0,1.13636
35.6667,826.0,1.36364
35.75,796.0,1.36364
35.8333,809.0,3.69318
35.9167,842.0,3.69318
36.0,852.0,1.76136
36.0833,857.0,3.97727
36.25,812.0,3.86364
36.3333,775.0,3.40909
36.4167,739.0,3.40909
36.5,724.0,3.40909
36.5833,784.0,1.98864
36.6667,818.0,3.40909
36.75,803.0,3.40909
36.8333,791.0,2.04545
36.9167,813.0,3.63636
37.0,809.0,3.69318
37.0,807.0,3.69318
37.0833,797.0,1.25
37.1667,792.0,3.80682
37.25,797.0,3.80682
37.3333,805.0,3.35227
37.5,816.0,3.35227
37.5833,815.0,3.97727
37.6667,793.0,4.03409
37.8333,761.0,3.80682
37.9167,751.0,3.80682
38.0,730.0,3.69318
38.0833,674.0,3.69318
38.1667,674.0,3.86364
38.3333,648.0,3.86364
38.4167,661.0,4.03409
38.4167,660.0,3.52273
38.4167,692.0,3.52273
38.5,760.0,3.52273
38.5833,813.0,0.909091
38.5833,801.0,4.14773
38.75,809.0,4.14773
38.8333,828.0,4.375
39.0,808.0,4.375
39.0833,814.0,3.86364
39.1667,831.0,3.57954
39.25,842.0,3.29545
39.3333,863.0,2.10227
39.4167,876.0,3.69318
39.5,880.0,3.52273
39.5,882.0,3.52273
39.5833,905.0,1.25
39.75,914.0,1.25
39.75,929.0,3.69318
39.75,933.0,3.69318
39.8333,914.0,1.25
40.0,879.0,3.35227
40.0833,861.0,4.03409
40.1667,860.0,3.75
40.3333,877.0,4.03409
40.4167,911.0,4.20454
40.4167,932.0,3.92045
40.5,929.0,3.92045
40.5833,922.0,1.19318
40.6667,915.0,3.69318
40.8333,874.0,3.69318
40.9167,859.0,3.40909
41.0,861.0,3.06818
41.0,873.0,3.69318
41.0833,878.0,1.81818
41.0833,888.0,1.81818
41.0833,906.0,1.81818
41.25,927.0,1.81818
41.25,919.0,3.97727
41.3333,936.0,3.97727
41.5,936.0,3.97727
41.5833,931.0,4.26136
41.6667,916.0,3.86364
41.75,891.0,3.69318
41.8333,869.0,3.69318
41.9167,846.0,4.09091
42.0,807.0,3.46591
42.1667,778.0,3.46591
42.25,777.0,4.14773
42.4167,785.0,3.57954
42.5,811.0,3.57954
42.5833,871.0,3.63636
42.6667,924.0,3.86364
42.6667,870.0,3.86364
42.75,849.0,1.25
42.9167,864.0,1.25
43.0,878.0,3.57954
43.0833,912.0,3.35227
43.25,925.0,3.97727
43.3333,917.0,3.46591
43.3333,916.0,3.57954
43.5,938.0,3.57954
43.5833,979.0,4.65909
43.6667,967.0,3.86364
43.75,929.0,5.05682
43.9167,894.0,3.69318
44.0,992.0,3.63636
44.0833,1024.0,3.97727
44.1667,998.0,3.40909
44.25,988.0,3.40909
44.3333,979.0,4.43182
44.5,976.0,4.43182
44.5833,954.0,4.03409
44.6667,920.0,4.14773
44.8333,895.0,4.14773
44.9167,879.0,3.75
44.9167,873.0,3.80682
45.0833,857.0,3.80682
45.1667,835.0,3.97727
45.25,796.0,4.60227
45.3333,787.0,3.46591
45.5,749.0,3.86364
45.5833,726.0,3.80682
45.75,726.0,3.80682
45.8333,761.0,3.63636
45.9167,826.0,3.86364
46.0,828.0,3.52273
46.1667,780.0,3.69318
46.25,770.0,4.14773
46.3333,771.0,3.23864
46.5,781.0,3.63636
46.5833,846.0,3.86364
46.6667,886.0,3.75
46.8333,881.0,3.75
46.8333,925.0,3.69318
46.9167,970.0,3.69318
47.0,971.0,4.14773
47.1667,978.0,4.14773
47.25,1003.0,4.65909
47.3333,981.0,3.40909
47.4167,979.0,3.52273
47.5833,969.0,3.52273
47.6667,965.0,3.52273
47.6667,970.0,3.29545
47.8333,977.0,3.29545
47.9167,953.0,3.57954
48.0,924.0,3.75
48.1667,900.0,3.75
48.25,827.0,4.88636
48.3333,814.0,3.69318
48.4167,910.0,3.69318
48.5833,977.0,3.69318
48.6667,960.0,4.26136
48.75,954.0,3.92045
48.9167,951.0,3.92045
49.0,965.0,4.43182
49.0833,942.0,3.29545
49.1667,928.0,3.35227
49.25,933.0,3.52273
49.25,931.0,3.52273
49.3333,967.0,3.52273
49.4167,986.0,3.75
49.5833,983.0,3.75
49.6667,993.0,3.63636
49.75,986.0,3.52273
49.9167,990.0,3.52273
50.0,990.0,4.375
50.0,996.0,3.35227
50.1667,1007.0,3.35227
50.25,1010.0,4.48864
50.3333,995.0,3.63636
50.4167,996.0,3.40909
50.5833,1025.0,3.40909
50.6667,1042.0,3.75
50.75,1022.0,3.46591
50.75,1042.0,3.40909
50.75,1052.0,3.40909
50.75,1023.0,3.40909
50.8333,977.0,3.40909
50.9167,990.0,3.63636
51.0,1022.0,3.63636
51.1667,1038.0,3.63636
51.25,1026.0,3.75
51.4167,1012.0,3.75
51.5,982.0,3.92045
51.5833,953.0,3.52273
51.6667,938.0,3.57954
51.8333,978.0,3.57954
51.9167,973.0,3.52273
52.0,969.0,3.06818
52.0833,995.0,3.06818
52.0833,1087.0,3.06818
52.1667,1099.0,3.06818
52.1667,1067.0,1.25
52.1667,1010.0,1.25
52.3333,999.0,1.25
52.3333,1015.0,3.63636
52.4167,1008.0,1.81818
52.5833,1012.0,3.57954
52.6667,1038.0,3.86364
52.75,1072.0,3.75
52.8333,1082.0,3.69318
53.0,1078.0,3.80682
53.0833,1054.0,3.92045
53.1667,1031.0,3.86364
53.3333,1028.0,3.86364
53.4167,1019.0,4.65909
53.5,1018.0,4.03409
53.6667,1018.0,4.03409
53.75,1036.0,3.69318
53.75,1060.0,3.57954
53.75,1059.0,3.57954
53.8333,1053.0,3.57954
53.9167,1059.0,0.909091
53.9167,1053.0,3.57954
53.9167,1035.0,3.57954
54.0833,1033.0,3.57954
54.1667,1018.0,3.69318
54.25,999.0,3.69318
54.3333,1006.0,3.69318
54.4167,1018.0,3.80682
54.5,1025.0,3.01136
54.5833,1038.0,3.01136
54.5833,1078.0,2.04545
54.5833,1095.0,2.04545
54.6667,1093.0,1.19318
54.8333,1101.0,1.19318
54.8333,1101.0,3.63636
54.8333,1093.0,3.63636
54.8333,1108.0,3.63636
54.9167,1152.0,3.63636
55.0,1183.0,0.738636
55.0833,1172.0,3.35227
55.25,1191.0,3.80682
55.3333,1205.0,3.86364
55.4167,1230.0,3.35227
55.4167,1226.0,3.35227
55.4167,1180.0,3.35227
55.4167,1180.0,3.35227
55.5,1177.0,0.738636
55.6667,1185.0,0.738636
55.75,1204.0,3.57954
55.8333,1197.0,3.69318
55.9167,1207.0,4.375
55.9167,1205.0,4.375
55.9167,1188.0,4.375
56.0,1176.0,0.909091
56.1667,1172.0,0.909091
56.25,1225.0,3.57954
56.3333,1253.0,3.52273
56.4167,1209.0,3.35227
56.5833,1209.0,3.35227
56.6667,1212.0,3.69318
56.75,1215.0,3.57954
56.8333,1215.0,3.80682
56.8333,1238.0,3.80682
56.9167,1246.0,3.80682
57.0,1244.0,3.57954
57.0833,1247.0,3.46591
57.1667,1266.0,3.63636
57.1667,1269.0,3.63636
57.1667,1261.0,3.63636
57.1667,1258.0,3.63636
57.25,1273.0,0.681818
57.4167,1291.0,0.681818
57.5,1283.0,3.52273
57.5833,1264.0,3.40909
57.6667,1252.0,3.57954
57.8333,1273.0,3.57954
57.9167,1283.0,3.40909
58.0,1267.0,3.69318
58.0833,1240.0,3.29545
58.25,1231.0,3.35227
58.3333,1239.0,3.75
58.4167,1215.0,3.29545
58.5,1192.0,3.63636
58.5833,1186.0,3.29545
58.6667,1185.0,3.29545
58.75,1166.0,3.29545
58.8333,1169.0,1.64773
58.9167,1189.0,3.69318
59.0,1187.0,3.29545
59.1667,1191.0,3.29545
59.25,1213.0,3.40909
59.3333,1227.0,3.40909
59.4167,1227.0,3.52273
59.5,1226.0,4.375
59.6667,1248.0,4.375
59.75,1270.0,3.46591
59.8333,1281.0,3.46591
59.9167,1349.0,3.23864
60.0,1410.0,3.35227
60.1667,1434.0,3.35227
60.25,1392.0,4.26136
60.3333,1392.0,3.35227
60.4167,1275.0,3.46591
60.5,1263.0,3.06818
60.5833,1246.0,3.52273
60.5833,1267.0,3.52273
60.6667,1359.0,3.52273
60.75,1489.0,1.07955
60.75,1521.0,3.35227
60.8333,1568.0,1.64773
60.9167,1580.0,3.52273
61.0,1486.0,3.52273
61.0833,1505.0,1.59091
61.1667,1552.0,3.69318
61.25,1544.0,2.84091
61.3333,1495.0,3.57954
61.4167,1451.0,3.29545
61.5,1449.0,3.29545
61.5833,1457.0,1.70455
61.6667,1470.0,3.35227
61.75,1489.0,3.23864
61.8333,1491.0,3.29545
61.9167,1477.0,3.46591
62.0,1463.0,3.46591
62.1667,1466.0,3.46591
62.1667,1462.0,3.40909
62.1667,1448.0,3.40909
62.1667,1437.0,3.40909
62.25,1449.0,3.40909
62.3333,1491.0,3.23864
62.4167,1477.0,3.40909
62.5,1476.0,2.89773
62.6667,1476.0,2.89773
62.75,1489.0,3.35227
62.8333,1491.0,3.29545
62.8333,1494.0,3.18182
62.9167,1507.0,1.64773
63.0,1517.0,3.35227
63.0833,1492.0,3.35227
63.1667,1487.0,1.59091
63.1667,1493.0,3.57954
63.25,1488.0,1.70455
63.25,1478.0,1.70455
63.25,1478.0,1.70455
63.25,1474.0,1.70455
63.3333,1465.0,1.70455
63.3333,1465.0,0.625
63.4167,1471.0,0.625
63.5,1474.0,3.35227
63.5833,1455.0,3.63636
63.75,1440.0,3.63636
63.8333,1449.0,3.18182
63.9167,1470.0,3.57954
64.0,1457.0,3.40909
64.0833,1457.0,3.52273
64.1667,1462.0,3.52273
64.1667,1451.0,1.70455
64.25,1455.0,1.70455
64.25,1451.0,1.59091
64.3333,1433.0,1.64773
64.4167,1407.0,1.64773
64.5,1312.0,1.93182
64.5,1279.0,3.23864
64.5,1293.0,3.23864
64.5833,1319.0,1.19318
64.6667,1369.0,1.19318
64.75,1394.0,1.76136
64.8333,1396.0,3.18182
64.9167,1383.0,2.89773
65.0,1347.0,2.78409
65.0833,1289.0,3.57954
65.25,1256.0,3.57954
65.3333,1248.0,3.46591
65.4167,1233.0,3.75
65.5,1218.0,3.57954
65.5,1212.0,3.57954
65.5833,1204.0,3.57954
65.5833,1199.0,1.13636
65.75,1191.0,2.04545
65.8333,1179.0,3.80682
65.9167,1184.0,3.86364
65.9167,1195.0,3.86364
65.9167,1187.0,3.86364
66.0,1240.0,3.86364
66.0833,1317.0,4.65909
66.1667,1324.0,4.65909
66.25,1324.0,1.81818
66.3333,1300.0,4.09091
66.5,1292.0,4.09091
66.5833,1240.0,4.26136
66.6667,1208.0,3.97727
66.8333,1180.0,3.97727
66.9167,1074.0,3.80682
67.0,1056.0,3.63636
67.0833,1051.0,3.63636
67.1667,1025.0,1.93182
67.1667,997.0,3.57954
67.3333,1013.0,3.57954
67.4167,1014.0,4.60227
67.4167,1034.0,3.75
67.4167,1055.0,3.75
67.5,1022.0,3.75
67.5833,1023.0,4.26136
67.75,1028.0,4.26136
67.8333,1032.0,4.09091
67.9167,1031.0,3.18182
68.0833,1036.0,3.40909
68.1667,1037.0,3.75
68.25,1024.0,3.52273
68.4167,1006.0,3.52273
68.5,1000.0,4.375
68.5833,979.0,3.92045
68.6667,964.0,3.52273
68.6667,962.0,3.52273
68.75,947.0,1.25
68.8333,950.0,1.25
68.9167,949.0,4.48864
69.0833,961.0,4.48864
69.1667,980.0,3.75
69.25,994.0,3.40909
69.4167,994.0,3.92045
69.5,1004.0,3.92045
69.5,1015.0,3.86364
69.5833,996.0,3.86364
69.6667,982.0,1.30682
69.6667,985.0,3.57954
69.8333,976.0,3.57954
69.9167,941.0,4.375
70.0,907.0,3.52273
70.0,907.0,3.52273
70.0,864.0,3.52273
70.0,861.0,3.52273
70.0,837.0,3.52273
70.1667,825.0,3.52273
70.25,839.0,4.03409
70.4167,847.0,4.03409
70.5,830.0,4.09091
70.5833,854.0,3.40909
70.6667,891.0,4.09091
70.75,890.0,4.09091
70.8333,873.0,1.875
70.8333,869.0,3.63636
71.0,867.0,3.63636
71.0,874.0,4.26136
71.0833,880.0,1.875
71.0833,882.0,1.875
71.0833,886.0,1.875
71.1667,899.0,0.909091
71.25,899.0,0.909091
71.3333,905.0,1.98864
71.4167,957.0,4.14773
71.5,983.0,4.14773
71.5833,1023.0,2.10227
71.75,1066.0,3.29545
71.8333,1065.0,3.80682
71.9167,1065.0,3.75
72.0,1083.0,3.46591
72.0833,1074.0,3.46591
72.1667,1063.0,4.88636
72.25,1059.0,3.23864
72.3333,1037.0,3.23864
72.3333,1007.0,1.81818
72.3333,1006.0,1.81818
72.4167,1023.0,1.81818
72.4167,1014.0,0.965909
72.4167,1022.0,0.965909
72.5833,1036.0,1.25
72.6667,1039.0,3.75
72.75,1041.0,3.52273
72.9167,1057.0,3.80682
73.0,1071.0,4.09091
73.0833,1071.0,3.80682
73.1667,1081.0,3.80682
73.25,1095.0,1.81818
73.3333,1090.0,3.86364
73.5,1105.0,3.86364
73.5833,1129.0,4.03409
73.6667,1122.0,4.03409
73.6667,1116.0,4.03409
73.75,1115.0,4.03409
73.75,1100.0,1.19318
73.75,1099.0,1.19318
73.9167,1116.0,1.19318
74.0,1095.0,4.26136
74.0833,1092.0,3.52273
74.25,1112.0,3.52273
74.3333,1121.0,3.69318
74.4167,1121.0,3.92045
74.5,1157.0,3.40909
74.5833,1180.0,3.40909
74.6667,1174.0,1.875
74.75,1153.0,4.26136
74.9167,1153.0,4.26136
75.0,1149.0,4.26136
75.0833,1141.0,4.03409
75.25,1134.0,4.03409
75.25,1139.0,3.52273
75.3333,1159.0,3.52273
75.4167,1161.0,4.20454
75.5,1128.0,4.20454
75.5833,1094.0,3.75
75.6667,1094.0,3.80682
75.8333,1036.0,3.69318
75.9167,1008.0,3.52273
76.0,1013.0,3.29545
76.0,1040.0,3.29545
76.0833,1048.0,3.29545
76.0833,1067.0,1.36364
76.1667,1132.0,1.76136
76.1667,1151.0,1.76136
76.25,1137.0,1.30682
76.3333,1100.0,3.35227
76.3333,1071.0,3.35227
76.4167,1052.0,3.35227
76.5,1052.0,1.02273
76.5,1050.0,4.09091
76.5833,1051.0,4.09091
76.5833,1086.0,1.36364
76.75,1162.0,1.93182
76.8333,1135.0,3.52273
76.9167,1100.0,4.26136
77.0833,1092.0,4.26136
77.1667,1078.0,3.80682
77.25,1046.0,3.52273
77.4167,1040.0,3.52273
77.5,1063.0,5.11364
77.5833,1085.0,3.69318
77.75,1116.0,3.69318
77.8333,1131.0,4.20454
77.9167,1116.0,3.63636
78.0,1119.0,3.57954
78.0833,1077.0,3.57954
78.1667,1038.0,1.875
78.25,1000.0,3.69318
78.3333,974.0,3.97727
78.4167,962.0,3.97727
78.5,967.0,3.06818
78.6667,960.0,3.06818
78.75,958.0,3.29545
78.8333,965.0,3.63636
79.0,953.0,3.63636
79.0833,948.0,3.92045
79.25,966.0,3.92045
79.3333,979.0,4.43182
79.4167,975.0,3.35227
79.5,970.0,4.03409
79.5833,978.0,3.46591
79.5833,989.0,3.46591
79.6667,987.0,3.46591
79.75,984.0,3.75
79.8333,980.0,3.92045
79.9167,982.0,3.92045
80.0,980.0,4.43182
80.1667,998.0,4.43182
80.25,1016.0,3.69318
80.4167,1018.0,3.69318
80.5,1018.0,3.80682
80.5833,1018.0,3.69318
80.6667,1025.0,3.75
80.75,1062.0,3.52273
80.8333,1086.0,3.52273
80.9167,1144.0,4.26136
81.0833,1216.0,4.26136
81.0833,1247.0,3.57954
81.1667,1185.0,3.57954
81.25,1167.0,3.92045
81.3333,1200.0,3.92045
81.4167,1249.0,1.81818
81.5,1224.0,3.86364
81.5833,1181.0,3.86364
81.6667,1176.0,1.875
81.75,1201.0,3.97727
81.75,1233.0,3.06818
81.8333,1236.0,1.81818
81.9167,1230.0,1.81818
82.0,1234.0,3.52273
82.1667,1261.0,3.52273
82.25,1249.0,3.80682
82.25,1246.0,2.95454
82.25,1262.0,2.95454
82.3333,1270.0,1.13636
82.4167,1267.0,1.13636
82.4167,1277.0,1.98864
82.4167,1277.0,1.98864
82.5,1277.0,1.19318
82.5833,1322.0,1.19318
82.6667,1328.0,1.70455
82.75,1311.0,4.43182
82.8333,1293.0,3.35227
82.9167,1281.0,3.35227
83.0,1252.0,1.93182
83.0833,1235.0,3.46591
83.1667,1257.0,3.69318
83.25,1285.0,3.69318
83.25,1274.0,1.76136
83.3333,1300.0,1.81818
83.5,1333.0,3.52273
83.5,1333.0,3.86364
83.5833,1344.0,3.86364
83.6667,1344.0,3.63636
83.6667,1395.0,3.63636
83.75,1394.0,3.63636
83.8333,1362.0,1.13636
83.9167,1349.0,3.97727
84.0,1417.0,3.46591
84.1667,1487.0,3.46591
84.25,1512.0,3.86364
84.3333,1515.0,4.26136
84.3333,1529.0,4.26136
84.4167,1500.0,1.70455
84.5,1448.0,1.70455
84.5,1438.0,1.70455
84.5833,1369.0,1.875
84.6667,1321.0,3.23864
84.8333,1365.0,3.29545
84.9167,1364.0,3.57954
85.0,1419.0,3.40909
85.0833,1372.0,3.40909
85.1667,1347.0,3.125
85.25,1368.0,3.80682
85.3333,1429.0,3.80682
85.4167,1446.0,1.76136
85.5,1448.0,3.40909
85.5833,1464.0,3.80682
85.6667,1448.0,3.46591
85.75,1429.0,3.46591
85.8333,1473.0,1.76136
85.9167,1478.0,3.35227
85.9167,1471.0,3.35227
86.0,1472.0,3.35227
86.0833,1477.0,1.13636
86.1667,1434.0,3.125
86.25,1412.0,3.57954
86.3333,1417.0,2.89773
86.3333,1468.0,3.06818
86.4167,1544.0,1.64773
86.5833,1537.0,1.64773
86.5833,1515.0,3.29545
86.6667,1480.0,3.29545
86.6667,1407.0,1.70455
86.75,1463.0,1.76136
86.9167,1485.0,1.76136
87.0,1485.0,3.125
87.0833,1435.0,3.35227
87.1667,1429.0,4.14773
87.25,1465.0,3.06818
87.4167,1512.0,3.06818
87.5,1527.0,3.29545
87.5833,1557.0,3.01136
87.6667,1624.0,3.29545
87.75,1602.0,3.23864
87.8333,1516.0,3.23864
87.9167,1430.0,1.70455
88.0,1386.0,3.125
88.0833,1362.0,3.40909
88.0833,1321.0,3.35227
88.1667,1307.0,1.64773
88.25,1299.0,1.64773
88.3333,1326.0,1.81818
88.4167,1359.0,2.89773
88.5,1385.0,4.54545
88.5833,1391.0,3.29545
88.75,1409.0,3.29545
88.8333,1427.0,4.09091
88.9167,1432.0,3.57954
88.9167,1430.0,3.18182
89.0833,1413.0,3.18182
89.1667,1409.0,3.35227
89.25,1399.0,3.40909
89.25,1383.0,3.29545
89.3333,1364.0,1.81818
89.5,1358.0,3.52273
89.5833,1355.0,3.52273
89.5833,1380.0,3.40909
89.5833,1377.0,3.40909
89.75,1349.0,3.40909
89.8333,1347.0,3.80682
89.9167,1335.0,3.80682
90.0,1352.0,3.63636
90.1667,1367.0,3.63636
90.25,1316.0,3.46591
90.3333,1301.0,4.48864
90.4167,1321.0,3.63636
90.5833,1326.0,3.40909
90.6667,1323.0,2.95454
90.75,1323.0,4.14773
90.9167,1325.0,4.14773
91.0,1322.0,3.86364
91.0833,1318.0,3.40909
91.1667,1295.0,3.40909
91.3333,1265.0,3.40909
91.4167,1249.0,4.09091
91.5,1240.0,3.46591
91.5833,1188.0,4.54545
91.75,1201.0,4.54545
91.8333,1246.0,3.57954
92.0833,1284.0,4.03409
92.1667,1287.0,4.03409
92.25,1235.0,3.86364
92.3333,1236.0,3.75
92.5,1218.0,3.75
92.5833,1172.0,4.375
92.6667,1163.0,3.63636
92.75,1151.0,3.63636
92.75,1135.0,1.70455
92.75,1121.0,1.70455
92.75,1119.0,1.70455
92.8333,1148.0,1.70455
92.8333,1173.0,0.738636
92.9167,1150.0,1.875
93.0833,1117.0,3.57954
93.1667,1116.0,4.14773
93.25,1107.0,3.63636
93.3333,1106.0,3.46591
93.5,1120.0,3.46591
93.5833,1110.0,3.80682
93.6667,1082.0,3.40909
93.8333,1066.0,3.40909
93.9167,1071.0,3.75
94.0,1095.0,3.69318
94.0833,1094.0,3.69318
94.1667,1093.0,1.76136
94.25,1099.0,3.40909
94.4167,1082.0,3.40909
94.5,1073.0,3.69318
94.5833,1064.0,3.57954
94.75,1064.0,3.80682
94.8333,1046.0,3.80682
94.9167,1043.0,5.05682
95.0833,1024.0,3.69318
95.1667,1011.0,3.63636
95.25,1005.0,4.14773
95.4167,994.0,4.14773
95.5,996.0,3.75
95.5833,1015.0,4.09091
95.6667,1039.0,3.46591
95.75,1073.0,3.29545
95.75,1123.0,3.29545
95.8333,1125.0,1.30682
96.0,1086.0,3.57954
96.0,1064.0,4.03409
96.0833,1059.0,1.81818
96.25,1054.0,3.57954
96.3333,1047.0,3.75
96.3333,1042.0,3.92045
96.5,1043.0,3.92045
96.5833,1068.0,4.03409
96.6667,1070.0,4.26136
96.8333,1067.0,4.26136
96.9167,1061.0,4.14773
97.0,1048.0,3.69318
97.0833,1081.0,4.60227
97.25,1104.0,4.60227
97.25,1102.0,3.69318
97.3333,1097.0,1.875
97.5,1097.0,1.875
97.5833,1110.0,3.57954
97.5833,1123.0,3.80682
97.6667,1125.0,1.81818
97.75,1109.0,1.81818
97.8333,1090.0,1.93182
97.9167,1083.0,4.375
98.0833,1085.0,4.375
98.1667,1080.0,3.63636
98.25,1079.0,4.09091
98.3333,1096.0,4.09091
98.4167,1127.0,1.93182
98.5,1154.0,3.35227
98.6667,1182.0,3.35227
98.75,1182.0,3.63636
98.75,1187.0,3.46591
98.75,1142.0,3.46591
98.8333,1121.0,3.46591
98.9167,1124.0,0.909091
99.0,1168.0,3.40909
99.0833,1268.0,3.40909
99.1667,1308.0,1.875
99.25,1294.0,3.63636
99.3333,1340.0,4.77273
99.5,1351.0,4.77273
99.5833,1290.0,3.97727
99.6667,1224.0,4.14773
99.8333,1241.0,3.69318
99.9167,1277.0,3.57954
100.0,1279.0,3.40909
100.083,1288.0,3.92045
100.25,1279.0,3.52273
100.25,1339.0,3.35227
100.333,1395.0,3.35227
100.333,1383.0,1.81818
100.5,1317.0,1.81818
100.5,1272.0,4.09091
100.583,1273.0,4.09091
100.667,1284.0,4.20454
100.75,1300.0,3.46591
100.917,1295.0,3.63636
101.0,1305.0,3.75
101.083,1332.0,3.52273
101.25,1330.0,3.52273
101.333,1333.0,3.75
101.333,1299.0,3.69318
101.417,1296.0,1.70455
101.583,1294.0,1.70455
101.667,1282.0,3.29545
101.75,1281.0,3.80682
101.75,1296.0,3.29545
101.917,1317.0,3.29545
102.0,1355.0,3.75
102.083,1429.0,3.40909
102.167,1373.0,3.46591
102.25,1312.0,3.52273
102.333,1271.0,3.52273
102.417,1271.0,1.76136
102.5,1268.0,4.71591
102.667,1303.0,4.71591
102.75,1278.0,3.57954
102.833,1267.0,3.23864
102.917,1276.0,3.92045
103.0,1331.0,3.29545
103.083,1393.0,3.29545
103.167,1400.0,1.76136
103.25,1391.0,3.80682
103.333,1363.0,3.75
103.417,1289.0,3.75
103.5,1335.0,1.76136
103.583,1356.0,3.06818
103.667,1363.0,3.57954
103.75,1362.0,3.35227
103.833,1362.0,3.35227
103.833,1363.0,1.76136
103.917,1366.0,1.76136
104.0,1349.0,3.29545
104.167,1307.0,3.29545
104.167,1310.0,3.125
104.25,1323.0,3.125
104.333,1320.0,3.52273
104.417,1335.0,3.35227
104.5,1351.0,3.35227
104.583,1342.0,1.76136
104.667,1322.0,3.57954
104.75,1316.0,3.52273
104.917,1303.0,3.52273
105.0,1298.0,3.86364
105.083,1302.0,3.57954
105.167,1310.0,3.40909
105.167,1346.0,3.40909
105.25,1360.0,3.40909
105.333,1355.0,1.13636
105.333,1347.0,3.40909
105.417,1328.0,1.64773
105.583,1313.0,1.64773
105.667,1311.0,3.46591
105.75,1308.0,3.40909
105.833,1290.0,3.46591
105.917,1290.0,3.18182
106.0,1282.0,3.18182
106.083,1281.0,1.875
106.167,1289.0,3.52273
106.25,1309.0,3.52273
106.417,1310.0,3.52273
106.5,1304.0,4.26136
106.583,1299.0,3.125
106.667,1294.0,3.69318
106.75,1300.0,3.52273
106.917,1316.0,3.52273
107.0,1321.0,4.54545
107.083,1329.0,3.125
107.167,1325.0,3.23864
107.333,1303.0,3.23864
107.417,1301.0,3.57954
107.5,1313.0,3.01136
107.583,1327.0,3.63636
107.667,1336.0,3.23864
107.75,1343.0,4.20454
107.833,1344.0,4.20454
107.833,1335.0,1.76136
107.917,1306.0,1.70455
108.0,1347.0,2.67045
108.083,1384.0,3.75
108.083,1426.0,3.75
108.083,1467.0,3.75
108.167,1394.0,3.75
108.25,1388.0,3.23864
108.25,1389.0,3.23864
108.333,1426.0,1.64773
108.5,1422.0,3.01136
108.583,1413.0,3.80682
108.667,1409.0,3.63636
108.75,1395.0,3.06818
108.833,1387.0,3.46591
108.917,1406.0,3.01136
109.083,1408.0,3.18182
109.167,1395.0,4.26136
109.25,1395.0,3.57954
109.25,1435.0,2.67045
109.333,1451.0,1.81818
109.333,1442.0,1.81818
109.333,1442.0,1.81818
109.417,1442.0,1.81818
109.5,1432.0,0.795454
109.583,1474.0,3.40909
109.583,1489.0,3.125
109.667,1511.0,1.59091
109.75,1531.0,3.29545
109.833,1490.0,3.01136
110.0,1512.0,3.01136
110.083,1550.0,3.86364
110.167,1587.0,3.06818
110.25,1568.0,3.18182
110.333,1541.0,3.29545
110.417,1556.0,3.06818
110.5,1586.0,3.01136
110.583,1593.0,3.46591
110.75,1652.0,3.46591
110.833,1646.0,3.125
110.833,1621.0,2.95454
110.917,1610.0,2.95454
111.0,1585.0,1.53409
111.083,1567.0,3.06818
111.167,1582.0,3.01136
111.25,1619.0,3.01136
111.25,1641.0,2.78409
111.25,1568.0,2.78409
111.333,1504.0,0.965909
111.417,1498.0,3.29545
111.5,1552.0,3.35227
111.583,1568.0,2.67045
111.667,1574.0,3.52273
111.833,1566.0,3.52273
111.917,1551.0,3.52273
112.0,1534.0,3.01136
112.083,1564.0,3.01136
112.167,1612.0,3.06818
112.25,1644.0,3.06818
112.333,1643.0,3.06818
112.417,1646.0,3.01136
112.417,1625.0,3.01136
112.5,1581.0,1.42045
112.583,1566.0,2.95454
112.667,1566.0,3.06818
112.75,1566.0,2.95454
112.75,1584.0,2.95454
112.833,1598.0,1.42045
112.917,1609.0,2.78409
113.0,1631.0,3.06818
113.083,1646.0,3.01136
113.167,1650.0,2.84091
113.25,1657.0,3.06818
113.417,1652.0,3.06818
113.5,1598.0,2.95454
113.5,1588.0,3.01136
113.5,1601.0,3.01136
113.583,1596.0,3.01136
113.667,1531.0,0.965909
113.75,1515.0,2.84091
113.833,1556.0,3.06818
113.917,1679.0,2.5
114.0,1711.0,3.06818
114.083,1610.0,2.84091
114.167,1558.0,2.89773
114.25,1542.0,2.84091
114.333,1550.0,2.78409
114.333,1612.0,2.72727
114.417,1629.0,2.72727
114.417,1663.0,1.36364
114.417,1698.0,1.36364
114.5,1717.0,1.36364
114.5,1710.0,0.965909
114.583,1709.0,2.32954
114.75,1728.0,2.95454
114.75,1736.0,3.01136
114.917,1698.0,3.01136
114.917,1685.0,3.06818
115.0,1694.0,2.67045
115.083,1719.0,2.72727
115.167,1759.0,2.67045
115.25,1751.0,2.78409
115.333,1736.0,2.78409
115.417,1730.0,2.72727
115.5,1729.0,2.72727
115.583,1716.0,2.5
115.583,1699.0,2.5
115.583,1699.0,2.5
115.667,1697.0,2.5
115.75,1700.0,0.852273
115.833,1701.0,2.78409
115.917,1708.0,2.72727
115.917,1709.0,2.61364
115.917,1685.0,2.61364
115.917,1637.0,2.61364
116.0,1625.0,0.909091
116.167,1633.0,2.61364
116.25,1643.0,3.40909
116.25,1653.0,2.78409
116.333,1677.0,2.38636
116.417,1698.0,3.18182
116.5,1718.0,2.44318
116.583,1717.0,2.61364
116.667,1754.0,2.95454
116.75,1697.0,2.55682
116.833,1678.0,3.06818
116.917,1700.0,2.67045
117.0,1787.0,2.67045
117.0,1862.0,2.5
117.083,1813.0,2.5
117.167,1762.0,1.25
117.25,1746.0,2.72727
117.25,1827.0,2.61364
117.333,1875.0,2.5
117.417,1854.0,2.5
117.5,1841.0,2.67045
117.583,1856.0,2.55682
117.667,1849.0,2.84091
117.75,1836.0,2.89773
117.833,1797.0,2.61364
117.917,1729.0,2.61364
118.0,1725.0,2.61364
118.083,1702.0,2.72727
118.167,1662.0,2.27273
118.25,1614.0,2.95454
118.333,1562.0,2.72727
118.333,1560.0,2.61364
118.417,1568.0,2.44318
118.5,1571.0,2.67045
118.583,1574.0,2.61364
118.667,1574.0,2.78409
118.75,1582.0,2.61364
118.833,1587.0,2.44318
118.917,1594.0,2.78409
119.0,1613.0,2.78409
119.083,1609.0,2.61364
119.167,1585.0,2.55682
119.25,1571.0,2.61364
119.333,1564.0,2.72727
119.333,1591.0,2.61364
119.417,1615.0,2.61364
119.583,1627.0,2.78409
119.583,1633.0,2.95454
119.667,1632.0,2.67045
119.75,1624.0,2.78409
119.833,1623.0,2.78409
119.917,1612.0,2.5
120.0,1603.0,3.01136
120.083,1618.0,2.78409
120.167,1625.0,2.38636
120.25,1622.0,3.57954
120.333,1633.0,2.55682
120.333,1654.0,2.55682
120.333,1642.0,2.55682
120.417,1630.0,0.965909
120.5,1636.0,3.01136
120.583,1646.0,2.78409
120.583,1631.0,2.78409
120.583,1628.0,2.78409
120.667,1636.0,0.909091
120.75,1656.0,3.18182
120.833,1657.0,2.89773
120.917,1644.0,2.84091
121.0,1662.0,3.01136
121.083,1693.0,2.84091
121.167,1702.0,3.06818
121.25,1709.0,2.95454
121.333,1701.0,2.95454
121.417,1677.0,2.95454
121.583,1662.0,2.95454
121.667,1633.0,2.95454
121.75,1619.0,2.95454
121.833,1620.0,3.06818
121.917,1620.0,2.84091
122.0,1640.0,3.29545
122.083,1686.0,2.78409
122.083,1705.0,2.84091
122.167,1683.0,2.84091
122.167,1668.0,1.47727
122.25,1653.0,1.64773
122.333,1628.0,1.64773
122.333,1632.0,2.44318
122.417,1641.0,1.59091
122.417,1657.0,1.59091
122.5,1700.0,1.47727
122.583,1746.0,2.67045
122.667,1782.0,3.01136
122.75,1782.0,3.29545
122.917,1843.0,3.29545
123.0,1861.0,3.40909
123.0,1853.0,3.125
123.083,1827.0,3.125
123.167,1798.0,1.30682
123.25,1765.0,3.40909
125.0,1475.0,2.84091
125.0,1438.0,2.84091
125.083,1446.0,2.84091
125.167,1440.0,0.852273
125.25,1461.0,2.72727
125.333,1511.0,2.67045
125.417,1558.0,2.67045
125.5,1571.0,2.72727
125.5,1556.0,2.72727
125.5,1578.0,2.72727
125.583,1653.0,1.36364
125.75,1733.0,2.78409
125.75,1784.0,2.95454
125.833,1784.0,2.61364
125.917,1762.0,2.61364
126.0,1728.0,2.72727
126.0,1725.0,2.72727
126.083,1724.0,1.36364
126.167,1730.0,2.72727
126.25,1735.0,2.55682
126.333,1732.0,2.84091
126.417,1753.0,2.84091
126.5,1771.0,2.72727
126.5,1774.0,2.55682
126.583,1754.0,2.55682
126.583,1741.0,1.19318
126.667,1693.0,2.72727
126.75,1642.0,2.67045
126.833,1610.0,2.61364
126.917,1605.0,2.44318
127.0,1645.0,2.5
127.083,1671.0,2.5
127.167,1696.0,2.61364
127.25,1666.0,2.84091
127.333,1644.0,2.5
127.417,1628.0,2.78409
127.5,1602.0,2.55682
127.5,1578.0,2.5
127.583,1570.0,2.5
127.667,1568.0,2.44318
127.75,1568.0,2.67045
127.833,1529.0,2.5
127.917,1543.0,2.5
127.917,1616.0,2.44318
128.0,1653.0,2.44318
128.083,1673.0,1.30682
128.083,1672.0,2.5
128.167,1649.0,2.61364
128.167,1608.0,2.61364
128.25,1557.0,2.61364
128.333,1510.0,1.13636
128.417,1486.0,2.78409
128.5,1491.0,2.15909
128.5,1506.0,2.89773
128.583,1504.0,2.38636
128.667,1547.0,2.38636
128.75,1614.0,2.44318
128.833,1629.0,2.44318
128.917,1594.0,2.15909
129.0,1537.0,2.89773
129.083,1518.0,2.38636
129.083,1560.0,2.67045
129.167,1591.0,2.38636
129.25,1599.0,2.44318
129.333,1607.0,2.44318
129.417,1643.0,2.15909
129.5,1653.0,2.84091
129.5,1665.0,2.38636
129.583,1666.0,2.44318
129.583,1675.0,2.44318
129.667,1645.0,1.19318
129.75,1631.0,2.44318
129.833,1617.0,2.44318
129.833,1624.0,2.44318
129.833,1621.0,2.44318
129.917,1620.0,1.19318
130.0,1663.0,2.38636
130.0,1688.0,2.38636
130.0,1633.0,2.38636
130.083,1574.0,2.38636
130.083,1560.0,0.795454
130.083,1573.0,0.795454
130.167,1594.0,1.19318
130.167,1594.0,1.19318
130.25,1700.0,1.19318
130.333,1744.0,1.13636
130.417,1718.0,2.32954
130.417,1670.0,2.78409
130.5,1664.0,2.21591
130.583,1691.0,2.38636
130.667,1716.0,2.38636
130.75,1717.0,2.15909
130.75,1684.0,2.15909
130.833,1666.0,2.61364
130.917,1649.0,2.21591
131.0,1633.0,2.21591
131.083,1616.0,2.21591
131.167,1566.0,2.5
131.167,1555.0,2.27273
131.25,1561.0,2.38636
131.333,1570.0,2.38636
131.417,1589.0,1.70455
131.417,1606.0,2.72727
131.5,1630.0,2.27273
131.5,1642.0,2.27273
131.5,1588.0,2.27273
131.583,1541.0,0.965909
131.667,1520.0,2.55682
131.75,1511.0,2.55682
131.833,1512.0,2.10227
131.833,1513.0,2.21591
131.833,1511.0,2.21591
131.917,1523.0,2.21591
131.917,1538.0,1.02273
132.0,1559.0,1.76136
132.083,1585.0,2.84091
132.167,1597.0,2.84091
132.25,1594.0,1.98864
132.25,1603.0,2.27273
132.333,1620.0,1.875
132.417,1626.0,1.875
132.5,1640.0,2.27273
132.5,1657.0,2.10227
132.583,1707.0,1.98864
132.583,1710.0,1.98864
132.583,1710.0,1.98864
132.667,1690.0,1.02273
132.75,1696.0,1.02273
132.75,1619.0,1.98864
132.833,1592.0,1.98864
132.833,1639.0,1.98864
132.917,1672.0,1.98864
132.917,1663.0,0.965909
133.0,1650.0,0.965909
133.0,1662.0,1.81818
133.0,1685.0,1.81818
133.083,1696.0,1.81818
133.083,1701.0,0.909091
133.167,1716.0,1.875
133.167,1715.0,1.875
133.167,1699.0,1.875
133.25,1692.0,0.965909
133.25,1673.0,0.965909
133.25,1678.0,0.965909
133.333,1713.0,0.909091
133.333,1748.0,0.909091
133.417,1762.0,1.42045
133.5,1736.0,1.42045
133.5,1695.0,1.81818
133.583,1634.0,1.81818
133.583,1614.0,1.59091
133.667,1594.0,1.59091
133.667,1608.0,1.59091
133.75,1610.0,1.53409
133.75,1711.0,1.53409
133.833,1812.0,1.70455
133.917,1787.0,1.70455
133.917,1756.0,1.64773
134.0,1741.0,1.64773
134.0,1640.0,1.59091
134.0,1611.0,1.59091
134.0,1603.0,1.59091
134.083,1583.0,0.738636
134.083,1582.0,0.738636
134.167,1603.0,1.42045
134.167,1629.0,1.42045
134.25,1660.0,1.42045
134.25,1665.0,1.30682
134.25,1665.0,1.30682
134.25,1732.0,1.30682
134.333,1721.0,1.30682
134.333,1729.0,0.681818
134.333,1757.0,0.681818
134.333,1739.0,0.681818
134.333,1693.0,0.681818
134.333,1674.0,0.681818
134.333,1691.0,0.681818
134.417,1680.0,0.681818
134.417,1618.0,0.397727
134.417,1608.0,0.397727
134.5,1610.0,1.07955
134.5,1641.0,1.07955
134.5,1706.0,1.07955
134.5,1776.0,1.07955
134.5,1824.0,1.07955
134.583,1815.0,1.07955
134.583,1779.0,0.511364
134.583,1751.0,0.511364
134.667,1727.0,1.19318
134.667,1732.0,1.19318
134.667,1728.0,1.19318
134.667,1729.0,1.19318
134.667,1746.0,1.19318
134.667,1740.0,1.19318
134.75,1740.0,0.454545
134.75,1749.0,0.454545
134.75,1753.0,0.454545
134.833,1755.0,0.454545
134.833,1752.0,0.852273
134.833,1738.0,0.852273
134.833,1700.0,0.852273
134.917,1670.0,0.795454
134.917,1649.0,0.795454
134.917,1659.0,0.795454
134.917,1668.0,0.795454
135.0,1697.0,0.738636
135.0,1716.0,0.738636
135.0,1712.0,0.738636
135.0,1686.0,0.738636
135.083,1676.0,0.738636
135.083,1636.0,0.738636
135.083,1636.0,0.738636
135.083,1635.0,0.738636
135.167,1631.0,0.738636
135.167,1624.0,0.568182
135.167,1630.0,0.568182
135.167,1627.0,0.568182
135.167,1642.0,0.568182
135.167,1652.0,0.568182
135.25,1637.0,0.568182
135.25,1632.0,0.511364
135.25,1616.0,0.511364
135.25,1596.0,0.511364
135.25,1598.0,0.511364
135.25,1598.0,0.511364
135.25,1588.0,0.511364
135.333,1595.0,0.454545
135.333,1604.0,0.454545
135.333,1594.0,0.454545
135.333,1573.0,0.454545
135.333,1555.0,0.454545
135.333,1575.0,0.454545
135.333,1605.0,0.454545
135.333,1617.0,0.454545
135.417,1625.0,0.340909
135.417,1614.0,0.340909
135.417,1579.0,0.340909
135.417,1567.0,0.340909
135.417,1566.0,0.340909
135.417,1569.0,0.340909
135.417,1600.0,0.340909
135.417,1638.0,0.340909
135.417,1692.0,0.340909
135.417,1676.0,0.340909
135.417,1631.0,0.340909
135.417,1597.0,0.340909
135.5,1585.0,0.227273
135.5,1591.0,0.227273
135.5,1608.0,0.227273
135.5,1695.0,0.227273
135.5,1718.0,0.227273
135.5,1722.0,0.227273
135.5,1722.0,0.227273
135.5,1722.0,0.227273
135.5,1709.0,0.227273
135.5,1673.0,0.227273
135.5,1662.0,0.227273
135.5,1669.0,0.227273
135.5,1681.0,0.227273
135.5,1699.0,0.227273
135.5,1701.0,0.227273
135.5,1706.0,0.227273
135.5,1720.0,0.227273
135.5,1729.0,0.227273
135.5,1724.0,0.227273
135.5,1727.0,0.227273
135.5,1714.0,0.227273
135.5,1716.0,0.227273
135.5,1754.0,0.227273
135.5,1798.0,0.227273
135.5,1740.0,0.227273
135.5,1251.0,0.227273
135.5,424.0,0.227273
135.5,180.0,0.227273
135.5,54.0,0.227273
135.5,0.0,0.227273
135.5,0.0,0.227273
135.5,0.0,0.227273
135.5,0.0,0.227273
135.5,0.0,0.227273
135.5,0.0,0.227273
135.5,0.0,0.227273
135.5,0.0,0.227273
135.5,0.0,0.227273
135.5,0.0,0.227273
135.5,0.0,0.227273
135.5,0.0,0.227273
135.5,0.0,0.227273
135.5,0.0,0.227273
135.5,0.0,0.227273
135.5,0.0,0.227273
135.5,0.0,0.227273
135.5,0.0,0.227273
135.5,0.0,0.227273
135.5,0.0,0.227273
135.5,0.0,0.227273
135.5,0.0,0.0
135.5,0.0,0.0
135.5,0.0,0.0
135.5,0.0,0.0
135.5,0.0,0.0
135.5,0.0,0.0
135.5,0.0,0.0
135.5,0.0,0.0
135.5,0.0,0.0
135.5,0.0,0.0
135.5,0.0,0.0
135.5,0.0,0.0
135.5,0.0,0.0
135.5,0.0,0.0
135.5,0.0,0.0
135.5,0.0,0.0
135.5,0.0,0.0
135.5,0.0,0.0
135.5,0.0,0.0
135.5,0.0,0.0
135.5,0.0,0.0
135.5,0.0,0.0
135.5,0.0,0.0
135.5,0.0,0.0
135.5,0.0,0.0
135.5,0.0,0.0
135.5,0.0,0.0
135.5,0.0,0.0
135.5,0.0,0.0
135.5,0.0,0.0
135.5,0.0,0.0
135.5,0.0,0.0
135.5,0.0,0.0
135.5,0.0,0.0
135.5,0.0,0.0
135.5,0.0,0.0
135.5,0.0,0.0
135.5,0.0,0.0
135.5,0.0,0.0
135.5,0.0,0.0
135.5,0.0,0.0
135.5,0.0,0.0
135.5,0.0,0.0
135.5,0.0,0.0
135.5,0.0,0.0
135.5,0.0,0.0
135.5,3.0,0.0
135.5,35.0,0.0
135.5,61.0,0.0
135.5,62.0,0.0
135.5,49.0,0.0
135.5,21.0,0.0
135.5,0.0,0.0
135.5,0.0,0.0
135.5,0.0,0.0
135.5,0.0,0.0
135.5,0.0,0.0
135.5,0.0,0.0
135.5,0.0,0.0
135.5,0.0,0.0
135.5,0.0,0.0
135.5,0.0,0.0
135.5,0.0,0.0
135.5,0.0,0.0
135.5,0.0,0.0
135.5,0.0,0.0
135.5,0.0,0.0
135.5,0.0,0.0
135.5,0.0,0.0
135.5,0.0,0.0
135.5,0.0,0.0
135.5,82.0,0.0
135.5,374.0,0.0
135.5,486.0,0.0
135.5,272.0,0.0
135.5,138.0,0.0
135.5,209.0,0.0
135.5,292.0,0.0
135.5,285.0,0.0
135.5,150.0,0.0
135.5,108.0,0.0
135.5,79.0,0.0
135.5,40.0,0.0
135.5,0.0,0.0
135.5,0.0,0.0
135.5,0.0,0.0
135.5,0.0,0.0
135.5,0.0,0.0
135.5,0.0,0.0
135.5,0.0,0.0
135.5,0.0,0.0
135.5,0.0,0.0
135.5,0.0,0.0
135.5,0.0,0.0
135.5,0.0,0.0
135.5,0.0,0.0
135.5,0.0,0.0
135.5,0.0,0.0
135.5,0.0,0.0
135.5,0.0,0.0
135.5,0.0,0.0
135.5,0.0,0.0
135.5,0.0,0.0
135.5,0.0,0.0
135.5,0.0,0.0
135.5,0.0,0.0
135.5,0.0,0.0
135.5,151.0,0.0
135.5,180.0,0.0
135.5,105.0,0.0
135.5,25.0,0.0
135.5,0.0,0.0
135.5,0.0,0.0
135.5,0.0,0.0
135.5,0.0,0.0
135.5,0.0,0.0
135.5,0.0,0.0
135.5,0.0,0.0
135.5,0.0,0.0
135.5,0.0,0.0
135.5,46.0,0.0
135.5,132.0,0.0
135.5,159.0,0.0
135.5,112.0,0.0
135.5,41.0,0.0
135.5,27.0,0.0
135.5,26.0,0.0
135.5,14.0,0.0
135.5,14.0,0.0
135.5,0.0,0.0
135.5,0.0,0.0
135.5,0.0,0.0
135.5,0.0,0.0
135.5,0.0,0.0
135.5,0.0,0.0
135.5,0.0,0.0
135.5,0.0,0.0
135.5,0.0,0.0
135.5,0.0,0.0
135.5,0.0,0.0
135.5,0.0,0.0
135.5,0.0,0.0
135.5,0.0,0.0
135.5,0.0,0.0
135.5,0.0,0.0
135.5,0.0,0.0
135.5,0.0,0.0
135.5,371.0,0.0
135.5,517.0,0.0
135.5,350.0,0.0
135.5,178.0,0.0
135.5,57.0,0.0
135.5,92.0,0.0
135.5,101.0,0.0
135.5,85.0,0.0
135.5,70.0,0.0
135.5,0.0,0.0
135.5,0.0,0.0
135.5,0.0,0.0
135.5,0.0,0.0
135.5,0.0,0.0
135.5,0.0,0.0
135.5,0.0,0.0
135.5,0.0,0.0
135.5,0.0,0.0
135.5,0.0,0.0
135.5,0.0,0.0
135.5,0.0,0.0
135.5,0.0,0.0
135.5,0.0,0.0
135.5,0.0,0.0
135.5,0.0,0.0
135.5,0.0,0.0
135.5,0.0,0.0
135.5,0.0,0.0
135.5,0.0,0.0
135.5,0.0,0.0
135.5,0.0,0.0
135.5,7.0,0.0
135.5,16.0,0.0
135.5,0.0,0.0
135.5,0.0,0.0
135.5,0.0,0.0
135.5,0.0,0.0
135.5,0.0,0.0
135.5,0.0,0.0
135.5,0.0,0.0
135.5,0.0,0.0
135.5,0.0,0.0
135.5,0.0,0.0
