0.0,0.0,0.0
0.0,0.0,0.0
0.0,0.0,0.0
0.0,0.0,0.0
0.0,0.0,0.0
0.0,0.0,0.0
0.0,0.0,0.0
0.0,0.0,0.0
0.0,0.0,0.0
0.0,0.0,0.0
0.0,0.0,0.0
0.0,0.0,0.0
0.0,0.0,0.0
0.0,0.0,0.0
0.0,0.0,0.0
0.0,0.0,0.0
0.0,0.0,0.0
0.0,0.0,0.0
0.0,0.0,0.0
0.0,0.0,0.0
0.0,0.0,0.0
0.0,0.0,0.0
0.0,0.0,0.0
0.0,0.0,0.0
0.0,0.0,0.0
0.0,0.0,0.0
0.0,0.0,0.0
0.0,0.0,0.0
0.0,0.0,0.0
0.0,0.0,0.0
0.0,0.0,0.0
0.0,0.0,0.0
0.0,0.0,0.0
0.0,0.0,0.0
0.0,0.0,0.0
0.0,0.0,0.0
0.0,0.0,0.0
0.0,0.0,0.0
0.0,0.0,0.0
0.0,0.0,0.0
0.0,0.0,0.0
0.0,0.0,0.0
0.0,0.0,0.0
0.0,0.0,0.0
0.0,0.0,0.0
0.0,0.0,0.0
0.0,0.0,0.0
0.0,0.0,0.0
0.0,0.0,0.0
0.0,0.0,0.0
0.0,0.0,0.0
0.0,0.0,0.0
0.0,0.0,0.0
0.0,0.0,0.0
0.0,0.0,0.0
0.0,0.0,0.0
0.0,0.0,0.0
0.0,0.0,0.0
0.0,0.0,0.0
0.0,0.0,0.0
0.0,0.0,0.0
0.0,0.0,0.0
0.0,0.0,0.0
0.0,0.0,0.0
0.0,0.0,0.0
0.0,0.0,0.0
0.0,0.0,0.0
0.0,0.0,0.0
0.0,0.0,0.0
0.0,0.0,0.0
0.0,0.0,0.0
0.0,0.0,0.0
0.0,0.0,0.0
0.0,0.0,0.0
0.0,0.0,0.0
0.0,0.0,0.0
0.0,0.0,0.0
0.0,0.0,0.0
0.0,0.0,0.0
0.0,0.0,0.0
0.0,0.0,0.0
0.0,0.0,0.0
0.0,0.0,0.0
0.0,0.0,0.0
0.0,0.0,0.0
0.0,0.0,0.0
0.0,0.0,0.0
0.0,0.0,0.0
0.0,0.0,0.0
0.0,0.0,0.0
0.0,0.0,0.0
0.0,0.0,0.0
0.0,0.0,0.0
0.0,0.0,0.0
0.0,0.0,0.0
0.0,0.0,0.0
0.0,0.0,0.0
0.0,0.0,0.0
0.0,0.0,0.0
0.0,0.0,0.0
0.0,0.0,0.0
0.0,0.0,0.0
0.0,0.0,0.0
0.0,0.0,0.0
0.0,0.0,0.0
0.0,0.0,0.0
0.0,0.0,0.0
0.0,0.0,0.0
0.0,0.0,0.0
0.0,0.0,0.0
0.0,0.0,0.0
0.0,0.0,0.0
0.0,0.0,0.0
0.0,0.0,0.0
0.0,0.0,0.0
0.0,0.0,0.0
0.0,0.0,0.0
0.0,0.0,0.0
0.0,0.0,0.0
0.0,0.0,0.0
0.0,0.0,0.0
0.0,0.0,0.0
0.0,0.0,0.0
0.0,0.0,0.0
0.0,0.0,0.0
0.0,0.0,0.0
0.0,0.0,0.0
0.0,0.0,0.0
0.0,0.0,0.0
0.0,0.0,0.0
0.0,0.0,0.0
0.0,0.0,0.0
0.0,0.0,0.0
0.0,0.0,0.0
0.0,0.0,0.0
0.0,0.0,0.0
0.0,0.0,0.0
0.0,0.0,0.0
0.0,0.0,0.0
0.0,0.0,0.0
0.0,0.0,0.0
0.0,0.0,0.0
0.0,0.0,0.0
0.0,0.0,0.0
0.0,0.0,0.0
0.0,0.0,0.0
0.0,0.0,0.0
0.0,0.0,0.0
0.0,0.0,0.0
0.0,0.0,0.0
0.0,0.0,0.0
0.0,0.0,0.0
0.0,0.0,0.0
0.0,0.0,0.0
0.0,0.0,0.0
0.0,0.0,0.0
0.0,0.0,0.0
0.0,0.0,0.0
0.0,0.0,0.0
0.0,0.0,0.0
0.0,0.0,0.0
0.0,0.0,0.0
0.0,0.0,0.0
0.0,0.0,0.0
0.0,0.0,0.0
0.0,0.0,0.0
0.0,0.0,0.0
0.0,0.0,0.0
0.0,0.0,0.0
0.0,0.0,0.0
0.0,0.0,0.0
0.0,0.0,0.0
0.0,0.0,0.0
0.0,0.0,0.0
0.0,0.0,0.0
0.0,0.0,0.0
0.0,0.0,0.0
0.0,0.0,0.0
0.0,0.0,0.0
0.0,0.0,0.0
0.0,0.0,0.0
0.0,0.0,0.0
0.0,0.0,0.0
0.0,0.0,0.0
0.0,0.0,0.0
0.0,0.0,0.0
0.0,0.0,0.0
0.0,0.0,0.0
0.0,0.0,0.0
0.0,0.0,0.0
0.0,0.0,0.0
0.0,0.0,0.0
0.0,0.0,0.0
0.0,0.0,0.0
0.0,0.0,0.0
0.0,0.0,0.0
0.0,0.0,0.0
0.0,0.0,0.0
0.0,0.0,0.0
0.0,0.0,0.0
0.0,0.0,0.0
0.0,0.0,0.0
0.0,0.0,0.0
0.0,0.0,0.0
0.0,0.0,0.0
0.0,0.0,0.0
0.0,0.0,0.0
0.0,0.0,0.0
0.0,0.0,0.0
0.0,0.0,0.0
0.0,0.0,0.0
0.0,0.0,0.0
0.0,0.0,0.0
0.0,0.0,0.0
0.0,0.0,0.0
0.0,0.0,0.0
0.0,0.0,0.0
0.0,0.0,0.0
0.0,0.0,0.0
0.0,0.0,0.0
0.0,0.0,0.0
0.0,0.0,0.0
0.0,0.0,0.0
0.0,0.0,0.0
0.0,0.0,0.0
0.0,0.0,0.0
0.0,0.0,0.0
0.0,0.0,0.0
0.0,0.0,0.0
0.0,0.0,0.0
0.0,0.0,0.0
0.0,0.0,0.0
0.0,0.0,0.0
0.0,0.0,0.0
0.0,0.0,0.0
0.0,0.0,0.0
0.0,0.0,0.0
0.0,0.0,0.0
0.0,0.0,0.0
0.0,0.0,0.0
0.0,0.0,0.0
0.0,0.0,0.0
0.0,0.0,0.0
0.0,0.0,0.0
0.0,0.0,0.0
0.0,0.0,0.0
0.0,0.0,0.0
0.0,0.0,0.0
0.0,0.0,0.0
0.0,0.0,0.0
0.0,0.0,0.0
0.0,0.0,0.0
0.0,0.0,0.0
0.0,0.0,0.0
0.0,0.0,0.0
0.0,0.0,0.0
0.0,0.0,0.0
0.0,0.0,0.0
0.0,0.0,0.0
0.0,0.0,0.0
0.0,0.0,0.0
0.0,0.0,0.0
0.0,0.0,0.0
0.0,0.0,0.0
0.0,0.0,0.0
0.0,0.0,0.0
0.0,0.0,0.0
0.0,0.0,0.0
0.0,0.0,0.0
0.0,0.0,0.0
0.0,0.0,0.0
0.0,0.0,0.0
0.0,0.0,0.0
0.0,0.0,0.0
0.0,0.0,0.0
0.0,0.0,0.0
0.0,0.0,0.0
0.0,0.0,0.0
0.0,0.0,0.0
0.0,0.0,0.0
0.0,0.0,0.0
0.0,0.0,0.0
0.0,0.0,0.0
0.0,0.0,0.0
0.0,0.0,0.0
0.0,0.0,0.0
0.0,0.0,0.0
0.0,0.0,0.0
0.0,0.0,0.0
0.0,0.0,0.0
0.0,0.0,0.0
0.0,0.0,0.0
0.0,0.0,0.0
0.0,0.0,0.0
0.0,0.0,0.0
0.0,0.0,0.0
0.0,0.0,0.0
0.0,0.0,0.0
0.0,0.0,0.0
0.0,0.0,0.0
0.0,0.0,0.0
0.0,0.0,0.0
0.0,0.0,0.0
0.0,0.0,0.0
0.0,0.0,0.0
0.0,0.0,0.0
0.0,0.0,0.0
0.0,0.0,0.0
0.0,0.0,0.0
0.0,0.0,0.0
0.0,0.0,0.0
0.0,0.0,0.0
0.0,0.0,0.0
0.0,0.0,0.0
0.0,0.0,0.0
0.0,119.0,0.0
0.0,259.0,0.0
0.0,489.0,0.0
0.0,283.0,0.0
0.0,144.0,0.0
0.0,53.0,0.0
0.0,0.0,0.0
0.0,0.0,0.0
0.0,0.0,0.0
0.0,0.0,0.0
0.0,0.0,0.0
0.0,4.0,0.0
0.0,13.0,0.0
0.0,1.0,0.0
0.0,0.0,0.0
0.0,0.0,0.0
0.0,0.0,0.0
0.0,57.0,0.0
0.0,156.0,0.0
0.0,298.0,0.0
0.0,559.0,0.0
0.0,583.0,0.0
0.0,559.0,0.0
0.0,524.0,0.0
0.0,525.0,0.0
0.0,544.0,0.0
0.0,553.0,0.0
0.0,584.0,0.0
0.0,598.0,0.0
0.0,640.0,0.0
0.0,641.0,0.0
0.0,743.0,0.0
0.0,836.0,0.0
0.0,919.0,0.0
0.0,919.0,0.0
0.0,974.0,0.0
0.0833333,999.0,0.0
0.0833333,1066.0,0.0568182
0.0833333,1165.0,0.0568182
0.0833333,1156.0,0.0568182
0.0833333,1174.0,0.0568182
0.0833333,1174.0,0.0568182
0.0833333,1264.0,0.0568182
0.0833333,1257.0,0.0568182
0.0833333,1307.0,0.0568182
0.0833333,1307.0,0.0568182
0.0833333,1362.0,0.0568182
0.0833333,1559.0,0.0568182
0.166667,1641.0,0.0568182
0.166667,1663.0,0.227273
0.166667,1744.0,0.227273
0.166667,1803.0,0.227273
0.166667,1742.0,0.227273
0.166667,1857.0,0.227273
0.25,2008.0,0.227273
0.25,2079.0,0.454545
0.25,2196.0,0.454545
0.25,2149.0,0.454545
0.25,2112.0,0.454545
0.333333,2112.0,0.625
0.333333,1850.0,0.625
0.333333,1754.0,0.625
0.333333,1870.0,0.625
0.416667,1874.0,0.681818
0.416667,1787.0,0.681818
0.416667,1776.0,0.681818
0.5,1736.0,0.681818
0.5,1628.0,0.795454
0.5,1628.0,0.795454
0.5,1740.0,0.795454
0.583333,1590.0,0.852273
0.583333,1489.0,0.852273
0.583333,1470.0,0.852273
0.666667,1413.0,0.965909
0.666667,1298.0,0.965909
0.666667,1350.0,0.965909
0.75,1392.0,0.965909
0.75,1371.0,0.965909
0.833333,1450.0,0.965909
0.833333,1488.0,1.02273
0.833333,1438.0,1.02273
0.916667,1416.0,1.02273
0.916667,1454.0,1.07955
0.916667,1454.0,1.07955
0.916667,1516.0,1.07955
0.916667,1624.0,1.07955
1.0,1618.0,1.07955
1.0,1550.0,0.568182
1.08333,1561.0,0.568182
1.08333,1768.0,1.30682
1.16667,1792.0,1.30682
1.16667,1584.0,1.36364
1.16667,1553.0,1.36364
1.16667,1695.0,1.36364
1.25,1640.0,1.36364
1.25,1533.0,0.738636
1.33333,1645.0,0.738636
1.33333,1700.0,1.47727
1.41667,1640.0,1.47727
1.41667,1623.0,1.53409
1.41667,1642.0,1.53409
1.41667,1612.0,1.53409
1.5,1649.0,0.795454
1.5,1584.0,0.795454
1.58333,1422.0,1.64773
1.66667,1475.0,1.64773
1.66667,1581.0,1.76136
1.75,1492.0,1.76136
1.75,1341.0,1.76136
1.83333,1388.0,1.59091
1.83333,1564.0,1.59091
1.83333,1512.0,1.59091
1.91667,1508.0,0.909091
2.0,1573.0,0.909091
2.0,1599.0,1.875
2.08333,1596.0,1.81818
2.16667,1603.0,1.81818
2.16667,1676.0,2.04545
2.25,1607.0,2.04545
2.33333,1353.0,1.53409
2.33333,1450.0,2.27273
2.41667,1639.0,1.875
2.5,1546.0,1.875
2.5,1378.0,1.98864
2.58333,1560.0,1.70455
2.66667,1651.0,1.70455
2.66667,1651.0,2.32954
2.66667,1558.0,2.32954
2.75,1526.0,2.32954
2.75,1547.0,0.965909
2.83333,1548.0,1.93182
2.91667,1526.0,1.93182
3.0,1568.0,1.875
3.0,1472.0,2.10227
3.0,1482.0,2.10227
3.0,1530.0,2.10227
3.0,1502.0,2.10227
3.08333,1427.0,0.681818
3.16667,1517.0,2.32954
3.25,1469.0,2.32954
3.33333,1326.0,2.21591
3.33333,1369.0,2.38636
3.41667,1401.0,2.04545
3.5,1392.0,2.21591
3.58333,1394.0,2.21591
3.66667,1389.0,2.55682
3.75,1431.0,2.44318
3.75,1428.0,2.32954
3.83333,1402.0,2.44318
3.91667,1371.0,2.38636
4.0,1325.0,2.61364
4.08333,1296.0,2.5
4.16667,1330.0,2.5
4.25,1385.0,2.78409
4.33333,1344.0,2.15909
4.41667,1351.0,3.52273
4.5,1390.0,2.78409
4.5,1417.0,2.84091
4.58333,1418.0,2.84091
4.66667,1526.0,1.30682
4.75,1476.0,2.78409
4.83333,1368.0,2.55682
4.83333,1403.0,2.95454
4.83333,1451.0,2.95454
4.83333,1344.0,2.95454
4.91667,1277.0,0.909091
4.91667,1291.0,0.909091
5.08333,1305.0,1.42045
5.16667,1327.0,3.63636
5.25,1327.0,3.125
5.33333,1360.0,2.89773
5.33333,1389.0,3.18182
5.41667,1410.0,3.18182
5.5,1439.0,3.63636
5.58333,1467.0,3.06818
5.58333,1501.0,3.06818
5.66667,1457.0,1.42045
5.75,1353.0,2.89773
5.91667,1330.0,3.46591
6.0,1297.0,3.86364
6.08333,1204.0,3.18182
6.08333,1158.0,3.35227
6.08333,1149.0,3.35227
6.08333,1099.0,3.35227
6.08333,1116.0,3.35227
6.25,1167.0,3.35227
6.33333,1152.0,3.35227
6.41667,1184.0,3.92045
6.5,1223.0,3.125
6.66667,1249.0,3.46591
6.75,1249.0,3.80682
6.75,1275.0,4.03409
6.83333,1340.0,1.64773
6.91667,1321.0,1.64773
7.0,1238.0,1.81818
7.08333,1364.0,3.46591
7.16667,1391.0,4.54545
7.16667,1287.0,4.54545
7.25,1206.0,1.19318
7.25,1213.0,1.19318
7.33333,1235.0,1.64773
7.33333,1234.0,1.64773
7.41667,1213.0,1.25
7.5,1197.0,3.46591
7.58333,1166.0,3.46591
7.66667,1240.0,1.81818
7.83333,1412.0,3.80682
7.83333,1434.0,3.80682
7.91667,1299.0,1.875
8.08333,1186.0,1.875
8.16667,1214.0,3.86364
8.16667,1214.0,3.35227
8.25,1262.0,3.35227
8.25,1288.0,1.25
8.33333,1279.0,2.04545
8.41667,1281.0,3.86364
8.41667,1292.0,3.86364
8.41667,1279.0,3.86364
8.5,1287.0,3.86364
8.5,1200.0,0.795454
8.66667,1120.0,2.04545
8.75,1160.0,3.52273
8.91667,1194.0,4.43182
8.91667,1282.0,4.65909
9.08333,1252.0,4.65909
9.16667,1205.0,4.60227
9.33333,1264.0,4.60227
9.41667,1259.0,4.09091
9.41667,1245.0,4.14773
9.5,1244.0,1.875
9.58333,1271.0,2.32954
9.66667,1310.0,4.20454
9.66667,1308.0,4.20454
9.66667,1286.0,4.20454
9.75,1274.0,0.795454
9.91667,1332.0,0.795454
10.0833,1358.0,4.82954
10.1667,1316.0,4.88636
10.25,1307.0,4.82954
10.4167,1363.0,4.82954
10.5,1571.0,4.88636
10.5833,1587.0,4.88636
10.6667,1517.0,5.05682
10.75,1517.0,5.05682
10.75,1461.0,2.15909
10.75,1502.0,2.15909
10.8333,1566.0,1.02273
11.0,1612.0,1.02273
11.1667,1485.0,4.43182
11.25,1375.0,4.375
11.4167,1379.0,4.375
11.5,1335.0,4.43182
11.6667,1257.0,4.82954
11.75,1259.0,4.375
11.8333,1259.0,2.38636
11.8333,1312.0,4.26136
11.8333,1318.0,4.26136
12.0,1285.0,4.26136
12.0833,1279.0,4.60227
12.1667,1321.0,4.60227
12.3333,1333.0,4.60227
12.3333,1318.0,4.88636
12.4167,1291.0,2.55682
12.5833,1292.0,2.55682
12.6667,1297.0,4.77273
12.8333,1355.0,4.94318
12.9167,1348.0,4.31818
13.0,1285.0,4.31818
13.1667,1260.0,4.31818
13.25,1271.0,4.54545
13.3333,1304.0,2.55682
13.5,1329.0,4.71591
13.6667,1344.0,4.71591
13.75,1447.0,4.82954
13.75,1461.0,4.43182
13.75,1461.0,4.43182
13.75,1519.0,4.43182
13.9167,1454.0,4.43182
14.0833,1336.0,4.88636
14.0833,1240.0,4.88636
14.25,1176.0,4.88636
14.3333,1378.0,5.85227
14.4167,1448.0,2.21591
14.5,1354.0,5.625
14.5833,1305.0,5.625
14.5833,1308.0,1.47727
14.75,1327.0,2.61364
14.8333,1316.0,5.51136
14.9167,1261.0,2.5
15.0833,1240.0,4.375
15.25,1205.0,4.71591
15.4167,1195.0,5.17045
15.5,1290.0,4.82954
15.5833,1362.0,4.82954
15.75,1422.0,4.82954
15.9167,1449.0,5.28409
16.0833,1503.0,5.22727
16.0833,1503.0,4.48864
16.0833,1560.0,4.48864
16.0833,1350.0,4.48864
16.25,1315.0,4.48864
16.3333,1271.0,5.39773
16.4167,1271.0,2.61364
16.5833,1339.0,4.65909
16.75,1319.0,4.88636
16.9167,1248.0,4.88636
17.0,1274.0,5.11364
17.1667,1325.0,5.11364
17.3333,1241.0,5.28409
17.5,1322.0,5.28409
17.5,1454.0,5.68182
17.5833,1546.0,5.68182
17.75,1413.0,5.68182
17.75,1302.0,5.51136
17.8333,1303.0,5.51136
18.0,1355.0,5.51136
18.1667,1365.0,5.56818
18.25,1292.0,4.82954
18.3333,1271.0,5.28409
18.5,1288.0,5.28409
18.5833,1273.0,5.90909
18.6667,1383.0,4.77273
18.8333,1444.0,4.77273
19.0,1470.0,5.34091
19.0,1529.0,5.39773
19.1667,1441.0,5.39773
19.3333,1299.0,5.39773
19.5,1286.0,5.51136
19.5833,1287.0,5.11364
19.75,1274.0,5.11364
19.9167,1256.0,5.11364
20.0833,1202.0,5.11364
20.1667,1137.0,5.17045
20.1667,1176.0,5.17045
20.3333,1242.0,5.17045
20.3333,1117.0,5.90909
20.5,1057.0,5.90909
20.6667,1090.0,5.56818
20.8333,1163.0,5.73864
20.9167,1163.0,5.79545
21.0,1295.0,5.79545
21.1667,1261.0,5.79545
21.25,1109.0,5.45454
21.25,1112.0,2.61364
21.4167,1101.0,2.61364
21.5,1184.0,5.51136
21.6667,1193.0,5.51136
21.8333,1177.0,5.68182
22.0,1258.0,5.68182
22.1667,1200.0,5.68182
22.3333,1099.0,5.85227
22.4167,1025.0,5.22727
22.5,998.0,5.22727
22.5833,946.0,6.76136
22.6667,909.0,2.55682
22.6667,957.0,2.55682
22.75,979.0,2.55682
22.8333,936.0,6.19318
22.9167,930.0,6.19318
23.0833,1020.0,6.19318
23.25,1212.0,5.73864
23.3333,1240.0,5.45454
23.5,1148.0,5.45454
23.6667,1140.0,5.51136
23.8333,1171.0,5.51136
24.0,1146.0,4.88636
24.0,958.0,3.52273
24.0833,995.0,1.93182
24.1667,1070.0,1.93182
24.3333,1088.0,1.93182
24.5,1103.0,5.79545
24.6667,1210.0,5.79545
24.6667,1248.0,6.64773
24.8333,1171.0,6.64773
25.0,1138.0,6.64773
25.0,1338.0,6.64773
25.1667,1362.0,6.64773
25.1667,1257.0,7.27273
25.25,1122.0,7.27273
25.3333,1224.0,1.47727
25.5,1209.0,3.01136
25.6667,1111.0,5.17045
25.75,1111.0,7.04545
25.9167,1054.0,7.04545
26.0,1073.0,5.45454
26.0833,1110.0,3.29545
26.1667,1140.0,2.89773
26.1667,1201.0,2.89773
26.1667,1286.0,2.89773
26.25,1351.0,0.852273
26.3333,1345.0,0.852273
26.5833,1323.0,5.625
26.6667,1253.0,5.90909
26.8333,1031.0,5.90909
27.0,1040.0,5.90909
27.0833,1074.0,6.13636
27.0833,1052.0,3.23864
27.25,1060.0,3.23864
27.4167,1126.0,6.30682
27.5833,1129.0,6.25
27.6667,1054.0,6.36363
27.9167,984.0,6.53409
27.9167,1104.0,7.55682
28.0833,1080.0,7.55682
28.25,1025.0,7.55682
28.4167,979.0,5.79545
28.4167,1043.0,5.73864
28.5833,1060.0,5.73864
28.5833,1038.0,6.19318
28.75,1078.0,6.19318
28.9167,1086.0,6.19318
29.1667,1037.0,7.15909
29.3333,935.0,6.59091
29.5,936.0,5.625
29.5833,1045.0,7.55682
29.6667,1170.0,6.25
29.75,1181.0,3.125
29.8333,1188.0,3.125
29.8333,1214.0,3.125
30.0833,1185.0,3.125
30.25,1146.0,5.51136
30.4167,1121.0,6.47727
30.5,1075.0,6.30682
30.6667,1026.0,6.30682
30.75,1009.0,3.29545
30.8333,1009.0,3.29545
30.8333,1040.0,2.04545
31.0,1042.0,2.04545
31.0,1045.0,7.38636
31.0833,1097.0,7.38636
31.1667,1192.0,3.18182
31.3333,1214.0,3.18182
31.5,1146.0,6.07954
31.6667,1166.0,6.07954
31.8333,1216.0,5.96591
31.8333,1136.0,6.53409
32.0,1086.0,6.53409
32.0833,1086.0,6.76136
32.0833,1105.0,3.125
32.0833,979.0,3.125
32.3333,983.0,3.125
32.5,1075.0,5.90909
32.5833,1074.0,5.96591
32.6667,1034.0,5.96591
32.9167,1061.0,6.25
33.0833,1155.0,6.30682
33.25,1168.0,6.30682
33.4167,1160.0,6.30682
33.6667,1171.0,6.30682
33.75,1172.0,6.30682
33.9167,1159.0,6.30682
34.0833,1019.0,6.30682
34.25,937.0,8.01136
34.3333,901.0,8.01136
34.5,881.0,6.53409
34.5833,892.0,6.59091
34.6667,927.0,6.59091
34.8333,945.0,1.93182
35.0,959.0,1.93182
35.0833,1078.0,5.85227
35.25,1157.0,6.53409
35.5,1027.0,6.53409
35.6667,938.0,6.53409
35.75,927.0,7.15909
36.0,1036.0,7.15909
36.0833,1024.0,7.27273
36.0833,1010.0,2.95454
36.0833,1010.0,2.95454
36.0833,1025.0,2.95454
36.3333,1032.0,2.95454
36.5,1098.0,6.36363
36.6667,1123.0,6.30682
36.75,1145.0,5.85227
37.0,1112.0,5.85227
37.1667,1076.0,5.96591
37.25,1082.0,6.42045
37.25,1092.0,6.42045
37.3333,1120.0,1.53409
37.5,1077.0,3.18182
37.6667,1185.0,5.85227
37.8333,1270.0,5.85227
38.0,1245.0,7.10227
38.1667,1136.0,6.53409
38.1667,1007.0,6.07954
38.3333,979.0,6.07954
38.4167,1028.0,6.30682
38.5,1119.0,5.85227
38.6667,1118.0,5.85227
38.6667,1065.0,5.96591
38.8333,1069.0,5.96591
38.9167,1083.0,6.13636
39.1667,1157.0,6.13636
39.3333,1140.0,6.13636
39.4167,1086.0,6.19318
39.6667,1055.0,6.19318
39.6667,1037.0,6.25
39.6667,1052.0,6.25
39.6667,1091.0,6.25
39.8333,1092.0,6.25
40.0,1070.0,6.30682
40.1667,1062.0,6.30682
40.3333,1130.0,6.30682
40.4167,1190.0,5.90909
40.6667,1191.0,5.90909
40.8333,1092.0,6.30682
41.0,1080.0,6.36363
41.1667,1152.0,6.36363
41.3333,1216.0,6.36363
41.5,1216.0,6.36363
41.6667,1073.0,6.36363
41.8333,1073.0,6.875
42.0,929.0,6.64773
42.25,921.0,6.93182
42.3333,917.0,6.36363
42.4167,1011.0,6.36363
42.6667,1025.0,6.36363
42.8333,1053.0,6.59091
42.9167,1152.0,5.90909
43.1667,1211.0,5.90909
43.25,1148.0,6.81818
43.4167,1140.0,6.47727
43.4167,1087.0,5.79545
43.5833,1011.0,5.79545
43.75,933.0,5.56818
43.8333,876.0,6.25
43.9167,964.0,2.89773
44.0,973.0,2.89773
44.25,973.0,2.89773
44.4167,1076.0,6.36363
44.5,1195.0,6.93182
44.75,1255.0,6.30682
44.8333,1261.0,6.30682
45.0,1178.0,6.30682
45.0833,997.0,5.90909
45.3333,969.0,5.90909
45.4167,986.0,6.47727
45.5833,1037.0,6.47727
45.75,1124.0,6.25
46.0,1089.0,6.59091
46.1667,1097.0,6.30682
46.3333,1090.0,6.53409
46.4167,1070.0,6.81818
46.6667,1041.0,6.81818
46.8333,1075.0,6.19318
46.8333,1119.0,6.19318
46.9167,1094.0,6.19318
47.0833,978.0,6.19318
47.25,1010.0,5.85227
47.3333,1099.0,6.59091
47.5,1159.0,6.59091
47.6667,1126.0,6.42045
47.8333,1074.0,6.19318
47.9167,1023.0,7.67045
48.0,1023.0,8.06818
48.0833,1022.0,2.89773
48.0833,1043.0,2.89773
48.1667,1112.0,1.25
48.3333,1120.0,3.125
48.4167,1079.0,7.27273
48.6667,1083.0,7.21591
48.75,1026.0,6.07954
48.8333,1045.0,6.07954
48.8333,1089.0,2.15909
48.9167,1122.0,2.10227
49.0,1094.0,2.10227
49.0833,1056.0,5.17045
49.0833,1107.0,5.17045
49.25,1152.0,5.17045
49.4167,1111.0,5.17045
49.6667,1077.0,6.76136
49.75,1125.0,7.10227
49.9167,1216.0,7.10227
49.9167,1203.0,8.52273
50.0833,1126.0,8.52273
50.25,1056.0,6.76136
50.4167,1046.0,6.59091
50.5833,1048.0,5.90909
50.5833,1061.0,3.125
50.75,1063.0,3.125
51.0,998.0,3.125
51.1667,959.0,3.125
51.3333,958.0,5.85227
51.5,1168.0,5.39773
51.6667,1177.0,5.90909
51.75,1129.0,5.79545
51.75,1113.0,5.79545
51.8333,1091.0,5.79545
52.0,1113.0,5.79545
52.1667,1121.0,6.76136
52.3333,1127.0,6.76136
52.5,1108.0,6.47727
52.6667,1024.0,6.53409
52.75,1048.0,6.25
52.9167,1111.0,6.25
53.0833,1182.0,6.25
53.0833,1182.0,6.07954
53.1667,1197.0,1.59091
53.3333,1194.0,3.01136
53.4167,1194.0,5.625
53.5833,1212.0,5.625
53.75,1160.0,6.76136
53.9167,1089.0,6.36363
54.0,1190.0,6.07954
54.0,1230.0,6.07954
54.0833,1184.0,1.47727
54.1667,1198.0,3.125
54.3333,1146.0,3.125
54.4167,1104.0,7.32954
54.5833,1130.0,7.27273
54.75,1247.0,7.27273
55.0,1145.0,7.27273
55.1667,1069.0,6.02273
55.1667,1067.0,6.02273
55.3333,1036.0,6.02273
55.5,1169.0,6.02273
55.6667,1414.0,6.02273
55.75,1638.0,6.42045
55.9167,1650.0,3.01136
56.0833,1459.0,6.02273
56.25,1341.0,6.02273
56.3333,1233.0,6.875
56.5,1306.0,6.70454
56.75,1163.0,6.70454
56.9167,1057.0,6.02273
56.9167,1078.0,5.56818
56.9167,1103.0,5.56818
56.9167,1106.0,5.56818
57.0833,1132.0,5.56818
57.25,1235.0,5.56818
57.4167,1312.0,5.73864
57.5833,1408.0,5.68182
57.6667,1542.0,5.51136
57.9167,1360.0,6.53409
58.0833,1160.0,5.90909
58.25,1010.0,6.25
58.3333,1184.0,5.68182
58.3333,1527.0,5.68182
58.4167,1495.0,1.53409
58.5833,1495.0,2.78409
58.75,1304.0,6.36363
59.0,1115.0,6.42045
59.1667,1128.0,5.625
59.25,1189.0,6.70454
59.4167,1397.0,6.70454
59.4167,1516.0,6.25
59.4167,1269.0,6.25
59.5,1095.0,6.25
59.6667,1154.0,6.25
59.8333,1313.0,6.25
60.0,1322.0,6.25
60.1667,1167.0,6.25
60.3333,1124.0,6.42045
60.3333,1090.0,6.93182
60.5,1111.0,6.93182
60.6667,1160.0,6.13636
60.8333,1159.0,6.13636
61.0,1141.0,6.07954
61.0833,1139.0,3.40909
61.25,1219.0,3.40909
61.4167,1251.0,5.90909
61.5833,1206.0,6.25
61.6667,1180.0,5.68182
61.9167,1197.0,5.68182
62.0833,1187.0,6.07954
62.1667,1131.0,6.36363
62.1667,1136.0,6.36363
62.25,1174.0,6.36363
62.3333,1211.0,1.19318
62.5833,1279.0,3.18182
62.75,1334.0,5.17045
62.9167,1249.0,5.17045
62.9167,1116.0,6.13636
63.0833,1105.0,6.13636
63.3333,1133.0,6.42045
63.5,1194.0,6.19318
63.5,1228.0,5.96591
63.5,1253.0,5.96591
63.5833,1194.0,5.96591
63.8333,1123.0,6.36363
64.0,1066.0,6.30682
64.0833,1066.0,5.96591
64.25,1113.0,5.96591
64.4167,1112.0,6.07954
64.5833,1127.0,6.19318
64.6667,1190.0,5.90909
64.75,1106.0,6.875
64.8333,1029.0,6.875
65.0833,997.0,6.875
65.25,1060.0,6.875
65.4167,1192.0,6.875
65.5,1104.0,6.36363
65.5833,1073.0,7.5
65.75,1121.0,7.5
65.75,1164.0,6.02273
65.8333,1185.0,6.02273
66.0,1237.0,6.02273
66.1667,1235.0,6.42045
66.4167,1208.0,6.19318
66.5833,1223.0,6.19318
66.75,1196.0,6.19318
66.9167,1167.0,6.19318
67.0833,1187.0,6.25
67.25,1197.0,6.42045
67.4167,1184.0,6.13636
67.5833,1141.0,6.02273
67.5833,1115.0,6.19318
67.75,1108.0,6.19318
67.8333,1051.0,6.02273
68.0,1032.0,6.02273
68.25,1027.0,6.07954
68.4167,1029.0,6.30682
68.5,1074.0,5.85227
68.5833,1078.0,5.85227
68.6667,1095.0,5.90909
68.6667,1135.0,5.90909
68.6667,1226.0,5.90909
68.8333,1185.0,5.90909
69.0,1171.0,5.85227
69.1667,1121.0,5.90909
69.25,1034.0,5.85227
69.3333,1154.0,7.44318
69.5833,1238.0,7.44318
69.6667,1238.0,6.76136
69.75,1218.0,6.76136
69.9167,1148.0,6.47727
69.9167,1209.0,6.13636
70.0,1271.0,1.59091
70.1667,1246.0,3.01136
70.3333,1183.0,3.01136
70.4167,1098.0,5.96591
70.6667,1154.0,5.96591
70.75,1116.0,6.42045
70.8333,1053.0,3.46591
70.9167,1079.0,3.46591
71.0833,1085.0,3.46591
71.0833,1096.0,5.85227
71.1667,1214.0,2.21591
71.3333,1258.0,3.29545
71.5833,1267.0,5.79545
71.75,1245.0,5.79545
71.9167,1232.0,5.90909
72.1667,1214.0,5.90909
72.25,1199.0,6.30682
72.4167,1101.0,6.30682
72.4167,1044.0,6.98863
72.5,1055.0,1.59091
72.6667,1077.0,3.06818
72.8333,1137.0,5.68182
72.9167,1134.0,7.38636
73.1667,1140.0,7.38636
73.25,1136.0,5.34091
73.3333,1142.0,6.07954
73.5,1209.0,6.07954
73.75,1234.0,6.07954
73.75,1236.0,5.73864
73.8333,1214.0,2.15909
73.9167,1205.0,2.15909
74.1667,1158.0,2.15909
74.3333,1169.0,5.625
74.5,1242.0,5.73864
74.6667,1292.0,5.73864
74.9167,1288.0,5.73864
75.0833,1290.0,6.19318
75.0833,1340.0,6.19318
75.25,1334.0,6.19318
75.3333,1334.0,5.90909
75.5833,1151.0,5.90909
75.75,1141.0,5.90909
75.8333,1277.0,5.96591
75.9167,1406.0,5.96591
76.0833,1384.0,6.13636
76.25,1274.0,6.13636
76.25,1097.0,6.98863
76.25,1070.0,6.98863
76.25,1287.0,6.98863
76.3333,1276.0,0.795454
76.5833,1185.0,2.89773
76.6667,1160.0,5.79545
76.8333,1264.0,5.79545
77.0,1407.0,6.70454
77.1667,1387.0,6.07954
77.3333,1386.0,6.07954
77.3333,1225.0,5.79545
77.5833,1271.0,5.79545
77.6667,1278.0,5.90909
77.8333,1288.0,5.05682
78.0,1314.0,6.13636
78.1667,1327.0,6.13636
78.3333,1448.0,6.13636
78.4167,1474.0,5.45454
78.5,1498.0,6.875
78.6667,1487.0,6.875
78.8333,1342.0,6.875
78.9167,1280.0,5.79545
78.9167,1257.0,1.98864
79.0,1263.0,1.98864
79.0833,1271.0,1.53409
79.25,1241.0,5.39773
79.4167,1250.0,6.30682
79.5833,1297.0,6.30682
79.75,1328.0,6.19318
79.8333,1259.0,5.79545
80.0,1268.0,5.79545
80.0833,1272.0,5.96591
80.0833,1246.0,5.96591
80.0833,1227.0,5.96591
80.1667,1269.0,0.852273
80.3333,1300.0,3.06818
80.5,1300.0,5.45454
80.6667,1291.0,5.45454
80.8333,1298.0,5.45454
81.0,1371.0,6.30682
81.1667,1369.0,6.07954
81.3333,1371.0,6.07954
81.4167,1333.0,6.30682
81.4167,1299.0,6.30682
81.5,1202.0,6.30682
81.5833,1137.0,0.965909
81.75,1169.0,2.84091
81.9167,1202.0,5.56818
82.0833,1122.0,5.56818
82.25,1066.0,5.56818
82.4167,1107.0,6.25
82.5833,1251.0,6.25
82.75,1296.0,5.96591
82.8333,1302.0,6.36363
82.8333,1326.0,6.36363
83.0,1421.0,6.36363
83.0,1291.0,6.59091
83.1667,1244.0,6.59091
83.3333,1264.0,5.68182
83.5,1210.0,5.68182
83.6667,1180.0,5.68182
83.6667,1262.0,5.79545
83.8333,1325.0,5.79545
84.0,1315.0,5.79545
84.1667,1329.0,5.79545
84.4167,1364.0,5.79545
84.4167,1299.0,5.85227
84.5833,1320.0,5.85227
84.75,1288.0,5.85227
84.8333,1227.0,6.36363
85.0,1184.0,6.36363
85.0,1098.0,6.93182
85.1667,1056.0,6.93182
85.25,1074.0,5.39773
85.25,1163.0,5.39773
85.4167,1124.0,5.39773
85.5,1140.0,6.25
85.6667,1233.0,6.25
85.8333,1233.0,6.07954
86.0,1279.0,6.07954
86.25,1289.0,6.07954
86.4167,1291.0,6.07954
86.5,1302.0,6.19318
86.5833,1291.0,3.01136
86.5833,1253.0,3.29545
86.5833,1243.0,3.29545
86.6667,1239.0,1.02273
86.75,1263.0,1.02273
86.9167,1228.0,5.28409
87.0833,1187.0,6.30682
87.1667,1117.0,6.30682
87.25,1100.0,2.89773
87.4167,1194.0,2.95454
87.5,1309.0,3.46591
87.6667,1311.0,3.46591
87.6667,1274.0,5.79545
87.75,1295.0,5.79545
87.75,1318.0,1.53409
87.9167,1210.0,2.15909
88.1667,1178.0,6.36363
88.3333,1212.0,6.30682
88.5,1210.0,6.53409
88.5833,1154.0,5.73864
88.6667,1124.0,3.18182
88.6667,1182.0,3.18182
88.9167,1255.0,3.18182
89.0,1310.0,6.93182
89.0833,1337.0,3.23864
89.25,1339.0,6.19318
89.3333,1345.0,7.44318
89.5833,1300.0,6.81818
89.75,1279.0,6.47727
89.8333,1252.0,5.79545
89.9167,1160.0,3.23864
90.0,1231.0,3.23864
90.0,1297.0,2.04545
90.25,1240.0,2.04545
90.4167,1116.0,6.02273
90.5833,1058.0,6.02273
90.75,1195.0,6.02273
90.9167,1203.0,6.02273
91.0,1203.0,5.51136
91.25,1228.0,5.51136
91.3333,1225.0,6.47727
91.3333,1260.0,6.47727
91.4167,1264.0,6.47727
91.5833,1303.0,6.47727
91.75,1377.0,6.25
91.9167,1394.0,6.25
92.0833,1419.0,6.25
92.25,1363.0,6.02273
92.4167,1277.0,6.36363
92.5833,1139.0,6.36363
92.6667,960.0,6.59091
92.8333,1026.0,6.59091
93.0,1077.0,6.19318
93.1667,1204.0,6.19318
93.25,1229.0,6.07954
93.5,1245.0,6.07954
93.6667,1262.0,6.07954
93.8333,1346.0,6.07954
94.0,1425.0,6.07954
94.1667,1244.0,6.07954
94.4167,1272.0,6.07954
94.5833,1357.0,5.85227
94.6667,1324.0,6.81818
94.6667,1121.0,6.81818
94.8333,1075.0,6.81818
95.0,1148.0,6.07954
95.25,1133.0,6.07954
95.3333,1081.0,6.42045
95.5,1118.0,6.42045
95.5833,1151.0,5.96591
95.75,1167.0,5.96591
95.8333,1095.0,5.68182
96.0,1199.0,5.68182
96.1667,1180.0,6.47727
96.25,1092.0,6.47727
96.4167,1084.0,6.25
96.5833,1156.0,5.73864
96.75,1230.0,5.73864
96.8333,1186.0,5.45454
96.9167,1176.0,7.21591
97.1667,1171.0,7.21591
97.25,1171.0,5.85227
97.25,1179.0,5.28409
97.4167,1243.0,5.28409
97.5833,1301.0,6.07954
97.5833,1290.0,5.96591
97.75,1290.0,5.96591
97.9167,1420.0,5.96591
98.0,1437.0,5.68182
98.1667,1329.0,5.68182
98.1667,1237.0,6.25
98.3333,1248.0,6.25
98.3333,1261.0,5.625
98.5,1216.0,6.36363
98.5,1274.0,6.36363
98.6667,1387.0,6.36363
98.75,1389.0,6.53409
98.9167,1333.0,6.07954
99.0833,1235.0,5.96591
99.1667,1172.0,5.96591
99.25,1156.0,2.72727
99.3333,1224.0,3.01136
99.4167,1236.0,6.30682
99.4167,1072.0,6.30682
99.5,997.0,1.42045
99.5,1152.0,1.42045
99.5833,1328.0,1.42045
99.6667,1401.0,2.84091
99.8333,1405.0,5.79545
100.0,1400.0,5.51136
100.083,1399.0,5.28409
100.167,1392.0,5.22727
100.333,1424.0,5.22727
100.5,1456.0,5.22727
100.583,1445.0,5.05682
100.667,1391.0,5.51136
100.75,1248.0,5.51136
100.833,1279.0,6.36363
100.917,1389.0,6.36363
101.083,1347.0,6.36363
101.167,1312.0,5.22727
101.25,1423.0,5.22727
101.417,1474.0,5.90909
101.583,1474.0,5.90909
101.75,1457.0,5.90909
101.917,1456.0,5.56818
101.917,1342.0,5.22727
101.917,1274.0,5.22727
102.0,1363.0,5.22727
102.167,1424.0,5.22727
102.167,1333.0,5.79545
102.333,1172.0,5.79545
102.5,1223.0,5.51136
102.667,1316.0,5.22727
102.75,1346.0,5.22727
102.917,1360.0,5.22727
102.917,1466.0,5.11364
102.917,1476.0,5.11364
103.083,1527.0,5.11364
103.083,1520.0,5.05682
103.167,1268.0,5.05682
103.333,1198.0,5.05682
103.5,1155.0,5.05682
103.583,1238.0,5.51136
103.75,1383.0,5.51136
103.833,1318.0,5.05682
103.917,1176.0,6.25
104.0,1143.0,2.72727
104.083,1278.0,2.38636
104.167,1396.0,2.89773
104.25,1341.0,2.89773
104.417,1265.0,2.89773
104.583,1361.0,5.28409
104.667,1435.0,5.0
104.833,1288.0,5.0
105.0,1142.0,5.0
105.083,1168.0,5.34091
105.25,1184.0,4.82954
105.333,1105.0,6.30682
105.5,1089.0,6.30682
105.583,1239.0,4.77273
105.583,1341.0,4.77273
105.667,1331.0,4.77273
105.833,1302.0,4.77273
106.0,1345.0,4.77273
106.0,1356.0,5.0
106.167,1356.0,5.0
106.333,1334.0,4.94318
106.417,1293.0,5.11364
106.5,1167.0,5.11364
106.667,1098.0,5.625
106.75,1086.0,4.94318
106.833,1114.0,4.94318
106.917,1102.0,5.73864
106.917,1045.0,5.73864
107.0,1064.0,5.73864
107.0,1175.0,1.02273
107.083,1292.0,1.02273
107.25,1444.0,1.70455
107.417,1543.0,4.60227
107.5,1563.0,5.56818
107.667,1537.0,5.56818
107.75,1462.0,6.07954
107.917,1382.0,4.94318
108.083,1247.0,4.94318
108.083,1231.0,4.94318
108.083,1340.0,4.94318
108.167,1496.0,1.19318
108.25,1481.0,2.84091
108.417,1329.0,2.84091
108.583,1468.0,4.65909
108.667,1547.0,4.88636
108.833,1582.0,5.22727
108.917,1482.0,5.73864
109.0,1360.0,2.27273
109.167,1355.0,4.82954
109.25,1295.0,5.56818
109.333,1278.0,4.88636
109.5,1278.0,4.88636
109.667,1307.0,5.0
109.75,1312.0,6.42045
109.833,1382.0,6.42045
110.0,1485.0,5.17045
110.167,1428.0,5.05682
110.333,1371.0,5.05682
110.5,1289.0,5.05682
110.583,1286.0,4.88636
110.75,1349.0,4.88636
110.917,1184.0,4.88636
111.0,1184.0,4.82954
111.0,1186.0,4.82954
111.167,1068.0,4.82954
111.25,1107.0,4.48864
111.25,1139.0,4.48864
111.417,1105.0,4.48864
111.583,1175.0,4.48864
111.75,1216.0,4.82954
111.833,1123.0,5.0
111.833,1070.0,4.94318
112.0,1141.0,4.94318
112.0,1239.0,4.31818
112.167,1126.0,4.31818
112.25,1170.0,4.20454
112.25,1291.0,4.20454
112.333,1294.0,1.59091
112.333,1240.0,1.59091
112.5,1330.0,1.59091
112.5,1394.0,4.77273
112.583,1349.0,1.53409
112.667,1277.0,1.53409
112.833,1273.0,2.5
112.917,1273.0,4.54545
112.917,1238.0,4.31818
113.083,1168.0,4.31818
113.083,1299.0,4.375
113.167,1375.0,4.375
113.333,1331.0,4.375
113.333,1261.0,4.31818
113.5,1285.0,4.31818
113.5,1338.0,4.65909
113.583,1197.0,1.64773
113.75,1129.0,4.65909
113.917,1187.0,4.65909
114.0,1359.0,4.82954
114.167,1407.0,4.82954
114.167,1313.0,4.48864
114.167,1287.0,4.48864
114.333,1279.0,4.48864
114.5,1288.0,4.60227
114.583,1357.0,5.11364
114.75,1366.0,5.11364
114.833,1366.0,4.54545
114.833,1364.0,4.54545
114.917,1369.0,4.54545
115.0,1370.0,4.94318
115.167,1293.0,4.94318
115.333,1139.0,4.375
115.417,1168.0,5.0
115.5,1125.0,5.0
115.583,1102.0,4.54545
115.75,1085.0,4.54545
115.917,1152.0,4.54545
116.083,1229.0,4.65909
116.167,1197.0,4.43182
116.25,1223.0,4.43182
116.333,1267.0,4.03409
116.5,1250.0,4.03409
116.583,1245.0,4.88636
116.75,1237.0,4.48864
116.833,1252.0,4.77273
117.0,1159.0,4.77273
117.083,1058.0,4.03409
117.167,967.0,4.03409
117.25,967.0,4.82954
117.417,1121.0,4.60227
117.583,1223.0,4.71591
117.667,1239.0,4.375
117.75,1290.0,4.375
117.833,1333.0,4.71591
118.0,1486.0,4.375
118.0,1508.0,4.26136
118.083,1545.0,4.26136
118.25,1483.0,4.26136
118.333,1354.0,5.68182
118.5,1293.0,5.68182
118.583,1286.0,4.60227
118.75,1345.0,4.60227
118.917,1325.0,4.60227
119.0,1355.0,4.48864
119.083,1405.0,3.46591
119.167,1436.0,3.46591
119.167,1426.0,2.15909
119.333,1424.0,2.15909
119.417,1571.0,3.86364
119.417,1571.0,3.86364
119.5,1571.0,1.42045
119.667,1385.0,1.42045
119.75,1314.0,5.45454
119.917,1364.0,5.45454
120.083,1249.0,5.45454
120.167,1097.0,4.26136
120.25,1064.0,4.82954
120.333,1283.0,2.04545
120.417,1253.0,4.94318
120.5,1153.0,4.94318
120.583,1108.0,4.09091
120.667,1190.0,4.09091
120.75,1226.0,2.21591
120.917,1229.0,2.21591
121.0,1229.0,4.14773
121.167,1261.0,4.14773
121.167,1399.0,4.14773
121.333,1460.0,4.14773
121.417,1486.0,4.31818
121.5,1483.0,3.86364
121.583,1339.0,3.97727
121.667,1275.0,3.97727
121.833,1220.0,4.60227
121.833,1190.0,5.0
122.0,1181.0,5.0
122.083,1146.0,4.60227
122.167,1234.0,3.63636
122.167,1291.0,3.75
122.25,1293.0,3.75
122.333,1442.0,3.63636
122.333,1432.0,3.63636
122.417,1503.0,3.63636
122.5,1535.0,3.75
122.583,1483.0,3.75
122.667,1380.0,1.81818
122.75,1407.0,3.86364
122.917,1478.0,3.69318
123.0,1422.0,3.69318
123.083,1262.0,3.63636
123.25,1179.0,3.63636
123.333,1194.0,3.69318
123.5,1225.0,3.63636
123.667,1231.0,3.63636
123.667,1331.0,3.40909
123.667,1310.0,3.40909
123.75,1278.0,1.19318
123.917,1309.0,3.46591
124.0,1352.0,3.69318
124.0,1424.0,3.75
124.083,1449.0,1.76136
124.25,1432.0,3.46591
124.333,1445.0,4.09091
124.417,1518.0,3.35227
124.5,1518.0,4.09091
124.583,1418.0,4.09091
124.667,1370.0,1.64773
124.667,1407.0,3.92045
124.833,1352.0,3.92045
124.917,1314.0,3.52273
124.917,1308.0,3.35227
125.0,1426.0,1.76136
125.0,1426.0,1.76136
125.083,1413.0,1.59091
125.167,1450.0,3.06818
125.25,1498.0,3.01136
125.417,1533.0,3.01136
125.417,1493.0,4.375
125.5,1528.0,1.70455
125.583,1577.0,2.84091
125.75,1591.0,2.84091
125.833,1587.0,3.125
125.917,1587.0,3.18182
126.0,1617.0,2.89773
126.083,1667.0,3.35227
126.083,1645.0,3.35227
126.167,1594.0,1.47727
126.25,1509.0,3.29545
126.333,1444.0,3.01136
126.417,1440.0,3.125
126.583,1482.0,3.125
126.667,1532.0,2.84091
126.75,1481.0,2.84091
126.833,1477.0,3.06818
126.833,1477.0,3.125
126.833,1477.0,3.125
126.917,1564.0,3.125
127.0,1654.0,0.965909
127.083,1527.0,3.01136
127.167,1540.0,2.38636
127.25,1535.0,2.89773
127.333,1532.0,3.46591
127.417,1636.0,2.61364
127.417,1612.0,2.78409
127.5,1608.0,2.78409
127.583,1598.0,1.30682
127.667,1525.0,3.01136
127.75,1522.0,2.44318
127.833,1538.0,3.29545
127.833,1541.0,2.55682
127.833,1555.0,2.55682
127.917,1572.0,1.30682
128.0,1737.0,2.72727
128.0,1750.0,2.72727
128.083,1754.0,1.36364
128.167,1710.0,2.61364
128.25,1742.0,2.61364
128.333,1781.0,2.32954
128.333,1652.0,2.78409
128.417,1573.0,2.78409
128.5,1495.0,1.25
128.5,1350.0,2.95454
128.583,1337.0,2.55682
128.667,1337.0,2.32954
128.75,1430.0,2.5
128.833,1441.0,2.72727
128.917,1507.0,2.72727
129.0,1753.0,2.38636
129.083,1878.0,2.5
129.167,1631.0,2.5
129.167,1601.0,2.55682
129.25,1653.0,2.27273
129.333,1732.0,2.84091
129.417,1625.0,2.44318
129.5,1480.0,2.44318
129.583,1475.0,2.5
129.667,1504.0,2.04545
129.667,1504.0,2.84091
129.75,1499.0,2.38636
129.833,1482.0,2.32954
129.833,1489.0,2.32954
129.833,1521.0,2.32954
129.833,1497.0,2.32954
129.917,1542.0,0.738636
129.917,1649.0,0.738636
129.917,1573.0,0.738636
130.0,1479.0,0.738636
130.0,1474.0,0.795454
130.083,1603.0,2.21591
130.167,1638.0,2.15909
130.25,1548.0,3.01136
130.333,1497.0,3.01136
130.417,1588.0,2.27273
130.417,1573.0,1.98864
130.5,1574.0,2.04545
130.583,1587.0,2.04545
130.667,1736.0,2.5
130.667,1753.0,2.21591
130.75,1619.0,2.32954
130.833,1498.0,2.32954
130.917,1568.0,2.32954
131.0,1657.0,2.10227
131.0,1679.0,2.44318
131.083,1614.0,2.21591
131.167,1614.0,2.27273
131.25,1634.0,2.27273
131.333,1614.0,2.10227
131.333,1601.0,2.15909
131.417,1621.0,2.27273
131.5,1616.0,2.27273
131.583,1583.0,1.93182
131.583,1551.0,2.15909
131.667,1542.0,2.10227
131.75,1553.0,2.10227
131.75,1527.0,2.04545
131.833,1527.0,2.10227
131.917,1509.0,2.10227
132.0,1487.0,1.875
132.0,1493.0,2.04545
132.083,1490.0,1.98864
132.167,1490.0,1.98864
132.167,1509.0,1.81818
132.25,1552.0,2.04545
132.333,1547.0,2.04545
132.417,1581.0,2.5
132.417,1564.0,1.98864
132.5,1571.0,2.15909
132.5,1605.0,2.15909
132.583,1615.0,2.15909
132.583,1611.0,1.07955
132.667,1593.0,2.10227
132.75,1424.0,2.10227
132.75,1394.0,1.875
132.833,1391.0,2.10227
132.917,1392.0,2.10227
132.917,1425.0,2.10227
133.0,1412.0,1.81818
133.083,1348.0,1.81818
133.083,1336.0,1.81818
133.167,1312.0,1.875
133.25,1377.0,1.875
133.333,1368.0,1.875
133.333,1389.0,2.10227
133.417,1480.0,2.10227
133.417,1519.0,1.81818
133.5,1532.0,1.70455
133.583,1480.0,1.70455
133.583,1383.0,1.98864
133.583,1384.0,1.98864
133.667,1440.0,1.98864
133.667,1362.0,0.852273
133.75,1378.0,2.10227
133.833,1385.0,2.27273
133.833,1406.0,2.27273
133.917,1351.0,1.76136
134.0,1353.0,2.32954
134.0,1441.0,2.32954
134.0,1497.0,2.32954
134.083,1502.0,2.32954
134.083,1577.0,0.852273
134.167,1536.0,1.875
134.25,1518.0,1.875
134.25,1518.0,2.04545
134.333,1518.0,1.64773
134.417,1476.0,1.64773
134.417,1469.0,1.875
134.5,1378.0,1.81818
134.5,1233.0,1.81818
134.583,1245.0,1.70455
134.667,1203.0,1.70455
134.667,1260.0,1.42045
134.75,1306.0,1.93182
134.75,1292.0,1.93182
134.833,1307.0,1.76136
134.917,1304.0,1.76136
134.917,1345.0,1.64773
135.0,1438.0,1.81818
135.083,1366.0,1.81818
135.083,1425.0,1.76136
135.083,1451.0,1.76136
135.083,1343.0,1.76136
135.167,1253.0,0.795454
135.167,1342.0,0.795454
135.25,1442.0,0.795454
135.25,1451.0,1.36364
135.333,1381.0,1.70455
135.417,1379.0,1.70455
135.417,1369.0,1.59091
135.5,1347.0,1.93182
135.5,1393.0,1.93182
135.583,1429.0,1.59091
135.583,1456.0,1.59091
135.667,1407.0,1.30682
135.75,1411.0,1.30682
135.75,1486.0,2.04545
135.75,1512.0,2.04545
135.75,1497.0,2.04545
135.833,1521.0,0.795454
135.917,1473.0,0.795454
135.917,1427.0,1.76136
135.917,1359.0,1.76136
136.0,1351.0,1.30682
136.0,1393.0,1.30682
136.0,1362.0,1.30682
136.083,1301.0,1.30682
136.083,1301.0,0.738636
136.167,1313.0,0.738636
136.167,1294.0,1.64773
136.167,1333.0,1.64773
136.167,1324.0,1.64773
136.167,1311.0,1.64773
136.167,1355.0,1.64773
136.167,1320.0,1.64773
136.25,1327.0,0.454545
136.25,1423.0,0.454545
136.25,1448.0,0.454545
136.25,1456.0,0.454545
136.25,1498.0,0.454545
136.25,1554.0,0.454545
136.25,1557.0,0.454545
136.25,1514.0,0.454545
136.25,1520.0,0.454545
136.25,1596.0,0.454545
136.25,1574.0,0.454545
136.25,1528.0,0.454545
136.333,1530.0,0.454545
136.333,1556.0,0.227273
136.333,1561.0,0.227273
136.417,1506.0,1.30682
136.417,1528.0,1.30682
136.5,1579.0,1.42045
136.5,1547.0,1.42045
136.583,1517.0,1.42045
136.583,1515.0,1.42045
136.667,1582.0,1.42045
136.667,1676.0,1.02273
136.75,1567.0,1.02273
136.75,1641.0,1.36364
136.75,1705.0,1.36364
136.75,1661.0,1.36364
137.583,1600.0,1.25
137.583,1649.0,1.25
137.667,1550.0,1.25
137.667,1579.0,1.07955
137.667,1584.0,1.07955
137.75,1558.0,1.07955
137.75,1568.0,1.07955
137.75,1568.0,1.07955
137.833,1548.0,0.852273
137.833,1561.0,0.852273
137.833,1576.0,0.852273
137.917,1631.0,0.852273
137.917,1703.0,0.909091
137.917,1688.0,0.909091
138.0,1699.0,0.909091
138.0,1787.0,0.965909
138.0,1728.0,0.965909
138.0,1760.0,0.965909
138.083,1694.0,0.795454
138.083,1626.0,0.795454
138.083,1626.0,0.795454
138.167,1675.0,0.795454
138.167,1661.0,0.795454
138.167,1602.0,0.795454
138.167,1578.0,0.795454
138.25,1570.0,0.795454
138.25,1613.0,0.795454
138.25,1597.0,0.795454
138.25,1583.0,0.795454
138.333,1596.0,0.795454
138.333,1598.0,0.681818
138.333,1595.0,0.681818
138.333,1649.0,0.681818
138.333,1637.0,0.681818
138.417,1633.0,0.681818
138.417,1584.0,0.568182
138.417,1501.0,0.568182
138.417,1504.0,0.568182
138.417,1457.0,0.568182
138.5,1423.0,0.568182
138.5,1471.0,0.568182
138.5,1424.0,0.568182
138.5,1461.0,0.568182
138.5,1508.0,0.568182
138.5,1518.0,0.568182
138.583,1505.0,0.568182
138.583,1512.0,0.454545
138.583,1545.0,0.454545
138.583,1547.0,0.454545
138.583,1523.0,0.454545
138.583,1511.0,0.454545
138.583,1541.0,0.454545
138.667,1503.0,0.454545
138.667,1500.0,0.397727
138.667,1518.0,0.397727
138.667,1549.0,0.397727
138.667,1609.0,0.397727
138.667,1548.0,0.397727
138.667,1475.0,0.397727
138.667,1473.0,0.397727
138.667,1535.0,0.397727
138.75,1633.0,0.340909
138.75,1633.0,0.340909
138.75,1633.0,0.340909
138.75,1473.0,0.340909
138.75,1620.0,0.340909
138.75,1622.0,0.340909
138.75,1484.0,0.340909
138.75,1421.0,0.340909
138.75,1462.0,0.340909
138.75,1555.0,0.340909
138.75,1427.0,0.340909
138.75,1313.0,0.340909
138.75,1427.0,0.340909
138.75,1533.0,0.340909
138.75,1349.0,0.340909
138.75,1296.0,0.340909
138.75,1296.0,0.340909
138.75,1532.0,0.340909
138.75,1416.0,0.340909
138.833,1363.0,0.340909
138.833,1430.0,0.170455
138.833,1487.0,0.170455
138.833,1359.0,0.170455
138.833,1393.0,0.170455
138.833,1461.0,0.170455
138.833,1519.0,0.170455
138.833,1331.0,0.170455
138.833,1306.0,0.170455
138.833,1378.0,0.170455
138.833,1491.0,0.170455
138.833,1453.0,0.170455
138.833,1383.0,0.170455
138.833,1393.0,0.170455
138.833,1480.0,0.170455
138.833,1486.0,0.170455
138.833,1384.0,0.170455
138.833,1299.0,0.170455
138.833,1228.0,0.170455
138.833,1249.0,0.170455
138.833,769.0,0.170455
138.833,343.0,0.170455
138.833,131.0,0.170455
138.833,10.0,0.170455
138.833,0.0,0.170455
138.833,0.0,0.170455
138.833,0.0,0.170455
138.833,0.0,0.170455
138.833,0.0,0.170455
138.833,0.0,0.170455
138.833,0.0,0.170455
138.833,0.0,0.170455
138.833,0.0,0.170455
138.833,0.0,0.170455
138.833,0.0,0.170455
138.833,0.0,0.170455
138.833,0.0,0.170455
138.833,0.0,0.170455
138.833,0.0,0.170455
138.833,0.0,0.170455
138.833,0.0,0.170455
138.833,0.0,0.170455
138.833,0.0,0.170455
138.833,0.0,0.170455
138.833,0.0,0.170455
138.833,0.0,0.170455
138.833,0.0,0.170455
138.833,0.0,0.170455
138.833,0.0,0.170455
138.833,0.0,0.170455
138.833,0.0,0.170455
138.833,0.0,0.0
138.833,0.0,0.0
138.833,0.0,0.0
138.833,0.0,0.0
138.833,0.0,0.0
138.833,0.0,0.0
138.833,0.0,0.0
138.833,0.0,0.0
138.833,0.0,0.0
138.833,0.0,0.0
138.833,0.0,0.0
138.833,0.0,0.0
138.833,0.0,0.0
138.833,0.0,0.0
138.833,0.0,0.0
138.833,0.0,0.0
138.833,0.0,0.0
138.833,0.0,0.0
138.833,0.0,0.0
138.833,0.0,0.0
138.833,0.0,0.0
138.833,0.0,0.0
138.833,0.0,0.0
138.833,0.0,0.0
138.833,0.0,0.0
138.833,0.0,0.0
138.833,0.0,0.0
138.833,0.0,0.0
138.833,0.0,0.0
138.833,0.0,0.0
138.833,0.0,0.0
138.833,0.0,0.0
138.833,0.0,0.0
138.833,0.0,0.0
138.833,0.0,0.0
138.833,0.0,0.0
138.833,0.0,0.0
138.833,0.0,0.0
138.833,0.0,0.0
138.833,0.0,0.0
138.833,0.0,0.0
138.833,0.0,0.0
138.833,0.0,0.0
138.833,0.0,0.0
138.833,0.0,0.0
138.833,0.0,0.0
138.833,0.0,0.0
138.833,0.0,0.0
138.833,0.0,0.0
138.833,0.0,0.0
138.833,0.0,0.0
138.833,0.0,0.0
138.833,0.0,0.0
138.833,0.0,0.0
138.833,0.0,0.0
138.833,0.0,0.0
138.833,0.0,0.0
138.833,0.0,0.0
138.833,0.0,0.0
138.833,0.0,0.0
138.833,0.0,0.0
138.833,0.0,0.0
138.833,0.0,0.0
138.833,0.0,0.0
138.833,0.0,0.0
138.833,0.0,0.0
138.833,0.0,0.0
138.833,0.0,0.0
138.833,0.0,0.0
138.833,0.0,0.0
138.833,0.0,0.0
138.833,0.0,0.0
138.833,0.0,0.0
138.833,0.0,0.0
138.833,0.0,0.0
138.833,0.0,0.0
138.833,0.0,0.0
138.833,0.0,0.0
138.833,0.0,0.0
138.833,0.0,0.0
138.833,0.0,0.0
138.833,0.0,0.0
138.833,0.0,0.0
138.833,0.0,0.0
138.833,0.0,0.0
138.833,0.0,0.0
138.833,0.0,0.0
138.833,0.0,0.0
138.833,0.0,0.0
138.833,0.0,0.0
138.833,0.0,0.0
138.833,0.0,0.0
138.833,0.0,0.0
138.833,0.0,0.0
138.833,0.0,0.0
138.833,0.0,0.0
138.833,0.0,0.0
138.833,0.0,0.0
138.833,0.0,0.0
138.833,0.0,0.0
138.833,0.0,0.0
138.833,0.0,0.0
138.833,0.0,0.0
138.833,0.0,0.0
138.833,0.0,0.0
0.0,0.0,0.0
0.0,0.0,0.0
0.0,0.0,0.0
0.0,0.0,0.0
0.0,0.0,0.0
0.0,0.0,0.0
0.0,0.0,0.0
0.0,0.0,0.0
0.0,0.0,0.0
0.0,0.0,0.0
0.0,0.0,0.0
0.0,0.0,0.0
0.0,0.0,0.0
0.0,0.0,0.0
0.0,0.0,0.0
0.0,0.0,0.0
0.0,0.0,0.0
0.0,0.0,0.0
0.0,0.0,0.0
0.0,0.0,0.0
0.0,0.0,0.0
0.0,0.0,0.0
0.0,0.0,0.0
0.0,0.0,0.0
0.0,0.0,0.0
0.0,0.0,0.0
0.0,0.0,0.0
0.0,0.0,0.0
0.0,0.0,0.0
0.0,0.0,0.0
0.0,0.0,0.0
0.0,0.0,0.0
0.0,0.0,0.0
0.0,0.0,0.0
0.0,0.0,0.0
0.0,0.0,0.0
0.0,0.0,0.0
0.0,0.0,0.0
0.0,0.0,0.0
0.0,0.0,0.0
0.0,0.0,0.0
0.0,0.0,0.0
0.0,0.0,0.0
0.0,0.0,0.0
0.0,0.0,0.0
0.0,0.0,0.0
0.0,0.0,0.0
0.0,0.0,0.0
0.0,0.0,0.0
0.0,0.0,0.0
0.0,0.0,0.0
0.0,0.0,0.0
0.0,0.0,0.0
0.0,0.0,0.0
0.0,0.0,0.0
0.0,0.0,0.0
0.0,0.0,0.0
0.0,0.0,0.0
0.0,0.0,0.0
0.0,0.0,0.0
0.0,0.0,0.0
0.0,0.0,0.0
0.0,0.0,0.0
0.0,0.0,0.0
0.0,0.0,0.0
0.0,0.0,0.0
0.0,0.0,0.0
0.0,0.0,0.0
0.0,0.0,0.0
0.0,0.0,0.0
0.0,0.0,0.0
0.0,0.0,0.0
0.0,0.0,0.0
0.0,0.0,0.0
0.0,0.0,0.0
0.0,0.0,0.0
0.0,0.0,0.0
0.0,0.0,0.0
0.0,0.0,0.0
0.0,0.0,0.0
0.0,0.0,0.0
0.0,0.0,0.0
0.0,0.0,0.0
0.0,0.0,0.0
0.0,0.0,0.0
0.0,0.0,0.0
0.0,0.0,0.0
0.0,0.0,0.0
0.0,0.0,0.0
0.0,0.0,0.0
0.0,0.0,0.0
0.0,0.0,0.0
0.0,0.0,0.0
0.0,0.0,0.0
0.0,0.0,0.0
0.0,0.0,0.0
0.0,0.0,0.0
0.0,0.0,0.0
0.0,0.0,0.0
0.0,0.0,0.0
0.0,0.0,0.0
0.0,0.0,0.0
0.0,0.0,0.0
0.0,0.0,0.0
0.0,0.0,0.0
0.0,0.0,0.0
0.0,0.0,0.0
0.0,0.0,0.0
0.0,0.0,0.0
0.0,0.0,0.0
0.0,0.0,0.0
0.0,0.0,0.0
0.0,0.0,0.0
0.0,0.0,0.0
0.0,0.0,0.0
0.0,0.0,0.0
0.0,0.0,0.0
0.0,0.0,0.0
0.0,0.0,0.0
0.0,0.0,0.0
0.0,0.0,0.0
0.0,0.0,0.0
0.0,0.0,0.0
0.0,0.0,0.0
0.0,0.0,0.0
0.0,0.0,0.0
0.0,0.0,0.0
0.0,0.0,0.0
0.0,0.0,0.0
0.0,0.0,0.0
0.0,0.0,0.0
0.0,0.0,0.0
0.0,0.0,0.0
0.0,0.0,0.0
0.0,0.0,0.0
0.0,0.0,0.0
0.0,0.0,0.0
0.0,0.0,0.0
0.0,0.0,0.0
0.0,0.0,0.0
0.0,0.0,0.0
0.0,0.0,0.0
0.0,0.0,0.0
0.0,0.0,0.0
0.0,0.0,0.0
0.0,0.0,0.0
0.0,0.0,0.0
0.0,0.0,0.0
0.0,0.0,0.0
0.0,0.0,0.0
0.0,0.0,0.0
0.0,0.0,0.0
0.0,0.0,0.0
0.0,0.0,0.0
0.0,0.0,0.0
0.0,0.0,0.0
0.0,0.0,0.0
0.0,0.0,0.0
0.0,0.0,0.0
0.0,0.0,0.0
0.0,0.0,0.0
0.0,0.0,0.0
0.0,0.0,0.0
0.0,0.0,0.0
0.0,0.0,0.0
0.0,0.0,0.0
0.0,0.0,0.0
0.0,0.0,0.0
0.0,0.0,0.0
0.0,0.0,0.0
0.0,0.0,0.0
0.0,0.0,0.0
0.0,0.0,0.0
0.0,0.0,0.0
0.0,0.0,0.0
0.0,0.0,0.0
0.0,0.0,0.0
0.0,0.0,0.0
0.0,0.0,0.0
0.0,0.0,0.0
0.0,0.0,0.0
0.0,0.0,0.0
0.0,0.0,0.0
0.0,0.0,0.0
0.0,0.0,0.0
0.0,0.0,0.0
0.0,0.0,0.0
0.0,0.0,0.0
0.0,0.0,0.0
0.0,0.0,0.0
0.0,0.0,0.0
0.0,0.0,0.0
0.0,0.0,0.0
0.0,0.0,0.0
0.0,0.0,0.0
0.0,0.0,0.0
0.0,0.0,0.0
0.0,0.0,0.0
0.0,0.0,0.0
0.0,0.0,0.0
0.0,0.0,0.0
0.0,0.0,0.0
0.0,0.0,0.0
0.0,0.0,0.0
0.0,0.0,0.0
0.0,0.0,0.0
0.0,0.0,0.0
0.0,0.0,0.0
0.0,0.0,0.0
0.0,0.0,0.0
0.0,0.0,0.0
0.0,0.0,0.0
0.0,0.0,0.0
0.0,0.0,0.0
0.0,0.0,0.0
0.0,0.0,0.0
0.0,0.0,0.0
0.0,0.0,0.0
0.0,0.0,0.0
0.0,0.0,0.0
0.0,0.0,0.0
0.0,0.0,0.0
0.0,0.0,0.0
0.0,0.0,0.0
0.0,0.0,0.0
0.0,0.0,0.0
0.0,0.0,0.0
0.0,0.0,0.0
0.0,0.0,0.0
0.0,0.0,0.0
0.0,0.0,0.0
0.0,0.0,0.0
0.0,0.0,0.0
0.0,0.0,0.0
0.0,0.0,0.0
0.0,0.0,0.0
0.0,0.0,0.0
0.0,0.0,0.0
0.0,0.0,0.0
0.0,0.0,0.0
0.0,0.0,0.0
0.0,0.0,0.0
0.0,0.0,0.0
0.0,0.0,0.0
0.0,0.0,0.0
0.0,0.0,0.0
0.0,0.0,0.0
0.0,0.0,0.0
0.0,0.0,0.0
0.0,0.0,0.0
0.0,0.0,0.0
0.0,0.0,0.0
0.0,0.0,0.0
0.0,0.0,0.0
0.0,0.0,0.0
0.0,0.0,0.0
0.0,0.0,0.0
0.0,0.0,0.0
0.0,0.0,0.0
0.0,0.0,0.0
0.0,0.0,0.0
0.0,0.0,0.0
0.0,0.0,0.0
0.0,0.0,0.0
0.0,0.0,0.0
0.0,0.0,0.0
0.0,0.0,0.0
0.0,0.0,0.0
0.0,0.0,0.0
0.0,0.0,0.0
0.0,0.0,0.0
0.0,0.0,0.0
0.0,0.0,0.0
0.0,0.0,0.0
0.0,0.0,0.0
0.0,0.0,0.0
0.0,0.0,0.0
0.0,0.0,0.0
0.0,0.0,0.0
0.0,0.0,0.0
0.0,0.0,0.0
0.0,0.0,0.0
0.0,0.0,0.0
0.0,0.0,0.0
0.0,0.0,0.0
0.0,0.0,0.0
0.0,0.0,0.0
0.0,0.0,0.0
0.0,0.0,0.0
0.0,0.0,0.0
0.0,0.0,0.0
0.0,0.0,0.0
0.0,0.0,0.0
0.0,0.0,0.0
0.0,0.0,0.0
0.0,0.0,0.0
0.0,0.0,0.0
0.0,0.0,0.0
0.0,0.0,0.0
0.0,0.0,0.0
0.0,0.0,0.0
0.0,0.0,0.0
