0.0,0.0,0.0
0.0,0.0,0.0
0.0,0.0,0.0
0.0,0.0,0.0
0.0,0.0,0.0
0.0,0.0,0.0
0.0,0.0,0.0
0.0,0.0,0.0
0.0,0.0,0.0
0.0,0.0,0.0
0.0,0.0,0.0
0.0,0.0,0.0
0.0,0.0,0.0
0.0,0.0,0.0
0.0,0.0,0.0
0.0,0.0,0.0
0.0,0.0,0.0
0.0,0.0,0.0
0.0,1.0,0.0
0.0,1.0,0.0
0.0,0.0,0.0
0.0,0.0,0.0
0.0,0.0,0.0
0.0,0.0,0.0
0.0,0.0,0.0
0.0,0.0,0.0
0.0,0.0,0.0
0.0,0.0,0.0
0.0,0.0,0.0
0.0,1.0,0.0
0.0,0.0,0.0
0.0,0.0,0.0
0.0,0.0,0.0
0.0,0.0,0.0
0.0,0.0,0.0
0.0,0.0,0.0
0.0,0.0,0.0
0.0,0.0,0.0
0.0,0.0,0.0
0.0,0.0,0.0
0.0,0.0,0.0
0.0,0.0,0.0
0.0,0.0,0.0
0.0,0.0,0.0
0.0,0.0,0.0
0.0,0.0,0.0
0.0,0.0,0.0
0.0,0.0,0.0
0.0,0.0,0.0
0.0,0.0,0.0
0.0,0.0,0.0
0.0,0.0,0.0
0.0,0.0,0.0
0.0,0.0,0.0
0.0,0.0,0.0
0.0,0.0,0.0
0.0,0.0,0.0
0.0,0.0,0.0
0.0,0.0,0.0
0.0,0.0,0.0
0.0,0.0,0.0
0.0,0.0,0.0
0.0,0.0,0.0
0.0,0.0,0.0
0.0,0.0,0.0
0.0,1.0,0.0
0.0,0.0,0.0
0.0,0.0,0.0
0.0,0.0,0.0
0.0,0.0,0.0
0.0,0.0,0.0
0.0,0.0,0.0
0.0,0.0,0.0
0.0,0.0,0.0
0.0,0.0,0.0
0.0,0.0,0.0
0.0,0.0,0.0
0.0,0.0,0.0
0.0,0.0,0.0
0.0,0.0,0.0
0.0,0.0,0.0
0.0,0.0,0.0
0.0,0.0,0.0
0.0,0.0,0.0
0.0,0.0,0.0
0.0,0.0,0.0
0.0,0.0,0.0
0.0,0.0,0.0
0.0,0.0,0.0
0.0,0.0,0.0
0.0,0.0,0.0
0.0,0.0,0.0
0.0,0.0,0.0
0.0,0.0,0.0
0.0,0.0,0.0
0.0,0.0,0.0
0.0,1.0,0.0
0.0,1.0,0.0
0.0,0.0,0.0
0.0,0.0,0.0
0.0,0.0,0.0
0.0,0.0,0.0
0.0,0.0,0.0
0.0,0.0,0.0
0.0,0.0,0.0
0.0,0.0,0.0
0.0,0.0,0.0
0.0,0.0,0.0
0.0,0.0,0.0
0.0,0.0,0.0
0.0,0.0,0.0
0.0,0.0,0.0
0.0,0.0,0.0
0.0,0.0,0.0
0.0,0.0,0.0
0.0,0.0,0.0
0.0,0.0,0.0
0.0,0.0,0.0
0.0,0.0,0.0
0.0,1.0,0.0
0.0,0.0,0.0
0.0,0.0,0.0
0.0,0.0,0.0
0.0,0.0,0.0
0.0,0.0,0.0
0.0,1.0,0.0
0.0,0.0,0.0
0.0,0.0,0.0
0.0,0.0,0.0
0.0,0.0,0.0
0.0,0.0,0.0
0.0,0.0,0.0
0.0,0.0,0.0
0.0,0.0,0.0
0.0,1.0,0.0
0.0,0.0,0.0
0.0,0.0,0.0
0.0,0.0,0.0
0.0,0.0,0.0
0.0,0.0,0.0
0.0,1.0,0.0
0.0,0.0,0.0
0.0,0.0,0.0
0.0,0.0,0.0
0.0,0.0,0.0
0.0,0.0,0.0
0.0,0.0,0.0
0.0,0.0,0.0
0.0,1.0,0.0
0.0,0.0,0.0
0.0,0.0,0.0
0.0,0.0,0.0
0.0,0.0,0.0
0.0,0.0,0.0
0.0,0.0,0.0
0.0,0.0,0.0
0.0,0.0,0.0
0.0,0.0,0.0
0.0,0.0,0.0
0.0,0.0,0.0
0.0,0.0,0.0
0.0,0.0,0.0
0.0,0.0,0.0
0.0,0.0,0.0
0.0,0.0,0.0
0.0,0.0,0.0
0.0,0.0,0.0
0.0,0.0,0.0
0.0,0.0,0.0
0.0,0.0,0.0
0.0,0.0,0.0
0.0,0.0,0.0
0.0,0.0,0.0
0.0,0.0,0.0
0.0,0.0,0.0
0.0,0.0,0.0
0.0,0.0,0.0
0.0,0.0,0.0
0.0,0.0,0.0
0.0,0.0,0.0
0.0,0.0,0.0
0.0,0.0,0.0
0.0,0.0,0.0
0.0,0.0,0.0
0.0,0.0,0.0
0.0,0.0,0.0
0.0,0.0,0.0
0.0,0.0,0.0
0.0,0.0,0.0
0.0,0.0,0.0
0.0,0.0,0.0
0.0,0.0,0.0
0.0,0.0,0.0
0.0,0.0,0.0
0.0,0.0,0.0
0.0,0.0,0.0
0.0,0.0,0.0
0.0,1.0,0.0
0.0,1.0,0.0
0.0,0.0,0.0
0.0,0.0,0.0
0.0,0.0,0.0
0.0,0.0,0.0
0.0,1.0,0.0
0.0,0.0,0.0
0.0,0.0,0.0
0.0,0.0,0.0
0.0,0.0,0.0
0.0,0.0,0.0
0.0,0.0,0.0
0.0,0.0,0.0
0.0,0.0,0.0
0.0,0.0,0.0
0.0,0.0,0.0
0.0,0.0,0.0
0.0,0.0,0.0
0.0,0.0,0.0
0.0,0.0,0.0
0.0,0.0,0.0
0.0,0.0,0.0
0.0,0.0,0.0
0.0,0.0,0.0
0.0,0.0,0.0
0.0,0.0,0.0
0.0,0.0,0.0
0.0,0.0,0.0
0.0,0.0,0.0
0.0,0.0,0.0
0.0,0.0,0.0
0.0,0.0,0.0
0.0,0.0,0.0
0.0,0.0,0.0
0.0,0.0,0.0
0.0,0.0,0.0
0.0,0.0,0.0
0.0,0.0,0.0
0.0,0.0,0.0
0.0,0.0,0.0
0.0,0.0,0.0
0.0,0.0,0.0
0.0,0.0,0.0
0.0,0.0,0.0
0.0,0.0,0.0
0.0,0.0,0.0
0.0,0.0,0.0
0.0,0.0,0.0
0.0,0.0,0.0
0.0,0.0,0.0
0.0,0.0,0.0
0.0,0.0,0.0
0.0,0.0,0.0
0.0,1.0,0.0
0.0,0.0,0.0
0.0,0.0,0.0
0.0,0.0,0.0
0.0,0.0,0.0
0.0,0.0,0.0
0.0,0.0,0.0
0.0,0.0,0.0
0.0,0.0,0.0
0.0,0.0,0.0
0.0,0.0,0.0
0.0,0.0,0.0
0.0,0.0,0.0
0.0,0.0,0.0
0.0,0.0,0.0
0.0,0.0,0.0
0.0,0.0,0.0
0.0,0.0,0.0
0.0,0.0,0.0
0.0,0.0,0.0
0.0,0.0,0.0
0.0,0.0,0.0
0.0,0.0,0.0
0.0,0.0,0.0
0.0,0.0,0.0
0.0,0.0,0.0
0.0,0.0,0.0
0.0,0.0,0.0
0.0,0.0,0.0
0.0,0.0,0.0
0.0,0.0,0.0
0.0,0.0,0.0
0.0,0.0,0.0
0.0,0.0,0.0
0.0,0.0,0.0
0.0,0.0,0.0
0.0,0.0,0.0
0.0,0.0,0.0
0.0,0.0,0.0
0.0,0.0,0.0
0.0,0.0,0.0
0.0,0.0,0.0
0.0,0.0,0.0
0.0,0.0,0.0
0.0,0.0,0.0
0.0,0.0,0.0
0.0,0.0,0.0
0.0,0.0,0.0
0.0,0.0,0.0
0.0,1.0,0.0
0.0,0.0,0.0
0.0,0.0,0.0
0.0,0.0,0.0
0.0,0.0,0.0
0.0,0.0,0.0
0.0,0.0,0.0
0.0,0.0,0.0
0.0,0.0,0.0
0.0,0.0,0.0
0.0,0.0,0.0
0.0,0.0,0.0
0.0,0.0,0.0
0.0,0.0,0.0
0.0,0.0,0.0
0.0,1.0,0.0
0.0,0.0,0.0
0.0,0.0,0.0
0.0,0.0,0.0
0.0,0.0,0.0
0.0,0.0,0.0
0.0,0.0,0.0
0.0,1.0,0.0
0.0,0.0,0.0
0.0,0.0,0.0
0.0,1.0,0.0
0.0,0.0,0.0
0.0,0.0,0.0
0.0,1.0,0.0
0.0,0.0,0.0
0.0,0.0,0.0
0.0,0.0,0.0
0.0,0.0,0.0
0.0,0.0,0.0
0.0,0.0,0.0
0.0,0.0,0.0
0.0,0.0,0.0
0.0,0.0,0.0
0.0,0.0,0.0
0.0,0.0,0.0
0.0,0.0,0.0
0.0,0.0,0.0
0.0,0.0,0.0
0.0,0.0,0.0
0.0,0.0,0.0
0.0,0.0,0.0
0.0,0.0,0.0
0.0,0.0,0.0
0.0,0.0,0.0
0.0,0.0,0.0
0.0,0.0,0.0
0.0,0.0,0.0
0.0,0.0,0.0
0.0,0.0,0.0
0.0,0.0,0.0
0.0,1.0,0.0
0.0,0.0,0.0
0.0,0.0,0.0
0.0,0.0,0.0
0.0,0.0,0.0
0.0,0.0,0.0
0.0,0.0,0.0
0.0,0.0,0.0
0.0,0.0,0.0
0.0,0.0,0.0
0.0,0.0,0.0
0.0,0.0,0.0
0.0,0.0,0.0
0.0,0.0,0.0
0.0,0.0,0.0
0.0,0.0,0.0
0.0,0.0,0.0
0.0,0.0,0.0
0.0,0.0,0.0
0.0,0.0,0.0
0.0,0.0,0.0
0.0,0.0,0.0
0.0,0.0,0.0
0.0,0.0,0.0
0.0,0.0,0.0
0.0,0.0,0.0
0.0,0.0,0.0
0.0,0.0,0.0
0.0,0.0,0.0
0.0,0.0,0.0
0.0,0.0,0.0
0.0,0.0,0.0
0.0,0.0,0.0
0.0,0.0,0.0
0.0,0.0,0.0
0.0,0.0,0.0
0.0,0.0,0.0
0.0,0.0,0.0
0.0,1.0,0.0
0.0,0.0,0.0
0.0,0.0,0.0
0.0,0.0,0.0
0.0,0.0,0.0
0.0,0.0,0.0
0.0,0.0,0.0
0.0,1.0,0.0
0.0,0.0,0.0
0.0,0.0,0.0
0.0,0.0,0.0
0.0,0.0,0.0
0.0,0.0,0.0
0.0,1.0,0.0
0.0,4.0,0.0
0.0,10.0,0.0
0.0,18.0,0.0
0.0,24.0,0.0
0.0,31.0,0.0
0.0,37.0,0.0
0.0,43.0,0.0
0.0,45.0,0.0
0.0,49.0,0.0
0.0,63.0,0.0
0.0,65.0,0.0
0.0,64.0,0.0
0.0,72.0,0.0
0.0,78.0,0.0
0.0,80.0,0.0
0.0,84.0,0.0
0.0,84.0,0.0
0.0,85.0,0.0
0.0,90.0,0.0
0.0,86.0,0.0
0.0,86.0,0.0
0.0,95.0,0.0
0.0,96.0,0.0
0.0,95.0,0.0
0.0,99.0,0.0
0.0,99.0,0.0
0.0,98.0,0.0
0.0,103.0,0.0
0.0,107.0,0.0
0.0,104.0,0.0
0.0,108.0,0.0
0.0,114.0,0.0
0.0,112.0,0.0
0.0,112.0,0.0
0.0,124.0,0.0
0.0,122.0,0.0
0.0,121.0,0.0
0.0,129.0,0.0
0.0,133.0,0.0
0.0,133.0,0.0
0.0,132.0,0.0
0.0,145.0,0.0
0.0,156.0,0.0
0.0,154.0,0.0
0.0,161.0,0.0
0.0,193.0,0.0
0.0,207.0,0.0
0.0,227.0,0.0
0.0,298.0,0.0
0.0,347.0,0.0
0.0,373.0,0.0
0.0,400.0,0.0
0.0,409.0,0.0
0.0,423.0,0.0
0.0,459.0,0.0
0.0,539.0,0.0
0.0,563.0,0.0
0.0,560.0,0.0
0.0,578.0,0.0
0.0,568.0,0.0
0.0,572.0,0.0
0.0,574.0,0.0
0.0,593.0,0.0
0.0,608.0,0.0
0.0,581.0,0.0
0.0,578.0,0.0
0.0,592.0,0.0
0.0,587.0,0.0
0.0,596.0,0.0
0.0,610.0,0.0
0.0,633.0,0.0
0.0,698.0,0.0
0.0833333,721.0,0.0
0.0833333,771.0,0.0
0.0833333,824.0,0.0
0.0833333,926.0,0.0
0.0833333,1006.0,0.0
0.0833333,1013.0,0.0
0.0833333,1006.0,0.0
0.0833333,987.0,0.0
0.0833333,992.0,0.0
0.0833333,992.0,0.0
0.0833333,992.0,0.0
0.0833333,1011.0,0.0
0.0833333,1034.0,0.0
0.0833333,1006.0,0.0
0.0833333,971.0,0.0
0.0833333,907.0,0.0
0.0833333,888.0,0.0
0.0833333,921.0,0.0
0.0833333,963.0,0.0
0.0833333,965.0,0.0
0.0833333,934.0,0.0
0.0833333,929.0,0.0
0.0833333,943.0,0.0
0.0833333,964.0,0.0
0.0833333,964.0,0.0
0.0833333,989.0,0.0
0.0833333,1039.0,0.0
0.0833333,1035.0,0.0
0.0833333,1046.0,0.0
0.0833333,1052.0,0.0
0.0833333,1086.0,0.0
0.0833333,1155.0,0.0
0.0833333,1195.0,0.0
0.0833333,1262.0,0.0
0.0833333,1337.0,0.0
0.0833333,1517.0,0.0
0.0833333,1574.0,0.0
0.0833333,1619.0,0.0
0.0833333,1620.0,0.0
0.0833333,1406.0,0.0
0.0833333,1265.0,0.0
0.0833333,1277.0,0.0
0.0833333,1381.0,0.0
0.0833333,1510.0,0.0
0.0833333,1593.0,0.0
0.0833333,1575.0,0.0
0.0833333,1535.0,0.0
0.0833333,1506.0,0.0
0.0833333,1486.0,0.0
0.0833333,1502.0,0.0
0.0833333,1528.0,0.0
0.0833333,1535.0,0.0
0.0833333,1535.0,0.0
0.0833333,1567.0,0.0
0.0833333,1755.0,0.0
0.0833333,1844.0,0.0
0.0833333,1923.0,0.0
0.166667,1936.0,0.0
0.166667,1873.0,0.0
0.166667,1809.0,0.0
0.166667,1756.0,0.0
0.25,1738.0,0.738636
0.25,1829.0,0.738636
0.25,1960.0,0.738636
0.333333,2049.0,0.738636
0.333333,2061.0,0.852273
0.333333,2069.0,0.852273
0.416667,2085.0,1.13636
0.416667,2083.0,1.13636
0.5,2046.0,1.13636
0.5,2015.0,1.19318
0.583333,2062.0,1.19318
0.583333,2160.0,1.30682
0.583333,2091.0,1.30682
0.666667,1951.0,1.13636
0.666667,1961.0,1.13636
0.75,2016.0,1.42045
0.75,2045.0,1.42045
0.833333,2059.0,1.47727
0.916667,2146.0,1.47727
0.916667,2243.0,1.47727
1.0,2112.0,1.47727
1.0,2129.0,1.47727
1.08333,2170.0,1.47727
1.08333,2270.0,1.47727
1.16667,2258.0,1.93182
1.25,2135.0,1.93182
1.25,2068.0,1.70455
1.33333,2074.0,1.70455
1.33333,2222.0,1.70455
1.41667,2180.0,1.81818
1.5,2077.0,1.81818
1.5,2035.0,1.70455
1.58333,2071.0,1.81818
1.66667,2085.0,1.81818
1.66667,2085.0,1.93182
1.75,2107.0,1.98864
1.83333,2079.0,1.98864
1.83333,2085.0,1.98864
1.91667,2091.0,2.04545
2.0,2106.0,2.15909
2.0,2085.0,2.15909
2.0,1874.0,2.15909
2.08333,1839.0,0.965909
2.16667,1923.0,2.44318
2.25,1946.0,2.44318
2.33333,2030.0,2.21591
2.33333,1991.0,2.15909
2.41667,1909.0,2.27273
2.5,1907.0,2.27273
2.58333,1887.0,1.98864
2.66667,1811.0,2.10227
2.75,1884.0,3.125
2.75,1833.0,2.55682
2.83333,1610.0,2.44318
2.91667,1444.0,2.5
3.0,1403.0,2.55682
3.08333,1464.0,2.55682
3.08333,1572.0,2.04545
3.16667,1622.0,2.04545
3.25,1716.0,1.30682
3.25,1773.0,2.95454
3.25,1818.0,2.95454
3.41667,1818.0,2.95454
3.41667,1835.0,3.46591
3.41667,1752.0,3.46591
3.5,1610.0,1.42045
3.5,1543.0,1.42045
3.5,1464.0,1.42045
3.66667,1335.0,1.42045
3.75,1272.0,3.06818
3.83333,1217.0,2.84091
3.91667,1232.0,2.84091
4.0,1293.0,2.89773
4.08333,1327.0,2.78409
4.16667,1322.0,3.40909
4.25,1313.0,2.72727
4.25,1313.0,3.18182
4.33333,1313.0,3.18182
4.41667,1237.0,1.53409
4.5,1280.0,3.69318
4.5,1291.0,3.69318
4.5,1260.0,3.69318
4.5,1227.0,3.69318
4.66667,1222.0,3.69318
4.75,1221.0,3.57954
4.83333,1192.0,3.23864
4.91667,1186.0,3.18182
5.0,1198.0,3.125
5.08333,1183.0,3.18182
5.25,1176.0,3.35227
5.33333,1180.0,3.57954
5.41667,1170.0,3.29545
5.5,1137.0,3.40909
5.5,1104.0,3.40909
5.58333,1045.0,3.40909
5.66667,1030.0,1.07955
5.75,1089.0,3.35227
5.83333,1121.0,3.35227
5.91667,1141.0,3.57954
6.0,1192.0,3.57954
6.08333,1248.0,1.81818
6.16667,1338.0,3.40909
6.16667,1412.0,3.40909
6.25,1405.0,3.40909
6.33333,1375.0,1.25
6.41667,1310.0,3.35227
6.5,1278.0,3.01136
6.66667,1226.0,3.57954
6.75,1129.0,4.09091
6.75,1096.0,3.69318
6.75,1090.0,3.69318
6.91667,1086.0,3.69318
7.0,1132.0,4.09091
7.16667,1258.0,4.09091
7.25,1291.0,4.20454
7.25,1274.0,2.95454
7.25,1263.0,2.95454
7.25,1288.0,2.95454
7.25,1314.0,2.95454
7.25,1314.0,2.95454
7.33333,1335.0,2.95454
7.41667,1356.0,3.52273
7.5,1390.0,3.52273
7.58333,1283.0,1.81818
7.66667,1231.0,4.31818
7.83333,1215.0,4.31818
7.83333,1197.0,4.26136
8.0,1260.0,4.26136
8.08333,1356.0,3.86364
8.16667,1447.0,4.31818
8.25,1437.0,3.97727
8.33333,1335.0,2.21591
8.41667,1373.0,4.03409
8.41667,1376.0,4.03409
8.5,1370.0,1.25
8.66667,1373.0,1.25
8.75,1402.0,4.09091
8.91667,1342.0,3.97727
9.0,1207.0,4.375
9.16667,1131.0,4.375
9.25,1099.0,3.75
9.33333,1103.0,3.63636
9.5,1214.0,3.69318
9.58333,1282.0,4.14773
9.75,1333.0,4.14773
9.83333,1458.0,4.43182
9.83333,1573.0,4.43182
9.91667,1574.0,1.36364
10.0833,1652.0,1.36364
10.0833,1669.0,3.86364
10.0833,1591.0,3.86364
10.1667,1580.0,3.86364
10.3333,1562.0,3.92045
10.4167,1498.0,4.375
10.5,1600.0,3.80682
10.6667,1708.0,4.20454
10.8333,1789.0,4.31818
10.9167,1770.0,4.20454
11.0833,1652.0,4.31818
11.1667,1639.0,4.71591
11.25,1582.0,4.60227
11.25,1583.0,4.60227
11.25,1583.0,4.60227
11.3333,1573.0,4.60227
11.4167,1613.0,3.92045
11.4167,1603.0,3.92045
11.5833,1559.0,3.92045
11.6667,1529.0,5.05682
11.8333,1498.0,4.43182
11.9167,1565.0,4.31818
12.0833,1603.0,4.31818
12.1667,1676.0,4.31818
12.25,1802.0,3.92045
12.3333,1792.0,3.92045
12.5,1792.0,4.54545
12.5833,1783.0,4.71591
12.75,1777.0,4.31818
12.8333,1653.0,3.80682
13.0,1598.0,4.09091
13.0833,1579.0,4.20454
13.25,1546.0,4.20454
13.3333,1535.0,4.31818
13.5,1496.0,4.31818
13.5833,1507.0,4.71591
13.75,1479.0,4.71591
13.9167,1433.0,4.71591
14.0,1401.0,4.31818
14.1667,1409.0,4.31818
14.25,1448.0,4.26136
14.4167,1395.0,4.26136
14.5,1322.0,4.375
14.6667,1227.0,4.31818
14.75,1196.0,4.26136
14.9167,1246.0,4.26136
15.0,1319.0,4.375
15.1667,1381.0,4.26136
15.25,1418.0,4.48864
15.4167,1488.0,4.20454
15.5,1501.0,4.20454
15.6667,1494.0,4.20454
15.75,1484.0,4.31818
15.9167,1473.0,4.26136
16.0,1460.0,4.77273
16.0833,1415.0,4.77273
16.1667,1415.0,4.94318
16.25,1406.0,3.75
16.3333,1316.0,3.75
16.3333,1188.0,1.53409
16.5,1170.0,2.10227
16.5,1393.0,5.90909
16.5833,1552.0,5.90909
16.75,1556.0,4.77273
16.8333,1528.0,5.90909
17.0,1378.0,4.65909
17.0833,1360.0,3.97727
17.1667,1338.0,2.78409
17.3333,1351.0,2.78409
17.5,1391.0,4.14773
17.5833,1391.0,5.73864
17.75,1421.0,5.05682
17.8333,1499.0,4.82954
17.9167,1607.0,4.82954
18.0,1459.0,1.64773
18.1667,1360.0,4.71591
18.3333,1387.0,4.71591
18.4167,1485.0,4.20454
18.5833,1513.0,5.17045
18.6667,1499.0,4.43182
18.8333,1419.0,4.43182
18.9167,1319.0,4.31818
19.0833,1309.0,5.11364
19.1667,1379.0,4.88636
19.1667,1380.0,4.88636
19.25,1458.0,4.88636
19.4167,1483.0,4.88636
19.5,1511.0,5.22727
19.5833,1570.0,2.61364
19.6667,1474.0,2.44318
19.8333,1315.0,4.71591
19.9167,1278.0,4.71591
20.0833,1372.0,4.71591
20.25,1346.0,4.94318
20.3333,1254.0,4.88636
20.5,1211.0,4.88636
20.5,1194.0,4.94318
20.6667,1210.0,4.94318
20.6667,1212.0,4.88636
20.6667,1212.0,4.88636
20.8333,1303.0,4.88636
21.0,1185.0,4.88636
21.1667,1078.0,4.88636
21.3333,1047.0,4.88636
21.5,1137.0,4.88636
21.6667,1274.0,7.10227
21.75,1321.0,5.96591
21.9167,1293.0,5.96591
22.0,1206.0,5.28409
22.0833,1124.0,5.28409
22.1667,1149.0,5.28409
22.3333,1173.0,5.28409
22.4167,1176.0,5.51136
22.5833,1176.0,5.45454
22.75,1227.0,5.45454
22.9167,1273.0,5.45454
22.9167,1261.0,5.0
23.0833,1279.0,5.0
23.25,1329.0,5.22727
23.25,1299.0,5.79545
23.25,1268.0,5.79545
23.25,1224.0,5.79545
23.25,1123.0,5.79545
23.4167,1035.0,6.19318
23.5833,1011.0,6.93182
23.75,990.0,6.93182
23.9167,985.0,6.13636
24.0,966.0,5.17045
24.0833,1021.0,5.17045
24.1667,1100.0,4.71591
24.3333,1155.0,4.71591
24.5,1268.0,5.45454
24.5,1458.0,5.39773
24.5833,1407.0,5.39773
24.75,1370.0,5.39773
24.9167,1346.0,5.39773
25.0833,1214.0,5.39773
25.1667,1181.0,5.05682
25.3333,1190.0,5.05682
25.4167,1211.0,5.17045
25.5833,1245.0,5.17045
25.75,1278.0,5.625
25.9167,1278.0,5.625
26.0833,1319.0,5.625
26.0833,1312.0,5.56818
26.25,1363.0,5.56818
26.4167,1439.0,5.56818
26.5833,1399.0,5.85227
26.75,1351.0,5.85227
26.8333,1301.0,6.64773
27.0,1214.0,6.64773
27.0833,1206.0,6.02273
27.1667,1213.0,5.45454
27.25,1250.0,5.45454
27.3333,1275.0,6.53409
27.3333,1266.0,6.53409
27.4167,1283.0,6.53409
27.5833,1313.0,6.53409
27.75,1366.0,6.30682
28.0,1157.0,6.30682
28.0833,999.0,6.07954
28.1667,1034.0,5.34091
28.3333,1133.0,5.68182
28.5,1147.0,6.02273
28.6667,1026.0,6.02273
28.6667,971.0,6.07954
28.8333,996.0,6.07954
28.9167,1052.0,5.96591
29.0833,1257.0,5.96591
29.25,1271.0,6.70454
29.4167,1270.0,5.96591
29.5,1261.0,5.39773
29.75,1236.0,5.39773
29.9167,1244.0,5.73864
30.0833,1186.0,6.07954
30.0833,1057.0,6.07954
30.1667,945.0,6.07954
30.25,1028.0,6.875
30.4167,1185.0,6.875
30.5833,1299.0,5.96591
30.75,1309.0,5.96591
30.8333,1364.0,6.13636
31.0,1384.0,6.13636
31.1667,1384.0,6.13636
31.3333,1384.0,5.22727
31.4167,1410.0,5.73864
31.4167,1384.0,5.73864
31.5833,1285.0,5.73864
31.75,1146.0,5.79545
31.9167,1034.0,5.79545
32.0833,965.0,5.79545
32.25,1048.0,5.79545
32.3333,1136.0,5.56818
32.5,1132.0,5.56818
32.5833,1088.0,6.13636
32.75,1142.0,6.13636
32.75,1203.0,5.34091
32.75,1287.0,5.34091
32.9167,1288.0,5.34091
33.0,1400.0,5.68182
33.1667,1352.0,5.68182
33.3333,1120.0,5.68182
33.5,1047.0,5.68182
33.6667,1156.0,5.45454
33.8333,1238.0,5.45454
33.9167,1196.0,6.42045
33.9167,1152.0,6.42045
33.9167,1101.0,6.42045
34.0,1057.0,6.42045
34.0833,1151.0,0.738636
34.25,1246.0,3.18182
34.4167,1341.0,5.85227
34.5833,1342.0,5.85227
34.6667,1341.0,6.81818
34.8333,1340.0,6.81818
35.0,1339.0,6.81818
35.0833,1287.0,6.07954
35.0833,1089.0,6.07954
35.0833,1038.0,6.07954
35.3333,1080.0,6.07954
35.5,1222.0,6.07954
35.6667,1329.0,6.53409
35.8333,1077.0,6.19318
36.0,990.0,5.79545
36.25,1000.0,6.76136
36.4167,1044.0,6.07954
36.5,1314.0,6.47727
36.5,1314.0,6.47727
36.5833,1437.0,6.47727
36.75,1388.0,6.07954
36.9167,1296.0,6.07954
37.0833,1268.0,6.07954
37.1667,1313.0,5.96591
37.3333,1344.0,5.96591
37.5,1349.0,5.11364
37.5833,1263.0,5.625
37.5833,1083.0,5.625
37.5833,1165.0,5.625
37.75,1321.0,5.625
37.9167,1411.0,6.02273
38.0833,1417.0,5.96591
38.25,1296.0,5.96591
38.5,1239.0,6.25
38.6667,1266.0,6.42045
38.8333,1248.0,6.02273
38.8333,1199.0,5.90909
39.0,1203.0,5.90909
39.25,1201.0,5.90909
39.3333,1174.0,6.93182
39.4167,1149.0,6.93182
39.5833,1161.0,6.93182
39.75,1175.0,6.13636
39.9167,1185.0,6.13636
40.0833,1213.0,6.70454
40.3333,1223.0,6.64773
40.5,1303.0,6.47727
40.5,1338.0,6.30682
40.5833,1332.0,6.30682
40.8333,1304.0,6.30682
41.0,1269.0,6.30682
41.1667,1285.0,6.25
41.3333,1314.0,7.89773
41.5,1216.0,7.89773
41.5833,1083.0,6.76136
41.6667,1044.0,6.25
41.75,1118.0,6.25
41.8333,1217.0,6.93182
41.9167,1291.0,6.93182
42.0,1293.0,5.05682
42.25,1263.0,5.05682
42.4167,1263.0,5.96591
42.5833,1263.0,5.96591
42.6667,1272.0,5.90909
42.8333,1274.0,5.90909
43.0,1223.0,5.90909
43.1667,1165.0,5.90909
43.3333,1153.0,6.07954
43.5833,1133.0,6.07954
43.75,1100.0,6.07954
43.9167,1085.0,6.02273
44.0,1120.0,5.90909
44.25,1162.0,5.90909
44.4167,1274.0,6.30682
44.5833,1275.0,6.36363
44.75,1268.0,6.36363
44.8333,1057.0,3.29545
44.9167,1068.0,6.875
45.0833,1223.0,6.875
45.3333,1346.0,7.27273
45.5,1434.0,7.27273
45.5833,1322.0,5.96591
45.8333,1173.0,5.96591
45.9167,1110.0,8.125
45.9167,1159.0,3.01136
46.0833,1306.0,3.01136
46.0833,1292.0,6.30682
46.25,1276.0,6.30682
46.4167,1278.0,6.30682
46.6667,1282.0,6.30682
46.8333,1332.0,6.76136
47.0,1343.0,6.07954
47.25,1347.0,6.07954
47.4167,1334.0,6.13636
47.5833,1177.0,6.47727
47.6667,1091.0,6.64773
47.6667,1057.0,6.64773
47.8333,1080.0,6.64773
48.0833,1172.0,6.64773
48.25,1216.0,6.64773
48.3333,1194.0,5.68182
48.4167,1165.0,3.18182
48.6667,1196.0,3.18182
48.8333,1196.0,6.47727
48.9167,1394.0,5.68182
48.9167,1440.0,5.68182
48.9167,1353.0,5.68182
49.0833,1241.0,5.68182
49.25,1028.0,6.02273
49.4167,1012.0,6.02273
49.5,957.0,5.85227
49.6667,861.0,6.875
49.9167,862.0,6.875
50.0833,942.0,6.59091
50.25,1038.0,6.59091
50.3333,1186.0,6.19318
50.5833,1312.0,6.19318
50.75,1201.0,6.19318
51.0,1118.0,6.19318
51.0833,1116.0,6.19318
51.25,1185.0,6.19318
51.3333,1238.0,7.21591
51.5,1203.0,7.21591
51.6667,1128.0,6.59091
51.6667,1092.0,6.19318
51.75,1210.0,6.19318
51.8333,1349.0,1.25
52.0,1394.0,3.52273
52.1667,1365.0,8.35227
52.25,1357.0,8.35227
52.3333,1370.0,7.44318
52.5,1400.0,7.44318
52.5,1375.0,5.96591
52.5833,1351.0,2.21591
52.6667,1344.0,2.21591
52.75,1343.0,1.59091
52.9167,1362.0,3.46591
53.1667,1386.0,6.53409
53.3333,1406.0,6.53409
53.5,1353.0,5.96591
53.75,1335.0,6.59091
53.9167,1320.0,6.59091
54.0833,1329.0,6.64773
54.1667,1328.0,5.68182
54.25,1327.0,5.68182
54.4167,1297.0,1.76136
54.5833,1297.0,5.90909
54.75,1271.0,5.90909
54.8333,1261.0,6.76136
55.0,1268.0,6.76136
55.1667,1275.0,6.76136
55.3333,1263.0,6.76136
55.4167,1226.0,6.81818
55.5833,1230.0,6.81818
55.8333,1259.0,6.81818
56.0,1291.0,6.81818
56.25,1304.0,6.81818
56.4167,1377.0,6.76136
56.5833,1338.0,5.96591
56.8333,1336.0,6.76136
57.0,1240.0,6.76136
57.1667,1255.0,7.27273
57.25,1255.0,6.59091
57.3333,1236.0,6.59091
57.5833,1238.0,6.59091
57.75,1228.0,6.70454
57.8333,1299.0,6.81818
57.8333,1401.0,6.81818
58.0,1461.0,6.81818
58.1667,1460.0,6.81818
58.4167,1328.0,6.70454
58.4167,1254.0,6.47727
58.5,1233.0,2.15909
58.6667,1233.0,2.32954
58.8333,1263.0,6.07954
59.0833,1323.0,6.36363
59.1667,1319.0,6.42045
59.3333,1207.0,6.42045
59.5833,1098.0,6.42045
59.5833,1211.0,6.36363
59.6667,1392.0,6.36363
59.6667,1444.0,1.76136
59.8333,1475.0,1.76136
60.0833,1430.0,6.70454
60.25,1341.0,7.15909
60.4167,1353.0,7.15909
60.6667,1391.0,7.15909
60.75,1386.0,6.81818
60.8333,1204.0,3.75
61.0,1204.0,3.75
61.0833,1143.0,7.15909
61.25,1154.0,3.57954
61.4167,1204.0,3.57954
61.6667,1291.0,6.875
61.8333,1360.0,6.59091
62.0,1413.0,6.81818
62.1667,1392.0,6.59091
62.25,1299.0,6.19318
62.25,1215.0,6.19318
62.25,1239.0,6.19318
62.3333,1269.0,0.965909
62.5,1275.0,2.21591
62.6667,1221.0,6.98863
62.8333,1141.0,6.98863
63.0,1104.0,5.79545
63.0833,1132.0,6.53409
63.25,1228.0,6.53409
63.3333,1236.0,6.64773
63.3333,1236.0,6.64773
63.5,1228.0,6.64773
63.5833,1265.0,7.27273
63.8333,1462.0,7.38636
63.9167,1449.0,6.875
64.0833,1355.0,6.875
64.25,1300.0,6.81818
64.25,1222.0,6.47727
64.4167,1203.0,6.47727
64.4167,1222.0,6.64773
64.5833,1246.0,6.64773
64.6667,1228.0,7.67045
64.9167,1177.0,7.10227
65.0833,1230.0,6.81818
65.25,1321.0,6.36363
65.5,1364.0,6.36363
65.6667,1294.0,6.36363
65.75,1202.0,6.93182
65.75,1177.0,6.93182
65.8333,1203.0,6.93182
66.0833,1248.0,7.04545
66.25,1251.0,7.04545
66.5,1185.0,7.67045
66.6667,1185.0,7.67045
66.8333,1159.0,6.875
67.0,1172.0,7.27273
67.0,1223.0,7.27273
67.0,1209.0,7.27273
67.0833,1213.0,7.27273
67.25,1220.0,6.70454
67.5,1260.0,6.64773
67.6667,1238.0,6.70454
67.9167,1196.0,6.70454
68.0,1135.0,7.38636
68.1667,1115.0,3.69318
68.25,1156.0,5.90909
68.3333,1159.0,3.35227
68.4167,1129.0,3.35227
68.5,1132.0,1.64773
68.5833,1211.0,3.75
68.8333,1288.0,3.75
69.0,1375.0,3.75
69.1667,1395.0,6.36363
69.25,1254.0,8.06818
69.5,1266.0,8.06818
69.5,1297.0,6.59091
69.5,1296.0,6.59091
69.6667,1235.0,6.59091
69.75,1161.0,3.52273
70.0,1140.0,6.64773
70.0,1140.0,7.89773
70.1667,1283.0,7.89773
70.3333,1172.0,6.93182
70.5,1106.0,5.56818
70.6667,1113.0,5.56818
70.8333,1159.0,5.56818
70.8333,1185.0,8.01136
71.0833,1254.0,8.01136
71.1667,1309.0,7.72727
71.4167,1375.0,6.98863
71.5833,1426.0,6.98863
71.75,1309.0,6.47727
71.9167,1251.0,6.47727
72.0,1158.0,6.98863
72.1667,1158.0,6.98863
72.25,1262.0,6.98863
72.4167,1262.0,3.40909
72.5833,1360.0,6.25
72.75,1336.0,6.25
72.8333,1252.0,6.53409
72.9167,1209.0,2.27273
73.0833,1290.0,3.40909
73.1667,1297.0,3.57954
73.1667,1241.0,3.57954
73.3333,1191.0,3.57954
73.5833,1054.0,3.57954
73.75,1098.0,6.30682
73.75,1172.0,8.01136
73.8333,1216.0,2.15909
74.0,1187.0,2.27273
74.25,1108.0,7.55682
74.3333,1167.0,6.81818
74.4167,1299.0,6.81818
74.5833,1459.0,6.81818
74.75,1442.0,6.81818
74.9167,1370.0,6.81818
75.0,1252.0,6.76136
75.1667,1162.0,6.76136
75.3333,1128.0,6.98863
75.5,1181.0,6.98863
75.5833,1213.0,7.15909
75.5833,1209.0,7.15909
75.75,1198.0,7.04545
75.8333,1270.0,3.52273
76.0833,1414.0,3.52273
76.25,1416.0,6.93182
76.5,1356.0,6.93182
76.6667,1191.0,6.93182
76.6667,1166.0,7.38636
76.8333,1224.0,7.38636
76.8333,1326.0,6.875
76.9167,1312.0,1.70455
77.0833,1190.0,3.29545
77.3333,1255.0,7.04545
77.5,1215.0,7.04545
77.75,1161.0,6.98863
77.75,1282.0,6.76136
78.0,1397.0,6.76136
78.0,1345.0,6.42045
78.1667,1345.0,6.42045
78.4167,1269.0,6.70454
78.5,1338.0,6.875
78.75,1336.0,6.875
78.8333,1353.0,5.90909
79.0,1369.0,5.90909
79.1667,1310.0,5.90909
79.3333,1177.0,5.96591
79.5,1239.0,7.67045
79.5,1339.0,6.70454
79.5833,1440.0,6.70454
79.8333,1436.0,6.70454
80.0,1429.0,6.70454
80.1667,1373.0,5.79545
80.25,1377.0,3.80682
80.5,1437.0,3.80682
80.5833,1460.0,6.13636
80.75,1467.0,6.13636
80.8333,1447.0,6.13636
81.0,1417.0,6.13636
81.25,1314.0,6.13636
81.4167,1443.0,6.64773
81.5833,1603.0,6.64773
81.5833,1557.0,7.38636
81.6667,1333.0,1.59091
81.75,1404.0,3.75
81.9167,1406.0,3.35227
81.9167,1492.0,3.06818
82.0,1500.0,2.32954
82.25,1349.0,2.32954
82.4167,1267.0,6.02273
82.5833,1277.0,7.32954
82.6667,1341.0,3.29545
82.8333,1436.0,6.13636
83.0833,1454.0,6.875
83.1667,1448.0,6.70454
83.3333,1384.0,6.70454
83.3333,1404.0,6.70454
83.5,1433.0,6.70454
83.75,1463.0,6.70454
83.9167,1461.0,6.70454
84.0,1467.0,6.30682
84.25,1467.0,7.32954
84.4167,1279.0,7.32954
84.5,1132.0,7.84091
84.6667,1051.0,7.84091
84.6667,1054.0,6.98863
84.75,1218.0,1.70455
84.9167,1292.0,3.52273
85.1667,1285.0,6.76136
85.25,1265.0,7.5
85.5,1315.0,7.5
85.6667,1446.0,6.81818
85.75,1481.0,5.96591
85.9167,1476.0,7.04545
85.9167,1476.0,7.04545
86.0833,1380.0,7.04545
86.3333,1392.0,7.04545
86.5,1413.0,6.81818
86.5833,1356.0,7.38636
86.75,1168.0,7.38636
86.9167,1152.0,7.38636
87.1667,1254.0,7.38636
87.25,1364.0,6.93182
87.25,1412.0,3.23864
87.3333,1345.0,3.23864
87.5,1266.0,6.59091
87.75,1238.0,6.59091
87.9167,1250.0,7.10227
88.0,1289.0,6.47727
88.25,1323.0,6.47727
88.4167,1305.0,6.76136
88.6667,1248.0,6.76136
88.75,1149.0,6.25
88.8333,1289.0,6.25
89.0,1374.0,6.25
89.1667,1375.0,6.70454
89.4167,1353.0,7.21591
89.5833,1329.0,6.76136
89.75,1370.0,6.59091
89.8333,1393.0,6.13636
90.0,1406.0,6.13636
90.0,1375.0,6.42045
90.0,1231.0,6.42045
90.25,1137.0,6.42045
90.4167,1137.0,6.42045
90.6667,1093.0,6.42045
90.75,1146.0,6.30682
90.9167,1225.0,6.30682
91.1667,1258.0,6.64773
91.3333,1275.0,6.64773
91.4167,1289.0,6.47727
91.4167,1363.0,6.47727
91.5,1426.0,6.47727
91.6667,1344.0,6.47727
91.9167,1140.0,6.47727
92.0,1091.0,6.19318
92.25,1086.0,6.19318
92.3333,1147.0,6.64773
92.5,1275.0,6.64773
92.5,1297.0,6.64773
92.5,1260.0,6.64773
92.5833,1336.0,6.64773
92.75,1543.0,6.47727
92.9167,1645.0,6.47727
93.0833,1467.0,6.70454
93.25,1356.0,6.30682
93.4167,1304.0,6.30682
93.6667,1277.0,6.81818
93.75,1338.0,6.53409
93.75,1478.0,6.53409
93.75,1481.0,6.53409
93.9167,1329.0,6.53409
94.0833,1220.0,6.42045
94.3333,1171.0,6.70454
94.4167,1262.0,6.30682
94.5,1402.0,3.125
94.75,1451.0,3.40909
94.75,1423.0,5.73864
94.9167,1421.0,5.73864
95.0,1371.0,7.55682
95.0833,1365.0,2.10227
95.1667,1415.0,2.10227
95.4167,1420.0,6.25
95.5833,1371.0,6.25
95.6667,1367.0,6.42045
95.8333,1311.0,6.42045
95.9167,1310.0,6.875
96.0,1310.0,2.95454
96.0,1383.0,2.95454
96.0833,1407.0,2.95454
96.25,1408.0,2.95454
96.4167,1409.0,6.53409
96.6667,1450.0,6.47727
96.8333,1465.0,6.47727
96.9167,1473.0,5.28409
97.0833,1479.0,3.57954
97.1667,1382.0,6.76136
97.3333,1277.0,6.76136
97.3333,1222.0,5.96591
97.5,1223.0,5.96591
97.6667,1363.0,6.42045
97.9167,1394.0,6.42045
98.0833,1379.0,6.59091
98.1667,1358.0,6.30682
98.3333,1409.0,6.30682
98.4167,1557.0,6.36363
98.5833,1510.0,6.30682
98.5833,1393.0,6.02273
98.6667,1281.0,6.02273
98.8333,1318.0,6.02273
99.0833,1418.0,6.47727
99.25,1433.0,6.30682
99.3333,1401.0,6.19318
99.4167,1386.0,3.01136
99.6667,1376.0,3.29545
99.75,1450.0,6.30682
99.75,1580.0,6.30682
99.9167,1538.0,6.30682
100.0,1343.0,6.93182
100.167,1381.0,6.93182
100.333,1494.0,6.47727
100.5,1559.0,6.42045
100.667,1376.0,6.42045
100.833,1158.0,6.42045
100.917,1121.0,6.53409
100.917,1174.0,3.29545
101.0,1238.0,3.29545
101.083,1267.0,1.30682
101.25,1250.0,3.06818
101.5,1250.0,6.47727
101.667,1269.0,6.36363
101.833,1343.0,6.36363
101.917,1501.0,5.79545
102.083,1555.0,5.79545
102.333,1455.0,6.13636
102.333,1311.0,6.13636
102.5,1198.0,6.13636
102.5,1223.0,6.47727
102.583,1245.0,2.04545
102.75,1236.0,6.875
102.917,1214.0,6.59091
103.083,1166.0,6.59091
103.167,1186.0,7.44318
103.333,1235.0,7.44318
103.333,1406.0,5.73864
103.5,1577.0,5.73864
103.5,1548.0,5.625
103.5,1493.0,5.625
103.667,1479.0,5.625
103.75,1466.0,7.32954
103.917,1337.0,6.98863
104.083,1267.0,6.59091
104.25,1219.0,6.59091
104.333,1184.0,7.15909
104.417,1186.0,6.875
104.5,1188.0,6.875
104.583,1336.0,6.25
104.833,1440.0,6.25
104.833,1540.0,6.47727
104.917,1622.0,2.10227
105.083,1636.0,2.89773
105.167,1565.0,5.96591
105.25,1468.0,5.96591
105.417,1378.0,5.73864
105.583,1326.0,6.36363
105.583,1274.0,6.53409
105.667,1195.0,1.53409
105.667,1167.0,1.53409
105.75,1218.0,1.47727
105.917,1217.0,3.23864
106.0,1342.0,5.68182
106.167,1415.0,5.68182
106.333,1415.0,8.35227
106.417,1510.0,4.26136
106.583,1441.0,6.64773
106.667,1388.0,6.64773
106.75,1360.0,6.70454
106.75,1254.0,6.70454
106.833,1193.0,1.47727
106.917,1165.0,1.47727
107.083,1182.0,1.93182
107.25,1219.0,5.11364
107.417,1283.0,5.11364
107.583,1302.0,5.85227
107.75,1302.0,5.51136
107.917,1333.0,5.51136
107.917,1379.0,5.73864
108.083,1398.0,5.73864
108.083,1389.0,5.56818
108.167,1397.0,5.56818
108.333,1357.0,5.79545
108.5,1344.0,5.79545
108.667,1291.0,5.79545
108.75,1233.0,5.68182
108.833,1241.0,5.68182
109.0,1405.0,5.96591
109.167,1464.0,5.96591
109.167,1493.0,5.85227
109.333,1492.0,5.85227
109.333,1498.0,5.56818
109.417,1449.0,5.56818
109.583,1447.0,5.56818
109.75,1495.0,5.79545
109.917,1589.0,5.51136
110.0,1578.0,6.02273
110.083,1541.0,2.89773
110.25,1534.0,3.35227
110.333,1545.0,6.64773
110.333,1601.0,6.64773
110.417,1538.0,6.64773
110.5,1514.0,6.98863
110.583,1536.0,6.98863
110.667,1553.0,7.10227
110.833,1536.0,7.10227
110.833,1512.0,5.45454
110.917,1512.0,1.76136
111.0,1458.0,1.76136
111.083,1418.0,5.68182
111.167,1454.0,5.68182
111.333,1417.0,5.625
111.417,1398.0,5.45454
111.583,1437.0,5.45454
111.75,1387.0,5.625
111.833,1337.0,5.90909
112.0,1362.0,5.90909
112.0,1440.0,6.13636
112.083,1614.0,1.76136
112.167,1585.0,1.76136
112.333,1576.0,2.04545
112.5,1602.0,5.17045
112.5,1632.0,5.68182
112.5,1450.0,5.68182
112.5,1371.0,5.68182
112.583,1310.0,5.68182
112.75,1218.0,5.90909
112.917,1169.0,5.39773
113.083,1203.0,5.39773
113.167,1314.0,5.05682
113.25,1430.0,5.22727
113.417,1437.0,5.22727
113.583,1408.0,5.90909
113.583,1447.0,5.79545
113.667,1581.0,5.79545
113.75,1683.0,5.28409
113.75,1632.0,5.28409
113.833,1541.0,1.36364
114.0,1448.0,2.67045
114.167,1454.0,5.39773
114.333,1453.0,5.39773
114.417,1443.0,5.28409
114.5,1463.0,2.89773
114.583,1435.0,2.89773
114.75,1349.0,2.89773
114.917,1317.0,5.34091
114.917,1318.0,5.11364
114.917,1358.0,5.11364
115.083,1368.0,5.11364
115.25,1368.0,5.11364
115.417,1456.0,5.68182
115.583,1600.0,5.68182
115.583,1681.0,5.11364
115.75,1712.0,5.11364
115.833,1557.0,5.22727
116.0,1474.0,5.22727
116.167,1434.0,5.34091
116.333,1366.0,5.34091
116.417,1331.0,5.51136
116.5,1370.0,5.17045
116.583,1398.0,5.17045
116.75,1399.0,5.17045
116.917,1369.0,5.17045
117.083,1493.0,5.17045
117.167,1562.0,5.22727
117.167,1510.0,5.22727
117.333,1437.0,5.22727
117.5,1369.0,5.39773
117.667,1430.0,5.05682
117.75,1424.0,6.13636
117.833,1455.0,4.82954
118.0,1462.0,4.82954
118.083,1342.0,4.54545
118.167,1320.0,2.5
118.25,1320.0,4.77273
118.417,1318.0,4.77273
118.583,1375.0,4.88636
118.667,1508.0,4.26136
118.667,1580.0,2.72727
118.833,1585.0,2.72727
119.0,1598.0,5.22727
119.083,1545.0,4.43182
119.167,1477.0,4.82954
119.333,1366.0,4.82954
119.417,1223.0,5.90909
119.5,1187.0,2.5
119.583,1284.0,5.68182
119.75,1343.0,5.39773
119.917,1329.0,5.39773
120.083,1341.0,4.94318
120.167,1530.0,5.22727
120.333,1664.0,5.22727
120.5,1664.0,5.22727
120.583,1664.0,5.05682
120.583,1576.0,5.05682
120.667,1470.0,5.05682
120.667,1434.0,1.13636
120.667,1505.0,1.13636
120.833,1541.0,1.19318
121.0,1475.0,4.65909
121.083,1450.0,5.68182
121.167,1521.0,5.68182
121.25,1552.0,5.05682
121.25,1542.0,5.05682
121.333,1535.0,1.59091
121.5,1572.0,2.15909
121.5,1582.0,5.51136
121.667,1522.0,5.51136
121.667,1510.0,4.82954
121.667,1585.0,4.82954
121.667,1571.0,4.82954
121.75,1540.0,4.82954
121.917,1543.0,4.82954
122.083,1536.0,4.82954
122.167,1542.0,4.375
122.25,1575.0,4.65909
122.333,1612.0,2.10227
122.417,1605.0,4.71591
122.583,1677.0,4.71591
122.667,1696.0,3.86364
122.667,1746.0,4.31818
122.667,1734.0,4.31818
122.833,1655.0,4.31818
122.917,1635.0,4.94318
122.917,1603.0,2.27273
123.083,1509.0,2.27273
123.167,1505.0,4.31818
123.333,1447.0,4.31818
123.417,1346.0,4.54545
123.583,1314.0,4.26136
123.667,1345.0,4.26136
123.833,1353.0,4.26136
123.917,1396.0,3.97727
124.083,1504.0,3.97727
124.083,1573.0,3.69318
124.167,1573.0,2.21591
124.167,1590.0,2.21591
124.333,1577.0,2.21591
124.333,1568.0,3.92045
124.5,1628.0,3.92045
124.583,1725.0,3.92045
124.75,1820.0,3.92045
124.833,1837.0,4.26136
125.0,1821.0,4.375
125.0,1762.0,4.03409
125.167,1737.0,4.03409
125.25,1735.0,3.92045
125.417,1701.0,3.92045
125.5,1603.0,4.20454
125.583,1496.0,3.97727
125.583,1475.0,3.97727
125.667,1502.0,1.30682
125.75,1591.0,1.30682
125.75,1699.0,2.15909
125.833,1694.0,2.15909
125.917,1719.0,1.25
126.083,1725.0,4.03409
126.167,1766.0,4.09091
126.25,1858.0,3.92045
126.417,1806.0,3.92045
126.417,1804.0,4.03409
126.583,1649.0,4.03409
126.667,1598.0,3.69318
126.75,1621.0,4.88636
126.917,1625.0,3.75
126.917,1604.0,3.57954
127.083,1636.0,3.57954
127.167,1644.0,4.26136
127.25,1680.0,3.63636
127.417,1725.0,3.63636
127.417,1722.0,3.46591
127.5,1702.0,1.98864
127.667,1705.0,3.18182
127.75,1799.0,4.31818
127.833,1798.0,3.86364
128.0,1897.0,3.86364
128.083,1889.0,4.14773
128.083,1889.0,3.63636
128.167,1910.0,1.98864
128.333,1949.0,3.125
128.417,1919.0,4.03409
128.417,1955.0,4.03409
128.583,1829.0,4.03409
128.667,1752.0,3.80682
128.667,1693.0,3.46591
128.667,1679.0,3.46591
128.75,1727.0,1.19318
128.75,1699.0,1.19318
128.833,1646.0,1.19318
128.917,1647.0,3.46591
129.0,1714.0,3.63636
129.083,1819.0,3.23864
129.25,1848.0,3.23864
129.333,1843.0,3.97727
129.333,1834.0,3.18182
129.417,1878.0,1.70455
129.5,1786.0,2.89773
129.667,1751.0,2.89773
129.75,1661.0,3.40909
129.833,1516.0,2.95454
129.917,1367.0,3.01136
130.0,1062.0,3.23864
130.083,627.0,3.01136
130.083,239.0,3.01136
130.167,50.0,1.47727
130.25,0.0,3.18182
130.333,0.0,3.18182
130.333,0.0,2.27273
130.417,0.0,2.27273
130.5,0.0,1.36364
130.583,0.0,2.89773
130.667,0.0,2.89773
130.75,0.0,2.38636
130.75,0.0,2.44318
130.833,0.0,1.98864
130.917,0.0,1.98864
130.917,0.0,2.15909
131.0,0.0,1.98864
131.083,0.0,2.04545
131.083,0.0,2.04545
131.083,0.0,2.04545
131.167,0.0,2.04545
131.167,0.0,0.795454
131.25,84.0,0.795454
131.25,996.0,1.76136
131.333,2172.0,1.76136
131.333,1974.0,1.42045
131.333,1473.0,1.42045
131.333,1362.0,1.42045
131.333,1716.0,1.42045
131.417,2259.0,1.42045
131.417,2272.0,0.568182
131.5,2131.0,1.64773
131.583,2051.0,1.64773
131.583,2110.0,1.70455
131.583,2277.0,1.70455
131.583,2352.0,1.70455
131.667,2313.0,1.70455
131.667,2211.0,0.795454
131.75,1883.0,1.93182
131.75,1720.0,1.93182
131.75,1674.0,1.93182
131.833,1729.0,1.93182
131.833,1963.0,0.795454
131.917,2182.0,1.47727
132.0,2182.0,1.47727
132.0,2304.0,1.98864
132.083,2526.0,1.98864
132.083,2673.0,1.64773
132.167,2667.0,1.76136
132.167,2586.0,1.76136
132.25,2542.0,1.36364
132.25,2530.0,1.36364
132.25,2322.0,1.36364
132.333,2163.0,0.909091
132.333,2076.0,0.909091
132.333,2018.0,0.909091
132.417,2020.0,0.909091
132.417,1914.0,0.852273
132.5,1913.0,0.852273
132.5,2218.0,1.64773
132.583,2327.0,1.59091
132.583,2324.0,1.59091
132.667,2324.0,1.42045
132.667,2336.0,1.42045
132.667,2249.0,1.42045
132.75,2320.0,1.42045
132.75,2344.0,0.852273
132.75,2290.0,0.852273
132.75,2277.0,0.852273
132.833,2227.0,0.738636
132.833,2099.0,0.738636
132.917,2085.0,1.76136
132.917,2098.0,1.76136
132.917,2105.0,1.76136
133.0,2136.0,1.76136
133.0,2082.0,0.738636
133.083,2094.0,0.738636
133.083,2124.0,1.70455
133.083,2104.0,1.70455
133.083,2137.0,1.70455
133.167,2134.0,1.70455
133.167,2123.0,0.738636
133.25,2175.0,0.738636
133.25,2209.0,1.30682
133.333,2249.0,1.30682
133.333,2285.0,1.64773
133.417,2286.0,1.47727
133.417,2301.0,1.47727
133.417,2287.0,1.47727
133.5,2256.0,1.07955
133.583,2191.0,1.07955
133.583,2112.0,1.70455
133.667,2170.0,1.70455
133.667,2193.0,1.42045
133.75,2139.0,1.42045
133.75,2114.0,1.36364
133.75,2117.0,1.36364
133.75,2082.0,1.36364
133.833,2080.0,1.36364
133.833,2086.0,0.681818
133.833,2071.0,0.681818
133.917,1903.0,1.36364
133.917,1909.0,1.36364
133.917,1956.0,1.36364
133.917,1956.0,1.36364
134.0,1869.0,1.36364
134.0,1838.0,0.568182
134.083,1895.0,0.568182
134.083,1947.0,1.59091
134.083,1966.0,1.59091
134.167,2022.0,1.19318
134.167,2034.0,1.19318
134.167,2114.0,1.19318
134.167,2185.0,1.19318
134.25,2091.0,1.19318
134.25,2063.0,0.568182
134.25,2147.0,0.568182
134.333,2188.0,1.36364
134.333,2197.0,1.36364
134.417,2229.0,1.19318
134.417,2227.0,1.19318
134.417,2259.0,1.19318
134.5,2253.0,1.07955
134.5,2292.0,1.07955
134.583,2356.0,1.42045
134.583,2389.0,1.42045
134.583,2378.0,1.42045
134.667,2254.0,0.965909
134.667,2288.0,0.965909
134.75,2288.0,0.965909
134.75,2275.0,1.02273
134.75,2296.0,1.02273
134.833,2297.0,1.19318
134.833,2320.0,1.19318
134.917,2312.0,1.19318
134.917,2284.0,1.07955
134.917,2254.0,1.07955
135.0,2291.0,1.07955
135.0,2310.0,1.02273
135.0,2282.0,1.02273
135.083,2241.0,1.02273
135.083,2230.0,0.852273
135.083,2246.0,0.852273
135.083,2246.0,0.852273
135.167,2245.0,0.852273
135.167,2265.0,0.852273
135.167,2212.0,0.852273
135.167,2212.0,0.852273
135.25,2116.0,0.738636
135.25,2199.0,0.738636
135.25,2305.0,0.738636
135.25,2237.0,0.738636
135.333,2158.0,0.738636
135.333,2135.0,0.625
135.333,2134.0,0.625
135.333,2105.0,0.625
135.417,2045.0,0.625
135.417,2048.0,0.625
135.417,2047.0,0.625
135.417,2051.0,0.625
135.417,2041.0,0.625
135.417,2038.0,0.625
135.417,2098.0,0.625
135.5,2167.0,0.454545
135.5,1983.0,0.454545
135.5,1972.0,0.454545
135.5,2035.0,0.454545
135.5,2075.0,0.454545
135.5,1928.0,0.454545
135.5,1910.0,0.454545
135.583,1923.0,0.454545
135.583,1846.0,0.397727
135.583,1881.0,0.397727
135.583,1933.0,0.397727
135.583,1964.0,0.397727
135.583,1958.0,0.397727
135.583,1930.0,0.397727
135.583,1902.0,0.397727
135.583,1881.0,0.397727
135.583,1888.0,0.397727
135.583,1848.0,0.397727
135.583,1818.0,0.397727
135.583,1779.0,0.397727
135.583,1751.0,0.397727
135.583,1765.0,0.397727
135.583,1787.0,0.397727
135.583,1798.0,0.397727
135.583,1796.0,0.397727
135.583,1784.0,0.397727
135.583,1776.0,0.397727
135.583,1776.0,0.397727
135.583,1654.0,0.397727
135.583,1581.0,0.397727
135.583,1523.0,0.397727
135.583,1544.0,0.397727
135.583,1599.0,0.397727
135.583,1582.0,0.397727
135.583,1554.0,0.397727
135.583,1502.0,0.397727
135.583,1453.0,0.397727
135.583,1438.0,0.397727
135.583,1452.0,0.397727
135.583,1415.0,0.397727
135.583,1346.0,0.397727
135.583,1265.0,0.397727
135.583,1124.0,0.397727
135.583,814.0,0.397727
135.583,444.0,0.397727
135.583,168.0,0.397727
135.583,0.0,0.397727
135.583,0.0,0.397727
135.583,0.0,0.397727
135.583,0.0,0.397727
135.583,0.0,0.397727
135.583,0.0,0.397727
135.583,0.0,0.397727
135.583,0.0,0.397727
135.583,0.0,0.397727
135.583,0.0,0.397727
135.583,0.0,0.397727
135.583,0.0,0.397727
135.583,0.0,0.397727
135.583,0.0,0.397727
135.583,0.0,0.397727
135.583,0.0,0.397727
135.583,0.0,0.397727
135.583,0.0,0.0
135.583,0.0,0.0
135.583,0.0,0.0
135.583,1.0,0.0
135.583,0.0,0.0
135.583,0.0,0.0
135.583,0.0,0.0
135.583,0.0,0.0
135.583,0.0,0.0
135.583,0.0,0.0
135.583,0.0,0.0
135.583,0.0,0.0
135.583,0.0,0.0
135.583,0.0,0.0
135.583,0.0,0.0
135.583,0.0,0.0
135.583,0.0,0.0
135.583,0.0,0.0
135.583,0.0,0.0
135.583,0.0,0.0
135.583,1.0,0.0
135.583,0.0,0.0
135.583,0.0,0.0
135.583,0.0,0.0
135.583,0.0,0.0
135.583,0.0,0.0
135.583,0.0,0.0
135.583,0.0,0.0
135.583,0.0,0.0
135.583,1.0,0.0
135.583,0.0,0.0
135.583,0.0,0.0
135.583,0.0,0.0
135.583,1.0,0.0
135.583,0.0,0.0
135.583,0.0,0.0
135.583,0.0,0.0
135.583,0.0,0.0
