0.0,0.0,0.0
0.0,0.0,0.0
0.0,0.0,0.0
0.0,0.0,0.0
0.0,0.0,0.0
0.0,0.0,0.0
0.0,0.0,0.0
0.0,0.0,0.0
0.0,0.0,0.0
0.0,0.0,0.0
0.0,0.0,0.0
0.0,0.0,0.0
0.0,0.0,0.0
0.0,0.0,0.0
0.0,0.0,0.0
0.0,0.0,0.0
0.0,0.0,0.0
0.0,0.0,0.0
0.0,0.0,0.0
0.0,0.0,0.0
0.0,0.0,0.0
0.0,0.0,0.0
0.0,0.0,0.0
0.0,0.0,0.0
0.0,0.0,0.0
0.0,0.0,0.0
0.0,0.0,0.0
0.0,0.0,0.0
0.0,0.0,0.0
0.0,0.0,0.0
0.0,0.0,0.0
0.0,0.0,0.0
0.0,0.0,0.0
0.0,0.0,0.0
0.0,0.0,0.0
0.0,0.0,0.0
0.0,0.0,0.0
0.0,0.0,0.0
0.0,0.0,0.0
0.0,0.0,0.0
0.0,0.0,0.0
0.0,0.0,0.0
0.0,0.0,0.0
0.0,0.0,0.0
0.0,0.0,0.0
0.0,0.0,0.0
0.0,0.0,0.0
0.0,0.0,0.0
0.0,0.0,0.0
0.0,0.0,0.0
0.0,0.0,0.0
0.0,0.0,0.0
0.0,0.0,0.0
0.0,0.0,0.0
0.0,0.0,0.0
0.0,0.0,0.0
0.0,0.0,0.0
0.0,0.0,0.0
0.0,0.0,0.0
0.0,0.0,0.0
0.0,0.0,0.0
0.0,0.0,0.0
0.0,0.0,0.0
0.0,0.0,0.0
0.0,0.0,0.0
0.0,0.0,0.0
0.0,0.0,0.0
0.0,0.0,0.0
0.0,0.0,0.0
0.0,0.0,0.0
0.0,0.0,0.0
0.0,0.0,0.0
0.0,0.0,0.0
0.0,0.0,0.0
0.0,0.0,0.0
0.0,0.0,0.0
0.0,0.0,0.0
0.0,0.0,0.0
0.0,0.0,0.0
0.0,0.0,0.0
0.0,0.0,0.0
0.0,0.0,0.0
0.0,0.0,0.0
0.0,0.0,0.0
0.0,0.0,0.0
0.0,0.0,0.0
0.0,0.0,0.0
0.0,0.0,0.0
0.0,0.0,0.0
0.0,0.0,0.0
0.0,0.0,0.0
0.0,0.0,0.0
0.0,0.0,0.0
0.0,0.0,0.0
0.0,0.0,0.0
0.0,0.0,0.0
0.0,0.0,0.0
0.0,0.0,0.0
0.0,0.0,0.0
0.0,0.0,0.0
0.0,0.0,0.0
0.0,0.0,0.0
0.0,0.0,0.0
0.0,0.0,0.0
0.0,0.0,0.0
0.0,0.0,0.0
0.0,0.0,0.0
0.0,0.0,0.0
0.0,0.0,0.0
0.0,0.0,0.0
0.0,0.0,0.0
0.0,0.0,0.0
0.0,0.0,0.0
0.0,0.0,0.0
0.0,0.0,0.0
0.0,0.0,0.0
0.0,0.0,0.0
0.0,0.0,0.0
0.0,0.0,0.0
0.0,0.0,0.0
0.0,0.0,0.0
0.0,0.0,0.0
0.0,0.0,0.0
0.0,0.0,0.0
0.0,0.0,0.0
0.0,0.0,0.0
0.0,0.0,0.0
0.0,0.0,0.0
0.0,0.0,0.0
0.0,0.0,0.0
0.0,0.0,0.0
0.0,0.0,0.0
0.0,0.0,0.0
0.0,0.0,0.0
0.0,0.0,0.0
0.0,0.0,0.0
0.0,0.0,0.0
0.0,0.0,0.0
0.0,0.0,0.0
0.0,0.0,0.0
0.0,0.0,0.0
0.0,0.0,0.0
0.0,0.0,0.0
0.0,0.0,0.0
0.0,0.0,0.0
0.0,0.0,0.0
0.0,0.0,0.0
0.0,0.0,0.0
0.0,0.0,0.0
0.0,0.0,0.0
0.0,0.0,0.0
0.0,0.0,0.0
0.0,0.0,0.0
0.0,0.0,0.0
0.0,0.0,0.0
0.0,0.0,0.0
0.0,0.0,0.0
0.0,0.0,0.0
0.0,0.0,0.0
0.0,0.0,0.0
0.0,0.0,0.0
0.0,0.0,0.0
0.0,0.0,0.0
0.0,0.0,0.0
0.0,0.0,0.0
0.0,0.0,0.0
0.0,0.0,0.0
0.0,0.0,0.0
0.0,0.0,0.0
0.0,0.0,0.0
0.0,0.0,0.0
0.0,0.0,0.0
0.0,0.0,0.0
0.0,0.0,0.0
0.0,0.0,0.0
0.0,0.0,0.0
0.0,0.0,0.0
0.0,0.0,0.0
0.0,0.0,0.0
0.0,0.0,0.0
0.0,0.0,0.0
0.0,0.0,0.0
0.0,0.0,0.0
0.0,0.0,0.0
0.0,0.0,0.0
0.0,0.0,0.0
0.0,0.0,0.0
0.0,0.0,0.0
0.0,0.0,0.0
0.0,0.0,0.0
0.0,0.0,0.0
0.0,0.0,0.0
0.0,0.0,0.0
0.0,0.0,0.0
0.0,0.0,0.0
0.0,0.0,0.0
0.0,0.0,0.0
0.0,0.0,0.0
0.0,0.0,0.0
0.0,0.0,0.0
0.0,0.0,0.0
0.0,0.0,0.0
0.0,0.0,0.0
0.0,0.0,0.0
0.0,0.0,0.0
0.0,0.0,0.0
0.0,0.0,0.0
0.0,0.0,0.0
0.0,0.0,0.0
0.0,0.0,0.0
0.0,0.0,0.0
0.0,0.0,0.0
0.0,0.0,0.0
0.0,0.0,0.0
0.0,0.0,0.0
0.0,0.0,0.0
0.0,0.0,0.0
0.0,0.0,0.0
0.0,0.0,0.0
0.0,0.0,0.0
0.0,0.0,0.0
0.0,0.0,0.0
0.0,0.0,0.0
0.0,0.0,0.0
0.0,0.0,0.0
0.0,0.0,0.0
0.0,0.0,0.0
0.0,0.0,0.0
0.0,0.0,0.0
0.0,0.0,0.0
0.0,0.0,0.0
0.0,0.0,0.0
0.0,0.0,0.0
0.0,0.0,0.0
0.0,0.0,0.0
0.0,0.0,0.0
0.0,0.0,0.0
0.0,0.0,0.0
0.0,0.0,0.0
0.0,0.0,0.0
0.0,0.0,0.0
0.0,0.0,0.0
0.0,0.0,0.0
0.0,0.0,0.0
0.0,0.0,0.0
0.0,0.0,0.0
0.0,0.0,0.0
0.0,0.0,0.0
0.0,0.0,0.0
0.0,0.0,0.0
0.0,0.0,0.0
0.0,0.0,0.0
0.0,0.0,0.0
0.0,0.0,0.0
0.0,0.0,0.0
0.0,0.0,0.0
0.0,0.0,0.0
0.0,0.0,0.0
0.0,0.0,0.0
0.0,0.0,0.0
0.0,0.0,0.0
0.0,0.0,0.0
0.0,0.0,0.0
0.0,0.0,0.0
0.0,0.0,0.0
0.0,0.0,0.0
0.0,0.0,0.0
0.0,0.0,0.0
0.0,0.0,0.0
0.0,0.0,0.0
0.0,0.0,0.0
0.0,0.0,0.0
0.0,0.0,0.0
0.0,0.0,0.0
0.0,0.0,0.0
0.0,0.0,0.0
0.0,0.0,0.0
0.0,0.0,0.0
0.0,0.0,0.0
0.0,0.0,0.0
0.0,0.0,0.0
0.0,0.0,0.0
0.0,0.0,0.0
0.0,0.0,0.0
0.0,0.0,0.0
0.0,0.0,0.0
0.0,0.0,0.0
0.0,0.0,0.0
0.0,0.0,0.0
0.0,0.0,0.0
0.0,0.0,0.0
0.0,0.0,0.0
0.0,0.0,0.0
0.0,0.0,0.0
0.0,0.0,0.0
0.0,0.0,0.0
0.0,0.0,0.0
0.0,0.0,0.0
0.0,0.0,0.0
0.0,0.0,0.0
0.0,0.0,0.0
0.0,0.0,0.0
0.0,0.0,0.0
0.0,0.0,0.0
0.0,0.0,0.0
0.0,0.0,0.0
0.0,0.0,0.0
0.0,0.0,0.0
0.0,0.0,0.0
0.0,0.0,0.0
0.0,0.0,0.0
0.0,0.0,0.0
0.0,0.0,0.0
0.0,0.0,0.0
0.0,0.0,0.0
0.0,0.0,0.0
0.0,0.0,0.0
0.0,0.0,0.0
0.0,0.0,0.0
0.0,0.0,0.0
0.0,0.0,0.0
0.0,0.0,0.0
0.0,0.0,0.0
0.0,0.0,0.0
0.0,0.0,0.0
0.0,0.0,0.0
0.0,0.0,0.0
0.0,0.0,0.0
0.0,0.0,0.0
0.0,0.0,0.0
0.0,0.0,0.0
0.0,0.0,0.0
0.0,0.0,0.0
0.0,0.0,0.0
0.0,0.0,0.0
0.0,0.0,0.0
0.0,0.0,0.0
0.0,0.0,0.0
0.0,0.0,0.0
0.0,0.0,0.0
0.0,0.0,0.0
0.0,0.0,0.0
0.0,0.0,0.0
0.0,0.0,0.0
0.0,0.0,0.0
0.0,0.0,0.0
0.0,0.0,0.0
0.0,0.0,0.0
0.0,0.0,0.0
0.0,0.0,0.0
0.0,0.0,0.0
0.0,0.0,0.0
0.0,0.0,0.0
0.0,0.0,0.0
0.0,0.0,0.0
0.0,0.0,0.0
0.0,0.0,0.0
0.0,0.0,0.0
0.0,0.0,0.0
0.0,0.0,0.0
0.0,0.0,0.0
0.0,0.0,0.0
0.0,0.0,0.0
0.0,0.0,0.0
0.0,0.0,0.0
0.0,0.0,0.0
0.0,0.0,0.0
0.0,0.0,0.0
0.0,0.0,0.0
0.0,0.0,0.0
0.0,0.0,0.0
0.0,0.0,0.0
0.0,0.0,0.0
0.0,0.0,0.0
0.0,0.0,0.0
0.0,0.0,0.0
0.0,0.0,0.0
0.0,0.0,0.0
0.0,0.0,0.0
0.0,0.0,0.0
0.0,0.0,0.0
0.0,0.0,0.0
0.0,0.0,0.0
0.0,0.0,0.0
0.0,0.0,0.0
0.0,0.0,0.0
0.0,0.0,0.0
0.0,0.0,0.0
0.0,0.0,0.0
0.0,0.0,0.0
0.0,0.0,0.0
0.0,0.0,0.0
0.0,0.0,0.0
0.0,0.0,0.0
0.0,0.0,0.0
0.0,0.0,0.0
0.0,0.0,0.0
0.0,0.0,0.0
0.0,0.0,0.0
0.0,0.0,0.0
0.0,0.0,0.0
0.0,0.0,0.0
0.0,0.0,0.0
0.0,0.0,0.0
0.0,0.0,0.0
0.0,0.0,0.0
0.0,0.0,0.0
0.0,0.0,0.0
0.0,0.0,0.0
0.0,0.0,0.0
0.0,0.0,0.0
0.0,0.0,0.0
0.0,0.0,0.0
0.0,0.0,0.0
0.0,0.0,0.0
0.0,0.0,0.0
0.0,0.0,0.0
0.0,0.0,0.0
0.0,0.0,0.0
0.0,0.0,0.0
0.0,0.0,0.0
0.0,0.0,0.0
0.0,0.0,0.0
0.0,0.0,0.0
0.0,0.0,0.0
0.0,0.0,0.0
0.0,0.0,0.0
0.0,0.0,0.0
0.0,0.0,0.0
0.0,0.0,0.0
0.0,0.0,0.0
0.0,0.0,0.0
0.0,0.0,0.0
0.0,0.0,0.0
0.0,0.0,0.0
0.0,0.0,0.0
0.0,0.0,0.0
0.0,0.0,0.0
0.0,0.0,0.0
0.0,0.0,0.0
0.0,0.0,0.0
0.0,0.0,0.0
0.0,0.0,0.0
0.0,0.0,0.0
0.0,0.0,0.0
0.0,0.0,0.0
0.0,0.0,0.0
0.0,0.0,0.0
0.0,0.0,0.0
0.0,0.0,0.0
0.0,0.0,0.0
0.0,0.0,0.0
0.0,0.0,0.0
0.0,0.0,0.0
0.0,0.0,0.0
0.0,0.0,0.0
0.0,0.0,0.0
0.0,0.0,0.0
0.0,0.0,0.0
0.0,0.0,0.0
0.0,0.0,0.0
0.0,0.0,0.0
0.0,0.0,0.0
0.0,31.0,0.0
0.0,111.0,0.0
0.0,178.0,0.0
0.0,204.0,0.0
0.0,164.0,0.0
0.0,164.0,0.0
0.0,121.0,0.0
0.0,78.0,0.0
0.0,47.0,0.0
0.0,33.0,0.0
0.0,55.0,0.0
0.0,70.0,0.0
0.0,84.0,0.0
0.0,86.0,0.0
0.0,124.0,0.0
0.0,134.0,0.0
0.0,128.0,0.0
0.0,119.0,0.0
0.0,110.0,0.0
0.0,110.0,0.0
0.0,117.0,0.0
0.0,126.0,0.0
0.0,151.0,0.0
0.0,181.0,0.0
0.0,195.0,0.0
0.0,205.0,0.0
0.0,212.0,0.0
0.0,213.0,0.0
0.0,206.0,0.0
0.0,206.0,0.0
0.0,209.0,0.0
0.0,224.0,0.0
0.0,242.0,0.0
0.0,254.0,0.0
0.0,266.0,0.0
0.0,274.0,0.0
0.0,284.0,0.0
0.0,295.0,0.0
0.0,314.0,0.0
0.0,324.0,0.0
0.0,345.0,0.0
0.0,362.0,0.0
0.0,374.0,0.0
0.0,385.0,0.0
0.0,403.0,0.0
0.0,415.0,0.0
0.0,425.0,0.0
0.0,425.0,0.0
0.0,433.0,0.0
0.0,455.0,0.0
0.0,493.0,0.0
0.0,504.0,0.0
0.0,507.0,0.0
0.0,505.0,0.0
0.0,501.0,0.0
0.0,499.0,0.0
0.0,511.0,0.0
0.0,528.0,0.0
0.0,558.0,0.0
0.0,615.0,0.0
0.0,626.0,0.0
0.0,622.0,0.0
0.0,618.0,0.340909
0.0,626.0,0.340909
0.0,640.0,0.340909
0.0,651.0,0.340909
0.0,652.0,0.340909
0.0,642.0,0.340909
0.0,644.0,0.340909
0.0,645.0,0.340909
0.0,662.0,0.340909
0.0,673.0,0.340909
0.0,678.0,0.340909
0.0,686.0,0.340909
0.0,701.0,0.340909
0.0833333,728.0,0.340909
0.0833333,863.0,0.340909
0.0833333,1121.0,0.340909
0.0833333,1444.0,0.340909
0.0833333,1829.0,0.340909
0.0833333,2263.0,0.340909
0.0833333,2875.0,0.340909
0.166667,3003.0,0.340909
0.166667,3003.0,0.340909
0.166667,2763.0,0.340909
0.166667,2625.0,0.340909
0.25,2566.0,0.340909
0.25,2474.0,0.681818
0.25,2432.0,0.681818
0.25,2252.0,0.681818
0.25,2252.0,0.681818
0.333333,1990.0,0.625
0.333333,1954.0,0.625
0.333333,2006.0,0.625
0.416667,2188.0,0.909091
0.416667,2285.0,0.909091
0.416667,2226.0,0.909091
0.5,2199.0,0.909091
0.5,2200.0,0.909091
0.5,2134.0,0.909091
0.583333,2095.0,0.965909
0.583333,2012.0,0.965909
0.583333,1949.0,0.965909
0.666667,1898.0,0.965909
0.666667,1902.0,0.965909
0.666667,1983.0,0.965909
0.75,2112.0,1.02273
0.75,2164.0,1.02273
0.833333,2102.0,1.02273
0.833333,2093.0,1.07955
0.833333,2108.0,1.07955
0.916667,2205.0,1.25
0.916667,2186.0,1.25
1.0,2019.0,1.25
1.0,1906.0,1.19318
1.08333,1876.0,1.19318
1.08333,1906.0,1.19318
1.08333,1992.0,1.19318
1.16667,2147.0,1.25
1.16667,2224.0,1.25
1.25,2108.0,1.30682
1.25,1949.0,1.30682
1.33333,2033.0,1.36364
1.33333,2029.0,1.36364
1.41667,1979.0,1.36364
1.41667,1798.0,1.30682
1.5,1707.0,1.30682
1.5,1632.0,1.42045
1.58333,1615.0,1.42045
1.58333,1639.0,1.47727
1.66667,1764.0,1.53409
1.66667,1899.0,1.53409
1.75,1930.0,1.64773
1.83333,1930.0,1.64773
1.83333,1918.0,1.70455
1.83333,2004.0,1.70455
1.91667,2063.0,1.70455
1.91667,2058.0,0.909091
2.0,2010.0,1.93182
2.0,1935.0,1.93182
2.08333,1829.0,1.64773
2.16667,1804.0,2.5
2.25,1797.0,2.5
2.33333,1781.0,2.15909
2.33333,1774.0,2.15909
2.41667,1774.0,1.93182
2.5,1706.0,2.61364
2.5,1653.0,2.61364
2.58333,1718.0,2.61364
2.66667,1774.0,1.19318
2.75,1741.0,2.5
2.75,1679.0,2.67045
2.83333,1627.0,2.32954
2.91667,1615.0,2.67045
2.91667,1616.0,2.67045
2.91667,1652.0,2.67045
3.0,1697.0,2.67045
3.08333,1739.0,0.852273
3.08333,1679.0,2.72727
3.08333,1671.0,2.72727
3.08333,1720.0,2.72727
3.08333,1744.0,2.72727
3.16667,1623.0,0.568182
3.25,1523.0,0.568182
3.33333,1496.0,2.38636
3.41667,1482.0,2.84091
3.5,1646.0,3.18182
3.58333,1830.0,3.35227
3.58333,1831.0,3.35227
3.58333,1912.0,3.35227
3.58333,1844.0,3.35227
3.75,1896.0,3.35227
3.83333,2023.0,3.69318
3.91667,2119.0,3.52273
3.91667,2150.0,3.23864
3.91667,2150.0,3.23864
4.0,2105.0,1.07955
4.08333,1939.0,3.29545
4.16667,1763.0,3.29545
4.25,1700.0,1.59091
4.33333,1751.0,3.35227
4.41667,1756.0,3.46591
4.58333,1715.0,3.57954
4.66667,1716.0,3.57954
4.75,1687.0,3.18182
4.83333,1627.0,3.97727
5.0,1622.0,3.97727
5.0,1669.0,4.375
5.0,1684.0,4.375
5.16667,1595.0,4.375
5.25,1684.0,3.69318
5.33333,1802.0,3.69318
5.5,1852.0,3.69318
5.5,1917.0,3.86364
5.5,1904.0,3.86364
5.58333,1763.0,3.86364
5.66667,1680.0,0.965909
5.83333,1684.0,3.80682
5.91667,1750.0,4.03409
5.91667,1699.0,4.14773
6.08333,1587.0,4.14773
6.16667,1501.0,4.26136
6.33333,1495.0,4.26136
6.33333,1586.0,4.26136
6.5,1717.0,4.26136
6.5,1786.0,3.92045
6.66667,1695.0,3.92045
6.75,1588.0,3.92045
6.83333,1592.0,5.11364
6.91667,1617.0,1.93182
6.91667,1667.0,1.93182
6.91667,1679.0,1.93182
7.08333,1648.0,1.93182
7.16667,1586.0,4.375
7.33333,1494.0,4.31818
7.5,1566.0,4.60227
7.58333,1686.0,4.82954
7.75,1627.0,4.82954
7.83333,1627.0,4.48864
8.0,1463.0,4.48864
8.0,1334.0,4.31818
8.0,1279.0,4.31818
8.16667,1355.0,4.31818
8.33333,1445.0,4.48864
8.41667,1454.0,4.65909
8.58333,1352.0,4.65909
8.66667,1341.0,4.54545
8.83333,1434.0,4.54545
9.0,1571.0,4.88636
9.16667,1699.0,4.94318
9.25,1647.0,5.51136
9.41667,1508.0,5.51136
9.5,1415.0,4.60227
9.5,1393.0,4.60227
9.58333,1440.0,1.59091
9.58333,1365.0,1.59091
9.75,1295.0,1.59091
9.75,1295.0,5.17045
9.75,1339.0,5.17045
9.91667,1350.0,5.17045
10.0,1337.0,4.88636
10.1667,1314.0,4.88636
10.3333,1319.0,4.82954
10.5,1504.0,5.22727
10.5833,1500.0,5.17045
10.75,1377.0,4.82954
10.75,1232.0,5.56818
10.8333,1075.0,5.56818
10.8333,1130.0,1.19318
11.0,1191.0,2.72727
11.0,1231.0,4.48864
11.0833,1204.0,4.48864
11.0833,1184.0,1.25
11.25,1185.0,2.5
11.4167,1283.0,4.375
11.5,1320.0,5.28409
11.5833,1261.0,5.22727
11.75,1211.0,5.22727
11.8333,1201.0,4.88636
11.9167,1218.0,4.88636
12.0833,1287.0,4.88636
12.0833,1287.0,5.39773
12.1667,1375.0,5.39773
12.3333,1407.0,5.39773
12.4167,1384.0,4.43182
12.4167,1329.0,2.61364
12.5833,1307.0,2.61364
12.75,1309.0,4.94318
12.9167,1308.0,4.94318
13.0,1266.0,4.77273
13.0833,1002.0,5.51136
13.25,963.0,5.51136
13.25,1111.0,6.30682
13.4167,1263.0,6.30682
13.5,1280.0,5.39773
13.5,1161.0,5.05682
13.6667,1169.0,5.05682
13.75,1288.0,5.11364
13.9167,1429.0,5.22727
14.0833,1365.0,5.39773
14.1667,1189.0,5.34091
14.25,1059.0,4.82954
14.3333,1058.0,2.61364
14.5,1102.0,2.61364
14.6667,1103.0,3.97727
14.8333,1060.0,3.97727
14.8333,1031.0,5.22727
14.8333,1040.0,5.22727
14.9167,1105.0,5.22727
15.0833,1156.0,5.22727
15.25,1170.0,5.22727
15.4167,1147.0,5.22727
15.5833,1109.0,5.22727
15.6667,1095.0,5.22727
15.6667,1097.0,2.95454
15.6667,1122.0,2.95454
15.75,1117.0,1.07955
15.75,1095.0,1.07955
15.75,1087.0,1.07955
15.9167,1076.0,1.07955
16.0,1057.0,6.59091
16.1667,916.0,6.59091
16.3333,870.0,5.625
16.5,870.0,5.625
16.6667,848.0,5.73864
16.75,855.0,5.73864
16.8333,913.0,5.73864
16.9167,888.0,1.81818
16.9167,822.0,3.125
17.0,801.0,3.125
17.1667,865.0,5.79545
17.1667,903.0,5.90909
17.3333,896.0,5.90909
17.5,849.0,5.90909
17.6667,779.0,5.45454
17.8333,706.0,5.45454
18.0,686.0,5.73864
18.1667,658.0,5.73864
18.25,634.0,5.85227
18.3333,663.0,5.85227
18.4167,749.0,6.59091
18.4167,758.0,6.59091
18.5,731.0,6.59091
18.6667,722.0,5.85227
18.8333,737.0,6.02273
19.0,766.0,6.02273
19.1667,783.0,5.90909
19.25,787.0,5.45454
19.4167,783.0,5.45454
19.4167,779.0,6.02273
19.5833,769.0,6.02273
19.5833,738.0,5.17045
19.6667,703.0,5.17045
19.8333,627.0,6.07954
20.0,598.0,5.45454
20.1667,586.0,5.45454
20.3333,560.0,5.34091
20.5,608.0,5.34091
20.6667,614.0,6.02273
20.8333,557.0,5.90909
21.0,494.0,5.90909
21.1667,534.0,5.90909
21.1667,669.0,7.04545
21.25,703.0,1.81818
21.5,675.0,2.95454
21.6667,620.0,6.42045
21.8333,620.0,6.42045
21.9167,555.0,5.45454
22.0,558.0,2.78409
22.1667,571.0,3.06818
22.3333,575.0,5.11364
22.5,558.0,6.25
22.5833,545.0,5.625
22.5833,548.0,5.625
22.5833,544.0,5.625
22.75,558.0,5.625
22.9167,598.0,6.02273
23.0833,596.0,5.73864
23.25,567.0,5.73864
23.3333,532.0,5.34091
23.5833,543.0,5.625
23.6667,588.0,5.45454
23.8333,666.0,5.28409
23.8333,654.0,3.01136
24.0,600.0,3.01136
24.0,624.0,5.85227
24.1667,663.0,5.85227
24.3333,662.0,5.85227
24.5,610.0,5.79545
24.5833,493.0,7.27273
24.75,512.0,7.27273
24.75,568.0,7.15909
24.8333,596.0,7.15909
24.8333,550.0,1.47727
24.8333,571.0,1.47727
25.0,647.0,1.47727
25.0833,735.0,6.47727
25.25,771.0,6.47727
25.3333,671.0,5.34091
25.5,655.0,5.34091
25.6667,659.0,5.34091
25.75,655.0,5.73864
25.9167,603.0,5.79545
26.0,593.0,5.51136
26.0833,605.0,2.5
26.0833,641.0,2.5
26.0833,673.0,2.5
26.25,644.0,2.5
26.3333,616.0,5.625
26.5,616.0,5.625
26.6667,614.0,5.625
26.8333,626.0,5.90909
27.0,662.0,5.90909
27.1667,692.0,5.90909
27.1667,725.0,6.53409
27.1667,753.0,6.53409
27.25,756.0,6.53409
27.4167,730.0,5.79545
27.5833,722.0,5.79545
27.6667,745.0,5.79545
27.8333,754.0,5.79545
28.0,747.0,5.51136
28.1667,776.0,6.07954
28.25,817.0,5.11364
28.4167,865.0,5.11364
28.5,868.0,5.28409
28.6667,866.0,5.28409
28.6667,920.0,5.68182
28.6667,946.0,5.68182
28.75,937.0,5.68182
28.9167,886.0,5.68182
29.0833,792.0,5.68182
29.25,746.0,5.85227
29.4167,741.0,5.85227
29.5833,737.0,5.625
29.6667,711.0,5.39773
29.75,722.0,6.76136
29.75,796.0,6.76136
29.8333,849.0,1.36364
29.9167,793.0,1.36364
30.0,751.0,1.70455
30.1667,752.0,5.39773
30.3333,764.0,5.39773
30.5,747.0,5.45454
30.6667,762.0,5.22727
30.75,783.0,5.96591
30.9167,744.0,5.96591
31.0833,690.0,5.96591
31.0833,681.0,5.34091
31.1667,684.0,1.93182
31.1667,697.0,1.93182
31.25,697.0,1.42045
31.3333,768.0,1.42045
31.5,816.0,4.88636
31.75,829.0,5.56818
31.9167,825.0,6.42045
32.0,826.0,6.25
32.25,864.0,5.85227
32.3333,863.0,5.73864
32.3333,858.0,4.77273
32.3333,849.0,4.77273
32.5,871.0,4.77273
32.5833,874.0,5.17045
32.6667,853.0,5.17045
32.8333,835.0,5.17045
33.0,849.0,5.68182
33.0833,853.0,4.65909
33.25,829.0,4.65909
33.4167,828.0,5.68182
33.5,833.0,4.82954
33.5833,811.0,2.72727
33.5833,807.0,3.06818
33.6667,805.0,3.06818
33.75,818.0,5.90909
33.75,828.0,5.90909
33.9167,822.0,5.90909
34.0,809.0,5.34091
34.0833,792.0,6.36363
34.25,765.0,6.36363
34.4167,784.0,5.51136
34.5833,832.0,5.79545
34.6667,879.0,6.13636
34.75,870.0,6.13636
34.75,855.0,1.875
34.75,854.0,1.875
34.9167,846.0,1.875
35.0,846.0,5.79545
35.1667,856.0,5.79545
35.3333,879.0,5.79545
35.4167,902.0,5.34091
35.5833,913.0,5.34091
35.75,893.0,5.34091
35.8333,880.0,6.25
35.8333,922.0,6.25
35.9167,922.0,1.30682
36.0,954.0,2.67045
36.1667,961.0,3.01136
36.25,915.0,5.28409
36.4167,816.0,5.28409
36.5833,815.0,5.28409
36.75,869.0,5.22727
36.75,874.0,5.22727
36.8333,860.0,5.22727
37.0,900.0,5.45454
37.0,962.0,5.51136
37.0833,942.0,1.93182
37.25,962.0,2.89773
37.3333,987.0,5.68182
37.4167,929.0,2.72727
37.5833,895.0,2.84091
37.75,1012.0,5.51136
37.9167,1014.0,5.56818
37.9167,945.0,5.85227
38.0,928.0,1.70455
38.0833,918.0,2.78409
38.0833,914.0,2.78409
38.0833,916.0,2.78409
38.25,922.0,2.78409
38.4167,920.0,5.17045
38.5833,916.0,5.28409
38.75,933.0,5.28409
38.9167,946.0,5.28409
39.0,946.0,5.17045
39.1667,934.0,5.17045
39.25,879.0,6.36363
39.4167,869.0,6.02273
39.5833,916.0,6.02273
39.6667,1057.0,5.39773
39.6667,1107.0,5.39773
39.75,940.0,1.30682
39.9167,787.0,2.84091
40.0833,716.0,4.94318
40.25,826.0,4.94318
40.4167,1035.0,5.39773
40.5,991.0,6.25
40.6667,779.0,6.25
40.8333,592.0,6.30682
40.9167,592.0,5.56818
40.9167,744.0,5.56818
41.0,920.0,1.36364
41.0833,1033.0,1.36364
41.25,1095.0,5.96591
41.4167,909.0,5.96591
41.5833,861.0,5.85227
41.6667,828.0,5.39773
41.75,878.0,5.39773
41.9167,907.0,5.39773
41.9167,907.0,4.65909
41.9167,899.0,4.65909
42.0833,903.0,6.07954
42.0833,920.0,6.07954
42.0833,874.0,6.07954
42.25,868.0,6.07954
42.4167,895.0,6.07954
42.5833,948.0,5.56818
42.6667,999.0,6.25
42.6667,1093.0,6.25
42.75,1095.0,6.25
42.9167,913.0,6.07954
43.0833,741.0,6.07954
43.25,812.0,5.73864
43.25,913.0,5.68182
43.3333,936.0,5.68182
43.5,899.0,5.68182
43.6667,861.0,5.625
43.8333,877.0,5.90909
43.9167,946.0,6.47727
44.0,1003.0,4.82954
44.0,906.0,1.93182
44.1667,814.0,2.55682
44.3333,806.0,5.90909
44.4167,805.0,6.64773
44.4167,840.0,6.64773
44.5,873.0,1.36364
44.5833,849.0,2.38636
44.6667,822.0,2.38636
44.8333,811.0,5.625
45.0,857.0,5.625
45.1667,940.0,5.625
45.25,940.0,5.56818
45.3333,964.0,3.01136
45.4167,927.0,6.25
45.5,845.0,4.82954
45.5833,813.0,4.82954
45.75,921.0,4.94318
45.9167,1078.0,5.0
45.9167,1078.0,5.39773
46.0833,1142.0,5.39773
46.25,1018.0,5.39773
46.4167,892.0,5.73864
46.5,822.0,5.28409
46.5833,792.0,3.06818
46.75,867.0,3.06818
46.9167,932.0,5.28409
47.0,948.0,6.47727
47.0833,961.0,2.72727
47.0833,1026.0,2.55682
47.1667,1081.0,2.55682
47.25,1100.0,1.36364
47.3333,1102.0,3.23864
47.4167,1063.0,6.53409
47.5833,1028.0,6.53409
47.6667,1022.0,5.79545
47.75,994.0,5.79545
47.8333,958.0,6.02273
47.9167,924.0,6.02273
47.9167,967.0,1.875
48.0,1074.0,1.875
48.0833,1150.0,5.56818
48.25,1121.0,5.56818
48.3333,1123.0,5.625
48.5,1112.0,5.625
48.5833,1056.0,6.42045
48.75,1010.0,6.42045
48.9167,1002.0,6.36363
49.0,978.0,4.94318
49.0833,908.0,2.61364
49.25,825.0,5.34091
49.25,815.0,5.51136
49.3333,894.0,5.51136
49.5,977.0,5.73864
49.5833,1023.0,5.96591
49.75,1023.0,5.96591
49.9167,985.0,5.96591
50.0,949.0,6.13636
50.1667,976.0,6.13636
50.3333,1026.0,5.90909
50.5,1023.0,5.90909
50.5833,997.0,5.39773
50.5833,863.0,5.39773
50.6667,869.0,1.36364
50.6667,998.0,1.36364
50.8333,1192.0,1.81818
50.8333,1199.0,5.22727
51.0,1170.0,5.22727
51.1667,1143.0,5.22727
51.25,1001.0,5.11364
51.3333,934.0,4.94318
51.4167,988.0,4.94318
51.5,1046.0,6.70454
51.6667,1026.0,6.70454
51.6667,935.0,6.64773
51.75,929.0,6.64773
51.9167,977.0,6.64773
52.0833,1095.0,6.02273
52.25,1181.0,5.73864
52.4167,1150.0,5.56818
52.4167,1095.0,5.56818
52.5833,1050.0,5.56818
52.75,1055.0,5.79545
52.9167,1070.0,5.45454
52.9167,1050.0,5.85227
52.9167,1043.0,5.85227
52.9167,1092.0,5.85227
53.0,1374.0,5.85227
53.1667,1425.0,5.85227
53.25,1426.0,5.625
53.4167,1363.0,5.625
53.5833,1325.0,5.625
53.75,1253.0,5.625
53.8333,1251.0,5.96591
53.9167,1220.0,2.5
54.0,1109.0,2.5
54.1667,1005.0,5.22727
54.25,1061.0,5.51136
54.4167,1061.0,5.28409
54.5833,1118.0,5.28409
54.75,1130.0,5.28409
54.9167,1086.0,5.28409
55.0833,1087.0,5.56818
55.25,1131.0,5.45454
55.3333,1131.0,5.28409
55.5,1163.0,5.28409
55.6667,1062.0,5.28409
55.75,1032.0,5.11364
55.75,1051.0,5.11364
55.8333,1106.0,1.76136
55.8333,1313.0,1.76136
56.0,1395.0,1.76136
56.1667,1300.0,5.68182
56.3333,1092.0,5.22727
56.5,918.0,5.22727
56.6667,1043.0,5.22727
56.75,1127.0,5.34091
56.8333,1261.0,5.34091
57.0,1219.0,5.34091
57.1667,948.0,5.34091
57.3333,976.0,5.34091
57.3333,1062.0,5.05682
57.5,1107.0,5.05682
57.5833,1156.0,6.07954
57.75,1180.0,6.07954
57.9167,1132.0,5.68182
58.0833,1060.0,5.68182
58.1667,1113.0,5.05682
58.3333,1124.0,5.05682
58.5,1073.0,5.22727
58.5833,1034.0,5.51136
58.6667,982.0,5.51136
58.6667,934.0,1.76136
58.75,946.0,1.98864
58.9167,949.0,2.84091
59.0833,930.0,5.28409
59.25,1087.0,5.73864
59.4167,1139.0,5.73864
59.5833,1083.0,5.625
59.75,1037.0,5.625
59.8333,1037.0,5.28409
59.9167,1035.0,5.28409
60.0,1139.0,5.96591
60.0,1181.0,5.96591
60.0833,1133.0,1.47727
60.25,1082.0,2.78409
60.4167,988.0,4.88636
60.5833,1014.0,4.88636
60.5833,1053.0,6.02273
60.75,1047.0,6.02273
60.9167,1065.0,5.85227
60.9167,1191.0,2.89773
61.0,1165.0,2.89773
61.0833,1073.0,6.53409
61.0833,984.0,6.53409
61.25,926.0,6.53409
61.4167,1042.0,6.42045
61.5833,1113.0,6.42045
61.75,1100.0,5.51136
61.8333,974.0,5.85227
62.0,965.0,5.85227
62.1667,983.0,5.85227
62.25,1000.0,6.53409
62.4167,1040.0,6.53409
62.5833,1029.0,5.68182
62.6667,985.0,5.34091
62.75,949.0,5.34091
62.9167,935.0,5.34091
63.0833,938.0,5.34091
63.25,1014.0,5.45454
63.3333,1051.0,6.25
63.5,982.0,6.25
63.5833,855.0,5.39773
63.75,821.0,5.39773
63.8333,819.0,5.85227
63.9167,908.0,2.72727
63.9167,1050.0,2.72727
64.0833,977.0,2.72727
64.25,958.0,5.625
64.4167,1014.0,5.625
64.5833,1081.0,5.51136
64.75,1079.0,5.51136
64.9167,1001.0,5.45454
65.0,1001.0,6.25
65.0,928.0,2.89773
65.0,941.0,2.89773
65.0,1013.0,2.89773
65.0833,1030.0,2.89773
65.0833,1033.0,0.738636
65.25,1034.0,1.875
65.4167,1179.0,5.22727
65.5,1218.0,5.28409
65.6667,1141.0,5.56818
65.8333,1077.0,5.56818
65.9167,979.0,5.39773
66.0,998.0,5.39773
66.0833,1080.0,5.34091
66.1667,1071.0,5.34091
66.25,1002.0,6.13636
66.3333,926.0,6.13636
66.4167,954.0,1.76136
66.5833,983.0,2.61364
66.75,1077.0,5.28409
66.8333,1077.0,5.0
67.0,1062.0,5.0
67.1667,944.0,5.22727
67.3333,837.0,5.39773
67.4167,787.0,5.79545
67.5,917.0,2.95454
67.5833,1141.0,2.95454
67.75,1133.0,2.95454
67.75,1037.0,4.94318
67.8333,915.0,1.93182
68.0,950.0,2.78409
68.1667,1086.0,5.28409
68.3333,1112.0,5.28409
68.3333,1045.0,5.68182
68.4167,1024.0,1.81818
68.5833,1051.0,2.44318
68.75,1117.0,5.11364
68.9167,1123.0,5.34091
68.9167,1002.0,5.85227
69.0,818.0,5.85227
69.0833,889.0,1.36364
69.1667,1026.0,5.22727
69.4167,1150.0,5.22727
69.5,1150.0,5.39773
69.75,1120.0,5.39773
69.8333,1049.0,5.68182
70.0833,1078.0,5.68182
70.1667,1126.0,5.73864
70.25,1154.0,5.28409
70.25,1115.0,5.28409
70.3333,1062.0,5.28409
70.3333,971.0,1.13636
70.5,959.0,1.93182
70.6667,965.0,5.96591
70.8333,940.0,5.96591
71.0,949.0,5.79545
71.0833,977.0,5.51136
71.1667,1038.0,5.51136
71.25,1052.0,5.45454
71.3333,1018.0,2.78409
71.3333,963.0,2.78409
71.5,942.0,2.78409
71.6667,953.0,5.28409
71.8333,980.0,5.45454
72.0,1004.0,5.45454
72.1667,981.0,5.79545
72.25,980.0,5.73864
72.4167,1010.0,5.73864
72.5833,1058.0,6.13636
72.75,1129.0,6.13636
72.75,1157.0,6.42045
72.75,1053.0,6.42045
72.75,1000.0,6.42045
72.75,1087.0,6.42045
72.8333,1156.0,0.681818
73.0,1166.0,2.84091
73.1667,1167.0,4.77273
73.25,1284.0,5.45454
73.4167,1327.0,5.45454
73.4167,1387.0,5.05682
73.5,1319.0,1.875
73.5833,1209.0,1.875
73.5833,1200.0,1.64773
73.6667,1196.0,1.64773
73.75,1100.0,1.36364
73.8333,1100.0,5.05682
74.0,1099.0,5.05682
74.1667,1117.0,5.625
74.3333,1159.0,5.625
74.4167,1252.0,5.34091
74.5833,1226.0,5.34091
74.6667,1227.0,4.82954
74.6667,1189.0,4.82954
74.75,1192.0,4.82954
74.75,1297.0,1.30682
74.8333,1394.0,1.30682
75.0,1363.0,1.30682
75.1667,1282.0,1.30682
75.3333,1418.0,4.48864
75.5,1576.0,5.11364
75.5833,1644.0,5.05682
75.75,1651.0,5.05682
75.9167,1537.0,5.05682
76.0833,1451.0,5.05682
76.25,1285.0,5.05682
76.25,1285.0,4.77273
76.4167,1407.0,4.77273
76.5,1440.0,4.65909
76.6667,1338.0,4.65909
76.8333,1233.0,5.34091
77.0,1189.0,5.17045
77.0833,1231.0,5.39773
77.1667,1226.0,4.60227
77.3333,1217.0,4.60227
77.5,1216.0,4.77273
77.6667,1237.0,5.39773
77.75,1252.0,4.77273
77.75,1247.0,4.43182
77.9167,1255.0,4.43182
77.9167,1296.0,5.28409
78.0,1559.0,5.28409
78.0833,1339.0,1.36364
78.25,1120.0,5.28409
78.4167,1128.0,5.34091
78.5,1270.0,4.54545
78.5,1320.0,4.54545
78.6667,1315.0,4.54545
78.8333,1305.0,4.54545
79.0,1305.0,4.54545
79.1667,1375.0,5.28409
79.25,1348.0,5.56818
79.4167,1176.0,5.56818
79.5833,1111.0,5.45454
79.75,1127.0,5.39773
79.9167,1176.0,4.94318
80.0,1196.0,4.65909
80.1667,1205.0,5.17045
80.25,1172.0,4.94318
80.4167,1079.0,4.94318
80.5833,1123.0,4.94318
80.75,1218.0,5.22727
80.9167,1273.0,5.28409
80.9167,1284.0,5.39773
80.9167,1239.0,5.39773
80.9167,1188.0,5.39773
81.0833,1162.0,5.39773
81.25,1194.0,5.22727
81.4167,1201.0,5.22727
81.5833,1202.0,5.56818
81.75,1255.0,5.34091
81.8333,1257.0,5.22727
82.0,1252.0,5.05682
82.0833,1246.0,5.28409
82.25,1186.0,5.39773
82.4167,1145.0,5.05682
82.5,1198.0,5.625
82.6667,1278.0,5.625
82.75,1283.0,5.34091
82.9167,1231.0,5.34091
83.0,1101.0,5.11364
83.1667,1049.0,5.11364
83.3333,1047.0,5.22727
83.4167,1092.0,5.22727
83.5833,1191.0,5.22727
83.5833,1222.0,4.88636
83.75,1110.0,4.88636
83.8333,1040.0,5.39773
83.9167,1042.0,5.39773
83.9167,1048.0,1.70455
84.0833,1115.0,1.76136
84.25,1160.0,4.77273
84.4167,1160.0,4.77273
84.5,1148.0,5.39773
84.6667,1120.0,5.39773
84.8333,1151.0,5.39773
85.0,1182.0,5.17045
85.1667,1184.0,5.17045
85.25,1183.0,5.96591
85.25,1119.0,5.96591
85.25,957.0,5.96591
85.25,977.0,5.96591
85.4167,1028.0,5.96591
85.5833,1063.0,5.22727
85.75,1090.0,5.22727
85.8333,1081.0,5.22727
85.9167,1032.0,5.05682
86.0833,980.0,5.05682
86.1667,960.0,5.17045
86.25,986.0,5.17045
86.3333,1015.0,5.28409
86.3333,1016.0,5.28409
86.3333,1022.0,5.28409
86.5,1079.0,5.28409
86.6667,1096.0,5.28409
86.8333,1066.0,5.28409
86.9167,1052.0,5.11364
87.0833,997.0,5.11364
87.25,998.0,6.64773
87.3333,1014.0,5.85227
87.3333,994.0,5.39773
87.5,967.0,5.39773
87.5833,1070.0,5.05682
87.5833,1199.0,5.05682
87.6667,1229.0,5.05682
87.8333,1230.0,5.05682
88.0,923.0,5.05682
88.1667,878.0,5.05682
88.3333,995.0,5.05682
88.4167,1167.0,5.51136
88.5833,1253.0,5.51136
88.75,1041.0,5.51136
88.9167,938.0,5.51136
89.0833,949.0,5.28409
89.1667,949.0,5.51136
89.25,998.0,5.79545
89.4167,1118.0,5.79545
89.5,1073.0,5.34091
89.6667,1022.0,6.30682
89.8333,979.0,6.30682
90.0,983.0,5.0
90.0833,952.0,6.875
90.1667,942.0,6.875
90.25,970.0,4.60227
90.4167,1031.0,4.60227
90.4167,1123.0,5.56818
90.5,1119.0,2.55682
90.6667,1056.0,2.84091
90.6667,1005.0,5.79545
90.8333,1034.0,5.79545
91.0,1064.0,5.79545
91.1667,1100.0,5.79545
91.3333,1097.0,5.51136
91.4167,1034.0,5.11364
91.5,1141.0,5.56818
91.6667,1304.0,5.56818
91.75,1354.0,5.22727
91.75,1267.0,5.22727
91.9167,1020.0,5.22727
92.0833,864.0,5.22727
92.1667,858.0,5.34091
92.25,972.0,2.84091
92.4167,1050.0,5.51136
92.5833,986.0,5.51136
92.75,931.0,5.39773
92.75,910.0,5.39773
92.8333,920.0,5.39773
92.9167,959.0,1.30682
92.9167,1192.0,2.5
92.9167,1304.0,2.5
92.9167,1298.0,2.5
93.0,1171.0,2.5
93.1667,1160.0,5.17045
93.3333,1188.0,5.17045
93.5,1187.0,5.28409
93.6667,1184.0,5.28409
93.8333,1086.0,5.05682
94.0,1086.0,6.25
94.0833,1016.0,5.11364
94.1667,1016.0,4.48864
94.25,1054.0,2.72727
94.25,1127.0,2.61364
94.4167,1128.0,2.61364
94.4167,1150.0,6.25
94.5833,1162.0,6.25
94.5833,1200.0,5.28409
94.75,1202.0,5.28409
94.9167,1146.0,5.28409
95.0,1102.0,4.82954
95.1667,1125.0,4.82954
95.3333,1283.0,5.11364
95.4167,1332.0,5.39773
95.4167,1273.0,5.39773
95.5,1159.0,1.64773
95.5,1104.0,1.64773
95.6667,1340.0,1.64773
95.75,1343.0,6.64773
95.9167,1410.0,5.34091
96.0,1238.0,5.0
96.1667,1094.0,5.0
96.3333,1165.0,5.0
96.5,1352.0,5.28409
96.5833,1507.0,4.77273
96.6667,1402.0,4.77273
96.6667,1283.0,2.38636
96.6667,1257.0,2.38636
96.75,1239.0,2.38636
96.8333,1240.0,5.45454
96.9167,1249.0,2.55682
97.0833,1202.0,4.54545
97.25,1204.0,4.88636
97.4167,1190.0,4.88636
97.4167,1346.0,5.45454
97.5,1488.0,2.32954
97.6667,1445.0,2.67045
97.75,1270.0,4.54545
97.75,1169.0,4.54545
97.8333,1218.0,4.54545
97.8333,1226.0,1.19318
97.9167,1221.0,1.64773
97.9167,1221.0,1.64773
98.0833,1202.0,1.64773
98.25,1202.0,5.34091
98.4167,1276.0,5.34091
98.4167,1513.0,5.34091
98.5,1513.0,2.38636
98.5,1465.0,2.38636
98.6667,1491.0,2.38636
98.75,1538.0,4.77273
98.75,1523.0,5.0
98.75,1430.0,5.0
98.75,1459.0,5.0
98.8333,1430.0,0.795454
98.9167,1317.0,0.795454
99.0833,1222.0,2.10227
99.25,1227.0,4.48864
99.3333,1264.0,5.22727
99.5,1313.0,4.65909
99.5833,1368.0,5.28409
99.6667,1339.0,5.28409
99.75,1377.0,2.21591
99.9167,1377.0,4.65909
99.9167,1342.0,4.88636
99.9167,1281.0,4.88636
100.083,1256.0,4.88636
100.167,1266.0,5.28409
100.333,1328.0,5.28409
100.417,1438.0,4.88636
100.583,1448.0,4.88636
100.75,1422.0,4.88636
100.833,1466.0,5.34091
101.0,1471.0,5.34091
101.167,1447.0,5.34091
101.25,1468.0,4.88636
101.333,1486.0,4.03409
101.333,1501.0,2.38636
101.333,1550.0,2.38636
101.333,1619.0,2.38636
101.333,1595.0,2.38636
101.5,1617.0,2.38636
101.667,1683.0,2.38636
101.75,1652.0,4.31818
101.917,1652.0,4.48864
102.083,1553.0,4.71591
102.167,1504.0,5.11364
102.333,1547.0,4.54545
102.417,1599.0,3.92045
102.583,1613.0,4.43182
102.667,1528.0,4.65909
102.75,1503.0,2.32954
102.75,1498.0,4.48864
102.75,1498.0,4.48864
102.917,1491.0,4.48864
103.083,1439.0,4.88636
103.167,1393.0,4.88636
103.333,1422.0,4.65909
103.417,1479.0,4.375
103.583,1566.0,4.375
103.583,1650.0,4.54545
103.667,1662.0,4.54545
103.833,1663.0,4.54545
103.833,1661.0,4.60227
104.0,1620.0,4.60227
104.083,1482.0,4.71591
104.25,1449.0,4.71591
104.417,1450.0,4.31818
104.417,1399.0,4.20454
104.5,1347.0,4.20454
104.583,1370.0,4.82954
104.75,1361.0,4.71591
104.833,1300.0,5.0
105.0,1299.0,5.0
105.167,1433.0,5.0
105.25,1424.0,4.43182
105.417,1325.0,4.43182
105.5,1326.0,4.65909
105.667,1356.0,4.65909
105.75,1359.0,4.43182
105.917,1387.0,4.43182
106.0,1334.0,4.54545
106.167,1270.0,4.54545
106.333,1166.0,4.54545
106.417,1093.0,4.31818
106.5,1146.0,4.60227
106.583,1209.0,2.04545
106.75,1209.0,4.43182
106.833,1275.0,4.375
107.0,1432.0,4.375
107.167,1452.0,4.375
107.25,1439.0,5.79545
107.417,1437.0,4.54545
107.5,1381.0,4.31818
107.667,1407.0,4.31818
107.75,1446.0,4.77273
107.917,1446.0,4.60227
108.0,1423.0,4.43182
108.167,1378.0,4.43182
108.25,1379.0,4.09091
108.417,1428.0,4.20454
108.5,1551.0,4.54545
108.667,1410.0,4.54545
108.833,1368.0,4.54545
108.917,1426.0,3.97727
109.0,1559.0,4.31818
109.083,1599.0,4.31818
109.25,1649.0,4.31818
109.333,1443.0,5.51136
109.417,1262.0,3.97727
109.583,1227.0,4.26136
109.667,1471.0,4.26136
109.833,1601.0,4.26136
109.917,1576.0,4.54545
110.083,1454.0,4.54545
110.25,1371.0,4.54545
110.333,1445.0,4.31818
110.333,1434.0,3.75
110.5,1389.0,3.75
110.583,1292.0,4.09091
110.75,1430.0,4.09091
110.833,1595.0,3.80682
111.0,1701.0,3.80682
111.083,1642.0,4.375
111.083,1459.0,3.97727
111.167,1512.0,3.97727
111.25,1537.0,4.43182
111.417,1481.0,4.43182
111.5,1495.0,4.375
111.667,1594.0,4.375
111.75,1594.0,4.20454
111.917,1681.0,4.20454
111.917,1649.0,4.03409
112.083,1550.0,4.03409
112.167,1488.0,4.20454
112.25,1507.0,3.97727
112.333,1571.0,3.75
112.417,1638.0,3.75
112.583,1609.0,3.75
112.667,1580.0,4.09091
112.75,1653.0,3.92045
112.917,1767.0,3.92045
113.0,1792.0,3.69318
113.167,1698.0,3.97727
113.25,1681.0,4.14773
113.333,1645.0,3.29545
113.5,1668.0,4.20454
113.583,1775.0,4.48864
113.75,1784.0,4.48864
113.833,1652.0,4.48864
113.917,1630.0,4.65909
114.083,1632.0,4.65909
114.167,1638.0,3.80682
114.25,1615.0,4.14773
114.417,1636.0,4.14773
114.5,1651.0,3.75
114.5,1599.0,3.75
114.5,1539.0,3.75
114.667,1454.0,3.75
114.667,1463.0,3.97727
114.75,1634.0,1.93182
114.917,1631.0,1.93182
115.0,1630.0,4.03409
115.167,1542.0,3.97727
115.25,1548.0,3.97727
115.333,1643.0,4.03409
115.5,1693.0,4.03409
115.583,1642.0,3.92045
115.75,1572.0,3.92045
115.75,1468.0,3.52273
115.75,1476.0,3.52273
115.833,1531.0,1.30682
115.833,1531.0,1.30682
115.917,1577.0,1.30682
116.0,1520.0,1.02273
116.0,1470.0,4.20454
116.167,1483.0,4.20454
116.25,1482.0,3.86364
116.417,1484.0,3.86364
116.5,1457.0,4.48864
116.667,1439.0,4.48864
116.75,1466.0,4.31818
116.917,1615.0,4.31818
117.0,1638.0,3.80682
117.083,1541.0,4.54545
117.167,1465.0,3.92045
117.167,1394.0,3.92045
117.333,1483.0,3.92045
117.417,1716.0,4.09091
117.583,1741.0,3.86364
117.667,1693.0,4.54545
117.833,1689.0,4.375
117.917,1410.0,4.54545
118.083,1453.0,4.09091
118.167,1498.0,4.09091
118.167,1469.0,4.20454
118.333,1311.0,4.20454
118.417,1211.0,5.73864
118.583,1207.0,5.73864
118.667,1277.0,3.92045
118.833,1351.0,3.92045
118.917,1436.0,3.86364
119.0,1495.0,4.09091
119.083,1475.0,3.86364
119.167,1411.0,2.04545
119.333,1367.0,2.04545
119.417,1357.0,3.52273
119.583,1339.0,3.52273
119.667,1349.0,3.97727
119.75,1358.0,4.03409
119.917,1346.0,4.03409
119.917,1254.0,4.43182
120.083,1151.0,4.43182
120.167,1219.0,4.375
120.167,1560.0,3.92045
120.333,1560.0,3.92045
120.333,1677.0,4.54545
120.5,1655.0,4.54545
120.583,1558.0,3.86364
120.75,1475.0,3.86364
120.833,1456.0,4.03409
120.917,1481.0,4.20454
121.0,1514.0,4.20454
121.083,1542.0,4.43182
121.167,1570.0,3.69318
121.25,1517.0,2.21591
121.333,1509.0,3.63636
121.417,1500.0,2.15909
121.5,1449.0,2.15909
121.583,1431.0,1.81818
121.75,1452.0,1.81818
121.75,1387.0,3.92045
121.75,1332.0,3.92045
121.75,1291.0,3.92045
121.833,1395.0,3.92045
122.0,1534.0,3.92045
122.083,1602.0,4.03409
122.167,1553.0,4.14773
122.333,1530.0,4.14773
122.333,1515.0,4.65909
122.5,1486.0,4.65909
122.583,1526.0,4.09091
122.667,1526.0,4.09091
122.667,1442.0,2.04545
122.833,1382.0,2.04545
122.917,1370.0,4.48864
123.0,1499.0,3.80682
123.0,1502.0,3.80682
123.083,1605.0,1.36364
123.25,1638.0,4.14773
123.333,1709.0,4.14773
123.5,1684.0,4.14773
123.583,1594.0,4.48864
123.667,1502.0,3.92045
123.833,1333.0,3.92045
123.917,1275.0,3.86364
124.0,1314.0,3.86364
124.083,1333.0,1.93182
124.25,1333.0,4.31818
124.333,1341.0,4.14773
124.417,1352.0,4.09091
124.583,1359.0,4.20454
124.667,1358.0,4.48864
124.75,1542.0,4.03409
124.833,1458.0,2.04545
124.917,1396.0,4.20454
125.0,1478.0,3.97727
125.083,1523.0,1.98864
125.25,1467.0,1.98864
125.333,1436.0,4.03409
125.333,1438.0,3.86364
125.5,1354.0,3.86364
125.583,1242.0,4.71591
125.667,1255.0,4.71591
125.667,1283.0,2.04545
125.75,1289.0,1.70455
125.833,1287.0,3.92045
125.833,1414.0,3.92045
126.0,1395.0,3.92045
126.083,1369.0,3.97727
126.25,1359.0,3.97727
126.25,1309.0,4.09091
126.333,1351.0,1.93182
126.5,1424.0,1.93182
126.583,1481.0,4.09091
126.75,1463.0,4.09091
126.833,1427.0,3.80682
126.917,1351.0,3.97727
127.083,1282.0,3.97727
127.167,1207.0,4.14773
127.25,1239.0,3.57954
127.333,1313.0,1.98864
127.417,1312.0,3.46591
127.583,1311.0,4.03409
127.667,1322.0,4.09091
127.75,1404.0,3.97727
127.917,1510.0,3.97727
128.0,1618.0,3.97727
128.083,1585.0,3.97727
128.25,1440.0,3.57954
128.333,1440.0,3.57954
128.5,1448.0,4.14773
128.583,1458.0,3.92045
128.667,1430.0,3.75
128.75,1387.0,3.75
128.833,1320.0,3.92045
128.833,1257.0,3.92045
129.0,1275.0,3.92045
129.083,1353.0,3.69318
129.25,1451.0,3.69318
129.25,1425.0,4.65909
129.25,1424.0,4.65909
129.25,1411.0,4.65909
129.333,1471.0,0.795454
129.5,1573.0,3.40909
129.583,1607.0,4.20454
129.667,1612.0,4.54545
129.833,1571.0,4.54545
129.917,1525.0,3.97727
130.0,1553.0,3.80682
130.167,1574.0,3.80682
130.25,1573.0,3.97727
130.25,1513.0,3.97727
130.417,1435.0,3.97727
130.5,1465.0,3.97727
130.583,1544.0,3.86364
130.583,1645.0,3.86364
130.583,1709.0,3.86364
130.75,1574.0,3.86364
130.833,1495.0,4.26136
130.917,1542.0,3.57954
131.0,1573.0,4.20454
131.167,1574.0,4.20454
131.25,1510.0,3.63636
131.417,1418.0,3.63636
131.5,1341.0,3.69318
131.583,1366.0,4.14773
131.667,1407.0,2.95454
131.667,1375.0,2.95454
131.75,1355.0,1.30682
131.917,1407.0,1.30682
132.0,1431.0,3.57954
132.083,1505.0,3.80682
132.25,1505.0,3.75
132.333,1583.0,3.75
132.417,1640.0,3.80682
132.583,1659.0,3.75
132.667,1657.0,3.63636
132.75,1659.0,3.86364
132.917,1656.0,3.86364
133.0,1626.0,3.63636
133.0,1612.0,3.52273
133.083,1610.0,1.81818
133.25,1608.0,4.09091
133.333,1632.0,4.375
133.417,1661.0,4.09091
133.417,1650.0,4.09091
133.417,1611.0,4.09091
133.5,1578.0,0.909091
133.5,1591.0,0.909091
133.5,1599.0,0.909091
133.5,1600.0,0.909091
133.583,1564.0,0.738636
133.583,1420.0,0.738636
133.667,1455.0,0.738636
133.75,1574.0,3.125
133.917,1670.0,3.125
134.0,1545.0,3.40909
134.083,1368.0,3.57954
134.083,1366.0,3.29545
134.083,1521.0,3.29545
134.167,1678.0,3.29545
134.25,1657.0,0.965909
134.333,1610.0,3.23864
134.5,1533.0,3.23864
134.583,1531.0,3.63636
134.667,1679.0,3.46591
134.75,1679.0,3.63636
134.833,1568.0,3.52273
135.0,1463.0,3.52273
135.083,1502.0,3.57954
135.167,1568.0,3.29545
135.167,1559.0,3.29545
135.25,1466.0,1.64773
135.417,1352.0,1.64773
135.5,1314.0,3.57954
135.583,1314.0,3.75
135.667,1375.0,2.55682
135.833,1396.0,2.55682
135.917,1377.0,3.75
136.0,1389.0,3.52273
136.083,1331.0,3.23864
136.167,1351.0,3.86364
136.333,1455.0,3.86364
136.417,1614.0,3.46591
136.417,1711.0,3.57954
136.417,1690.0,3.57954
136.5,1716.0,3.57954
136.583,1735.0,0.909091
136.667,1639.0,3.23864
136.75,1615.0,3.75
136.917,1600.0,3.75
137.0,1572.0,3.86364
137.083,1557.0,3.63636
137.167,1568.0,3.63636
137.333,1572.0,3.63636
137.417,1595.0,3.80682
137.5,1604.0,3.52273
137.583,1614.0,2.72727
137.667,1593.0,3.40909
137.833,1546.0,3.40909
137.917,1487.0,3.80682
138.0,1558.0,3.29545
138.083,1600.0,3.40909
138.083,1544.0,3.40909
138.25,1541.0,3.40909
138.333,1611.0,3.52273
138.417,1657.0,3.63636
138.417,1703.0,3.63636
138.5,1735.0,1.59091
138.667,1771.0,3.69318
138.75,1763.0,3.69318
138.833,1759.0,3.57954
139.0,1764.0,3.57954
139.083,1710.0,3.52273
139.167,1553.0,3.52273
139.25,1492.0,3.52273
139.417,1598.0,3.52273
139.417,1598.0,3.97727
139.5,1714.0,3.97727
139.583,1775.0,1.53409
139.667,1774.0,3.46591
139.833,1776.0,3.46591
139.833,1753.0,3.52273
139.917,1749.0,3.52273
140.0,1750.0,4.14773
140.083,1766.0,3.57954
140.25,1795.0,3.57954
140.333,1801.0,3.57954
140.417,1835.0,3.69318
140.583,1987.0,3.57954
140.667,1980.0,3.57954
140.75,1870.0,3.52273
140.833,1834.0,3.57954
141.0,1704.0,3.57954
141.083,1607.0,3.46591
141.167,1608.0,3.46591
141.25,1620.0,3.86364
141.25,1569.0,3.86364
141.333,1635.0,3.86364
141.417,1678.0,1.19318
141.5,1667.0,3.29545
141.583,1686.0,3.40909
141.667,1829.0,2.89773
141.833,1843.0,2.89773
141.917,1915.0,3.46591
142.0,1949.0,3.40909
142.083,1945.0,3.57954
142.25,1931.0,3.57954
142.333,1923.0,3.63636
142.417,1922.0,3.40909
142.5,1892.0,4.60227
142.667,1911.0,4.60227
142.75,1920.0,3.75
142.833,1923.0,3.29545
142.917,1903.0,2.78409
142.917,1939.0,4.20454
142.917,1928.0,4.20454
143.083,1901.0,4.20454
143.167,1878.0,3.29545
143.25,1897.0,3.40909
143.333,1897.0,3.69318
143.417,1945.0,3.18182
143.583,1947.0,3.18182
143.667,1955.0,3.69318
143.667,1961.0,3.40909
143.75,1910.0,3.40909
143.833,1813.0,3.75
143.917,1830.0,3.35227
144.0,1852.0,2.84091
144.083,1810.0,3.75
144.167,1752.0,2.89773
144.25,1751.0,2.89773
144.333,1806.0,1.76136
144.417,1890.0,3.06818
144.417,2041.0,3.01136
144.417,2103.0,3.01136
144.5,2096.0,1.02273
144.583,2093.0,3.29545
144.75,2089.0,3.29545
144.833,2105.0,3.125
144.917,2119.0,2.95454
145.0,2123.0,3.06818
145.083,2065.0,2.78409
145.167,2028.0,3.46591
145.25,2034.0,3.125
145.25,2051.0,2.67045
145.333,2064.0,2.67045
145.417,2066.0,2.95454
145.5,2067.0,2.95454
145.583,2058.0,3.52273
145.667,2078.0,2.72727
145.75,2097.0,2.89773
145.833,2014.0,3.63636
145.833,1921.0,3.63636
145.917,1968.0,1.36364
145.917,2018.0,1.36364
146.0,1978.0,1.42045
146.083,1961.0,3.18182
146.083,1973.0,3.18182
146.167,1963.0,1.47727
146.167,1989.0,1.47727
146.25,2053.0,1.30682
146.333,2088.0,3.01136
146.417,2088.0,2.55682
146.5,2103.0,2.89773
146.583,2146.0,2.84091
146.667,2164.0,2.44318
146.75,2190.0,2.44318
146.833,2118.0,3.52273
146.917,2087.0,3.52273
147.0,2129.0,2.72727
147.083,2135.0,2.27273
147.167,2159.0,3.29545
147.25,2150.0,2.38636
147.333,2104.0,2.84091
147.333,2009.0,2.5
147.417,1917.0,2.21591
147.5,1900.0,2.61364
147.5,1944.0,2.61364
147.583,1965.0,1.30682
147.667,1966.0,1.30682
147.75,1931.0,2.55682
147.833,1976.0,2.27273
147.833,2121.0,2.61364
147.917,2139.0,2.32954
148.0,2125.0,2.38636
148.083,2043.0,2.38636
148.167,1935.0,2.27273
148.25,1896.0,2.55682
148.25,1915.0,2.32954
148.333,1920.0,2.44318
148.417,1949.0,2.44318
148.5,1987.0,1.875
148.5,2001.0,2.27273
148.583,1999.0,2.27273
148.667,2012.0,2.61364
148.75,2002.0,2.38636
148.833,2021.0,2.38636
148.833,2062.0,2.15909
148.917,2124.0,2.10227
149.0,2212.0,1.98864
149.083,2228.0,1.98864
149.083,2210.0,2.15909
149.167,2216.0,1.81818
149.25,2247.0,1.81818
149.25,2247.0,1.875
149.25,2309.0,1.875
149.333,2360.0,1.875
149.333,2383.0,0.965909
149.417,2383.0,1.93182
149.5,2265.0,1.93182
149.5,2222.0,1.81818
149.583,2208.0,1.98864
149.667,2157.0,1.98864
149.667,2063.0,1.76136
149.75,1984.0,1.76136
149.75,1962.0,1.76136
149.833,1964.0,1.70455
149.917,1956.0,1.70455
149.917,1937.0,1.76136
150.0,1904.0,1.875
150.0,1924.0,1.875
150.083,1934.0,1.59091
150.167,1905.0,1.59091
150.167,1895.0,1.64773
150.25,1932.0,1.64773
150.25,1945.0,1.59091
150.333,1935.0,1.64773
150.333,1946.0,1.64773
150.417,1906.0,1.64773
150.417,1876.0,1.36364
150.5,1876.0,1.64773
150.5,1914.0,1.64773
150.5,1929.0,1.64773
150.583,1913.0,1.64773
150.583,1900.0,0.795454
150.667,1934.0,0.795454
150.667,2089.0,1.36364
150.75,2130.0,1.36364
150.75,2094.0,1.59091
150.833,2149.0,1.59091
150.833,2281.0,1.42045
150.917,2321.0,1.42045
150.917,2352.0,1.30682
151.0,2321.0,1.30682
151.0,2190.0,1.42045
151.083,2134.0,1.42045
151.083,2104.0,1.36364
151.083,2104.0,1.36364
151.083,2100.0,1.36364
151.083,2069.0,1.36364
151.167,1991.0,0.625
151.167,1960.0,0.625
151.167,1971.0,0.625
151.167,1967.0,0.625
151.167,2060.0,0.625
151.25,2075.0,0.625
151.25,2056.0,0.625
151.333,2026.0,0.625
151.333,2030.0,1.02273
151.333,1979.0,1.02273
151.417,1913.0,1.07955
151.417,1933.0,1.07955
151.417,1879.0,1.07955
151.5,1703.0,0.965909
151.5,1699.0,0.965909
151.5,1828.0,0.965909
151.583,1844.0,0.965909
151.583,1792.0,0.965909
151.583,1832.0,0.965909
151.667,1891.0,0.965909
151.667,1873.0,0.852273
151.667,1943.0,0.852273
151.667,1933.0,0.852273
151.75,1865.0,0.852273
151.75,1878.0,0.852273
151.75,1982.0,0.852273
151.833,2080.0,0.852273
151.833,2115.0,0.795454
151.833,2113.0,0.795454
151.833,2102.0,0.795454
151.917,2085.0,0.795454
151.917,2092.0,0.738636
151.917,2073.0,0.738636
151.917,2067.0,0.738636
152.0,2063.0,0.738636
152.0,2003.0,0.681818
152.0,2002.0,0.681818
152.0,2028.0,0.681818
152.0,2028.0,0.681818
152.083,2055.0,0.681818
152.083,2055.0,0.625
152.083,2140.0,0.625
152.083,2241.0,0.625
152.083,2240.0,0.625
152.167,2136.0,0.625
152.167,2223.0,0.568182
152.167,2292.0,0.568182
152.167,2314.0,0.568182
152.167,2288.0,0.568182
152.167,2224.0,0.568182
152.25,2194.0,0.568182
152.25,2177.0,0.511364
152.25,2113.0,0.511364
152.25,2121.0,0.511364
152.25,2211.0,0.511364
152.25,2187.0,0.511364
152.25,2139.0,0.511364
152.333,2145.0,0.454545
152.333,2175.0,0.454545
152.333,2145.0,0.454545
152.333,2145.0,0.454545
152.333,2182.0,0.454545
152.333,2220.0,0.454545
152.417,2200.0,0.454545
152.417,2198.0,0.397727
152.417,2201.0,0.397727
152.417,2171.0,0.397727
152.417,2170.0,0.397727
152.417,2146.0,0.397727
152.417,2138.0,0.397727
152.417,2109.0,0.397727
152.5,2086.0,0.397727
152.5,2041.0,0.397727
152.5,2066.0,0.397727
152.5,2072.0,0.397727
152.5,2067.0,0.397727
152.5,2103.0,0.397727
152.5,2162.0,0.397727
152.5,2160.0,0.397727
152.5,2099.0,0.397727
152.583,2111.0,0.397727
152.583,2164.0,0.284091
152.583,2164.0,0.284091
152.583,2147.0,0.284091
152.583,2114.0,0.284091
152.583,2087.0,0.284091
152.583,2078.0,0.284091
152.583,2061.0,0.284091
152.583,1987.0,0.284091
152.583,1979.0,0.284091
152.667,1984.0,0.284091
152.667,2019.0,0.284091
152.667,2048.0,0.284091
152.667,2070.0,0.284091
152.667,2043.0,0.284091
152.667,1951.0,0.284091
152.667,1913.0,0.284091
152.667,2008.0,0.284091
152.667,2118.0,0.284091
152.667,2115.0,0.284091
152.75,1986.0,0.284091
152.75,1896.0,0.284091
152.75,1906.0,0.284091
152.75,2040.0,0.284091
152.75,1981.0,0.284091
152.75,1894.0,0.284091
152.75,1857.0,0.284091
152.75,1762.0,0.284091
152.75,1809.0,0.284091
152.75,1895.0,0.284091
152.75,1909.0,0.284091
152.75,1866.0,0.284091
152.75,1831.0,0.284091
152.833,1829.0,0.227273
152.833,1873.0,0.227273
152.833,1863.0,0.227273
152.833,1817.0,0.227273
152.833,1821.0,0.227273
152.833,1834.0,0.227273
152.833,1852.0,0.227273
152.833,1850.0,0.227273
152.833,1856.0,0.227273
152.833,1855.0,0.227273
152.833,1859.0,0.227273
152.833,1857.0,0.227273
152.833,1857.0,0.227273
152.833,1852.0,0.227273
152.833,1858.0,0.227273
152.833,1858.0,0.227273
152.833,1879.0,0.227273
152.833,1909.0,0.227273
152.833,1901.0,0.227273
152.917,1897.0,0.170455
152.917,1912.0,0.170455
152.917,1943.0,0.170455
152.917,1935.0,0.170455
152.917,1898.0,0.170455
152.917,1877.0,0.170455
152.917,1871.0,0.170455
152.917,1909.0,0.170455
152.917,1951.0,0.170455
152.917,1939.0,0.170455
152.917,1939.0,0.170455
152.917,1878.0,0.170455
152.917,1883.0,0.170455
152.917,1900.0,0.170455
152.917,1883.0,0.170455
152.917,1878.0,0.170455
152.917,1907.0,0.170455
152.917,1941.0,0.170455
152.917,1952.0,0.170455
152.917,1968.0,0.170455
152.917,1938.0,0.170455
152.917,1943.0,0.170455
152.917,1971.0,0.170455
152.917,1995.0,0.170455
152.917,1995.0,0.170455
152.917,1999.0,0.170455
152.917,1995.0,0.170455
152.917,2005.0,0.170455
152.917,2013.0,0.170455
152.917,2002.0,0.170455
152.917,1978.0,0.170455
152.917,1981.0,0.170455
152.917,1992.0,0.170455
152.917,1955.0,0.170455
152.917,1929.0,0.170455
152.917,1909.0,0.170455
152.917,1909.0,0.170455
152.917,1924.0,0.170455
152.917,1908.0,0.170455
152.917,1677.0,0.170455
152.917,1378.0,0.170455
152.917,890.0,0.170455
152.917,460.0,0.170455
152.917,66.0,0.170455
152.917,0.0,0.170455
152.917,0.0,0.170455
152.917,0.0,0.170455
152.917,0.0,0.170455
152.917,0.0,0.170455
152.917,0.0,0.170455
152.917,0.0,0.170455
152.917,0.0,0.0
152.917,0.0,0.0
152.917,13.0,0.0
152.917,174.0,0.0
152.917,296.0,0.0
152.917,224.0,0.0
152.917,137.0,0.0
152.917,77.0,0.0
152.917,40.0,0.0
152.917,2.0,0.0
152.917,0.0,0.0
152.917,0.0,0.0
152.917,0.0,0.0
152.917,0.0,0.0
152.917,0.0,0.0
152.917,0.0,0.0
152.917,0.0,0.0
152.917,0.0,0.0
152.917,0.0,0.0
152.917,0.0,0.0
152.917,0.0,0.0
152.917,0.0,0.0
152.917,0.0,0.0
152.917,0.0,0.0
152.917,0.0,0.0
152.917,0.0,0.0
152.917,0.0,0.0
152.917,0.0,0.0
152.917,0.0,0.0
152.917,0.0,0.0
152.917,0.0,0.0
152.917,0.0,0.0
152.917,0.0,0.0
152.917,0.0,0.0
152.917,0.0,0.0
152.917,0.0,0.0
152.917,0.0,0.0
152.917,0.0,0.0
152.917,0.0,0.0
152.917,0.0,0.0
152.917,0.0,0.0
152.917,0.0,0.0
152.917,0.0,0.0
152.917,0.0,0.0
152.917,0.0,0.0
152.917,0.0,0.0
152.917,0.0,0.0
152.917,0.0,0.0
152.917,0.0,0.0
152.917,0.0,0.0
152.917,0.0,0.0
152.917,0.0,0.0
152.917,0.0,0.0
152.917,0.0,0.0
152.917,0.0,0.0
152.917,0.0,0.0
152.917,0.0,0.0
152.917,0.0,0.0
152.917,0.0,0.0
152.917,0.0,0.0
152.917,0.0,0.0
152.917,0.0,0.0
152.917,0.0,0.0
152.917,0.0,0.0
152.917,0.0,0.0
152.917,0.0,0.0
152.917,0.0,0.0
152.917,0.0,0.0
152.917,0.0,0.0
152.917,0.0,0.0
152.917,0.0,0.0
152.917,0.0,0.0
152.917,0.0,0.0
152.917,0.0,0.0
152.917,0.0,0.0
152.917,0.0,0.0
152.917,0.0,0.0
152.917,0.0,0.0
152.917,0.0,0.0
152.917,0.0,0.0
152.917,0.0,0.0
152.917,0.0,0.0
152.917,0.0,0.0
152.917,0.0,0.0
152.917,0.0,0.0
152.917,0.0,0.0
152.917,0.0,0.0
152.917,0.0,0.0
152.917,0.0,0.0
152.917,0.0,0.0
152.917,0.0,0.0
152.917,0.0,0.0
152.917,0.0,0.0
152.917,0.0,0.0
152.917,0.0,0.0
152.917,0.0,0.0
152.917,0.0,0.0
152.917,0.0,0.0
152.917,0.0,0.0
152.917,0.0,0.0
152.917,0.0,0.0
152.917,0.0,0.0
152.917,0.0,0.0
152.917,0.0,0.0
152.917,0.0,0.0
152.917,0.0,0.0
152.917,0.0,0.0
152.917,0.0,0.0
152.917,0.0,0.0
152.917,0.0,0.0
152.917,0.0,0.0
152.917,0.0,0.0
152.917,0.0,0.0
152.917,0.0,0.0
152.917,0.0,0.0
152.917,0.0,0.0
152.917,0.0,0.0
152.917,0.0,0.0
152.917,0.0,0.0
152.917,0.0,0.0
152.917,0.0,0.0
152.917,0.0,0.0
152.917,0.0,0.0
152.917,0.0,0.0
152.917,0.0,0.0
152.917,0.0,0.0
152.917,0.0,0.0
152.917,0.0,0.0
152.917,0.0,0.0
152.917,0.0,0.0
152.917,0.0,0.0
152.917,0.0,0.0
152.917,0.0,0.0
152.917,0.0,0.0
