0.0,0.0,0.0
0.0,0.0,0.0
0.0,0.0,0.0
0.0,0.0,0.0
0.0,0.0,0.0
0.0,0.0,0.0
0.0,0.0,0.0
0.0,0.0,0.0
0.0,0.0,0.0
0.0,0.0,0.0
0.0,0.0,0.0
0.0,0.0,0.0
0.0,0.0,0.0
0.0,0.0,0.0
0.0,0.0,0.0
0.0,0.0,0.0
0.0,0.0,0.0
0.0,0.0,0.0
0.0,0.0,0.0
0.0,0.0,0.0
0.0,0.0,0.0
0.0,0.0,0.0
0.0,0.0,0.0
0.0,0.0,0.0
0.0,0.0,0.0
0.0,0.0,0.0
0.0,0.0,0.0
0.0,0.0,0.0
0.0,0.0,0.0
0.0,0.0,0.0
0.0,0.0,0.0
0.0,0.0,0.0
0.0,0.0,0.0
0.0,0.0,0.0
0.0,0.0,0.0
0.0,0.0,0.0
0.0,0.0,0.0
0.0,0.0,0.0
0.0,0.0,0.0
0.0,0.0,0.0
0.0,0.0,0.0
0.0,0.0,0.0
0.0,0.0,0.0
0.0,0.0,0.0
0.0,0.0,0.0
0.0,0.0,0.0
0.0,0.0,0.0
0.0,0.0,0.0
0.0,0.0,0.0
0.0,0.0,0.0
0.0,0.0,0.0
0.0,0.0,0.0
0.0,0.0,0.0
0.0,0.0,0.0
0.0,0.0,0.0
0.0,0.0,0.0
0.0,0.0,0.0
0.0,0.0,0.0
0.0,0.0,0.0
0.0,0.0,0.0
0.0,0.0,0.0
0.0,0.0,0.0
0.0,0.0,0.0
0.0,0.0,0.0
0.0,0.0,0.0
0.0,0.0,0.0
0.0,0.0,0.0
0.0,0.0,0.0
0.0,0.0,0.0
0.0,0.0,0.0
0.0,0.0,0.0
0.0,0.0,0.0
0.0,0.0,0.0
0.0,0.0,0.0
0.0,0.0,0.0
0.0,0.0,0.0
0.0,0.0,0.0
0.0,0.0,0.0
0.0,0.0,0.0
0.0,0.0,0.0
0.0,0.0,0.0
0.0,0.0,0.0
0.0,0.0,0.0
0.0,0.0,0.0
0.0,0.0,0.0
0.0,0.0,0.0
0.0,0.0,0.0
0.0,0.0,0.0
0.0,0.0,0.0
0.0,0.0,0.0
0.0,0.0,0.0
0.0,0.0,0.0
0.0,0.0,0.0
0.0,0.0,0.0
0.0,0.0,0.0
0.0,0.0,0.0
0.0,0.0,0.0
0.0,0.0,0.0
0.0,0.0,0.0
0.0,0.0,0.0
0.0,0.0,0.0
0.0,0.0,0.0
0.0,0.0,0.0
0.0,0.0,0.0
0.0,0.0,0.0
0.0,0.0,0.0
0.0,0.0,0.0
0.0,0.0,0.0
0.0,0.0,0.0
0.0,0.0,0.0
0.0,0.0,0.0
0.0,0.0,0.0
0.0,0.0,0.0
0.0,0.0,0.0
0.0,0.0,0.0
0.0,0.0,0.0
0.0,0.0,0.0
0.0,0.0,0.0
0.0,0.0,0.0
0.0,0.0,0.0
0.0,0.0,0.0
0.0,0.0,0.0
0.0,0.0,0.0
0.0,0.0,0.0
0.0,0.0,0.0
0.0,0.0,0.0
0.0,0.0,0.0
0.0,0.0,0.0
0.0,0.0,0.0
0.0,0.0,0.0
0.0,0.0,0.0
0.0,0.0,0.0
0.0,0.0,0.0
0.0,0.0,0.0
0.0,0.0,0.0
0.0,0.0,0.0
0.0,0.0,0.0
0.0,0.0,0.0
0.0,0.0,0.0
0.0,0.0,0.0
0.0,0.0,0.0
0.0,0.0,0.0
0.0,0.0,0.0
0.0,0.0,0.0
0.0,0.0,0.0
0.0,0.0,0.0
0.0,0.0,0.0
0.0,0.0,0.0
0.0,0.0,0.0
0.0,0.0,0.0
0.0,0.0,0.0
0.0,0.0,0.0
0.0,0.0,0.0
0.0,0.0,0.0
0.0,0.0,0.0
0.0,0.0,0.0
0.0,0.0,0.0
0.0,0.0,0.0
0.0,0.0,0.0
0.0,0.0,0.0
0.0,0.0,0.0
0.0,0.0,0.0
0.0,0.0,0.0
0.0,0.0,0.0
0.0,0.0,0.0
0.0,0.0,0.0
0.0,0.0,0.0
0.0,0.0,0.0
0.0,0.0,0.0
0.0,0.0,0.0
0.0,0.0,0.0
0.0,0.0,0.0
0.0,0.0,0.0
0.0,0.0,0.0
0.0,0.0,0.0
0.0,0.0,0.0
0.0,0.0,0.0
0.0,0.0,0.0
0.0,0.0,0.0
0.0,0.0,0.0
0.0,0.0,0.0
0.0,0.0,0.0
0.0,0.0,0.0
0.0,0.0,0.0
0.0,0.0,0.0
0.0,0.0,0.0
0.0,0.0,0.0
0.0,0.0,0.0
0.0,0.0,0.0
0.0,0.0,0.0
0.0,0.0,0.0
0.0,0.0,0.0
0.0,0.0,0.0
0.0,0.0,0.0
0.0,0.0,0.0
0.0,0.0,0.0
0.0,0.0,0.0
0.0,0.0,0.0
0.0,0.0,0.0
0.0,0.0,0.0
0.0,0.0,0.0
0.0,0.0,0.0
0.0,0.0,0.0
0.0,0.0,0.0
0.0,0.0,0.0
0.0,0.0,0.0
0.0,0.0,0.0
0.0,0.0,0.0
0.0,0.0,0.0
0.0,0.0,0.0
0.0,0.0,0.0
0.0,0.0,0.0
0.0,0.0,0.0
0.0,0.0,0.0
0.0,0.0,0.0
0.0,0.0,0.0
0.0,0.0,0.0
0.0,0.0,0.0
0.0,0.0,0.0
0.0,0.0,0.0
0.0,0.0,0.0
0.0,0.0,0.0
0.0,0.0,0.0
0.0,0.0,0.0
0.0,0.0,0.0
0.0,0.0,0.0
0.0,0.0,0.0
0.0,0.0,0.0
0.0,0.0,0.0
0.0,0.0,0.0
0.0,0.0,0.0
0.0,0.0,0.0
0.0,0.0,0.0
0.0,0.0,0.0
0.0,0.0,0.0
0.0,0.0,0.0
0.0,0.0,0.0
0.0,0.0,0.0
0.0,0.0,0.0
0.0,0.0,0.0
0.0,0.0,0.0
0.0,0.0,0.0
0.0,0.0,0.0
0.0,0.0,0.0
0.0,0.0,0.0
0.0,0.0,0.0
0.0,0.0,0.0
0.0,0.0,0.0
0.0,0.0,0.0
0.0,0.0,0.0
0.0,0.0,0.0
0.0,0.0,0.0
0.0,0.0,0.0
0.0,0.0,0.0
0.0,0.0,0.0
0.0,0.0,0.0
0.0,0.0,0.0
0.0,0.0,0.0
0.0,0.0,0.0
0.0,0.0,0.0
0.0,0.0,0.0
0.0,0.0,0.0
0.0,0.0,0.0
0.0,0.0,0.0
0.0,0.0,0.0
0.0,0.0,0.0
0.0,0.0,0.0
0.0,0.0,0.0
0.0,0.0,0.0
0.0,0.0,0.0
0.0,0.0,0.0
0.0,0.0,0.0
0.0,0.0,0.0
0.0,0.0,0.0
0.0,0.0,0.0
0.0,0.0,0.0
0.0,0.0,0.0
0.0,0.0,0.0
0.0,0.0,0.0
0.0,0.0,0.0
0.0,0.0,0.0
0.0,0.0,0.0
0.0,0.0,0.0
0.0,0.0,0.0
0.0,0.0,0.0
0.0,0.0,0.0
0.0,0.0,0.0
0.0,0.0,0.0
0.0,0.0,0.0
0.0,0.0,0.0
0.0,0.0,0.0
0.0,0.0,0.0
0.0,0.0,0.0
0.0,0.0,0.0
0.0,0.0,0.0
0.0,0.0,0.0
0.0,0.0,0.0
0.0,0.0,0.0
0.0,0.0,0.0
0.0,0.0,0.0
0.0,0.0,0.0
0.0,0.0,0.0
0.0,0.0,0.0
0.0,0.0,0.0
0.0,0.0,0.0
0.0,0.0,0.0
0.0,0.0,0.0
0.0,0.0,0.0
0.0,0.0,0.0
0.0,0.0,0.0
0.0,0.0,0.0
0.0,0.0,0.0
0.0,0.0,0.0
0.0,0.0,0.0
0.0,0.0,0.0
0.0,0.0,0.0
0.0,0.0,0.0
0.0,0.0,0.0
0.0,0.0,0.0
0.0,0.0,0.0
0.0,0.0,0.0
0.0,0.0,0.0
0.0,0.0,0.0
0.0,0.0,0.0
0.0,0.0,0.0
0.0,0.0,0.0
0.0,0.0,0.0
0.0,0.0,0.0
0.0,0.0,0.0
0.0,0.0,0.0
0.0,0.0,0.0
0.0,0.0,0.0
0.0,0.0,0.0
0.0,0.0,0.0
0.0,0.0,0.0
0.0,0.0,0.0
0.0,0.0,0.0
0.0,0.0,0.0
0.0,0.0,0.0
0.0,0.0,0.0
0.0,0.0,0.0
0.0,0.0,0.0
0.0,0.0,0.0
0.0,0.0,0.0
0.0,0.0,0.0
0.0,0.0,0.0
0.0,0.0,0.0
0.0,0.0,0.0
0.0,0.0,0.0
0.0,0.0,0.0
0.0,0.0,0.0
0.0,0.0,0.0
0.0,0.0,0.0
0.0,0.0,0.0
0.0,0.0,0.0
0.0,0.0,0.0
0.0,0.0,0.0
0.0,0.0,0.0
0.0,0.0,0.0
0.0,0.0,0.0
0.0,0.0,0.0
0.0,0.0,0.0
0.0,0.0,0.0
0.0,0.0,0.0
0.0,0.0,0.0
0.0,0.0,0.0
0.0,0.0,0.0
0.0,0.0,0.0
0.0,0.0,0.0
0.0,0.0,0.0
0.0,0.0,0.0
0.0,0.0,0.0
0.0,0.0,0.0
0.0,0.0,0.0
0.0,0.0,0.0
0.0,0.0,0.0
0.0,0.0,0.0
0.0,0.0,0.0
0.0,0.0,0.0
0.0,0.0,0.0
0.0,0.0,0.0
0.0,0.0,0.0
0.0,0.0,0.0
0.0,0.0,0.0
0.0,0.0,0.0
0.0,0.0,0.0
0.0,0.0,0.0
0.0,0.0,0.0
0.0,0.0,0.0
0.0,0.0,0.0
0.0,0.0,0.0
0.0,0.0,0.0
0.0,0.0,0.0
0.0,0.0,0.0
0.0,0.0,0.0
0.0,0.0,0.0
0.0,0.0,0.0
0.0,0.0,0.0
0.0,0.0,0.0
0.0,0.0,0.0
0.0,0.0,0.0
0.0,0.0,0.0
0.0,0.0,0.0
0.0,0.0,0.0
0.0,0.0,0.0
0.0,0.0,0.0
0.0,0.0,0.0
0.0,0.0,0.0
0.0,0.0,0.0
0.0,0.0,0.0
0.0,0.0,0.0
0.0,0.0,0.0
0.0,0.0,0.0
0.0,0.0,0.0
0.0,0.0,0.0
0.0,0.0,0.0
0.0,0.0,0.0
0.0,0.0,0.0
0.0,0.0,0.0
0.0,0.0,0.0
0.0,0.0,0.0
0.0,0.0,0.0
0.0,0.0,0.0
0.0,0.0,0.0
0.0,0.0,0.0
0.0,0.0,0.0
0.0,0.0,0.0
0.0,0.0,0.0
0.0,0.0,0.0
0.0,0.0,0.0
0.0,2.0,0.0
0.0,72.0,0.0
0.0,146.0,0.0
0.0,195.0,0.0
0.0,195.0,0.0
0.0,176.0,0.0
0.0,144.0,0.0
0.0,144.0,0.0
0.0,146.0,0.0
0.0,158.0,0.0
0.0,157.0,0.0
0.0,165.0,0.0
0.0,193.0,0.0
0.0,283.0,0.0
0.0,376.0,0.0
0.0,521.0,0.0
0.0,663.0,0.0
0.0,726.0,0.0
0.0,729.0,0.0
0.0,756.0,0.0
0.0833333,784.0,0.0
0.0833333,784.0,0.0
0.0833333,801.0,0.0
0.0833333,841.0,0.0
0.0833333,873.0,0.0
0.0833333,908.0,0.0
0.0833333,929.0,0.0
0.0833333,936.0,0.0
0.0833333,968.0,0.0
0.0833333,992.0,0.0
0.0833333,986.0,0.0
0.0833333,1001.0,0.0
0.0833333,995.0,0.0
0.0833333,980.0,0.0
0.0833333,965.0,0.0
0.0833333,974.0,0.0
0.166667,977.0,0.0
0.166667,982.0,0.0
0.166667,998.0,0.0
0.166667,1034.0,0.0
0.166667,1031.0,0.0
0.166667,1030.0,0.0
0.166667,1032.0,0.0
0.166667,1036.0,0.0
0.166667,1029.0,0.0
0.166667,1029.0,0.0
0.25,1039.0,0.284091
0.25,1039.0,0.284091
0.25,1034.0,0.284091
0.25,1027.0,0.284091
0.25,1030.0,0.284091
0.25,1042.0,0.284091
0.25,1045.0,0.284091
0.333333,1047.0,0.397727
0.333333,1049.0,0.397727
0.333333,1047.0,0.397727
0.333333,1050.0,0.397727
0.333333,1048.0,0.397727
0.333333,1058.0,0.397727
0.333333,1090.0,0.397727
0.416667,1125.0,0.397727
0.416667,1156.0,0.397727
0.416667,1164.0,0.397727
0.416667,1172.0,0.397727
0.416667,1178.0,0.397727
0.5,1167.0,0.397727
0.5,1146.0,0.511364
0.5,1209.0,0.511364
0.5,1289.0,0.511364
0.5,1358.0,0.511364
0.583333,1391.0,0.625
0.583333,1370.0,0.625
0.583333,1357.0,0.625
0.583333,1368.0,0.625
0.666667,1423.0,0.625
0.666667,1524.0,0.681818
0.666667,1539.0,0.681818
0.666667,1540.0,0.681818
0.75,1527.0,0.738636
0.75,1551.0,0.738636
0.75,1681.0,0.738636
0.75,1703.0,0.738636
0.833333,1685.0,0.738636
0.833333,1698.0,0.738636
0.833333,1779.0,0.738636
0.916667,1838.0,1.02273
0.916667,1795.0,1.02273
1.0,1643.0,1.02273
1.0,1448.0,0.965909
1.0,1378.0,0.965909
1.08333,1378.0,0.965909
1.08333,1437.0,0.909091
1.08333,1436.0,0.909091
1.16667,1496.0,0.909091
1.16667,1458.0,1.07955
1.25,1545.0,1.07955
1.25,1656.0,1.19318
1.25,1690.0,1.19318
1.25,1544.0,1.19318
1.25,1514.0,1.19318
1.33333,1587.0,1.19318
1.33333,1642.0,0.568182
1.33333,1645.0,0.568182
1.33333,1613.0,0.568182
1.41667,1592.0,0.568182
1.41667,1590.0,0.681818
1.41667,1590.0,0.681818
1.41667,1503.0,0.681818
1.41667,1389.0,0.681818
1.41667,1399.0,0.681818
1.5,1458.0,0.681818
1.5,1474.0,0.511364
1.58333,1577.0,0.511364
1.58333,1548.0,1.59091
1.66667,1486.0,1.64773
1.66667,1588.0,1.64773
1.75,1635.0,1.53409
1.83333,1619.0,1.53409
1.83333,1631.0,1.93182
1.91667,1638.0,2.04545
1.91667,1704.0,2.04545
1.91667,1698.0,2.04545
2.0,1672.0,2.04545
2.08333,1699.0,0.795454
2.08333,1705.0,2.38636
2.16667,1676.0,2.15909
2.25,1571.0,2.15909
2.25,1483.0,1.875
2.33333,1493.0,1.81818
2.33333,1610.0,1.81818
2.33333,1673.0,1.81818
2.33333,1662.0,1.81818
2.33333,1662.0,1.81818
2.41667,1663.0,1.81818
2.5,1699.0,0.511364
2.5,1668.0,2.38636
2.5,1644.0,2.38636
2.5,1620.0,2.38636
2.58333,1615.0,2.38636
2.58333,1655.0,0.681818
2.58333,1650.0,0.681818
2.58333,1671.0,0.681818
2.66667,1671.0,0.681818
2.66667,1633.0,0.738636
2.75,1599.0,2.32954
2.83333,1598.0,2.15909
2.91667,1612.0,2.15909
2.91667,1566.0,2.10227
3.0,1546.0,2.21591
3.0,1608.0,2.21591
3.08333,1741.0,2.21591
3.16667,1740.0,1.07955
3.16667,1717.0,2.55682
3.25,1635.0,1.875
3.33333,1568.0,2.5
3.41667,1522.0,2.5
3.5,1501.0,2.61364
3.58333,1504.0,2.21591
3.58333,1492.0,2.61364
3.58333,1473.0,2.61364
3.66667,1429.0,1.19318
3.75,1449.0,3.125
3.83333,1451.0,2.78409
3.91667,1448.0,2.61364
3.91667,1448.0,2.61364
3.91667,1481.0,2.61364
3.91667,1480.0,2.61364
4.0,1430.0,0.738636
4.08333,1400.0,2.84091
4.16667,1420.0,3.06818
4.25,1596.0,2.44318
4.41667,1619.0,2.44318
4.5,1626.0,3.125
4.5,1657.0,3.35227
4.5,1601.0,3.35227
4.58333,1601.0,3.35227
4.66667,1531.0,1.02273
4.66667,1530.0,2.78409
4.75,1541.0,1.81818
4.91667,1545.0,2.55682
4.91667,1530.0,4.09091
4.91667,1495.0,4.09091
4.91667,1474.0,4.09091
5.0,1487.0,4.09091
5.08333,1575.0,0.738636
5.16667,1630.0,3.46591
5.25,1754.0,3.52273
5.41667,1905.0,3.52273
5.5,1860.0,3.69318
5.58333,1799.0,3.125
5.66667,1728.0,3.23864
5.75,1727.0,4.14773
5.91667,1508.0,4.14773
6.0,1261.0,3.75
6.08333,1164.0,3.40909
6.25,1146.0,3.40909
6.33333,1208.0,3.52273
6.33333,1282.0,3.69318
6.41667,1253.0,1.76136
6.41667,1317.0,1.76136
6.5,1377.0,1.76136
6.5,1381.0,1.19318
6.58333,1364.0,1.76136
6.66667,1370.0,1.76136
6.66667,1437.0,2.04545
6.75,1445.0,2.04545
6.83333,1507.0,1.25
7.0,1419.0,4.14773
7.08333,1329.0,4.20454
7.16667,1289.0,3.63636
7.33333,1255.0,3.63636
7.41667,1258.0,4.09091
7.58333,1323.0,4.09091
7.66667,1370.0,3.86364
7.66667,1337.0,3.86364
7.83333,1295.0,3.86364
7.91667,1256.0,4.09091
8.0,1253.0,3.97727
8.08333,1253.0,1.93182
8.25,1299.0,4.26136
8.33333,1402.0,4.26136
8.41667,1418.0,4.14773
8.58333,1377.0,4.14773
8.66667,1361.0,4.54545
8.83333,1369.0,4.14773
8.91667,1368.0,3.29545
9.08333,1346.0,4.60227
9.16667,1310.0,4.20454
9.33333,1317.0,4.20454
9.41667,1277.0,4.14773
9.5,1262.0,4.54545
9.5,1244.0,4.54545
9.5,1243.0,4.54545
9.5,1268.0,4.54545
9.58333,1274.0,4.54545
9.75,1267.0,4.54545
9.83333,1241.0,4.48864
9.91667,1243.0,4.375
10.0833,1238.0,4.375
10.25,1191.0,4.375
10.25,1186.0,4.71591
10.4167,1223.0,4.71591
10.5,1323.0,4.65909
10.5833,1315.0,4.65909
10.75,1282.0,4.65909
10.75,1265.0,4.48864
10.75,1273.0,4.48864
10.8333,1279.0,1.13636
10.9167,1277.0,1.13636
11.0833,1259.0,4.31818
11.1667,1243.0,4.48864
11.3333,1262.0,4.31818
11.4167,1297.0,5.05682
11.5833,1376.0,5.05682
11.6667,1429.0,4.20454
11.75,1573.0,4.20454
11.8333,1570.0,4.43182
11.8333,1453.0,4.43182
12.0,1349.0,4.43182
12.0,1245.0,4.43182
12.0,1245.0,4.43182
12.0,1253.0,4.43182
12.0833,1253.0,4.43182
12.25,1043.0,4.43182
12.3333,970.0,4.09091
12.5,1197.0,4.88636
12.5833,1303.0,4.60227
12.75,1303.0,4.60227
12.75,1264.0,4.48864
12.8333,1250.0,2.5
12.8333,1304.0,2.5
12.9167,1311.0,2.5
13.0,1240.0,1.13636
13.0833,1162.0,5.51136
13.25,1194.0,5.51136
13.25,1225.0,4.65909
13.3333,1225.0,4.65909
13.5,1191.0,4.65909
13.6667,1121.0,4.82954
13.75,1190.0,4.65909
13.8333,1308.0,4.43182
14.0,1383.0,4.43182
14.0833,1226.0,4.94318
14.1667,1082.0,4.94318
14.1667,1093.0,2.55682
14.1667,1135.0,2.55682
14.25,1212.0,2.55682
14.4167,1182.0,4.65909
14.4167,1127.0,5.05682
14.5,1153.0,5.05682
14.6667,1152.0,5.05682
14.8333,1199.0,5.05682
14.9167,1116.0,5.85227
15.0833,1036.0,5.85227
15.25,1023.0,5.11364
15.3333,1065.0,4.65909
15.3333,1023.0,4.65909
15.4167,964.0,1.70455
15.5,994.0,1.70455
15.5,1081.0,1.53409
15.6667,1114.0,2.55682
15.75,1110.0,4.82954
15.8333,1109.0,4.82954
16.0,1109.0,5.34091
16.0833,1123.0,5.625
16.0833,1141.0,2.27273
16.25,1169.0,2.32954
16.25,1172.0,5.28409
16.4167,1164.0,5.28409
16.4167,1156.0,4.43182
16.5833,1148.0,4.43182
16.75,1163.0,4.43182
16.75,1138.0,4.71591
16.9167,1091.0,4.71591
17.0,1028.0,4.82954
17.1667,1056.0,4.82954
17.3333,1107.0,4.94318
17.5,1104.0,5.11364
17.6667,1061.0,5.28409
17.75,1086.0,5.73864
17.9167,1135.0,5.73864
18.0,1191.0,5.28409
18.0833,1198.0,2.38636
18.25,1143.0,2.72727
18.25,1123.0,4.88636
18.4167,1083.0,4.88636
18.5833,1011.0,4.88636
18.75,923.0,5.34091
18.9167,874.0,5.34091
19.0833,894.0,5.34091
19.1667,992.0,4.94318
19.3333,1027.0,5.34091
19.5,1017.0,5.56818
19.6667,961.0,5.56818
19.8333,1005.0,5.34091
19.8333,1162.0,6.53409
20.0,1066.0,6.53409
20.1667,919.0,5.51136
20.25,921.0,5.39773
20.3333,983.0,5.39773
20.5,966.0,5.39773
20.6667,874.0,5.39773
20.8333,906.0,5.11364
21.0,965.0,5.45454
21.1667,982.0,5.45454
21.3333,884.0,5.17045
21.3333,884.0,5.96591
21.3333,873.0,5.96591
21.4167,885.0,1.30682
21.5,896.0,1.30682
21.6667,809.0,5.11364
21.8333,779.0,5.28409
22.0,785.0,5.28409
22.0833,788.0,5.45454
22.25,783.0,5.45454
22.4167,734.0,5.51136
22.5,759.0,5.56818
22.5,800.0,5.56818
22.5,855.0,5.56818
22.5833,820.0,1.07955
22.6667,678.0,1.07955
22.8333,678.0,5.625
22.9167,731.0,6.25
23.0833,854.0,6.25
23.25,888.0,5.56818
23.3333,801.0,5.28409
23.5,726.0,5.28409
23.6667,711.0,5.28409
23.8333,763.0,5.45454
23.8333,797.0,5.56818
23.8333,832.0,5.56818
23.9167,838.0,5.56818
24.0,787.0,5.625
24.0833,763.0,5.625
24.25,780.0,5.625
24.3333,779.0,5.96591
24.5,761.0,5.90909
24.5833,659.0,5.28409
24.6667,684.0,5.28409
24.75,750.0,5.39773
24.75,784.0,5.39773
24.9167,711.0,5.39773
25.0,698.0,5.90909
25.0,758.0,5.90909
25.0,849.0,5.90909
25.1667,948.0,5.90909
25.3333,890.0,5.51136
25.4167,834.0,5.45454
25.5833,834.0,5.45454
25.6667,753.0,4.82954
25.75,755.0,5.45454
25.8333,792.0,5.45454
25.8333,688.0,1.81818
25.9167,616.0,1.76136
25.9167,646.0,1.76136
26.0,733.0,1.30682
26.0833,738.0,2.78409
26.25,708.0,2.78409
26.4167,698.0,4.94318
26.5833,740.0,4.94318
26.6667,818.0,5.45454
26.75,797.0,3.06818
26.8333,754.0,2.67045
26.9167,730.0,2.67045
26.9167,822.0,2.67045
26.9167,888.0,2.67045
26.9167,887.0,2.67045
27.0833,856.0,2.67045
27.4167,824.0,5.28409
27.5833,850.0,5.39773
27.6667,920.0,5.85227
27.8333,1010.0,5.85227
28.0,1072.0,5.85227
28.1667,996.0,5.51136
28.3333,860.0,5.51136
28.3333,808.0,5.28409
28.4167,806.0,5.28409
28.5,847.0,5.56818
28.6667,823.0,5.56818
28.8333,772.0,5.56818
29.0,744.0,5.56818
29.0,887.0,5.34091
29.0833,867.0,1.93182
29.1667,778.0,1.93182
29.25,743.0,5.85227
29.25,916.0,5.85227
29.3333,999.0,1.76136
29.3333,963.0,1.76136
29.4167,908.0,1.76136
29.5,941.0,4.60227
29.6667,941.0,4.60227
29.75,958.0,5.625
29.9167,919.0,5.625
30.0833,853.0,5.625
30.25,906.0,5.45454
30.3333,1074.0,5.79545
30.4167,966.0,2.84091
30.5,824.0,2.84091
30.5833,783.0,4.65909
30.5833,962.0,4.65909
30.5833,1058.0,4.65909
30.6667,977.0,4.65909
30.8333,885.0,4.65909
31.0,852.0,4.65909
31.0833,872.0,5.17045
31.25,871.0,5.17045
31.4167,857.0,5.17045
31.5833,839.0,5.39773
31.5833,858.0,5.45454
31.6667,996.0,5.45454
31.8333,1081.0,5.45454
32.0,1084.0,5.22727
32.0833,1063.0,6.36363
32.25,1008.0,6.36363
32.3333,955.0,5.05682
32.5833,905.0,5.05682
32.6667,842.0,5.51136
32.75,832.0,5.17045
32.9167,839.0,5.17045
33.0833,840.0,5.17045
33.25,873.0,5.17045
33.4167,904.0,5.17045
33.4167,875.0,5.22727
33.5,903.0,5.22727
33.6667,978.0,5.22727
33.75,1039.0,5.28409
33.9167,1010.0,5.28409
34.0833,1001.0,5.28409
34.1667,989.0,5.0
34.3333,982.0,5.0
34.4167,928.0,6.25
34.5,912.0,2.44318
34.5833,928.0,6.47727
34.5833,928.0,6.47727
34.5833,929.0,6.47727
34.5833,922.0,6.47727
34.75,912.0,6.47727
34.9167,905.0,5.96591
35.0833,899.0,5.17045
35.25,895.0,5.17045
35.4167,867.0,5.17045
35.5833,880.0,5.05682
35.6667,899.0,6.875
35.6667,899.0,6.875
35.75,834.0,1.70455
35.8333,828.0,2.78409
35.8333,871.0,2.78409
35.9167,911.0,2.78409
36.0,890.0,1.07955
36.1667,822.0,2.78409
36.3333,815.0,4.65909
36.5,875.0,5.28409
36.6667,928.0,5.28409
36.8333,898.0,5.68182
36.8333,871.0,5.45454
36.9167,886.0,2.5
36.9167,943.0,2.5
37.0,1034.0,1.30682
37.0833,993.0,1.30682
37.0833,998.0,1.76136
37.25,988.0,1.875
37.4167,958.0,5.17045
37.5833,939.0,5.17045
37.6667,952.0,5.73864
37.8333,991.0,5.73864
38.0,1028.0,5.73864
38.0833,993.0,5.51136
38.1667,955.0,2.72727
38.25,973.0,2.72727
38.25,999.0,1.64773
38.4167,973.0,1.875
38.5833,811.0,5.22727
38.75,814.0,5.22727
38.8333,899.0,5.22727
39.0,979.0,5.68182
39.0833,979.0,4.77273
39.1667,984.0,4.77273
39.3333,930.0,4.77273
39.5,981.0,5.05682
39.6667,1040.0,5.05682
39.75,931.0,5.45454
39.75,810.0,5.45454
39.9167,826.0,5.45454
40.0833,932.0,5.45454
40.25,1043.0,5.17045
40.4167,869.0,5.56818
40.5833,797.0,5.11364
40.6667,855.0,5.51136
40.8333,926.0,5.51136
41.0,857.0,5.17045
41.1667,847.0,5.17045
41.25,882.0,5.22727
41.3333,1048.0,2.72727
41.3333,1054.0,2.72727
41.5,750.0,2.72727
41.6667,698.0,5.34091
41.8333,801.0,5.34091
42.0,860.0,5.34091
42.1667,826.0,5.34091
42.1667,801.0,4.65909
42.25,845.0,2.5
42.25,880.0,2.5
42.3333,907.0,1.30682
42.5,898.0,2.67045
42.5,898.0,5.68182
42.5,905.0,5.68182
42.5833,969.0,5.68182
42.75,1062.0,5.34091
42.9167,1054.0,5.11364
43.0833,1089.0,5.11364
43.25,1142.0,5.11364
43.3333,1028.0,5.56818
43.5,1019.0,5.22727
43.6667,1027.0,5.17045
43.8333,941.0,4.94318
44.0,929.0,4.94318
44.0833,1014.0,4.88636
44.0833,1051.0,5.11364
44.1667,1051.0,5.11364
44.3333,1049.0,5.11364
44.4167,982.0,5.56818
44.5833,883.0,5.56818
44.75,949.0,5.39773
44.9167,1063.0,5.22727
45.0833,1041.0,5.22727
45.0833,890.0,5.39773
45.1667,900.0,5.39773
45.25,962.0,1.59091
45.4167,997.0,2.72727
45.4167,971.0,4.94318
45.5,1035.0,2.44318
45.5833,1123.0,2.44318
45.75,1084.0,4.82954
45.9167,1081.0,4.82954
46.0,1075.0,5.51136
46.1667,1214.0,4.94318
46.3333,1203.0,4.65909
46.5,1039.0,4.65909
46.5833,1018.0,4.65909
46.75,1230.0,4.65909
46.75,1304.0,4.375
46.75,1279.0,4.375
46.8333,1129.0,4.375
46.8333,903.0,1.02273
46.9167,943.0,1.64773
47.0833,1011.0,2.44318
47.1667,1123.0,5.51136
47.3333,967.0,4.88636
47.5,799.0,4.77273
47.6667,790.0,5.39773
47.75,914.0,4.88636
47.9167,1095.0,4.88636
47.9167,1063.0,4.71591
47.9167,960.0,4.71591
48.0,954.0,4.71591
48.1667,1014.0,4.71591
48.3333,1131.0,4.71591
48.4167,1126.0,5.28409
48.5,1100.0,5.28409
48.5833,1103.0,2.38636
48.75,1123.0,2.38636
48.75,1123.0,4.65909
48.9167,1148.0,4.65909
49.0,1154.0,4.94318
49.0,1165.0,2.55682
49.0,1139.0,2.55682
49.1667,1159.0,2.55682
49.25,1319.0,4.60227
49.25,1343.0,2.5
49.4167,1218.0,2.5
49.5833,1042.0,2.5
49.6667,1034.0,5.28409
49.8333,1057.0,5.28409
50.0,1078.0,5.05682
50.1667,1100.0,5.05682
50.25,1116.0,5.28409
50.4167,1179.0,5.0
50.5,1183.0,4.94318
50.5,1146.0,2.15909
50.5833,1206.0,2.67045
50.6667,1258.0,2.67045
50.75,1216.0,4.43182
50.8333,1124.0,4.43182
51.0,1180.0,4.43182
51.1667,1276.0,4.71591
51.25,1254.0,5.11364
51.4167,1218.0,5.11364
51.5833,1229.0,5.05682
51.75,1233.0,5.05682
51.8333,1232.0,4.94318
52.0,1176.0,4.94318
52.0833,1147.0,4.88636
52.0833,1120.0,2.44318
52.1667,1061.0,2.44318
52.3333,1044.0,2.44318
52.5,1119.0,4.94318
52.6667,1236.0,4.94318
52.75,1217.0,4.60227
52.9167,1114.0,4.82954
53.0833,1079.0,4.82954
53.25,1140.0,4.82954
53.3333,1218.0,4.82954
53.4167,1223.0,4.94318
53.5,1223.0,4.94318
53.5,1223.0,1.53409
53.5833,1219.0,1.53409
53.75,1333.0,1.70455
53.9167,1426.0,4.43182
54.0,1353.0,5.05682
54.1667,1292.0,4.77273
54.3333,1325.0,4.77273
54.4167,1289.0,4.77273
54.5833,1213.0,4.77273
54.75,1173.0,4.65909
54.8333,1227.0,4.43182
55.0,1379.0,4.43182
55.0,1384.0,4.20454
55.0833,1311.0,2.04545
55.1667,1312.0,2.21591
55.1667,1176.0,2.21591
55.3333,1177.0,2.21591
55.4167,1182.0,4.48864
55.5,1157.0,4.48864
55.6667,1124.0,4.48864
55.75,1219.0,4.31818
55.9167,1235.0,4.31818
56.0,1206.0,3.92045
56.0833,1179.0,5.39773
56.0833,1222.0,5.39773
56.25,1297.0,5.39773
56.3333,1334.0,4.88636
56.3333,1366.0,4.48864
56.3333,1354.0,4.48864
56.4167,1296.0,4.48864
56.5,1235.0,4.88636
56.6667,1161.0,4.88636
56.8333,1055.0,4.77273
56.9167,908.0,3.80682
57.0833,1063.0,4.375
57.1667,1338.0,4.94318
57.3333,1458.0,4.94318
57.3333,1429.0,4.77273
57.5,1474.0,4.77273
57.5833,1508.0,4.48864
57.5833,1432.0,4.48864
57.5833,1359.0,4.48864
57.5833,1359.0,4.48864
57.5833,1322.0,4.48864
57.75,1194.0,4.48864
57.8333,1071.0,4.375
58.0,1031.0,4.375
58.0833,1120.0,5.51136
58.25,1168.0,5.51136
58.3333,1131.0,4.60227
58.5,1090.0,4.60227
58.6667,1193.0,4.60227
58.75,1496.0,4.71591
58.8333,1499.0,3.86364
58.8333,1380.0,3.86364
59.0,1341.0,3.86364
59.0,1381.0,4.48864
59.0833,1370.0,4.48864
59.25,1347.0,4.48864
59.25,1367.0,4.88636
59.4167,1367.0,4.88636
59.5,1207.0,4.48864
59.6667,1248.0,4.48864
59.75,1355.0,4.48864
59.8333,1386.0,4.48864
60.0,1239.0,4.48864
60.0833,1156.0,4.54545
60.25,1139.0,4.54545
60.25,1216.0,4.54545
60.4167,1329.0,4.54545
60.4167,1336.0,5.05682
60.4167,1266.0,5.05682
60.5833,1254.0,5.05682
60.6667,1197.0,5.0
60.8333,1154.0,4.375
61.0,1123.0,4.375
61.0833,1062.0,4.31818
61.25,1062.0,4.65909
61.4167,1191.0,4.65909
61.5,1202.0,4.60227
61.5833,1218.0,4.48864
61.6667,1263.0,2.15909
61.6667,1272.0,4.77273
61.6667,1221.0,4.77273
61.6667,1222.0,4.77273
61.8333,1222.0,4.77273
61.9167,1202.0,5.0
62.0,1204.0,5.0
62.1667,1205.0,5.0
62.25,1148.0,5.51136
62.4167,1032.0,4.43182
62.5833,1079.0,4.43182
62.6667,1256.0,4.88636
62.8333,1251.0,4.88636
63.0,1251.0,4.54545
63.0833,1237.0,4.43182
63.1667,1207.0,4.20454
63.25,1229.0,2.5
63.3333,1178.0,2.5
63.3333,1179.0,2.38636
63.4167,1069.0,1.53409
63.5833,1191.0,3.97727
63.75,1256.0,4.54545
63.8333,1255.0,4.77273
63.9167,1253.0,4.54545
64.0833,1288.0,4.54545
64.1667,1371.0,4.54545
64.25,1418.0,4.82954
64.4167,1383.0,4.82954
64.5,1225.0,4.71591
64.5,1132.0,4.88636
64.5833,1150.0,1.53409
64.5833,1152.0,1.53409
64.75,1153.0,1.64773
64.9167,1168.0,4.43182
65.0,1168.0,4.20454
65.1667,1186.0,4.77273
65.3333,1236.0,4.77273
65.4167,1326.0,4.77273
65.5833,1228.0,5.17045
65.75,1211.0,4.88636
65.8333,1234.0,4.375
65.8333,1261.0,5.05682
66.0,1229.0,5.05682
66.0,1150.0,5.73864
66.0833,1133.0,2.32954
66.1667,1187.0,2.44318
66.3333,1187.0,2.44318
66.4167,1164.0,5.68182
66.4167,1163.0,4.375
66.5833,1196.0,4.375
66.5833,1226.0,4.65909
66.75,1220.0,4.65909
66.9167,1113.0,4.94318
67.0833,1056.0,4.94318
67.1667,1077.0,5.34091
67.1667,1167.0,4.26136
67.25,1258.0,1.64773
67.25,1240.0,1.64773
67.4167,1173.0,1.64773
67.5833,1115.0,1.64773
67.75,985.0,5.11364
67.8333,1139.0,5.73864
68.0,1220.0,5.73864
68.1667,1129.0,5.17045
68.25,1017.0,4.82954
68.3333,1097.0,4.82954
68.4167,1270.0,5.17045
68.4167,1327.0,5.17045
68.5,1227.0,1.53409
68.5833,1068.0,1.53409
68.75,1176.0,4.65909
68.8333,1306.0,5.0
69.0,1321.0,5.0
69.0833,1172.0,4.94318
69.1667,1101.0,4.94318
69.1667,1154.0,1.70455
69.3333,1197.0,2.32954
69.5,1187.0,4.26136
69.5,1152.0,5.17045
69.6667,1135.0,5.17045
69.8333,1116.0,5.28409
69.8333,1089.0,5.05682
69.9167,1106.0,5.05682
70.0833,1127.0,5.05682
70.4167,1063.0,4.88636
70.5,1062.0,5.22727
70.6667,1211.0,5.22727
70.8333,1217.0,5.0
71.0,1217.0,5.0
71.0833,1248.0,5.17045
71.1667,1207.0,4.94318
71.25,1230.0,2.38636
71.25,1288.0,2.38636
71.4167,1257.0,2.38636
71.5833,1146.0,4.65909
71.75,1004.0,4.77273
71.8333,1100.0,4.88636
72.0,1256.0,4.88636
72.1667,1318.0,4.88636
72.3333,1265.0,4.88636
72.4167,1119.0,5.17045
72.5833,1195.0,5.05682
72.6667,1194.0,4.65909
72.75,1209.0,2.32954
72.9167,1155.0,5.96591
72.9167,1127.0,5.96591
73.0,1113.0,1.59091
73.0833,1088.0,1.59091
73.25,1073.0,1.70455
73.3333,1131.0,4.94318
73.5,1206.0,4.94318
73.6667,1291.0,5.05682
73.75,1324.0,5.05682
73.9167,1282.0,4.60227
74.0833,1313.0,5.17045
74.0833,1338.0,5.625
74.1667,1338.0,5.625
74.25,1206.0,5.05682
74.3333,1070.0,2.27273
74.4167,1206.0,2.61364
74.5,1277.0,5.0
74.6667,1201.0,5.0
74.8333,1099.0,5.0
75.0,1158.0,5.0
75.0833,1264.0,5.11364
75.1667,1313.0,4.65909
75.3333,1174.0,4.65909
75.5,1118.0,4.65909
75.5833,1194.0,4.375
75.5833,1261.0,4.375
75.5833,1242.0,4.375
75.6667,1242.0,0.965909
75.75,1111.0,2.78409
75.8333,1173.0,2.78409
76.0,1236.0,4.43182
76.0,1177.0,4.94318
76.1667,990.0,4.94318
76.25,1029.0,5.0
76.4167,1132.0,5.0
76.5833,1203.0,4.71591
76.75,1149.0,4.71591
76.9167,1048.0,4.77273
77.0,1091.0,5.22727
77.0,1113.0,5.11364
77.1667,1153.0,5.11364
77.25,1224.0,5.17045
77.3333,1221.0,4.375
77.5,1199.0,5.45454
77.6667,1203.0,5.45454
77.8333,1159.0,4.71591
78.0,1128.0,4.71591
78.0833,1138.0,5.05682
78.25,1116.0,4.94318
78.3333,1050.0,4.88636
78.4167,1207.0,4.43182
78.4167,1395.0,4.43182
78.5,1460.0,1.70455
78.6667,1379.0,2.21591
78.75,1297.0,5.28409
78.8333,1320.0,5.28409
79.0,1330.0,5.28409
79.0833,1252.0,5.11364
79.25,1014.0,6.36363
79.3333,1065.0,6.36363
79.5,1285.0,5.96591
79.5,1320.0,4.77273
79.5833,1214.0,2.15909
79.75,1236.0,2.61364
79.75,1249.0,4.71591
79.8333,1209.0,4.71591
80.0,1192.0,4.77273
80.0833,1178.0,4.82954
80.1667,1185.0,4.82954
80.3333,1185.0,4.82954
80.5,1205.0,4.94318
80.5833,1151.0,4.71591
80.75,1060.0,4.71591
80.9167,1257.0,4.71591
80.9167,1377.0,5.11364
81.0833,1442.0,5.11364
81.25,1445.0,4.88636
81.25,1390.0,4.82954
81.25,1423.0,4.82954
81.3333,1473.0,1.13636
81.4167,1415.0,1.13636
81.5,1176.0,2.44318
81.5833,1030.0,2.10227
81.75,1029.0,2.10227
81.8333,1237.0,4.14773
82.0,1273.0,4.14773
82.0833,1303.0,4.60227
82.1667,1472.0,2.5
82.25,1577.0,2.5
82.3333,1502.0,4.71591
82.5,1112.0,4.71591
82.5,1057.0,4.60227
82.5833,1235.0,4.60227
82.6667,1361.0,1.53409
82.75,1291.0,5.56818
82.9167,1227.0,5.56818
83.0833,1436.0,5.45454
83.1667,1437.0,5.05682
83.25,1359.0,4.88636
83.3333,1156.0,2.15909
83.5,1432.0,3.92045
83.5833,1612.0,5.17045
83.6667,1496.0,5.17045
83.75,1287.0,1.98864
83.75,1292.0,4.09091
83.75,1395.0,4.09091
83.9167,1516.0,4.09091
84.0833,1455.0,4.43182
84.1667,1259.0,4.375
84.3333,1316.0,4.375
84.4167,1400.0,4.88636
84.5833,1402.0,4.60227
84.6667,1402.0,4.65909
84.8333,964.0,4.65909
85.0,833.0,4.48864
85.0833,979.0,4.03409
85.25,1198.0,4.03409
85.25,1357.0,4.65909
85.4167,1315.0,4.65909
85.4167,1296.0,4.43182
85.5,1343.0,4.43182
85.6667,1466.0,4.43182
85.75,1467.0,4.60227
85.9167,1339.0,4.60227
86.0,1317.0,4.48864
86.1667,1313.0,4.48864
86.3333,1292.0,4.48864
86.4167,1191.0,4.03409
86.5833,1095.0,4.71591
86.6667,1030.0,4.77273
86.75,1095.0,4.77273
86.8333,1178.0,4.43182
86.9167,1155.0,3.97727
86.9167,1200.0,3.97727
87.0,1261.0,3.97727
87.1667,1400.0,4.88636
87.25,1417.0,3.92045
87.4167,1290.0,4.43182
87.5833,1204.0,4.43182
87.6667,1205.0,4.71591
87.8333,1257.0,4.65909
88.0,1253.0,4.65909
88.0833,1196.0,4.88636
88.25,1172.0,4.82954
88.3333,1274.0,3.92045
88.5,1221.0,4.60227
88.5833,1112.0,4.82954
88.75,1029.0,4.82954
88.9167,1123.0,4.82954
88.9167,1235.0,4.48864
89.0,1254.0,4.48864
89.1667,1225.0,4.48864
89.25,1210.0,4.60227
89.4167,1209.0,4.77273
89.5,1214.0,4.375
89.5833,1214.0,4.48864
89.75,1193.0,4.48864
89.8333,1150.0,4.31818
90.0,1047.0,4.31818
90.0833,1066.0,4.77273
90.0833,1066.0,4.77273
90.0833,1093.0,4.77273
90.1667,1141.0,0.909091
90.25,1227.0,0.909091
90.4167,1262.0,3.86364
90.5,1254.0,4.94318
90.5,1236.0,4.94318
90.6667,1226.0,4.94318
90.8333,1225.0,4.94318
90.9167,1171.0,5.56818
91.0,1134.0,4.82954
91.0833,1117.0,4.82954
91.25,1135.0,4.82954
91.25,1145.0,6.47727
91.3333,1145.0,1.59091
91.5,1106.0,4.09091
91.6667,1034.0,4.09091
91.6667,1104.0,4.94318
91.8333,1252.0,4.94318
91.9167,1304.0,5.22727
92.0,1168.0,4.31818
92.1667,1095.0,4.94318
92.3333,1093.0,4.94318
92.4167,1204.0,4.94318
92.5,1189.0,4.94318
92.5833,1113.0,5.05682
92.6667,1129.0,2.32954
92.6667,1216.0,2.32954
92.8333,1259.0,2.32954
92.9167,1141.0,4.88636
93.0833,1056.0,4.88636
93.25,1025.0,4.60227
93.3333,1042.0,4.88636
93.5,1072.0,4.88636
93.6667,1033.0,4.54545
93.75,1017.0,4.48864
93.9167,1015.0,5.34091
94.0,1015.0,5.39773
94.1667,1143.0,5.17045
94.25,1257.0,4.60227
94.25,1198.0,4.43182
94.4167,1154.0,4.43182
94.5,1177.0,5.05682
94.6667,1109.0,5.05682
94.8333,1033.0,5.05682
94.9167,1043.0,4.77273
95.0833,1083.0,4.82954
95.0833,1210.0,4.82954
95.25,1322.0,4.82954
95.3333,1301.0,5.56818
95.4167,1269.0,4.54545
95.5833,1270.0,4.54545
95.6667,1260.0,4.54545
95.8333,1210.0,4.54545
95.9167,1119.0,4.375
96.0,1136.0,2.32954
96.1667,1251.0,4.26136
96.25,1279.0,5.96591
96.4167,1236.0,5.96591
96.5,1145.0,5.90909
96.5833,1194.0,5.39773
96.5833,1349.0,5.39773
96.6667,1358.0,1.59091
96.6667,1298.0,1.59091
96.75,1210.0,1.59091
96.75,1220.0,1.13636
96.8333,1224.0,1.13636
96.8333,1172.0,1.19318
97.0,1102.0,2.44318
97.1667,1179.0,4.375
97.25,1239.0,4.88636
97.4167,1229.0,5.05682
97.5833,1269.0,5.05682
97.6667,1332.0,4.82954
97.8333,1262.0,4.82954
98.0,1140.0,4.94318
98.0833,1086.0,4.88636
98.25,1110.0,4.88636
98.4167,1164.0,4.88636
98.4167,1207.0,4.60227
98.4167,1207.0,4.60227
98.5,1231.0,4.60227
98.6667,1264.0,4.60227
98.75,1254.0,4.82954
98.9167,1237.0,4.82954
99.0833,1255.0,4.82954
99.1667,1298.0,4.375
99.3333,1315.0,4.375
99.5,1137.0,4.54545
99.5833,1107.0,4.82954
99.75,1193.0,4.82954
99.9167,1282.0,4.82954
99.9167,1338.0,4.94318
100.0,1334.0,4.94318
100.167,1261.0,4.77273
100.25,1275.0,4.94318
100.417,1267.0,4.94318
100.583,1108.0,4.94318
100.667,1091.0,4.77273
100.833,1151.0,4.65909
101.0,1177.0,4.65909
101.083,1183.0,5.73864
101.25,1183.0,5.73864
101.333,1180.0,5.05682
101.333,1188.0,5.05682
101.5,1190.0,5.05682
101.667,1217.0,5.05682
101.75,1215.0,4.94318
101.75,1242.0,2.32954
101.917,1271.0,2.44318
102.083,1244.0,4.375
102.167,1200.0,4.48864
102.25,1155.0,4.88636
102.417,1198.0,4.88636
102.5,1279.0,4.82954
102.667,1227.0,4.65909
102.75,1203.0,4.54545
102.833,1264.0,2.21591
102.917,1335.0,4.54545
102.917,1295.0,4.54545
103.0,1280.0,4.54545
103.083,1283.0,1.19318
103.167,1354.0,4.31818
103.333,1354.0,4.31818
103.5,1435.0,4.31818
103.583,1474.0,4.26136
103.583,1475.0,4.26136
103.75,1445.0,4.26136
103.833,1353.0,5.45454
103.917,1298.0,4.65909
103.917,1277.0,4.65909
104.083,1261.0,4.65909
104.083,1312.0,4.14773
104.167,1294.0,4.14773
104.25,1299.0,1.59091
104.333,1331.0,2.21591
104.5,1332.0,3.86364
104.583,1338.0,4.43182
104.75,1373.0,4.71591
104.833,1408.0,4.31818
105.0,1394.0,4.31818
105.083,1207.0,4.48864
105.167,1152.0,4.48864
105.333,1265.0,4.48864
105.333,1307.0,4.48864
105.333,1340.0,4.48864
105.417,1423.0,4.48864
105.5,1491.0,4.03409
105.583,1467.0,4.60227
105.667,1416.0,2.10227
105.833,1383.0,4.31818
105.917,1268.0,4.48864
106.083,1213.0,4.48864
106.167,1199.0,4.71591
106.25,1274.0,4.71591
106.333,1384.0,1.875
106.5,1354.0,3.69318
106.583,1305.0,3.69318
106.667,1312.0,3.97727
106.75,1417.0,3.23864
106.833,1459.0,2.21591
106.917,1460.0,3.97727
106.917,1471.0,3.97727
107.0,1485.0,3.97727
107.167,1473.0,3.97727
107.25,1473.0,3.92045
107.333,1446.0,4.20454
107.5,1418.0,3.92045
107.583,1422.0,3.35227
107.75,1567.0,3.86364
107.833,1551.0,3.86364
107.917,1455.0,4.65909
108.0,1425.0,3.69318
108.0,1551.0,3.69318
108.0,1570.0,3.69318
108.083,1510.0,0.965909
108.167,1467.0,0.965909
108.25,1491.0,1.875
108.25,1513.0,3.69318
108.333,1416.0,3.69318
108.333,1393.0,1.19318
108.417,1479.0,1.76136
108.583,1523.0,1.76136
108.667,1407.0,3.86364
108.75,1326.0,3.57954
108.917,1314.0,3.69318
108.917,1399.0,3.92045
109.0,1371.0,3.92045
109.0,1299.0,1.59091
109.167,1291.0,2.04545
109.25,1367.0,3.52273
109.333,1464.0,3.23864
109.417,1471.0,4.77273
109.583,1458.0,3.40909
109.667,1466.0,3.35227
109.75,1505.0,3.97727
109.833,1428.0,3.57954
109.917,1342.0,3.52273
109.917,1282.0,3.52273
110.0,1340.0,1.19318
110.167,1456.0,3.46591
110.25,1514.0,4.09091
110.333,1548.0,3.29545
110.417,1529.0,3.18182
110.5,1455.0,3.35227
110.667,1428.0,3.69318
110.75,1426.0,3.69318
110.833,1468.0,3.86364
110.917,1468.0,3.40909
111.0,1536.0,3.29545
111.083,1545.0,3.125
111.083,1502.0,3.125
111.167,1489.0,1.19318
111.25,1501.0,3.52273
111.333,1549.0,3.52273
111.417,1570.0,3.52273
111.417,1518.0,1.70455
111.5,1449.0,1.70455
111.583,1472.0,3.01136
111.75,1491.0,3.52273
111.833,1497.0,3.63636
111.917,1495.0,3.01136
112.0,1456.0,3.23864
112.083,1424.0,3.06818
112.167,1470.0,3.86364
112.25,1508.0,3.86364
112.333,1517.0,1.70455
112.417,1477.0,3.29545
112.5,1459.0,3.35227
112.5,1533.0,3.35227
112.583,1557.0,3.35227
112.667,1349.0,1.07955
112.667,1141.0,3.18182
112.667,1109.0,3.18182
112.75,1170.0,1.07955
112.75,1176.0,1.07955
112.833,1276.0,1.64773
113.0,1247.0,3.125
113.083,1258.0,3.57954
113.167,1339.0,4.71591
113.25,1441.0,4.71591
113.333,1423.0,4.375
113.5,1410.0,4.375
113.583,1405.0,4.09091
113.583,1382.0,3.18182
113.667,1303.0,3.18182
113.667,1203.0,1.53409
113.75,1203.0,1.81818
113.75,1216.0,1.81818
113.917,1233.0,1.81818
113.917,1279.0,3.80682
113.917,1279.0,3.80682
114.0,1319.0,1.07955
114.0,1266.0,1.07955
114.083,1250.0,1.59091
114.167,1270.0,3.57954
114.333,1273.0,3.57954
114.417,1304.0,3.97727
114.5,1319.0,3.46591
114.583,1369.0,3.46591
114.667,1438.0,3.125
114.75,1440.0,3.125
114.833,1460.0,1.64773
114.833,1470.0,3.86364
114.917,1410.0,1.59091
114.917,1425.0,1.59091
115.0,1437.0,1.59091
115.167,1337.0,3.23864
115.167,1300.0,3.29545
115.167,1307.0,3.29545
115.25,1382.0,3.29545
115.333,1449.0,1.07955
115.333,1410.0,3.06818
115.417,1418.0,1.81818
115.583,1408.0,2.72727
115.667,1409.0,3.69318
115.75,1445.0,2.89773
115.833,1458.0,3.35227
115.917,1448.0,3.18182
115.917,1434.0,3.18182
116.083,1438.0,3.18182
116.167,1395.0,3.23864
116.25,1366.0,3.01136
116.333,1372.0,3.80682
116.417,1375.0,3.125
116.417,1371.0,3.06818
116.417,1427.0,3.06818
116.417,1407.0,3.06818
116.583,1355.0,3.06818
116.667,1278.0,3.125
116.667,1317.0,3.18182
116.75,1318.0,3.18182
116.833,1318.0,1.53409
116.917,1318.0,3.125
117.0,1378.0,3.35227
117.083,1574.0,2.95454
117.25,1784.0,2.95454
117.25,1772.0,2.95454
117.25,1648.0,2.95454
117.333,1589.0,2.95454
117.417,1651.0,1.02273
117.417,1735.0,3.23864
117.5,1744.0,1.64773
117.5,1634.0,1.64773
117.5,1573.0,1.64773
117.583,1611.0,1.64773
117.667,1611.0,3.06818
117.75,1621.0,3.06818
117.75,1618.0,3.06818
117.75,1611.0,3.06818
117.833,1607.0,0.909091
117.833,1602.0,0.909091
117.833,1605.0,0.909091
117.917,1548.0,0.965909
118.0,1480.0,0.965909
118.083,1525.0,3.40909
118.167,1569.0,2.84091
118.25,1584.0,2.67045
118.333,1583.0,3.01136
118.417,1589.0,2.84091
118.417,1589.0,2.84091
118.5,1571.0,2.84091
118.583,1524.0,1.30682
118.667,1466.0,2.72727
118.75,1392.0,2.15909
118.833,1408.0,3.57954
118.833,1648.0,2.5
118.833,1700.0,2.5
118.917,1748.0,1.25
119.0,1799.0,2.78409
119.083,1807.0,2.67045
119.083,1877.0,2.67045
119.083,1854.0,2.67045
119.167,1699.0,0.852273
119.25,1610.0,0.852273
119.333,1479.0,2.55682
119.417,1479.0,2.5
119.5,1524.0,2.84091
119.583,1502.0,2.78409
119.667,1443.0,2.44318
119.75,1499.0,3.35227
119.833,1554.0,2.61364
119.917,1592.0,2.89773
119.917,1606.0,2.55682
120.0,1528.0,2.44318
120.083,1510.0,3.18182
120.167,1535.0,2.44318
120.25,1582.0,2.38636
120.333,1565.0,3.01136
120.417,1549.0,3.125
120.5,1569.0,3.125
120.583,1492.0,1.98864
120.667,1379.0,2.67045
120.75,1401.0,3.01136
120.833,1506.0,2.61364
120.833,1497.0,2.89773
120.917,1459.0,2.89773
120.917,1408.0,1.30682
120.917,1363.0,1.30682
121.0,1459.0,1.30682
121.083,1578.0,2.84091
121.083,1595.0,2.84091
121.167,1608.0,1.30682
121.25,1751.0,3.23864
121.333,1825.0,2.84091
121.417,1794.0,2.32954
121.5,1639.0,2.89773
121.583,1564.0,2.78409
121.667,1541.0,2.78409
121.75,1522.0,3.06818
121.833,1471.0,3.06818
121.917,1502.0,2.72727
122.0,1524.0,2.84091
122.083,1523.0,2.72727
122.167,1499.0,2.61364
122.167,1385.0,2.89773
122.25,1367.0,2.89773
122.25,1442.0,1.30682
122.25,1428.0,1.30682
122.333,1428.0,1.30682
122.333,1452.0,0.909091
122.333,1526.0,0.909091
122.417,1530.0,1.30682
122.5,1541.0,2.89773
122.583,1523.0,2.84091
122.667,1489.0,2.32954
122.75,1508.0,3.29545
122.833,1451.0,2.89773
122.917,1439.0,3.01136
123.0,1519.0,2.61364
123.083,1544.0,2.67045
123.167,1543.0,2.55682
123.25,1554.0,2.61364
123.333,1531.0,2.84091
123.417,1527.0,2.95454
123.5,1545.0,2.67045
123.583,1534.0,2.89773
123.583,1517.0,2.89773
123.583,1534.0,2.89773
123.667,1500.0,2.89773
123.75,1467.0,0.852273
123.75,1406.0,2.84091
123.833,1332.0,2.84091
123.833,1323.0,1.25
123.917,1385.0,1.25
124.0,1385.0,1.42045
124.083,1290.0,2.95454
124.083,1273.0,2.67045
124.167,1324.0,2.72727
124.25,1390.0,2.78409
124.333,1402.0,2.95454
124.417,1301.0,2.27273
124.5,1351.0,3.46591
124.5,1424.0,3.46591
124.583,1418.0,1.36364
124.583,1306.0,1.36364
124.667,1207.0,1.36364
124.75,1236.0,3.06818
124.75,1295.0,3.06818
124.833,1296.0,1.42045
124.833,1248.0,1.42045
124.833,1248.0,1.42045
124.833,1206.0,1.42045
124.833,1256.0,1.42045
124.833,1474.0,1.42045
124.917,1463.0,1.42045
124.917,1356.0,0.454545
125.0,1385.0,0.454545
125.0,1405.0,1.30682
125.0,1413.0,1.30682
125.0,1402.0,1.30682
125.083,1436.0,0.909091
125.167,1480.0,2.67045
125.25,1508.0,3.06818
125.25,1506.0,3.06818
125.25,1472.0,3.06818
125.25,1506.0,3.06818
125.25,1517.0,3.06818
125.25,1507.0,3.06818
125.333,1511.0,3.06818
125.417,1510.0,0.454545
125.5,1487.0,2.84091
125.583,1450.0,2.89773
125.583,1515.0,2.89773
125.583,1566.0,2.89773
125.667,1542.0,2.89773
125.667,1489.0,0.852273
125.833,1367.0,2.38636
125.833,1329.0,3.06818
125.833,1338.0,3.06818
125.833,1390.0,3.06818
125.917,1388.0,0.852273
126.0,1300.0,2.55682
126.083,1301.0,2.72727
126.167,1304.0,2.72727
126.25,1275.0,2.21591
126.333,1258.0,2.67045
126.417,1210.0,2.95454
126.5,1248.0,3.06818
126.5,1336.0,2.5
126.583,1338.0,2.5
126.667,1320.0,1.30682
126.667,1277.0,2.95454
126.75,1270.0,2.38636
126.833,1270.0,2.72727
126.917,1346.0,2.95454
127.0,1572.0,2.5
127.083,1574.0,2.27273
127.167,1558.0,2.84091
127.167,1572.0,2.84091
127.167,1529.0,2.84091
127.25,1410.0,2.84091
127.25,1277.0,0.852273
127.25,1187.0,0.852273
127.25,1249.0,0.852273
127.25,1367.0,0.852273
127.333,1373.0,0.625
127.333,1354.0,0.625
127.417,1337.0,1.42045
127.5,1457.0,1.42045
127.583,1503.0,2.32954
127.667,1484.0,2.95454
127.75,1480.0,2.89773
127.833,1456.0,2.21591
127.917,1568.0,2.95454
128.0,1578.0,2.67045
128.0,1538.0,2.5
128.083,1456.0,2.21591
128.167,1362.0,2.61364
128.25,1422.0,3.125
128.333,1421.0,2.44318
128.333,1446.0,2.44318
128.417,1490.0,2.44318
128.5,1516.0,1.25
128.5,1507.0,2.55682
128.583,1493.0,2.55682
128.583,1448.0,1.25
128.667,1375.0,2.67045
128.75,1437.0,2.5
128.75,1528.0,2.5
128.833,1545.0,1.25
128.917,1488.0,2.72727
129.0,1488.0,2.72727
129.083,1487.0,2.44318
129.167,1489.0,2.67045
129.25,1442.0,2.55682
129.25,1403.0,2.67045
129.25,1403.0,2.67045
129.25,1405.0,2.67045
129.333,1438.0,0.795454
129.417,1465.0,0.795454
129.5,1435.0,3.52273
129.583,1411.0,3.52273
129.667,1407.0,2.32954
129.667,1415.0,2.38636
129.75,1420.0,2.38636
129.75,1260.0,1.36364
129.833,1193.0,2.32954
129.833,1291.0,2.32954
129.833,1333.0,2.32954
129.833,1372.0,2.32954
129.917,1329.0,2.32954
130.0,1393.0,0.625
130.0,1444.0,2.55682
130.0,1442.0,2.55682
130.083,1327.0,1.19318
130.167,1310.0,2.61364
130.25,1363.0,2.61364
130.333,1436.0,2.27273
130.417,1451.0,2.44318
130.417,1415.0,2.78409
130.5,1401.0,2.04545
130.583,1435.0,2.61364
130.583,1475.0,2.61364
130.667,1460.0,2.61364
130.667,1426.0,1.19318
130.75,1424.0,1.19318
130.833,1418.0,1.30682
130.833,1359.0,2.38636
130.917,1287.0,2.5
131.0,1228.0,2.10227
131.0,1266.0,2.10227
131.083,1481.0,2.10227
131.083,1560.0,1.19318
131.167,1546.0,2.21591
131.167,1463.0,2.21591
131.25,1414.0,2.21591
131.333,1488.0,1.13636
131.333,1549.0,2.27273
131.417,1549.0,2.21591
131.5,1576.0,2.04545
131.583,1530.0,2.78409
131.667,1539.0,2.78409
131.667,1554.0,2.21591
131.75,1559.0,1.875
131.833,1502.0,2.84091
131.917,1444.0,2.84091
131.917,1415.0,1.93182
132.0,1407.0,2.15909
132.083,1400.0,2.61364
132.167,1389.0,2.15909
132.25,1387.0,2.15909
132.25,1406.0,2.04545
132.333,1460.0,2.27273
132.417,1417.0,2.10227
132.5,1349.0,2.10227
132.5,1408.0,2.04545
132.5,1441.0,2.04545
132.583,1511.0,1.19318
132.583,1465.0,1.19318
132.583,1418.0,1.19318
132.583,1469.0,1.19318
132.667,1506.0,0.681818
132.667,1378.0,0.681818
132.667,1261.0,0.681818
132.75,1260.0,0.965909
132.75,1303.0,0.965909
132.833,1351.0,0.965909
132.833,1413.0,1.07955
132.917,1393.0,2.10227
133.0,1415.0,2.15909
133.0,1499.0,2.15909
133.083,1587.0,1.64773
133.167,1601.0,2.15909
133.25,1541.0,2.15909
133.333,1474.0,2.55682
133.333,1514.0,2.32954
133.417,1557.0,1.76136
133.5,1563.0,1.76136
133.5,1563.0,2.21591
133.583,1505.0,1.93182
133.667,1373.0,1.93182
133.667,1373.0,1.81818
133.75,1333.0,1.875
133.833,1324.0,2.44318
133.833,1338.0,2.44318
133.917,1422.0,1.64773
134.0,1453.0,2.10227
134.083,1504.0,2.10227
134.083,1534.0,1.98864
134.083,1569.0,1.98864
134.083,1629.0,1.98864
134.167,1693.0,0.852273
134.25,1659.0,0.852273
134.25,1659.0,1.98864
134.333,1563.0,1.70455
134.333,1578.0,1.70455
134.333,1548.0,1.70455
134.333,1510.0,1.70455
134.417,1538.0,1.70455
134.417,1510.0,0.625
134.5,1517.0,0.625
134.5,1496.0,1.76136
134.583,1553.0,1.64773
134.583,1541.0,1.64773
134.583,1521.0,1.64773
134.667,1557.0,1.64773
134.667,1610.0,0.909091
134.75,1600.0,1.81818
134.833,1616.0,1.81818
134.833,1664.0,1.76136
134.917,1809.0,1.64773
134.917,1864.0,1.64773
135.0,1647.0,1.64773
135.083,1574.0,1.64773
135.083,1603.0,1.76136
135.167,1638.0,1.76136
135.167,1534.0,1.64773
135.25,1383.0,1.93182
135.333,1314.0,1.93182
135.333,1321.0,1.53409
135.417,1353.0,1.81818
135.417,1369.0,1.81818
135.5,1328.0,1.59091
135.583,1317.0,1.59091
135.583,1317.0,1.70455
135.667,1402.0,1.70455
135.667,1636.0,1.42045
135.75,1683.0,1.875
135.75,1624.0,1.875
135.833,1540.0,1.47727
135.833,1567.0,1.47727
135.917,1588.0,1.53409
135.917,1561.0,1.53409
136.0,1556.0,1.47727
136.0,1525.0,1.47727
136.083,1507.0,1.53409
136.167,1550.0,1.53409
136.167,1551.0,1.53409
136.25,1556.0,1.53409
136.25,1578.0,1.53409
136.333,1629.0,1.64773
136.333,1642.0,1.64773
136.417,1578.0,1.59091
136.417,1561.0,1.59091
136.5,1565.0,1.47727
136.5,1524.0,1.47727
136.583,1543.0,1.42045
136.667,1525.0,1.42045
136.667,1445.0,1.70455
136.75,1443.0,1.70455
136.75,1452.0,1.47727
136.833,1474.0,1.47727
136.833,1443.0,1.42045
136.917,1475.0,1.42045
136.917,1553.0,1.42045
137.0,1576.0,1.42045
137.0,1505.0,1.42045
137.083,1506.0,1.42045
137.083,1617.0,1.59091
137.167,1666.0,1.42045
137.167,1657.0,1.42045
137.167,1683.0,1.42045
137.167,1618.0,1.42045
137.25,1617.0,0.738636
137.25,1535.0,0.738636
137.333,1472.0,0.738636
137.333,1472.0,1.42045
137.417,1410.0,1.42045
137.417,1378.0,1.36364
137.5,1391.0,1.36364
137.5,1407.0,1.25
137.583,1407.0,1.25
137.583,1390.0,1.36364
137.583,1325.0,1.36364
137.667,1311.0,1.25
137.667,1408.0,1.25
137.75,1392.0,1.25
137.75,1391.0,1.25
137.833,1391.0,1.25
137.833,1391.0,1.19318
137.833,1445.0,1.19318
137.917,1447.0,1.19318
137.917,1385.0,1.19318
138.0,1346.0,1.19318
138.0,1346.0,1.19318
138.0,1439.0,1.19318
138.083,1484.0,1.19318
138.083,1439.0,1.19318
138.167,1419.0,1.19318
138.167,1475.0,1.19318
138.25,1463.0,1.19318
138.25,1440.0,1.19318
138.25,1440.0,1.19318
138.333,1415.0,1.19318
138.333,1407.0,1.19318
138.417,1457.0,1.19318
138.417,1560.0,1.07955
138.5,1478.0,1.07955
138.5,1542.0,1.25
138.5,1619.0,1.25
138.583,1570.0,1.13636
138.583,1438.0,1.13636
138.667,1450.0,1.13636
138.667,1466.0,1.13636
138.667,1472.0,1.13636
138.75,1483.0,1.13636
138.75,1505.0,1.13636
138.833,1495.0,1.13636
138.833,1521.0,1.25
138.833,1521.0,1.25
138.917,1599.0,1.19318
138.917,1581.0,1.19318
139.0,1517.0,1.19318
139.0,1501.0,1.19318
139.083,1518.0,1.19318
139.083,1500.0,1.25
139.083,1434.0,1.25
139.167,1452.0,1.13636
139.167,1503.0,1.13636
139.25,1521.0,1.13636
139.25,1524.0,1.19318
139.25,1481.0,1.19318
139.333,1365.0,1.19318
139.333,1324.0,1.19318
139.417,1323.0,1.19318
139.417,1293.0,1.19318
139.5,1291.0,1.19318
139.5,1333.0,1.25
139.5,1393.0,1.25
139.583,1432.0,1.07955
139.583,1416.0,1.07955
139.583,1394.0,1.07955
139.667,1342.0,1.02273
139.667,1308.0,1.02273
139.75,1315.0,1.36364
139.75,1332.0,1.36364
139.833,1352.0,1.36364
139.833,1450.0,1.19318
139.833,1617.0,1.19318
139.917,1565.0,1.13636
139.917,1468.0,1.13636
140.0,1407.0,1.25
140.0,1380.0,1.25
140.083,1362.0,1.25
140.083,1343.0,1.13636
140.083,1348.0,1.13636
140.167,1359.0,1.19318
140.167,1407.0,1.19318
140.25,1408.0,1.19318
140.25,1429.0,1.13636
140.25,1421.0,1.13636
140.333,1387.0,1.13636
140.333,1387.0,1.13636
140.417,1406.0,1.13636
140.417,1425.0,1.19318
140.417,1432.0,1.19318
140.5,1397.0,1.02273
140.5,1390.0,1.02273
140.583,1399.0,1.02273
140.583,1397.0,1.13636
140.583,1380.0,1.13636
140.667,1349.0,1.07955
140.667,1348.0,1.07955
140.667,1348.0,1.07955
140.75,1362.0,1.02273
140.75,1347.0,1.02273
140.833,1304.0,1.02273
140.833,1226.0,1.02273
140.833,1238.0,1.02273
140.917,1296.0,1.02273
140.917,1306.0,1.02273
140.917,1358.0,1.02273
141.0,1421.0,1.02273
141.0,1428.0,1.02273
141.0,1355.0,1.02273
141.083,1311.0,0.965909
141.083,1237.0,0.965909
141.083,1238.0,0.965909
141.167,1175.0,0.909091
141.167,1181.0,0.909091
141.167,1184.0,0.909091
141.25,1196.0,0.909091
141.25,1234.0,0.852273
141.25,1228.0,0.852273
141.333,1196.0,0.852273
141.333,1206.0,0.852273
141.333,1243.0,0.852273
141.333,1257.0,0.852273
141.417,1246.0,0.852273
141.417,1210.0,0.852273
141.417,1202.0,0.852273
141.417,1214.0,0.852273
141.5,1186.0,0.738636
141.5,1156.0,0.738636
141.5,1156.0,0.738636
141.583,1182.0,0.852273
141.583,1257.0,0.852273
141.583,1299.0,0.852273
141.667,1333.0,0.852273
141.667,1370.0,0.795454
141.667,1341.0,0.795454
141.667,1301.0,0.795454
141.75,1303.0,0.795454
141.75,1298.0,0.795454
141.75,1311.0,0.795454
141.75,1329.0,0.795454
141.833,1336.0,0.738636
141.833,1335.0,0.738636
141.833,1321.0,0.738636
141.833,1287.0,0.738636
141.917,1209.0,0.738636
141.917,1217.0,0.738636
141.917,1180.0,0.738636
141.917,1202.0,0.738636
142.0,1299.0,0.738636
142.0,1282.0,0.738636
142.0,1276.0,0.738636
142.0,1308.0,0.738636
142.0,1334.0,0.738636
142.083,1328.0,0.568182
142.083,1362.0,0.568182
142.083,1367.0,0.568182
142.083,1347.0,0.568182
142.083,1346.0,0.568182
142.167,1348.0,0.568182
142.167,1285.0,0.511364
142.167,1270.0,0.511364
142.167,1269.0,0.511364
142.167,1266.0,0.511364
142.167,1319.0,0.511364
142.25,1375.0,0.511364
142.25,1367.0,0.454545
142.25,1393.0,0.454545
142.25,1393.0,0.454545
142.25,1362.0,0.454545
142.25,1331.0,0.454545
142.25,1352.0,0.454545
142.25,1352.0,0.454545
142.333,1416.0,0.397727
142.333,1419.0,0.397727
142.333,1452.0,0.397727
142.333,1498.0,0.397727
142.333,1441.0,0.397727
142.333,1340.0,0.397727
142.333,1269.0,0.397727
142.333,1211.0,0.397727
142.333,1220.0,0.397727
142.417,1366.0,0.397727
142.417,1367.0,0.284091
142.417,1366.0,0.284091
142.417,1421.0,0.284091
142.417,1575.0,0.284091
142.417,1604.0,0.284091
142.417,1477.0,0.284091
142.417,1415.0,0.284091
142.417,1562.0,0.284091
142.417,1525.0,0.284091
142.417,1465.0,0.284091
142.417,1473.0,0.284091
142.417,1379.0,0.284091
142.5,1354.0,0.284091
142.5,1379.0,0.227273
142.5,1379.0,0.227273
142.5,1355.0,0.227273
142.5,1371.0,0.227273
142.5,1435.0,0.227273
142.5,1500.0,0.227273
142.5,1421.0,0.227273
142.5,1391.0,0.227273
142.5,1448.0,0.227273
142.5,1439.0,0.227273
142.5,1448.0,0.227273
142.5,1413.0,0.227273
142.5,1417.0,0.227273
142.5,1533.0,0.227273
142.5,1599.0,0.227273
142.5,1583.0,0.227273
142.5,1404.0,0.227273
142.5,1377.0,0.227273
142.5,1430.0,0.227273
142.5,1430.0,0.227273
142.5,1548.0,0.227273
142.5,1617.0,0.227273
142.5,1617.0,0.227273
142.5,1635.0,0.227273
142.5,1691.0,0.227273
142.5,1717.0,0.227273
142.5,1559.0,0.227273
142.5,1503.0,0.227273
142.5,1490.0,0.227273
142.5,1489.0,0.227273
142.5,1478.0,0.227273
142.5,1450.0,0.227273
142.5,1407.0,0.227273
142.5,1344.0,0.227273
142.5,1350.0,0.227273
142.5,1389.0,0.227273
142.5,1362.0,0.227273
142.5,1309.0,0.227273
142.5,1362.0,0.227273
142.5,1410.0,0.227273
142.5,1314.0,0.227273
142.5,1224.0,0.227273
142.5,1171.0,0.227273
142.5,1005.0,0.227273
142.5,479.0,0.227273
142.5,197.0,0.227273
142.5,48.0,0.227273
142.5,0.0,0.227273
142.5,0.0,0.227273
142.5,0.0,0.227273
142.5,0.0,0.227273
142.5,0.0,0.227273
142.5,0.0,0.227273
142.5,0.0,0.227273
142.5,0.0,0.227273
142.5,0.0,0.227273
142.5,0.0,0.227273
142.5,0.0,0.227273
142.5,26.0,0.227273
142.5,62.0,0.227273
142.5,40.0,0.227273
142.5,40.0,0.227273
142.5,0.0,0.227273
142.5,0.0,0.227273
142.5,0.0,0.0
142.5,0.0,0.0
142.5,0.0,0.0
142.5,0.0,0.0
142.5,0.0,0.0
142.5,0.0,0.0
142.5,0.0,0.0
142.5,0.0,0.0
142.5,0.0,0.0
142.5,0.0,0.0
142.5,0.0,0.0
142.5,0.0,0.0
142.5,0.0,0.0
142.5,0.0,0.0
142.5,0.0,0.0
142.5,0.0,0.0
142.5,0.0,0.0
142.5,0.0,0.0
142.5,0.0,0.0
142.5,0.0,0.0
142.5,0.0,0.0
142.5,0.0,0.0
142.5,0.0,0.0
142.5,0.0,0.0
142.5,0.0,0.0
142.5,0.0,0.0
142.5,0.0,0.0
142.5,0.0,0.0
142.5,0.0,0.0
142.5,0.0,0.0
142.5,0.0,0.0
142.5,0.0,0.0
142.5,0.0,0.0
142.5,0.0,0.0
142.5,0.0,0.0
142.5,0.0,0.0
142.5,0.0,0.0
142.5,0.0,0.0
142.5,0.0,0.0
142.5,0.0,0.0
142.5,0.0,0.0
142.5,0.0,0.0
142.5,0.0,0.0
142.5,0.0,0.0
142.5,0.0,0.0
142.5,0.0,0.0
142.5,0.0,0.0
142.5,0.0,0.0
142.5,0.0,0.0
142.5,0.0,0.0
142.5,0.0,0.0
142.5,0.0,0.0
142.5,0.0,0.0
142.5,0.0,0.0
142.5,0.0,0.0
142.5,0.0,0.0
142.5,0.0,0.0
142.5,0.0,0.0
142.5,0.0,0.0
142.5,0.0,0.0
142.5,0.0,0.0
142.5,0.0,0.0
142.5,0.0,0.0
142.5,0.0,0.0
142.5,0.0,0.0
142.5,0.0,0.0
142.5,0.0,0.0
142.5,0.0,0.0
142.5,0.0,0.0
142.5,0.0,0.0
142.5,0.0,0.0
142.5,0.0,0.0
142.5,0.0,0.0
142.5,0.0,0.0
142.5,0.0,0.0
142.5,0.0,0.0
142.5,0.0,0.0
142.5,0.0,0.0
142.5,0.0,0.0
142.5,0.0,0.0
142.5,0.0,0.0
142.5,0.0,0.0
142.5,0.0,0.0
142.5,0.0,0.0
142.5,0.0,0.0
142.5,0.0,0.0
142.5,0.0,0.0
142.5,0.0,0.0
142.5,0.0,0.0
142.5,0.0,0.0
142.5,0.0,0.0
142.5,0.0,0.0
142.5,0.0,0.0
142.5,0.0,0.0
142.5,0.0,0.0
142.5,0.0,0.0
142.5,0.0,0.0
142.5,0.0,0.0
142.5,0.0,0.0
142.5,0.0,0.0
142.5,0.0,0.0
142.5,0.0,0.0
142.5,0.0,0.0
142.5,0.0,0.0
142.5,0.0,0.0
142.5,0.0,0.0
142.5,0.0,0.0
142.5,0.0,0.0
142.5,0.0,0.0
142.5,0.0,0.0
142.5,0.0,0.0
142.5,0.0,0.0
142.5,0.0,0.0
142.5,0.0,0.0
142.5,0.0,0.0
142.5,0.0,0.0
142.5,0.0,0.0
142.5,0.0,0.0
142.5,0.0,0.0
142.5,0.0,0.0
142.5,0.0,0.0
142.5,0.0,0.0
142.5,0.0,0.0
142.5,0.0,0.0
142.5,0.0,0.0
142.5,0.0,0.0
142.5,0.0,0.0
142.5,0.0,0.0
142.5,0.0,0.0
142.5,0.0,0.0
142.5,0.0,0.0
142.5,0.0,0.0
142.5,0.0,0.0
142.5,0.0,0.0
142.5,0.0,0.0
142.5,0.0,0.0
142.5,0.0,0.0
142.5,0.0,0.0
142.5,0.0,0.0
142.5,0.0,0.0
142.5,0.0,0.0
142.5,0.0,0.0
142.5,0.0,0.0
142.5,0.0,0.0
142.5,0.0,0.0
142.5,0.0,0.0
142.5,0.0,0.0
142.5,0.0,0.0
142.5,0.0,0.0
142.5,0.0,0.0
142.5,0.0,0.0
142.5,0.0,0.0
142.5,0.0,0.0
142.5,0.0,0.0
142.5,0.0,0.0
142.5,0.0,0.0
142.5,0.0,0.0
142.5,0.0,0.0
142.5,0.0,0.0
142.5,0.0,0.0
142.5,0.0,0.0
142.5,0.0,0.0
142.5,0.0,0.0
142.5,0.0,0.0
142.5,0.0,0.0
142.5,0.0,0.0
142.5,0.0,0.0
142.5,0.0,0.0
142.5,0.0,0.0
142.5,0.0,0.0
142.5,0.0,0.0
142.5,0.0,0.0
142.5,0.0,0.0
142.5,0.0,0.0
142.5,0.0,0.0
142.5,0.0,0.0
142.5,0.0,0.0
142.5,0.0,0.0
142.5,0.0,0.0
142.5,0.0,0.0
142.5,0.0,0.0
142.5,0.0,0.0
142.5,0.0,0.0
142.5,0.0,0.0
142.5,0.0,0.0
142.5,0.0,0.0
142.5,0.0,0.0
142.5,0.0,0.0
142.5,0.0,0.0
142.5,0.0,0.0
142.5,0.0,0.0
142.5,0.0,0.0
142.5,0.0,0.0
142.5,0.0,0.0
142.5,0.0,0.0
142.5,0.0,0.0
142.5,0.0,0.0
142.5,0.0,0.0
142.5,0.0,0.0
142.5,0.0,0.0
142.5,0.0,0.0
142.5,0.0,0.0
142.5,0.0,0.0
142.5,0.0,0.0
142.5,0.0,0.0
142.5,0.0,0.0
142.5,0.0,0.0
142.5,0.0,0.0
142.5,0.0,0.0
142.5,0.0,0.0
142.5,0.0,0.0
142.5,0.0,0.0
142.5,0.0,0.0
142.5,0.0,0.0
142.5,0.0,0.0
142.5,0.0,0.0
142.5,0.0,0.0
142.5,0.0,0.0
142.5,0.0,0.0
142.5,0.0,0.0
142.5,0.0,0.0
142.5,0.0,0.0
142.5,0.0,0.0
142.5,0.0,0.0
142.5,0.0,0.0
142.5,0.0,0.0
142.5,0.0,0.0
142.5,0.0,0.0
142.5,0.0,0.0
142.5,0.0,0.0
142.5,0.0,0.0
142.5,0.0,0.0
142.5,0.0,0.0
142.5,0.0,0.0
142.5,0.0,0.0
142.5,0.0,0.0
142.5,0.0,0.0
142.5,0.0,0.0
142.5,0.0,0.0
142.5,0.0,0.0
142.5,0.0,0.0
142.5,0.0,0.0
142.5,0.0,0.0
142.5,0.0,0.0
142.5,0.0,0.0
142.5,0.0,0.0
142.5,0.0,0.0
142.5,0.0,0.0
142.5,0.0,0.0
142.5,0.0,0.0
142.5,0.0,0.0
142.5,0.0,0.0
142.5,0.0,0.0
142.5,0.0,0.0
142.5,0.0,0.0
142.5,0.0,0.0
142.5,0.0,0.0
142.5,0.0,0.0
142.5,0.0,0.0
142.5,0.0,0.0
142.5,0.0,0.0
142.5,0.0,0.0
142.5,0.0,0.0
142.5,0.0,0.0
142.5,0.0,0.0
142.5,0.0,0.0
142.5,0.0,0.0
142.5,0.0,0.0
142.5,0.0,0.0
142.5,0.0,0.0
142.5,0.0,0.0
142.5,0.0,0.0
142.5,0.0,0.0
142.5,0.0,0.0
142.5,0.0,0.0
142.5,0.0,0.0
142.5,0.0,0.0
142.5,0.0,0.0
142.5,0.0,0.0
142.5,0.0,0.0
142.5,0.0,0.0
142.5,0.0,0.0
142.5,0.0,0.0
142.5,0.0,0.0
142.5,0.0,0.0
142.5,0.0,0.0
142.5,0.0,0.0
142.5,0.0,0.0
142.5,0.0,0.0
142.5,0.0,0.0
142.5,0.0,0.0
142.5,0.0,0.0
142.5,0.0,0.0
142.5,0.0,0.0
142.5,0.0,0.0
142.5,0.0,0.0
142.5,0.0,0.0
142.5,0.0,0.0
142.5,0.0,0.0
142.5,0.0,0.0
142.5,0.0,0.0
142.5,0.0,0.0
142.5,0.0,0.0
142.5,0.0,0.0
142.5,0.0,0.0
142.5,0.0,0.0
142.5,0.0,0.0
142.5,0.0,0.0
142.5,0.0,0.0
142.5,0.0,0.0
142.5,0.0,0.0
142.5,0.0,0.0
142.5,0.0,0.0
142.5,0.0,0.0
142.5,0.0,0.0
142.5,0.0,0.0
142.5,0.0,0.0
142.5,0.0,0.0
142.5,0.0,0.0
142.5,0.0,0.0
142.5,0.0,0.0
142.5,0.0,0.0
142.5,0.0,0.0
142.5,0.0,0.0
142.5,0.0,0.0
142.5,0.0,0.0
142.5,0.0,0.0
142.5,0.0,0.0
142.5,0.0,0.0
142.5,0.0,0.0
142.5,0.0,0.0
142.5,0.0,0.0
142.5,0.0,0.0
142.5,0.0,0.0
142.5,0.0,0.0
142.5,0.0,0.0
142.5,0.0,0.0
142.5,0.0,0.0
142.5,0.0,0.0
142.5,0.0,0.0
142.5,0.0,0.0
142.5,0.0,0.0
142.5,0.0,0.0
142.5,0.0,0.0
142.5,0.0,0.0
142.5,0.0,0.0
142.5,0.0,0.0
142.5,0.0,0.0
142.5,0.0,0.0
142.5,0.0,0.0
142.5,0.0,0.0
142.5,0.0,0.0
142.5,0.0,0.0
142.5,0.0,0.0
142.5,0.0,0.0
142.5,0.0,0.0
142.5,0.0,0.0
142.5,0.0,0.0
142.5,0.0,0.0
142.5,0.0,0.0
142.5,0.0,0.0
142.5,0.0,0.0
142.5,0.0,0.0
142.5,0.0,0.0
142.5,0.0,0.0
142.5,0.0,0.0
142.5,0.0,0.0
142.5,0.0,0.0
142.5,0.0,0.0
142.5,0.0,0.0
142.5,0.0,0.0
142.5,0.0,0.0
142.5,0.0,0.0
142.5,0.0,0.0
142.5,0.0,0.0
142.5,0.0,0.0
142.5,0.0,0.0
142.5,0.0,0.0
142.5,0.0,0.0
142.5,0.0,0.0
142.5,0.0,0.0
142.5,0.0,0.0
142.5,0.0,0.0
142.5,0.0,0.0
142.5,0.0,0.0
142.5,0.0,0.0
142.5,0.0,0.0
142.5,0.0,0.0
142.5,0.0,0.0
142.5,0.0,0.0
142.5,0.0,0.0
142.5,0.0,0.0
142.5,0.0,0.0
142.5,0.0,0.0
142.5,0.0,0.0
142.5,0.0,0.0
142.5,0.0,0.0
142.5,0.0,0.0
142.5,0.0,0.0
142.5,0.0,0.0
142.5,0.0,0.0
142.5,0.0,0.0
142.5,0.0,0.0
142.5,0.0,0.0
142.5,0.0,0.0
142.5,0.0,0.0
142.5,0.0,0.0
142.5,0.0,0.0
142.5,0.0,0.0
142.5,0.0,0.0
142.5,0.0,0.0
142.5,0.0,0.0
142.5,0.0,0.0
142.5,0.0,0.0
142.5,0.0,0.0
142.5,0.0,0.0
142.5,0.0,0.0
142.5,0.0,0.0
142.5,0.0,0.0
142.5,0.0,0.0
142.5,0.0,0.0
142.5,0.0,0.0
142.5,0.0,0.0
142.5,0.0,0.0
142.5,0.0,0.0
142.5,0.0,0.0
142.5,0.0,0.0
142.5,0.0,0.0
142.5,0.0,0.0
142.5,0.0,0.0
142.5,0.0,0.0
142.5,0.0,0.0
142.5,0.0,0.0
142.5,0.0,0.0
142.5,0.0,0.0
142.5,0.0,0.0
142.5,0.0,0.0
142.5,0.0,0.0
142.5,0.0,0.0
142.5,0.0,0.0
142.5,0.0,0.0
142.5,0.0,0.0
142.5,0.0,0.0
142.5,0.0,0.0
142.5,0.0,0.0
142.5,0.0,0.0
142.5,0.0,0.0
142.5,0.0,0.0
142.5,0.0,0.0
142.5,0.0,0.0
142.5,0.0,0.0
142.5,0.0,0.0
142.5,0.0,0.0
142.5,0.0,0.0
142.5,0.0,0.0
142.5,0.0,0.0
142.5,0.0,0.0
142.5,0.0,0.0
142.5,0.0,0.0
142.5,0.0,0.0
142.5,0.0,0.0
142.5,0.0,0.0
142.5,0.0,0.0
142.5,0.0,0.0
142.5,0.0,0.0
142.5,0.0,0.0
142.5,0.0,0.0
142.5,0.0,0.0
142.5,0.0,0.0
142.5,0.0,0.0
142.5,0.0,0.0
142.5,0.0,0.0
142.5,0.0,0.0
142.5,0.0,0.0
142.5,0.0,0.0
142.5,0.0,0.0
142.5,0.0,0.0
142.5,0.0,0.0
142.5,0.0,0.0
142.5,0.0,0.0
142.5,0.0,0.0
142.5,0.0,0.0
142.5,0.0,0.0
142.5,0.0,0.0
142.5,0.0,0.0
142.5,0.0,0.0
142.5,0.0,0.0
142.5,0.0,0.0
142.5,0.0,0.0
142.5,0.0,0.0
142.5,0.0,0.0
142.5,0.0,0.0
142.5,0.0,0.0
142.5,0.0,0.0
142.5,0.0,0.0
142.5,0.0,0.0
142.5,0.0,0.0
142.5,0.0,0.0
142.5,0.0,0.0
142.5,0.0,0.0
142.5,0.0,0.0
142.5,0.0,0.0
142.5,0.0,0.0
142.5,0.0,0.0
142.5,0.0,0.0
142.5,0.0,0.0
142.5,0.0,0.0
142.5,0.0,0.0
142.5,0.0,0.0
142.5,0.0,0.0
142.5,0.0,0.0
142.5,0.0,0.0
142.5,0.0,0.0
142.5,0.0,0.0
142.5,0.0,0.0
142.5,0.0,0.0
142.5,0.0,0.0
142.5,0.0,0.0
142.5,0.0,0.0
142.5,0.0,0.0
142.5,0.0,0.0
142.5,0.0,0.0
142.5,0.0,0.0
142.5,0.0,0.0
142.5,0.0,0.0
142.5,0.0,0.0
142.5,0.0,0.0
142.5,0.0,0.0
142.5,0.0,0.0
142.5,0.0,0.0
142.5,0.0,0.0
142.5,0.0,0.0
142.5,0.0,0.0
142.5,0.0,0.0
142.5,0.0,0.0
142.5,0.0,0.0
142.5,0.0,0.0
142.5,0.0,0.0
142.5,0.0,0.0
142.5,0.0,0.0
142.5,0.0,0.0
142.5,0.0,0.0
142.5,0.0,0.0
142.5,0.0,0.0
142.5,0.0,0.0
142.5,0.0,0.0
142.5,0.0,0.0
142.5,0.0,0.0
142.5,0.0,0.0
142.5,0.0,0.0
142.5,0.0,0.0
142.5,0.0,0.0
142.5,0.0,0.0
142.5,0.0,0.0
142.5,0.0,0.0
142.5,0.0,0.0
142.5,0.0,0.0
142.5,0.0,0.0
142.5,0.0,0.0
142.5,0.0,0.0
142.5,0.0,0.0
142.5,0.0,0.0
142.5,0.0,0.0
142.5,0.0,0.0
142.5,0.0,0.0
142.5,0.0,0.0
142.5,0.0,0.0
142.5,0.0,0.0
142.5,0.0,0.0
142.5,0.0,0.0
142.5,0.0,0.0
142.5,0.0,0.0
142.5,0.0,0.0
142.5,0.0,0.0
142.5,0.0,0.0
142.5,0.0,0.0
142.5,0.0,0.0
142.5,0.0,0.0
142.5,0.0,0.0
142.5,0.0,0.0
142.5,0.0,0.0
142.5,0.0,0.0
142.5,0.0,0.0
142.5,0.0,0.0
142.5,0.0,0.0
142.5,0.0,0.0
142.5,0.0,0.0
142.5,0.0,0.0
142.5,0.0,0.0
142.5,0.0,0.0
142.5,0.0,0.0
142.5,0.0,0.0
142.5,0.0,0.0
142.5,0.0,0.0
142.5,0.0,0.0
142.5,0.0,0.0
142.5,0.0,0.0
142.5,0.0,0.0
142.5,0.0,0.0
142.5,0.0,0.0
142.5,0.0,0.0
142.5,0.0,0.0
142.5,0.0,0.0
142.5,0.0,0.0
142.5,0.0,0.0
142.5,0.0,0.0
142.5,0.0,0.0
142.5,0.0,0.0
142.5,0.0,0.0
142.5,0.0,0.0
142.5,0.0,0.0
142.5,0.0,0.0
142.5,0.0,0.0
142.5,0.0,0.0
142.5,0.0,0.0
142.5,0.0,0.0
142.5,0.0,0.0
142.5,0.0,0.0
142.5,0.0,0.0
142.5,0.0,0.0
142.5,0.0,0.0
142.5,0.0,0.0
142.5,0.0,0.0
142.5,0.0,0.0
142.5,0.0,0.0
142.5,0.0,0.0
142.5,0.0,0.0
142.5,0.0,0.0
142.5,0.0,0.0
142.5,0.0,0.0
142.5,0.0,0.0
142.5,0.0,0.0
142.5,0.0,0.0
142.5,0.0,0.0
142.5,0.0,0.0
142.5,0.0,0.0
142.5,0.0,0.0
142.5,0.0,0.0
142.5,0.0,0.0
142.5,0.0,0.0
142.5,0.0,0.0
142.5,0.0,0.0
142.5,0.0,0.0
142.5,0.0,0.0
142.5,0.0,0.0
142.5,0.0,0.0
142.5,0.0,0.0
142.5,0.0,0.0
142.5,0.0,0.0
142.5,0.0,0.0
142.5,0.0,0.0
142.5,0.0,0.0
142.5,0.0,0.0
142.5,0.0,0.0
142.5,0.0,0.0
142.5,0.0,0.0
142.5,0.0,0.0
142.5,0.0,0.0
142.5,0.0,0.0
142.5,0.0,0.0
142.5,0.0,0.0
142.5,0.0,0.0
142.5,0.0,0.0
142.5,0.0,0.0
142.5,0.0,0.0
142.5,0.0,0.0
142.5,0.0,0.0
142.5,0.0,0.0
142.5,0.0,0.0
142.5,0.0,0.0
142.5,0.0,0.0
142.5,0.0,0.0
142.5,0.0,0.0
142.5,0.0,0.0
142.5,0.0,0.0
142.5,0.0,0.0
142.5,0.0,0.0
142.5,0.0,0.0
142.5,0.0,0.0
142.5,0.0,0.0
142.5,0.0,0.0
142.5,0.0,0.0
142.5,0.0,0.0
142.5,0.0,0.0
142.5,0.0,0.0
142.5,0.0,0.0
142.5,0.0,0.0
142.5,0.0,0.0
142.5,0.0,0.0
142.5,0.0,0.0
142.5,0.0,0.0
0.0,0.0,0.0
0.0,0.0,0.0
0.0,0.0,0.0
0.0,0.0,0.0
0.0,0.0,0.0
0.0,0.0,0.0
0.0,0.0,0.0
0.0,0.0,0.0
0.0,0.0,0.0
0.0,0.0,0.0
0.0,0.0,0.0
0.0,0.0,0.0
0.0,0.0,0.0
0.0,0.0,0.0
0.0,0.0,0.0
0.0,0.0,0.0
0.0,0.0,0.0
0.0,0.0,0.0
0.0,0.0,0.0
0.0,0.0,0.0
0.0,0.0,0.0
0.0,0.0,0.0
0.0,0.0,0.0
0.0,0.0,0.0
0.0,0.0,0.0
0.0,0.0,0.0
0.0,0.0,0.0
0.0,0.0,0.0
0.0,0.0,0.0
0.0,0.0,0.0
0.0,0.0,0.0
0.0,0.0,0.0
0.0,0.0,0.0
0.0,0.0,0.0
0.0,0.0,0.0
0.0,0.0,0.0
0.0,0.0,0.0
0.0,0.0,0.0
0.0,0.0,0.0
0.0,0.0,0.0
0.0,0.0,0.0
0.0,0.0,0.0
0.0,0.0,0.0
0.0,0.0,0.0
0.0,0.0,0.0
0.0,0.0,0.0
0.0,0.0,0.0
0.0,0.0,0.0
0.0,0.0,0.0
0.0,0.0,0.0
0.0,0.0,0.0
0.0,0.0,0.0
0.0,0.0,0.0
0.0,0.0,0.0
0.0,0.0,0.0
0.0,0.0,0.0
0.0,0.0,0.0
0.0,0.0,0.0
0.0,0.0,0.0
0.0,0.0,0.0
0.0,0.0,0.0
0.0,0.0,0.0
0.0,0.0,0.0
0.0,0.0,0.0
0.0,0.0,0.0
0.0,0.0,0.0
0.0,0.0,0.0
0.0,0.0,0.0
0.0,0.0,0.0
0.0,0.0,0.0
0.0,0.0,0.0
0.0,0.0,0.0
0.0,0.0,0.0
0.0,0.0,0.0
0.0,0.0,0.0
0.0,0.0,0.0
0.0,0.0,0.0
0.0,0.0,0.0
0.0,0.0,0.0
0.0,0.0,0.0
0.0,0.0,0.0
0.0,0.0,0.0
0.0,0.0,0.0
0.0,0.0,0.0
0.0,0.0,0.0
0.0,0.0,0.0
0.0,0.0,0.0
0.0,0.0,0.0
0.0,0.0,0.0
0.0,0.0,0.0
0.0,0.0,0.0
0.0,0.0,0.0
0.0,0.0,0.0
0.0,0.0,0.0
0.0,0.0,0.0
0.0,0.0,0.0
0.0,0.0,0.0
0.0,0.0,0.0
0.0,0.0,0.0
0.0,0.0,0.0
0.0,0.0,0.0
0.0,0.0,0.0
0.0,0.0,0.0
0.0,0.0,0.0
0.0,0.0,0.0
0.0,0.0,0.0
0.0,0.0,0.0
0.0,0.0,0.0
0.0,0.0,0.0
0.0,0.0,0.0
0.0,0.0,0.0
0.0,0.0,0.0
0.0,0.0,0.0
0.0,0.0,0.0
0.0,0.0,0.0
0.0,0.0,0.0
0.0,0.0,0.0
0.0,0.0,0.0
0.0,0.0,0.0
0.0,0.0,0.0
0.0,0.0,0.0
0.0,0.0,0.0
0.0,0.0,0.0
0.0,0.0,0.0
0.0,0.0,0.0
0.0,0.0,0.0
0.0,0.0,0.0
0.0,0.0,0.0
0.0,0.0,0.0
0.0,0.0,0.0
0.0,0.0,0.0
0.0,0.0,0.0
0.0,0.0,0.0
0.0,0.0,0.0
0.0,0.0,0.0
0.0,0.0,0.0
0.0,0.0,0.0
0.0,0.0,0.0
0.0,0.0,0.0
0.0,0.0,0.0
0.0,0.0,0.0
0.0,0.0,0.0
0.0,0.0,0.0
0.0,0.0,0.0
0.0,0.0,0.0
0.0,0.0,0.0
0.0,0.0,0.0
0.0,0.0,0.0
0.0,0.0,0.0
0.0,0.0,0.0
0.0,0.0,0.0
0.0,0.0,0.0
0.0,0.0,0.0
0.0,0.0,0.0
0.0,0.0,0.0
0.0,0.0,0.0
0.0,0.0,0.0
0.0,0.0,0.0
0.0,0.0,0.0
0.0,0.0,0.0
0.0,0.0,0.0
0.0,0.0,0.0
0.0,0.0,0.0
0.0,0.0,0.0
0.0,0.0,0.0
0.0,0.0,0.0
0.0,0.0,0.0
0.0,0.0,0.0
0.0,0.0,0.0
0.0,0.0,0.0
0.0,0.0,0.0
0.0,0.0,0.0
0.0,0.0,0.0
0.0,0.0,0.0
0.0,0.0,0.0
0.0,0.0,0.0
0.0,0.0,0.0
0.0,0.0,0.0
0.0,0.0,0.0
0.0,0.0,0.0
0.0,0.0,0.0
0.0,0.0,0.0
0.0,0.0,0.0
0.0,0.0,0.0
0.0,0.0,0.0
0.0,0.0,0.0
0.0,0.0,0.0
0.0,0.0,0.0
0.0,0.0,0.0
0.0,0.0,0.0
0.0,0.0,0.0
0.0,0.0,0.0
0.0,0.0,0.0
0.0,0.0,0.0
0.0,0.0,0.0
0.0,0.0,0.0
0.0,0.0,0.0
0.0,0.0,0.0
0.0,0.0,0.0
0.0,0.0,0.0
0.0,0.0,0.0
0.0,0.0,0.0
0.0,0.0,0.0
0.0,0.0,0.0
0.0,0.0,0.0
0.0,0.0,0.0
0.0,0.0,0.0
0.0,0.0,0.0
0.0,0.0,0.0
0.0,0.0,0.0
0.0,0.0,0.0
0.0,0.0,0.0
0.0,0.0,0.0
0.0,0.0,0.0
0.0,0.0,0.0
0.0,0.0,0.0
0.0,0.0,0.0
0.0,0.0,0.0
0.0,0.0,0.0
0.0,0.0,0.0
0.0,0.0,0.0
0.0,0.0,0.0
0.0,0.0,0.0
0.0,0.0,0.0
0.0,0.0,0.0
0.0,0.0,0.0
0.0,0.0,0.0
0.0,0.0,0.0
0.0,0.0,0.0
0.0,0.0,0.0
0.0,0.0,0.0
0.0,0.0,0.0
0.0,0.0,0.0
0.0,0.0,0.0
0.0,0.0,0.0
0.0,0.0,0.0
0.0,0.0,0.0
0.0,0.0,0.0
0.0,0.0,0.0
0.0,0.0,0.0
0.0,0.0,0.0
0.0,0.0,0.0
0.0,0.0,0.0
0.0,0.0,0.0
0.0,0.0,0.0
0.0,0.0,0.0
0.0,0.0,0.0
0.0,0.0,0.0
0.0,0.0,0.0
0.0,0.0,0.0
0.0,0.0,0.0
0.0,0.0,0.0
0.0,0.0,0.0
