0.0833333,0.0,0.0
0.0833333,1.0,0.0
0.0833333,0.0,0.0
0.0833333,0.0,0.0
0.0833333,0.0,0.0
0.0833333,0.0,0.0
0.0833333,1.0,0.0
0.0833333,0.0,0.0
0.0833333,0.0,0.0
0.0833333,0.0,0.0
0.0833333,0.0,0.0
0.0833333,0.0,0.0
0.0833333,0.0,0.0
0.0833333,0.0,0.0
0.0833333,0.0,0.0
0.0833333,0.0,0.0
0.0833333,0.0,0.0
0.0833333,1.0,0.0
0.0833333,0.0,0.0
0.0833333,0.0,0.0
0.0833333,1.0,0.0
0.0833333,0.0,0.0
0.0833333,0.0,0.0
0.0833333,0.0,0.0
0.0833333,0.0,0.0
0.0833333,0.0,0.0
0.0833333,0.0,0.0
0.0833333,0.0,0.0
0.0833333,0.0,0.0
0.0833333,0.0,0.0
0.0833333,0.0,0.0
0.0833333,0.0,0.0
0.0833333,0.0,0.0
0.0833333,0.0,0.0
0.0833333,0.0,0.0
0.0833333,0.0,0.0
0.0833333,0.0,0.0
0.0833333,0.0,0.0
0.0833333,0.0,0.0
0.0833333,0.0,0.0
0.0833333,0.0,0.0
0.0833333,0.0,0.0
0.0833333,0.0,0.0
0.0833333,0.0,0.0
0.0833333,0.0,0.0
0.0833333,0.0,0.0
0.0833333,0.0,0.0
0.0833333,0.0,0.0
0.0833333,0.0,0.0
0.0833333,0.0,0.0
0.0833333,0.0,0.0
0.0833333,0.0,0.0
0.0833333,0.0,0.0
0.0833333,0.0,0.0
0.0833333,0.0,0.0
0.0833333,0.0,0.0
0.0833333,0.0,0.0
0.0833333,0.0,0.0
0.0833333,0.0,0.0
0.0833333,0.0,0.0
0.0833333,0.0,0.0
0.0833333,0.0,0.0
0.0833333,0.0,0.0
0.0833333,0.0,0.0
0.0833333,0.0,0.0
0.0833333,0.0,0.0
0.0833333,1.0,0.0
0.0833333,0.0,0.0
0.0833333,0.0,0.0
0.0833333,0.0,0.0
0.0833333,0.0,0.0
0.0833333,0.0,0.0
0.0833333,0.0,0.0
0.0833333,0.0,0.0
0.0833333,0.0,0.0
0.0833333,0.0,0.0
0.0833333,0.0,0.0
0.0833333,0.0,0.0
0.0833333,0.0,0.0
0.0833333,0.0,0.0
0.0833333,0.0,0.0
0.0833333,0.0,0.0
0.0833333,0.0,0.0
0.0833333,0.0,0.0
0.0833333,0.0,0.0
0.0833333,0.0,0.0
0.0833333,1.0,0.0
0.0833333,0.0,0.0
0.0833333,0.0,0.0
0.0833333,0.0,0.0
0.0833333,0.0,0.0
0.0833333,0.0,0.0
0.0833333,0.0,0.0
0.0833333,0.0,0.0
0.0833333,0.0,0.0
0.0833333,0.0,0.0
0.0833333,0.0,0.0
0.0833333,0.0,0.0
0.0833333,0.0,0.0
0.0833333,0.0,0.0
0.0833333,0.0,0.0
0.0833333,0.0,0.0
0.0833333,0.0,0.0
0.0833333,0.0,0.0
0.0833333,0.0,0.0
0.0833333,0.0,0.0
0.0833333,0.0,0.0
0.0833333,0.0,0.0
0.0833333,0.0,0.0
0.0833333,0.0,0.0
0.0833333,0.0,0.0
0.0833333,0.0,0.0
0.0833333,0.0,0.0
0.0833333,0.0,0.0
0.0833333,1.0,0.0
0.0833333,0.0,0.0
0.0833333,0.0,0.0
0.0833333,0.0,0.0
0.0833333,0.0,0.0
0.0833333,0.0,0.0
0.0833333,0.0,0.0
0.0833333,0.0,0.0
0.0833333,0.0,0.0
0.0833333,0.0,0.0
0.0833333,0.0,0.0
0.0833333,0.0,0.0
0.0833333,0.0,0.0
0.0833333,1.0,0.0
0.0833333,0.0,0.0
0.0833333,0.0,0.0
0.0833333,0.0,0.0
0.0833333,0.0,0.0
0.0833333,0.0,0.0
0.0833333,0.0,0.0
0.0833333,0.0,0.0
0.0833333,0.0,0.0
0.0833333,0.0,0.0
0.0833333,0.0,0.0
0.0833333,0.0,0.0
0.0833333,0.0,0.0
0.0833333,0.0,0.0
0.0833333,0.0,0.0
0.0833333,0.0,0.0
0.0833333,0.0,0.0
0.0833333,0.0,0.0
0.0833333,0.0,0.0
0.0833333,0.0,0.0
0.0833333,0.0,0.0
0.0833333,0.0,0.0
0.0833333,0.0,0.0
0.0833333,0.0,0.0
0.0833333,1.0,0.0
0.0833333,0.0,0.0
0.0833333,0.0,0.0
0.0833333,0.0,0.0
0.0833333,0.0,0.0
0.0833333,0.0,0.0
0.0833333,0.0,0.0
0.0833333,0.0,0.0
0.0833333,0.0,0.0
0.0833333,0.0,0.0
0.0833333,1.0,0.0
0.0833333,0.0,0.0
0.0833333,0.0,0.0
0.0833333,0.0,0.0
0.0833333,0.0,0.0
0.0833333,0.0,0.0
0.0833333,0.0,0.0
0.0833333,0.0,0.0
0.0833333,0.0,0.0
0.0833333,0.0,0.0
0.0833333,0.0,0.0
0.0833333,0.0,0.0
0.0833333,0.0,0.0
0.0833333,1.0,0.0
0.0833333,0.0,0.0
0.0833333,0.0,0.0
0.0833333,0.0,0.0
0.0833333,0.0,0.0
0.0833333,0.0,0.0
0.0833333,0.0,0.0
0.0833333,0.0,0.0
0.0833333,0.0,0.0
0.0833333,0.0,0.0
0.0833333,0.0,0.0
0.0833333,0.0,0.0
0.0833333,0.0,0.0
0.0833333,0.0,0.0
0.0833333,0.0,0.0
0.0833333,0.0,0.0
0.0833333,0.0,0.0
0.0833333,0.0,0.0
0.0833333,0.0,0.0
0.0833333,0.0,0.0
0.0833333,0.0,0.0
0.0833333,0.0,0.0
0.0833333,0.0,0.0
0.0833333,0.0,0.0
0.0833333,0.0,0.0
0.0833333,0.0,0.0
0.0833333,0.0,0.0
0.0833333,0.0,0.0
0.0833333,0.0,0.0
0.0833333,0.0,0.0
0.0833333,0.0,0.0
0.0833333,0.0,0.0
0.0833333,0.0,0.0
0.0833333,0.0,0.0
0.0833333,0.0,0.0
0.0833333,0.0,0.0
0.0833333,0.0,0.0
0.0833333,0.0,0.0
0.0833333,0.0,0.0
0.0833333,0.0,0.0
0.0833333,1.0,0.0
0.0833333,0.0,0.0
0.0833333,0.0,0.0
0.0833333,0.0,0.0
0.0833333,0.0,0.0
0.0833333,1.0,0.0
0.0833333,0.0,0.0
0.0833333,0.0,0.0
0.0833333,0.0,0.0
0.0833333,0.0,0.0
0.0833333,0.0,0.0
0.0833333,0.0,0.0
0.0833333,0.0,0.0
0.0833333,0.0,0.0
0.0833333,0.0,0.0
0.0833333,0.0,0.0
0.0833333,1.0,0.0
0.0833333,0.0,0.0
0.0833333,451.0,0.0
0.0833333,847.0,0.0
0.0833333,937.0,0.0
0.0833333,624.0,0.0
0.0833333,454.0,0.0
0.0833333,389.0,0.0
0.0833333,450.0,0.0
0.0833333,602.0,0.0
0.0833333,583.0,0.0
0.0833333,489.0,0.0
0.0833333,424.0,0.0
0.0833333,430.0,0.0
0.0833333,551.0,0.0
0.0833333,555.0,0.0
0.0833333,503.0,0.0
0.0833333,478.0,0.0
0.0833333,478.0,0.0
0.0833333,522.0,0.0
0.0833333,614.0,0.0
0.0833333,672.0,0.0
0.0833333,660.0,0.0
0.0833333,603.0,0.0
0.0833333,566.0,0.0
0.0833333,609.0,0.0
0.0833333,703.0,0.0
0.0833333,763.0,0.0
0.0833333,800.0,0.0
0.0833333,793.0,0.0
0.0833333,792.0,0.0
0.0833333,794.0,0.0
0.0833333,834.0,0.0
0.0833333,965.0,0.0
0.0833333,1043.0,0.0
0.0833333,1148.0,0.0
0.0833333,1323.0,0.0
0.0833333,1665.0,0.0
0.0833333,1778.0,0.0
0.0833333,1862.0,0.0
0.0833333,1908.0,0.0
0.166667,1863.0,0.0
0.166667,1695.0,0.0
0.166667,1555.0,0.0
0.166667,1554.0,0.0
0.166667,1652.0,0.0
0.166667,1785.0,0.0
0.166667,1783.0,0.0
0.25,1770.0,0.0
0.25,1733.0,0.397727
0.25,1692.0,0.397727
0.25,1717.0,0.397727
0.25,1722.0,0.397727
0.25,1733.0,0.397727
0.333333,1736.0,0.511364
0.333333,1754.0,0.511364
0.333333,1780.0,0.511364
0.333333,1805.0,0.511364
0.416667,1811.0,0.511364
0.416667,1870.0,0.625
0.416667,1951.0,0.625
0.416667,1951.0,0.625
0.5,2005.0,0.625
0.5,2036.0,0.738636
0.5,2054.0,0.738636
0.583333,2049.0,0.738636
0.583333,2023.0,0.852273
0.583333,2040.0,0.852273
0.666667,2181.0,0.852273
0.666667,2309.0,0.909091
0.666667,2224.0,0.909091
0.75,2107.0,0.909091
0.75,2061.0,0.965909
0.75,2172.0,0.965909
0.833333,2203.0,0.965909
0.833333,2152.0,0.909091
0.833333,2070.0,0.909091
0.916667,1939.0,0.909091
0.916667,1909.0,1.07955
0.916667,1962.0,1.07955
1.0,2093.0,1.07955
1.0,2176.0,1.07955
1.08333,2066.0,1.07955
1.08333,1988.0,1.19318
1.08333,2022.0,1.19318
1.16667,2070.0,1.13636
1.16667,2155.0,1.13636
1.25,2137.0,1.25
1.25,2044.0,1.25
1.33333,2007.0,1.30682
1.33333,2098.0,1.30682
1.41667,2121.0,1.30682
1.41667,2061.0,1.42045
1.5,1967.0,1.42045
1.5,1898.0,1.36364
1.58333,1943.0,1.36364
1.58333,1961.0,1.25
1.66667,1957.0,1.25
1.66667,1914.0,1.64773
1.75,1883.0,1.64773
1.75,1886.0,1.47727
1.83333,1868.0,1.64773
1.83333,1817.0,1.64773
1.91667,1829.0,1.53409
2.0,1829.0,1.53409
2.0,1847.0,1.76136
2.08333,1736.0,1.81818
2.16667,1589.0,1.81818
2.16667,1516.0,1.81818
2.16667,1367.0,1.81818
2.25,1038.0,1.30682
2.33333,625.0,2.15909
2.33333,298.0,2.15909
2.41667,95.0,1.64773
2.5,0.0,1.64773
2.5,1.0,1.53409
2.58333,0.0,1.53409
2.58333,0.0,1.64773
2.66667,185.0,1.76136
2.66667,535.0,1.76136
2.66667,796.0,1.76136
2.66667,742.0,1.76136
2.66667,534.0,1.76136
2.75,385.0,0.568182
2.83333,293.0,0.568182
2.83333,386.0,1.875
2.83333,786.0,1.875
2.83333,1294.0,1.875
2.83333,1538.0,1.875
2.91667,1539.0,1.875
2.91667,1858.0,0.568182
3.0,1802.0,1.875
3.08333,1784.0,1.875
3.16667,1855.0,2.21591
3.16667,1943.0,2.04545
3.25,1972.0,2.21591
3.33333,2029.0,2.21591
3.41667,2080.0,2.10227
3.41667,2064.0,2.61364
3.41667,2020.0,2.61364
3.5,1811.0,1.19318
3.58333,1774.0,2.32954
3.66667,1792.0,2.32954
3.66667,1791.0,2.27273
3.75,1926.0,2.27273
3.75,1958.0,1.25
3.83333,1958.0,2.27273
3.91667,1947.0,2.61364
4.0,1867.0,2.21591
4.08333,1758.0,2.78409
4.16667,1719.0,2.78409
4.25,1697.0,2.55682
4.33333,1591.0,2.61364
4.41667,1457.0,2.72727
4.5,1310.0,2.72727
4.58333,1298.0,2.67045
4.58333,1256.0,2.84091
4.75,1205.0,2.84091
4.83333,1197.0,3.52273
4.91667,1171.0,2.84091
5.0,1164.0,3.01136
5.08333,1227.0,2.95454
5.08333,1294.0,2.67045
5.16667,1249.0,2.32954
5.25,1201.0,2.32954
5.33333,1171.0,1.64773
5.41667,1167.0,3.06818
5.5,1141.0,2.95454
5.58333,1110.0,3.06818
5.66667,1134.0,3.01136
5.75,1135.0,3.18182
5.75,1105.0,3.18182
5.75,1127.0,3.18182
5.75,1157.0,3.18182
5.83333,1170.0,0.738636
5.83333,1171.0,0.738636
5.91667,1247.0,0.738636
6.0,1337.0,1.07955
6.08333,1343.0,3.18182
6.16667,1310.0,3.35227
6.25,1211.0,3.01136
6.33333,1138.0,3.52273
6.41667,1100.0,3.29545
6.58333,1087.0,3.40909
6.58333,1085.0,3.52273
6.66667,1085.0,3.52273
6.75,1116.0,1.36364
6.83333,1188.0,3.69318
6.91667,1273.0,3.52273
7.0,1273.0,3.40909
7.0,1328.0,3.40909
7.0,1345.0,3.40909
7.0,1370.0,3.40909
7.0,1379.0,3.40909
7.0,1360.0,3.40909
7.16667,1343.0,3.40909
7.25,1348.0,3.57954
7.33333,1353.0,3.29545
7.41667,1318.0,3.18182
7.5,1298.0,3.52273
7.58333,1297.0,3.75
7.58333,1269.0,3.75
7.66667,1270.0,1.13636
7.83333,1330.0,3.69318
7.91667,1470.0,4.20454
8.0,1451.0,3.23864
8.08333,1326.0,3.57954
8.08333,1328.0,3.57954
8.16667,1510.0,3.57954
8.16667,1556.0,1.19318
8.16667,1562.0,1.19318
8.16667,1556.0,1.19318
8.25,1446.0,0.738636
8.41667,1401.0,0.738636
8.5,1400.0,3.75
8.58333,1457.0,3.46591
8.66667,1418.0,3.80682
8.83333,1274.0,3.63636
8.91667,1223.0,3.40909
8.91667,1273.0,3.92045
9.0,1362.0,2.15909
9.08333,1376.0,2.15909
9.16667,1344.0,3.23864
9.25,1325.0,3.63636
9.33333,1335.0,3.63636
9.33333,1476.0,2.04545
9.33333,1587.0,2.04545
9.33333,1592.0,2.04545
9.5,1594.0,2.04545
9.58333,1502.0,4.375
9.66667,1369.0,3.92045
9.83333,1393.0,3.92045
9.91667,1393.0,4.20454
10.0,1440.0,4.43182
10.1667,1438.0,4.43182
10.25,1347.0,4.26136
10.4167,1276.0,4.26136
10.4167,1265.0,4.20454
10.5,1335.0,1.81818
10.5833,1469.0,4.14773
10.6667,1499.0,2.15909
10.75,1455.0,3.69318
10.75,1418.0,3.69318
10.75,1424.0,3.69318
10.8333,1525.0,3.69318
10.9167,1591.0,4.20454
11.0833,1562.0,4.20454
11.1667,1478.0,3.97727
11.3333,1446.0,4.31818
11.4167,1447.0,4.48864
11.5,1462.0,4.09091
11.5833,1440.0,1.98864
11.6667,1361.0,1.98864
11.75,1371.0,4.60227
11.9167,1417.0,4.60227
11.9167,1459.0,4.14773
11.9167,1517.0,4.14773
11.9167,1569.0,4.14773
11.9167,1615.0,4.14773
12.0,1591.0,4.14773
12.0833,1551.0,0.568182
12.25,1471.0,4.375
12.3333,1452.0,3.69318
12.4167,1464.0,4.48864
12.5,1458.0,4.48864
12.6667,1439.0,4.54545
12.75,1436.0,4.26136
12.8333,1442.0,4.26136
12.9167,1413.0,4.31818
12.9167,1333.0,4.31818
12.9167,1278.0,4.31818
12.9167,1314.0,4.31818
12.9167,1383.0,4.31818
12.9167,1411.0,4.31818
13.0,1411.0,0.454545
13.1667,1381.0,3.97727
13.3333,1344.0,3.97727
13.4167,1289.0,4.43182
13.5,1291.0,4.43182
13.6667,1328.0,4.43182
13.75,1378.0,4.94318
13.9167,1373.0,4.82954
14.0,1339.0,4.31818
14.0833,1351.0,4.31818
14.25,1381.0,4.31818
14.3333,1389.0,5.51136
14.5,1392.0,5.51136
14.6667,1390.0,4.88636
14.75,1412.0,4.71591
14.9167,1480.0,4.71591
15.0833,1524.0,4.82954
15.1667,1481.0,4.65909
15.3333,1417.0,4.71591
15.5,1267.0,4.71591
15.5833,1252.0,4.43182
15.6667,1293.0,4.09091
15.8333,1344.0,4.20454
15.8333,1365.0,5.85227
15.9167,1340.0,1.64773
15.9167,1341.0,1.64773
16.0,1414.0,1.64773
16.1667,1472.0,5.05682
16.25,1417.0,5.28409
16.4167,1351.0,5.0
16.5833,1329.0,5.0
16.75,1319.0,5.11364
16.8333,1323.0,5.45454
16.9167,1288.0,4.94318
17.0833,1284.0,4.94318
17.1667,1260.0,4.65909
17.1667,1291.0,4.65909
17.1667,1385.0,4.65909
17.1667,1448.0,4.65909
17.25,1448.0,4.65909
17.4167,1396.0,4.77273
17.5833,1339.0,5.22727
17.6667,1320.0,5.28409
17.8333,1320.0,5.28409
18.0,1324.0,5.28409
18.1667,1293.0,5.28409
18.25,1314.0,5.22727
18.25,1329.0,5.22727
18.25,1370.0,5.22727
18.25,1345.0,5.22727
18.3333,1323.0,5.22727
18.5,1303.0,5.45454
18.6667,1327.0,5.45454
18.8333,1328.0,5.17045
18.9167,1327.0,4.82954
19.0,1252.0,5.0
19.0833,1189.0,5.0
19.1667,1197.0,6.47727
19.3333,1189.0,6.47727
19.5,1189.0,5.51136
19.5,1214.0,4.94318
19.5,1207.0,4.94318
19.5833,1191.0,4.94318
19.6667,1172.0,0.909091
19.8333,1199.0,5.0
20.0,1212.0,5.05682
20.0833,1195.0,5.17045
20.25,1179.0,5.17045
20.3333,1175.0,5.17045
20.5,1162.0,5.17045
20.5833,1149.0,5.68182
20.5833,1124.0,5.68182
20.5833,1081.0,5.68182
20.5833,1059.0,5.68182
20.75,1095.0,5.68182
20.9167,1200.0,5.68182
21.0833,1298.0,5.68182
21.1667,1307.0,5.73864
21.3333,1273.0,5.73864
21.5,1256.0,5.73864
21.5833,1299.0,5.22727
21.6667,1335.0,2.61364
21.6667,1273.0,2.61364
21.6667,1252.0,2.61364
21.8333,1252.0,2.61364
21.9167,1260.0,5.625
22.0833,1260.0,5.625
22.25,1267.0,5.625
22.3333,1211.0,5.96591
22.4167,1187.0,6.70454
22.5,1186.0,6.70454
22.5833,1226.0,5.51136
22.75,1291.0,5.51136
22.9167,1318.0,5.79545
22.9167,1354.0,6.13636
23.0,1372.0,6.13636
23.1667,1368.0,6.13636
23.3333,1374.0,6.13636
23.5,1378.0,6.13636
23.6667,1372.0,6.13636
23.75,1314.0,6.19318
23.9167,1211.0,6.19318
23.9167,1148.0,6.19318
24.0833,1095.0,6.19318
24.25,1125.0,5.85227
24.25,1259.0,5.73864
24.3333,1222.0,5.73864
24.5,1141.0,5.68182
24.6667,1108.0,5.68182
24.75,1264.0,5.96591
24.9167,1278.0,5.96591
25.0,1320.0,5.96591
25.0833,1284.0,6.42045
25.25,1226.0,6.42045
25.25,1208.0,5.56818
25.25,1231.0,5.56818
25.3333,1221.0,5.56818
25.5,1211.0,5.56818
25.6667,1073.0,5.51136
25.75,1033.0,5.73864
25.8333,1113.0,3.06818
26.0,1226.0,3.06818
26.0833,1346.0,6.59091
26.1667,1340.0,6.59091
26.25,1341.0,6.875
26.4167,1334.0,6.875
26.4167,1255.0,3.06818
26.5833,1180.0,3.06818
26.75,1180.0,5.625
26.9167,1222.0,5.68182
27.0,1291.0,6.02273
27.1667,1322.0,6.02273
27.3333,1256.0,6.02273
27.5,1268.0,5.96591
27.6667,1267.0,5.96591
27.75,1223.0,6.25
27.8333,1225.0,6.25
28.0,1265.0,6.25
28.1667,1329.0,5.96591
28.3333,1330.0,5.96591
28.5,1307.0,5.96591
28.6667,1299.0,5.96591
28.8333,1252.0,5.51136
29.0,1234.0,5.56818
29.1667,1212.0,5.56818
29.25,1230.0,5.34091
29.3333,1245.0,5.34091
29.4167,1231.0,6.30682
29.5833,1176.0,6.30682
29.8333,1086.0,5.85227
30.0,1116.0,6.07954
30.1667,1092.0,6.30682
30.25,1037.0,5.45454
30.3333,1041.0,3.35227
30.5,1221.0,3.35227
30.6667,1257.0,5.96591
30.6667,1221.0,6.07954
30.6667,1192.0,6.07954
30.9167,1241.0,6.07954
31.0833,1134.0,6.07954
31.25,1006.0,6.07954
31.3333,995.0,6.42045
31.5,1091.0,6.42045
31.6667,1178.0,6.19318
31.9167,1184.0,6.76136
32.0,1196.0,5.51136
32.0833,1222.0,5.51136
32.1667,1304.0,5.51136
32.3333,1354.0,5.51136
32.5,1365.0,5.73864
32.75,1346.0,6.36363
32.9167,1346.0,6.36363
33.0833,1223.0,5.625
33.1667,1165.0,7.04545
33.3333,1198.0,7.04545
33.5,1300.0,6.59091
33.5,1447.0,6.36363
33.5833,1308.0,1.98864
33.75,1149.0,2.04545
33.9167,1155.0,5.56818
34.0833,1241.0,5.625
34.25,1436.0,6.70454
34.4167,1473.0,6.70454
34.6667,1442.0,7.5
34.6667,1372.0,6.19318
34.8333,1330.0,6.19318
34.8333,1386.0,5.90909
34.8333,1455.0,5.90909
35.0,1482.0,5.90909
35.0833,1436.0,7.5
35.1667,1325.0,3.23864
35.25,1304.0,5.96591
35.3333,1327.0,3.29545
35.5,1318.0,7.10227
35.75,1277.0,7.10227
35.9167,1269.0,6.47727
36.0833,1244.0,6.47727
36.1667,1229.0,6.13636
36.25,1258.0,2.21591
36.4167,1345.0,3.18182
36.5833,1351.0,5.625
36.75,1333.0,6.64773
36.9167,1292.0,6.70454
37.0833,1238.0,6.70454
37.1667,1250.0,6.70454
37.25,1257.0,2.04545
37.25,1287.0,3.40909
37.25,1334.0,3.40909
37.3333,1340.0,3.40909
37.5,1338.0,3.40909
37.6667,1309.0,5.96591
37.9167,1279.0,6.47727
38.0,1168.0,5.73864
38.1667,1264.0,5.73864
38.25,1264.0,7.10227
38.4167,1381.0,7.10227
38.4167,1396.0,6.19318
38.4167,1267.0,6.19318
38.6667,1170.0,6.19318
38.8333,1160.0,6.64773
39.0,1168.0,6.64773
39.25,1231.0,6.64773
39.4167,1275.0,6.64773
39.5833,1234.0,6.47727
39.75,1235.0,6.30682
39.8333,1243.0,6.30682
39.9167,1306.0,3.125
40.0833,1319.0,3.125
40.25,1326.0,6.02273
40.4167,1326.0,6.25
40.6667,1328.0,6.30682
40.75,1302.0,6.07954
40.9167,1284.0,6.07954
41.0,1310.0,6.70454
41.1667,1303.0,6.70454
41.1667,1261.0,7.27273
41.3333,1287.0,6.53409
41.4167,1305.0,6.53409
41.4167,1306.0,2.21591
41.6667,1321.0,2.21591
41.8333,1316.0,2.21591
41.9167,1310.0,6.02273
42.0833,1342.0,6.02273
42.25,1400.0,6.02273
42.25,1431.0,5.96591
42.3333,1402.0,2.10227
42.4167,1391.0,2.10227
42.5,1356.0,1.59091
42.6667,1324.0,3.06818
42.9167,1342.0,5.51136
42.9167,1381.0,7.15909
43.0,1407.0,2.21591
43.0833,1386.0,2.21591
43.1667,1339.0,6.93182
43.3333,1340.0,6.93182
43.4167,1360.0,7.04545
43.5,1360.0,7.04545
43.75,1423.0,7.04545
43.8333,1536.0,6.30682
44.0833,1411.0,6.30682
44.25,1241.0,6.30682
44.4167,1112.0,6.30682
44.6667,1103.0,6.53409
44.75,1207.0,6.64773
44.75,1278.0,6.64773
44.75,1265.0,6.64773
44.9167,1234.0,6.64773
45.0833,1260.0,7.27273
45.25,1287.0,6.64773
45.4167,1290.0,6.64773
45.4167,1269.0,3.35227
45.5833,1210.0,3.35227
45.6667,1125.0,6.42045
45.75,1104.0,1.98864
45.75,1117.0,1.98864
45.8333,1101.0,1.98864
46.0,1122.0,6.07954
46.1667,1129.0,6.07954
46.3333,1114.0,7.10227
46.4167,1126.0,6.81818
46.5833,1190.0,6.81818
46.75,1249.0,6.70454
46.8333,1234.0,6.59091
46.8333,1180.0,2.21591
47.0,1209.0,2.21591
47.25,1273.0,7.55682
47.4167,1249.0,6.64773
47.6667,1189.0,6.64773
47.6667,1150.0,7.38636
47.8333,1217.0,7.38636
47.9167,1281.0,6.875
48.1667,1360.0,6.875
48.1667,1484.0,6.59091
48.1667,1464.0,6.59091
48.1667,1457.0,6.59091
48.3333,1411.0,6.59091
48.5833,1394.0,6.59091
48.75,1419.0,7.44318
48.9167,1436.0,5.96591
49.0833,1436.0,6.76136
49.1667,1375.0,6.07954
49.1667,1273.0,6.07954
49.1667,1239.0,6.07954
49.1667,1300.0,6.07954
49.3333,1301.0,6.07954
49.5,1259.0,6.70454
49.6667,1224.0,7.32954
49.8333,1233.0,7.32954
50.0,1297.0,7.32954
50.25,1295.0,7.32954
50.4167,1303.0,6.93182
50.5,1262.0,7.44318
50.5,1231.0,7.44318
50.6667,1229.0,7.44318
50.9167,1214.0,7.44318
51.0833,1200.0,7.44318
51.3333,1238.0,6.98863
51.3333,1348.0,6.875
51.4167,1393.0,2.32954
51.5833,1314.0,2.95454
51.6667,1221.0,7.38636
51.6667,1215.0,2.38636
51.9167,1236.0,2.38636
52.0833,1235.0,2.38636
52.1667,1261.0,6.19318
52.3333,1264.0,3.29545
52.5,1222.0,3.29545
52.6667,1217.0,6.07954
52.8333,1255.0,6.42045
53.0,1423.0,6.42045
53.0,1380.0,5.73864
53.1667,1323.0,5.73864
53.3333,1316.0,6.53409
53.5833,1354.0,6.64773
53.75,1370.0,6.64773
53.9167,1356.0,6.25
54.0,1363.0,5.22727
54.0833,1363.0,4.14773
54.1667,1339.0,4.14773
54.3333,1222.0,4.14773
54.4167,1232.0,7.04545
54.5833,1275.0,7.04545
54.75,1275.0,7.04545
55.0,1262.0,7.04545
55.0833,1298.0,7.89773
55.1667,1342.0,7.89773
55.4167,1388.0,7.78409
55.5,1386.0,6.25
55.5,1275.0,6.25
55.6667,1183.0,6.25
55.75,1197.0,7.27273
55.9167,1243.0,7.27273
56.1667,1272.0,6.59091
56.3333,1274.0,6.59091
56.5,1245.0,7.32954
56.5833,1202.0,6.47727
56.75,1214.0,6.47727
56.8333,1348.0,6.53409
56.8333,1308.0,6.53409
56.8333,1196.0,6.53409
57.0833,1134.0,6.53409
57.25,1246.0,6.76136
57.4167,1293.0,6.76136
57.5833,1324.0,8.35227
57.6667,1361.0,9.71591
57.75,1344.0,5.0
57.9167,1248.0,3.52273
58.0833,1231.0,3.52273
58.3333,1270.0,6.64773
58.5833,1274.0,6.93182
58.75,1214.0,6.93182
58.9167,1188.0,7.10227
59.0,1196.0,6.93182
59.1667,1269.0,6.93182
59.25,1325.0,9.71591
59.3333,1289.0,9.71591
59.3333,1171.0,1.70455
59.5,1099.0,1.76136
59.75,1121.0,7.10227
59.9167,1152.0,7.10227
60.0833,1289.0,7.10227
60.1667,1268.0,6.47727
60.4167,1193.0,6.47727
60.5833,1257.0,6.76136
60.75,1257.0,6.76136
60.75,1383.0,7.38636
60.75,1382.0,7.38636
61.0,1299.0,7.27273
61.25,1163.0,7.04545
61.4167,1192.0,7.27273
61.5833,1255.0,7.27273
61.8333,1319.0,7.27273
61.9167,1312.0,7.72727
61.9167,1153.0,7.72727
62.0,1151.0,7.72727
62.1667,1127.0,7.72727
62.3333,1159.0,7.72727
62.5833,1128.0,7.78409
62.75,1099.0,6.98863
62.9167,1158.0,7.04545
63.0833,1225.0,7.04545
63.3333,1151.0,6.81818
63.3333,1046.0,6.36363
63.3333,1020.0,6.36363
63.5,995.0,6.36363
63.75,1076.0,6.36363
63.9167,1281.0,6.36363
64.0,1285.0,8.92045
64.1667,1285.0,8.92045
64.4167,1263.0,8.92045
64.5,1253.0,7.04545
64.5,1251.0,3.75
64.6667,1258.0,3.75
64.9167,1249.0,6.81818
65.0833,1246.0,6.81818
65.3333,1302.0,7.10227
65.5,1455.0,6.81818
65.6667,1455.0,6.81818
65.8333,1363.0,8.125
65.9167,1227.0,8.125
66.0,1209.0,3.35227
66.0833,1160.0,3.35227
66.3333,1162.0,6.875
66.4167,1305.0,7.04545
66.6667,1269.0,7.04545
66.75,1222.0,7.21591
67.0,1210.0,7.21591
67.1667,1210.0,7.21591
67.25,1234.0,7.04545
67.3333,1189.0,7.10227
67.4167,1222.0,7.10227
67.5,1272.0,1.81818
67.75,1285.0,3.40909
67.8333,1251.0,7.78409
68.0,1218.0,7.78409
68.0833,1209.0,7.72727
68.25,1202.0,7.72727
68.3333,1208.0,3.35227
68.3333,1235.0,3.80682
68.4167,1233.0,3.80682
68.5833,1216.0,3.80682
68.75,1234.0,7.27273
68.9167,1267.0,6.875
69.0,1282.0,9.26136
69.1667,1291.0,7.15909
69.25,1274.0,3.35227
69.4167,1216.0,7.15909
69.5,1207.0,7.15909
69.6667,1225.0,7.10227
69.8333,1238.0,7.10227
70.0,1256.0,7.21591
70.0833,1248.0,7.38636
70.3333,1258.0,7.38636
70.5,1260.0,7.38636
70.5833,1266.0,7.32954
70.75,1259.0,7.32954
70.75,1267.0,6.25
70.9167,1260.0,6.25
71.1667,1237.0,6.25
71.3333,1242.0,7.15909
71.5833,1270.0,7.15909
71.6667,1285.0,6.70454
71.8333,1289.0,6.70454
71.9167,1299.0,5.79545
72.0833,1290.0,5.79545
72.1667,1270.0,6.02273
72.4167,1274.0,6.02273
72.5833,1297.0,6.70454
72.8333,1337.0,6.76136
73.0,1349.0,6.76136
73.0833,1349.0,7.27273
73.0833,1317.0,2.38636
73.25,1262.0,2.44318
73.25,1147.0,6.07954
73.4167,1159.0,6.07954
73.4167,1238.0,8.06818
73.6667,1337.0,8.06818
73.8333,1403.0,7.38636
74.0833,1283.0,7.38636
74.25,1267.0,7.38636
74.5,1201.0,7.38636
74.5833,1262.0,7.04545
74.5833,1368.0,7.04545
74.6667,1405.0,7.04545
74.8333,1358.0,1.13636
75.0,1304.0,6.59091
75.1667,1285.0,6.98863
75.3333,1283.0,6.98863
75.5833,1290.0,6.98863
75.75,1225.0,6.98863
75.9167,1148.0,6.98863
75.9167,1217.0,6.875
75.9167,1391.0,6.875
76.0833,1391.0,6.875
76.3333,1328.0,6.875
76.5,1227.0,6.875
76.75,1211.0,7.44318
76.9167,1338.0,7.15909
77.1667,1421.0,7.15909
77.3333,1415.0,7.15909
77.3333,1218.0,6.81818
77.4167,1129.0,6.81818
77.6667,1155.0,6.81818
77.8333,1267.0,7.38636
78.0,1393.0,6.25
78.1667,1329.0,6.25
78.4167,1248.0,6.59091
78.5,1250.0,6.59091
78.5833,1351.0,6.81818
78.5833,1450.0,6.81818
78.75,1353.0,6.81818
79.0,1235.0,6.875
79.1667,1235.0,7.72727
79.3333,1185.0,7.38636
79.5,1271.0,7.38636
79.75,1402.0,6.76136
79.8333,1431.0,6.42045
79.8333,1320.0,6.42045
79.9167,1203.0,6.42045
80.1667,1286.0,7.32954
80.3333,1345.0,7.10227
80.5833,1419.0,7.10227
80.75,1419.0,7.10227
81.0,1240.0,7.38636
81.1667,1204.0,7.38636
81.3333,1228.0,6.76136
81.3333,1291.0,7.27273
81.3333,1336.0,7.27273
81.5,1253.0,7.27273
81.75,1178.0,7.10227
81.9167,1170.0,7.38636
82.1667,1232.0,7.15909
82.25,1307.0,7.32954
82.5,1280.0,7.32954
82.6667,1226.0,7.32954
82.8333,1212.0,7.32954
82.9167,1295.0,6.875
83.1667,1380.0,6.875
83.3333,1363.0,6.875
83.5833,1321.0,6.875
83.75,1294.0,6.81818
84.0,1280.0,6.81818
84.1667,1331.0,6.81818
84.25,1374.0,6.76136
84.25,1359.0,3.52273
84.3333,1310.0,3.52273
84.5833,1351.0,3.52273
84.75,1354.0,6.07954
84.8333,1319.0,7.78409
85.0,1282.0,7.78409
85.25,1181.0,7.78409
85.4167,1225.0,6.53409
85.4167,1328.0,6.36363
85.4167,1385.0,6.36363
85.5833,1159.0,6.36363
85.75,1159.0,7.38636
86.0,1175.0,7.38636
86.0833,1284.0,6.30682
86.3333,1353.0,6.30682
86.5,1352.0,7.21591
86.75,1244.0,6.59091
86.9167,1197.0,6.59091
87.0833,1214.0,6.59091
87.25,1286.0,6.53409
87.5,1336.0,7.38636
87.6667,1272.0,7.78409
87.8333,1224.0,7.78409
88.0,1205.0,7.10227
88.25,1367.0,7.10227
88.3333,1473.0,6.93182
88.4167,1385.0,6.93182
88.5,1176.0,7.55682
88.5833,1118.0,3.52273
88.8333,1327.0,3.52273
89.0833,1471.0,6.98863
89.25,1489.0,7.15909
89.4167,1385.0,6.76136
89.5833,1172.0,6.47727
89.75,1160.0,6.47727
89.8333,1241.0,6.93182
89.8333,1340.0,6.93182
90.0,1423.0,6.93182
90.1667,1334.0,6.93182
90.3333,1235.0,7.95454
90.4167,1200.0,6.53409
90.6667,1274.0,6.53409
90.8333,1293.0,7.15909
91.0833,1235.0,6.98863
91.25,1164.0,6.53409
91.3333,1130.0,7.21591
91.5,1288.0,7.21591
91.6667,1357.0,7.10227
91.9167,1358.0,7.10227
92.0833,1244.0,6.70454
92.3333,1195.0,6.98863
92.5,1244.0,6.98863
92.6667,1292.0,6.76136
92.6667,1300.0,6.36363
92.6667,1300.0,6.36363
92.8333,1261.0,6.36363
93.0,1272.0,6.875
93.25,1261.0,6.875
93.3333,1217.0,6.25
93.5833,1194.0,6.25
93.6667,1150.0,7.67045
93.75,1130.0,7.67045
93.75,1127.0,2.21591
93.8333,1128.0,2.21591
94.0,1139.0,2.21591
94.1667,1169.0,6.53409
94.4167,1287.0,6.70454
94.4167,1417.0,6.76136
94.6667,1483.0,6.76136
94.8333,1458.0,6.98863
95.0,1452.0,6.98863
95.0833,1487.0,7.04545
95.1667,1448.0,7.04545
95.3333,1241.0,7.04545
95.5,1119.0,6.875
95.75,1117.0,7.21591
95.9167,1161.0,7.21591
96.0,1190.0,5.90909
96.1667,1320.0,5.90909
96.3333,1296.0,5.90909
96.4167,1270.0,8.40909
96.5,1301.0,6.47727
96.6667,1595.0,6.47727
96.9167,1701.0,7.15909
97.0833,1656.0,7.15909
97.3333,1487.0,7.5
97.4167,1237.0,6.07954
97.5,1164.0,7.55682
97.6667,1153.0,7.55682
97.8333,1130.0,6.59091
97.8333,1060.0,6.875
97.9167,1076.0,6.875
98.0833,1222.0,6.875
98.1667,1320.0,6.25
98.4167,1261.0,6.25
98.4167,1166.0,5.56818
98.5833,1166.0,5.56818
98.75,1215.0,5.85227
98.8333,1340.0,6.98863
99.0,1464.0,6.98863
99.0833,1554.0,6.02273
99.25,1308.0,6.02273
99.3333,1100.0,6.13636
99.4167,1069.0,7.15909
99.5833,1187.0,7.15909
99.6667,1403.0,5.96591
99.9167,1345.0,5.96591
100.0,1238.0,5.90909
100.083,1202.0,5.73864
100.167,1282.0,5.73864
100.333,1316.0,5.73864
100.5,1354.0,6.53409
100.75,1377.0,6.53409
100.917,1372.0,6.76136
101.083,1489.0,6.76136
101.333,1651.0,6.64773
101.5,1809.0,6.42045
101.667,1807.0,6.42045
101.75,1634.0,6.13636
101.833,1576.0,6.13636
102.0,1564.0,6.13636
102.167,1572.0,6.25
102.417,1527.0,6.25
102.583,1466.0,6.25
102.75,1448.0,6.30682
103.0,1438.0,6.98863
103.0,1411.0,7.04545
103.083,1410.0,7.04545
103.083,1448.0,1.53409
103.167,1537.0,1.53409
103.333,1609.0,1.59091
103.5,1613.0,6.25
103.667,1558.0,6.36363
103.833,1557.0,6.36363
103.917,1564.0,6.47727
104.0,1483.0,3.80682
104.0,1249.0,3.80682
104.167,1117.0,3.80682
104.417,1099.0,6.25
104.583,1099.0,6.25
104.75,1188.0,6.25
104.917,1369.0,6.19318
105.167,1412.0,6.70454
105.333,1334.0,6.59091
105.5,1261.0,6.53409
105.75,1257.0,6.53409
105.833,1339.0,6.19318
105.833,1400.0,6.19318
106.0,1399.0,6.19318
106.083,1429.0,8.18182
106.25,1335.0,7.67045
106.417,1321.0,6.19318
106.583,1363.0,6.13636
106.75,1448.0,6.42045
106.917,1479.0,5.51136
107.083,1451.0,6.81818
107.083,1486.0,7.44318
107.167,1534.0,1.53409
107.167,1487.0,1.53409
107.333,1277.0,1.53409
107.5,1270.0,5.79545
107.75,1367.0,6.02273
107.917,1369.0,6.13636
108.083,1337.0,6.13636
108.25,1259.0,6.13636
108.333,1271.0,7.15909
108.5,1316.0,6.47727
108.583,1332.0,6.64773
108.583,1410.0,6.64773
108.75,1504.0,6.64773
108.833,1491.0,6.19318
109.0,1421.0,6.19318
109.167,1433.0,6.30682
109.333,1464.0,5.73864
109.417,1466.0,7.15909
109.583,1456.0,6.47727
109.75,1442.0,6.47727
109.75,1390.0,7.95454
109.833,1262.0,1.93182
110.0,1254.0,3.18182
110.167,1383.0,6.13636
110.333,1573.0,5.79545
110.5,1573.0,6.25
110.583,1534.0,5.68182
110.75,1452.0,5.68182
110.917,1339.0,5.68182
111.083,1291.0,5.68182
111.167,1350.0,5.39773
111.25,1402.0,5.39773
111.417,1417.0,5.39773
111.5,1385.0,3.125
111.667,1315.0,4.94318
111.833,1276.0,5.45454
112.0,1321.0,5.625
112.167,1420.0,5.96591
112.333,1468.0,6.07954
112.5,1467.0,5.34091
112.667,1464.0,5.34091
112.667,1460.0,6.30682
112.667,1441.0,6.30682
112.833,1420.0,6.30682
112.917,1395.0,6.70454
113.083,1397.0,6.70454
113.25,1385.0,6.13636
113.333,1362.0,5.39773
113.417,1314.0,5.39773
113.5,1271.0,1.98864
113.583,1307.0,6.47727
113.583,1303.0,6.47727
113.75,1279.0,6.47727
113.917,1291.0,6.36363
114.0,1296.0,5.79545
114.167,1389.0,5.79545
114.333,1559.0,5.79545
114.5,1600.0,5.79545
114.667,1483.0,5.73864
114.833,1374.0,5.73864
115.0,1400.0,5.73864
115.083,1403.0,5.625
115.167,1492.0,5.05682
115.167,1431.0,2.78409
115.333,1380.0,2.78409
115.417,1412.0,5.625
115.583,1500.0,5.625
115.75,1500.0,5.625
115.917,1584.0,5.56818
116.083,1545.0,5.56818
116.167,1428.0,5.05682
116.333,1355.0,5.05682
116.5,1376.0,5.05682
116.583,1472.0,5.625
116.583,1606.0,4.65909
116.667,1602.0,4.65909
116.833,1603.0,5.11364
116.917,1581.0,4.94318
117.083,1579.0,4.94318
117.25,1554.0,4.94318
117.333,1524.0,6.30682
117.5,1503.0,6.30682
117.667,1506.0,5.34091
117.833,1583.0,5.34091
118.0,1659.0,5.34091
118.083,1665.0,5.90909
118.083,1617.0,5.90909
118.083,1572.0,5.90909
118.083,1582.0,5.90909
118.25,1653.0,5.90909
118.417,1652.0,5.39773
118.5,1609.0,5.22727
118.667,1626.0,5.39773
118.833,1618.0,5.39773
119.0,1627.0,5.17045
119.167,1717.0,5.17045
119.333,1772.0,5.17045
119.417,1649.0,5.22727
119.5,1512.0,4.82954
119.5,1482.0,4.82954
119.5,1564.0,4.82954
119.583,1671.0,4.82954
119.667,1671.0,0.852273
119.833,1676.0,2.44318
119.917,1676.0,5.34091
120.083,1688.0,5.17045
120.25,1699.0,4.60227
120.333,1685.0,4.31818
120.417,1658.0,4.31818
120.5,1670.0,2.55682
120.5,1670.0,2.27273
120.583,1689.0,2.27273
120.583,1691.0,1.64773
120.75,1675.0,1.64773
120.833,1533.0,4.77273
121.0,1419.0,4.54545
121.083,1531.0,4.03409
121.25,1651.0,4.03409
121.417,1747.0,4.77273
121.5,1851.0,4.65909
121.667,1986.0,4.65909
121.833,2006.0,4.43182
121.917,1945.0,4.26136
122.0,1886.0,4.60227
122.0,1936.0,4.60227
122.0,2017.0,4.60227
122.083,2002.0,4.60227
122.25,1835.0,4.60227
122.417,1650.0,4.54545
122.5,1573.0,5.22727
122.667,1518.0,4.31818
122.75,1497.0,4.94318
122.917,1488.0,4.88636
123.0,1606.0,4.88636
123.083,1750.0,3.80682
123.167,1860.0,2.32954
123.25,1996.0,2.32954
123.333,2059.0,1.93182
123.333,2135.0,4.26136
123.417,2166.0,4.26136
123.5,2109.0,4.09091
123.5,1972.0,4.09091
123.583,1943.0,1.30682
123.75,1912.0,1.30682
123.833,1864.0,3.92045
124.0,1819.0,3.92045
124.083,1812.0,4.20454
124.25,1965.0,4.375
124.333,2010.0,3.80682
124.5,1965.0,4.03409
124.5,1908.0,4.20454
124.583,1872.0,2.10227
124.75,1924.0,2.10227
124.833,1924.0,3.01136
125.0,1978.0,3.01136
125.083,1994.0,3.80682
125.167,1986.0,4.375
125.333,1972.0,3.75
125.417,1948.0,3.46591
125.5,1981.0,3.80682
125.583,1939.0,3.80682
125.667,1937.0,4.09091
125.833,1951.0,4.09091
125.917,1966.0,4.31818
126.0,1904.0,4.54545
126.083,1875.0,3.18182
126.25,1878.0,3.52273
126.333,1882.0,4.82954
126.417,1905.0,3.80682
126.5,1895.0,3.80682
126.5,1703.0,1.70455
126.5,1188.0,1.70455
126.583,542.0,1.19318
126.75,102.0,1.19318
126.75,0.0,3.18182
126.833,0.0,3.18182
126.833,0.0,1.42045
126.917,0.0,1.42045
127.0,0.0,1.53409
127.083,0.0,2.95454
127.167,0.0,2.78409
127.25,0.0,2.89773
127.25,0.0,2.44318
127.25,0.0,2.44318
127.333,0.0,2.44318
127.333,0.0,1.02273
127.333,0.0,1.02273
127.417,0.0,1.19318
127.417,0.0,1.19318
127.5,0.0,1.19318
127.5,1.0,1.07955
127.583,98.0,1.59091
127.667,1254.0,1.59091
127.667,3017.0,1.93182
127.667,3682.0,1.93182
127.75,3682.0,1.93182
127.75,2338.0,1.02273
127.75,1652.0,1.02273
127.75,1738.0,1.02273
127.833,2317.0,0.852273
127.917,2565.0,2.38636
127.917,2234.0,2.38636
127.917,2092.0,2.38636
127.917,2161.0,2.38636
128.0,2156.0,2.38636
128.0,1921.0,0.625
128.083,1888.0,1.875
128.083,2164.0,1.875
128.083,2431.0,1.875
128.167,2487.0,1.875
128.25,2363.0,0.852273
128.25,2279.0,2.10227
128.333,2231.0,2.21591
128.417,2047.0,2.21591
128.417,1975.0,1.98864
128.5,1998.0,1.98864
128.5,2050.0,1.36364
128.5,2257.0,1.36364
128.583,2417.0,1.07955
128.667,2621.0,1.07955
128.667,2684.0,1.93182
128.75,2570.0,1.93182
128.75,2304.0,1.47727
128.75,2270.0,1.47727
128.833,2368.0,1.02273
128.917,2388.0,1.02273
128.917,2220.0,1.81818
128.917,2056.0,1.81818
128.917,1941.0,1.81818
128.917,1912.0,1.81818
128.917,1986.0,1.81818
128.917,2070.0,1.81818
128.917,2158.0,1.81818
128.917,2114.0,1.81818
128.917,2068.0,1.81818
128.917,2156.0,1.81818
128.917,2204.0,1.81818
128.917,2291.0,1.81818
128.917,2291.0,1.81818
128.917,2300.0,1.81818
128.917,2160.0,1.81818
128.917,2095.0,1.81818
129.0,2077.0,0.170455
129.0,2190.0,0.170455
129.083,2278.0,1.19318
129.167,2122.0,1.19318
129.167,2109.0,1.93182
129.25,2194.0,1.93182
129.25,2264.0,1.53409
129.333,2184.0,1.53409
129.333,2173.0,1.59091
129.417,2194.0,1.59091
129.417,2150.0,1.25
129.417,2145.0,1.25
129.417,2219.0,1.25
129.5,2224.0,1.25
129.5,2198.0,0.738636
129.583,2183.0,1.70455
129.583,2234.0,1.70455
129.583,2198.0,1.70455
129.583,2198.0,1.70455
129.667,2173.0,0.681818
129.667,2194.0,0.681818
129.75,2253.0,1.76136
129.75,2203.0,1.76136
129.75,2197.0,1.76136
129.75,2267.0,1.76136
129.833,2348.0,1.76136
129.833,2360.0,0.625
129.833,2285.0,0.625
129.833,2272.0,0.625
129.833,2321.0,0.625
129.833,2311.0,0.625
129.833,2281.0,0.625
129.833,2279.0,0.625
129.833,2269.0,0.625
129.833,2265.0,0.625
129.833,2203.0,0.625
129.833,2171.0,0.625
129.833,2240.0,0.625
129.833,2298.0,0.625
129.833,2298.0,0.625
129.833,2221.0,0.625
129.833,2181.0,0.625
129.833,2213.0,0.625
129.833,2143.0,0.625
129.917,2177.0,0.170455
129.917,2198.0,0.170455
129.917,2253.0,0.170455
130.0,2254.0,1.02273
130.0,2247.0,1.02273
130.083,2294.0,1.36364
130.083,2271.0,1.36364
130.167,2295.0,1.36364
130.167,2324.0,1.36364
130.167,2286.0,1.36364
130.25,2290.0,1.07955
130.25,2309.0,1.07955
130.333,2329.0,1.07955
130.333,2320.0,1.02273
130.417,2371.0,1.02273
130.417,2385.0,1.30682
130.417,2369.0,1.30682
130.5,2339.0,1.30682
130.5,2308.0,1.02273
130.5,2306.0,1.02273
130.583,2293.0,1.02273
130.583,2248.0,0.965909
130.583,2307.0,0.965909
130.667,2267.0,1.13636
130.667,2254.0,1.13636
130.75,2268.0,1.13636
130.75,2320.0,1.02273
130.75,2276.0,1.02273
130.833,2258.0,1.02273
130.833,2285.0,0.965909
130.833,2226.0,0.965909
130.917,2177.0,0.965909
130.917,2221.0,0.965909
130.917,2276.0,0.965909
131.0,2328.0,0.965909
131.0,2296.0,0.965909
131.0,2303.0,0.965909
131.083,2303.0,0.965909
131.083,2400.0,0.965909
131.083,2473.0,0.965909
131.167,2451.0,0.965909
131.167,2335.0,0.852273
131.167,2274.0,0.852273
131.167,2248.0,0.852273
131.25,2229.0,0.852273
131.25,2217.0,0.852273
131.25,2076.0,0.852273
131.333,2027.0,0.852273
131.333,2060.0,0.795454
131.333,2167.0,0.795454
131.333,2243.0,0.795454
131.417,2196.0,0.795454
131.417,2051.0,0.738636
131.417,2033.0,0.738636
131.417,2126.0,0.738636
131.5,2145.0,0.738636
131.5,2113.0,0.738636
131.5,2145.0,0.738636
131.5,2055.0,0.738636
131.583,2054.0,0.738636
131.583,2053.0,0.681818
131.583,2052.0,0.681818
131.583,2058.0,0.681818
131.583,2099.0,0.681818
131.667,2092.0,0.681818
131.667,2025.0,0.568182
131.667,1979.0,0.568182
131.667,2027.0,0.568182
131.667,2042.0,0.568182
131.667,2043.0,0.568182
131.75,2018.0,0.511364
131.75,2066.0,0.511364
131.75,2072.0,0.511364
131.75,2074.0,0.511364
131.75,2048.0,0.511364
131.75,2053.0,0.511364
131.75,2068.0,0.511364
131.833,2055.0,0.397727
131.833,2030.0,0.397727
131.833,2006.0,0.397727
131.833,2006.0,0.397727
131.833,2004.0,0.397727
131.833,2015.0,0.397727
131.833,2016.0,0.397727
131.917,2020.0,0.397727
131.917,2029.0,0.340909
131.917,1991.0,0.340909
131.917,1954.0,0.340909
131.917,1954.0,0.340909
131.917,1942.0,0.340909
131.917,1960.0,0.340909
131.917,1985.0,0.340909
131.917,2000.0,0.340909
131.917,1990.0,0.340909
131.917,1956.0,0.340909
131.917,1925.0,0.340909
131.917,1914.0,0.340909
131.917,1916.0,0.340909
131.917,1918.0,0.340909
131.917,1906.0,0.340909
131.917,1899.0,0.340909
131.917,1874.0,0.340909
131.917,1872.0,0.340909
131.917,1841.0,0.340909
131.917,1750.0,0.340909
131.917,1678.0,0.340909
131.917,1660.0,0.340909
131.917,1683.0,0.340909
131.917,1670.0,0.340909
131.917,1673.0,0.340909
131.917,1704.0,0.340909
131.917,1614.0,0.340909
131.917,1538.0,0.340909
131.917,1502.0,0.340909
131.917,1403.0,0.340909
131.917,1134.0,0.340909
131.917,566.0,0.340909
131.917,228.0,0.340909
131.917,63.0,0.340909
131.917,0.0,0.340909
131.917,0.0,0.340909
131.917,0.0,0.340909
131.917,0.0,0.340909
131.917,0.0,0.340909
131.917,0.0,0.340909
131.917,0.0,0.340909
131.917,0.0,0.340909
131.917,0.0,0.340909
131.917,1.0,0.340909
131.917,0.0,0.340909
