0.25,0.0,0.0
0.25,0.0,0.0
0.25,0.0,0.0
0.25,0.0,0.0
0.25,0.0,0.0
0.25,1.0,0.0
0.25,0.0,0.0
0.25,0.0,0.0
0.25,0.0,0.0
0.25,0.0,0.0
0.25,0.0,0.0
0.25,0.0,0.0
0.25,1.0,0.0
0.25,0.0,0.0
0.25,0.0,0.0
0.25,0.0,0.0
0.25,0.0,0.0
0.25,0.0,0.0
0.25,0.0,0.0
0.25,0.0,0.0
0.25,0.0,0.0
0.25,0.0,0.0
0.25,0.0,0.0
0.25,0.0,0.0
0.25,0.0,0.0
0.25,0.0,0.0
0.25,0.0,0.0
0.25,0.0,0.0
0.25,0.0,0.0
0.25,0.0,0.0
0.25,0.0,0.0
0.25,0.0,0.0
0.25,0.0,0.0
0.25,0.0,0.0
0.25,0.0,0.0
0.25,0.0,0.0
0.25,0.0,0.0
0.25,0.0,0.0
0.25,0.0,0.0
0.25,0.0,0.0
0.25,0.0,0.0
0.25,0.0,0.0
0.25,0.0,0.0
0.25,1.0,0.0
0.25,0.0,0.0
0.25,0.0,0.0
0.25,1.0,0.0
0.25,0.0,0.0
0.25,0.0,0.0
0.25,0.0,0.0
0.25,0.0,0.0
0.25,0.0,0.0
0.25,0.0,0.0
0.25,0.0,0.0
0.25,0.0,0.0
0.25,0.0,0.0
0.25,0.0,0.0
0.25,0.0,0.0
0.25,0.0,0.0
0.25,1.0,0.0
0.25,0.0,0.0
0.25,0.0,0.0
0.25,1.0,0.0
0.25,1.0,0.0
0.25,0.0,0.0
0.25,0.0,0.0
0.25,0.0,0.0
0.25,0.0,0.0
0.25,0.0,0.0
0.25,0.0,0.0
0.25,0.0,0.0
0.25,0.0,0.0
0.25,0.0,0.0
0.25,0.0,0.0
0.25,0.0,0.0
0.25,0.0,0.0
0.25,0.0,0.0
0.25,0.0,0.0
0.25,0.0,0.0
0.25,0.0,0.0
0.25,0.0,0.0
0.25,0.0,0.0
0.25,0.0,0.0
0.25,0.0,0.0
0.25,0.0,0.0
0.25,0.0,0.0
0.25,0.0,0.0
0.25,0.0,0.0
0.25,0.0,0.0
0.25,0.0,0.0
0.25,0.0,0.0
0.25,0.0,0.0
0.25,0.0,0.0
0.25,0.0,0.0
0.25,0.0,0.0
0.25,0.0,0.0
0.25,0.0,0.0
0.25,0.0,0.0
0.25,0.0,0.0
0.25,0.0,0.0
0.25,0.0,0.0
0.25,0.0,0.0
0.25,0.0,0.0
0.25,0.0,0.0
0.25,0.0,0.0
0.25,0.0,0.0
0.25,0.0,0.0
0.25,0.0,0.0
0.25,0.0,0.0
0.25,0.0,0.0
0.25,0.0,0.0
0.25,0.0,0.0
0.25,0.0,0.0
0.25,0.0,0.0
0.25,0.0,0.0
0.25,0.0,0.0
0.25,0.0,0.0
0.25,0.0,0.0
0.25,0.0,0.0
0.25,0.0,0.0
0.25,0.0,0.0
0.25,0.0,0.0
0.25,0.0,0.0
0.25,0.0,0.0
0.25,0.0,0.0
0.25,0.0,0.0
0.25,0.0,0.0
0.25,0.0,0.0
0.25,0.0,0.0
0.25,0.0,0.0
0.25,0.0,0.0
0.25,0.0,0.0
0.25,0.0,0.0
0.25,0.0,0.0
0.25,0.0,0.0
0.25,0.0,0.0
0.25,0.0,0.0
0.25,0.0,0.0
0.25,1.0,0.0
0.25,0.0,0.0
0.25,0.0,0.0
0.25,0.0,0.0
0.25,0.0,0.0
0.25,0.0,0.0
0.25,0.0,0.0
0.25,0.0,0.0
0.25,0.0,0.0
0.25,0.0,0.0
0.25,0.0,0.0
0.25,0.0,0.0
0.25,0.0,0.0
0.25,0.0,0.0
0.25,0.0,0.0
0.25,0.0,0.0
0.25,0.0,0.0
0.25,0.0,0.0
0.25,0.0,0.0
0.25,0.0,0.0
0.25,0.0,0.0
0.25,0.0,0.0
0.25,0.0,0.0
0.25,0.0,0.0
0.25,0.0,0.0
0.25,0.0,0.0
0.25,0.0,0.0
0.25,0.0,0.0
0.25,0.0,0.0
0.25,0.0,0.0
0.25,0.0,0.0
0.25,0.0,0.0
0.25,0.0,0.0
0.25,0.0,0.0
0.25,0.0,0.0
0.25,0.0,0.0
0.25,0.0,0.0
0.25,0.0,0.0
0.25,0.0,0.0
0.25,0.0,0.0
0.25,0.0,0.0
0.25,0.0,0.0
0.25,0.0,0.0
0.25,0.0,0.0
0.25,0.0,0.0
0.25,0.0,0.0
0.25,0.0,0.0
0.25,0.0,0.0
0.25,0.0,0.0
0.25,0.0,0.0
0.25,0.0,0.0
0.25,0.0,0.0
0.25,0.0,0.0
0.25,0.0,0.0
0.25,0.0,0.0
0.25,0.0,0.0
0.25,0.0,0.0
0.25,0.0,0.0
0.25,0.0,0.0
0.25,0.0,0.0
0.25,0.0,0.0
0.25,0.0,0.0
0.25,0.0,0.0
0.25,0.0,0.0
0.25,0.0,0.0
0.25,0.0,0.0
0.25,0.0,0.0
0.25,0.0,0.0
0.25,0.0,0.0
0.25,0.0,0.0
0.25,0.0,0.0
0.25,0.0,0.0
0.25,0.0,0.0
0.25,0.0,0.0
0.25,0.0,0.0
0.25,0.0,0.0
0.25,0.0,0.0
0.25,0.0,0.0
0.25,0.0,0.0
0.25,0.0,0.0
0.25,0.0,0.0
0.25,0.0,0.0
0.25,0.0,0.0
0.25,0.0,0.0
0.25,0.0,0.0
0.25,0.0,0.0
0.25,0.0,0.0
0.25,0.0,0.0
0.25,0.0,0.0
0.25,0.0,0.0
0.25,0.0,0.0
0.25,0.0,0.0
0.25,0.0,0.0
0.25,0.0,0.0
0.25,0.0,0.0
0.25,0.0,0.0
0.25,0.0,0.0
0.25,0.0,0.0
0.25,0.0,0.0
0.25,0.0,0.0
0.25,0.0,0.0
0.25,0.0,0.0
0.25,0.0,0.0
0.25,0.0,0.0
0.25,0.0,0.0
0.25,0.0,0.0
0.25,0.0,0.0
0.25,0.0,0.0
0.25,0.0,0.0
0.25,0.0,0.0
0.25,0.0,0.0
0.25,0.0,0.0
0.25,0.0,0.0
0.25,0.0,0.0
0.25,0.0,0.0
0.25,0.0,0.0
0.25,0.0,0.0
0.25,0.0,0.0
0.25,0.0,0.0
0.25,1.0,0.0
0.25,0.0,0.0
0.25,0.0,0.0
0.25,0.0,0.0
0.25,0.0,0.0
0.25,0.0,0.0
0.25,0.0,0.0
0.25,0.0,0.0
0.25,0.0,0.0
0.25,0.0,0.0
0.25,0.0,0.0
0.25,0.0,0.0
0.25,0.0,0.0
0.25,0.0,0.0
0.25,0.0,0.0
0.25,0.0,0.0
0.25,0.0,0.0
0.25,0.0,0.0
0.25,0.0,0.0
0.25,0.0,0.0
0.25,0.0,0.0
0.25,0.0,0.0
0.25,0.0,0.0
0.25,0.0,0.0
0.25,0.0,0.0
0.25,0.0,0.0
0.25,0.0,0.0
0.25,0.0,0.0
0.25,0.0,0.0
0.25,0.0,0.0
0.25,0.0,0.0
0.25,0.0,0.0
0.25,0.0,0.0
0.25,0.0,0.0
0.25,0.0,0.0
0.25,0.0,0.0
0.25,0.0,0.0
0.25,0.0,0.0
0.25,0.0,0.0
0.25,0.0,0.0
0.25,0.0,0.0
0.25,0.0,0.0
0.25,0.0,0.0
0.25,0.0,0.0
0.25,0.0,0.0
0.25,0.0,0.0
0.25,0.0,0.0
0.25,1.0,0.0
0.25,0.0,0.0
0.25,0.0,0.0
0.25,0.0,0.0
0.25,0.0,0.0
0.25,0.0,0.0
0.25,0.0,0.0
0.25,0.0,0.0
0.25,0.0,0.0
0.25,0.0,0.0
0.25,0.0,0.0
0.25,0.0,0.0
0.25,0.0,0.0
0.25,0.0,0.0
0.25,0.0,0.0
0.25,0.0,0.0
0.25,0.0,0.0
0.25,0.0,0.0
0.25,0.0,0.0
0.25,0.0,0.0
0.25,0.0,0.0
0.25,1.0,0.0
0.25,0.0,0.0
0.25,0.0,0.0
0.25,0.0,0.0
0.25,0.0,0.0
0.25,0.0,0.0
0.25,0.0,0.0
0.25,0.0,0.0
0.25,0.0,0.0
0.25,0.0,0.0
0.25,0.0,0.0
0.25,0.0,0.0
0.25,0.0,0.0
0.25,0.0,0.0
0.25,0.0,0.0
0.25,0.0,0.0
0.25,0.0,0.0
0.25,0.0,0.0
0.25,0.0,0.0
0.25,0.0,0.0
0.25,0.0,0.0
0.25,0.0,0.0
0.25,0.0,0.0
0.25,0.0,0.0
0.25,0.0,0.0
0.25,0.0,0.0
0.25,0.0,0.0
0.25,0.0,0.0
0.25,1.0,0.0
0.25,0.0,0.0
0.25,0.0,0.0
0.25,0.0,0.0
0.25,0.0,0.0
0.25,0.0,0.0
0.25,0.0,0.0
0.25,0.0,0.0
0.25,0.0,0.0
0.25,0.0,0.0
0.25,0.0,0.0
0.25,0.0,0.0
0.25,0.0,0.0
0.25,0.0,0.0
0.25,0.0,0.0
0.25,0.0,0.0
0.25,0.0,0.0
0.25,0.0,0.0
0.25,0.0,0.0
0.25,0.0,0.0
0.25,0.0,0.0
0.25,0.0,0.0
0.25,0.0,0.0
0.25,0.0,0.0
0.25,0.0,0.0
0.25,0.0,0.0
0.25,0.0,0.0
0.25,0.0,0.0
0.25,0.0,0.0
0.25,0.0,0.0
0.25,0.0,0.0
0.25,0.0,0.0
0.25,0.0,0.0
0.25,0.0,0.0
0.25,0.0,0.0
0.25,1.0,0.0
0.25,0.0,0.0
0.25,0.0,0.0
0.25,0.0,0.0
0.25,0.0,0.0
0.25,0.0,0.0
0.25,0.0,0.0
0.25,0.0,0.0
0.25,0.0,0.0
0.25,0.0,0.0
0.25,0.0,0.0
0.25,0.0,0.0
0.25,0.0,0.0
0.25,0.0,0.0
0.25,0.0,0.0
0.25,0.0,0.0
0.25,0.0,0.0
0.25,0.0,0.0
0.25,0.0,0.0
0.25,0.0,0.0
0.25,0.0,0.0
0.25,0.0,0.0
0.25,0.0,0.0
0.25,0.0,0.0
0.25,0.0,0.0
0.25,0.0,0.0
0.25,0.0,0.0
0.25,0.0,0.0
0.25,0.0,0.0
0.25,0.0,0.0
0.25,0.0,0.0
0.25,0.0,0.0
0.25,0.0,0.0
0.25,0.0,0.0
0.25,0.0,0.0
0.25,4.0,0.0
0.25,16.0,0.0
0.25,4.0,0.0
0.25,0.0,0.0
0.25,0.0,0.0
0.25,0.0,0.0
0.25,0.0,0.0
0.25,0.0,0.0
0.25,0.0,0.0
0.25,0.0,0.0
0.25,0.0,0.0
0.25,0.0,0.0
0.25,0.0,0.0
0.25,0.0,0.0
0.25,0.0,0.0
0.25,0.0,0.0
0.25,1.0,0.0
0.25,2.0,0.0
0.25,3.0,0.0
0.25,5.0,0.0
0.25,9.0,0.0
0.25,9.0,0.0
0.25,10.0,0.0
0.25,12.0,0.0
0.25,12.0,0.0
0.25,14.0,0.0
0.25,13.0,0.0
0.25,16.0,0.0
0.25,21.0,0.0
0.25,23.0,0.0
0.25,24.0,0.0
0.25,29.0,0.0
0.25,32.0,0.0
0.25,32.0,0.0
0.25,35.0,0.0
0.25,36.0,0.0
0.25,36.0,0.0
0.25,38.0,0.0
0.25,41.0,0.0
0.25,42.0,0.0
0.25,43.0,0.0
0.25,51.0,0.0
0.25,51.0,0.0
0.25,51.0,0.0
0.25,56.0,0.0
0.25,60.0,0.0
0.25,55.0,0.0
0.25,59.0,0.0
0.25,63.0,0.0
0.25,63.0,0.0
0.25,68.0,0.0
0.25,74.0,0.0
0.25,74.0,0.0
0.25,75.0,0.0
0.25,80.0,0.0
0.25,82.0,0.0
0.25,83.0,0.0
0.25,88.0,0.0
0.25,98.0,0.0
0.25,99.0,0.0
0.25,104.0,0.0
0.25,116.0,0.0
0.25,122.0,0.0
0.25,137.0,0.0
0.25,156.0,0.0
0.25,164.0,0.0
0.25,173.0,0.0
0.25,173.0,0.0
0.25,182.0,0.0
0.25,200.0,0.0
0.25,211.0,0.0
0.25,217.0,0.0
0.25,230.0,0.0
0.25,248.0,0.0
0.25,251.0,0.0
0.25,267.0,0.0
0.25,280.0,0.0
0.25,303.0,0.0
0.25,297.0,0.0
0.25,307.0,0.0
0.25,323.0,0.0
0.25,311.0,0.0
0.25,310.0,0.0
0.25,342.0,0.0
0.25,348.0,0.0
0.25,376.0,0.0
0.25,395.0,0.0
0.25,402.0,0.0
0.25,413.0,0.0
0.25,395.0,0.0
0.25,397.0,0.0
0.25,397.0,0.0
0.25,383.0,0.0
0.25,405.0,0.0
0.25,417.0,0.0
0.25,415.0,0.0
0.25,415.0,0.0
0.25,414.0,0.0
0.25,420.0,0.0
0.25,429.0,0.0
0.25,424.0,0.0
0.25,437.0,0.0
0.25,444.0,0.0
0.25,445.0,0.0
0.25,459.0,0.0
0.25,457.0,0.0
0.25,463.0,0.0
0.25,465.0,0.0
0.25,463.0,0.0
0.25,472.0,0.0
0.25,472.0,0.0
0.25,471.0,0.0
0.25,463.0,0.0
0.25,475.0,0.0
0.25,470.0,0.0
0.25,474.0,0.0
0.25,476.0,0.0
0.25,476.0,0.0
0.25,482.0,0.0
0.25,474.0,0.0
0.25,481.0,0.0
0.25,489.0,0.0
0.25,481.0,0.0
0.25,493.0,0.0
0.25,494.0,0.0
0.25,494.0,0.0
0.25,502.0,0.0
0.25,499.0,0.0
0.25,510.0,0.0
0.25,509.0,0.0
0.25,508.0,0.0
0.25,536.0,0.0
0.25,538.0,0.0
0.25,552.0,0.0
0.25,567.0,0.0
0.25,577.0,0.0
0.25,599.0,0.0
0.25,596.0,0.0
0.25,611.0,0.0
0.25,613.0,0.0
0.25,632.0,0.0
0.25,665.0,0.0
0.25,677.0,0.0
0.25,675.0,0.0
0.25,699.0,0.0
0.25,701.0,0.0
0.25,712.0,0.0
0.25,719.0,0.0
0.25,716.0,0.0
0.25,745.0,0.0
0.25,736.0,0.0
0.25,738.0,0.0
0.25,738.0,0.0
0.25,764.0,0.0
0.25,753.0,0.0
0.25,756.0,0.0
0.25,763.0,0.0
0.25,756.0,0.0
0.25,761.0,0.0
0.25,747.0,0.0
0.25,744.0,0.0
0.25,765.0,0.0
0.25,762.0,0.0
0.25,764.0,0.0
0.25,784.0,0.0
0.25,779.0,0.0
0.25,778.0,0.0
0.25,788.0,0.0
0.25,795.0,0.0
0.25,804.0,0.0
0.25,791.0,0.0
0.25,785.0,0.0
0.25,814.0,0.0
0.25,805.0,0.0
0.25,811.0,0.0
0.25,833.0,0.0
0.25,831.0,0.0
0.25,843.0,0.0
0.25,841.0,0.0
0.25,847.0,0.0
0.25,859.0,0.0
0.25,853.0,0.0
0.25,858.0,0.0
0.25,867.0,0.0
0.25,852.0,0.0
0.25,870.0,0.0
0.25,873.0,0.0
0.25,865.0,0.0
0.25,869.0,0.0
0.25,855.0,0.0
0.25,875.0,0.0
0.25,879.0,0.0
0.25,860.0,0.0
0.25,874.0,0.0
0.25,889.0,0.0
0.25,889.0,0.0
0.25,887.0,0.0
0.25,900.0,0.0
0.25,907.0,0.0
0.25,903.0,0.0
0.25,904.0,0.0
0.25,890.0,0.0
0.25,902.0,0.0
0.25,923.0,0.0
0.25,908.0,0.0
0.25,927.0,0.0
0.25,945.0,0.0
0.25,939.0,0.0
0.25,952.0,0.0
0.25,948.0,0.0
0.25,947.0,0.0
0.25,957.0,0.0
0.25,938.0,0.0
0.25,966.0,0.0
0.25,973.0,0.0
0.25,955.0,0.0
0.25,966.0,0.0
0.25,975.0,0.0
0.25,978.0,0.0
0.25,998.0,0.0
0.25,997.0,0.0
0.25,1014.0,0.0
0.25,1009.0,0.0
0.25,1000.0,0.0
0.25,1012.0,0.0
0.25,1004.0,0.0
0.25,1027.0,0.0
0.25,1026.0,0.0
0.25,1011.0,0.0
0.25,1027.0,0.0
0.25,1014.0,0.0
0.25,1018.0,0.0
0.25,1023.0,0.0
0.25,1006.0,0.0
0.25,1034.0,0.0
0.25,1049.0,0.0
0.25,1034.0,0.0
0.25,1034.0,0.0
0.25,1039.0,0.0
0.25,1035.0,0.0
0.25,1034.0,0.0
0.25,1050.0,0.0
0.25,1044.0,0.0
0.25,1065.0,0.0
0.25,1069.0,0.0
0.25,1047.0,0.0
0.25,1053.0,0.0
0.25,1084.0,0.0
0.25,1070.0,0.0
0.25,1081.0,0.0
0.25,1091.0,0.0
0.25,1092.0,0.0
0.25,1108.0,0.0
0.25,1104.0,0.0
0.25,1116.0,0.0
0.25,1145.0,0.0
0.25,1134.0,0.0
0.25,1153.0,0.0
0.25,1178.0,0.0
0.25,1168.0,0.0
0.25,1165.0,0.0
0.25,1155.0,0.0
0.25,1160.0,0.0
0.25,1188.0,0.0
0.25,1181.0,0.0
0.25,1160.0,0.0
0.25,1169.0,0.0
0.25,1153.0,0.0
0.25,1142.0,0.0
0.25,1179.0,0.0
0.25,1167.0,0.0
0.25,1157.0,0.0
0.25,1153.0,0.0
0.25,1145.0,0.0
0.25,1172.0,0.0
0.25,1167.0,0.0
0.25,1160.0,0.0
0.25,1184.0,0.0
0.25,1212.0,0.0
0.25,1212.0,0.0
0.25,1212.0,0.0
0.25,1235.0,0.0
0.25,1246.0,0.0
0.25,1246.0,0.0
0.25,1257.0,0.0
0.25,1254.0,0.0
0.25,1277.0,0.0
0.25,1322.0,0.0
0.25,1318.0,0.397727
0.25,1331.0,0.397727
0.25,1356.0,0.397727
0.25,1359.0,0.397727
0.25,1389.0,0.397727
0.25,1397.0,0.397727
0.25,1398.0,0.397727
0.25,1408.0,0.397727
0.25,1414.0,0.397727
0.25,1447.0,0.397727
0.25,1516.0,0.397727
0.25,1510.0,0.397727
0.25,1455.0,0.397727
0.25,1456.0,0.397727
0.25,1426.0,0.397727
0.25,1414.0,0.397727
0.25,1437.0,0.397727
0.25,1405.0,0.397727
0.333333,1414.0,0.397727
0.333333,1398.0,0.0
0.333333,1398.0,0.0
0.333333,1432.0,0.0
0.333333,1482.0,0.0
0.333333,1427.0,0.0
0.333333,1419.0,0.0
0.333333,1452.0,0.0
0.333333,1411.0,0.0
0.333333,1422.0,0.0
0.333333,1396.0,0.0
0.416667,1367.0,0.284091
0.416667,1424.0,0.284091
0.416667,1413.0,0.284091
0.416667,1409.0,0.284091
0.416667,1436.0,0.284091
0.416667,1436.0,0.284091
0.416667,1437.0,0.284091
0.416667,1441.0,0.284091
0.416667,1474.0,0.284091
0.5,1498.0,0.284091
0.5,1512.0,0.284091
0.5,1521.0,0.284091
0.5,1505.0,0.284091
0.5,1490.0,0.284091
0.5,1494.0,0.284091
0.5,1487.0,0.284091
0.5,1481.0,0.284091
0.583333,1509.0,0.284091
0.583333,1518.0,0.340909
0.583333,1519.0,0.340909
0.583333,1527.0,0.340909
0.583333,1515.0,0.340909
0.583333,1516.0,0.340909
0.583333,1523.0,0.340909
0.583333,1491.0,0.340909
0.666667,1477.0,0.397727
0.666667,1483.0,0.397727
0.666667,1447.0,0.397727
0.666667,1419.0,0.397727
0.666667,1482.0,0.397727
0.666667,1502.0,0.397727
0.666667,1499.0,0.397727
0.75,1508.0,0.397727
0.75,1523.0,0.397727
0.75,1534.0,0.397727
0.75,1524.0,0.397727
0.75,1485.0,0.397727
0.75,1465.0,0.397727
0.833333,1485.0,0.397727
0.833333,1473.0,0.454545
0.833333,1464.0,0.454545
0.833333,1492.0,0.454545
0.833333,1546.0,0.454545
0.833333,1550.0,0.454545
0.833333,1574.0,0.454545
0.916667,1593.0,0.454545
0.916667,1606.0,0.454545
0.916667,1625.0,0.454545
0.916667,1625.0,0.454545
1.0,1584.0,0.454545
1.0,1555.0,0.625
1.0,1625.0,0.625
1.0,1636.0,0.625
1.0,1583.0,0.625
1.08333,1633.0,0.625
1.08333,1713.0,0.625
1.08333,1705.0,0.625
1.16667,1717.0,0.625
1.16667,1651.0,0.795454
1.16667,1544.0,0.795454
1.16667,1485.0,0.795454
1.25,1461.0,0.795454
1.25,1460.0,0.795454
1.25,1468.0,0.795454
1.25,1491.0,0.795454
1.25,1506.0,0.795454
1.25,1497.0,0.795454
1.33333,1494.0,0.511364
1.33333,1525.0,0.511364
1.41667,1538.0,0.511364
1.41667,1507.0,1.07955
1.41667,1482.0,1.07955
1.41667,1456.0,1.07955
1.41667,1405.0,1.07955
1.41667,1425.0,1.07955
1.41667,1482.0,1.07955
1.41667,1483.0,1.07955
1.41667,1414.0,1.07955
1.41667,1376.0,1.07955
1.5,1399.0,0.284091
1.5,1437.0,0.284091
1.5,1480.0,0.284091
1.5,1512.0,0.284091
1.5,1419.0,0.284091
1.5,1338.0,0.284091
1.5,1317.0,0.284091
1.58333,1327.0,0.284091
1.58333,1342.0,0.397727
1.66667,1354.0,0.397727
1.66667,1367.0,1.59091
1.66667,1367.0,1.59091
1.75,1368.0,1.59091
1.75,1334.0,0.965909
1.83333,1394.0,0.965909
1.83333,1510.0,1.47727
1.91667,1567.0,1.81818
2.0,1559.0,1.81818
2.0,1564.0,1.875
2.08333,1586.0,1.875
2.16667,1640.0,2.27273
2.16667,1734.0,2.27273
2.16667,1758.0,2.27273
2.25,1775.0,0.965909
2.33333,1798.0,0.965909
2.41667,1830.0,2.32954
2.5,1840.0,2.89773
2.5,1840.0,2.10227
2.5,1832.0,2.10227
2.5,1773.0,2.10227
2.58333,1727.0,2.10227
2.66667,1719.0,0.681818
2.66667,1710.0,2.95454
2.75,1694.0,2.32954
2.83333,1641.0,2.5
2.91667,1559.0,2.5
2.91667,1571.0,2.5
3.0,1563.0,2.5
3.08333,1557.0,1.25
3.16667,1547.0,2.5
3.25,1491.0,3.01136
3.33333,1337.0,2.67045
3.41667,1274.0,2.32954
3.5,1274.0,3.18182
3.58333,1274.0,2.78409
3.58333,1259.0,2.61364
3.66667,1250.0,2.72727
3.75,1227.0,2.78409
3.83333,1163.0,2.89773
3.91667,1125.0,2.67045
4.0,1128.0,3.06818
4.08333,1100.0,2.67045
4.16667,1054.0,3.01136
4.16667,1013.0,3.01136
4.16667,1013.0,3.01136
4.25,1023.0,0.909091
4.25,1044.0,0.909091
4.25,1039.0,0.909091
4.25,990.0,0.909091
4.33333,994.0,0.909091
4.33333,1010.0,0.625
4.33333,985.0,0.625
4.41667,987.0,0.625
4.5,1119.0,0.965909
4.58333,1154.0,3.46591
4.66667,1140.0,3.18182
4.66667,1168.0,3.18182
4.75,1203.0,1.47727
4.83333,1203.0,3.35227
5.0,1189.0,3.06818
5.08333,1184.0,3.01136
5.16667,1172.0,2.84091
5.25,1139.0,3.97727
5.25,1113.0,2.95454
5.25,1110.0,2.95454
5.33333,1140.0,1.07955
5.33333,1294.0,1.07955
5.41667,1398.0,1.47727
5.5,1458.0,3.46591
5.58333,1472.0,3.46591
5.66667,1461.0,1.76136
5.75,1408.0,2.72727
5.75,1407.0,3.06818
5.83333,1390.0,1.76136
6.0,1376.0,1.76136
6.08333,1359.0,3.23864
6.16667,1362.0,3.18182
6.25,1312.0,3.06818
6.33333,1232.0,3.92045
6.5,1313.0,3.92045
6.58333,1404.0,3.97727
6.58333,1433.0,3.18182
6.66667,1381.0,1.81818
6.66667,1295.0,1.81818
6.66667,1301.0,1.81818
6.66667,1347.0,1.81818
6.66667,1348.0,1.81818
6.66667,1348.0,1.81818
6.83333,1520.0,1.81818
6.91667,1465.0,4.20454
7.0,1359.0,4.77273
7.16667,1293.0,3.57954
7.25,1297.0,3.29545
7.33333,1333.0,3.35227
7.41667,1345.0,3.57954
7.58333,1329.0,3.57954
7.58333,1245.0,4.09091
7.58333,1248.0,4.09091
7.75,1372.0,4.09091
7.75,1399.0,3.35227
7.75,1429.0,3.35227
7.75,1427.0,3.35227
7.75,1189.0,3.35227
7.83333,1172.0,0.625
8.0,1242.0,0.625
8.08333,1321.0,3.92045
8.16667,1371.0,3.75
8.33333,1327.0,3.75
8.41667,1243.0,4.14773
8.5,1249.0,3.86364
8.66667,1268.0,3.86364
8.75,1301.0,3.75
8.75,1334.0,4.20454
8.91667,1326.0,4.20454
9.0,1324.0,3.92045
9.16667,1330.0,3.92045
9.16667,1353.0,3.69318
9.16667,1372.0,3.69318
9.16667,1404.0,3.69318
9.25,1458.0,0.795454
9.41667,1397.0,0.795454
9.41667,1362.0,3.80682
9.41667,1354.0,3.80682
9.58333,1358.0,3.80682
9.66667,1452.0,5.17045
9.75,1474.0,5.17045
9.83333,1481.0,4.54545
10.0,1526.0,4.09091
10.0833,1523.0,4.03409
10.0833,1523.0,4.31818
10.25,1547.0,4.31818
10.3333,1575.0,5.17045
10.5,1611.0,5.17045
10.5833,1625.0,3.80682
10.6667,1556.0,3.86364
10.6667,1505.0,3.86364
10.8333,1446.0,3.86364
10.9167,1420.0,4.77273
11.0833,1430.0,4.375
11.1667,1444.0,4.26136
11.3333,1472.0,4.26136
11.4167,1481.0,4.09091
11.5833,1483.0,4.31818
11.5833,1483.0,4.26136
11.6667,1485.0,1.81818
11.8333,1520.0,4.20454
11.8333,1531.0,4.26136
11.9167,1493.0,4.26136
12.0,1455.0,4.31818
12.0,1412.0,4.31818
12.0833,1353.0,1.42045
12.1667,1187.0,1.42045
12.25,1159.0,3.92045
12.4167,1206.0,4.03409
12.5833,1326.0,4.77273
12.6667,1457.0,4.71591
12.8333,1495.0,4.20454
12.9167,1496.0,4.94318
13.0833,1384.0,4.65909
13.25,1316.0,4.48864
13.3333,1223.0,5.0
13.5,1194.0,4.77273
13.5833,1179.0,4.43182
13.75,1208.0,4.43182
13.8333,1316.0,5.05682
14.0,1363.0,4.60227
14.1667,1341.0,4.60227
14.25,1294.0,4.48864
14.4167,1296.0,4.48864
14.5,1338.0,4.94318
14.5833,1361.0,4.94318
14.75,1362.0,4.94318
14.9167,1362.0,4.94318
15.0,1360.0,4.31818
15.0833,1335.0,4.88636
15.0833,1320.0,2.04545
15.0833,1306.0,2.04545
15.25,1229.0,2.04545
15.3333,1176.0,4.77273
15.5,1317.0,4.77273
15.6667,1447.0,4.77273
15.75,1524.0,4.375
15.9167,1567.0,5.0
16.0833,1577.0,4.94318
16.25,1516.0,4.94318
16.3333,1462.0,4.82954
16.5,1461.0,4.82954
16.5,1455.0,4.71591
16.5,1372.0,4.71591
16.5833,1296.0,4.71591
16.75,1245.0,4.71591
16.9167,1244.0,4.82954
17.0833,1342.0,4.82954
17.1667,1378.0,4.88636
17.3333,1436.0,5.17045
17.4167,1443.0,5.05682
17.5,1341.0,5.96591
17.5,1283.0,5.96591
17.6667,1293.0,6.76136
17.75,1282.0,4.54545
17.9167,1284.0,4.54545
17.9167,1296.0,5.17045
17.9167,1312.0,5.17045
18.0,1317.0,1.25
18.1667,1296.0,2.44318
18.3333,1280.0,5.45454
18.5,1260.0,5.39773
18.5833,1274.0,5.22727
18.6667,1311.0,2.67045
18.8333,1328.0,5.0
18.9167,1301.0,5.11364
19.0833,1278.0,5.11364
19.25,1272.0,5.39773
19.25,1266.0,5.39773
19.3333,1250.0,5.39773
19.3333,1250.0,1.64773
19.5,1199.0,1.93182
19.6667,1193.0,5.22727
19.8333,1177.0,5.22727
19.8333,1125.0,4.94318
20.0,1122.0,4.94318
20.1667,1138.0,4.94318
20.25,1151.0,5.17045
20.25,1166.0,2.89773
20.25,1127.0,2.89773
20.4167,1115.0,2.89773
20.5,1117.0,5.45454
20.6667,1117.0,5.45454
20.75,1120.0,5.625
20.9167,1132.0,5.51136
21.0833,1115.0,5.51136
21.25,1093.0,5.51136
21.3333,1072.0,5.05682
21.5,1072.0,6.36363
21.5833,1085.0,5.34091
21.6667,1094.0,5.34091
21.6667,1105.0,1.875
21.75,1111.0,1.875
21.9167,1146.0,4.65909
22.0833,1264.0,5.68182
22.1667,1336.0,6.59091
22.3333,1315.0,6.59091
22.4167,1309.0,5.51136
22.5833,1165.0,5.51136
22.75,1072.0,5.51136
22.8333,1060.0,6.70454
22.9167,1074.0,2.67045
22.9167,1073.0,2.89773
22.9167,1060.0,2.89773
23.0833,1120.0,2.89773
23.25,1279.0,5.625
23.4167,1367.0,5.625
23.5833,1449.0,5.79545
23.75,1479.0,5.79545
23.9167,1445.0,5.79545
24.0833,1383.0,5.79545
24.25,1384.0,5.79545
24.25,1384.0,5.45454
24.25,1287.0,5.45454
24.25,1180.0,5.45454
24.4167,1088.0,5.45454
24.5,1156.0,5.625
24.75,1224.0,5.96591
24.9167,1233.0,6.07954
25.0833,1362.0,6.07954
25.1667,1456.0,6.42045
25.25,1505.0,6.42045
25.4167,1477.0,5.68182
25.4167,1307.0,5.39773
25.5,1167.0,5.39773
25.5,1129.0,1.42045
25.6667,1128.0,2.15909
25.9167,1042.0,5.11364
26.0833,1052.0,6.13636
26.0833,1070.0,6.64773
26.1667,1089.0,6.64773
26.3333,1182.0,6.64773
26.5,1307.0,5.85227
26.6667,1301.0,5.90909
26.6667,1271.0,6.36363
26.8333,1231.0,6.36363
27.0,1186.0,6.30682
27.1667,1064.0,6.30682
27.3333,1040.0,6.30682
27.4167,1043.0,6.13636
27.5833,1044.0,6.13636
27.75,1102.0,6.13636
27.9167,1130.0,7.5
27.9167,1148.0,7.5
27.9167,1131.0,7.5
27.9167,1090.0,7.5
28.0,1142.0,7.5
28.0833,1210.0,0.681818
28.25,1279.0,2.84091
28.4167,1263.0,5.51136
28.5833,1122.0,5.73864
28.75,1082.0,5.73864
28.9167,1069.0,6.02273
28.9167,1136.0,6.70454
28.9167,1183.0,6.70454
28.9167,1183.0,6.70454
29.0,1253.0,0.852273
29.0833,1282.0,0.852273
29.25,1234.0,2.89773
29.3333,1128.0,5.96591
29.4167,1103.0,5.96591
29.5833,1206.0,5.96591
29.75,1246.0,5.96591
29.75,1230.0,6.36363
29.8333,1311.0,1.93182
29.9167,1274.0,1.93182
30.0833,1234.0,6.42045
30.25,1228.0,6.42045
30.3333,1244.0,5.90909
30.5,1245.0,5.90909
30.6667,1222.0,5.85227
30.8333,1214.0,5.85227
30.9167,1223.0,6.25
30.9167,1202.0,3.40909
31.0833,1192.0,3.40909
31.0833,1203.0,6.875
31.1667,1232.0,6.875
31.25,1266.0,6.59091
31.5,1269.0,6.59091
31.6667,1246.0,6.59091
31.8333,1208.0,6.36363
32.0,1126.0,6.36363
32.25,1099.0,6.36363
32.4167,1259.0,6.19318
32.5833,1352.0,6.30682
32.6667,1337.0,6.53409
32.8333,1068.0,6.53409
32.9167,950.0,6.42045
33.0833,965.0,6.42045
33.25,1027.0,6.42045
33.4167,1141.0,6.19318
33.5833,1180.0,6.19318
33.75,1182.0,6.76136
34.0,1192.0,6.59091
34.0,1217.0,6.25
34.0,1299.0,6.25
34.1667,1302.0,6.25
34.4167,1228.0,7.78409
34.5833,1228.0,6.02273
34.6667,1142.0,6.98863
34.9167,1128.0,6.98863
35.0,1190.0,6.42045
35.1667,1216.0,6.64773
35.3333,1210.0,6.42045
35.4167,1157.0,6.25
35.5833,1118.0,6.25
35.75,1120.0,6.53409
35.9167,1159.0,6.36363
36.1667,1219.0,6.36363
36.3333,1221.0,6.36363
36.5,1237.0,6.53409
36.75,1236.0,6.47727
36.8333,1201.0,6.02273
37.0,1203.0,6.02273
37.1667,1190.0,6.13636
37.4167,1175.0,6.875
37.5,1213.0,8.35227
37.75,1290.0,7.38636
37.9167,1265.0,6.93182
37.9167,1205.0,6.76136
38.0833,1150.0,6.76136
38.3333,1128.0,6.76136
38.3333,1262.0,6.59091
38.4167,1281.0,6.59091
38.5833,1249.0,6.36363
38.6667,1247.0,6.36363
38.8333,1093.0,6.13636
39.0833,1081.0,6.13636
39.25,1119.0,6.25
39.4167,1151.0,6.30682
39.5833,1146.0,6.47727
39.5833,1154.0,5.90909
39.75,1173.0,5.90909
39.9167,1218.0,6.02273
39.9167,1265.0,9.375
40.0833,1333.0,9.375
40.3333,1276.0,7.10227
40.3333,1163.0,6.76136
40.5,1109.0,6.76136
40.5833,1120.0,6.13636
40.8333,1120.0,6.13636
41.0,1230.0,6.13636
41.1667,1268.0,6.30682
41.3333,1240.0,6.36363
41.5,1137.0,6.36363
41.6667,1032.0,7.67045
41.8333,1089.0,7.10227
41.9167,1151.0,6.19318
42.0,1227.0,3.52273
42.1667,1354.0,3.52273
42.25,1329.0,6.07954
42.25,1300.0,6.07954
42.25,1335.0,6.07954
42.3333,1380.0,6.07954
42.5833,1333.0,6.07954
42.75,1230.0,6.07954
42.9167,1162.0,6.42045
43.0833,1132.0,6.42045
43.25,1233.0,6.42045
43.4167,1323.0,6.42045
43.5833,1369.0,6.42045
43.75,1386.0,6.53409
43.75,1391.0,6.70454
44.0,1325.0,6.70454
44.1667,1258.0,6.70454
44.4167,1199.0,6.70454
44.4167,1191.0,5.73864
44.5833,1185.0,5.73864
44.6667,1134.0,9.71591
44.6667,1047.0,2.15909
44.8333,972.0,2.15909
44.8333,1062.0,7.84091
45.0,1182.0,7.84091
45.25,1243.0,7.61363
45.4167,1289.0,6.98863
45.5833,1318.0,6.64773
45.75,1231.0,6.64773
46.0,1148.0,6.64773
46.1667,1057.0,6.64773
46.4167,980.0,6.64773
46.5833,970.0,6.42045
46.5833,970.0,6.59091
46.8333,949.0,6.59091
47.0,949.0,6.59091
47.25,936.0,6.93182
47.3333,1004.0,7.04545
47.5,1193.0,7.04545
47.5833,1167.0,3.46591
47.5833,1166.0,3.46591
47.5833,1205.0,3.46591
47.5833,1140.0,3.46591
47.75,1084.0,3.46591
47.9167,1080.0,6.25
48.0833,1110.0,6.59091
48.25,1144.0,6.76136
48.4167,1146.0,8.80682
48.5,1148.0,7.84091
48.5833,1176.0,6.53409
48.5833,1197.0,6.53409
48.5833,1241.0,6.53409
48.75,1279.0,6.53409
48.9167,1318.0,6.53409
49.0833,1314.0,6.53409
49.3333,1265.0,6.53409
49.5,1289.0,6.47727
49.75,1383.0,6.47727
49.75,1407.0,8.29545
49.8333,1330.0,2.15909
49.9167,1245.0,3.46591
50.0833,1218.0,3.46591
50.25,1220.0,6.875
50.4167,1206.0,6.875
50.5,1215.0,6.02273
50.75,1213.0,6.02273
50.9167,1212.0,6.02273
51.0833,1206.0,7.15909
51.0833,1236.0,7.15909
51.0833,1246.0,7.15909
51.1667,1254.0,7.15909
51.25,1255.0,0.852273
51.5,1251.0,6.13636
51.5,1237.0,8.52273
51.6667,1239.0,8.52273
51.8333,1246.0,8.52273
51.9167,1248.0,8.57954
51.9167,1244.0,3.18182
52.0,1244.0,1.76136
52.1667,1228.0,3.06818
52.3333,1209.0,3.18182
52.5,1217.0,6.64773
52.75,1236.0,6.64773
52.9167,1247.0,6.93182
53.0,1282.0,7.61363
53.1667,1360.0,7.61363
53.25,1303.0,6.02273
53.5,1308.0,6.02273
53.5833,1374.0,5.85227
53.8333,1392.0,5.85227
54.0,1383.0,6.76136
54.0833,1367.0,7.27273
54.25,1335.0,7.27273
54.4167,1320.0,6.81818
54.6667,1310.0,6.81818
54.8333,1301.0,6.59091
54.9167,1244.0,7.5
55.0,1250.0,7.5
55.0833,1320.0,7.55682
55.25,1327.0,7.55682
55.4167,1253.0,6.875
55.5833,1246.0,6.81818
55.75,1255.0,5.79545
55.9167,1278.0,6.36363
56.0,1292.0,6.25
56.1667,1371.0,6.25
56.25,1359.0,6.76136
56.5,1309.0,6.76136
56.6667,1246.0,6.70454
56.8333,1218.0,6.70454
56.9167,1163.0,6.875
57.1667,1158.0,6.875
57.25,1234.0,6.30682
57.25,1286.0,6.30682
57.4167,1202.0,6.30682
57.4167,1124.0,6.98863
57.5833,1168.0,6.98863
57.8333,1215.0,6.59091
57.9167,1230.0,8.63636
58.0833,1235.0,8.63636
58.25,1235.0,7.95454
58.4167,1223.0,7.21591
58.4167,1207.0,7.38636
58.4167,1203.0,7.38636
58.4167,1241.0,7.38636
58.5833,1268.0,7.38636
58.75,1269.0,7.38636
58.9167,1247.0,7.38636
59.0833,1205.0,7.27273
59.25,1129.0,7.27273
59.5,1154.0,7.27273
59.5,1258.0,7.84091
59.6667,1302.0,7.84091
59.8333,1298.0,6.70454
60.0,1146.0,6.70454
60.1667,1120.0,6.70454
60.3333,1229.0,6.70454
60.4167,1302.0,8.40909
60.5833,1282.0,7.67045
60.6667,1223.0,7.10227
60.6667,1170.0,2.32954
60.6667,1132.0,2.32954
60.8333,1148.0,2.32954
60.9167,1189.0,6.93182
61.1667,1206.0,6.93182
61.4167,1211.0,6.93182
61.5,1359.0,6.53409
61.6667,1359.0,6.53409
61.9167,1145.0,6.53409
62.0,1072.0,6.42045
62.0,1171.0,6.42045
62.1667,1254.0,6.42045
62.1667,1347.0,7.55682
62.4167,1354.0,7.55682
62.5833,1094.0,7.55682
62.8333,984.0,7.38636
63.0,1002.0,7.32954
63.1667,1096.0,7.32954
63.25,1187.0,3.18182
63.3333,1168.0,3.18182
63.5,1139.0,3.18182
63.6667,1141.0,3.35227
63.8333,1217.0,3.35227
64.0833,1217.0,6.875
64.25,1181.0,6.875
64.4167,1175.0,6.19318
64.5,1183.0,7.38636
64.5833,1206.0,3.75
64.5833,1287.0,3.75
64.75,1286.0,3.75
64.9167,1237.0,3.75
65.0,1206.0,3.69318
65.1667,1214.0,3.69318
65.3333,1286.0,3.69318
65.5,1285.0,6.47727
65.5833,1262.0,7.67045
65.75,1261.0,7.38636
65.75,1288.0,7.38636
65.8333,1308.0,1.64773
65.9167,1285.0,2.38636
66.0,1243.0,2.38636
66.1667,1112.0,2.38636
66.25,1118.0,6.93182
66.3333,1119.0,2.21591
66.5,1114.0,3.125
66.6667,1161.0,8.29545
66.6667,1170.0,8.29545
66.75,1222.0,8.29545
66.8333,1306.0,1.13636
67.0833,1368.0,3.23864
67.25,1216.0,7.15909
67.4167,1141.0,5.96591
67.4167,1163.0,6.93182
67.6667,1223.0,6.93182
67.6667,1212.0,6.64773
67.6667,1216.0,6.64773
67.6667,1251.0,6.64773
67.75,1260.0,6.64773
67.9167,1275.0,6.64773
68.0833,1293.0,6.64773
68.25,1205.0,6.64773
68.5,1115.0,7.67045
68.6667,1110.0,7.67045
68.75,1129.0,6.36363
68.75,1153.0,6.36363
68.8333,1176.0,6.36363
68.9167,1176.0,7.5
69.1667,1193.0,7.5
69.3333,1169.0,7.5
69.5,1162.0,6.25
69.5833,1199.0,6.98863
69.8333,1232.0,6.98863
70.0,1320.0,7.10227
70.0833,1343.0,6.47727
70.1667,1224.0,6.47727
70.3333,1093.0,6.47727
70.5,1062.0,6.47727
70.75,1174.0,6.47727
70.8333,1230.0,6.59091
71.0833,1241.0,6.59091
71.3333,1211.0,6.875
71.4167,1159.0,7.38636
71.4167,1121.0,7.38636
71.5833,1181.0,7.38636
71.8333,1283.0,7.04545
71.9167,1325.0,6.25
72.0833,1264.0,6.25
72.1667,1296.0,6.81818
72.4167,1312.0,6.81818
72.4167,1319.0,7.21591
72.5833,1284.0,7.21591
72.5833,1237.0,3.57954
72.75,1238.0,3.57954
72.9167,1238.0,7.27273
73.1667,1305.0,7.27273
73.1667,1346.0,6.30682
73.25,1176.0,6.30682
73.4167,1093.0,6.81818
73.6667,1177.0,6.81818
73.75,1348.0,6.64773
73.9167,1412.0,6.64773
74.0833,1363.0,6.64773
74.3333,1292.0,8.63636
74.4167,1210.0,7.15909
74.5833,1232.0,7.15909
74.6667,1250.0,8.18182
74.8333,1251.0,8.18182
75.0,1308.0,8.18182
75.0833,1308.0,6.98863
75.1667,1443.0,6.98863
75.4167,1513.0,7.44318
75.5833,1507.0,7.15909
75.8333,1454.0,7.55682
76.0,1325.0,7.21591
76.25,1301.0,7.21591
76.3333,1320.0,7.38636
76.5,1345.0,7.38636
76.5,1374.0,7.32954
76.5833,1302.0,7.32954
76.8333,1271.0,7.32954
77.0,1282.0,7.15909
77.25,1281.0,7.15909
77.3333,1309.0,7.10227
77.5,1316.0,7.10227
77.6667,1309.0,7.10227
77.9167,1320.0,6.76136
78.0,1345.0,7.10227
78.1667,1382.0,7.10227
78.3333,1389.0,6.81818
78.5,1368.0,6.81818
78.5833,1351.0,6.98863
78.75,1349.0,6.98863
78.9167,1332.0,6.07954
79.0,1319.0,6.19318
79.1667,1335.0,6.19318
79.3333,1336.0,6.19318
79.4167,1320.0,6.64773
79.5833,1281.0,6.76136
79.8333,1206.0,6.76136
80.0,1177.0,7.32954
80.25,1292.0,7.32954
80.3333,1321.0,7.27273
80.4167,1294.0,7.10227
80.5833,1243.0,7.10227
80.6667,1292.0,7.5
80.75,1387.0,3.52273
80.9167,1416.0,2.5
81.0833,1405.0,6.13636
81.25,1362.0,6.98863
81.4167,1259.0,6.98863
81.6667,1196.0,6.98863
81.6667,1196.0,6.53409
81.6667,1206.0,6.53409
81.6667,1259.0,6.53409
81.8333,1267.0,6.53409
82.0833,1243.0,6.53409
82.25,1193.0,7.61363
82.5,1172.0,7.61363
82.6667,1241.0,7.32954
82.9167,1366.0,7.61363
83.0833,1383.0,7.61363
83.25,1338.0,6.81818
83.25,1252.0,6.42045
83.4167,1197.0,6.42045
83.5833,1240.0,6.42045
83.8333,1206.0,6.42045
83.8333,1167.0,6.19318
84.0833,1216.0,6.19318
84.25,1215.0,6.64773
84.5,1164.0,7.10227
84.5833,1156.0,6.47727
84.6667,1241.0,6.47727
84.9167,1248.0,6.47727
85.0,1120.0,6.42045
85.25,1087.0,6.42045
85.25,1189.0,7.15909
85.5,1263.0,7.15909
85.6667,1267.0,6.98863
85.8333,1244.0,6.30682
85.8333,1237.0,7.38636
85.9167,1196.0,7.38636
86.0,1204.0,1.42045
86.25,1235.0,7.89773
86.3333,1243.0,5.85227
86.5,1221.0,5.85227
86.75,1245.0,5.85227
86.9167,1266.0,6.53409
87.0833,1253.0,6.53409
87.0833,1230.0,6.76136
87.1667,1128.0,6.76136
87.3333,1088.0,6.76136
87.5,1086.0,6.76136
87.6667,1235.0,7.04545
87.6667,1418.0,7.04545
87.9167,1418.0,7.04545
88.0833,1422.0,7.04545
88.1667,1305.0,6.70454
88.1667,1183.0,6.70454
88.25,1112.0,6.70454
88.3333,1069.0,7.5
88.5,1191.0,7.5
88.5833,1363.0,6.36363
88.75,1494.0,6.36363
88.9167,1417.0,6.98863
89.0,1361.0,3.125
89.25,1312.0,3.40909
89.25,1314.0,6.70454
89.4167,1313.0,6.70454
89.5,1288.0,6.64773
89.6667,1292.0,6.64773
89.8333,1251.0,6.64773
89.9167,1198.0,6.70454
90.0833,1109.0,6.70454
90.25,1210.0,7.32954
90.4167,1355.0,7.32954
90.4167,1385.0,7.5
90.5833,1253.0,7.5
90.75,1136.0,6.93182
91.0,1134.0,6.93182
91.1667,1210.0,6.93182
91.3333,1217.0,6.59091
91.4167,1313.0,6.59091
91.5833,1213.0,6.59091
91.5833,1124.0,7.78409
91.6667,1138.0,7.78409
91.9167,1309.0,7.78409
92.0,1383.0,6.70454
92.25,1325.0,6.70454
92.4167,1266.0,6.76136
92.5,1222.0,6.59091
92.75,1185.0,7.32954
92.75,1282.0,8.125
93.0,1321.0,8.125
93.1667,1319.0,7.84091
93.3333,1282.0,7.84091
93.4167,1288.0,7.10227
93.5,1288.0,7.32954
93.6667,1307.0,6.98863
93.75,1303.0,3.35227
93.8333,1211.0,3.35227
94.0833,1112.0,3.35227
94.25,1103.0,5.96591
94.25,1116.0,6.19318
94.3333,1186.0,2.15909
94.3333,1246.0,2.15909
94.5833,1305.0,2.15909
94.75,1390.0,6.36363
94.9167,1433.0,6.81818
95.1667,1363.0,7.04545
95.3333,1216.0,6.76136
95.5,1178.0,6.25
95.5,1194.0,10.0
95.5833,1122.0,10.0
95.8333,1050.0,10.0
95.9167,1114.0,7.38636
96.0,1182.0,7.38636
96.25,1249.0,6.53409
96.25,1286.0,6.02273
96.4167,1323.0,6.02273
96.6667,1281.0,6.02273
96.8333,1194.0,6.47727
96.8333,1185.0,6.19318
96.8333,1196.0,6.19318
97.0,1246.0,6.19318
97.1667,1243.0,6.19318
97.4167,1176.0,7.38636
97.5833,1055.0,6.30682
97.75,1042.0,6.30682
98.0,1078.0,6.70454
98.1667,1196.0,6.70454
98.3333,1287.0,6.70454
98.5833,1204.0,6.70454
98.6667,1067.0,6.36363
98.8333,1052.0,6.36363
99.0833,1196.0,6.36363
99.1667,1373.0,7.32954
99.25,1373.0,6.98863
99.4167,1325.0,7.10227
99.6667,1342.0,7.10227
99.75,1342.0,6.07954
99.9167,1304.0,6.07954
100.167,1265.0,6.25
100.333,1237.0,6.47727
100.5,1246.0,6.47727
100.75,1286.0,6.59091
100.917,1435.0,6.59091
101.083,1545.0,6.47727
101.333,1540.0,6.47727
101.5,1411.0,6.47727
101.667,1332.0,6.76136
101.75,1369.0,6.19318
101.917,1368.0,6.19318
102.083,1544.0,6.19318
102.333,1550.0,6.53409
102.417,1350.0,6.25
102.583,1194.0,6.25
102.75,1199.0,6.25
102.917,1304.0,5.90909
103.083,1291.0,5.90909
103.25,1227.0,6.25
103.333,1184.0,6.30682
103.5,1179.0,6.30682
103.667,1215.0,6.36363
103.833,1219.0,6.70454
104.0,1237.0,6.70454
104.083,1235.0,3.46591
104.167,1250.0,3.46591
104.333,1261.0,5.96591
104.417,1295.0,6.02273
104.5,1411.0,5.85227
104.5,1497.0,5.85227
104.667,1351.0,5.85227
104.917,1251.0,6.36363
105.083,1185.0,6.36363
105.167,1151.0,5.85227
105.25,1132.0,7.95454
105.417,1167.0,7.95454
105.583,1185.0,6.47727
105.667,1190.0,5.90909
105.833,1188.0,5.90909
106.0,1270.0,6.13636
106.25,1499.0,6.13636
106.417,1499.0,6.13636
106.583,1537.0,6.02273
106.75,1481.0,6.02273
106.833,1309.0,5.96591
107.0,1191.0,9.03409
107.083,1138.0,3.125
107.167,1178.0,3.125
107.25,1262.0,6.30682
107.333,1260.0,6.30682
107.5,1265.0,6.25
107.667,1299.0,6.70454
107.833,1377.0,6.70454
108.0,1390.0,6.70454
108.25,1356.0,6.70454
108.417,1343.0,6.59091
108.583,1352.0,6.59091
108.667,1270.0,6.07954
108.667,1247.0,3.06818
108.75,1279.0,1.98864
109.0,1336.0,6.07954
109.167,1406.0,6.07954
109.333,1340.0,5.90909
109.417,1253.0,6.36363
109.583,1212.0,6.36363
109.75,1230.0,6.19318
110.0,1255.0,5.85227
110.0,1284.0,5.56818
110.167,1371.0,5.56818
110.333,1394.0,6.30682
110.5,1308.0,6.30682
110.667,1267.0,6.19318
110.833,1339.0,6.02273
111.0,1416.0,6.02273
111.083,1360.0,5.56818
111.25,1086.0,5.56818
111.333,1077.0,5.17045
111.583,1179.0,5.17045
111.75,1206.0,5.45454
111.75,1216.0,6.36363
111.75,1224.0,6.36363
111.917,1324.0,6.36363
112.083,1388.0,6.36363
112.25,1388.0,6.36363
112.417,1242.0,6.36363
112.583,1107.0,6.02273
112.667,1189.0,6.13636
112.833,1276.0,6.13636
112.917,1280.0,5.17045
113.083,1143.0,5.17045
113.083,1142.0,5.90909
113.167,1238.0,5.90909
113.25,1224.0,3.23864
113.5,1142.0,5.05682
113.667,1145.0,5.73864
113.833,1144.0,5.73864
114.0,1186.0,5.73864
114.167,1223.0,5.73864
114.25,1343.0,5.11364
114.25,1446.0,5.11364
114.333,1519.0,5.11364
114.5,1492.0,5.79545
114.5,1434.0,5.90909
114.583,1367.0,5.90909
114.667,1347.0,1.76136
114.833,1411.0,2.89773
114.917,1462.0,6.76136
115.083,1348.0,6.76136
115.25,1225.0,6.19318
115.417,1225.0,5.51136
115.583,1109.0,5.51136
115.75,1210.0,5.51136
115.833,1355.0,5.45454
115.917,1419.0,5.45454
116.083,1424.0,5.45454
116.25,1365.0,5.45454
116.417,1405.0,5.45454
116.5,1457.0,5.39773
116.667,1452.0,5.39773
116.75,1429.0,5.45454
116.917,1438.0,6.875
116.917,1412.0,6.875
117.0,1351.0,6.875
117.083,1351.0,6.25
117.167,1345.0,6.25
117.333,1416.0,6.25
117.5,1416.0,6.02273
117.667,1504.0,5.85227
117.833,1530.0,5.85227
117.917,1406.0,5.73864
117.917,1371.0,5.73864
118.083,1459.0,5.73864
118.25,1473.0,5.73864
118.417,1379.0,5.28409
118.583,1177.0,5.28409
118.75,1190.0,5.51136
118.833,1276.0,6.47727
118.917,1313.0,2.55682
119.083,1351.0,5.90909
119.25,1365.0,5.90909
119.25,1357.0,5.85227
119.417,1391.0,5.85227
119.5,1474.0,5.68182
119.667,1621.0,5.68182
119.667,1626.0,5.51136
119.667,1608.0,5.51136
119.833,1620.0,5.51136
119.917,1542.0,5.05682
120.0,1519.0,5.05682
120.0,1546.0,1.76136
120.083,1551.0,1.76136
120.25,1526.0,5.0
120.417,1470.0,5.0
120.5,1376.0,4.88636
120.583,1398.0,4.88636
120.667,1503.0,4.09091
120.75,1612.0,2.67045
120.75,1579.0,2.67045
120.833,1589.0,1.59091
120.833,1653.0,1.59091
120.833,1668.0,1.59091
120.833,1585.0,1.59091
121.0,1518.0,1.59091
121.083,1491.0,4.82954
121.167,1544.0,4.82954
121.25,1607.0,2.61364
121.333,1662.0,5.45454
121.5,1718.0,5.45454
121.583,1807.0,5.28409
121.667,1807.0,3.92045
121.75,1931.0,4.48864
121.75,1856.0,4.48864
121.833,1800.0,4.48864
121.917,1828.0,0.965909
122.083,1761.0,4.375
122.167,1636.0,4.43182
122.333,1563.0,4.31818
122.417,1547.0,4.94318
122.583,1611.0,4.94318
122.75,1711.0,4.94318
122.75,1713.0,4.82954
122.917,1818.0,4.82954
123.0,1776.0,6.07954
123.083,1742.0,2.10227
123.167,1831.0,4.54545
123.167,1917.0,4.54545
123.333,1934.0,4.54545
123.333,1807.0,4.31818
123.5,1705.0,4.31818
123.583,1705.0,5.51136
123.667,1728.0,4.31818
123.833,1742.0,4.31818
123.917,1535.0,4.375
124.083,1467.0,4.375
124.167,1469.0,4.375
124.333,1538.0,4.375
124.5,1632.0,4.375
124.5,1710.0,4.77273
124.583,1753.0,1.875
124.75,1763.0,1.875
124.75,1688.0,4.09091
124.833,1696.0,4.09091
124.917,1770.0,1.30682
125.083,1830.0,3.97727
125.167,1859.0,4.375
125.25,1750.0,3.29545
125.417,1758.0,3.29545
125.5,1803.0,3.80682
125.583,1802.0,3.80682
125.667,1925.0,1.875
125.667,1928.0,4.65909
125.833,1928.0,4.65909
125.917,1843.0,3.80682
125.917,1841.0,3.97727
125.917,1865.0,3.97727
125.917,1939.0,3.97727
125.917,1963.0,3.97727
125.917,1932.0,3.97727
126.083,1880.0,3.97727
126.167,1699.0,4.54545
126.167,1600.0,3.97727
126.25,1627.0,1.81818
126.417,1670.0,3.75
126.5,1661.0,4.26136
126.583,1708.0,2.15909
126.667,1730.0,3.29545
126.75,1705.0,3.80682
126.833,1712.0,3.80682
126.917,1805.0,1.76136
127.0,1793.0,3.92045
127.167,1806.0,3.92045
127.25,1821.0,4.26136
127.333,1788.0,3.69318
127.417,1320.0,3.06818
127.417,738.0,3.06818
127.5,527.0,1.30682
127.667,193.0,2.67045
127.667,29.0,4.71591
127.833,0.0,4.71591
127.917,0.0,3.29545
128.0,0.0,3.23864
128.083,0.0,3.35227
128.083,0.0,3.18182
128.167,0.0,3.18182
128.25,0.0,1.25
128.25,0.0,2.84091
128.333,0.0,2.84091
128.417,0.0,1.47727
128.417,0.0,2.67045
128.417,0.0,2.67045
128.417,0.0,2.67045
128.417,0.0,2.67045
128.5,0.0,2.67045
128.5,0.0,0.568182
128.5,0.0,0.568182
128.5,32.0,0.568182
128.583,942.0,0.568182
128.583,1794.0,0.681818
128.667,2060.0,2.38636
128.75,1804.0,2.04545
128.833,1413.0,2.04545
128.833,1596.0,1.98864
128.917,1834.0,1.98864
128.917,1931.0,1.98864
129.0,1967.0,1.64773
129.083,1973.0,2.10227
129.167,1933.0,2.10227
129.167,1958.0,2.15909
129.25,2126.0,1.64773
129.333,2136.0,1.64773
129.333,2059.0,2.21591
129.333,1906.0,2.21591
129.333,1797.0,2.21591
129.417,1870.0,0.852273
129.5,1914.0,0.852273
129.5,1933.0,1.93182
129.5,1930.0,1.93182
129.583,1896.0,1.07955
129.667,1936.0,1.07955
129.667,1935.0,1.93182
129.75,1960.0,1.81818
129.75,2087.0,1.81818
129.75,2343.0,1.81818
129.75,2390.0,1.81818
129.75,2372.0,1.81818
129.75,2331.0,1.81818
129.75,2258.0,1.81818
129.75,2131.0,1.81818
129.75,2035.0,1.81818
129.75,2029.0,1.81818
129.75,2108.0,1.81818
129.75,2136.0,1.81818
129.833,2095.0,0.227273
129.917,2096.0,0.227273
129.917,2096.0,1.76136
130.0,2177.0,1.76136
130.0,2323.0,1.42045
130.083,2323.0,1.98864
130.167,2263.0,1.98864
130.167,2191.0,1.93182
130.25,2147.0,1.98864
130.333,2133.0,1.98864
130.333,2178.0,1.70455
130.333,2170.0,1.70455
130.333,2202.0,1.70455
130.417,2244.0,0.795454
130.5,2224.0,0.795454
130.5,2206.0,1.93182
130.5,2206.0,1.93182
130.5,2245.0,1.93182
130.583,2222.0,0.795454
130.667,2142.0,0.795454
130.667,2038.0,1.76136
130.75,2060.0,1.76136
130.75,2167.0,1.76136
130.833,2151.0,1.81818
130.833,2141.0,1.81818
130.833,2145.0,1.81818
130.833,2213.0,1.81818
130.833,2283.0,1.81818
130.833,2279.0,1.81818
130.833,2247.0,1.81818
130.833,2230.0,1.81818
130.833,2152.0,1.81818
130.833,2180.0,1.81818
130.917,2293.0,0.284091
130.917,2300.0,0.284091
130.917,2204.0,0.284091
130.917,2170.0,0.284091
130.917,2233.0,0.284091
131.0,2306.0,0.568182
131.0,2173.0,0.568182
131.0,2136.0,0.568182
131.0,2102.0,0.568182
131.083,2036.0,0.681818
131.167,1942.0,0.681818
131.167,1952.0,2.15909
131.25,1984.0,1.875
131.25,1898.0,1.875
131.333,1898.0,1.19318
131.333,1785.0,1.19318
131.333,1964.0,1.19318
131.333,2027.0,1.19318
131.333,2002.0,1.19318
131.417,2034.0,1.19318
131.417,2149.0,0.511364
131.5,2211.0,0.511364
131.5,2152.0,1.47727
131.5,2108.0,1.47727
131.5,2108.0,1.47727
131.583,2106.0,1.47727
131.583,2055.0,0.681818
131.583,2032.0,0.681818
131.667,2070.0,1.13636
131.667,2238.0,1.13636
131.75,2303.0,1.42045
131.75,2296.0,1.42045
131.75,2346.0,1.42045
131.75,2386.0,1.42045
131.75,2347.0,1.42045
131.75,2287.0,1.42045
131.75,2241.0,1.42045
131.833,2207.0,0.397727
131.833,2076.0,0.397727
131.833,2070.0,0.397727
131.833,2018.0,0.397727
131.833,2011.0,0.397727
131.833,2045.0,0.397727
131.833,2061.0,0.397727
131.833,2088.0,0.397727
131.833,2110.0,0.397727
131.833,2070.0,0.397727
131.833,2085.0,0.397727
131.917,2078.0,0.397727
131.917,2077.0,0.227273
132.0,2048.0,0.227273
132.0,2044.0,1.19318
132.0,2033.0,1.19318
132.083,2033.0,1.19318
132.083,2028.0,1.02273
132.167,2013.0,1.02273
132.167,2055.0,1.25
132.167,2055.0,1.25
132.25,2107.0,1.19318
132.25,2157.0,1.19318
132.333,2204.0,1.19318
132.333,2260.0,1.13636
132.333,2292.0,1.13636
132.417,2250.0,1.13636
132.417,2257.0,1.07955
132.417,2308.0,1.07955
132.417,2246.0,1.07955
132.417,2154.0,1.07955
132.417,2154.0,1.07955
132.5,2087.0,0.511364
132.5,2110.0,0.511364
132.5,2137.0,0.511364
132.583,2150.0,1.02273
132.583,2166.0,1.02273
132.667,2137.0,1.02273
132.667,2218.0,1.02273
132.75,2272.0,1.02273
132.75,2225.0,1.36364
132.75,2136.0,1.36364
132.75,2213.0,1.36364
132.833,2226.0,1.36364
132.833,2181.0,0.738636
132.833,2183.0,0.738636
132.917,2212.0,1.25
132.917,2202.0,1.25
132.917,2172.0,1.25
133.0,2146.0,1.25
133.0,2186.0,0.738636
133.0,2172.0,0.738636
133.0,2147.0,0.738636
133.0,2127.0,0.738636
133.0,2120.0,0.738636
133.0,2131.0,0.738636
133.0,2124.0,0.738636
133.0,2144.0,0.738636
133.0,2156.0,0.738636
133.0,2139.0,0.738636
133.0,2132.0,0.738636
133.0,2150.0,0.738636
133.0,2181.0,0.738636
133.0,2181.0,0.738636
133.0,2221.0,0.738636
133.0,2286.0,0.738636
133.0,2356.0,0.738636
133.0,2366.0,0.738636
133.0,2328.0,0.738636
133.0,2440.0,0.738636
133.0,2450.0,0.738636
133.0,2325.0,0.738636
133.0,2268.0,0.738636
133.0,2164.0,0.738636
133.0,2124.0,0.738636
133.0,2078.0,0.738636
133.0,2070.0,0.738636
133.0,2098.0,0.738636
133.083,2137.0,0.738636
133.083,2065.0,0.113636
133.083,2086.0,0.113636
133.083,2203.0,0.113636
133.083,2186.0,0.113636
133.167,2134.0,0.625
133.167,2127.0,0.625
133.167,2165.0,0.625
133.167,2051.0,0.625
133.167,2005.0,0.625
133.167,1961.0,0.625
133.167,1956.0,0.625
133.167,1963.0,0.625
133.167,2017.0,0.625
133.25,2030.0,0.340909
133.25,1918.0,0.340909
133.25,1825.0,0.340909
133.25,1889.0,0.340909
133.333,1946.0,0.340909
133.333,1958.0,0.625
133.333,1907.0,0.625
133.333,1839.0,0.625
133.333,1509.0,0.625
133.333,1503.0,0.625
133.333,754.0,0.625
133.333,296.0,0.625
133.417,2.0,0.625
133.417,2.0,0.340909
133.417,0.0,0.340909
133.417,0.0,0.340909
133.417,0.0,0.340909
133.417,0.0,0.340909
133.417,0.0,0.340909
133.417,0.0,0.340909
133.417,0.0,0.340909
133.417,0.0,0.340909
133.417,0.0,0.340909
133.417,0.0,0.340909
133.417,0.0,0.340909
133.417,0.0,0.340909
133.417,0.0,0.340909
133.417,0.0,0.340909
133.417,0.0,0.340909
133.417,0.0,0.340909
133.417,0.0,0.340909
133.417,0.0,0.340909
133.417,0.0,0.340909
133.417,0.0,0.340909
133.417,0.0,0.340909
133.417,0.0,0.340909
133.417,0.0,0.340909
133.417,0.0,0.340909
133.417,0.0,0.340909
133.417,0.0,0.340909
133.417,0.0,0.340909
133.417,0.0,0.340909
133.417,0.0,0.340909
133.417,0.0,0.340909
133.417,0.0,0.340909
133.417,0.0,0.340909
133.417,0.0,0.340909
133.417,0.0,0.340909
133.417,0.0,0.340909
133.417,0.0,0.340909
133.417,0.0,0.340909
133.417,0.0,0.340909
133.417,0.0,0.340909
133.417,0.0,0.340909
133.417,0.0,0.340909
133.417,0.0,0.340909
133.417,0.0,0.340909
133.417,0.0,0.340909
133.417,0.0,0.340909
133.417,0.0,0.340909
133.417,0.0,0.340909
133.417,0.0,0.340909
133.417,0.0,0.340909
133.417,0.0,0.0
133.417,0.0,0.0
133.417,0.0,0.0
133.417,0.0,0.0
133.417,0.0,0.0
133.417,0.0,0.0
133.417,0.0,0.0
133.417,0.0,0.0
133.417,0.0,0.0
133.417,0.0,0.0
133.417,0.0,0.0
133.417,0.0,0.0
133.417,0.0,0.0
133.417,0.0,0.0
133.417,0.0,0.0
133.417,0.0,0.0
133.417,0.0,0.0
133.417,0.0,0.0
133.417,0.0,0.0
133.417,0.0,0.0
133.417,0.0,0.0
133.417,0.0,0.0
133.417,0.0,0.0
133.417,0.0,0.0
133.417,0.0,0.0
133.417,0.0,0.0
133.417,0.0,0.0
133.417,0.0,0.0
133.417,0.0,0.0
133.417,0.0,0.0
133.417,0.0,0.0
133.417,0.0,0.0
133.417,0.0,0.0
