0.0,0.0,0.0
0.0,0.0,0.0
0.0,0.0,0.0
0.0,0.0,0.0
0.0,0.0,0.0
0.0,0.0,0.0
0.0,0.0,0.0
0.0,0.0,0.0
0.0,0.0,0.0
0.0,0.0,0.0
0.0,0.0,0.0
0.0,0.0,0.0
0.0,0.0,0.0
0.0,0.0,0.0
0.0,0.0,0.0
0.0,0.0,0.0
0.0,1.0,0.0
0.0,0.0,0.0
0.0,0.0,0.0
0.0,0.0,0.0
0.0,0.0,0.0
0.0,0.0,0.0
0.0,0.0,0.0
0.0,0.0,0.0
0.0,0.0,0.0
0.0,0.0,0.0
0.0,1.0,0.0
0.0,0.0,0.0
0.0,0.0,0.0
0.0,0.0,0.0
0.0,0.0,0.0
0.0,0.0,0.0
0.0,0.0,0.0
0.0,1.0,0.0
0.0,0.0,0.0
0.0,0.0,0.0
0.0,0.0,0.0
0.0,0.0,0.0
0.0,0.0,0.0
0.0,0.0,0.0
0.0,0.0,0.0
0.0,0.0,0.0
0.0,0.0,0.0
0.0,0.0,0.0
0.0,0.0,0.0
0.0,0.0,0.0
0.0,0.0,0.0
0.0,0.0,0.0
0.0,0.0,0.0
0.0,0.0,0.0
0.0,0.0,0.0
0.0,0.0,0.0
0.0,0.0,0.0
0.0,0.0,0.0
0.0,0.0,0.0
0.0,0.0,0.0
0.0,0.0,0.0
0.0,1.0,0.0
0.0,0.0,0.0
0.0,0.0,0.0
0.0,0.0,0.0
0.0,0.0,0.0
0.0,0.0,0.0
0.0,0.0,0.0
0.0,0.0,0.0
0.0,0.0,0.0
0.0,0.0,0.0
0.0,0.0,0.0
0.0,0.0,0.0
0.0,0.0,0.0
0.0,0.0,0.0
0.0,0.0,0.0
0.0,0.0,0.0
0.0,0.0,0.0
0.0,0.0,0.0
0.0,0.0,0.0
0.0,0.0,0.0
0.0,0.0,0.0
0.0,0.0,0.0
0.0,0.0,0.0
0.0,1.0,0.0
0.0,0.0,0.0
0.0,0.0,0.0
0.0,0.0,0.0
0.0,0.0,0.0
0.0,0.0,0.0
0.0,0.0,0.0
0.0,0.0,0.0
0.0,0.0,0.0
0.0,0.0,0.0
0.0,1.0,0.0
0.0,0.0,0.0
0.0,1.0,0.0
0.0,0.0,0.0
0.0,0.0,0.0
0.0,0.0,0.0
0.0,0.0,0.0
0.0,0.0,0.0
0.0,0.0,0.0
0.0,0.0,0.0
0.0,0.0,0.0
0.0,0.0,0.0
0.0,0.0,0.0
0.0,0.0,0.0
0.0,0.0,0.0
0.0,0.0,0.0
0.0,0.0,0.0
0.0,0.0,0.0
0.0,0.0,0.0
0.0,0.0,0.0
0.0,0.0,0.0
0.0,0.0,0.0
0.0,0.0,0.0
0.0,0.0,0.0
0.0,0.0,0.0
0.0,0.0,0.0
0.0,0.0,0.0
0.0,0.0,0.0
0.0,0.0,0.0
0.0,0.0,0.0
0.0,0.0,0.0
0.0,0.0,0.0
0.0,0.0,0.0
0.0,0.0,0.0
0.0,0.0,0.0
0.0,0.0,0.0
0.0,0.0,0.0
0.0,0.0,0.0
0.0,0.0,0.0
0.0,0.0,0.0
0.0,0.0,0.0
0.0,0.0,0.0
0.0,0.0,0.0
0.0,0.0,0.0
0.0,0.0,0.0
0.0,0.0,0.0
0.0,0.0,0.0
0.0,0.0,0.0
0.0,1.0,0.0
0.0,0.0,0.0
0.0,0.0,0.0
0.0,0.0,0.0
0.0,0.0,0.0
0.0,0.0,0.0
0.0,0.0,0.0
0.0,0.0,0.0
0.0,0.0,0.0
0.0,0.0,0.0
0.0,0.0,0.0
0.0,1.0,0.0
0.0,0.0,0.0
0.0,0.0,0.0
0.0,0.0,0.0
0.0,0.0,0.0
0.0,0.0,0.0
0.0,0.0,0.0
0.0,1.0,0.0
0.0,0.0,0.0
0.0,0.0,0.0
0.0,0.0,0.0
0.0,0.0,0.0
0.0,0.0,0.0
0.0,0.0,0.0
0.0,0.0,0.0
0.0,0.0,0.0
0.0,0.0,0.0
0.0,0.0,0.0
0.0,0.0,0.0
0.0,0.0,0.0
0.0,0.0,0.0
0.0,0.0,0.0
0.0,0.0,0.0
0.0,0.0,0.0
0.0,0.0,0.0
0.0,0.0,0.0
0.0,0.0,0.0
0.0,0.0,0.0
0.0,0.0,0.0
0.0,0.0,0.0
0.0,0.0,0.0
0.0,0.0,0.0
0.0,0.0,0.0
0.0,0.0,0.0
0.0,0.0,0.0
0.0,0.0,0.0
0.0,0.0,0.0
0.0,0.0,0.0
0.0,0.0,0.0
0.0,0.0,0.0
0.0,0.0,0.0
0.0,0.0,0.0
0.0,0.0,0.0
0.0,0.0,0.0
0.0,0.0,0.0
0.0,0.0,0.0
0.0,0.0,0.0
0.0,0.0,0.0
0.0,0.0,0.0
0.0,0.0,0.0
0.0,0.0,0.0
0.0,0.0,0.0
0.0,0.0,0.0
0.0,0.0,0.0
0.0,0.0,0.0
0.0,0.0,0.0
0.0,0.0,0.0
0.0,0.0,0.0
0.0,0.0,0.0
0.0,0.0,0.0
0.0,0.0,0.0
0.0,0.0,0.0
0.0,0.0,0.0
0.0,0.0,0.0
0.0,0.0,0.0
0.0,0.0,0.0
0.0,0.0,0.0
0.0,0.0,0.0
0.0,0.0,0.0
0.0,0.0,0.0
0.0,0.0,0.0
0.0,0.0,0.0
0.0,0.0,0.0
0.0,0.0,0.0
0.0,0.0,0.0
0.0,0.0,0.0
0.0,0.0,0.0
0.0,0.0,0.0
0.0,0.0,0.0
0.0,0.0,0.0
0.0,0.0,0.0
0.0,0.0,0.0
0.0,1.0,0.0
0.0,0.0,0.0
0.0,0.0,0.0
0.0,0.0,0.0
0.0,0.0,0.0
0.0,0.0,0.0
0.0,0.0,0.0
0.0,1.0,0.0
0.0,0.0,0.0
0.0,0.0,0.0
0.0,0.0,0.0
0.0,0.0,0.0
0.0,0.0,0.0
0.0,0.0,0.0
0.0,0.0,0.0
0.0,0.0,0.0
0.0,0.0,0.0
0.0,0.0,0.0
0.0,0.0,0.0
0.0,0.0,0.0
0.0,0.0,0.0
0.0,1.0,0.0
0.0,0.0,0.0
0.0,0.0,0.0
0.0,0.0,0.0
0.0,0.0,0.0
0.0,0.0,0.0
0.0,0.0,0.0
0.0,0.0,0.0
0.0,1.0,0.0
0.0,0.0,0.0
0.0,0.0,0.0
0.0,0.0,0.0
0.0,0.0,0.0
0.0,0.0,0.0
0.0,0.0,0.0
0.0,0.0,0.0
0.0,0.0,0.0
0.0,0.0,0.0
0.0,0.0,0.0
0.0,0.0,0.0
0.0,0.0,0.0
0.0,1.0,0.0
0.0,0.0,0.0
0.0,1.0,0.0
0.0,0.0,0.0
0.0,0.0,0.0
0.0,0.0,0.0
0.0,0.0,0.0
0.0,0.0,0.0
0.0,0.0,0.0
0.0,39.0,0.0
0.0,1140.0,0.0
0.0,2723.0,0.0
0.0,1990.0,0.0
0.0,1115.0,0.0
0.0,519.0,0.0
0.0,148.0,0.0
0.0,108.0,0.0
0.0,2.0,0.0
0.0,0.0,0.0
0.0,0.0,0.0
0.0,0.0,0.0
0.0,0.0,0.0
0.0,0.0,0.0
0.0,0.0,0.0
0.0,1.0,0.0
0.0,0.0,0.0
0.0,0.0,0.0
0.0,0.0,0.0
0.0,0.0,0.0
0.0,0.0,0.0
0.0,0.0,0.0
0.0,0.0,0.0
0.0,1.0,0.0
0.0,0.0,0.0
0.0,0.0,0.0
0.0,0.0,0.0
0.0,0.0,0.0
0.0,0.0,0.0
0.0,0.0,0.0
0.0,0.0,0.0
0.0,0.0,0.0
0.0,0.0,0.0
0.0,0.0,0.0
0.0,0.0,0.0
0.0,0.0,0.0
0.0,0.0,0.0
0.0,690.0,0.0
0.0,1250.0,0.0
0.0,845.0,0.0
0.0,477.0,0.0
0.0,276.0,0.0
0.0,417.0,0.0
0.0,690.0,0.0
0.0,736.0,0.0
0.0,593.0,0.0
0.0,418.0,0.0
0.0,437.0,0.0
0.0,613.0,0.0
0.0,811.0,0.0
0.0,814.0,0.0
0.0,1099.0,0.0
0.0,1259.0,0.0
0.0,1379.0,0.0
0.0,1512.0,0.0
0.0,1674.0,0.0
0.0,1632.0,0.0
0.0,1509.0,0.0
0.0,1409.0,0.0
0.0,1413.0,0.0
0.0,1482.0,0.0
0.0,1459.0,0.0
0.0,1459.0,0.0
0.0,1458.0,0.0
0.0,1476.0,0.0
0.0,1476.0,0.0
0.0,1493.0,0.0
0.0,1516.0,0.0
0.0,1537.0,0.0
0.0,1596.0,0.340909
0.0,1693.0,0.340909
0.0,1745.0,0.340909
0.0,1780.0,0.340909
0.0,1806.0,0.340909
0.0,1894.0,0.340909
0.0,2001.0,0.340909
0.0833333,2120.0,0.340909
0.0833333,2225.0,0.340909
0.0833333,2295.0,0.340909
0.166667,2309.0,0.340909
0.166667,2328.0,0.340909
0.166667,2336.0,0.340909
0.166667,2340.0,0.340909
0.25,2335.0,0.852273
0.25,2337.0,0.852273
0.25,2349.0,0.852273
0.333333,2342.0,1.07955
0.333333,2316.0,1.07955
0.416667,2321.0,1.13636
0.416667,2323.0,1.13636
0.5,2328.0,1.13636
0.5,2325.0,1.25
0.5,2322.0,1.25
0.583333,2355.0,1.25
0.583333,2396.0,1.25
0.666667,2413.0,1.25
0.666667,2392.0,1.25
0.75,2394.0,1.42045
0.833333,2405.0,1.42045
0.833333,2404.0,1.875
0.833333,2397.0,1.875
0.833333,2406.0,1.875
0.916667,2396.0,0.795454
0.916667,2366.0,0.795454
0.916667,2326.0,0.795454
0.916667,2326.0,0.795454
0.916667,2256.0,0.795454
1.0,2254.0,0.568182
1.0,2239.0,0.568182
1.0,2226.0,0.568182
1.08333,2244.0,0.965909
1.08333,2330.0,0.965909
1.08333,2393.0,0.965909
1.08333,2420.0,0.965909
1.08333,2411.0,0.965909
1.16667,2431.0,0.965909
1.16667,2436.0,0.511364
1.16667,2374.0,0.511364
1.25,2270.0,1.13636
1.33333,2144.0,1.13636
1.33333,2084.0,2.32954
1.41667,2084.0,2.32954
1.41667,1977.0,1.19318
1.5,1849.0,2.38636
1.58333,1834.0,2.15909
1.66667,1859.0,2.15909
1.66667,1911.0,2.44318
1.75,2017.0,2.44318
1.75,2236.0,1.19318
1.83333,2310.0,2.67045
1.91667,2323.0,2.72727
2.0,2346.0,2.78409
2.16667,2460.0,2.89773
2.16667,2487.0,3.01136
2.25,2452.0,2.72727
2.41667,2454.0,2.72727
2.5,2278.0,3.57954
2.5,2160.0,2.72727
2.5,2115.0,2.72727
2.5,2051.0,2.72727
2.58333,1983.0,2.72727
2.66667,1962.0,3.18182
2.75,2012.0,3.18182
2.83333,2082.0,3.63636
3.0,2121.0,3.63636
3.08333,2072.0,3.40909
3.16667,2025.0,3.80682
3.25,2025.0,3.86364
3.41667,2008.0,3.52273
3.5,1985.0,3.29545
3.58333,1946.0,3.125
3.66667,1792.0,4.26136
3.83333,1717.0,4.20454
3.91667,1674.0,3.46591
4.0,1659.0,3.57954
4.16667,1696.0,3.57954
4.16667,1741.0,3.52273
4.25,1779.0,1.93182
4.41667,1769.0,3.86364
4.5,1722.0,3.97727
4.58333,1719.0,4.20454
4.75,1718.0,4.20454
4.83333,1700.0,4.375
5.0,1661.0,4.375
5.08333,1593.0,4.20454
5.16667,1551.0,3.97727
5.25,1523.0,3.97727
5.33333,1504.0,1.875
5.5,1566.0,4.31818
5.58333,1683.0,4.20454
5.75,1705.0,4.20454
5.75,1617.0,4.71591
5.75,1529.0,4.71591
5.83333,1548.0,4.71591
5.91667,1607.0,4.54545
6.08333,1639.0,4.54545
6.25,1619.0,4.54545
6.33333,1575.0,4.48864
6.5,1501.0,4.48864
6.58333,1515.0,4.54545
6.75,1568.0,4.54545
6.83333,1617.0,4.71591
6.91667,1571.0,4.77273
7.0,1552.0,2.10227
7.0,1549.0,2.10227
7.0,1518.0,2.10227
7.08333,1519.0,0.909091
7.25,1565.0,4.48864
7.41667,1609.0,4.54545
7.41667,1617.0,4.65909
7.58333,1617.0,4.65909
7.66667,1607.0,4.71591
7.83333,1600.0,4.82954
7.91667,1598.0,4.60227
8.0,1609.0,2.38636
8.08333,1615.0,2.38636
8.25,1638.0,2.38636
8.25,1668.0,4.26136
8.25,1680.0,4.26136
8.25,1699.0,4.26136
8.25,1657.0,4.26136
8.41667,1614.0,4.26136
8.58333,1571.0,4.77273
8.75,1547.0,4.88636
8.83333,1588.0,4.09091
9.0,1610.0,4.60227
9.16667,1613.0,4.94318
9.33333,1582.0,4.94318
9.41667,1580.0,4.94318
9.58333,1601.0,4.88636
9.58333,1612.0,4.77273
9.58333,1600.0,4.77273
9.58333,1580.0,4.77273
9.66667,1649.0,4.77273
9.83333,1730.0,4.77273
10.0,1713.0,4.77273
10.0833,1683.0,4.82954
10.25,1716.0,4.94318
10.4167,1817.0,5.05682
10.5833,1846.0,5.28409
10.6667,1847.0,4.48864
10.8333,1733.0,4.48864
10.9167,1598.0,4.77273
10.9167,1598.0,5.51136
10.9167,1662.0,5.51136
10.9167,1688.0,5.51136
11.0,1563.0,0.795454
11.1667,1508.0,2.72727
11.3333,1551.0,2.72727
11.5,1585.0,5.05682
11.5833,1629.0,4.60227
11.5833,1669.0,4.60227
11.6667,1675.0,4.60227
11.8333,1675.0,4.60227
12.0,1699.0,4.60227
12.1667,1699.0,5.0
12.25,1632.0,5.05682
12.3333,1659.0,4.94318
12.4167,1710.0,4.94318
12.5833,1677.0,5.0
12.75,1571.0,5.0
12.9167,1568.0,5.34091
12.9167,1566.0,5.39773
13.0,1552.0,2.55682
13.1667,1586.0,2.89773
13.3333,1622.0,5.39773
13.4167,1585.0,5.0
13.5,1548.0,5.0
13.5,1501.0,1.76136
13.5,1525.0,1.76136
13.5833,1624.0,1.76136
13.6667,1721.0,0.909091
13.6667,1749.0,2.55682
13.8333,1738.0,2.72727
13.9167,1713.0,6.53409
14.0,1655.0,6.53409
14.1667,1562.0,6.53409
14.3333,1466.0,5.73864
14.3333,1458.0,6.19318
14.5,1510.0,6.19318
14.6667,1468.0,5.56818
14.8333,1418.0,5.73864
15.0,1397.0,5.85227
15.1667,1513.0,5.85227
15.4167,1668.0,5.85227
15.5833,1587.0,5.85227
15.75,1434.0,5.68182
15.9167,1535.0,5.90909
16.0,1660.0,5.56818
16.0833,1707.0,5.56818
16.25,1728.0,5.56818
16.3333,1649.0,6.19318
16.5,1557.0,6.19318
16.5833,1501.0,6.07954
16.75,1503.0,6.07954
16.9167,1503.0,6.13636
17.0833,1540.0,6.13636
17.3333,1559.0,6.13636
17.4167,1618.0,5.96591
17.4167,1624.0,5.96591
17.5833,1470.0,5.96591
17.75,1350.0,5.96591
17.8333,1603.0,5.68182
18.0,1804.0,5.68182
18.1667,1806.0,5.68182
18.3333,1469.0,6.02273
18.5,1283.0,7.38636
18.5833,1298.0,6.64773
18.75,1346.0,6.64773
18.9167,1368.0,6.64773
19.0,1327.0,5.73864
19.0,1326.0,5.73864
19.0833,1343.0,5.73864
19.25,1348.0,5.73864
19.4167,1349.0,5.73864
19.5833,1367.0,6.53409
19.75,1399.0,5.45454
19.9167,1432.0,5.45454
20.0833,1417.0,6.13636
20.25,1343.0,6.13636
20.3333,1299.0,3.06818
20.4167,1293.0,3.06818
20.5,1279.0,5.90909
20.6667,1351.0,5.90909
20.8333,1386.0,5.90909
21.0,1385.0,5.90909
21.1667,1385.0,6.30682
21.3333,1455.0,6.02273
21.5833,1456.0,7.04545
21.75,1399.0,6.42045
21.9167,1364.0,6.30682
22.0,1415.0,6.36363
22.1667,1537.0,6.36363
22.25,1496.0,5.625
22.3333,1410.0,5.625
22.4167,1347.0,4.77273
22.5833,1254.0,4.77273
22.75,1246.0,6.25
22.75,1246.0,6.42045
22.8333,1274.0,2.21591
22.9167,1274.0,2.95454
22.9167,1326.0,2.95454
23.0833,1314.0,2.95454
23.3333,1301.0,7.21591
23.5,1310.0,7.21591
23.75,1340.0,7.21591
23.8333,1353.0,7.04545
23.9167,1337.0,6.98863
24.0833,1325.0,6.98863
24.1667,1330.0,6.76136
24.1667,1354.0,6.76136
24.25,1363.0,6.76136
24.4167,1352.0,6.76136
24.6667,1348.0,6.76136
24.8333,1357.0,6.76136
25.0,1347.0,6.76136
25.1667,1213.0,6.64773
25.3333,1196.0,6.64773
25.4167,1332.0,7.10227
25.5,1506.0,2.27273
25.5,1417.0,2.27273
25.6667,1306.0,2.27273
25.75,1255.0,6.81818
25.9167,1244.0,6.81818
26.1667,1199.0,5.96591
26.3333,1177.0,7.15909
26.3333,1185.0,7.38636
26.3333,1200.0,7.38636
26.5,1220.0,7.38636
26.5833,1220.0,7.27273
26.6667,1218.0,2.27273
26.8333,1225.0,3.35227
26.8333,1246.0,3.52273
27.0833,1248.0,3.52273
27.25,1239.0,6.875
27.4167,1212.0,7.10227
27.4167,1176.0,7.10227
27.4167,1146.0,7.10227
27.5,1146.0,7.10227
27.6667,1179.0,6.93182
27.8333,1262.0,6.64773
28.0,1262.0,6.64773
28.1667,1365.0,6.59091
28.3333,1397.0,6.59091
28.5833,1369.0,6.59091
28.5833,1349.0,6.98863
28.75,1415.0,6.98863
28.75,1379.0,7.04545
29.0,1289.0,7.04545
29.1667,1218.0,7.10227
29.3333,1202.0,7.27273
29.5,1223.0,6.70454
29.75,1193.0,7.21591
29.75,1143.0,7.55682
29.9167,1130.0,7.55682
29.9167,1142.0,6.93182
30.0,1145.0,6.93182
30.1667,1155.0,6.93182
30.3333,1154.0,6.875
30.5,1157.0,6.875
30.6667,1166.0,7.72727
30.8333,1189.0,7.15909
30.9167,1206.0,6.81818
30.9167,1165.0,6.81818
31.0833,974.0,6.81818
31.0833,1116.0,3.80682
31.3333,1219.0,3.80682
31.5,1179.0,6.42045
31.5833,1015.0,7.10227
31.8333,1009.0,7.89773
32.0833,1009.0,7.89773
32.25,1137.0,7.04545
32.5,1122.0,7.04545
32.5833,982.0,7.27273
32.75,965.0,7.27273
32.9167,960.0,6.93182
33.1667,928.0,6.93182
33.25,962.0,6.53409
33.4167,1198.0,6.53409
33.5833,1355.0,6.53409
33.5833,1295.0,3.80682
33.5833,1165.0,3.80682
33.75,1143.0,3.80682
33.9167,1143.0,6.07954
34.1667,1149.0,6.70454
34.3333,1151.0,7.67045
34.5,1150.0,8.06818
34.6667,1080.0,8.06818
34.8333,1073.0,8.06818
35.0,1101.0,7.04545
35.0,1137.0,8.40909
35.1667,1242.0,8.40909
35.3333,1228.0,8.01136
35.5833,1156.0,7.15909
35.75,1105.0,7.32954
35.9167,1104.0,6.93182
36.1667,1252.0,7.44318
36.25,1293.0,6.53409
36.25,1188.0,6.53409
36.25,1189.0,6.53409
36.4167,1116.0,6.53409
36.5833,1114.0,6.53409
36.75,1082.0,6.53409
36.9167,1082.0,8.40909
37.0,1156.0,7.95454
37.25,1224.0,7.95454
37.4167,1241.0,7.44318
37.5,1228.0,7.21591
37.6667,1168.0,7.21591
37.75,1055.0,7.15909
38.0,1088.0,7.15909
38.1667,1098.0,7.15909
38.3333,1084.0,7.04545
38.3333,1076.0,8.46591
38.4167,1080.0,2.32954
38.4167,1087.0,2.32954
38.5833,1085.0,2.32954
38.8333,1051.0,2.32954
39.0,1010.0,7.44318
39.25,1047.0,8.01136
39.3333,1083.0,8.57954
39.5833,1094.0,8.57954
39.8333,1041.0,7.95454
40.0,1035.0,7.38636
40.1667,1080.0,7.21591
40.25,1184.0,6.70454
40.4167,1184.0,7.21591
40.5833,1132.0,7.21591
40.8333,1033.0,7.78409
41.0,1065.0,6.93182
41.1667,1129.0,7.04545
41.3333,1112.0,7.15909
41.3333,1080.0,6.875
41.5,1065.0,6.875
41.5,1001.0,7.10227
41.75,942.0,7.10227
41.9167,1039.0,6.93182
42.1667,1100.0,7.32954
42.25,1077.0,7.89773
42.5,1042.0,7.55682
42.75,1042.0,7.55682
42.75,1041.0,6.93182
42.8333,1006.0,6.93182
43.0,948.0,6.93182
43.25,968.0,7.5
43.4167,1012.0,7.5
43.5,1099.0,7.89773
43.6667,1237.0,7.89773
43.8333,1241.0,7.44318
43.9167,1129.0,3.40909
44.0,1088.0,6.13636
44.0833,1099.0,6.13636
44.3333,1079.0,6.13636
44.5,1045.0,7.21591
44.6667,1015.0,7.84091
44.75,1016.0,7.84091
45.0,1019.0,7.15909
45.1667,1010.0,6.81818
45.3333,830.0,6.875
45.4167,895.0,6.93182
45.5,1104.0,6.93182
45.75,1190.0,6.93182
45.9167,1079.0,6.93182
46.1667,935.0,6.93182
46.3333,993.0,7.89773
46.5833,1086.0,7.72727
46.5833,1177.0,7.32954
46.5833,1214.0,7.32954
46.5833,967.0,7.32954
46.75,967.0,7.32954
46.9167,966.0,7.32954
47.0833,853.0,6.36363
47.1667,967.0,3.69318
47.4167,1155.0,3.69318
47.5833,1210.0,3.69318
47.8333,1189.0,6.93182
48.0,1148.0,6.93182
48.1667,1218.0,6.93182
48.25,1218.0,6.07954
48.4167,1183.0,6.07954
48.6667,1147.0,7.5
48.75,1046.0,7.10227
49.0,1063.0,7.10227
49.0833,1130.0,5.79545
49.1667,1132.0,3.97727
49.1667,1102.0,3.97727
49.25,1039.0,3.97727
49.4167,1076.0,3.97727
49.5833,1136.0,7.38636
49.6667,1198.0,6.81818
49.75,1308.0,6.81818
50.0,1273.0,7.44318
50.1667,1170.0,7.44318
50.3333,1107.0,7.27273
50.5,1172.0,7.27273
50.5833,1197.0,3.40909
50.75,1175.0,6.53409
50.9167,1156.0,6.53409
51.1667,1156.0,6.53409
51.3333,1134.0,7.32954
51.5,1128.0,7.27273
51.6667,1163.0,7.27273
51.9167,1190.0,7.27273
52.0833,1065.0,7.15909
52.3333,965.0,7.15909
52.5,1022.0,6.93182
52.75,1143.0,6.93182
53.0,1277.0,6.93182
53.1667,1208.0,6.93182
53.4167,1103.0,7.38636
53.5833,1092.0,7.38636
53.5833,1092.0,6.98863
53.5833,1169.0,6.98863
53.8333,1216.0,6.98863
54.0,1220.0,6.93182
54.25,1217.0,6.93182
54.3333,1202.0,6.64773
54.5833,1118.0,6.64773
54.75,1142.0,6.64773
55.0,1234.0,6.70454
55.0833,1285.0,6.53409
55.25,1212.0,6.53409
55.5,1035.0,6.53409
55.6667,1074.0,6.76136
55.9167,1195.0,6.76136
56.0833,1256.0,6.76136
56.3333,1350.0,6.93182
56.5,1371.0,6.875
56.5833,1331.0,6.98863
56.75,1230.0,6.98863
56.9167,1192.0,6.98863
57.0833,1264.0,7.38636
57.3333,1320.0,7.38636
57.5,1307.0,6.98863
57.6667,1235.0,6.81818
57.8333,1166.0,7.15909
58.0,1154.0,6.64773
58.1667,1163.0,6.64773
58.25,1250.0,6.76136
58.4167,1371.0,6.76136
58.6667,1383.0,7.27273
58.8333,1250.0,6.93182
58.9167,1155.0,6.59091
59.1667,1205.0,7.21591
59.3333,1371.0,7.21591
59.3333,1342.0,6.98863
59.3333,1259.0,6.98863
59.5833,1204.0,6.98863
59.75,1256.0,6.98863
60.0,1297.0,7.15909
60.1667,1314.0,7.15909
60.3333,1338.0,7.15909
60.5,1370.0,7.10227
60.6667,1362.0,7.10227
60.6667,1362.0,7.10227
60.8333,1360.0,7.10227
60.9167,1324.0,7.55682
61.1667,1279.0,7.55682
61.4167,1238.0,7.27273
61.5833,1257.0,7.27273
61.75,1280.0,6.53409
61.9167,1294.0,7.67045
62.1667,1241.0,7.32954
62.3333,1164.0,7.32954
62.4167,1150.0,7.04545
62.5833,1170.0,7.04545
62.8333,1182.0,7.04545
62.9167,1182.0,7.15909
63.0,1204.0,3.40909
63.25,1205.0,3.40909
63.4167,1176.0,3.40909
63.6667,1129.0,6.76136
63.75,1188.0,7.04545
63.9167,1265.0,7.04545
64.1667,1263.0,7.44318
64.3333,1147.0,7.44318
64.5833,1127.0,7.44318
64.75,1196.0,7.44318
65.0,1270.0,7.5
65.25,1256.0,7.5
65.4167,1123.0,7.44318
65.5833,1123.0,6.93182
65.75,1124.0,6.93182
66.0,1121.0,6.93182
66.0833,1105.0,7.44318
66.1667,1088.0,7.44318
66.4167,1057.0,7.44318
66.5833,1044.0,7.04545
66.6667,1073.0,6.76136
66.6667,1125.0,6.76136
66.8333,1127.0,6.76136
67.0,1106.0,7.44318
67.25,1090.0,7.44318
67.5,1133.0,7.21591
67.5833,1180.0,6.19318
67.75,1175.0,6.19318
67.9167,1138.0,7.04545
68.0833,1138.0,6.70454
68.0833,1136.0,6.70454
68.3333,1129.0,6.70454
68.5833,1107.0,7.21591
68.6667,1095.0,6.93182
68.8333,1113.0,6.93182
69.0833,1161.0,7.55682
69.25,1223.0,7.38636
69.4167,1268.0,7.38636
69.6667,1257.0,7.38636
69.9167,1110.0,7.38636
70.0833,1007.0,6.93182
70.3333,1001.0,6.93182
70.3333,1058.0,7.55682
70.5833,1244.0,7.55682
70.75,1118.0,7.15909
70.8333,1020.0,6.76136
71.0,1099.0,6.76136
71.0833,1209.0,3.40909
71.3333,1294.0,3.69318
71.4167,1235.0,7.10227
71.5,1142.0,7.44318
71.6667,1089.0,7.44318
71.9167,1133.0,7.44318
72.1667,1133.0,7.44318
72.3333,1102.0,7.15909
72.4167,1103.0,6.53409
72.5,1142.0,6.53409
72.75,1157.0,7.61363
72.9167,1108.0,7.38636
73.0833,1081.0,7.21591
73.3333,1109.0,7.21591
73.5,1301.0,7.21591
73.75,1299.0,7.04545
73.9167,1192.0,7.15909
73.9167,1130.0,7.04545
74.0833,1152.0,7.04545
74.3333,1125.0,7.04545
74.5833,1095.0,6.93182
74.75,1103.0,7.32954
74.9167,1125.0,6.70454
75.0833,1127.0,6.70454
75.3333,1127.0,7.21591
75.4167,1127.0,6.64773
75.5,1108.0,6.64773
75.75,1114.0,6.64773
75.9167,1153.0,7.38636
76.1667,1144.0,7.38636
76.3333,1134.0,7.38636
76.5833,1147.0,6.98863
76.8333,1169.0,7.32954
77.0,1159.0,7.32954
77.0833,1146.0,6.59091
77.25,1171.0,6.59091
77.5,1216.0,7.21591
77.5833,1210.0,6.93182
77.75,1118.0,7.78409
77.9167,1120.0,7.78409
78.0833,1143.0,6.98863
78.1667,1235.0,3.57954
78.1667,1237.0,3.57954
78.25,1241.0,3.57954
78.4167,1269.0,6.70454
78.6667,1216.0,7.67045
78.75,1079.0,8.80682
79.0,1116.0,8.80682
79.1667,1261.0,8.125
79.25,1346.0,8.06818
79.3333,1230.0,2.38636
79.3333,1235.0,2.38636
79.5,1259.0,2.38636
79.6667,1258.0,7.15909
79.9167,1199.0,7.27273
80.0833,1228.0,7.27273
80.3333,1253.0,7.27273
80.5,1245.0,7.27273
80.75,1214.0,6.81818
80.8333,1228.0,7.10227
80.8333,1282.0,7.10227
80.9167,1279.0,7.10227
81.1667,1216.0,7.10227
81.4167,1098.0,7.21591
81.5833,1322.0,7.15909
81.8333,1446.0,7.04545
82.0,1383.0,7.04545
82.25,1383.0,7.21591
82.25,1373.0,7.38636
82.25,1282.0,7.38636
82.4167,1356.0,7.38636
82.6667,1364.0,7.21591
82.8333,1310.0,7.21591
83.0833,1284.0,7.21591
83.25,1286.0,7.21591
83.5,1290.0,6.98863
83.6667,1295.0,6.93182
83.75,1294.0,7.78409
83.8333,1290.0,3.46591
84.0,1305.0,6.875
84.25,1286.0,6.875
84.4167,1250.0,7.61363
84.6667,1240.0,7.32954
84.8333,1225.0,7.32954
85.0833,1223.0,7.32954
85.25,1270.0,7.32954
85.25,1352.0,6.64773
85.5,1238.0,6.64773
85.6667,1183.0,7.32954
85.9167,1163.0,7.32954
86.0833,1184.0,7.32954
86.3333,1316.0,7.32954
86.5,1387.0,7.21591
86.75,1370.0,7.38636
86.75,1299.0,6.47727
86.8333,1239.0,6.47727
87.0833,1299.0,6.59091
87.25,1374.0,6.59091
87.5,1317.0,7.10227
87.6667,1150.0,7.27273
87.9167,1079.0,7.27273
88.0833,1143.0,7.32954
88.3333,1272.0,7.15909
88.4167,1373.0,6.64773
88.5833,1269.0,6.64773
88.8333,1132.0,6.70454
89.0,1058.0,6.70454
89.25,1103.0,7.04545
89.4167,1189.0,7.04545
89.6667,1240.0,7.89773
89.8333,1240.0,7.89773
90.0,1117.0,6.81818
90.1667,1117.0,6.98863
90.4167,1200.0,7.10227
90.5833,1156.0,7.10227
90.8333,1080.0,7.44318
91.0833,1082.0,7.61363
91.25,1149.0,7.61363
91.4167,1263.0,6.93182
91.5,1217.0,3.57954
91.5833,1122.0,3.57954
91.75,1083.0,3.57954
92.0,1121.0,7.04545
92.1667,1182.0,7.44318
92.25,1183.0,7.10227
92.4167,1159.0,7.10227
92.5,1190.0,7.21591
92.5833,1240.0,3.52273
92.6667,1204.0,3.52273
92.6667,1199.0,1.875
92.8333,1215.0,1.875
93.0833,1212.0,7.38636
93.25,1178.0,7.55682
93.5,1209.0,7.27273
93.75,1303.0,6.93182
93.9167,1263.0,6.93182
94.1667,1097.0,7.21591
94.1667,1142.0,6.93182
94.25,1142.0,6.93182
94.4167,1182.0,6.93182
94.6667,1192.0,6.98863
94.8333,1326.0,6.98863
94.9167,1295.0,7.15909
95.0833,1151.0,7.15909
95.3333,1195.0,7.15909
95.5,1328.0,7.21591
95.5,1332.0,6.64773
95.5833,1339.0,6.64773
95.8333,1333.0,7.38636
96.0833,1260.0,7.38636
96.25,1235.0,7.21591
96.3333,1232.0,7.27273
96.5833,1232.0,7.27273
96.8333,1232.0,7.27273
97.0,1250.0,6.70454
97.0833,1249.0,6.70454
97.25,1297.0,7.32954
97.5,1357.0,7.10227
97.6667,1355.0,7.10227
97.9167,1298.0,7.10227
98.0,1298.0,7.15909
98.1667,1293.0,3.57954
98.3333,1273.0,3.57954
98.4167,1254.0,6.98863
98.5,1213.0,6.98863
98.6667,1212.0,6.98863
98.9167,1259.0,6.98863
99.0833,1275.0,6.98863
99.25,1295.0,6.47727
99.4167,1306.0,6.47727
99.6667,1342.0,6.47727
99.75,1366.0,8.23863
99.75,1286.0,8.23863
99.75,1247.0,8.23863
99.9167,1250.0,8.23863
100.083,1270.0,7.55682
100.25,1224.0,7.44318
100.333,1203.0,6.53409
100.5,1253.0,8.29545
100.667,1329.0,8.29545
100.75,1358.0,6.76136
100.75,1290.0,6.76136
100.833,1227.0,6.76136
101.0,1206.0,6.76136
101.25,1236.0,6.875
101.417,1226.0,6.875
101.583,1125.0,6.93182
101.75,1134.0,6.93182
102.0,1279.0,6.93182
102.083,1423.0,6.59091
102.25,1382.0,6.59091
102.417,1319.0,7.15909
102.667,1304.0,7.15909
102.833,1343.0,7.15909
103.0,1459.0,7.15909
103.25,1459.0,7.15909
103.25,1379.0,7.5
103.5,1279.0,7.5
103.5,1195.0,6.875
103.583,1252.0,6.875
103.667,1362.0,8.125
103.833,1346.0,8.125
104.0,1257.0,7.32954
104.167,1249.0,6.76136
104.25,1347.0,7.15909
104.417,1403.0,7.15909
104.583,1412.0,6.875
104.833,1365.0,6.70454
104.917,1341.0,6.81818
105.083,1344.0,6.81818
105.333,1351.0,6.81818
105.5,1373.0,7.21591
105.667,1407.0,6.76136
105.833,1409.0,6.36363
106.083,1452.0,6.64773
106.25,1497.0,6.64773
106.25,1477.0,5.68182
106.25,1395.0,5.68182
106.417,1398.0,5.68182
106.667,1425.0,6.25
106.833,1387.0,6.64773
106.917,1295.0,6.42045
107.0,1358.0,6.42045
107.167,1360.0,7.27273
107.417,1497.0,7.27273
107.5,1427.0,6.70454
107.5,1414.0,6.70454
107.583,1422.0,6.70454
107.75,1450.0,6.70454
108.0,1477.0,6.76136
108.0,1282.0,6.875
108.25,1148.0,6.875
108.333,1156.0,5.73864
108.5,1259.0,5.73864
108.667,1413.0,7.38636
108.667,1485.0,7.38636
108.833,1453.0,7.38636
109.0,1451.0,6.875
109.167,1451.0,6.875
109.417,1458.0,6.875
109.583,1558.0,6.875
109.667,1510.0,3.63636
109.833,1417.0,3.63636
110.0,1322.0,6.93182
110.0,1293.0,6.19318
110.0,1344.0,6.19318
110.25,1414.0,6.19318
110.417,1457.0,6.19318
110.5,1468.0,7.27273
110.75,1453.0,7.27273
110.917,1429.0,7.10227
111.0,1403.0,7.72727
111.083,1403.0,7.72727
111.083,1488.0,1.64773
111.167,1573.0,1.64773
111.333,1515.0,3.63636
111.5,1438.0,5.96591
111.75,1397.0,5.96591
111.917,1341.0,5.96591
111.917,1329.0,6.93182
112.167,1350.0,6.93182
112.333,1314.0,6.47727
112.333,1287.0,6.36363
112.417,1353.0,6.36363
112.5,1427.0,6.59091
112.667,1459.0,6.59091
112.917,1411.0,6.59091
113.083,1429.0,6.59091
113.25,1475.0,7.72727
113.417,1526.0,7.72727
113.5,1567.0,5.79545
113.5,1539.0,5.79545
113.5,1469.0,5.79545
113.667,1452.0,5.79545
113.833,1491.0,6.36363
114.083,1563.0,6.98863
114.25,1623.0,6.98863
114.417,1564.0,6.98863
114.583,1472.0,5.85227
114.75,1298.0,6.02273
114.75,1298.0,6.36363
114.833,1487.0,6.36363
114.917,1623.0,1.70455
114.917,1610.0,2.04545
115.083,1482.0,2.27273
115.333,1436.0,2.27273
115.417,1594.0,6.59091
115.583,1690.0,6.59091
115.75,1596.0,5.73864
115.917,1269.0,6.25
115.917,1280.0,6.53409
116.0,1358.0,6.53409
116.0,1407.0,1.30682
116.167,1485.0,2.10227
116.333,1524.0,2.10227
116.5,1537.0,6.13636
116.583,1555.0,5.85227
116.75,1633.0,5.85227
116.833,1691.0,5.96591
116.917,1640.0,3.18182
117.0,1606.0,3.18182
117.083,1590.0,2.27273
117.083,1530.0,2.89773
117.167,1559.0,1.81818
117.417,1509.0,1.81818
117.583,1368.0,5.79545
117.75,1286.0,5.79545
117.833,1476.0,6.875
118.0,1483.0,6.875
118.083,1527.0,5.90909
118.083,1538.0,5.90909
118.167,1648.0,1.42045
118.25,1734.0,1.42045
118.333,1769.0,5.45454
118.5,1674.0,5.45454
118.583,1524.0,6.53409
118.583,1619.0,6.53409
118.833,1702.0,6.53409
118.833,1703.0,7.10227
119.0,1674.0,7.10227
119.083,1699.0,6.47727
119.333,1747.0,6.47727
119.5,1748.0,6.47727
119.667,1748.0,6.76136
119.833,1739.0,6.76136
120.0,1682.0,6.76136
120.25,1586.0,6.76136
120.417,1499.0,6.59091
120.583,1564.0,6.59091
120.667,1727.0,6.07954
120.75,1812.0,2.78409
120.75,1814.0,2.78409
120.833,1751.0,1.25
120.917,1626.0,1.25
121.083,1545.0,2.10227
121.25,1575.0,3.06818
121.417,1600.0,6.30682
121.583,1600.0,6.30682
121.833,1587.0,6.30682
122.0,1598.0,6.30682
122.0,1661.0,6.30682
122.083,1810.0,6.30682
122.25,1892.0,6.30682
122.5,1801.0,6.30682
122.667,1619.0,6.30682
122.833,1475.0,6.30682
123.0,1479.0,6.30682
123.25,1740.0,6.30682
123.417,1821.0,6.30682
123.5,1696.0,5.96591
123.583,1546.0,5.96591
123.583,1634.0,1.98864
123.667,2015.0,1.98864
123.833,2140.0,1.98864
124.0,2090.0,5.68182
124.167,1951.0,6.02273
124.333,1799.0,5.90909
124.417,1761.0,8.01136
124.583,1778.0,8.01136
124.75,1842.0,8.01136
124.917,1822.0,6.19318
124.917,1640.0,5.85227
124.917,1491.0,5.85227
125.083,1480.0,5.85227
125.25,1541.0,5.85227
125.5,1690.0,5.85227
125.667,1690.0,6.07954
125.75,1750.0,6.02273
125.917,1785.0,6.02273
126.083,1866.0,6.02273
126.25,2090.0,5.51136
126.333,2143.0,6.07954
126.333,2052.0,6.07954
126.417,1913.0,6.07954
126.667,1837.0,6.07954
126.833,1764.0,6.07954
127.0,1670.0,5.625
127.083,1623.0,5.90909
127.25,1650.0,5.90909
127.333,1815.0,6.02273
127.417,1990.0,6.02273
127.417,1956.0,1.98864
127.583,1882.0,1.98864
127.667,1907.0,5.22727
127.833,1904.0,5.22727
128.0,1757.0,5.79545
128.167,1584.0,5.79545
128.25,1493.0,5.28409
128.417,1611.0,5.28409
128.583,1735.0,5.73864
128.75,1815.0,6.02273
128.75,1897.0,5.625
128.917,1947.0,5.625
128.917,1950.0,5.90909
129.0,2050.0,5.90909
129.083,2090.0,1.13636
129.167,2016.0,2.95454
129.333,1945.0,5.28409
129.583,1971.0,5.73864
129.667,2039.0,5.68182
129.833,2096.0,5.22727
129.917,2084.0,5.625
130.0,2038.0,5.34091
130.167,1959.0,5.34091
130.167,1869.0,5.34091
130.25,1863.0,5.34091
130.417,1870.0,5.34091
130.583,1870.0,5.625
130.75,1870.0,5.625
130.917,1712.0,5.625
130.917,1646.0,5.39773
131.083,1908.0,5.39773
131.25,2087.0,5.56818
131.417,2160.0,5.56818
131.583,2167.0,5.56818
131.583,2152.0,5.34091
131.75,2154.0,5.34091
131.833,2157.0,6.07954
131.917,2148.0,5.22727
132.083,2056.0,5.22727
132.25,2001.0,5.22727
132.25,1926.0,5.11364
132.333,1925.0,5.11364
132.5,1848.0,5.11364
132.667,1901.0,5.11364
132.667,1927.0,5.68182
132.833,1974.0,5.90909
132.917,2017.0,4.94318
132.917,2047.0,4.94318
133.0,2123.0,1.30682
133.167,2173.0,2.84091
133.333,2178.0,5.34091
133.5,2079.0,5.34091
133.667,1790.0,5.34091
133.75,1652.0,5.34091
133.833,1603.0,5.05682
134.0,1603.0,5.05682
134.167,1531.0,5.22727
134.167,1487.0,4.71591
134.167,1510.0,4.71591
134.25,1627.0,4.71591
134.25,1877.0,0.909091
134.417,2045.0,1.76136
134.5,2072.0,5.17045
134.667,2093.0,4.82954
134.833,2131.0,4.94318
135.0,2213.0,4.88636
135.083,2191.0,4.60227
135.25,2141.0,5.0
135.417,1983.0,5.0
135.417,1751.0,4.71591
135.417,1751.0,4.71591
135.417,1561.0,4.71591
135.417,1570.0,4.71591
135.583,1639.0,4.71591
135.667,1680.0,4.43182
135.75,1729.0,2.32954
135.917,1856.0,4.60227
136.0,2059.0,4.26136
136.167,2247.0,4.26136
136.25,2397.0,4.60227
136.333,2433.0,4.60227
136.5,2446.0,4.71591
136.5,2408.0,4.71591
136.5,2295.0,4.71591
136.667,2065.0,4.71591
136.833,1870.0,4.71591
136.917,1717.0,4.88636
137.0,1614.0,5.0
137.167,1623.0,5.0
137.25,1670.0,4.65909
137.333,1806.0,4.94318
137.5,2027.0,4.94318
137.583,2469.0,4.48864
137.75,2578.0,5.0
137.833,2512.0,4.43182
137.917,2526.0,4.43182
137.917,2558.0,2.15909
137.917,2561.0,2.15909
138.0,2411.0,0.965909
138.167,2050.0,4.60227
138.333,1805.0,4.60227
138.417,1740.0,5.34091
138.583,1814.0,5.34091
138.75,1864.0,5.11364
138.833,1940.0,4.43182
139.0,2075.0,4.43182
139.0,2199.0,4.09091
139.167,2328.0,4.09091
139.333,2486.0,5.05682
139.333,2625.0,4.48864
139.333,2696.0,4.48864
139.333,2696.0,4.48864
139.417,2631.0,4.48864
139.583,2631.0,4.48864
139.667,2619.0,4.94318
139.75,2425.0,3.80682
139.917,2236.0,4.26136
140.0,2075.0,4.20454
140.167,2025.0,4.20454
140.333,2138.0,4.31818
140.417,2202.0,4.54545
140.583,2158.0,4.54545
140.667,2131.0,4.60227
140.667,2118.0,4.60227
140.667,2190.0,4.60227
140.833,2321.0,4.60227
141.0,2322.0,4.375
141.083,2440.0,4.71591
141.25,2562.0,4.71591
141.333,2520.0,5.0
141.5,2410.0,5.0
141.667,2286.0,4.31818
141.667,2193.0,4.31818
141.667,2207.0,4.31818
141.833,2203.0,4.31818
142.0,2129.0,4.43182
142.083,2044.0,4.65909
142.25,2038.0,4.65909
142.333,2124.0,4.09091
142.417,2163.0,3.86364
142.417,2161.0,3.86364
142.417,2255.0,3.86364
142.583,2402.0,3.86364
142.75,2405.0,4.54545
142.833,2330.0,4.88636
143.0,2256.0,4.65909
143.083,2055.0,4.31818
143.167,1989.0,4.31818
143.25,1993.0,1.81818
143.333,2019.0,4.14773
143.417,1914.0,2.10227
143.583,1940.0,4.94318
143.667,2012.0,4.26136
143.75,2250.0,4.375
143.75,2261.0,4.375
143.75,2261.0,4.375
143.833,2271.0,0.852273
144.0,2331.0,4.26136
144.167,2448.0,4.26136
144.25,2446.0,3.86364
144.333,2234.0,3.97727
144.417,2208.0,3.97727
144.583,2321.0,4.77273
144.667,2406.0,5.11364
144.833,2305.0,3.92045
144.917,2142.0,4.88636
145.0,2169.0,4.09091
145.0,2272.0,4.09091
145.0,2347.0,4.09091
145.167,2168.0,4.09091
145.25,2030.0,4.65909
145.333,2079.0,4.65909
145.5,2213.0,4.65909
145.583,2382.0,4.43182
145.75,2361.0,4.26136
145.833,2273.0,4.26136
146.0,2218.0,4.26136
146.083,2232.0,4.54545
146.167,2191.0,4.26136
146.333,2156.0,4.26136
146.5,2085.0,4.48864
146.583,2036.0,4.03409
146.667,2021.0,3.75
146.667,2129.0,3.57954
146.667,2297.0,3.57954
146.833,2320.0,3.57954
146.917,2273.0,3.97727
146.917,2265.0,4.09091
147.083,2271.0,4.09091
147.167,2213.0,4.26136
147.333,2154.0,4.26136
147.417,2250.0,4.26136
147.583,2332.0,4.20454
147.583,2295.0,4.20454
147.667,2179.0,1.81818
147.833,2008.0,3.75
147.917,1987.0,3.86364
148.083,2073.0,3.86364
148.083,2073.0,3.92045
148.083,2083.0,3.92045
148.083,2086.0,3.92045
148.083,2146.0,3.92045
148.167,2205.0,0.681818
148.25,2241.0,0.681818
148.333,2226.0,3.75
148.5,2134.0,3.75
148.583,2153.0,3.97727
148.667,2162.0,3.75
148.75,2146.0,3.75
148.833,2100.0,3.86364
149.0,2062.0,3.86364
149.0,2063.0,4.26136
149.167,2053.0,4.26136
149.167,2076.0,3.86364
149.167,2221.0,3.86364
149.167,2235.0,3.86364
149.333,2182.0,3.86364
149.417,2156.0,4.43182
149.417,2184.0,3.75
149.5,2176.0,3.75
149.583,2169.0,1.25
149.75,2232.0,1.25
149.833,2354.0,3.92045
149.917,2435.0,4.375
150.0,2398.0,3.35227
150.083,2400.0,3.35227
150.083,2387.0,1.875
150.25,2411.0,1.93182
150.333,2328.0,4.48864
150.333,2204.0,3.46591
150.333,2099.0,3.46591
150.417,2156.0,3.46591
150.417,2200.0,0.852273
150.417,2113.0,0.852273
150.5,2001.0,1.30682
150.583,2052.0,1.30682
150.667,2412.0,1.70455
150.833,2436.0,3.86364
150.917,2397.0,4.31818
151.0,2400.0,3.86364
151.167,2460.0,3.86364
151.167,2460.0,3.92045
151.167,2449.0,3.92045
151.333,2388.0,3.92045
151.333,2224.0,4.48864
151.417,2145.0,4.48864
151.5,2145.0,3.40909
151.583,2119.0,3.92045
151.583,2065.0,3.92045
151.583,2019.0,3.92045
151.583,2150.0,3.92045
151.75,2212.0,3.92045
151.833,2244.0,3.57954
151.917,2324.0,3.40909
152.0,2419.0,3.46591
152.167,2482.0,3.46591
152.25,2418.0,3.75
152.333,2361.0,3.75
152.5,2389.0,3.75
152.5,2414.0,4.14773
152.583,2369.0,1.875
152.583,2307.0,1.875
152.667,2284.0,1.70455
152.667,2304.0,1.70455
152.75,2292.0,1.19318
152.833,2282.0,3.40909
152.833,2278.0,3.40909
152.833,2302.0,3.40909
152.917,2493.0,3.40909
153.0,2561.0,0.852273
153.083,2581.0,3.92045
153.167,2610.0,3.97727
153.333,2550.0,3.97727
153.417,2434.0,4.43182
153.5,2286.0,3.52273
153.583,2144.0,3.46591
153.667,2062.0,3.23864
153.75,2122.0,3.23864
153.833,2193.0,3.92045
153.833,2217.0,3.92045
153.917,2186.0,1.53409
153.917,2181.0,1.53409
154.0,2365.0,1.53409
154.0,2365.0,1.25
154.083,2481.0,1.64773
154.25,2521.0,1.64773
154.333,2420.0,3.40909
154.333,2270.0,3.35227
154.417,2146.0,1.64773
154.583,2079.0,3.63636
154.667,2108.0,3.86364
154.75,2103.0,3.29545
154.75,2004.0,3.06818
154.75,1963.0,3.06818
154.917,2043.0,3.06818
155.0,2220.0,4.20454
155.083,2230.0,3.23864
155.167,2207.0,3.29545
155.25,2233.0,3.06818
155.333,2377.0,3.06818
155.417,2388.0,1.76136
155.5,2304.0,3.63636
155.583,2172.0,3.125
155.75,2022.0,3.125
155.833,1891.0,3.40909
155.917,1906.0,3.125
155.917,1986.0,3.125
156.0,2092.0,1.70455
156.083,2268.0,3.57954
156.25,2295.0,3.57954
156.333,2297.0,3.92045
156.417,2411.0,3.18182
156.5,2484.0,2.78409
156.583,2407.0,3.92045
156.667,2378.0,2.95454
156.667,2360.0,2.95454
156.75,2321.0,2.95454
156.833,2115.0,1.13636
156.917,1966.0,3.06818
156.917,1917.0,3.29545
156.917,1940.0,3.29545
157.0,2013.0,3.29545
157.083,2048.0,3.80682
157.167,2122.0,3.125
157.25,2122.0,3.06818
157.25,2455.0,3.06818
157.333,2455.0,3.06818
157.417,2804.0,1.02273
157.5,2894.0,2.89773
157.583,2887.0,3.35227
157.667,2844.0,3.06818
157.75,2681.0,3.29545
157.833,2483.0,2.84091
157.917,2284.0,2.84091
158.0,2126.0,3.80682
158.0,2062.0,3.80682
158.083,2078.0,1.47727
158.167,2086.0,2.61364
158.25,2145.0,2.95454
158.25,2163.0,2.95454
158.25,2323.0,2.95454
158.25,2382.0,2.95454
158.25,2411.0,2.95454
158.333,2400.0,0.568182
158.417,2377.0,2.84091
158.5,2485.0,2.78409
158.583,2551.0,2.78409
158.583,2483.0,2.5
158.583,2318.0,2.5
158.667,2328.0,2.5
158.75,2271.0,0.852273
158.75,2233.0,2.72727
158.833,2262.0,2.32954
158.833,2621.0,2.32954
158.917,2964.0,2.32954
158.917,3189.0,1.02273
159.0,3398.0,1.02273
159.0,3939.0,1.70455
159.0,4413.0,1.70455
159.0,4494.0,1.70455
159.083,4559.0,1.70455
159.083,4591.0,0.625
159.083,4440.0,0.625
159.083,4202.0,0.625
159.083,3702.0,0.625
159.083,2883.0,0.625
159.083,1912.0,0.625
159.083,1266.0,0.625
159.083,1197.0,0.625
159.083,1197.0,0.625
159.083,1141.0,0.625
159.083,673.0,0.625
159.083,221.0,0.625
159.083,77.0,0.625
159.083,5.0,0.625
159.167,0.0,0.227273
159.167,43.0,0.227273
159.167,106.0,0.227273
159.167,167.0,0.227273
159.167,252.0,0.227273
159.167,286.0,0.227273
159.167,285.0,0.227273
159.167,239.0,0.227273
159.167,149.0,0.227273
159.167,95.0,0.227273
159.25,39.0,0.284091
159.25,1.0,0.284091
159.25,0.0,0.284091
159.25,1.0,0.284091
159.25,0.0,0.284091
159.25,1.0,0.284091
159.25,0.0,0.284091
159.25,0.0,0.284091
159.25,0.0,0.284091
159.25,0.0,0.284091
159.25,0.0,0.284091
159.25,0.0,0.284091
159.25,0.0,0.284091
159.25,0.0,0.284091
159.25,0.0,0.284091
159.25,1.0,0.284091
159.25,0.0,0.284091
159.25,1.0,0.284091
159.25,0.0,0.284091
159.25,0.0,0.284091
159.25,1.0,0.284091
159.25,1.0,0.284091
159.25,0.0,0.284091
159.25,1.0,0.284091
159.25,1.0,0.284091
159.25,0.0,0.284091
159.25,0.0,0.284091
159.25,0.0,0.284091
159.25,0.0,0.284091
159.25,0.0,0.284091
159.25,0.0,0.284091
159.25,0.0,0.284091
159.25,0.0,0.284091
159.25,1.0,0.284091
159.25,1.0,0.284091
159.25,0.0,0.284091
159.25,0.0,0.284091
159.25,0.0,0.284091
159.25,0.0,0.284091
159.25,0.0,0.284091
159.25,0.0,0.284091
159.25,0.0,0.284091
159.25,0.0,0.284091
159.25,0.0,0.284091
159.25,0.0,0.284091
159.25,0.0,0.284091
159.25,0.0,0.284091
159.25,0.0,0.284091
159.25,0.0,0.284091
159.25,0.0,0.284091
159.25,0.0,0.284091
159.25,0.0,0.284091
159.25,0.0,0.284091
159.25,0.0,0.284091
159.25,0.0,0.284091
159.25,0.0,0.284091
159.25,0.0,0.284091
159.25,0.0,0.284091
159.25,0.0,0.284091
159.25,0.0,0.284091
159.25,0.0,0.284091
159.25,0.0,0.0
159.25,0.0,0.0
159.25,0.0,0.0
159.25,0.0,0.0
159.25,0.0,0.0
159.25,0.0,0.0
159.25,0.0,0.0
159.25,0.0,0.0
159.25,0.0,0.0
159.25,0.0,0.0
159.25,0.0,0.0
159.25,0.0,0.0
159.25,0.0,0.0
159.25,0.0,0.0
159.25,0.0,0.0
159.25,0.0,0.0
159.25,0.0,0.0
159.25,0.0,0.0
159.25,0.0,0.0
159.25,0.0,0.0
159.25,0.0,0.0
159.25,3.0,0.0
159.25,3.0,0.0
159.25,1.0,0.0
159.25,0.0,0.0
159.25,0.0,0.0
159.25,0.0,0.0
159.25,0.0,0.0
159.25,0.0,0.0
159.25,0.0,0.0
159.25,0.0,0.0
159.25,0.0,0.0
159.25,0.0,0.0
159.25,0.0,0.0
159.25,0.0,0.0
159.25,0.0,0.0
159.25,0.0,0.0
159.25,0.0,0.0
159.25,0.0,0.0
159.25,0.0,0.0
159.25,0.0,0.0
159.25,0.0,0.0
159.25,0.0,0.0
159.25,0.0,0.0
159.25,0.0,0.0
159.25,0.0,0.0
159.25,0.0,0.0
159.25,0.0,0.0
159.25,0.0,0.0
159.25,0.0,0.0
159.25,0.0,0.0
159.25,0.0,0.0
159.25,0.0,0.0
159.25,4.0,0.0
159.25,7.0,0.0
159.25,7.0,0.0
159.25,2.0,0.0
159.25,0.0,0.0
159.25,0.0,0.0
159.25,0.0,0.0
159.25,0.0,0.0
159.25,0.0,0.0
159.25,0.0,0.0
159.25,1.0,0.0
159.25,0.0,0.0
159.25,0.0,0.0
159.25,0.0,0.0
159.25,0.0,0.0
159.25,0.0,0.0
159.25,0.0,0.0
159.25,0.0,0.0
159.25,0.0,0.0
159.25,0.0,0.0
159.25,0.0,0.0
159.25,0.0,0.0
159.25,0.0,0.0
159.25,0.0,0.0
159.25,0.0,0.0
159.25,0.0,0.0
159.25,0.0,0.0
159.25,0.0,0.0
159.25,0.0,0.0
159.25,0.0,0.0
159.25,0.0,0.0
159.25,0.0,0.0
159.25,0.0,0.0
159.25,0.0,0.0
159.25,0.0,0.0
159.25,0.0,0.0
159.25,1.0,0.0
