0.0,0.0,0.0
0.0,0.0,0.0
0.0,0.0,0.0
0.0,0.0,0.0
0.0,0.0,0.0
0.0,0.0,0.0
0.0,0.0,0.0
0.0,0.0,0.0
0.0,0.0,0.0
0.0,0.0,0.0
0.0,0.0,0.0
0.0,0.0,0.0
0.0,0.0,0.0
0.0,0.0,0.0
0.0,0.0,0.0
0.0,0.0,0.0
0.0,0.0,0.0
0.0,0.0,0.0
0.0,0.0,0.0
0.0,0.0,0.0
0.0,0.0,0.0
0.0,0.0,0.0
0.0,0.0,0.0
0.0,0.0,0.0
0.0,0.0,0.0
0.0,0.0,0.0
0.0,0.0,0.0
0.0,0.0,0.0
0.0,0.0,0.0
0.0,0.0,0.0
0.0,0.0,0.0
0.0,0.0,0.0
0.0,0.0,0.0
0.0,0.0,0.0
0.0,0.0,0.0
0.0,0.0,0.0
0.0,0.0,0.0
0.0,0.0,0.0
0.0,0.0,0.0
0.0,0.0,0.0
0.0,0.0,0.0
0.0,0.0,0.0
0.0,0.0,0.0
0.0,0.0,0.0
0.0,0.0,0.0
0.0,0.0,0.0
0.0,0.0,0.0
0.0,0.0,0.0
0.0,0.0,0.0
0.0,0.0,0.0
0.0,0.0,0.0
0.0,0.0,0.0
0.0,0.0,0.0
0.0,0.0,0.0
0.0,0.0,0.0
0.0,0.0,0.0
0.0,0.0,0.0
0.0,0.0,0.0
0.0,0.0,0.0
0.0,0.0,0.0
0.0,0.0,0.0
0.0,0.0,0.0
0.0,0.0,0.0
0.0,0.0,0.0
0.0,0.0,0.0
0.0,0.0,0.0
0.0,0.0,0.0
0.0,0.0,0.0
0.0,0.0,0.0
0.0,0.0,0.0
0.0,0.0,0.0
0.0,0.0,0.0
0.0,0.0,0.0
0.0,0.0,0.0
0.0,0.0,0.0
0.0,0.0,0.0
0.0,0.0,0.0
0.0,0.0,0.0
0.0,0.0,0.0
0.0,0.0,0.0
0.0,0.0,0.0
0.0,0.0,0.0
0.0,0.0,0.0
0.0,0.0,0.0
0.0,0.0,0.0
0.0,0.0,0.0
0.0,0.0,0.0
0.0,0.0,0.0
0.0,0.0,0.0
0.0,0.0,0.0
0.0,0.0,0.0
0.0,0.0,0.0
0.0,0.0,0.0
0.0,0.0,0.0
0.0,0.0,0.0
0.0,0.0,0.0
0.0,0.0,0.0
0.0,0.0,0.0
0.0,0.0,0.0
0.0,0.0,0.0
0.0,0.0,0.0
0.0,0.0,0.0
0.0,0.0,0.0
0.0,0.0,0.0
0.0,0.0,0.0
0.0,0.0,0.0
0.0,0.0,0.0
0.0,0.0,0.0
0.0,0.0,0.0
0.0,0.0,0.0
0.0,0.0,0.0
0.0,0.0,0.0
0.0,0.0,0.0
0.0,0.0,0.0
0.0,0.0,0.0
0.0,0.0,0.0
0.0,0.0,0.0
0.0,0.0,0.0
0.0,0.0,0.0
0.0,0.0,0.0
0.0,0.0,0.0
0.0,0.0,0.0
0.0,0.0,0.0
0.0,0.0,0.0
0.0,0.0,0.0
0.0,0.0,0.0
0.0,0.0,0.0
0.0,0.0,0.0
0.0,0.0,0.0
0.0,0.0,0.0
0.0,0.0,0.0
0.0,0.0,0.0
0.0,0.0,0.0
0.0,0.0,0.0
0.0,0.0,0.0
0.0,0.0,0.0
0.0,0.0,0.0
0.0,0.0,0.0
0.0,0.0,0.0
0.0,0.0,0.0
0.0,0.0,0.0
0.0,0.0,0.0
0.0,0.0,0.0
0.0,0.0,0.0
0.0,0.0,0.0
0.0,0.0,0.0
0.0,0.0,0.0
0.0,0.0,0.0
0.0,0.0,0.0
0.0,0.0,0.0
0.0,0.0,0.0
0.0,0.0,0.0
0.0,0.0,0.0
0.0,0.0,0.0
0.0,0.0,0.0
0.0,0.0,0.0
0.0,0.0,0.0
0.0,0.0,0.0
0.0,0.0,0.0
0.0,0.0,0.0
0.0,0.0,0.0
0.0,0.0,0.0
0.0,0.0,0.0
0.0,0.0,0.0
0.0,0.0,0.0
0.0,0.0,0.0
0.0,0.0,0.0
0.0,0.0,0.0
0.0,0.0,0.0
0.0,0.0,0.0
0.0,0.0,0.0
0.0,0.0,0.0
0.0,0.0,0.0
0.0,0.0,0.0
0.0,0.0,0.0
0.0,0.0,0.0
0.0,0.0,0.0
0.0,0.0,0.0
0.0,0.0,0.0
0.0,0.0,0.0
0.0,0.0,0.0
0.0,0.0,0.0
0.0,0.0,0.0
0.0,0.0,0.0
0.0,0.0,0.0
0.0,0.0,0.0
0.0,0.0,0.0
0.0,0.0,0.0
0.0,0.0,0.0
0.0,0.0,0.0
0.0,0.0,0.0
0.0,0.0,0.0
0.0,0.0,0.0
0.0,0.0,0.0
0.0,0.0,0.0
0.0,0.0,0.0
0.0,0.0,0.0
0.0,0.0,0.0
0.0,0.0,0.0
0.0,0.0,0.0
0.0,0.0,0.0
0.0,0.0,0.0
0.0,0.0,0.0
0.0,0.0,0.0
0.0,0.0,0.0
0.0,0.0,0.0
0.0,0.0,0.0
0.0,0.0,0.0
0.0,0.0,0.0
0.0,0.0,0.0
0.0,0.0,0.0
0.0,0.0,0.0
0.0,0.0,0.0
0.0,0.0,0.0
0.0,0.0,0.0
0.0,0.0,0.0
0.0,0.0,0.0
0.0,0.0,0.0
0.0,0.0,0.0
0.0,0.0,0.0
0.0,0.0,0.0
0.0,0.0,0.0
0.0,0.0,0.0
0.0,0.0,0.0
0.0,0.0,0.0
0.0,0.0,0.0
0.0,0.0,0.0
0.0,0.0,0.0
0.0,0.0,0.0
0.0,0.0,0.0
0.0,0.0,0.0
0.0,0.0,0.0
0.0,0.0,0.0
0.0,0.0,0.0
0.0,0.0,0.0
0.0,0.0,0.0
0.0,0.0,0.0
0.0,0.0,0.0
0.0,0.0,0.0
0.0,0.0,0.0
0.0,0.0,0.0
0.0,0.0,0.0
0.0,0.0,0.0
0.0,0.0,0.0
0.0,0.0,0.0
0.0,0.0,0.0
0.0,0.0,0.0
0.0,0.0,0.0
0.0,0.0,0.0
0.0,0.0,0.0
0.0,0.0,0.0
0.0,0.0,0.0
0.0,0.0,0.0
0.0,0.0,0.0
0.0,0.0,0.0
0.0,0.0,0.0
0.0,0.0,0.0
0.0,0.0,0.0
0.0,0.0,0.0
0.0,0.0,0.0
0.0,0.0,0.0
0.0,0.0,0.0
0.0,0.0,0.0
0.0,0.0,0.0
0.0,0.0,0.0
0.0,0.0,0.0
0.0,0.0,0.0
0.0,0.0,0.0
0.0,0.0,0.0
0.0,0.0,0.0
0.0,0.0,0.0
0.0,0.0,0.0
0.0,0.0,0.0
0.0,0.0,0.0
0.0,0.0,0.0
0.0,0.0,0.0
0.0,0.0,0.0
0.0,0.0,0.0
0.0,0.0,0.0
0.0,0.0,0.0
0.0,0.0,0.0
0.0,0.0,0.0
0.0,0.0,0.0
0.0,0.0,0.0
0.0,0.0,0.0
0.0,0.0,0.0
0.0,0.0,0.0
0.0,0.0,0.0
0.0,0.0,0.0
0.0,0.0,0.0
0.0,0.0,0.0
0.0,0.0,0.0
0.0,0.0,0.0
0.0,0.0,0.0
0.0,0.0,0.0
0.0,0.0,0.0
0.0,0.0,0.0
0.0,0.0,0.0
0.0,0.0,0.0
0.0,0.0,0.0
0.0,0.0,0.0
0.0,0.0,0.0
0.0,0.0,0.0
0.0,0.0,0.0
0.0,0.0,0.0
0.0,111.0,0.0
0.0,746.0,0.0
0.0,1260.0,0.0
0.0,824.0,0.0
0.0,428.0,0.0
0.0,187.0,0.0
0.0,52.0,0.0
0.0,0.0,0.0
0.0,40.0,0.0
0.0,164.0,0.0
0.0,291.0,0.0
0.0,220.0,0.0
0.0,122.0,0.0
0.0,65.0,0.0
0.0,57.0,0.0
0.0,145.0,0.0
0.0,225.0,0.0
0.0,230.0,0.0
0.0,214.0,0.0
0.0,191.0,0.0
0.0,261.0,0.0
0.0,357.0,0.0
0.0,412.0,0.0
0.0,412.0,0.0
0.0,392.0,0.0
0.0,383.0,0.0
0.0,395.0,0.0
0.0,407.0,0.0
0.0,417.0,0.0
0.0,429.0,0.0
0.0,449.0,0.0
0.0,512.0,0.0
0.0,553.0,0.0
0.0,565.0,0.0
0.0,566.0,0.0
0.0,571.0,0.0
0.0,605.0,0.0
0.0,661.0,0.0
0.0,677.0,0.0
0.0,677.0,0.0
0.0,687.0,0.0
0.0,682.0,0.0
0.0,688.0,0.0
0.0,682.0,0.0
0.0,676.0,0.0
0.0,687.0,0.0
0.0833333,688.0,0.113636
0.0833333,714.0,0.113636
0.0833333,734.0,0.113636
0.0833333,770.0,0.113636
0.0833333,859.0,0.113636
0.0833333,924.0,0.113636
0.0833333,917.0,0.113636
0.0833333,917.0,0.113636
0.0833333,921.0,0.113636
0.0833333,960.0,0.113636
0.0833333,1181.0,0.113636
0.0833333,1280.0,0.113636
0.0833333,1375.0,0.113636
0.0833333,1450.0,0.113636
0.0833333,1463.0,0.113636
0.0833333,1414.0,0.113636
0.166667,1384.0,0.113636
0.166667,1392.0,0.113636
0.166667,1418.0,0.113636
0.166667,1440.0,0.113636
0.166667,1420.0,0.113636
0.166667,1421.0,0.113636
0.166667,1410.0,0.113636
0.166667,1411.0,0.113636
0.25,1413.0,0.340909
0.25,1427.0,0.340909
0.25,1422.0,0.340909
0.25,1420.0,0.340909
0.25,1433.0,0.340909
0.333333,1476.0,0.340909
0.333333,1576.0,0.511364
0.333333,1729.0,0.511364
0.333333,2203.0,0.511364
0.416667,2354.0,0.511364
0.416667,2566.0,0.738636
0.416667,2566.0,0.738636
0.416667,2566.0,0.738636
0.416667,2787.0,0.738636
0.416667,2926.0,0.738636
0.416667,2921.0,0.738636
0.416667,2815.0,0.738636
0.416667,2663.0,0.738636
0.416667,2505.0,0.738636
0.416667,2370.0,0.738636
0.416667,2229.0,0.738636
0.416667,2140.0,0.738636
0.416667,2011.0,0.738636
0.416667,1910.0,0.738636
0.5,1817.0,0.738636
0.5,1808.0,0.170455
0.5,1888.0,0.170455
0.5,2091.0,0.170455
0.5,2158.0,0.170455
0.5,2187.0,0.170455
0.583333,2206.0,0.511364
0.583333,2295.0,0.511364
0.666667,2324.0,1.53409
0.666667,2286.0,1.53409
0.75,2214.0,1.64773
0.833333,2143.0,1.64773
0.833333,2148.0,1.76136
0.916667,2180.0,1.76136
1.0,2173.0,1.76136
1.0,2154.0,2.27273
1.0,2136.0,2.27273
1.08333,2155.0,2.27273
1.16667,2165.0,0.852273
1.16667,2123.0,2.44318
1.25,1966.0,2.21591
1.33333,2099.0,2.21591
1.33333,2276.0,2.04545
1.41667,2381.0,1.81818
1.41667,2338.0,1.81818
1.5,2285.0,1.81818
1.5,2324.0,1.13636
1.5,2332.0,1.13636
1.5,2301.0,1.13636
1.58333,2264.0,1.13636
1.58333,2264.0,0.681818
1.58333,2274.0,0.681818
1.66667,2301.0,1.19318
1.75,2346.0,2.72727
1.83333,2451.0,2.55682
1.91667,2516.0,2.55682
2.0,2485.0,2.55682
2.08333,2372.0,2.44318
2.16667,2261.0,2.72727
2.25,2131.0,2.32954
2.33333,2093.0,2.78409
2.41667,2064.0,3.18182
2.5,2037.0,2.44318
2.5,2045.0,3.52273
2.5,2044.0,3.52273
2.58333,2054.0,1.25
2.66667,2073.0,1.25
2.75,2086.0,1.64773
2.83333,2102.0,3.01136
2.83333,2102.0,3.01136
2.83333,2099.0,3.01136
2.83333,2100.0,3.01136
2.91667,2095.0,3.01136
2.91667,2111.0,0.681818
2.91667,2127.0,0.681818
3.0,2115.0,1.13636
3.08333,1992.0,3.52273
3.25,1896.0,3.52273
3.33333,1896.0,3.69318
3.41667,1870.0,3.63636
3.5,1823.0,3.18182
3.5,1769.0,3.18182
3.5,1760.0,3.18182
3.5,1767.0,3.18182
3.66667,1771.0,3.18182
3.66667,1813.0,3.86364
3.66667,1837.0,3.86364
3.66667,1835.0,3.86364
3.75,1827.0,3.86364
3.83333,1774.0,3.63636
3.91667,1744.0,3.63636
3.91667,1723.0,3.63636
3.91667,1723.0,3.63636
4.08333,1723.0,3.63636
4.16667,1661.0,3.80682
4.33333,1589.0,3.80682
4.41667,1555.0,3.69318
4.58333,1557.0,4.09091
4.66667,1581.0,4.43182
4.83333,1610.0,4.43182
4.91667,1579.0,4.43182
5.08333,1506.0,4.26136
5.16667,1448.0,3.97727
5.25,1481.0,4.31818
5.25,1495.0,4.31818
5.33333,1484.0,1.42045
5.33333,1485.0,1.42045
5.5,1487.0,1.47727
5.5,1620.0,4.77273
5.66667,1732.0,4.77273
5.75,1768.0,4.54545
5.91667,1694.0,4.82954
6.08333,1560.0,4.82954
6.08333,1564.0,4.94318
6.25,1638.0,4.94318
6.25,1676.0,4.26136
6.41667,1596.0,4.26136
6.5,1457.0,4.48864
6.5,1465.0,2.32954
6.58333,1498.0,2.32954
6.66667,1514.0,5.11364
6.75,1511.0,2.21591
6.83333,1500.0,2.21591
7.0,1512.0,4.43182
7.16667,1526.0,4.94318
7.25,1540.0,4.94318
7.41667,1560.0,4.94318
7.58333,1588.0,4.94318
7.75,1593.0,4.48864
7.83333,1603.0,4.43182
8.0,1649.0,5.17045
8.16667,1661.0,5.17045
8.33333,1615.0,4.94318
8.41667,1559.0,4.94318
8.58333,1493.0,4.94318
8.75,1519.0,4.94318
8.91667,1519.0,4.88636
9.0,1559.0,5.0
9.16667,1591.0,5.0
9.25,1612.0,5.05682
9.41667,1614.0,5.05682
9.5,1563.0,5.73864
9.66667,1511.0,5.73864
9.75,1523.0,5.17045
9.75,1685.0,4.77273
9.75,1753.0,4.77273
9.75,1740.0,4.77273
9.91667,1718.0,4.77273
10.0833,1752.0,4.77273
10.25,1783.0,5.45454
10.4167,1888.0,5.45454
10.5833,1950.0,5.45454
10.75,1980.0,5.45454
10.75,2037.0,5.79545
10.75,2038.0,5.79545
10.75,1957.0,5.79545
10.75,1789.0,5.79545
10.9167,1625.0,5.79545
11.0833,1747.0,5.73864
11.25,1881.0,5.73864
11.4167,1902.0,5.51136
11.5833,1782.0,5.34091
11.6667,1719.0,5.17045
11.75,1719.0,5.05682
11.9167,1858.0,5.05682
12.0833,1854.0,5.05682
12.25,1650.0,5.05682
12.3333,1657.0,4.94318
12.5,1757.0,5.05682
12.6667,1810.0,5.17045
12.8333,1794.0,5.28409
13.0,1754.0,5.28409
13.0833,1728.0,4.88636
13.1667,1753.0,5.28409
13.25,1795.0,5.28409
13.4167,1850.0,5.28409
13.5,1854.0,5.17045
13.6667,1855.0,5.17045
13.8333,1855.0,5.17045
14.0,1840.0,5.17045
14.0,1813.0,5.0
14.0833,1818.0,5.0
14.1667,1813.0,5.34091
14.3333,1804.0,5.34091
14.4167,1802.0,4.71591
14.5833,1778.0,6.59091
14.8333,1766.0,6.02273
15.0,1759.0,6.02273
15.0833,1738.0,5.68182
15.25,1687.0,5.68182
15.3333,1701.0,5.625
15.3333,1719.0,2.72727
15.5,1718.0,2.72727
15.5833,1576.0,5.45454
15.6667,1499.0,3.01136
15.8333,1545.0,3.01136
16.0,1621.0,6.19318
16.1667,1636.0,6.19318
16.3333,1539.0,6.19318
16.5,1559.0,5.96591
16.5833,1703.0,5.17045
16.6667,1824.0,2.95454
16.6667,1693.0,2.95454
16.6667,1602.0,2.95454
16.9167,1620.0,2.95454
17.0833,1646.0,6.59091
17.25,1627.0,6.59091
17.3333,1447.0,5.90909
17.4167,1372.0,6.02273
17.5,1358.0,3.18182
17.5833,1342.0,3.18182
17.75,1294.0,3.18182
17.9167,1332.0,5.85227
17.9167,1403.0,6.07954
18.0,1432.0,1.93182
18.1667,1428.0,2.15909
18.3333,1518.0,5.34091
18.5,1612.0,5.85227
18.5833,1610.0,6.07954
18.6667,1486.0,6.07954
18.75,1334.0,1.93182
18.8333,1334.0,5.0
18.8333,1288.0,5.0
18.9167,1252.0,1.36364
19.0833,1174.0,2.89773
19.1667,1059.0,5.96591
19.3333,1071.0,5.96591
19.5,1159.0,5.96591
19.5,1278.0,7.5
19.6667,1383.0,7.5
19.9167,1412.0,7.5
20.0,1451.0,5.51136
20.1667,1520.0,5.51136
20.1667,1547.0,6.53409
20.1667,1543.0,6.53409
20.3333,1503.0,6.53409
20.5,1473.0,6.53409
20.6667,1360.0,6.13636
20.9167,1187.0,6.42045
21.0833,1233.0,6.42045
21.25,1334.0,6.42045
21.4167,1383.0,6.42045
21.5,1396.0,5.51136
21.5,1425.0,5.51136
21.5833,1453.0,5.51136
21.6667,1478.0,1.07955
21.8333,1460.0,3.23864
21.8333,1317.0,4.03409
22.0,1306.0,4.03409
22.1667,1308.0,5.73864
22.25,1278.0,6.98863
22.25,1168.0,2.15909
22.4167,1107.0,2.15909
22.4167,1130.0,6.81818
22.4167,1202.0,6.81818
22.5833,1334.0,6.81818
22.75,1464.0,6.07954
23.0,1333.0,7.15909
23.0,1222.0,7.15909
23.0833,1285.0,7.15909
23.25,1449.0,6.25
23.5,1442.0,6.25
23.5833,1440.0,7.5
23.5833,1424.0,7.5
23.75,1424.0,7.5
23.9167,1466.0,7.5
24.1667,1493.0,7.5
24.25,1438.0,6.42045
24.3333,1267.0,6.42045
24.4167,1188.0,2.15909
24.5,1449.0,6.42045
24.5833,1447.0,6.42045
24.75,1260.0,6.42045
24.8333,1193.0,6.42045
25.0833,1456.0,6.42045
25.25,1657.0,6.42045
25.4167,1460.0,6.42045
25.5833,1461.0,6.19318
25.6667,1418.0,3.18182
25.75,1471.0,3.75
25.75,1373.0,3.75
25.75,1308.0,3.75
25.8333,1339.0,3.75
25.9167,1423.0,6.81818
26.0833,1341.0,6.81818
26.25,1240.0,9.09091
26.3333,1246.0,9.09091
26.5833,1343.0,9.09091
26.75,1333.0,7.04545
27.0,1293.0,6.64773
27.0,1266.0,6.53409
27.0833,1268.0,6.53409
27.1667,1278.0,1.42045
27.3333,1264.0,3.35227
27.5833,1204.0,5.96591
27.75,1113.0,6.13636
28.0,1211.0,6.98863
28.0833,1424.0,6.76136
28.3333,1417.0,6.76136
28.5,1322.0,6.81818
28.5833,1255.0,6.30682
28.6667,1285.0,2.5
28.9167,1324.0,3.46591
29.0833,1318.0,6.30682
29.25,1266.0,7.21591
29.4167,1247.0,6.64773
29.6667,1247.0,7.04545
29.8333,1243.0,7.10227
29.8333,1267.0,7.15909
29.9167,1310.0,7.15909
30.0833,1300.0,7.15909
30.3333,1228.0,7.27273
30.5,1215.0,7.27273
30.75,1249.0,7.27273
30.9167,1319.0,7.38636
31.0,1404.0,8.69318
31.1667,1349.0,8.69318
31.3333,1343.0,7.04545
31.4167,1347.0,3.80682
31.6667,1315.0,3.80682
31.8333,1263.0,7.27273
32.0,1258.0,6.30682
32.0833,1285.0,3.80682
32.3333,1296.0,3.80682
32.4167,1246.0,7.72727
32.5,1218.0,2.32954
32.5,1213.0,2.32954
32.5833,1238.0,2.32954
32.75,1259.0,2.32954
32.9167,1218.0,3.57954
33.1667,1101.0,6.64773
33.3333,1054.0,7.21591
33.5833,1119.0,7.55682
33.6667,1166.0,6.93182
33.9167,1078.0,6.93182
33.9167,1089.0,7.21591
34.0833,1245.0,7.21591
34.25,1327.0,7.21591
34.5,1101.0,7.84091
34.6667,960.0,6.70454
34.8333,1026.0,6.70454
35.0,1230.0,6.64773
35.1667,1237.0,7.67045
35.3333,1117.0,6.53409
35.4167,1039.0,6.53409
35.5833,1052.0,6.53409
35.8333,1085.0,6.53409
35.9167,1084.0,6.76136
36.1667,1086.0,6.76136
36.25,1086.0,6.76136
36.4167,1112.0,7.44318
36.5,1097.0,3.52273
36.5,1062.0,3.52273
36.75,1074.0,3.52273
36.8333,1122.0,7.32954
37.0,1146.0,7.32954
37.1667,1091.0,6.02273
37.3333,1020.0,8.57954
37.5,1069.0,6.875
37.5833,1186.0,9.71591
37.75,1121.0,9.71591
37.9167,1019.0,7.55682
38.0,1018.0,6.76136
38.25,998.0,7.10227
38.4167,882.0,6.47727
38.5833,766.0,7.32954
38.75,766.0,7.32954
38.75,801.0,7.04545
38.9167,803.0,7.04545
38.9167,750.0,7.38636
39.0,770.0,2.44318
39.25,818.0,2.5
39.4167,850.0,7.44318
39.5,806.0,6.64773
39.6667,788.0,6.64773
39.8333,783.0,7.15909
40.0833,784.0,7.44318
40.1667,773.0,6.81818
40.25,770.0,6.81818
40.3333,795.0,7.95454
40.5833,825.0,7.95454
40.6667,829.0,6.70454
40.75,848.0,6.70454
41.0,1051.0,6.70454
41.1667,1217.0,6.70454
41.1667,1222.0,6.30682
41.25,1027.0,6.30682
41.25,997.0,1.25
41.5,1057.0,2.5
41.6667,1115.0,7.44318
41.9167,1119.0,6.98863
42.0833,1079.0,7.95454
42.25,1079.0,6.64773
42.4167,1007.0,7.38636
42.5833,1005.0,7.38636
42.8333,1174.0,7.32954
42.9167,1201.0,6.875
43.1667,1000.0,6.93182
43.3333,1036.0,7.21591
43.4167,1184.0,6.98863
43.6667,1195.0,6.98863
43.6667,1063.0,6.76136
43.8333,1094.0,6.76136
43.8333,1133.0,7.27273
43.9167,1143.0,7.27273
44.0,1037.0,3.69318
44.25,1034.0,3.75
44.4167,1108.0,6.64773
44.5833,1156.0,6.64773
44.6667,925.0,9.65909
44.9167,998.0,9.65909
45.0,1075.0,7.10227
45.0,1092.0,7.10227
45.0833,1147.0,7.10227
45.25,1115.0,7.10227
45.3333,1093.0,3.52273
45.4167,1149.0,3.92045
45.6667,1147.0,3.92045
45.8333,1034.0,6.59091
45.9167,1071.0,6.81818
46.0,1144.0,6.81818
46.0,1049.0,1.76136
46.1667,854.0,8.57954
46.3333,936.0,8.57954
46.5833,1136.0,7.55682
46.5833,1257.0,7.15909
46.8333,1210.0,7.15909
46.9167,969.0,7.55682
46.9167,981.0,7.55682
47.1667,1058.0,7.55682
47.3333,1074.0,7.55682
47.5,1024.0,6.36363
47.6667,1014.0,6.36363
47.8333,1009.0,7.27273
48.0,1009.0,7.27273
48.1667,993.0,6.59091
48.1667,1018.0,8.63636
48.1667,1051.0,8.63636
48.25,1015.0,1.19318
48.3333,979.0,1.19318
48.5,961.0,1.93182
48.6667,977.0,3.29545
48.75,1022.0,7.95454
48.9167,1041.0,7.95454
49.1667,1029.0,7.95454
49.3333,1019.0,7.95454
49.4167,1039.0,6.81818
49.5833,1040.0,6.81818
49.75,1056.0,6.53409
50.0,1055.0,6.875
50.1667,1087.0,7.89773
50.3333,1137.0,6.42045
50.5,1165.0,7.84091
50.5833,1118.0,6.53409
50.75,1160.0,6.53409
50.75,1212.0,6.93182
50.9167,1197.0,6.93182
51.0,1168.0,7.67045
51.1667,1186.0,7.61363
51.25,1175.0,6.07954
51.3333,1137.0,6.07954
51.5,1136.0,6.07954
51.6667,1138.0,6.53409
51.9167,1154.0,6.93182
52.1667,1164.0,6.93182
52.3333,1147.0,6.93182
52.5,1136.0,6.93182
52.75,1211.0,8.01136
52.9167,1237.0,5.79545
53.0833,1173.0,6.70454
53.25,1135.0,6.70454
53.4167,1154.0,6.70454
53.5833,1345.0,6.70454
53.6667,1395.0,7.72727
53.75,1270.0,7.72727
53.9167,1270.0,6.59091
54.0833,1390.0,7.10227
54.0833,1390.0,7.84091
54.25,1387.0,7.84091
54.5,1257.0,7.84091
54.6667,1214.0,7.38636
54.8333,1357.0,6.98863
54.9167,1502.0,3.40909
55.0833,1463.0,3.75
55.1667,1400.0,7.27273
55.4167,1246.0,7.27273
55.5833,1199.0,7.27273
55.6667,1313.0,7.21591
55.9167,1333.0,7.21591
56.0,1303.0,6.64773
56.0,1294.0,6.64773
56.0,1327.0,6.64773
56.1667,1376.0,8.01136
56.3333,1447.0,8.01136
56.5833,1316.0,8.01136
56.6667,1152.0,7.67045
56.75,1132.0,2.32954
56.8333,1257.0,3.23864
57.0,1429.0,3.23864
57.0833,1411.0,6.70454
57.3333,1234.0,6.70454
57.4167,1109.0,7.21591
57.6667,1080.0,7.21591
57.8333,1209.0,7.21591
57.9167,1455.0,3.29545
58.0833,1494.0,3.29545
58.25,1342.0,3.29545
58.5,1181.0,7.15909
58.5,1197.0,7.15909
58.6667,1309.0,7.15909
58.6667,1427.0,7.44318
58.9167,1426.0,7.44318
59.0,1191.0,6.64773
59.25,1016.0,6.64773
59.3333,1017.0,6.47727
59.4167,1157.0,3.63636
59.4167,1207.0,2.38636
59.5,1203.0,2.38636
59.6667,1122.0,2.38636
59.9167,1033.0,8.18182
60.0833,1033.0,8.18182
60.3333,1070.0,8.18182
60.5833,1289.0,7.44318
60.75,1342.0,7.21591
61.0,1237.0,7.95454
61.1667,1095.0,7.95454
61.25,1109.0,6.59091
61.4167,1216.0,6.59091
61.6667,1148.0,6.98863
61.8333,1024.0,6.98863
62.0,951.0,6.47727
62.1667,972.0,6.47727
62.25,974.0,7.04545
62.3333,1102.0,8.18182
62.3333,1157.0,8.18182
62.5,1190.0,8.18182
62.6667,1192.0,8.125
62.9167,1170.0,6.875
63.0833,1159.0,6.98863
63.3333,1176.0,6.98863
63.5,1193.0,7.21591
63.6667,1169.0,6.19318
63.6667,1141.0,6.98863
63.75,1124.0,6.98863
63.8333,1100.0,1.42045
64.0,1097.0,6.875
64.0833,1100.0,6.93182
64.25,1118.0,5.625
64.5,1089.0,5.625
64.6667,1062.0,6.53409
64.9167,1093.0,7.10227
64.9167,1137.0,7.10227
65.0833,1153.0,7.10227
65.25,1142.0,7.10227
65.5,1150.0,7.10227
65.6667,1170.0,7.10227
65.8333,1193.0,6.93182
66.0833,1196.0,6.93182
66.25,1172.0,7.55682
66.5,1141.0,7.55682
66.5,1138.0,7.5
66.75,1118.0,7.5
66.8333,1118.0,7.32954
67.0833,1120.0,7.32954
67.25,1140.0,7.32954
67.5,1165.0,7.32954
67.6667,1191.0,7.55682
67.9167,1170.0,7.55682
68.0833,1072.0,6.36363
68.0833,1037.0,6.64773
68.3333,1154.0,6.64773
68.5,1320.0,6.64773
68.75,1222.0,6.70454
68.9167,1132.0,7.32954
69.0,1052.0,3.63636
69.1667,1094.0,3.63636
69.3333,1333.0,9.31818
69.3333,1126.0,9.31818
69.5833,919.0,8.80682
69.8333,927.0,7.38636
70.0,1177.0,7.38636
70.25,1235.0,6.81818
70.4167,1213.0,7.21591
70.6667,1143.0,7.21591
70.8333,1124.0,7.21591
71.0833,1267.0,7.21591
71.1667,1286.0,7.04545
71.3333,1205.0,7.04545
71.5833,1165.0,7.21591
71.75,1198.0,7.27273
72.0,1170.0,7.61363
72.1667,1104.0,7.61363
72.4167,1088.0,7.61363
72.5833,1164.0,7.61363
72.8333,1203.0,7.04545
72.9167,1191.0,6.875
73.0,1168.0,2.55682
73.25,1219.0,7.27273
73.4167,1229.0,7.55682
73.6667,1177.0,7.55682
73.6667,1173.0,10.0
73.9167,1186.0,7.89773
73.9167,1199.0,6.53409
74.0833,1201.0,6.53409
74.25,1173.0,7.5
74.4167,1173.0,7.5
74.6667,1147.0,7.38636
74.75,1180.0,7.21591
74.9167,1228.0,9.54545
75.0833,1195.0,9.54545
75.3333,1172.0,7.78409
75.5,1186.0,7.04545
75.5833,1259.0,8.125
75.75,1302.0,8.125
75.9167,1302.0,6.81818
76.1667,1287.0,6.81818
76.3333,1289.0,6.81818
76.5833,1291.0,6.81818
76.6667,1263.0,6.59091
76.75,1324.0,7.72727
76.8333,1394.0,2.44318
77.0,1262.0,2.44318
77.0833,1177.0,7.27273
77.25,1240.0,9.26136
77.3333,1386.0,3.46591
77.5833,1410.0,3.46591
77.75,1310.0,6.59091
78.0,1282.0,6.70454
78.1667,1381.0,6.76136
78.25,1530.0,6.93182
78.3333,1474.0,6.93182
78.5833,1474.0,6.93182
78.75,1405.0,6.93182
78.9167,1440.0,6.93182
79.0833,1430.0,6.70454
79.3333,1360.0,7.27273
79.5,1331.0,6.93182
79.5833,1430.0,6.70454
79.5833,1611.0,2.27273
79.75,1524.0,2.27273
79.9167,1379.0,7.27273
80.1667,1343.0,7.27273
80.3333,1387.0,7.27273
80.5,1336.0,6.07954
80.5833,1272.0,7.55682
80.75,1275.0,7.55682
80.8333,1371.0,6.64773
80.9167,1351.0,6.70454
81.0,1351.0,2.55682
81.1667,1276.0,2.55682
81.3333,1262.0,6.59091
81.4167,1343.0,7.67045
81.6667,1463.0,7.67045
81.8333,1400.0,7.21591
82.0833,1290.0,7.21591
82.0833,1273.0,7.38636
82.3333,1313.0,7.38636
82.4167,1300.0,6.25
82.6667,1329.0,6.25
82.8333,1363.0,7.27273
82.9167,1363.0,7.21591
82.9167,1306.0,7.21591
83.1667,1343.0,7.21591
83.3333,1394.0,7.21591
83.3333,1424.0,6.98863
83.5,1346.0,6.98863
83.75,1180.0,6.98863
84.0,1176.0,6.98863
84.0833,1272.0,6.59091
84.3333,1352.0,6.59091
84.4167,1302.0,9.48863
84.5,1264.0,2.32954
84.5833,1208.0,2.32954
84.75,1146.0,3.92045
84.9167,1205.0,5.73864
85.1667,1327.0,6.42045
85.4167,1316.0,6.76136
85.5,1213.0,6.64773
85.75,1141.0,6.64773
85.8333,1225.0,6.25
86.0833,1311.0,6.76136
86.25,1347.0,7.21591
86.3333,1280.0,6.81818
86.5833,1191.0,6.81818
86.6667,1277.0,6.93182
86.9167,1305.0,7.55682
86.9167,1261.0,8.01136
87.0833,1231.0,8.01136
87.25,1273.0,8.01136
87.5,1268.0,7.67045
87.5833,1268.0,7.38636
87.6667,1217.0,7.38636
87.9167,1185.0,7.38636
88.0833,1158.0,7.38636
88.3333,1203.0,7.38636
88.4167,1223.0,8.06818
88.5833,1159.0,8.06818
88.75,1167.0,7.32954
88.8333,1266.0,6.875
88.9167,1274.0,2.32954
89.0833,1281.0,2.55682
89.3333,1380.0,5.96591
89.5,1357.0,7.27273
89.75,1114.0,7.5
89.8333,1130.0,6.25
89.9167,1329.0,7.95454
90.0,1304.0,2.27273
90.0,1261.0,2.27273
90.0,1338.0,2.27273
90.25,1273.0,2.27273
90.5,1151.0,7.21591
90.5833,1142.0,6.64773
90.75,1247.0,3.40909
90.9167,1369.0,3.40909
91.0,1358.0,3.86364
91.0833,1277.0,3.86364
91.25,1275.0,7.38636
91.3333,1334.0,7.38636
91.5833,1310.0,7.38636
91.8333,1046.0,7.38636
92.0,1103.0,7.38636
92.1667,1277.0,7.38636
92.3333,1362.0,7.38636
92.5833,1333.0,7.27273
92.6667,1231.0,7.55682
92.75,1188.0,7.55682
92.8333,1204.0,2.32954
93.0,1211.0,2.5
93.1667,1258.0,3.86364
93.4167,1284.0,6.875
93.5833,1282.0,6.875
93.75,1231.0,6.875
93.8333,1225.0,6.64773
93.8333,1225.0,6.64773
93.9167,1345.0,6.64773
94.1667,1330.0,6.64773
94.4167,1284.0,6.875
94.5833,1296.0,6.875
94.75,1231.0,7.89773
94.9167,1148.0,7.89773
95.0,1146.0,6.47727
95.0,1208.0,6.47727
95.0833,1281.0,1.42045
95.25,1261.0,2.44318
95.5,1222.0,2.44318
95.6667,1218.0,6.19318
95.8333,1252.0,6.19318
95.9167,1277.0,7.10227
96.0833,1276.0,7.10227
96.3333,1294.0,7.10227
96.5,1299.0,7.10227
96.5,1317.0,6.59091
96.6667,1337.0,6.59091
96.9167,1325.0,7.10227
97.0833,1291.0,7.10227
97.25,1307.0,6.47727
97.4167,1454.0,6.47727
97.5833,1523.0,8.23863
97.6667,1527.0,8.23863
97.8333,1524.0,8.23863
97.8333,1427.0,7.5
98.0833,1286.0,7.5
98.25,1236.0,7.5
98.4167,1369.0,6.76136
98.5833,1559.0,6.76136
98.75,1360.0,7.10227
98.8333,1155.0,7.15909
98.9167,1138.0,6.53409
98.9167,1348.0,6.53409
99.0,1564.0,6.53409
99.1667,1447.0,1.13636
99.3333,1372.0,1.13636
99.5,1291.0,6.53409
99.6667,1492.0,6.53409
99.8333,1594.0,6.53409
99.9167,1499.0,7.84091
100.083,1499.0,7.84091
100.083,1378.0,5.85227
100.25,1363.0,5.85227
100.333,1523.0,7.44318
100.5,1640.0,7.44318
100.75,1636.0,6.875
100.917,1470.0,6.875
101.083,1361.0,7.27273
101.167,1509.0,6.36363
101.333,1548.0,6.36363
101.333,1458.0,8.35227
101.333,1383.0,8.35227
101.583,1347.0,8.35227
101.75,1333.0,6.53409
101.917,1464.0,7.04545
102.167,1562.0,7.04545
102.333,1383.0,6.70454
102.5,1218.0,6.59091
102.583,1259.0,6.93182
102.583,1474.0,2.27273
102.667,1592.0,2.04545
102.833,1404.0,2.04545
102.917,1273.0,7.72727
103.083,1264.0,7.72727
103.333,1448.0,7.44318
103.5,1575.0,7.44318
103.667,1517.0,6.59091
103.917,1393.0,6.59091
104.083,1317.0,6.59091
104.333,1338.0,6.59091
104.5,1417.0,6.07954
104.583,1576.0,8.40909
104.75,1723.0,8.40909
104.917,1512.0,7.04545
105.0,1371.0,7.27273
105.083,1427.0,7.55682
105.25,1603.0,7.55682
105.417,1686.0,6.93182
105.5,1487.0,6.36363
105.5,1482.0,6.36363
105.583,1378.0,6.36363
105.75,1368.0,6.36363
106.0,1368.0,6.36363
106.167,1480.0,6.36363
106.25,1607.0,6.25
106.5,1615.0,7.10227
106.667,1535.0,7.10227
106.75,1542.0,6.30682
106.833,1624.0,3.23864
106.917,1618.0,3.23864
107.0,1584.0,6.59091
107.083,1536.0,6.59091
107.333,1462.0,6.70454
107.5,1504.0,6.70454
107.75,1503.0,6.70454
107.917,1531.0,6.25
108.083,1351.0,6.36363
108.167,1333.0,7.38636
108.167,1443.0,3.23864
108.333,1553.0,3.23864
108.417,1478.0,6.70454
108.667,1356.0,6.70454
108.833,1412.0,6.42045
108.833,1528.0,6.59091
109.083,1656.0,6.59091
109.167,1754.0,8.92045
109.25,1672.0,3.125
109.417,1623.0,6.70454
109.417,1620.0,6.70454
109.583,1591.0,6.70454
109.833,1505.0,6.64773
110.0,1431.0,6.70454
110.167,1421.0,6.93182
110.417,1504.0,6.70454
110.583,1694.0,6.70454
110.75,1805.0,6.25
110.917,1870.0,6.25
110.917,1860.0,5.96591
111.083,1760.0,5.96591
111.25,1678.0,5.96591
111.417,1635.0,6.70454
111.583,1497.0,6.70454
111.75,1444.0,6.70454
111.917,1475.0,6.02273
112.0,1594.0,7.38636
112.167,1594.0,7.38636
112.333,1566.0,6.64773
112.333,1399.0,5.625
112.5,1385.0,5.625
112.667,1585.0,7.32954
112.833,1715.0,6.70454
113.0,1694.0,6.53409
113.083,1561.0,6.25
113.333,1595.0,6.25
113.5,1682.0,6.25
113.667,1680.0,6.70454
113.667,1578.0,6.53409
113.75,1507.0,6.53409
113.75,1530.0,1.53409
113.917,1593.0,1.70455
114.167,1644.0,6.13636
114.333,1613.0,6.13636
114.5,1622.0,6.19318
114.667,1730.0,6.19318
114.917,1874.0,6.30682
115.083,1775.0,6.25
115.167,1542.0,6.47727
115.333,1392.0,6.47727
115.5,1330.0,6.36363
115.667,1380.0,6.36363
115.833,1589.0,6.13636
115.917,1600.0,6.53409
116.167,1514.0,6.53409
116.333,1503.0,6.53409
116.5,1730.0,6.47727
116.583,1860.0,5.85227
116.583,1835.0,5.85227
116.75,1715.0,5.85227
116.917,1585.0,6.42045
117.083,1586.0,6.42045
117.333,1573.0,6.42045
117.5,1474.0,6.13636
117.583,1335.0,5.79545
117.75,1266.0,5.79545
117.917,1269.0,5.79545
118.0,1441.0,6.02273
118.0,1577.0,6.02273
118.083,1660.0,6.02273
118.25,1660.0,6.02273
118.417,1648.0,6.02273
118.583,1649.0,6.02273
118.75,1690.0,6.13636
118.833,1747.0,6.13636
119.0,1723.0,6.13636
119.083,1591.0,5.28409
119.083,1469.0,5.28409
119.083,1468.0,5.28409
119.167,1621.0,5.28409
119.333,1639.0,5.625
119.5,1638.0,5.625
119.667,1620.0,5.79545
119.75,1632.0,5.22727
119.917,1777.0,5.22727
120.083,1837.0,6.47727
120.25,1828.0,6.13636
120.333,1788.0,5.56818
120.333,1741.0,5.56818
120.333,1772.0,5.56818
120.417,1796.0,0.965909
120.583,1781.0,3.18182
120.75,1744.0,5.625
120.75,1795.0,5.625
120.833,1875.0,5.625
120.833,1877.0,1.53409
120.833,1852.0,1.53409
121.0,1678.0,1.53409
121.167,1614.0,5.625
121.167,1614.0,6.07954
121.25,1652.0,6.07954
121.333,1616.0,1.19318
121.5,1470.0,2.89773
121.667,1410.0,5.79545
121.75,1528.0,5.90909
121.917,1846.0,5.85227
122.083,2155.0,5.85227
122.083,2169.0,6.07954
122.25,2182.0,6.07954
122.333,2181.0,5.17045
122.333,2115.0,5.17045
122.417,1830.0,1.64773
122.583,1830.0,2.78409
122.75,1590.0,5.34091
122.917,1482.0,5.34091
123.083,1635.0,5.17045
123.25,1747.0,5.68182
123.417,1694.0,5.22727
123.5,1721.0,5.39773
123.667,1859.0,5.17045
123.833,2109.0,5.11364
124.0,2142.0,5.11364
124.0,2145.0,5.22727
124.0,2022.0,5.22727
124.167,1573.0,5.22727
124.333,1162.0,5.22727
124.5,1084.0,5.0
124.667,1272.0,5.0
124.75,1663.0,4.82954
124.917,1996.0,5.22727
124.917,2086.0,5.28409
125.083,2200.0,5.28409
125.083,2378.0,5.17045
125.083,2610.0,5.17045
125.083,2539.0,5.17045
125.25,2339.0,5.17045
125.333,2236.0,5.73864
125.5,2065.0,5.73864
125.667,1994.0,5.73864
125.75,1947.0,5.45454
125.917,1827.0,5.45454
126.083,1643.0,5.39773
126.25,1662.0,5.39773
126.333,1872.0,4.94318
126.333,2077.0,4.94318
126.333,2158.0,4.94318
126.333,2043.0,4.94318
126.417,2095.0,4.94318
126.583,2251.0,5.28409
126.583,2328.0,5.28409
126.75,2219.0,5.28409
126.917,2194.0,5.22727
127.0,2077.0,4.71591
127.167,1893.0,4.71591
127.333,1753.0,4.77273
127.5,1753.0,5.17045
127.667,1728.0,4.88636
127.667,1850.0,4.26136
127.667,2006.0,4.26136
127.75,2131.0,4.26136
127.917,2137.0,4.26136
128.0,2054.0,5.17045
128.167,2022.0,5.17045
128.333,2028.0,4.71591
128.333,2056.0,4.94318
128.417,2039.0,1.70455
128.583,2038.0,1.70455
128.583,2019.0,4.65909
128.75,2016.0,4.65909
128.75,1925.0,4.77273
128.917,1776.0,4.77273
129.083,1670.0,4.71591
129.083,1658.0,6.02273
129.167,1840.0,6.02273
129.333,2038.0,5.90909
129.5,2047.0,5.56818
129.583,2052.0,4.77273
129.667,2135.0,5.05682
129.75,2274.0,5.05682
129.917,2286.0,5.05682
130.0,2286.0,5.11364
130.167,2175.0,5.11364
130.333,2049.0,4.77273
130.333,2035.0,4.60227
130.333,2059.0,4.60227
130.333,2067.0,4.60227
130.5,2009.0,4.60227
130.583,1965.0,5.51136
130.75,2017.0,4.77273
130.917,2089.0,4.77273
130.917,2149.0,4.60227
131.083,2118.0,4.60227
131.25,2097.0,4.60227
131.333,2098.0,4.03409
131.5,2096.0,4.71591
131.583,2157.0,4.54545
131.583,2232.0,4.54545
131.667,2264.0,4.54545
131.833,2264.0,4.54545
131.917,2244.0,5.625
132.083,2162.0,5.625
132.25,2061.0,5.22727
132.333,2141.0,4.71591
132.5,2196.0,4.71591
132.583,2101.0,4.60227
132.667,1796.0,4.60227
132.833,1744.0,4.60227
132.917,1790.0,4.71591
133.083,1787.0,4.43182
133.083,1778.0,4.26136
133.083,1849.0,4.26136
133.167,2006.0,1.07955
133.333,2129.0,4.43182
133.5,2176.0,4.43182
133.583,2261.0,4.43182
133.75,2305.0,4.43182
133.833,2218.0,4.94318
133.917,2070.0,3.92045
134.0,2031.0,2.32954
134.167,2110.0,4.20454
134.333,2034.0,4.20454
134.417,1954.0,4.20454
134.417,1827.0,4.48864
134.5,1978.0,4.48864
134.667,2046.0,4.54545
134.833,1970.0,4.54545
134.917,1895.0,4.82954
135.083,2116.0,4.77273
135.167,2267.0,4.375
135.333,2229.0,4.54545
135.5,2147.0,4.88636
135.583,2178.0,4.65909
135.75,2304.0,4.20454
135.833,2281.0,5.79545
135.917,2189.0,4.375
136.0,2070.0,4.375
136.167,1984.0,4.375
136.333,2008.0,4.48864
136.417,2026.0,4.54545
136.5,2032.0,4.14773
136.583,2032.0,4.14773
136.75,2119.0,4.14773
136.833,2185.0,4.71591
137.0,2133.0,4.71591
137.167,2037.0,4.71591
137.25,2074.0,4.65909
137.417,2306.0,4.65909
137.5,2363.0,5.05682
137.667,2344.0,4.88636
137.667,2328.0,4.375
137.75,2341.0,4.375
137.833,2342.0,4.71591
138.0,2301.0,4.375
138.0,2287.0,4.26136
138.0,2387.0,4.26136
138.083,2648.0,1.02273
138.25,2613.0,1.02273
138.333,2419.0,3.92045
138.5,2267.0,3.92045
138.583,2468.0,4.48864
138.75,2629.0,4.375
138.833,2529.0,4.43182
138.917,2204.0,4.03409
139.0,2128.0,1.98864
139.167,2552.0,1.98864
139.167,2557.0,4.375
139.25,2472.0,4.375
139.417,2163.0,4.375
139.5,1970.0,4.43182
139.667,2114.0,4.43182
139.75,2174.0,4.31818
139.833,2043.0,4.375
140.0,1929.0,4.03409
140.083,2154.0,3.86364
140.167,2320.0,3.97727
140.333,2294.0,3.97727
140.5,2236.0,3.97727
140.583,2303.0,3.92045
140.75,2391.0,4.20454
140.833,2391.0,4.31818
140.917,2555.0,4.26136
141.083,2363.0,4.26136
141.167,2219.0,3.75
141.167,2219.0,3.75
141.167,2290.0,3.75
141.333,2474.0,3.75
141.417,2526.0,4.20454
141.5,2316.0,3.29545
141.667,2104.0,4.09091
141.75,2080.0,4.14773
141.917,2237.0,4.26136
142.0,2268.0,4.65909
142.083,2226.0,3.75
142.083,2225.0,2.27273
142.25,2226.0,2.27273
142.25,2279.0,4.14773
142.25,2337.0,4.14773
142.25,2332.0,4.14773
142.333,2272.0,4.14773
142.5,2159.0,4.14773
142.583,2135.0,4.14773
142.75,2155.0,4.14773
142.833,2225.0,3.86364
142.917,2305.0,3.35227
143.0,2364.0,3.92045
143.167,2317.0,3.92045
143.25,2283.0,3.75
143.417,2267.0,3.75
143.5,2287.0,3.75
143.583,2287.0,3.80682
143.75,2231.0,3.75
143.833,2142.0,3.75
143.917,2257.0,3.75
144.083,2524.0,3.75
144.167,2453.0,3.75
144.25,2297.0,3.75
144.417,2202.0,3.75
144.5,2379.0,3.63636
144.583,2438.0,3.63636
144.75,2371.0,3.63636
144.833,2287.0,4.14773
144.917,2243.0,3.75
145.083,2258.0,3.75
145.167,2227.0,3.63636
145.167,2200.0,3.92045
145.25,2221.0,1.76136
145.417,2221.0,3.29545
145.5,2340.0,3.80682
145.667,2389.0,3.80682
145.75,2427.0,4.71591
145.75,2503.0,3.63636
145.75,2582.0,3.63636
145.917,2459.0,3.63636
146.0,2254.0,3.80682
146.0,2134.0,3.63636
146.083,2106.0,1.70455
146.25,2056.0,1.70455
146.333,1872.0,3.63636
146.417,1810.0,3.86364
146.583,1890.0,3.75
146.667,2142.0,3.57954
146.75,2208.0,3.40909
146.833,2228.0,3.40909
147.0,2273.0,3.75
147.083,2452.0,4.03409
147.167,2593.0,3.69318
147.25,2495.0,3.57954
147.25,2341.0,3.57954
147.25,2279.0,3.57954
147.25,2248.0,3.57954
147.417,2247.0,3.57954
147.5,2131.0,3.06818
147.583,2066.0,4.09091
147.667,2159.0,3.29545
147.75,2199.0,3.97727
147.917,2198.0,3.40909
148.0,2229.0,3.40909
148.083,2367.0,3.40909
148.083,2499.0,3.125
148.167,2460.0,1.53409
148.25,2395.0,3.69318
148.417,2371.0,3.75
148.5,2372.0,3.97727
148.583,2193.0,2.95454
148.667,2193.0,3.75
148.833,1977.0,3.52273
148.833,2068.0,3.23864
148.833,2236.0,3.23864
148.917,2236.0,1.13636
149.0,2226.0,4.09091
149.083,2202.0,4.09091
149.167,2284.0,1.76136
149.25,2625.0,2.78409
149.333,2759.0,3.18182
149.417,2683.0,3.57954
149.5,2517.0,3.35227
149.667,2335.0,3.35227
149.75,2318.0,3.52273
149.75,2302.0,3.40909
149.833,2301.0,3.40909
149.917,2164.0,3.92045
150.0,2058.0,3.18182
150.083,2036.0,3.23864
150.25,2015.0,3.23864
150.25,1971.0,3.46591
150.25,2139.0,3.46591
150.333,2339.0,3.46591
150.417,2479.0,1.02273
150.5,2563.0,3.52273
150.5,2691.0,3.52273
150.5,2752.0,3.52273
150.667,2723.0,3.52273
150.75,2668.0,3.86364
150.833,2604.0,3.35227
150.917,2271.0,3.18182
151.0,2125.0,3.40909
151.0,2055.0,3.40909
151.0,2055.0,3.40909
151.083,1942.0,1.02273
151.25,1906.0,1.02273
151.25,1967.0,3.35227
151.25,2090.0,3.35227
151.25,2363.0,3.35227
151.333,2586.0,0.795454
151.417,2679.0,3.80682
151.417,2791.0,3.80682
151.5,2782.0,3.80682
151.583,2592.0,1.07955
151.667,2471.0,3.06818
151.75,2382.0,3.75
151.917,2293.0,3.75
152.0,2293.0,3.40909
152.083,2086.0,3.125
152.167,1926.0,3.29545
152.167,1920.0,3.69318
152.25,2000.0,1.53409
152.333,2070.0,2.89773
152.5,2038.0,2.89773
152.583,2045.0,3.23864
152.667,2100.0,3.63636
152.75,2146.0,3.29545
152.833,2259.0,3.57954
152.833,2361.0,3.57954
152.833,2436.0,3.57954
152.833,2440.0,3.57954
152.917,2312.0,0.681818
152.917,2174.0,0.681818
153.0,2084.0,1.59091
153.083,1997.0,3.29545
153.167,1882.0,3.29545
153.25,1773.0,3.63636
153.333,1809.0,3.57954
153.5,1892.0,3.57954
153.5,1982.0,3.92045
153.5,2138.0,3.92045
153.583,2172.0,1.07955
153.75,2324.0,3.46591
153.833,2423.0,4.09091
153.833,2528.0,3.40909
153.833,2556.0,3.40909
153.833,2520.0,3.40909
153.833,2389.0,3.40909
153.833,2218.0,3.40909
153.917,2111.0,3.40909
154.0,2090.0,3.40909
154.083,2049.0,2.89773
154.083,2024.0,2.89773
154.25,2027.0,2.89773
154.333,2054.0,4.03409
154.417,2053.0,3.40909
154.417,2100.0,3.35227
154.583,2160.0,3.35227
154.583,2152.0,3.35227
154.667,2139.0,3.35227
154.75,2139.0,3.23864
154.833,2137.0,3.52273
154.917,2120.0,4.03409
154.917,2043.0,4.03409
154.917,2044.0,4.03409
154.917,2062.0,4.03409
154.917,2090.0,4.03409
155.0,2110.0,4.03409
155.083,2023.0,0.454545
155.167,1942.0,3.29545
155.25,1942.0,2.78409
155.333,1965.0,3.46591
155.417,2051.0,3.69318
155.583,2024.0,3.69318
155.667,2003.0,3.52273
155.75,2061.0,3.125
155.75,2265.0,4.03409
155.75,2364.0,4.03409
155.75,2393.0,4.03409
155.917,2455.0,4.03409
156.0,2539.0,3.86364
156.083,2548.0,3.46591
156.167,2499.0,3.29545
156.25,2387.0,3.125
156.333,2386.0,3.01136
156.333,2421.0,3.01136
156.417,2358.0,3.01136
156.5,2275.0,1.07955
156.583,2249.0,2.89773
156.583,2365.0,2.72727
156.667,2505.0,2.72727
156.75,2536.0,3.80682
156.833,2521.0,2.89773
156.917,2501.0,3.06818
157.083,2450.0,3.06818
157.083,1998.0,3.06818
157.167,1219.0,2.27273
157.167,600.0,2.27273
157.25,320.0,1.59091
157.333,48.0,1.98864
157.417,0.0,1.98864
157.417,0.0,2.5
157.417,0.0,2.5
157.417,0.0,2.5
157.5,0.0,0.738636
157.5,115.0,0.738636
157.5,889.0,0.738636
157.5,1945.0,0.738636
157.5,2019.0,0.738636
157.5,1539.0,0.738636
157.5,1292.0,0.738636
157.5,1304.0,0.738636
157.5,1323.0,0.738636
157.5,1084.0,0.738636
157.5,554.0,0.738636
157.5,241.0,0.738636
157.5,75.0,0.738636
157.5,0.0,0.738636
157.5,0.0,0.738636
157.5,0.0,0.738636
157.5,0.0,0.738636
157.583,0.0,0.738636
157.583,0.0,0.170455
157.583,0.0,0.170455
157.583,0.0,0.170455
157.583,0.0,0.170455
157.583,0.0,0.170455
157.583,0.0,0.170455
157.583,0.0,0.170455
157.583,0.0,0.170455
157.583,0.0,0.170455
157.583,0.0,0.170455
157.583,0.0,0.170455
157.583,203.0,0.170455
157.583,576.0,0.170455
157.667,460.0,0.227273
157.667,241.0,0.227273
157.667,99.0,0.227273
157.667,13.0,0.227273
157.667,0.0,0.227273
157.667,0.0,0.227273
157.667,0.0,0.227273
157.667,0.0,0.227273
157.667,0.0,0.227273
157.667,0.0,0.227273
157.667,0.0,0.227273
157.667,0.0,0.227273
157.667,0.0,0.227273
157.667,0.0,0.227273
157.667,0.0,0.227273
157.667,0.0,0.227273
157.667,0.0,0.227273
157.667,0.0,0.227273
157.667,0.0,0.227273
157.667,0.0,0.227273
157.667,0.0,0.227273
157.667,0.0,0.227273
157.667,0.0,0.227273
157.667,0.0,0.227273
157.667,0.0,0.227273
157.667,0.0,0.227273
157.667,0.0,0.227273
157.667,0.0,0.227273
157.667,0.0,0.227273
157.667,0.0,0.227273
157.667,0.0,0.227273
157.667,0.0,0.227273
157.667,0.0,0.227273
157.667,0.0,0.227273
157.667,0.0,0.227273
157.667,0.0,0.227273
157.667,0.0,0.227273
157.667,0.0,0.227273
157.667,0.0,0.227273
157.667,0.0,0.227273
157.667,0.0,0.227273
157.667,0.0,0.227273
157.667,0.0,0.227273
157.667,0.0,0.227273
157.667,0.0,0.227273
157.667,0.0,0.227273
157.667,0.0,0.227273
157.667,0.0,0.227273
157.667,0.0,0.227273
157.667,0.0,0.227273
157.667,0.0,0.0
157.667,0.0,0.0
157.667,0.0,0.0
157.667,0.0,0.0
157.667,0.0,0.0
157.667,0.0,0.0
157.667,0.0,0.0
157.667,0.0,0.0
157.667,0.0,0.0
157.667,0.0,0.0
157.667,0.0,0.0
157.667,0.0,0.0
157.667,0.0,0.0
157.667,0.0,0.0
157.667,0.0,0.0
157.667,0.0,0.0
157.667,0.0,0.0
157.667,0.0,0.0
157.667,0.0,0.0
157.667,0.0,0.0
157.667,0.0,0.0
157.667,0.0,0.0
157.667,0.0,0.0
157.667,0.0,0.0
157.667,0.0,0.0
157.667,0.0,0.0
157.667,0.0,0.0
157.667,0.0,0.0
157.667,0.0,0.0
157.667,0.0,0.0
157.667,0.0,0.0
157.667,0.0,0.0
157.667,0.0,0.0
157.667,0.0,0.0
157.667,0.0,0.0
157.667,0.0,0.0
157.667,0.0,0.0
157.667,0.0,0.0
157.667,0.0,0.0
157.667,0.0,0.0
157.667,0.0,0.0
157.667,0.0,0.0
157.667,0.0,0.0
157.667,0.0,0.0
157.667,0.0,0.0
157.667,0.0,0.0
157.667,0.0,0.0
157.667,0.0,0.0
157.667,0.0,0.0
157.667,0.0,0.0
157.667,0.0,0.0
157.667,0.0,0.0
157.667,0.0,0.0
157.667,0.0,0.0
157.667,0.0,0.0
157.667,0.0,0.0
157.667,0.0,0.0
157.667,0.0,0.0
157.667,0.0,0.0
157.667,0.0,0.0
157.667,0.0,0.0
157.667,0.0,0.0
157.667,0.0,0.0
157.667,0.0,0.0
157.667,0.0,0.0
157.667,0.0,0.0
157.667,0.0,0.0
157.667,0.0,0.0
157.667,0.0,0.0
157.667,0.0,0.0
157.667,0.0,0.0
157.667,0.0,0.0
157.667,0.0,0.0
157.667,0.0,0.0
157.667,0.0,0.0
157.667,0.0,0.0
157.667,0.0,0.0
157.667,0.0,0.0
157.667,0.0,0.0
157.667,0.0,0.0
157.667,0.0,0.0
157.667,0.0,0.0
157.667,0.0,0.0
157.667,0.0,0.0
157.667,0.0,0.0
157.667,0.0,0.0
157.667,0.0,0.0
157.667,0.0,0.0
157.667,0.0,0.0
157.667,0.0,0.0
157.667,0.0,0.0
157.667,0.0,0.0
157.667,0.0,0.0
157.667,0.0,0.0
157.667,0.0,0.0
157.667,0.0,0.0
157.667,0.0,0.0
157.667,0.0,0.0
157.667,0.0,0.0
157.667,0.0,0.0
157.667,0.0,0.0
157.667,0.0,0.0
157.667,0.0,0.0
157.667,0.0,0.0
157.667,0.0,0.0
157.667,0.0,0.0
157.667,1.0,0.0
157.667,0.0,0.0
157.667,0.0,0.0
157.667,0.0,0.0
157.667,0.0,0.0
157.667,0.0,0.0
157.667,0.0,0.0
157.667,0.0,0.0
157.667,0.0,0.0
157.667,0.0,0.0
157.667,0.0,0.0
157.667,0.0,0.0
157.667,0.0,0.0
157.667,0.0,0.0
157.667,0.0,0.0
157.667,0.0,0.0
157.667,0.0,0.0
157.667,0.0,0.0
157.667,0.0,0.0
157.667,0.0,0.0
157.667,0.0,0.0
157.667,0.0,0.0
157.667,0.0,0.0
157.667,0.0,0.0
157.667,0.0,0.0
157.667,0.0,0.0
157.667,0.0,0.0
157.667,0.0,0.0
157.667,0.0,0.0
157.667,0.0,0.0
157.667,0.0,0.0
157.667,0.0,0.0
157.667,0.0,0.0
157.667,0.0,0.0
157.667,0.0,0.0
157.667,0.0,0.0
157.667,0.0,0.0
157.667,0.0,0.0
157.667,0.0,0.0
157.667,0.0,0.0
157.667,0.0,0.0
157.667,0.0,0.0
157.667,0.0,0.0
157.667,0.0,0.0
157.667,0.0,0.0
157.667,0.0,0.0
157.667,0.0,0.0
157.667,0.0,0.0
157.667,0.0,0.0
157.667,0.0,0.0
157.667,0.0,0.0
157.667,0.0,0.0
157.667,0.0,0.0
157.667,0.0,0.0
157.667,0.0,0.0
157.667,0.0,0.0
157.667,0.0,0.0
157.667,0.0,0.0
157.667,0.0,0.0
157.667,0.0,0.0
157.667,1.0,0.0
157.667,0.0,0.0
157.667,0.0,0.0
157.667,0.0,0.0
157.667,0.0,0.0
157.667,0.0,0.0
157.667,0.0,0.0
157.667,0.0,0.0
157.667,0.0,0.0
157.667,0.0,0.0
157.667,0.0,0.0
157.667,0.0,0.0
157.667,0.0,0.0
157.667,0.0,0.0
157.667,0.0,0.0
157.667,0.0,0.0
157.667,0.0,0.0
157.667,0.0,0.0
157.667,0.0,0.0
157.667,0.0,0.0
157.667,0.0,0.0
157.667,0.0,0.0
157.667,0.0,0.0
157.667,0.0,0.0
157.667,0.0,0.0
157.667,0.0,0.0
157.667,0.0,0.0
157.667,0.0,0.0
157.667,0.0,0.0
157.667,0.0,0.0
157.667,0.0,0.0
157.667,0.0,0.0
157.667,0.0,0.0
157.667,0.0,0.0
157.667,0.0,0.0
157.667,0.0,0.0
157.667,0.0,0.0
157.667,0.0,0.0
157.667,0.0,0.0
157.667,0.0,0.0
157.667,0.0,0.0
157.667,0.0,0.0
157.667,0.0,0.0
157.667,0.0,0.0
157.667,0.0,0.0
157.667,0.0,0.0
157.667,0.0,0.0
157.667,0.0,0.0
157.667,0.0,0.0
157.667,0.0,0.0
157.667,0.0,0.0
157.667,0.0,0.0
157.667,0.0,0.0
157.667,0.0,0.0
157.667,0.0,0.0
157.667,0.0,0.0
157.667,0.0,0.0
157.667,0.0,0.0
157.667,0.0,0.0
157.667,0.0,0.0
157.667,0.0,0.0
157.667,0.0,0.0
157.667,0.0,0.0
157.667,0.0,0.0
157.667,0.0,0.0
157.667,0.0,0.0
157.667,0.0,0.0
157.667,0.0,0.0
157.667,0.0,0.0
157.667,0.0,0.0
157.667,0.0,0.0
157.667,0.0,0.0
157.667,0.0,0.0
157.667,0.0,0.0
157.667,0.0,0.0
157.667,0.0,0.0
157.667,0.0,0.0
157.667,0.0,0.0
157.667,0.0,0.0
157.667,0.0,0.0
157.667,0.0,0.0
157.667,0.0,0.0
157.667,0.0,0.0
157.667,0.0,0.0
157.667,0.0,0.0
157.667,0.0,0.0
157.667,0.0,0.0
157.667,0.0,0.0
157.667,0.0,0.0
157.667,0.0,0.0
157.667,0.0,0.0
157.667,0.0,0.0
157.667,0.0,0.0
157.667,0.0,0.0
157.667,0.0,0.0
157.667,0.0,0.0
157.667,0.0,0.0
157.667,1.0,0.0
157.667,0.0,0.0
157.667,0.0,0.0
157.667,0.0,0.0
157.667,0.0,0.0
157.667,0.0,0.0
157.667,0.0,0.0
157.667,0.0,0.0
157.667,0.0,0.0
157.667,0.0,0.0
157.667,0.0,0.0
157.667,0.0,0.0
157.667,0.0,0.0
157.667,0.0,0.0
157.667,0.0,0.0
157.667,0.0,0.0
157.667,0.0,0.0
157.667,0.0,0.0
157.667,0.0,0.0
157.667,0.0,0.0
157.667,0.0,0.0
157.667,0.0,0.0
157.667,0.0,0.0
157.667,0.0,0.0
157.667,0.0,0.0
157.667,0.0,0.0
157.667,0.0,0.0
157.667,0.0,0.0
157.667,0.0,0.0
157.667,0.0,0.0
157.667,0.0,0.0
157.667,0.0,0.0
157.667,0.0,0.0
157.667,0.0,0.0
157.667,0.0,0.0
157.667,0.0,0.0
157.667,0.0,0.0
157.667,0.0,0.0
157.667,0.0,0.0
157.667,0.0,0.0
157.667,0.0,0.0
157.667,0.0,0.0
157.667,0.0,0.0
157.667,0.0,0.0
157.667,0.0,0.0
157.667,0.0,0.0
157.667,0.0,0.0
157.667,0.0,0.0
157.667,0.0,0.0
157.667,0.0,0.0
157.667,0.0,0.0
157.667,0.0,0.0
157.667,0.0,0.0
157.667,0.0,0.0
157.667,0.0,0.0
157.667,0.0,0.0
157.667,0.0,0.0
157.667,0.0,0.0
157.667,0.0,0.0
157.667,0.0,0.0
157.667,0.0,0.0
157.667,0.0,0.0
157.667,0.0,0.0
157.667,0.0,0.0
157.667,0.0,0.0
157.667,0.0,0.0
157.667,0.0,0.0
157.667,0.0,0.0
157.667,0.0,0.0
157.667,0.0,0.0
157.667,0.0,0.0
157.667,0.0,0.0
157.667,0.0,0.0
157.667,0.0,0.0
157.667,0.0,0.0
157.667,0.0,0.0
157.667,0.0,0.0
157.667,0.0,0.0
157.667,0.0,0.0
157.667,0.0,0.0
157.667,0.0,0.0
157.667,0.0,0.0
157.667,0.0,0.0
157.667,0.0,0.0
157.667,0.0,0.0
157.667,0.0,0.0
157.667,0.0,0.0
157.667,0.0,0.0
157.667,0.0,0.0
157.667,0.0,0.0
157.667,0.0,0.0
157.667,0.0,0.0
157.667,0.0,0.0
157.667,0.0,0.0
157.667,0.0,0.0
157.667,0.0,0.0
157.667,0.0,0.0
157.667,0.0,0.0
157.667,0.0,0.0
157.667,0.0,0.0
157.667,0.0,0.0
157.667,0.0,0.0
157.667,0.0,0.0
157.667,0.0,0.0
157.667,0.0,0.0
157.667,0.0,0.0
157.667,0.0,0.0
157.667,0.0,0.0
157.667,0.0,0.0
157.667,0.0,0.0
157.667,0.0,0.0
157.667,0.0,0.0
157.667,0.0,0.0
157.667,0.0,0.0
157.667,0.0,0.0
157.667,0.0,0.0
157.667,0.0,0.0
157.667,0.0,0.0
157.667,0.0,0.0
157.667,0.0,0.0
157.667,0.0,0.0
157.667,0.0,0.0
157.667,0.0,0.0
157.667,0.0,0.0
157.667,0.0,0.0
157.667,0.0,0.0
157.667,0.0,0.0
157.667,0.0,0.0
157.667,0.0,0.0
157.667,0.0,0.0
157.667,0.0,0.0
157.667,0.0,0.0
157.667,0.0,0.0
157.667,0.0,0.0
157.667,0.0,0.0
157.667,0.0,0.0
157.667,0.0,0.0
157.667,0.0,0.0
157.667,0.0,0.0
157.667,0.0,0.0
157.667,0.0,0.0
157.667,0.0,0.0
157.667,0.0,0.0
157.667,0.0,0.0
157.667,0.0,0.0
157.667,0.0,0.0
157.667,0.0,0.0
157.667,0.0,0.0
157.667,0.0,0.0
157.667,0.0,0.0
157.667,0.0,0.0
157.667,0.0,0.0
157.667,0.0,0.0
157.667,0.0,0.0
157.667,0.0,0.0
157.667,0.0,0.0
157.667,0.0,0.0
157.667,0.0,0.0
157.667,0.0,0.0
157.667,0.0,0.0
157.667,0.0,0.0
157.667,0.0,0.0
157.667,0.0,0.0
157.667,0.0,0.0
157.667,0.0,0.0
157.667,0.0,0.0
157.667,0.0,0.0
157.667,0.0,0.0
157.667,0.0,0.0
157.667,0.0,0.0
157.667,0.0,0.0
157.667,0.0,0.0
157.667,0.0,0.0
157.667,0.0,0.0
157.667,0.0,0.0
157.667,0.0,0.0
157.667,0.0,0.0
157.667,0.0,0.0
157.667,0.0,0.0
157.667,0.0,0.0
157.667,0.0,0.0
157.667,0.0,0.0
157.667,0.0,0.0
157.667,0.0,0.0
157.667,0.0,0.0
157.667,0.0,0.0
157.667,0.0,0.0
157.667,0.0,0.0
157.667,0.0,0.0
157.667,0.0,0.0
157.667,0.0,0.0
157.667,0.0,0.0
157.667,0.0,0.0
157.667,0.0,0.0
157.667,0.0,0.0
157.667,0.0,0.0
157.667,0.0,0.0
157.667,0.0,0.0
157.667,0.0,0.0
157.667,0.0,0.0
157.667,0.0,0.0
157.667,0.0,0.0
157.667,0.0,0.0
157.667,0.0,0.0
157.667,0.0,0.0
157.667,0.0,0.0
157.667,0.0,0.0
157.667,0.0,0.0
157.667,0.0,0.0
157.667,0.0,0.0
157.667,0.0,0.0
157.667,0.0,0.0
157.667,0.0,0.0
157.667,0.0,0.0
157.667,0.0,0.0
157.667,0.0,0.0
157.667,0.0,0.0
157.667,0.0,0.0
157.667,0.0,0.0
157.667,0.0,0.0
157.667,0.0,0.0
157.667,0.0,0.0
157.667,0.0,0.0
157.667,0.0,0.0
157.667,0.0,0.0
157.667,0.0,0.0
157.667,0.0,0.0
157.667,0.0,0.0
157.667,0.0,0.0
157.667,0.0,0.0
157.667,0.0,0.0
157.667,0.0,0.0
157.667,0.0,0.0
157.667,0.0,0.0
157.667,0.0,0.0
157.667,0.0,0.0
157.667,0.0,0.0
157.667,0.0,0.0
157.667,0.0,0.0
157.667,0.0,0.0
157.667,0.0,0.0
157.667,0.0,0.0
157.667,0.0,0.0
157.667,0.0,0.0
157.667,0.0,0.0
157.667,0.0,0.0
157.667,0.0,0.0
157.667,0.0,0.0
157.667,0.0,0.0
157.667,0.0,0.0
157.667,0.0,0.0
157.667,0.0,0.0
157.667,0.0,0.0
157.667,0.0,0.0
157.667,0.0,0.0
157.667,0.0,0.0
157.667,0.0,0.0
157.667,0.0,0.0
157.667,0.0,0.0
157.667,0.0,0.0
157.667,0.0,0.0
157.667,0.0,0.0
157.667,0.0,0.0
157.667,0.0,0.0
157.667,0.0,0.0
157.667,0.0,0.0
157.667,0.0,0.0
157.667,0.0,0.0
157.667,0.0,0.0
157.667,0.0,0.0
157.667,0.0,0.0
157.667,0.0,0.0
157.667,0.0,0.0
157.667,0.0,0.0
157.667,0.0,0.0
157.667,0.0,0.0
157.667,0.0,0.0
157.667,0.0,0.0
157.667,0.0,0.0
157.667,0.0,0.0
157.667,0.0,0.0
157.667,0.0,0.0
157.667,0.0,0.0
157.667,0.0,0.0
157.667,0.0,0.0
157.667,0.0,0.0
157.667,0.0,0.0
157.667,0.0,0.0
157.667,0.0,0.0
157.667,0.0,0.0
157.667,0.0,0.0
157.667,0.0,0.0
157.667,0.0,0.0
157.667,0.0,0.0
157.667,0.0,0.0
157.667,0.0,0.0
157.667,0.0,0.0
157.667,0.0,0.0
157.667,0.0,0.0
157.667,0.0,0.0
157.667,0.0,0.0
157.667,0.0,0.0
157.667,0.0,0.0
157.667,0.0,0.0
157.667,0.0,0.0
157.667,0.0,0.0
157.667,0.0,0.0
157.667,0.0,0.0
157.667,0.0,0.0
157.667,0.0,0.0
157.667,0.0,0.0
157.667,0.0,0.0
157.667,0.0,0.0
157.667,0.0,0.0
157.667,0.0,0.0
157.667,0.0,0.0
157.667,0.0,0.0
157.667,0.0,0.0
157.667,0.0,0.0
157.667,0.0,0.0
157.667,0.0,0.0
157.667,0.0,0.0
157.667,0.0,0.0
157.667,0.0,0.0
157.667,0.0,0.0
157.667,0.0,0.0
157.667,0.0,0.0
157.667,0.0,0.0
157.667,0.0,0.0
157.667,0.0,0.0
157.667,0.0,0.0
157.667,0.0,0.0
157.667,0.0,0.0
157.667,0.0,0.0
157.667,0.0,0.0
157.667,0.0,0.0
157.667,0.0,0.0
157.667,0.0,0.0
157.667,0.0,0.0
157.667,0.0,0.0
157.667,0.0,0.0
157.667,0.0,0.0
157.667,0.0,0.0
157.667,0.0,0.0
157.667,0.0,0.0
157.667,0.0,0.0
157.667,0.0,0.0
157.667,0.0,0.0
157.667,0.0,0.0
157.667,0.0,0.0
157.667,0.0,0.0
157.667,0.0,0.0
157.667,0.0,0.0
157.667,0.0,0.0
157.667,0.0,0.0
157.667,0.0,0.0
157.667,0.0,0.0
157.667,0.0,0.0
157.667,0.0,0.0
157.667,0.0,0.0
157.667,0.0,0.0
157.667,0.0,0.0
157.667,0.0,0.0
157.667,0.0,0.0
157.667,0.0,0.0
157.667,0.0,0.0
157.667,0.0,0.0
157.667,0.0,0.0
157.667,0.0,0.0
157.667,0.0,0.0
157.667,0.0,0.0
157.667,0.0,0.0
157.667,0.0,0.0
157.667,0.0,0.0
157.667,0.0,0.0
157.667,0.0,0.0
157.667,0.0,0.0
157.667,0.0,0.0
157.667,0.0,0.0
157.667,0.0,0.0
157.667,0.0,0.0
157.667,0.0,0.0
157.667,0.0,0.0
157.667,0.0,0.0
157.667,0.0,0.0
157.667,0.0,0.0
157.667,0.0,0.0
157.667,0.0,0.0
157.667,0.0,0.0
157.667,0.0,0.0
157.667,0.0,0.0
157.667,0.0,0.0
157.667,0.0,0.0
157.667,0.0,0.0
157.667,0.0,0.0
157.667,0.0,0.0
157.667,0.0,0.0
157.667,0.0,0.0
157.667,0.0,0.0
157.667,0.0,0.0
157.667,0.0,0.0
157.667,0.0,0.0
157.667,0.0,0.0
157.667,0.0,0.0
157.667,0.0,0.0
157.667,0.0,0.0
157.667,0.0,0.0
157.667,0.0,0.0
157.667,0.0,0.0
157.667,0.0,0.0
157.667,0.0,0.0
157.667,0.0,0.0
157.667,0.0,0.0
157.667,0.0,0.0
157.667,0.0,0.0
157.667,0.0,0.0
157.667,0.0,0.0
157.667,0.0,0.0
157.667,0.0,0.0
157.667,0.0,0.0
157.667,0.0,0.0
157.667,0.0,0.0
157.667,0.0,0.0
157.667,0.0,0.0
157.667,0.0,0.0
157.667,0.0,0.0
157.667,0.0,0.0
157.667,0.0,0.0
157.667,0.0,0.0
157.667,0.0,0.0
157.667,0.0,0.0
157.667,0.0,0.0
157.667,0.0,0.0
157.667,0.0,0.0
157.667,0.0,0.0
157.667,0.0,0.0
157.667,0.0,0.0
157.667,0.0,0.0
157.667,0.0,0.0
157.667,0.0,0.0
157.667,0.0,0.0
157.667,0.0,0.0
157.667,0.0,0.0
157.667,0.0,0.0
157.667,0.0,0.0
157.667,0.0,0.0
157.667,0.0,0.0
157.667,0.0,0.0
157.667,0.0,0.0
157.667,0.0,0.0
157.667,0.0,0.0
157.667,0.0,0.0
157.667,0.0,0.0
157.667,0.0,0.0
157.667,0.0,0.0
157.667,0.0,0.0
157.667,0.0,0.0
157.667,0.0,0.0
157.667,0.0,0.0
157.667,0.0,0.0
157.667,0.0,0.0
157.667,0.0,0.0
157.667,0.0,0.0
157.667,0.0,0.0
157.667,0.0,0.0
157.667,0.0,0.0
157.667,0.0,0.0
157.667,0.0,0.0
157.667,0.0,0.0
157.667,0.0,0.0
157.667,0.0,0.0
157.667,0.0,0.0
157.667,0.0,0.0
157.667,0.0,0.0
157.667,0.0,0.0
157.667,0.0,0.0
157.667,0.0,0.0
157.667,0.0,0.0
157.667,0.0,0.0
157.667,0.0,0.0
157.667,0.0,0.0
157.667,0.0,0.0
157.667,0.0,0.0
157.667,0.0,0.0
157.667,0.0,0.0
157.667,0.0,0.0
157.667,0.0,0.0
157.667,0.0,0.0
157.667,0.0,0.0
157.667,0.0,0.0
157.667,0.0,0.0
157.667,0.0,0.0
157.667,0.0,0.0
157.667,0.0,0.0
157.667,0.0,0.0
157.667,0.0,0.0
157.667,0.0,0.0
157.667,0.0,0.0
157.667,0.0,0.0
157.667,0.0,0.0
157.667,0.0,0.0
157.667,0.0,0.0
157.667,0.0,0.0
157.667,0.0,0.0
157.667,0.0,0.0
157.667,0.0,0.0
157.667,0.0,0.0
157.667,0.0,0.0
157.667,0.0,0.0
157.667,0.0,0.0
157.667,0.0,0.0
157.667,0.0,0.0
157.667,0.0,0.0
157.667,0.0,0.0
157.667,0.0,0.0
157.667,0.0,0.0
157.667,0.0,0.0
157.667,0.0,0.0
157.667,0.0,0.0
157.667,0.0,0.0
157.667,0.0,0.0
157.667,0.0,0.0
157.667,0.0,0.0
157.667,0.0,0.0
157.667,0.0,0.0
157.667,0.0,0.0
157.667,0.0,0.0
157.667,0.0,0.0
157.667,0.0,0.0
157.667,0.0,0.0
157.667,0.0,0.0
157.667,0.0,0.0
157.667,0.0,0.0
157.667,0.0,0.0
157.667,0.0,0.0
157.667,0.0,0.0
157.667,0.0,0.0
157.667,0.0,0.0
157.667,0.0,0.0
157.667,0.0,0.0
157.667,0.0,0.0
157.667,0.0,0.0
157.667,0.0,0.0
157.667,0.0,0.0
157.667,0.0,0.0
157.667,0.0,0.0
157.667,0.0,0.0
157.667,0.0,0.0
157.667,0.0,0.0
157.667,0.0,0.0
157.667,0.0,0.0
157.667,0.0,0.0
157.667,0.0,0.0
157.667,0.0,0.0
157.667,0.0,0.0
157.667,0.0,0.0
157.667,0.0,0.0
157.667,0.0,0.0
157.667,0.0,0.0
157.667,0.0,0.0
157.667,0.0,0.0
157.667,1.0,0.0
157.667,0.0,0.0
157.667,0.0,0.0
157.667,0.0,0.0
157.667,0.0,0.0
157.667,0.0,0.0
157.667,0.0,0.0
157.667,0.0,0.0
157.667,0.0,0.0
157.667,0.0,0.0
157.667,0.0,0.0
157.667,0.0,0.0
157.667,0.0,0.0
157.667,0.0,0.0
157.667,0.0,0.0
157.667,0.0,0.0
157.667,0.0,0.0
157.667,1.0,0.0
157.667,0.0,0.0
157.667,0.0,0.0
157.667,0.0,0.0
157.667,0.0,0.0
157.667,0.0,0.0
157.667,0.0,0.0
157.667,0.0,0.0
157.667,0.0,0.0
157.667,0.0,0.0
157.667,0.0,0.0
157.667,0.0,0.0
157.667,0.0,0.0
157.667,0.0,0.0
157.667,0.0,0.0
157.667,0.0,0.0
157.667,0.0,0.0
157.667,0.0,0.0
157.667,0.0,0.0
157.667,0.0,0.0
157.667,0.0,0.0
157.667,0.0,0.0
157.667,0.0,0.0
157.667,0.0,0.0
157.667,0.0,0.0
157.667,0.0,0.0
157.667,0.0,0.0
157.667,0.0,0.0
157.667,0.0,0.0
157.667,0.0,0.0
157.667,0.0,0.0
157.667,0.0,0.0
157.667,0.0,0.0
157.667,0.0,0.0
157.667,0.0,0.0
157.667,0.0,0.0
157.667,0.0,0.0
157.667,0.0,0.0
157.667,0.0,0.0
157.667,0.0,0.0
157.667,0.0,0.0
157.667,0.0,0.0
157.667,0.0,0.0
157.667,0.0,0.0
157.667,0.0,0.0
157.667,0.0,0.0
157.667,0.0,0.0
157.667,0.0,0.0
157.667,0.0,0.0
157.667,0.0,0.0
157.667,0.0,0.0
157.667,0.0,0.0
157.667,0.0,0.0
157.667,0.0,0.0
157.667,0.0,0.0
157.667,0.0,0.0
157.667,0.0,0.0
157.667,0.0,0.0
157.667,0.0,0.0
157.667,0.0,0.0
157.667,0.0,0.0
157.667,0.0,0.0
157.667,0.0,0.0
157.667,0.0,0.0
157.667,0.0,0.0
157.667,0.0,0.0
157.667,0.0,0.0
157.667,0.0,0.0
157.667,0.0,0.0
157.667,0.0,0.0
157.667,0.0,0.0
157.667,0.0,0.0
157.667,0.0,0.0
157.667,0.0,0.0
157.667,0.0,0.0
157.667,0.0,0.0
157.667,0.0,0.0
157.667,0.0,0.0
157.667,0.0,0.0
157.667,0.0,0.0
157.667,0.0,0.0
157.667,0.0,0.0
157.667,0.0,0.0
157.667,0.0,0.0
157.667,0.0,0.0
157.667,0.0,0.0
157.667,0.0,0.0
157.667,0.0,0.0
157.667,0.0,0.0
157.667,0.0,0.0
157.667,0.0,0.0
157.667,0.0,0.0
157.667,0.0,0.0
157.667,0.0,0.0
157.667,0.0,0.0
157.667,0.0,0.0
157.667,0.0,0.0
157.667,0.0,0.0
157.667,0.0,0.0
157.667,0.0,0.0
157.667,0.0,0.0
157.667,0.0,0.0
157.667,0.0,0.0
157.667,0.0,0.0
157.667,0.0,0.0
157.667,0.0,0.0
157.667,0.0,0.0
157.667,0.0,0.0
157.667,0.0,0.0
157.667,0.0,0.0
157.667,0.0,0.0
157.667,0.0,0.0
157.667,0.0,0.0
157.667,0.0,0.0
157.667,0.0,0.0
157.667,0.0,0.0
157.667,0.0,0.0
