0.0,0.0,0.0
0.0,0.0,0.0
0.0,0.0,0.0
0.0,0.0,0.0
0.0,0.0,0.0
0.0,0.0,0.0
0.0,0.0,0.0
0.0,1.0,0.0
0.0,0.0,0.0
0.0,0.0,0.0
0.0,0.0,0.0
0.0,0.0,0.0
0.0,0.0,0.0
0.0,0.0,0.0
0.0,0.0,0.0
0.0,0.0,0.0
0.0,0.0,0.0
0.0,0.0,0.0
0.0,0.0,0.0
0.0,0.0,0.0
0.0,0.0,0.0
0.0,0.0,0.0
0.0,0.0,0.0
0.0,0.0,0.0
0.0,0.0,0.0
0.0,0.0,0.0
0.0,0.0,0.0
0.0,0.0,0.0
0.0,0.0,0.0
0.0,0.0,0.0
0.0,0.0,0.0
0.0,0.0,0.0
0.0,0.0,0.0
0.0,0.0,0.0
0.0,0.0,0.0
0.0,0.0,0.0
0.0,0.0,0.0
0.0,0.0,0.0
0.0,0.0,0.0
0.0,0.0,0.0
0.0,0.0,0.0
0.0,0.0,0.0
0.0,0.0,0.0
0.0,0.0,0.0
0.0,0.0,0.0
0.0,0.0,0.0
0.0,0.0,0.0
0.0,0.0,0.0
0.0,0.0,0.0
0.0,0.0,0.0
0.0,0.0,0.0
0.0,0.0,0.0
0.0,1.0,0.0
0.0,0.0,0.0
0.0,0.0,0.0
0.0,0.0,0.0
0.0,0.0,0.0
0.0,0.0,0.0
0.0,0.0,0.0
0.0,1.0,0.0
0.0,0.0,0.0
0.0,1.0,0.0
0.0,0.0,0.0
0.0,0.0,0.0
0.0,0.0,0.0
0.0,0.0,0.0
0.0,0.0,0.0
0.0,0.0,0.0
0.0,0.0,0.0
0.0,0.0,0.0
0.0,0.0,0.0
0.0,0.0,0.0
0.0,0.0,0.0
0.0,0.0,0.0
0.0,0.0,0.0
0.0,0.0,0.0
0.0,0.0,0.0
0.0,0.0,0.0
0.0,0.0,0.0
0.0,0.0,0.0
0.0,0.0,0.0
0.0,0.0,0.0
0.0,0.0,0.0
0.0,0.0,0.0
0.0,0.0,0.0
0.0,1.0,0.0
0.0,1.0,0.0
0.0,0.0,0.0
0.0,0.0,0.0
0.0,0.0,0.0
0.0,0.0,0.0
0.0,0.0,0.0
0.0,0.0,0.0
0.0,0.0,0.0
0.0,0.0,0.0
0.0,0.0,0.0
0.0,0.0,0.0
0.0,0.0,0.0
0.0,0.0,0.0
0.0,1.0,0.0
0.0,0.0,0.0
0.0,0.0,0.0
0.0,0.0,0.0
0.0,0.0,0.0
0.0,0.0,0.0
0.0,0.0,0.0
0.0,0.0,0.0
0.0,1.0,0.0
0.0,0.0,0.0
0.0,1.0,0.0
0.0,0.0,0.0
0.0,0.0,0.0
0.0,0.0,0.0
0.0,0.0,0.0
0.0,0.0,0.0
0.0,0.0,0.0
0.0,0.0,0.0
0.0,0.0,0.0
0.0,0.0,0.0
0.0,0.0,0.0
0.0,0.0,0.0
0.0,0.0,0.0
0.0,0.0,0.0
0.0,0.0,0.0
0.0,0.0,0.0
0.0,0.0,0.0
0.0,0.0,0.0
0.0,0.0,0.0
0.0,0.0,0.0
0.0,0.0,0.0
0.0,0.0,0.0
0.0,0.0,0.0
0.0,0.0,0.0
0.0,0.0,0.0
0.0,0.0,0.0
0.0,1.0,0.0
0.0,0.0,0.0
0.0,0.0,0.0
0.0,0.0,0.0
0.0,0.0,0.0
0.0,0.0,0.0
0.0,0.0,0.0
0.0,0.0,0.0
0.0,0.0,0.0
0.0,0.0,0.0
0.0,0.0,0.0
0.0,0.0,0.0
0.0,0.0,0.0
0.0,0.0,0.0
0.0,0.0,0.0
0.0,0.0,0.0
0.0,0.0,0.0
0.0,0.0,0.0
0.0,0.0,0.0
0.0,0.0,0.0
0.0,0.0,0.0
0.0,0.0,0.0
0.0,0.0,0.0
0.0,0.0,0.0
0.0,0.0,0.0
0.0,0.0,0.0
0.0,0.0,0.0
0.0,0.0,0.0
0.0,0.0,0.0
0.0,0.0,0.0
0.0,0.0,0.0
0.0,0.0,0.0
0.0,0.0,0.0
0.0,1.0,0.0
0.0,0.0,0.0
0.0,0.0,0.0
0.0,0.0,0.0
0.0,0.0,0.0
0.0,0.0,0.0
0.0,0.0,0.0
0.0,0.0,0.0
0.0,0.0,0.0
0.0,0.0,0.0
0.0,0.0,0.0
0.0,0.0,0.0
0.0,0.0,0.0
0.0,0.0,0.0
0.0,0.0,0.0
0.0,0.0,0.0
0.0,0.0,0.0
0.0,0.0,0.0
0.0,0.0,0.0
0.0,0.0,0.0
0.0,0.0,0.0
0.0,1.0,0.0
0.0,0.0,0.0
0.0,0.0,0.0
0.0,0.0,0.0
0.0,0.0,0.0
0.0,1.0,0.0
0.0,0.0,0.0
0.0,0.0,0.0
0.0,0.0,0.0
0.0,0.0,0.0
0.0,0.0,0.0
0.0,0.0,0.0
0.0,0.0,0.0
0.0,0.0,0.0
0.0,0.0,0.0
0.0,0.0,0.0
0.0,1.0,0.0
0.0,0.0,0.0
0.0,0.0,0.0
0.0,0.0,0.0
0.0,0.0,0.0
0.0,0.0,0.0
0.0,0.0,0.0
0.0,0.0,0.0
0.0,0.0,0.0
0.0,0.0,0.0
0.0,0.0,0.0
0.0,0.0,0.0
0.0,0.0,0.0
0.0,1.0,0.0
0.0,0.0,0.0
0.0,0.0,0.0
0.0,0.0,0.0
0.0,0.0,0.0
0.0,0.0,0.0
0.0,0.0,0.0
0.0,0.0,0.0
0.0,0.0,0.0
0.0,0.0,0.0
0.0,0.0,0.0
0.0,1.0,0.0
0.0,0.0,0.0
0.0,0.0,0.0
0.0,1.0,0.0
0.0,0.0,0.0
0.0,0.0,0.0
0.0,0.0,0.0
0.0,0.0,0.0
0.0,0.0,0.0
0.0,0.0,0.0
0.0,0.0,0.0
0.0,0.0,0.0
0.0,0.0,0.0
0.0,0.0,0.0
0.0,0.0,0.0
0.0,0.0,0.0
0.0,0.0,0.0
0.0,0.0,0.0
0.0,0.0,0.0
0.0,0.0,0.0
0.0,0.0,0.0
0.0,0.0,0.0
0.0,0.0,0.0
0.0,0.0,0.0
0.0,0.0,0.0
0.0,0.0,0.0
0.0,0.0,0.0
0.0,0.0,0.0
0.0,1.0,0.0
0.0,0.0,0.0
0.0,0.0,0.0
0.0,1.0,0.0
0.0,0.0,0.0
0.0,0.0,0.0
0.0,0.0,0.0
0.0,0.0,0.0
0.0,0.0,0.0
0.0,0.0,0.0
0.0,0.0,0.0
0.0,0.0,0.0
0.0,0.0,0.0
0.0,0.0,0.0
0.0,0.0,0.0
0.0,0.0,0.0
0.0,0.0,0.0
0.0,0.0,0.0
0.0,1.0,0.0
0.0,0.0,0.0
0.0,0.0,0.0
0.0,0.0,0.0
0.0,0.0,0.0
0.0,0.0,0.0
0.0,0.0,0.0
0.0,0.0,0.0
0.0,0.0,0.0
0.0,0.0,0.0
0.0,0.0,0.0
0.0,0.0,0.0
0.0,0.0,0.0
0.0,0.0,0.0
0.0,0.0,0.0
0.0,0.0,0.0
0.0,1.0,0.0
0.0,0.0,0.0
0.0,0.0,0.0
0.0,0.0,0.0
0.0,1.0,0.0
0.0,0.0,0.0
0.0,0.0,0.0
0.0,0.0,0.0
0.0,0.0,0.0
0.0,0.0,0.0
0.0,0.0,0.0
0.0,0.0,0.0
0.0,0.0,0.0
0.0,0.0,0.0
0.0,0.0,0.0
0.0,0.0,0.0
0.0,0.0,0.0
0.0,0.0,0.0
0.0,1.0,0.0
0.0,0.0,0.0
0.0,0.0,0.0
0.0,0.0,0.0
0.0,0.0,0.0
0.0,0.0,0.0
0.0,1.0,0.0
0.0,0.0,0.0
0.0,27.0,0.0
0.0,279.0,0.0
0.0,697.0,0.0
0.0,836.0,0.0
0.0,682.0,0.0
0.0,462.0,0.0
0.0,200.0,0.0
0.0,104.0,0.0
0.0,71.0,0.0
0.0,68.0,0.0
0.0,104.0,0.0
0.0,133.0,0.0
0.0,120.0,0.0
0.0,92.0,0.0
0.0,75.0,0.0
0.0,58.0,0.0
0.0,47.0,0.0
0.0,43.0,0.0
0.0,49.0,0.0
0.0,66.0,0.0
0.0,81.0,0.0
0.0,88.0,0.0
0.0,91.0,0.0
0.0,98.0,0.0
0.0,169.0,0.0
0.0,169.0,0.0
0.0,225.0,0.0
0.0,287.0,0.0
0.0,338.0,0.0
0.0,371.0,0.0
0.0,371.0,0.0
0.0,340.0,0.0
0.0,321.0,0.0
0.0,317.0,0.0
0.0,332.0,0.0
0.0,346.0,0.0
0.0,351.0,0.0
0.0,346.0,0.0
0.0,335.0,0.0
0.0,344.0,0.0
0.0,356.0,0.0
0.0,363.0,0.0
0.0,371.0,0.0
0.0,393.0,0.0
0.0,393.0,0.0
0.0,495.0,0.0
0.0,607.0,0.0
0.0,822.0,0.0
0.0,946.0,0.0
0.0,1065.0,0.0
0.0,1186.0,0.0
0.0,1349.0,0.0
0.0,1411.0,0.0
0.0,1407.0,0.0
0.0,1371.0,0.0
0.0,1322.0,0.0
0.0,1304.0,0.0
0.0,1315.0,0.0
0.0,1316.0,0.0
0.0,1326.0,0.0
0.0,1270.0,0.0
0.0,1229.0,0.0
0.0833333,1205.0,0.0
0.0833333,1203.0,0.0
0.0833333,1227.0,0.0
0.0833333,1185.0,0.0
0.0833333,1097.0,0.0
0.166667,1097.0,0.0
0.166667,984.0,0.0
0.166667,849.0,0.0
0.166667,738.0,0.0
0.166667,760.0,0.0
0.166667,795.0,0.0
0.166667,794.0,0.0
0.166667,831.0,0.0
0.25,814.0,0.0
0.25,792.0,0.340909
0.25,780.0,0.340909
0.25,830.0,0.340909
0.25,951.0,0.340909
0.25,988.0,0.340909
0.25,997.0,0.340909
0.25,986.0,0.340909
0.333333,927.0,0.340909
0.333333,933.0,0.340909
0.333333,958.0,0.340909
0.333333,989.0,0.340909
0.333333,1044.0,0.340909
0.333333,1147.0,0.340909
0.416667,1209.0,0.340909
0.416667,1263.0,0.454545
0.416667,1300.0,0.454545
0.416667,1292.0,0.454545
0.416667,1295.0,0.454545
0.416667,1314.0,0.454545
0.5,1339.0,0.454545
0.5,1416.0,0.511364
0.5,1463.0,0.511364
0.5,1475.0,0.511364
0.5,1470.0,0.511364
0.583333,1458.0,0.625
0.583333,1479.0,0.625
0.583333,1520.0,0.625
0.583333,1644.0,0.625
0.666667,1719.0,0.625
0.666667,1705.0,0.681818
0.666667,1670.0,0.681818
0.666667,1640.0,0.681818
0.75,1610.0,0.738636
0.75,1630.0,0.738636
0.75,1630.0,0.738636
0.833333,1674.0,0.738636
0.833333,1675.0,0.852273
0.833333,1655.0,0.852273
0.916667,1654.0,0.852273
0.916667,1671.0,0.909091
0.916667,1704.0,0.909091
1.0,1725.0,0.909091
1.0,1739.0,0.965909
1.0,1718.0,0.965909
1.08333,1763.0,1.07955
1.08333,1850.0,1.07955
1.16667,1899.0,1.07955
1.16667,1853.0,1.13636
1.16667,1789.0,1.13636
1.25,1793.0,1.13636
1.25,1825.0,1.13636
1.33333,1873.0,1.13636
1.33333,1984.0,1.25
1.41667,1993.0,1.25
1.41667,2034.0,1.30682
1.5,2062.0,1.30682
1.5,2196.0,1.36364
1.58333,2260.0,1.36364
1.58333,2171.0,1.42045
1.66667,2016.0,1.42045
1.66667,1917.0,1.42045
1.75,2046.0,1.42045
1.75,2146.0,1.53409
1.83333,2167.0,1.53409
1.83333,2133.0,1.53409
1.91667,2181.0,1.53409
1.91667,2256.0,1.47727
2.0,2255.0,1.76136
2.08333,2277.0,1.76136
2.08333,2326.0,1.64773
2.16667,2425.0,1.81818
2.16667,2450.0,1.81818
2.25,2386.0,1.81818
2.33333,2259.0,1.81818
2.41667,2071.0,1.875
2.41667,2073.0,2.04545
2.5,2108.0,2.10227
2.58333,2108.0,2.10227
2.66667,2124.0,2.15909
2.66667,2135.0,2.10227
2.75,2159.0,2.04545
2.83333,2182.0,2.04545
2.91667,2182.0,2.5
3.0,2141.0,2.38636
3.0,2088.0,2.38636
3.08333,2049.0,2.38636
3.16667,2034.0,2.5
3.25,2058.0,2.67045
3.33333,2225.0,2.38636
3.41667,2358.0,2.89773
3.5,2397.0,2.89773
3.58333,2343.0,2.55682
3.66667,2280.0,2.84091
3.66667,2327.0,2.32954
3.75,2364.0,2.32954
3.83333,2341.0,1.59091
3.83333,2327.0,2.89773
3.83333,2176.0,2.89773
3.83333,2208.0,2.89773
3.91667,2249.0,0.738636
4.0,2246.0,3.69318
4.08333,2169.0,3.23864
4.25,2185.0,3.23864
4.33333,2221.0,3.29545
4.41667,2201.0,3.63636
4.5,2118.0,3.86364
4.58333,2036.0,3.06818
4.66667,2041.0,4.375
4.75,2034.0,4.375
4.83333,2012.0,3.69318
4.91667,2015.0,2.78409
4.91667,1996.0,2.78409
5.08333,1970.0,2.78409
5.16667,1950.0,4.77273
5.33333,1940.0,3.80682
5.41667,1922.0,3.69318
5.5,1835.0,3.80682
5.58333,1756.0,3.69318
5.58333,1692.0,3.69318
5.66667,1692.0,1.30682
5.83333,1627.0,3.75
5.91667,1590.0,4.375
6.08333,1520.0,4.26136
6.16667,1441.0,3.97727
6.16667,1399.0,4.03409
6.25,1366.0,4.03409
6.33333,1364.0,1.25
6.5,1432.0,4.09091
6.58333,1567.0,5.68182
6.66667,1685.0,3.80682
6.66667,1743.0,3.80682
6.75,1779.0,1.36364
6.75,1770.0,1.36364
6.75,1711.0,1.36364
6.83333,1609.0,1.36364
7.0,1541.0,1.36364
7.08333,1499.0,4.20454
7.25,1453.0,4.20454
7.33333,1423.0,4.31818
7.41667,1395.0,4.14773
7.5,1430.0,4.82954
7.58333,1526.0,4.82954
7.66667,1600.0,2.10227
7.66667,1589.0,2.38636
7.75,1579.0,2.10227
7.83333,1566.0,2.5
7.91667,1512.0,4.71591
7.91667,1406.0,4.71591
8.0,1351.0,4.71591
8.16667,1402.0,4.71591
8.16667,1528.0,5.17045
8.33333,1599.0,5.17045
8.5,1602.0,5.11364
8.66667,1493.0,5.11364
8.83333,1517.0,5.11364
8.91667,1685.0,5.45454
9.0,1646.0,4.82954
9.0,1533.0,2.21591
9.0,1495.0,2.21591
9.08333,1572.0,2.21591
9.25,1595.0,5.05682
9.33333,1547.0,5.05682
9.5,1547.0,5.05682
9.66667,1503.0,5.05682
9.83333,1528.0,4.77273
9.83333,1618.0,6.59091
10.0,1698.0,6.59091
10.0,1698.0,4.82954
10.0833,1684.0,2.61364
10.25,1803.0,2.67045
10.25,1782.0,4.43182
10.3333,1702.0,1.64773
10.5,1680.0,1.64773
10.6667,1756.0,4.375
10.8333,1785.0,4.94318
11.0,1739.0,5.0
11.0833,1649.0,5.11364
11.25,1644.0,5.0
11.4167,1935.0,5.0
11.5833,1938.0,5.05682
11.5833,1848.0,5.11364
11.75,1847.0,5.11364
11.9167,1880.0,5.11364
12.0833,1899.0,5.11364
12.1667,1904.0,5.34091
12.1667,1919.0,5.34091
12.25,1897.0,5.34091
12.4167,1705.0,5.34091
12.5833,1593.0,5.45454
12.75,1594.0,5.45454
12.8333,1691.0,4.71591
12.9167,1835.0,4.71591
13.0833,1722.0,4.71591
13.25,1650.0,5.17045
13.4167,1542.0,5.17045
13.5,1600.0,4.88636
13.5833,1696.0,4.88636
13.6667,1682.0,1.76136
13.75,1654.0,5.0
13.9167,1658.0,5.0
14.0833,1729.0,5.05682
14.25,1746.0,5.05682
14.25,1721.0,5.79545
14.4167,1673.0,5.79545
14.5833,1569.0,5.45454
14.6667,1569.0,6.07954
14.8333,1534.0,6.07954
15.0,1515.0,5.79545
15.0,1497.0,5.45454
15.0833,1508.0,1.81818
15.1667,1578.0,1.81818
15.3333,1626.0,1.81818
15.4167,1641.0,5.79545
15.5833,1683.0,5.56818
15.75,1783.0,5.56818
15.9167,1681.0,5.79545
16.0833,1546.0,5.79545
16.25,1445.0,5.79545
16.4167,1408.0,5.79545
16.4167,1396.0,5.68182
16.5,1325.0,5.68182
16.6667,1268.0,5.68182
16.8333,1310.0,5.68182
17.0,1508.0,5.68182
17.1667,1373.0,5.68182
17.25,1337.0,6.07954
17.4167,1469.0,6.07954
17.5,1718.0,6.25
17.6667,1715.0,5.85227
17.6667,1686.0,5.85227
17.6667,1735.0,5.85227
17.75,1762.0,1.07955
17.8333,1640.0,1.07955
18.0,1498.0,1.98864
18.25,1393.0,5.34091
18.3333,1306.0,6.07954
18.4167,1262.0,6.07954
18.5833,1264.0,6.07954
18.75,1315.0,5.96591
18.8333,1369.0,5.85227
18.9167,1545.0,5.85227
19.0833,1745.0,6.13636
19.1667,1695.0,6.19318
19.1667,1542.0,3.01136
19.3333,1464.0,3.01136
19.5,1572.0,5.79545
19.6667,1636.0,5.90909
19.8333,1636.0,5.34091
20.0833,1538.0,6.02273
20.25,1304.0,6.02273
20.3333,1064.0,6.07954
20.4167,1120.0,2.72727
20.5,1122.0,2.72727
20.5833,1290.0,2.10227
20.8333,1276.0,5.90909
20.9167,1376.0,6.98863
21.0833,1494.0,6.98863
21.1667,1525.0,6.19318
21.3333,1489.0,2.89773
21.5,1514.0,2.89773
21.5,1530.0,5.625
21.6667,1460.0,5.625
21.6667,1333.0,5.79545
21.75,1237.0,5.79545
21.9167,1252.0,5.79545
22.0833,1305.0,5.79545
22.25,1306.0,5.90909
22.4167,1252.0,6.30682
22.5833,1314.0,5.85227
22.75,1483.0,6.81818
22.8333,1581.0,6.42045
22.9167,1532.0,6.42045
22.9167,1374.0,2.04545
23.0833,1368.0,2.04545
23.3333,1366.0,2.04545
23.5,1341.0,5.85227
23.5833,1323.0,6.19318
23.8333,1314.0,6.53409
23.9167,1298.0,6.36363
24.0833,1290.0,6.36363
24.25,1290.0,6.47727
24.25,1347.0,6.53409
24.25,1365.0,6.53409
24.5,1369.0,6.53409
24.6667,1364.0,6.53409
24.75,1384.0,5.39773
24.9167,1445.0,5.39773
25.0833,1504.0,5.39773
25.0833,1432.0,6.19318
25.1667,1313.0,1.93182
25.25,1313.0,3.46591
25.3333,1436.0,3.46591
25.5,1583.0,3.46591
25.6667,1576.0,6.02273
25.9167,1455.0,6.53409
26.0,1458.0,6.19318
26.0833,1512.0,3.18182
26.25,1490.0,3.18182
26.4167,1406.0,6.36363
26.5833,1378.0,6.36363
26.5833,1399.0,6.36363
26.75,1384.0,6.36363
26.9167,1414.0,6.36363
27.0833,1524.0,6.76136
27.25,1457.0,6.70454
27.3333,1424.0,6.81818
27.5833,1445.0,6.81818
27.75,1434.0,6.81818
27.8333,1375.0,7.04545
28.0,1359.0,7.04545
28.1667,1389.0,6.98863
28.4167,1387.0,7.38636
28.5833,1339.0,7.44318
28.75,1314.0,7.44318
29.0,1334.0,7.32954
29.0833,1369.0,9.14773
29.25,1405.0,9.14773
29.4167,1388.0,7.67045
29.4167,1311.0,6.02273
29.5,1251.0,6.02273
29.6667,1182.0,5.34091
29.8333,1104.0,5.34091
30.0,1101.0,6.13636
30.1667,1287.0,6.13636
30.25,1374.0,3.80682
30.5,1317.0,3.80682
30.5833,1278.0,6.42045
30.8333,1375.0,6.42045
31.0,1426.0,6.93182
31.25,1351.0,6.93182
31.4167,1163.0,6.81818
31.5,1181.0,7.15909
31.6667,1253.0,3.46591
31.75,1253.0,6.875
31.9167,1286.0,6.875
32.0,1289.0,6.25
32.0,1287.0,6.25
32.0833,1289.0,6.25
32.25,1269.0,7.61363
32.5,1243.0,7.55682
32.6667,1238.0,6.93182
32.8333,1281.0,8.52273
33.0,1311.0,6.93182
33.0833,1305.0,8.18182
33.0833,1277.0,3.46591
33.25,1293.0,3.46591
33.25,1304.0,3.57954
33.3333,1294.0,3.57954
33.4167,1290.0,1.47727
33.6667,1268.0,5.68182
33.75,1256.0,6.98863
33.9167,1254.0,6.98863
34.0833,1306.0,6.98863
34.0833,1290.0,7.5
34.0833,1245.0,7.5
34.25,1186.0,7.5
34.4167,1179.0,7.5
34.6667,1233.0,7.5
34.75,1251.0,7.15909
34.9167,1208.0,7.15909
35.1667,1155.0,7.15909
35.3333,1116.0,6.76136
35.4167,1154.0,6.93182
35.5,1175.0,6.93182
35.75,1195.0,7.67045
35.9167,1196.0,7.67045
36.1667,1206.0,7.38636
36.25,1181.0,7.32954
36.5,1161.0,7.32954
36.6667,1168.0,8.46591
36.8333,1183.0,7.67045
36.8333,1162.0,7.67045
36.9167,1179.0,7.67045
37.1667,1182.0,7.55682
37.25,1125.0,6.64773
37.3333,1125.0,3.46591
37.5833,1013.0,3.46591
37.6667,1129.0,7.21591
37.75,1198.0,3.29545
37.9167,1166.0,3.40909
38.0,1137.0,8.125
38.1667,1061.0,8.125
38.25,1069.0,8.57954
38.4167,1095.0,8.57954
38.5833,1120.0,7.04545
38.75,1189.0,7.04545
38.8333,1197.0,8.125
39.0833,1171.0,7.67045
39.1667,1136.0,7.27273
39.25,1082.0,7.27273
39.4167,1040.0,7.27273
39.5833,1029.0,6.42045
39.6667,1036.0,7.67045
39.8333,1051.0,3.75
40.0,1061.0,3.75
40.1667,1074.0,7.72727
40.25,1075.0,3.46591
40.4167,1056.0,3.46591
40.5833,998.0,7.21591
40.75,938.0,7.21591
41.0,916.0,6.93182
41.25,928.0,6.93182
41.3333,958.0,7.04545
41.4167,940.0,7.04545
41.5,906.0,2.44318
41.6667,885.0,7.15909
41.75,881.0,7.15909
41.9167,882.0,7.15909
42.1667,885.0,7.21591
42.3333,927.0,7.21591
42.5833,974.0,7.21591
42.75,972.0,7.21591
43.0,984.0,7.21591
43.0833,950.0,6.76136
43.0833,906.0,6.76136
43.0833,912.0,6.76136
43.25,975.0,6.76136
43.4167,1090.0,7.21591
43.5833,1090.0,7.21591
43.75,1186.0,6.81818
43.9167,1172.0,6.70454
44.1667,1019.0,7.5
44.1667,996.0,7.15909
44.3333,995.0,7.15909
44.5,1022.0,6.76136
44.6667,1041.0,6.98863
44.9167,963.0,6.93182
44.9167,937.0,6.93182
45.0833,955.0,6.93182
45.25,986.0,6.93182
45.3333,1067.0,6.875
45.5,1130.0,6.76136
45.5,1246.0,3.52273
45.6667,1164.0,3.52273
45.75,823.0,6.42045
46.0,764.0,6.42045
46.0833,765.0,6.64773
46.3333,1108.0,6.64773
46.4167,1176.0,6.59091
46.5833,906.0,7.10227
46.75,836.0,7.10227
46.9167,909.0,7.10227
47.1667,1023.0,7.32954
47.3333,1073.0,7.27273
47.5833,1089.0,7.27273
47.6667,1116.0,6.81818
47.8333,1105.0,6.81818
48.0,1072.0,6.81818
48.1667,1162.0,6.81818
48.3333,1256.0,6.81818
48.4167,1254.0,7.55682
48.5833,986.0,7.55682
48.8333,899.0,6.875
49.0,981.0,6.93182
49.1667,1060.0,8.01136
49.3333,1150.0,7.55682
49.5833,1167.0,7.55682
49.5833,997.0,6.70454
49.75,997.0,6.70454
49.9167,1120.0,7.5
50.0,1145.0,8.92045
50.25,1145.0,8.92045
50.4167,1027.0,7.84091
50.5,991.0,6.70454
50.6667,1029.0,6.70454
50.9167,1028.0,6.70454
51.0833,1098.0,7.15909
51.1667,1046.0,6.36363
51.3333,954.0,7.61363
51.5,942.0,8.01136
51.6667,1105.0,7.32954
51.75,1207.0,6.98863
52.0,1215.0,6.98863
52.1667,1193.0,6.98863
52.4167,1190.0,6.98863
52.4167,1233.0,6.98863
52.5,1221.0,2.27273
52.5833,1187.0,2.27273
52.8333,1135.0,6.875
52.9167,1138.0,6.70454
53.0,1169.0,6.70454
53.0833,1191.0,2.38636
53.1667,1193.0,5.79545
53.25,1183.0,3.46591
53.25,1191.0,3.46591
53.25,1204.0,3.46591
53.3333,1199.0,0.909091
53.5833,1160.0,3.35227
53.75,1068.0,7.55682
53.9167,1093.0,7.38636
54.0833,1136.0,7.38636
54.25,1144.0,6.81818
54.4167,1130.0,6.81818
54.5,1151.0,7.04545
54.5833,1268.0,2.21591
54.8333,1387.0,3.57954
55.0,1369.0,7.04545
55.25,1247.0,7.04545
55.4167,1309.0,6.59091
55.5833,1379.0,7.61363
55.8333,1415.0,6.76136
55.8333,1419.0,6.02273
56.0,1313.0,6.02273
56.0833,1313.0,6.76136
56.3333,1224.0,6.76136
56.5,1262.0,6.53409
56.75,1306.0,6.53409
56.8333,1332.0,6.30682
57.0,1410.0,6.30682
57.1667,1425.0,6.30682
57.3333,1401.0,6.30682
57.4167,1516.0,7.32954
57.5,1674.0,7.32954
57.6667,1671.0,7.32954
57.8333,1489.0,6.70454
58.0,1257.0,6.70454
58.0833,1321.0,6.42045
58.3333,1359.0,6.59091
58.5,1358.0,7.10227
58.5,1382.0,7.15909
58.5,1336.0,7.15909
58.5833,1335.0,1.13636
58.75,1337.0,2.21591
58.8333,1479.0,6.59091
59.0833,1546.0,6.59091
59.1667,1360.0,7.44318
59.25,1258.0,3.125
59.4167,1309.0,7.78409
59.4167,1435.0,7.78409
59.5,1381.0,1.70455
59.5,1286.0,1.70455
59.6667,1271.0,1.70455
59.8333,1314.0,7.38636
60.0833,1375.0,7.38636
60.1667,1394.0,6.47727
60.3333,1396.0,6.47727
60.5,1439.0,6.47727
60.6667,1389.0,7.04545
60.75,1327.0,6.875
60.75,1370.0,6.875
60.8333,1484.0,6.875
60.9167,1564.0,1.02273
61.1667,1462.0,7.38636
61.3333,1369.0,7.38636
61.5833,1315.0,7.38636
61.75,1286.0,7.5
61.75,1286.0,6.36363
61.75,1342.0,6.36363
61.75,1380.0,6.36363
61.9167,1335.0,6.36363
62.0833,1335.0,6.36363
62.25,1338.0,6.36363
62.3333,1394.0,7.27273
62.5,1420.0,7.27273
62.5833,1426.0,6.98863
62.5833,1358.0,2.32954
62.5833,1255.0,2.32954
62.75,1302.0,2.32954
63.0,1331.0,7.04545
63.1667,1276.0,7.04545
63.4167,1213.0,7.04545
63.5833,1296.0,6.93182
63.75,1338.0,6.875
63.9167,1379.0,6.875
64.0833,1364.0,7.61363
64.1667,1323.0,7.61363
64.3333,1373.0,7.61363
64.5833,1417.0,6.875
64.75,1366.0,6.875
65.0,1179.0,7.44318
65.25,1151.0,7.44318
65.25,1201.0,7.38636
65.4167,1256.0,7.38636
65.4167,1312.0,7.72727
65.4167,1352.0,7.72727
65.5833,1369.0,7.72727
65.6667,1375.0,7.44318
65.9167,1384.0,7.44318
66.0833,1359.0,6.875
66.25,1283.0,6.875
66.3333,1206.0,8.23863
66.5,1164.0,8.23863
66.5,1195.0,7.44318
66.5,1208.0,7.44318
66.75,1194.0,7.44318
66.9167,1179.0,7.44318
67.0833,1207.0,8.57954
67.25,1239.0,8.57954
67.4167,1177.0,8.01136
67.5,1177.0,7.89773
67.5,1110.0,7.89773
67.5,1089.0,7.89773
67.5833,1091.0,7.89773
67.8333,1082.0,7.72727
68.0,1037.0,6.98863
68.25,1026.0,6.98863
68.4167,1133.0,6.98863
68.6667,1236.0,6.98863
68.8333,1169.0,6.98863
69.0,1074.0,6.98863
69.0833,1071.0,6.875
69.1667,1322.0,6.64773
69.4167,1363.0,6.64773
69.5833,1256.0,7.15909
69.75,1124.0,6.93182
69.9167,1100.0,6.93182
70.1667,1103.0,7.10227
70.3333,1179.0,7.10227
70.3333,1186.0,6.93182
70.4167,1182.0,6.93182
70.5833,1200.0,6.93182
70.8333,1185.0,6.93182
70.8333,1173.0,8.01136
70.9167,1181.0,8.01136
71.0,1213.0,1.76136
71.25,1192.0,2.38636
71.3333,1154.0,7.95454
71.4167,1147.0,7.95454
71.5,1191.0,1.70455
71.75,1218.0,6.64773
72.0,1220.0,7.67045
72.0833,1212.0,6.64773
72.25,1192.0,6.64773
72.4167,1167.0,6.64773
72.5833,1163.0,7.04545
72.5833,1162.0,7.04545
72.5833,1155.0,7.04545
72.75,1131.0,7.04545
72.9167,1170.0,7.04545
73.0833,1214.0,7.04545
73.3333,1210.0,7.04545
73.5833,1210.0,7.04545
73.75,1173.0,7.32954
73.9167,1188.0,7.27273
73.9167,1225.0,7.10227
74.0833,1224.0,7.10227
74.1667,1236.0,7.38636
74.4167,1181.0,7.38636
74.5833,1047.0,7.38636
74.75,1060.0,8.75
74.9167,1197.0,8.01136
74.9167,1324.0,7.10227
75.0,1308.0,1.76136
75.0,1259.0,1.76136
75.1667,1201.0,1.76136
75.25,1176.0,6.93182
75.5,1219.0,6.93182
75.5,1247.0,7.38636
75.6667,1252.0,7.38636
75.8333,1252.0,7.38636
76.0,1274.0,7.67045
76.1667,1261.0,7.67045
76.25,1213.0,7.5
76.4167,1207.0,7.5
76.6667,1259.0,7.21591
76.8333,1289.0,7.21591
76.9167,1284.0,6.875
77.0833,1294.0,7.32954
77.3333,1322.0,7.32954
77.5,1302.0,7.04545
77.6667,1263.0,7.84091
77.6667,1171.0,7.84091
77.9167,1174.0,7.10227
78.0833,1305.0,7.10227
78.3333,1351.0,7.10227
78.5833,1241.0,6.70454
78.75,1165.0,6.93182
79.0,1219.0,6.93182
79.0833,1338.0,7.10227
79.1667,1377.0,7.10227
79.3333,1408.0,7.27273
79.5,1422.0,7.27273
79.6667,1379.0,7.27273
79.8333,1351.0,5.90909
80.0,1351.0,5.90909
80.25,1335.0,7.15909
80.3333,1326.0,6.98863
80.5,1310.0,7.10227
80.5833,1287.0,7.67045
80.8333,1287.0,7.67045
81.0,1311.0,7.44318
81.25,1334.0,7.44318
81.3333,1288.0,6.47727
81.5833,1270.0,7.38636
81.75,1303.0,7.38636
81.8333,1333.0,3.40909
81.8333,1189.0,3.35227
81.9167,1135.0,3.35227
82.0833,1213.0,3.35227
82.25,1279.0,3.63636
82.5,1291.0,7.21591
82.5833,1294.0,6.81818
82.75,1342.0,6.81818
82.9167,1341.0,6.81818
83.0833,1313.0,6.36363
83.0833,1293.0,6.36363
83.25,1289.0,6.36363
83.4167,1291.0,7.10227
83.5833,1273.0,7.10227
83.8333,1172.0,7.10227
84.0,1228.0,7.10227
84.25,1339.0,7.10227
84.3333,1350.0,6.59091
84.3333,1273.0,6.59091
84.3333,1244.0,6.59091
84.5833,1241.0,6.59091
84.6667,1272.0,6.81818
84.9167,1303.0,7.32954
85.0833,1305.0,7.21591
85.3333,1277.0,7.21591
85.5,1270.0,6.875
85.5833,1277.0,3.52273
85.75,1275.0,3.52273
85.8333,1243.0,3.40909
86.0,1220.0,3.86364
86.1667,1209.0,3.86364
86.3333,1241.0,7.21591
86.5,1241.0,7.21591
86.75,1309.0,7.21591
86.9167,1160.0,7.27273
87.1667,1160.0,7.61363
87.1667,1253.0,7.10227
87.3333,1349.0,7.10227
87.5833,1215.0,7.21591
87.6667,1174.0,7.15909
87.75,1231.0,7.15909
87.9167,1292.0,7.38636
88.1667,1211.0,7.04545
88.25,1147.0,6.42045
88.25,1192.0,3.92045
88.3333,1329.0,1.76136
88.4167,1279.0,1.76136
88.6667,1238.0,6.02273
88.75,1285.0,8.69318
89.0,1282.0,7.89773
89.1667,1263.0,7.61363
89.4167,1103.0,7.21591
89.5833,1176.0,7.10227
89.5833,1368.0,6.81818
89.6667,1504.0,6.81818
89.9167,1406.0,6.875
90.1667,1297.0,6.875
90.3333,1152.0,6.875
90.4167,1118.0,6.47727
90.5833,1371.0,3.80682
90.75,1470.0,8.125
90.8333,1307.0,7.04545
90.8333,1167.0,7.04545
90.9167,1198.0,1.42045
91.1667,1431.0,3.86364
91.3333,1401.0,3.86364
91.5,1260.0,5.56818
91.6667,1138.0,5.56818
91.9167,1278.0,5.56818
92.0833,1400.0,7.15909
92.1667,1374.0,7.27273
92.25,1266.0,2.21591
92.5,1259.0,3.69318
92.6667,1370.0,6.93182
92.9167,1370.0,6.93182
92.9167,1341.0,6.81818
93.1667,1294.0,7.21591
93.3333,1223.0,7.21591
93.5833,1277.0,7.21591
93.5833,1281.0,6.47727
93.6667,1253.0,6.47727
93.8333,1269.0,6.47727
94.0,1362.0,6.76136
94.25,1346.0,7.21591
94.3333,1353.0,6.76136
94.5,1413.0,6.76136
94.6667,1411.0,6.76136
94.8333,1248.0,7.04545
94.8333,1197.0,6.93182
94.9167,1221.0,6.93182
95.0833,1287.0,7.10227
95.3333,1337.0,7.10227
95.5,1253.0,7.10227
95.6667,1231.0,6.98863
95.9167,1280.0,8.01136
96.0833,1335.0,6.59091
96.25,1333.0,7.15909
96.25,1366.0,7.15909
96.5,1445.0,7.15909
96.6667,1447.0,7.15909
96.9167,1222.0,7.38636
97.0833,1186.0,7.38636
97.25,1264.0,6.81818
97.4167,1351.0,6.81818
97.6667,1357.0,7.15909
97.8333,1352.0,6.81818
97.9167,1346.0,6.70454
98.0833,1384.0,6.70454
98.3333,1405.0,7.04545
98.5,1351.0,7.04545
98.6667,1344.0,7.04545
98.75,1393.0,6.81818
98.9167,1431.0,6.81818
99.0833,1407.0,6.53409
99.25,1268.0,6.53409
99.3333,1178.0,6.36363
99.4167,1199.0,2.27273
99.6667,1199.0,6.93182
99.8333,1211.0,6.93182
100.0,1288.0,8.86363
100.167,1289.0,7.04545
100.25,1451.0,6.98863
100.5,1552.0,7.15909
100.5,1508.0,7.72727
100.5,1451.0,7.72727
100.75,1435.0,7.72727
100.833,1380.0,6.64773
101.083,1305.0,6.64773
101.25,1373.0,6.76136
101.417,1361.0,6.76136
101.667,1250.0,6.76136
101.833,1198.0,7.10227
102.0,1303.0,6.76136
102.0,1395.0,6.76136
102.167,1395.0,6.76136
102.333,1474.0,6.76136
102.5,1448.0,7.32954
102.75,1530.0,7.10227
102.917,1585.0,6.875
103.083,1481.0,6.875
103.333,1299.0,6.875
103.5,1352.0,6.875
103.5,1440.0,6.02273
103.583,1459.0,6.02273
103.75,1426.0,6.02273
104.0,1471.0,6.53409
104.167,1558.0,6.64773
104.333,1568.0,6.64773
104.583,1566.0,6.76136
104.75,1543.0,6.875
104.917,1616.0,6.875
105.083,1540.0,6.25
105.083,1424.0,6.25
105.25,1425.0,6.25
105.5,1529.0,6.875
105.667,1478.0,6.42045
105.833,1402.0,6.42045
106.083,1400.0,6.76136
106.25,1542.0,7.04545
106.5,1507.0,7.04545
106.667,1507.0,6.59091
106.75,1482.0,5.90909
106.833,1515.0,3.23864
107.083,1528.0,3.57954
107.25,1475.0,6.07954
107.5,1365.0,6.47727
107.667,1414.0,6.53409
107.833,1546.0,6.53409
108.083,1615.0,6.98863
108.167,1554.0,6.93182
108.167,1481.0,6.93182
108.333,1442.0,6.93182
108.583,1453.0,6.76136
108.75,1517.0,6.76136
109.0,1598.0,6.47727
109.083,1642.0,6.07954
109.25,1645.0,6.07954
109.417,1658.0,6.07954
109.667,1624.0,6.53409
109.667,1567.0,6.98863
109.667,1516.0,6.98863
109.833,1505.0,6.98863
110.0,1512.0,6.98863
110.167,1482.0,6.81818
110.333,1433.0,6.36363
110.417,1466.0,6.36363
110.583,1553.0,6.81818
110.833,1602.0,6.81818
111.0,1632.0,6.59091
111.083,1656.0,5.90909
111.25,1682.0,5.90909
111.417,1672.0,5.90909
111.583,1621.0,5.90909
111.833,1530.0,6.25
112.0,1600.0,6.25
112.167,1648.0,6.25
112.417,1614.0,6.36363
112.583,1566.0,6.36363
112.667,1623.0,6.19318
112.667,1696.0,6.19318
112.833,1666.0,6.19318
113.0,1624.0,6.25
113.25,1624.0,6.25
113.417,1585.0,6.81818
113.583,1505.0,6.81818
113.833,1501.0,6.59091
114.0,1456.0,6.59091
114.167,1419.0,6.59091
114.167,1384.0,6.81818
114.167,1365.0,6.81818
114.333,1409.0,6.81818
114.5,1470.0,6.81818
114.75,1516.0,6.30682
114.833,1669.0,5.68182
115.0,1748.0,5.68182
115.083,1734.0,6.25
115.167,1673.0,3.01136
115.25,1654.0,2.10227
115.25,1628.0,2.10227
115.333,1629.0,2.10227
115.583,1511.0,6.59091
115.75,1469.0,6.59091
115.917,1567.0,6.59091
116.167,1584.0,6.47727
116.333,1479.0,6.47727
116.5,1389.0,6.47727
116.5,1718.0,6.30682
116.5,1985.0,6.30682
116.5,1950.0,6.30682
116.583,1705.0,6.30682
116.75,1548.0,6.30682
117.0,1702.0,6.42045
117.167,1727.0,6.42045
117.25,1728.0,6.02273
117.417,1652.0,6.02273
117.667,1714.0,6.30682
117.75,1763.0,5.73864
117.75,1750.0,5.73864
117.833,1711.0,5.73864
118.0,1741.0,6.875
118.167,1703.0,7.21591
118.333,1554.0,7.10227
118.333,1419.0,5.85227
118.5,1552.0,5.85227
118.667,1826.0,5.68182
118.833,1826.0,5.68182
118.833,1748.0,3.35227
118.833,1463.0,3.35227
118.917,1473.0,3.35227
119.083,1679.0,3.35227
119.25,1815.0,5.96591
119.333,1829.0,5.56818
119.5,1717.0,5.56818
119.667,1542.0,6.02273
119.75,1587.0,5.56818
119.917,1688.0,5.56818
119.917,1680.0,3.63636
120.083,1693.0,3.63636
120.083,1719.0,6.13636
120.083,1626.0,6.13636
120.25,1533.0,6.13636
120.5,1551.0,6.13636
120.667,1554.0,6.13636
120.833,1490.0,6.13636
121.0,1499.0,6.13636
121.167,1635.0,6.13636
121.25,1832.0,6.07954
121.25,1813.0,6.07954
121.25,1712.0,6.07954
121.25,1681.0,6.07954
121.417,1703.0,6.07954
121.5,1732.0,3.06818
121.667,1718.0,4.82954
121.833,1684.0,5.0
121.917,1672.0,5.85227
122.083,1685.0,5.85227
122.25,1870.0,5.85227
122.417,1915.0,6.07954
122.5,1866.0,5.51136
122.5,1766.0,5.51136
122.583,1683.0,5.51136
122.583,1699.0,1.19318
122.75,1741.0,1.53409
122.917,1743.0,5.28409
123.083,1764.0,5.28409
123.25,1782.0,6.02273
123.417,1736.0,6.02273
123.5,1680.0,6.13636
123.583,1680.0,6.19318
123.583,1570.0,6.19318
123.667,1529.0,6.19318
123.833,1540.0,6.19318
123.917,1601.0,6.30682
124.083,1675.0,6.30682
124.25,1930.0,6.30682
124.5,2028.0,6.30682
124.583,2058.0,6.30682
124.75,2079.0,6.30682
124.917,1996.0,6.30682
125.083,1863.0,5.85227
125.25,1783.0,5.85227
125.417,1732.0,5.85227
125.583,1696.0,6.13636
125.75,1687.0,5.73864
125.917,1688.0,6.30682
125.917,1707.0,5.22727
126.0,1769.0,1.81818
126.083,1899.0,2.95454
126.25,1878.0,2.95454
126.25,1891.0,5.90909
126.417,1954.0,5.90909
126.417,2050.0,6.25
126.417,1974.0,6.25
126.5,1830.0,1.13636
126.667,1746.0,2.61364
126.833,1734.0,2.61364
126.833,1735.0,4.54545
127.0,1724.0,4.54545
127.083,1723.0,6.47727
127.25,1754.0,6.25
127.333,1820.0,5.90909
127.417,1901.0,2.78409
127.417,1978.0,2.78409
127.5,2025.0,2.78409
127.667,1976.0,2.78409
127.833,1852.0,5.11364
128.0,1828.0,5.11364
128.167,1836.0,5.45454
128.333,1817.0,5.45454
128.417,1842.0,4.94318
128.5,1842.0,6.07954
128.667,1875.0,6.07954
128.75,1902.0,4.94318
128.833,1902.0,5.56818
128.833,1895.0,5.56818
128.833,1939.0,5.56818
129.0,2064.0,5.56818
129.167,2080.0,5.56818
129.333,1983.0,5.45454
129.417,1836.0,4.82954
129.667,1725.0,4.94318
129.75,1696.0,7.44318
129.917,1742.0,5.90909
130.083,1770.0,5.90909
130.25,1841.0,5.17045
130.25,1904.0,5.0
130.417,1938.0,5.0
130.5,2011.0,5.45454
130.667,2159.0,5.45454
130.833,2163.0,5.45454
131.0,2165.0,5.22727
131.167,2237.0,5.22727
131.25,2180.0,4.82954
131.417,2034.0,4.82954
131.5,1922.0,5.22727
131.583,1921.0,4.71591
131.75,2069.0,4.94318
131.75,1995.0,5.28409
131.917,1763.0,5.28409
131.917,1697.0,5.0
132.0,1717.0,2.61364
132.167,1889.0,2.61364
132.333,1904.0,4.88636
132.417,1842.0,5.11364
132.5,1813.0,5.05682
132.667,1958.0,5.05682
132.75,1976.0,5.51136
132.833,1876.0,5.51136
133.0,1778.0,5.51136
133.167,1834.0,4.77273
133.25,1983.0,4.71591
133.333,1959.0,5.0
133.417,1842.0,5.0
133.583,1842.0,4.88636
133.75,1718.0,4.88636
133.833,1670.0,4.88636
134.0,1699.0,4.88636
134.167,1665.0,4.71591
134.333,1628.0,4.71591
134.417,1813.0,4.94318
134.417,2023.0,4.48864
134.583,2069.0,4.48864
134.583,2017.0,4.375
134.667,1984.0,4.375
134.75,2121.0,1.53409
134.833,2220.0,2.72727
134.917,2251.0,5.05682
135.083,2239.0,5.05682
135.167,2228.0,4.77273
135.25,2226.0,4.77273
135.417,1914.0,4.77273
135.583,1676.0,4.77273
135.667,1558.0,4.65909
135.75,1597.0,4.48864
135.833,1638.0,2.27273
135.833,1669.0,2.27273
135.833,1738.0,2.27273
136.0,1876.0,2.27273
136.0,1923.0,5.0
136.167,1999.0,5.0
136.25,2065.0,5.45454
136.417,2223.0,5.45454
136.583,2301.0,4.60227
136.667,2302.0,4.43182
136.833,2363.0,4.26136
136.917,2288.0,4.375
137.083,1956.0,4.375
137.167,1741.0,4.48864
137.333,1581.0,4.31818
137.417,1503.0,4.54545
137.583,1553.0,4.54545
137.75,1600.0,4.60227
137.833,1643.0,4.54545
138.0,1707.0,4.54545
138.083,1909.0,3.57954
138.25,2124.0,4.20454
138.333,2124.0,4.60227
138.5,2409.0,4.31818
138.5,2410.0,4.31818
138.667,2506.0,4.31818
138.75,2519.0,4.88636
138.917,2545.0,4.88636
139.0,2492.0,4.26136
139.083,2301.0,4.09091
139.083,1739.0,4.09091
139.083,1533.0,4.09091
139.167,1575.0,0.852273
139.333,1721.0,3.86364
139.333,1946.0,4.26136
139.5,2211.0,4.26136
139.583,2323.0,3.92045
139.75,2396.0,3.92045
139.833,2402.0,4.65909
140.0,2608.0,4.65909
140.0,2718.0,5.0
140.083,2655.0,1.93182
140.083,2412.0,1.93182
140.25,2083.0,1.93182
140.333,1937.0,4.14773
140.5,1883.0,4.14773
140.583,1866.0,4.14773
140.75,1868.0,4.14773
140.833,1973.0,4.09091
141.0,2142.0,4.09091
141.083,2223.0,4.09091
141.25,2363.0,4.14773
141.333,2437.0,4.14773
141.5,2503.0,4.14773
141.583,2595.0,4.14773
141.667,2607.0,3.69318
141.833,2447.0,3.69318
141.917,2292.0,3.92045
142.083,2323.0,3.92045
142.167,2335.0,4.03409
142.25,2251.0,3.75
142.417,2165.0,3.75
142.5,2171.0,3.92045
142.583,2168.0,3.97727
142.75,2168.0,3.97727
142.833,2184.0,4.31818
143.0,2257.0,3.92045
143.083,2382.0,4.43182
143.25,2461.0,4.43182
143.333,2505.0,4.14773
143.5,2439.0,3.92045
143.583,2272.0,4.82954
143.667,2304.0,4.09091
143.75,2371.0,4.09091
143.75,2380.0,2.04545
143.75,2223.0,2.04545
143.75,2199.0,2.04545
143.75,2203.0,2.04545
143.917,2192.0,2.04545
144.0,2153.0,4.48864
144.167,2124.0,4.20454
144.25,2061.0,4.60227
144.417,2045.0,4.375
144.5,2043.0,4.09091
144.583,2026.0,3.46591
144.667,2069.0,3.46591
144.75,2119.0,4.82954
144.917,2156.0,4.14773
145.0,2115.0,4.03409
145.083,2056.0,3.75
145.083,2077.0,3.75
145.083,2180.0,3.75
145.167,2301.0,0.965909
145.333,2288.0,3.69318
145.417,2287.0,4.03409
145.5,2215.0,3.86364
145.667,2219.0,3.86364
145.75,2261.0,3.86364
145.833,2197.0,3.92045
146.0,2123.0,3.92045
146.083,2123.0,3.69318
146.083,2245.0,3.23864
146.167,2329.0,1.64773
146.333,2242.0,3.75
146.417,2090.0,3.80682
146.5,1978.0,4.43182
146.583,2021.0,3.75
146.583,2021.0,3.75
146.583,2193.0,3.75
146.583,2192.0,3.75
146.75,2247.0,3.75
146.833,2253.0,3.52273
146.917,2401.0,3.86364
147.083,2549.0,3.86364
147.167,2587.0,3.63636
147.25,2462.0,4.14773
147.417,2263.0,4.14773
147.5,2187.0,3.40909
147.583,2128.0,3.69318
147.667,2079.0,3.52273
147.833,1965.0,3.52273
147.917,2016.0,3.18182
148.0,2194.0,3.29545
148.083,2196.0,3.52273
148.167,2464.0,3.52273
148.167,2368.0,3.52273
148.25,2326.0,3.52273
148.417,2410.0,3.52273
148.5,2530.0,3.52273
148.583,2414.0,3.69318
148.667,2254.0,2.78409
148.833,2152.0,3.57954
148.917,2143.0,4.31818
149.0,2121.0,3.40909
149.083,2024.0,3.57954
149.167,1991.0,3.23864
149.333,1988.0,3.23864
149.333,2019.0,3.63636
149.417,2192.0,3.63636
149.5,2304.0,3.57954
149.667,2381.0,3.57954
149.75,2368.0,3.35227
149.75,1873.0,3.46591
149.75,1414.0,3.46591
149.833,1150.0,1.13636
149.917,1246.0,3.23864
150.0,1792.0,3.40909
150.083,2077.0,3.40909
150.167,1994.0,1.64773
150.25,1900.0,3.23864
150.333,1900.0,3.125
150.417,1949.0,3.23864
150.417,2279.0,3.23864
150.5,2470.0,1.42045
150.5,2548.0,1.42045
150.583,2578.0,1.64773
150.667,2688.0,2.72727
150.75,2747.0,3.06818
150.833,2678.0,3.01136
150.917,2580.0,2.89773
151.0,2494.0,2.95454
151.0,2381.0,2.95454
151.0,2258.0,2.95454
151.0,2182.0,2.95454
151.083,2197.0,2.95454
151.167,2216.0,0.625
151.25,2192.0,3.125
151.333,2214.0,3.01136
151.417,2280.0,3.29545
151.5,2518.0,2.89773
151.583,2620.0,3.35227
151.75,2650.0,3.35227
151.75,2719.0,3.23864
151.833,2837.0,3.23864
151.917,2832.0,1.42045
152.0,2680.0,3.35227
152.083,2495.0,3.06818
152.167,2386.0,3.35227
152.167,2380.0,2.72727
152.25,2380.0,2.72727
152.25,2183.0,1.36364
152.333,2046.0,1.36364
152.333,2097.0,1.53409
152.333,2309.0,1.53409
152.333,2403.0,1.53409
152.333,2379.0,1.53409
152.417,2330.0,0.625
152.5,2498.0,0.625
152.583,2599.0,1.53409
152.667,2608.0,3.23864
152.75,2610.0,3.63636
152.833,2663.0,3.63636
152.917,2663.0,2.55682
153.0,2698.0,2.89773
153.083,2698.0,4.14773
153.167,2601.0,2.95454
153.25,2450.0,3.35227
153.333,2378.0,2.27273
153.5,2342.0,2.27273
153.583,2247.0,3.29545
153.583,2131.0,2.89773
153.583,2094.0,2.89773
153.667,2172.0,2.89773
153.75,2224.0,1.02273
153.75,2222.0,2.89773
153.75,2288.0,2.89773
153.833,2410.0,2.89773
153.917,2406.0,3.01136
154.0,2407.0,3.01136
154.083,2312.0,3.01136
154.167,2204.0,2.55682
154.25,2118.0,3.125
154.333,2058.0,3.35227
154.417,2052.0,3.29545
154.5,2071.0,2.72727
154.583,2049.0,2.55682
154.667,2036.0,2.89773
154.75,2056.0,3.125
154.833,2133.0,3.125
154.917,2206.0,3.125
155.0,2201.0,1.64773
155.083,2202.0,2.72727
155.167,2204.0,3.29545
155.167,2200.0,3.06818
155.167,2189.0,3.06818
155.167,2166.0,3.06818
155.25,2131.0,3.06818
155.333,1975.0,3.35227
155.417,1802.0,3.125
155.417,1831.0,3.125
155.5,1957.0,1.47727
155.5,2059.0,1.47727
155.583,1877.0,1.47727
155.667,1564.0,2.72727
155.75,1242.0,2.95454
155.833,1242.0,2.67045
155.917,977.0,2.67045
156.0,707.0,2.15909
156.083,416.0,2.44318
156.167,255.0,2.44318
156.167,165.0,2.61364
156.25,173.0,2.32954
156.333,254.0,2.10227
156.333,268.0,2.10227
156.417,261.0,1.875
156.5,239.0,1.93182
156.583,193.0,1.93182
156.583,183.0,1.875
156.583,188.0,1.875
156.583,189.0,1.875
156.667,182.0,0.852273
156.667,161.0,0.852273
156.75,161.0,1.47727
156.75,169.0,1.47727
156.833,186.0,1.30682
156.833,179.0,1.30682
156.917,172.0,1.30682
156.917,203.0,1.25
156.917,452.0,1.25
157.0,1312.0,1.25
157.0,1904.0,0.909091
157.083,2175.0,0.909091
157.083,2266.0,1.42045
157.083,2220.0,1.42045
157.167,2158.0,1.19318
157.167,2144.0,1.19318
157.25,2286.0,1.30682
157.25,2502.0,1.30682
157.333,2610.0,1.30682
157.333,2435.0,1.30682
157.417,2249.0,1.30682
157.417,2178.0,1.36364
157.417,2169.0,1.36364
157.5,2094.0,1.13636
157.5,2015.0,1.13636
157.583,1986.0,1.13636
157.583,2072.0,1.02273
157.667,2215.0,1.02273
157.667,2215.0,1.47727
157.667,2220.0,1.47727
157.75,2333.0,1.13636
157.75,2448.0,1.13636
157.833,2547.0,1.13636
157.833,2494.0,1.19318
157.917,2416.0,1.19318
157.917,2389.0,1.25
157.917,2406.0,1.25
158.0,2396.0,1.30682
158.0,2368.0,1.30682
158.083,2358.0,1.30682
158.083,2376.0,1.19318
158.167,2422.0,1.19318
158.167,2418.0,1.19318
158.167,2418.0,1.19318
158.167,2363.0,1.19318
158.167,2343.0,1.19318
158.167,2363.0,1.19318
158.167,2382.0,1.19318
158.167,2392.0,1.19318
158.167,2439.0,1.19318
158.167,2544.0,1.19318
158.167,2542.0,1.19318
158.167,2496.0,1.19318
158.167,2425.0,1.19318
158.167,1824.0,1.19318
158.167,1605.0,1.19318
158.167,1511.0,1.19318
158.167,1513.0,1.19318
158.167,1628.0,1.19318
158.167,1383.0,1.19318
158.167,1285.0,1.19318
158.167,1413.0,1.19318
158.167,1608.0,1.19318
158.25,1617.0,1.19318
158.25,1537.0,0.113636
158.25,1572.0,0.113636
158.25,1678.0,0.113636
158.25,1678.0,0.113636
158.25,1614.0,0.113636
158.25,1636.0,0.113636
158.25,1636.0,0.113636
158.25,1734.0,0.113636
158.333,1755.0,0.340909
158.333,1956.0,0.340909
158.333,2103.0,0.340909
158.333,2318.0,0.340909
158.333,2530.0,0.340909
158.333,2728.0,0.340909
158.333,2822.0,0.340909
158.333,2936.0,0.340909
158.333,3007.0,0.340909
158.333,2882.0,0.340909
158.417,2756.0,0.284091
158.417,2764.0,0.284091
158.417,2776.0,0.284091
158.417,2754.0,0.284091
158.417,2572.0,0.284091
158.417,2510.0,0.284091
158.417,2579.0,0.284091
158.417,2632.0,0.284091
158.417,2484.0,0.284091
158.417,2480.0,0.284091
158.417,2641.0,0.284091
158.417,2765.0,0.284091
158.417,2690.0,0.284091
158.417,2591.0,0.284091
158.417,2662.0,0.284091
158.417,2701.0,0.284091
158.417,2619.0,0.284091
158.417,2458.0,0.284091
158.417,2146.0,0.284091
158.417,1820.0,0.284091
158.417,1470.0,0.284091
158.417,966.0,0.284091
158.417,477.0,0.284091
158.417,231.0,0.284091
158.417,82.0,0.284091
158.417,1.0,0.284091
158.417,0.0,0.284091
158.417,0.0,0.284091
158.417,0.0,0.284091
158.417,0.0,0.284091
158.417,0.0,0.284091
158.417,0.0,0.284091
158.417,0.0,0.284091
158.417,0.0,0.284091
158.417,0.0,0.284091
158.417,0.0,0.284091
158.417,0.0,0.284091
158.417,0.0,0.284091
158.417,0.0,0.284091
158.417,0.0,0.284091
158.417,0.0,0.284091
158.417,0.0,0.284091
158.417,0.0,0.284091
158.417,0.0,0.284091
158.417,0.0,0.284091
158.417,0.0,0.284091
158.417,0.0,0.284091
158.417,0.0,0.284091
158.417,0.0,0.284091
158.417,0.0,0.284091
158.417,0.0,0.284091
158.417,0.0,0.284091
158.417,0.0,0.284091
158.417,0.0,0.284091
158.417,0.0,0.284091
158.417,0.0,0.0
158.417,0.0,0.0
158.417,0.0,0.0
158.417,0.0,0.0
158.417,0.0,0.0
158.417,0.0,0.0
158.417,0.0,0.0
158.417,0.0,0.0
158.417,0.0,0.0
158.417,0.0,0.0
158.417,0.0,0.0
158.417,0.0,0.0
