0.0,0.0,0.0
0.0,0.0,0.0
0.0,0.0,0.0
0.0,0.0,0.0
0.0,0.0,0.0
0.0,0.0,0.0
0.0,0.0,0.0
0.0,0.0,0.0
0.0,0.0,0.0
0.0,0.0,0.0
0.0,0.0,0.0
0.0,0.0,0.0
0.0,0.0,0.0
0.0,0.0,0.0
0.0,0.0,0.0
0.0,0.0,0.0
0.0,0.0,0.0
0.0,0.0,0.0
0.0,0.0,0.0
0.0,0.0,0.0
0.0,0.0,0.0
0.0,0.0,0.0
0.0,0.0,0.0
0.0,0.0,0.0
0.0,0.0,0.0
0.0,0.0,0.0
0.0,0.0,0.0
0.0,0.0,0.0
0.0,0.0,0.0
0.0,0.0,0.0
0.0,0.0,0.0
0.0,0.0,0.0
0.0,0.0,0.0
0.0,0.0,0.0
0.0,0.0,0.0
0.0,0.0,0.0
0.0,0.0,0.0
0.0,0.0,0.0
0.0,0.0,0.0
0.0,0.0,0.0
0.0,0.0,0.0
0.0,0.0,0.0
0.0,0.0,0.0
0.0,0.0,0.0
0.0,0.0,0.0
0.0,0.0,0.0
0.0,0.0,0.0
0.0,0.0,0.0
0.0,0.0,0.0
0.0,0.0,0.0
0.0,0.0,0.0
0.0,0.0,0.0
0.0,0.0,0.0
0.0,0.0,0.0
0.0,0.0,0.0
0.0,0.0,0.0
0.0,0.0,0.0
0.0,0.0,0.0
0.0,0.0,0.0
0.0,0.0,0.0
0.0,0.0,0.0
0.0,0.0,0.0
0.0,0.0,0.0
0.0,0.0,0.0
0.0,0.0,0.0
0.0,0.0,0.0
0.0,0.0,0.0
0.0,0.0,0.0
0.0,0.0,0.0
0.0,0.0,0.0
0.0,0.0,0.0
0.0,0.0,0.0
0.0,0.0,0.0
0.0,0.0,0.0
0.0,0.0,0.0
0.0,0.0,0.0
0.0,0.0,0.0
0.0,0.0,0.0
0.0,0.0,0.0
0.0,0.0,0.0
0.0,0.0,0.0
0.0,0.0,0.0
0.0,0.0,0.0
0.0,0.0,0.0
0.0,0.0,0.0
0.0,0.0,0.0
0.0,0.0,0.0
0.0,0.0,0.0
0.0,0.0,0.0
0.0,0.0,0.0
0.0,0.0,0.0
0.0,0.0,0.0
0.0,0.0,0.0
0.0,0.0,0.0
0.0,0.0,0.0
0.0,0.0,0.0
0.0,0.0,0.0
0.0,0.0,0.0
0.0,0.0,0.0
0.0,0.0,0.0
0.0,0.0,0.0
0.0,0.0,0.0
0.0,0.0,0.0
0.0,0.0,0.0
0.0,0.0,0.0
0.0,0.0,0.0
0.0,0.0,0.0
0.0,0.0,0.0
0.0,0.0,0.0
0.0,0.0,0.0
0.0,0.0,0.0
0.0,0.0,0.0
0.0,0.0,0.0
0.0,0.0,0.0
0.0,0.0,0.0
0.0,0.0,0.0
0.0,0.0,0.0
0.0,0.0,0.0
0.0,0.0,0.0
0.0,0.0,0.0
0.0,0.0,0.0
0.0,0.0,0.0
0.0,0.0,0.0
0.0,0.0,0.0
0.0,0.0,0.0
0.0,0.0,0.0
0.0,0.0,0.0
0.0,0.0,0.0
0.0,0.0,0.0
0.0,0.0,0.0
0.0,0.0,0.0
0.0,0.0,0.0
0.0,0.0,0.0
0.0,0.0,0.0
0.0,0.0,0.0
0.0,0.0,0.0
0.0,0.0,0.0
0.0,0.0,0.0
0.0,0.0,0.0
0.0,0.0,0.0
0.0,0.0,0.0
0.0,0.0,0.0
0.0,0.0,0.0
0.0,0.0,0.0
0.0,0.0,0.0
0.0,0.0,0.0
0.0,0.0,0.0
0.0,0.0,0.0
0.0,0.0,0.0
0.0,0.0,0.0
0.0,0.0,0.0
0.0,0.0,0.0
0.0,0.0,0.0
0.0,0.0,0.0
0.0,0.0,0.0
0.0,0.0,0.0
0.0,0.0,0.0
0.0,0.0,0.0
0.0,0.0,0.0
0.0,0.0,0.0
0.0,0.0,0.0
0.0,0.0,0.0
0.0,0.0,0.0
0.0,0.0,0.0
0.0,0.0,0.0
0.0,0.0,0.0
0.0,0.0,0.0
0.0,0.0,0.0
0.0,0.0,0.0
0.0,0.0,0.0
0.0,0.0,0.0
0.0,0.0,0.0
0.0,0.0,0.0
0.0,0.0,0.0
0.0,0.0,0.0
0.0,0.0,0.0
0.0,0.0,0.0
0.0,0.0,0.0
0.0,0.0,0.0
0.0,0.0,0.0
0.0,0.0,0.0
0.0,0.0,0.0
0.0,0.0,0.0
0.0,0.0,0.0
0.0,0.0,0.0
0.0,0.0,0.0
0.0,0.0,0.0
0.0,0.0,0.0
0.0,0.0,0.0
0.0,0.0,0.0
0.0,0.0,0.0
0.0,0.0,0.0
0.0,0.0,0.0
0.0,0.0,0.0
0.0,0.0,0.0
0.0,0.0,0.0
0.0,0.0,0.0
0.0,0.0,0.0
0.0,0.0,0.0
0.0,0.0,0.0
0.0,0.0,0.0
0.0,0.0,0.0
0.0,0.0,0.0
0.0,0.0,0.0
0.0,0.0,0.0
0.0,0.0,0.0
0.0,0.0,0.0
0.0,0.0,0.0
0.0,0.0,0.0
0.0,0.0,0.0
0.0,0.0,0.0
0.0,0.0,0.0
0.0,0.0,0.0
0.0,0.0,0.0
0.0,0.0,0.0
0.0,0.0,0.0
0.0,0.0,0.0
0.0,0.0,0.0
0.0,0.0,0.0
0.0,0.0,0.0
0.0,0.0,0.0
0.0,0.0,0.0
0.0,0.0,0.0
0.0,0.0,0.0
0.0,0.0,0.0
0.0,0.0,0.0
0.0,0.0,0.0
0.0,0.0,0.0
0.0,0.0,0.0
0.0,0.0,0.0
0.0,0.0,0.0
0.0,0.0,0.0
0.0,0.0,0.0
0.0,0.0,0.0
0.0,0.0,0.0
0.0,0.0,0.0
0.0,0.0,0.0
0.0,0.0,0.0
0.0,0.0,0.0
0.0,0.0,0.0
0.0,0.0,0.0
0.0,0.0,0.0
0.0,0.0,0.0
0.0,0.0,0.0
0.0,0.0,0.0
0.0,0.0,0.0
0.0,0.0,0.0
0.0,0.0,0.0
0.0,0.0,0.0
0.0,0.0,0.0
0.0,0.0,0.0
0.0,0.0,0.0
0.0,0.0,0.0
0.0,0.0,0.0
0.0,0.0,0.0
0.0,0.0,0.0
0.0,0.0,0.0
0.0,0.0,0.0
0.0,0.0,0.0
0.0,0.0,0.0
0.0,0.0,0.0
0.0,0.0,0.0
0.0,0.0,0.0
0.0,0.0,0.0
0.0,0.0,0.0
0.0,0.0,0.0
0.0,0.0,0.0
0.0,0.0,0.0
0.0,0.0,0.0
0.0,0.0,0.0
0.0,0.0,0.0
0.0,0.0,0.0
0.0,0.0,0.0
0.0,0.0,0.0
0.0,2.0,0.0
0.0,3.0,0.0
0.0,0.0,0.0
0.0,0.0,0.0
0.0,0.0,0.0
0.0,0.0,0.0
0.0,0.0,0.0
0.0,12.0,0.0
0.0,12.0,0.0
0.0,32.0,0.0
0.0,51.0,0.0
0.0,52.0,0.0
0.0,90.0,0.0
0.0,113.0,0.0
0.0,115.0,0.0
0.0,114.0,0.0
0.0,111.0,0.0
0.0,109.0,0.0
0.0,116.0,0.0
0.0,138.0,0.0
0.0,172.0,0.0
0.0,237.0,0.0
0.0,334.0,0.0
0.0,355.0,0.0
0.0,368.0,0.0
0.0,366.0,0.0
0.0,342.0,0.0
0.0,330.0,0.0
0.0,324.0,0.0
0.0,328.0,0.0
0.0,350.0,0.0
0.0,367.0,0.0
0.0,380.0,0.0
0.0,390.0,0.0
0.0,408.0,0.0
0.0,466.0,0.0
0.0,494.0,0.0
0.0,521.0,0.0
0.0,547.0,0.0
0.0,586.0,0.0
0.0,627.0,0.0
0.0,667.0,0.0
0.0,697.0,0.0
0.0,698.0,0.0
0.0,682.0,0.0
0.0,678.0,0.0
0.0,694.0,0.0
0.0,731.0,0.0
0.0,815.0,0.0
0.0,842.0,0.0
0.0,859.0,0.0
0.0,859.0,0.0
0.0,862.0,0.0
0.0,868.0,0.0
0.0,880.0,0.0
0.0,889.0,0.0
0.0,898.0,0.0
0.0,901.0,0.0
0.0,914.0,0.0
0.0,934.0,0.0
0.0,995.0,0.0
0.0,1073.0,0.0
0.0,1133.0,0.0
0.0,1116.0,0.0
0.0,1101.0,0.0
0.0,1096.0,0.0
0.0,1129.0,0.0
0.0,1141.0,0.0
0.0,1165.0,0.0
0.0,1197.0,0.0
0.0,1200.0,0.0
0.0,1167.0,0.0
0.0,1173.0,0.0
0.0,1220.0,0.0
0.0,1267.0,0.0
0.0,1325.0,0.0
0.0,1324.0,0.0
0.0,1290.0,0.0
0.0,1287.0,0.0
0.0,1344.0,0.0
0.0,1477.0,0.0
0.0,1481.0,0.0
0.0,1547.0,0.0
0.0,1580.0,0.0
0.0833333,1672.0,0.0
0.0833333,1774.0,0.0
0.0833333,1922.0,0.0
0.0833333,2058.0,0.0
0.0833333,2079.0,0.0
0.0833333,1996.0,0.0
0.0833333,1897.0,0.0
0.166667,1862.0,0.0
0.166667,1912.0,0.0
0.166667,1935.0,0.0
0.166667,1935.0,0.0
0.166667,1947.0,0.0
0.25,1947.0,0.511364
0.25,1905.0,0.511364
0.25,1877.0,0.511364
0.25,1862.0,0.511364
0.25,1857.0,0.511364
0.333333,1864.0,0.568182
0.333333,1906.0,0.568182
0.333333,1962.0,0.568182
0.333333,2006.0,0.568182
0.333333,2079.0,0.568182
0.333333,2140.0,0.568182
0.333333,2176.0,0.568182
0.333333,2164.0,0.568182
0.333333,2142.0,0.568182
0.333333,2142.0,0.568182
0.333333,2128.0,0.568182
0.416667,2120.0,0.284091
0.416667,2122.0,0.284091
0.416667,2133.0,0.284091
0.5,2152.0,0.965909
0.5,2181.0,0.965909
0.583333,2214.0,0.965909
0.583333,2294.0,1.13636
0.666667,2354.0,1.13636
0.666667,2501.0,1.25
0.666667,2618.0,1.25
0.75,2708.0,1.36364
0.833333,2730.0,1.36364
0.833333,2726.0,1.47727
0.916667,2769.0,1.47727
0.916667,2834.0,1.53409
0.916667,2904.0,1.53409
0.916667,2924.0,1.53409
0.916667,2740.0,1.53409
0.916667,2569.0,1.53409
0.916667,2446.0,1.53409
0.916667,2460.0,1.53409
0.916667,2651.0,1.53409
0.916667,2653.0,1.53409
0.916667,2507.0,1.53409
1.0,2507.0,0.284091
1.08333,2416.0,0.284091
1.08333,2268.0,1.81818
1.16667,2377.0,2.38636
1.25,2480.0,2.32954
1.33333,2500.0,2.32954
1.41667,2440.0,2.27273
1.41667,2359.0,2.21591
1.5,2398.0,2.38636
1.5,2458.0,2.38636
1.58333,2525.0,1.25
1.58333,2589.0,1.25
1.66667,2694.0,1.25
1.66667,2757.0,1.19318
1.75,2773.0,1.19318
1.83333,2753.0,1.53409
1.91667,2744.0,3.01136
1.91667,2771.0,2.21591
1.91667,2731.0,2.21591
2.08333,2619.0,2.21591
2.16667,2548.0,3.52273
2.25,2631.0,2.5
2.33333,2718.0,3.01136
2.33333,2782.0,2.95454
2.41667,2838.0,2.95454
2.5,2864.0,1.64773
2.5,2836.0,3.06818
2.58333,2785.0,3.06818
2.66667,2724.0,3.46591
2.75,2663.0,3.46591
2.91667,2659.0,3.46591
3.0,2507.0,3.29545
3.08333,2378.0,3.29545
3.16667,2223.0,3.46591
3.25,2072.0,3.29545
3.41667,1994.0,3.29545
3.5,1966.0,3.125
3.58333,2053.0,3.57954
3.58333,2135.0,3.46591
3.66667,2102.0,1.70455
3.83333,2114.0,3.75
3.83333,2189.0,3.97727
4.0,2352.0,3.97727
4.08333,2352.0,4.31818
4.25,2331.0,3.80682
4.33333,2332.0,4.48864
4.41667,2203.0,3.35227
4.58333,2085.0,3.69318
4.66667,1892.0,4.09091
4.83333,1771.0,4.09091
4.91667,1645.0,4.09091
5.0,1532.0,3.80682
5.16667,1389.0,3.80682
5.25,1369.0,3.86364
5.41667,1390.0,4.09091
5.41667,1421.0,4.31818
5.41667,1493.0,4.31818
5.41667,1514.0,4.31818
5.58333,1525.0,4.31818
5.66667,1524.0,4.77273
5.75,1553.0,3.75
5.91667,1560.0,4.31818
6.08333,1551.0,4.48864
6.16667,1517.0,4.48864
6.33333,1471.0,4.48864
6.41667,1431.0,4.54545
6.58333,1356.0,4.54545
6.66667,1264.0,4.31818
6.75,1159.0,4.31818
6.91667,1080.0,4.31818
7.0,1131.0,4.43182
7.16667,1222.0,4.43182
7.33333,1294.0,4.94318
7.41667,1291.0,4.94318
7.58333,1048.0,4.94318
7.66667,830.0,4.88636
7.83333,662.0,4.88636
7.83333,527.0,4.54545
7.91667,357.0,2.15909
8.08333,265.0,2.44318
8.25,231.0,4.54545
8.25,209.0,4.65909
8.25,154.0,4.65909
8.25,56.0,4.65909
8.25,26.0,4.65909
8.25,21.0,4.65909
8.41667,21.0,4.65909
8.58333,27.0,4.65909
8.66667,83.0,5.11364
8.75,321.0,4.54545
8.91667,569.0,4.54545
8.91667,698.0,4.375
9.0,723.0,1.53409
9.16667,820.0,1.53409
9.33333,961.0,1.53409
9.33333,1055.0,4.14773
9.33333,1076.0,4.14773
9.33333,953.0,4.14773
9.33333,826.0,4.14773
9.41667,675.0,4.14773
9.5,531.0,0.568182
9.66667,446.0,0.568182
9.75,360.0,4.14773
9.91667,271.0,4.43182
10.0,160.0,4.31818
10.1667,45.0,4.31818
10.25,0.0,4.375
10.4167,0.0,4.375
10.5,0.0,4.65909
10.6667,0.0,4.65909
10.8333,89.0,4.60227
10.8333,300.0,4.48864
10.8333,527.0,4.48864
10.8333,729.0,4.48864
10.9167,846.0,0.852273
11.0833,918.0,4.20454
11.25,1099.0,4.20454
11.3333,1295.0,4.375
11.4167,1429.0,4.48864
11.4167,1489.0,4.48864
11.4167,1486.0,4.48864
11.4167,1462.0,4.48864
11.5833,1429.0,4.48864
11.5833,1218.0,5.17045
11.75,1105.0,5.17045
11.75,1058.0,4.54545
11.75,965.0,4.54545
11.75,821.0,4.54545
11.8333,821.0,4.54545
11.9167,756.0,4.20454
12.0833,756.0,4.20454
12.1667,819.0,3.75
12.3333,888.0,4.43182
12.4167,1055.0,4.14773
12.5833,1164.0,4.09091
12.5833,1279.0,4.43182
12.6667,1388.0,2.04545
12.75,1534.0,2.04545
12.8333,1579.0,1.76136
12.9167,1623.0,3.92045
12.9167,1737.0,3.92045
12.9167,1866.0,3.92045
13.0833,1888.0,3.92045
13.1667,1860.0,4.09091
13.3333,1860.0,4.09091
13.4167,1865.0,3.75
13.5,1862.0,4.20454
13.6667,1836.0,4.20454
13.75,1822.0,4.03409
13.8333,1833.0,4.03409
13.8333,1866.0,4.03409
14.0,1872.0,4.03409
14.0833,1856.0,5.22727
14.1667,1843.0,3.97727
14.25,1838.0,3.86364
14.25,1862.0,3.86364
14.3333,1881.0,3.86364
14.4167,1877.0,1.02273
14.5,1876.0,4.14773
14.6667,1727.0,3.92045
14.75,1550.0,4.48864
14.9167,1436.0,4.26136
15.0,1272.0,4.20454
15.1667,1108.0,4.20454
15.25,1005.0,4.26136
15.4167,1016.0,4.26136
15.5,1034.0,3.97727
15.6667,1038.0,3.97727
15.75,1000.0,4.54545
15.8333,1035.0,4.14773
15.8333,1065.0,4.14773
15.9167,1065.0,1.36364
15.9167,1093.0,1.36364
15.9167,1122.0,1.36364
16.0833,1176.0,1.36364
16.25,1168.0,4.48864
16.3333,1150.0,4.48864
16.5,1118.0,4.48864
16.5833,1157.0,4.43182
16.75,1243.0,4.43182
16.8333,1291.0,4.48864
17.0,1310.0,4.48864
17.0833,1321.0,4.375
17.0833,1320.0,4.375
17.1667,1296.0,1.53409
17.1667,1276.0,1.53409
17.1667,1241.0,1.53409
17.1667,1140.0,1.53409
17.25,1031.0,1.53409
17.4167,915.0,4.48864
17.5,804.0,4.60227
17.6667,654.0,4.60227
17.8333,579.0,4.60227
17.9167,496.0,4.77273
18.0,441.0,3.80682
18.1667,394.0,3.80682
18.3333,399.0,4.48864
18.4167,449.0,4.82954
18.5833,507.0,4.48864
18.6667,548.0,4.43182
18.6667,598.0,4.43182
18.6667,704.0,4.43182
18.75,789.0,4.43182
18.9167,880.0,4.43182
19.0,1042.0,3.92045
19.1667,1137.0,4.82954
19.3333,1141.0,4.82954
19.4167,1115.0,4.71591
19.5833,1076.0,4.71591
19.6667,1030.0,4.60227
19.75,943.0,2.27273
19.8333,831.0,4.60227
19.9167,700.0,4.60227
19.9167,425.0,1.59091
20.0,425.0,1.59091
20.0833,398.0,4.82954
20.1667,267.0,4.14773
20.3333,194.0,4.14773
20.4167,151.0,5.0
20.5833,134.0,4.65909
20.6667,147.0,4.60227
20.75,195.0,4.60227
20.8333,283.0,4.31818
21.0,509.0,4.31818
21.1667,632.0,4.31818
21.25,707.0,4.48864
21.25,740.0,4.77273
21.3333,776.0,4.77273
21.3333,856.0,1.42045
21.4167,858.0,1.53409
21.5833,978.0,1.53409
21.6667,1048.0,6.19318
21.8333,1005.0,6.19318
22.0,931.0,4.60227
22.0833,859.0,4.43182
22.25,749.0,5.05682
22.3333,519.0,4.03409
22.4167,414.0,4.03409
22.5833,367.0,4.03409
22.5833,327.0,4.26136
22.6667,229.0,4.26136
22.75,145.0,4.26136
22.75,111.0,4.26136
22.8333,109.0,1.42045
23.0,90.0,1.42045
23.1667,56.0,4.31818
23.25,95.0,4.43182
23.3333,175.0,4.65909
23.4167,294.0,2.21591
23.4167,594.0,2.21591
23.5,756.0,2.21591
23.5833,771.0,1.19318
23.6667,758.0,3.86364
23.6667,765.0,2.44318
23.6667,836.0,2.44318
23.6667,876.0,2.44318
23.6667,876.0,2.44318
23.75,970.0,0.625
23.8333,973.0,4.09091
24.0,966.0,4.09091
24.0833,882.0,5.17045
24.25,811.0,4.375
24.3333,743.0,3.92045
24.3333,630.0,2.44318
24.4167,490.0,2.44318
24.5,371.0,4.54545
24.5833,275.0,4.14773
24.6667,181.0,2.21591
24.6667,101.0,2.21591
24.75,72.0,1.42045
24.75,72.0,1.42045
24.8333,86.0,1.42045
24.8333,208.0,1.42045
24.9167,411.0,1.47727
25.0833,567.0,4.09091
25.1667,690.0,4.82954
25.25,804.0,4.82954
25.4167,1062.0,4.82954
25.4167,1228.0,4.26136
25.5833,1273.0,4.26136
25.6667,1198.0,4.26136
25.8333,1135.0,4.26136
25.9167,1194.0,4.54545
26.0,1222.0,4.54545
26.0,1201.0,2.27273
26.0833,1054.0,2.27273
26.1667,867.0,1.42045
26.25,735.0,4.71591
26.4167,604.0,4.71591
26.5833,487.0,4.71591
26.6667,456.0,5.05682
26.8333,430.0,5.05682
26.9167,326.0,4.88636
27.0,214.0,3.92045
27.0833,141.0,2.15909
27.0833,204.0,4.09091
27.1667,340.0,4.09091
27.1667,459.0,1.47727
27.25,546.0,1.47727
27.3333,546.0,4.82954
27.4167,587.0,2.27273
27.5833,671.0,4.09091
27.6667,777.0,4.48864
27.8333,900.0,4.48864
28.0,1146.0,4.48864
28.0,1245.0,5.28409
28.1667,1279.0,5.28409
28.25,1248.0,4.65909
28.4167,1178.0,4.65909
28.5833,1145.0,4.375
28.6667,1102.0,4.94318
28.75,1032.0,4.94318
28.8333,907.0,4.94318
28.9167,758.0,1.98864
29.0,754.0,2.38636
29.1667,665.0,4.14773
29.25,590.0,4.26136
29.4167,440.0,4.26136
29.5,376.0,5.0
29.6667,329.0,5.0
29.75,332.0,4.88636
29.8333,412.0,2.27273
30.0,535.0,3.23864
30.0,685.0,4.26136
30.0833,816.0,2.15909
30.0833,923.0,2.15909
30.0833,1069.0,2.15909
30.1667,1145.0,2.15909
30.25,1142.0,0.852273
30.3333,1196.0,2.21591
30.5,1283.0,4.375
30.5833,1288.0,4.65909
30.75,1252.0,4.65909
30.9167,1212.0,4.65909
31.0,1233.0,4.48864
31.1667,1265.0,4.48864
31.25,1203.0,4.71591
31.3333,1117.0,4.14773
31.4167,1024.0,2.27273
31.5833,884.0,2.27273
31.6667,830.0,4.43182
31.6667,714.0,4.43182
31.6667,714.0,4.43182
31.75,712.0,1.02273
31.9167,606.0,2.32954
32.0,598.0,4.60227
32.1667,657.0,4.60227
32.25,757.0,4.43182
32.4167,806.0,4.43182
32.5,758.0,4.31818
32.6667,772.0,4.20454
32.75,836.0,5.39773
32.9167,909.0,4.54545
33.0,996.0,3.97727
33.1667,1071.0,3.97727
33.25,1094.0,4.375
33.25,1046.0,4.375
33.3333,1028.0,1.42045
33.4167,1034.0,1.42045
33.5,1119.0,2.32954
33.5833,1161.0,4.65909
33.75,1136.0,4.65909
33.9167,1008.0,4.54545
33.9167,966.0,6.13636
34.0,929.0,2.21591
34.0833,860.0,2.15909
34.1667,747.0,2.15909
34.25,693.0,4.54545
34.4167,671.0,4.31818
34.4167,656.0,4.26136
34.4167,633.0,4.26136
34.5,610.0,1.13636
34.5833,568.0,1.13636
34.75,547.0,2.27273
34.8333,531.0,4.31818
35.0,547.0,4.31818
35.0833,646.0,4.31818
35.25,767.0,4.54545
35.3333,831.0,4.26136
35.3333,811.0,4.26136
35.5,796.0,4.26136
35.5833,939.0,5.28409
35.5833,1076.0,4.26136
35.5833,1151.0,4.26136
35.6667,1151.0,4.26136
35.8333,1147.0,4.26136
35.9167,1120.0,4.94318
36.0833,1131.0,4.26136
36.1667,1177.0,4.77273
36.3333,1230.0,4.77273
36.4167,1142.0,4.26136
36.5833,1034.0,4.26136
36.75,928.0,4.26136
36.8333,808.0,5.0
37.0,588.0,4.48864
37.0833,493.0,4.09091
37.1667,433.0,4.31818
37.1667,389.0,4.31818
37.1667,354.0,4.31818
37.25,347.0,0.852273
37.4167,353.0,4.375
37.5,401.0,3.97727
37.6667,594.0,4.20454
37.75,813.0,3.80682
37.9167,839.0,3.80682
38.0833,840.0,4.31818
38.1667,871.0,4.375
38.25,971.0,4.375
38.3333,1039.0,4.03409
38.5,1093.0,4.03409
38.5833,1153.0,5.0
38.75,1225.0,4.48864
38.8333,1238.0,4.31818
38.9167,1236.0,3.86364
39.0833,1199.0,3.86364
39.1667,1159.0,4.65909
39.3333,1055.0,4.65909
39.3333,972.0,5.11364
39.3333,867.0,5.11364
39.4167,756.0,1.07955
39.5833,595.0,4.14773
39.75,505.0,4.14773
39.8333,446.0,4.26136
39.9167,405.0,3.63636
39.9167,389.0,2.27273
39.9167,410.0,2.27273
39.9167,446.0,2.27273
39.9167,446.0,2.27273
40.0,447.0,2.27273
40.0833,614.0,0.625
40.1667,891.0,2.10227
40.3333,979.0,4.31818
40.4167,1006.0,3.75
40.5833,1026.0,3.97727
40.6667,1082.0,3.97727
40.8333,1136.0,3.97727
40.9167,1154.0,5.0
40.9167,1152.0,5.0
41.0,1137.0,5.0
41.0,1126.0,1.07955
41.0833,1093.0,1.07955
41.1667,1074.0,4.54545
41.3333,1074.0,4.54545
41.5,983.0,4.54545
41.5833,869.0,4.54545
41.75,752.0,4.54545
41.8333,657.0,4.31818
42.0,530.0,4.31818
42.0833,443.0,4.31818
42.25,417.0,4.31818
42.3333,396.0,4.31818
42.4167,429.0,4.375
42.5,626.0,4.375
42.5833,745.0,4.375
42.5833,813.0,4.375
42.6667,1021.0,1.42045
42.6667,1180.0,1.42045
42.8333,1326.0,1.47727
42.9167,1367.0,3.75
43.0,1341.0,3.80682
43.0833,1321.0,4.71591
43.1667,1422.0,2.21591
43.25,1490.0,2.21591
43.25,1475.0,2.04545
43.4167,1415.0,2.10227
43.5,1367.0,3.80682
43.5,1314.0,3.80682
43.5,1265.0,3.80682
43.5833,1221.0,1.07955
43.5833,1162.0,1.07955
43.5833,1162.0,1.07955
43.6667,1040.0,1.07955
43.75,925.0,4.43182
43.8333,830.0,4.43182
43.9167,775.0,4.71591
44.0833,806.0,4.71591
44.1667,848.0,4.60227
44.3333,957.0,4.60227
44.4167,1084.0,4.31818
44.5,990.0,4.94318
44.5833,919.0,1.98864
44.75,967.0,4.20454
44.8333,1057.0,3.52273
45.0,1103.0,4.31818
45.0833,1144.0,4.31818
45.1667,1242.0,4.20454
45.1667,1268.0,4.20454
45.25,1281.0,1.42045
45.3333,1398.0,2.21591
45.5,1430.0,2.21591
45.5833,1399.0,4.09091
45.6667,1324.0,4.09091
45.75,1240.0,5.79545
45.8333,1182.0,5.79545
46.0,1151.0,5.79545
46.0833,1116.0,4.20454
46.1667,1060.0,4.20454
46.1667,1018.0,2.04545
46.3333,1017.0,2.27273
46.4167,825.0,4.375
46.5,707.0,4.20454
46.5833,653.0,2.32954
46.75,638.0,4.20454
46.8333,625.0,3.97727
47.0,638.0,4.31818
47.1667,695.0,4.375
47.25,860.0,4.14773
47.3333,931.0,4.94318
47.4167,955.0,2.27273
47.5,976.0,3.92045
47.5833,1053.0,2.27273
47.75,1138.0,2.27273
47.8333,1138.0,4.43182
47.8333,1138.0,4.43182
47.9167,1141.0,4.43182
48.0,1225.0,1.07955
48.0833,1334.0,5.05682
48.1667,1387.0,2.04545
48.3333,1394.0,4.26136
48.5,1387.0,4.26136
48.5833,1327.0,5.05682
48.75,1247.0,4.54545
48.8333,1121.0,4.54545
48.9167,975.0,4.43182
49.0,787.0,4.43182
49.1667,722.0,4.71591
49.1667,710.0,4.77273
49.25,710.0,1.98864
49.3333,686.0,2.27273
49.5,603.0,4.54545
49.5833,598.0,4.31818
49.75,664.0,4.31818
49.9167,779.0,4.375
50.0,917.0,4.82954
50.1667,979.0,4.43182
50.25,1048.0,4.43182
50.3333,1074.0,4.09091
50.4167,1031.0,2.15909
50.5833,1057.0,4.375
50.6667,1077.0,4.375
50.75,1110.0,3.97727
50.75,1138.0,3.97727
50.9167,1269.0,3.97727
51.0833,1293.0,4.48864
51.1667,1317.0,4.60227
51.3333,1293.0,4.43182
51.5,1079.0,4.94318
51.5833,931.0,4.48864
51.75,801.0,4.48864
51.8333,697.0,4.14773
51.9167,642.0,5.05682
52.0,600.0,4.54545
52.1667,558.0,4.375
52.1667,528.0,4.20454
52.1667,566.0,4.20454
52.1667,566.0,4.20454
52.1667,597.0,4.20454
52.25,600.0,0.625
52.4167,678.0,4.375
52.5,805.0,3.86364
52.6667,1029.0,4.43182
52.8333,1236.0,4.54545
52.9167,1315.0,4.375
53.0833,1308.0,4.54545
53.1667,1204.0,4.48864
53.3333,1083.0,4.48864
53.4167,1052.0,4.20454
53.5833,1082.0,4.20454
53.6667,1125.0,4.88636
53.6667,1158.0,4.88636
53.75,1149.0,4.88636
53.8333,1127.0,4.20454
54.0,1078.0,4.71591
54.0833,878.0,4.82954
54.1667,742.0,2.15909
54.3333,697.0,4.31818
54.4167,639.0,4.54545
54.5833,547.0,4.31818
54.6667,444.0,4.31818
54.6667,439.0,2.27273
54.6667,479.0,2.27273
54.75,565.0,1.36364
54.75,694.0,1.36364
54.9167,712.0,1.42045
55.0,802.0,5.11364
55.0833,874.0,5.11364
55.25,926.0,4.20454
55.3333,1069.0,4.20454
55.5,1187.0,4.54545
55.5833,1230.0,4.65909
55.6667,1183.0,4.65909
55.75,1204.0,4.54545
55.8333,1228.0,4.54545
55.9167,1267.0,4.43182
56.0833,1309.0,4.09091
56.1667,1316.0,4.09091
56.1667,1242.0,2.38636
56.1667,1240.0,2.38636
56.1667,1240.0,2.38636
56.3333,1065.0,2.38636
56.4167,958.0,4.375
56.5833,867.0,4.26136
56.6667,832.0,5.05682
56.8333,788.0,4.65909
56.9167,729.0,3.86364
57.0833,616.0,3.86364
57.25,582.0,4.14773
57.3333,629.0,4.94318
57.5,754.0,4.43182
57.5833,883.0,4.43182
57.6667,994.0,3.97727
57.6667,1108.0,3.97727
57.75,1108.0,3.97727
57.8333,1187.0,1.07955
57.9167,1359.0,4.14773
58.0,1478.0,4.14773
58.1667,1526.0,4.14773
58.25,1505.0,4.60227
58.4167,1417.0,4.60227
58.5833,1388.0,4.54545
58.6667,1413.0,4.43182
58.8333,1418.0,4.43182
58.9167,1412.0,4.65909
59.0,1374.0,4.71591
59.0,1339.0,4.71591
59.0833,1218.0,4.71591
59.1667,1218.0,5.28409
59.3333,1077.0,4.48864
59.4167,1010.0,4.26136
59.5,939.0,4.65909
59.5833,886.0,1.93182
59.75,836.0,4.82954
59.8333,809.0,4.48864
59.9167,882.0,4.48864
60.0833,964.0,4.94318
60.1667,1003.0,4.94318
60.3333,1046.0,4.54545
60.4167,1122.0,4.77273
60.5,1198.0,4.09091
60.5833,1223.0,4.09091
60.6667,1223.0,4.26136
60.6667,1233.0,4.26136
60.75,1267.0,1.47727
60.9167,1332.0,2.27273
60.9167,1390.0,5.17045
61.0,1388.0,2.04545
61.1667,1394.0,4.03409
61.25,1410.0,4.375
61.4167,1376.0,4.375
61.5,1321.0,5.05682
61.5833,1225.0,2.21591
61.6667,1177.0,4.20454
61.75,1137.0,2.27273
61.9167,1109.0,4.09091
61.9167,1006.0,4.26136
61.9167,889.0,4.26136
62.0,820.0,1.07955
62.0,766.0,1.07955
62.1667,721.0,1.47727
62.25,759.0,4.09091
62.4167,812.0,4.09091
62.5,812.0,4.48864
62.5833,855.0,4.48864
62.6667,999.0,5.0
62.8333,1051.0,5.0
63.0,1078.0,4.48864
63.0,1109.0,4.14773
63.0,1148.0,4.14773
63.0,1165.0,4.14773
63.0,1218.0,4.14773
63.0,1267.0,4.14773
63.1667,1321.0,4.14773
63.25,1328.0,4.71591
63.4167,1319.0,4.71591
63.5833,1309.0,4.71591
63.6667,1313.0,4.77273
63.8333,1302.0,4.54545
64.0,1205.0,4.82954
64.0833,1119.0,4.82954
64.25,1059.0,4.82954
64.3333,992.0,4.26136
64.5,831.0,4.54545
64.5,821.0,4.60227
64.5,821.0,4.60227
64.6667,671.0,4.60227
64.75,568.0,4.65909
64.9167,540.0,4.65909
65.0,623.0,4.09091
65.1667,722.0,4.54545
65.25,806.0,4.71591
65.4167,847.0,4.71591
65.5,845.0,4.43182
65.6667,881.0,4.375
65.75,969.0,4.94318
65.8333,1047.0,4.94318
66.0,1182.0,4.94318
66.0,1223.0,4.71591
66.0,1223.0,4.71591
66.0833,1151.0,4.71591
66.1667,1195.0,0.909091
66.3333,1262.0,4.54545
66.4167,1232.0,4.09091
66.5833,1189.0,4.54545
66.6667,1098.0,4.54545
66.8333,795.0,4.54545
66.9167,695.0,4.43182
67.0,660.0,2.15909
67.1667,607.0,4.26136
67.1667,495.0,4.94318
67.1667,467.0,4.94318
67.25,472.0,1.07955
67.25,469.0,1.07955
67.25,754.0,1.07955
67.3333,880.0,1.07955
67.3333,898.0,1.07955
67.5,959.0,1.36364
67.6667,1059.0,4.65909
67.75,1235.0,4.82954
67.9167,1253.0,4.65909
68.0,1217.0,4.20454
68.1667,1157.0,4.20454
68.25,1167.0,4.375
68.3333,1183.0,4.14773
68.5,1211.0,4.14773
68.5833,1274.0,4.26136
68.75,1274.0,4.26136
68.8333,1274.0,4.43182
69.0,1184.0,4.48864
69.0833,1078.0,4.09091
69.25,1009.0,4.09091
69.4167,965.0,4.31818
69.5,953.0,5.17045
69.6667,1020.0,4.54545
69.75,981.0,4.60227
69.9167,796.0,4.60227
70.0,560.0,4.20454
70.0,530.0,4.20454
70.0833,697.0,1.42045
70.25,786.0,1.42045
70.25,936.0,3.75
70.3333,928.0,2.21591
70.4167,953.0,2.27273
70.5833,1010.0,3.80682
70.6667,1109.0,5.22727
70.75,1306.0,2.04545
70.9167,1377.0,4.65909
71.0,1308.0,4.54545
71.1667,1242.0,4.54545
71.3333,1305.0,4.54545
71.4167,1385.0,4.31818
71.5,1396.0,4.03409
71.5833,1484.0,4.03409
71.75,1546.0,4.03409
71.8333,1504.0,4.48864
72.0,1333.0,4.48864
72.0833,1276.0,4.375
72.25,1253.0,4.60227
72.3333,1130.0,4.20454
72.5,889.0,4.20454
72.6667,834.0,4.43182
72.75,836.0,4.26136
72.9167,827.0,4.26136
73.0,774.0,4.48864
73.0833,830.0,4.03409
73.1667,910.0,2.15909
73.25,972.0,4.31818
73.3333,980.0,2.21591
73.4167,980.0,4.14773
73.5,980.0,4.14773
73.6667,1046.0,4.14773
73.75,1263.0,4.26136
73.9167,1373.0,4.26136
74.0,1257.0,4.31818
74.1667,1221.0,4.31818
74.3333,1290.0,4.375
74.4167,1398.0,4.14773
74.5833,1419.0,4.54545
74.6667,1375.0,4.54545
74.8333,1380.0,4.14773
74.8333,1410.0,4.48864
74.9167,1367.0,4.48864
75.0,1204.0,4.14773
75.0833,1200.0,4.14773
75.1667,1132.0,4.09091
75.3333,1159.0,4.09091
75.5,1061.0,4.20454
75.5833,904.0,4.65909
75.75,803.0,4.60227
75.8333,779.0,4.54545
76.0,784.0,4.54545
76.0833,779.0,4.48864
76.25,831.0,4.54545
76.3333,929.0,4.375
76.5,980.0,4.375
76.5833,995.0,4.60227
76.6667,1019.0,4.31818
76.75,1020.0,4.31818
76.9167,1235.0,4.31818
77.0,1351.0,4.31818
77.1667,1317.0,4.31818
77.25,1305.0,4.375
77.4167,1361.0,4.54545
77.5833,1495.0,4.54545
77.6667,1560.0,4.48864
77.8333,1456.0,4.48864
77.9167,1316.0,4.54545
78.0833,1296.0,4.54545
78.0833,1397.0,4.71591
78.25,1341.0,4.71591
78.4167,1205.0,4.71591
78.5,1204.0,4.71591
78.6667,1204.0,4.48864
78.75,1120.0,4.48864
78.9167,1066.0,4.48864
79.0,976.0,4.60227
79.1667,868.0,4.60227
79.25,814.0,4.60227
79.4167,869.0,4.43182
79.5,948.0,4.31818
79.5833,996.0,4.31818
79.75,966.0,4.48864
79.75,928.0,4.54545
79.9167,1006.0,4.54545
80.0,1059.0,5.17045
80.0,1199.0,4.20454
80.0,1259.0,4.20454
80.0833,1321.0,4.20454
80.1667,1315.0,4.60227
80.3333,1360.0,4.20454
80.4167,1444.0,4.26136
80.5833,1543.0,4.26136
80.75,1529.0,4.20454
80.8333,1489.0,5.51136
81.0,1456.0,4.43182
81.0833,1383.0,4.375
81.1667,1371.0,4.375
81.25,1404.0,4.375
81.3333,1494.0,1.875
81.4167,1522.0,2.27273
81.5,1293.0,4.03409
81.5833,1180.0,2.10227
81.6667,1205.0,5.39773
81.6667,1264.0,2.21591
81.8333,1201.0,2.21591
81.9167,1142.0,4.20454
82.0833,1107.0,4.60227
82.1667,1072.0,4.31818
82.25,1149.0,3.97727
82.25,1318.0,3.97727
82.4167,1406.0,3.97727
82.5,1393.0,4.94318
82.5,1363.0,4.14773
82.5,1341.0,4.14773
82.5,1381.0,4.14773
82.5833,1381.0,4.14773
82.75,1501.0,4.14773
82.8333,1590.0,3.63636
83.0,1679.0,3.63636
83.0833,1679.0,4.26136
83.25,1650.0,4.26136
83.3333,1661.0,4.54545
83.5,1705.0,4.54545
83.5833,1755.0,4.09091
83.75,1728.0,4.31818
83.8333,1629.0,4.48864
83.9167,1518.0,3.86364
84.0,1423.0,3.86364
84.0,1420.0,1.98864
84.0,1360.0,1.98864
84.0,1280.0,1.98864
84.0833,1092.0,0.738636
84.25,1015.0,4.20454
84.3333,1005.0,4.54545
84.5,1003.0,3.97727
84.5833,1025.0,4.43182
84.75,1062.0,4.20454
84.8333,1076.0,4.48864
85.0,1128.0,4.48864
85.0833,1220.0,4.09091
85.25,1329.0,4.65909
85.3333,1354.0,4.20454
85.5,1351.0,4.20454
85.5833,1380.0,4.20454
85.6667,1454.0,3.97727
85.75,1557.0,3.97727
85.9167,1660.0,4.26136
86.0,1747.0,4.71591
86.1667,1747.0,4.71591
86.25,1707.0,4.43182
86.4167,1757.0,4.43182
86.5,1783.0,4.88636
86.5833,1726.0,4.14773
86.6667,1507.0,4.54545
86.8333,1406.0,4.375
86.9167,1383.0,4.88636
87.0,1383.0,4.88636
87.0833,1383.0,4.88636
87.1667,1199.0,4.43182
87.25,917.0,2.21591
87.3333,862.0,2.21591
87.4167,860.0,2.21591
87.5,893.0,4.48864
87.5833,990.0,4.48864
87.75,1033.0,4.48864
87.75,1063.0,4.94318
87.9167,1090.0,4.94318
88.0,1164.0,4.77273
88.1667,1259.0,4.54545
88.1667,1291.0,4.48864
88.3333,1378.0,4.48864
88.4167,1387.0,4.43182
88.5833,1622.0,4.26136
88.5833,1649.0,3.75
88.5833,1608.0,3.75
88.6667,1538.0,3.75
88.8333,1509.0,4.20454
88.9167,1568.0,4.43182
89.0833,1593.0,4.43182
89.1667,1594.0,4.60227
89.3333,1550.0,4.60227
89.4167,1482.0,4.31818
89.5833,1428.0,4.31818
89.6667,1367.0,4.43182
89.75,1301.0,4.09091
89.9167,1171.0,4.09091
89.9167,1064.0,4.88636
89.9167,1002.0,4.88636
89.9167,955.0,4.88636
89.9167,959.0,4.88636
90.0833,983.0,4.88636
90.1667,993.0,3.80682
90.3333,1048.0,3.97727
90.5,1139.0,4.20454
90.5833,1229.0,4.77273
90.75,1250.0,4.375
90.8333,1295.0,4.375
91.0,1328.0,4.09091
91.0833,1411.0,5.39773
91.25,1429.0,5.39773
91.3333,1429.0,4.43182
91.5,1428.0,4.26136
91.5833,1432.0,4.54545
91.75,1442.0,4.375
91.8333,1488.0,5.0
92.0,1512.0,4.60227
92.0833,1509.0,3.86364
92.25,1473.0,4.54545
92.4167,1416.0,4.54545
92.5,1400.0,3.86364
92.6667,1398.0,3.86364
92.75,1387.0,4.54545
92.9167,1339.0,4.54545
92.9167,1300.0,4.60227
93.0833,1134.0,4.60227
93.1667,1035.0,4.77273
93.3333,935.0,4.26136
93.4167,773.0,4.54545
93.5833,737.0,4.43182
93.6667,722.0,4.65909
93.8333,712.0,4.65909
93.9167,838.0,4.54545
94.0833,951.0,4.54545
94.25,1019.0,4.54545
94.3333,1093.0,4.82954
94.5,1167.0,4.82954
94.5833,1205.0,4.77273
94.6667,1204.0,4.14773
94.75,1286.0,4.14773
94.9167,1391.0,4.54545
95.0,1513.0,4.54545
95.0,1512.0,4.03409
95.0,1463.0,4.03409
95.1667,1394.0,4.03409
95.25,1356.0,4.26136
95.3333,1314.0,4.26136
95.4167,1282.0,4.375
95.5833,1244.0,4.375
95.75,1177.0,4.375
95.8333,990.0,4.31818
96.0,890.0,4.31818
96.0833,890.0,4.375
96.25,864.0,4.375
96.3333,864.0,3.92045
96.4167,945.0,4.20454
96.4167,993.0,4.20454
96.5,1034.0,1.30682
96.6667,1101.0,4.54545
96.8333,1169.0,4.54545
96.9167,1221.0,4.65909
97.0,1242.0,4.375
97.1667,1274.0,4.375
97.25,1306.0,4.48864
97.4167,1323.0,4.48864
97.5833,1306.0,4.375
97.6667,1297.0,4.20454
97.75,1298.0,4.375
97.9167,1515.0,4.375
98.0,1661.0,4.14773
98.1667,1673.0,4.14773
98.3333,1590.0,4.43182
98.4167,1430.0,4.65909
98.5833,1341.0,4.14773
98.6667,1412.0,4.54545
98.8333,1571.0,4.20454
98.9167,1694.0,4.14773
99.0833,1522.0,4.14773
99.1667,1293.0,4.375
99.3333,1137.0,4.375
99.4167,1061.0,4.31818
99.5833,1049.0,4.31818
99.6667,1007.0,4.09091
99.8333,964.0,4.14773
99.9167,955.0,4.03409
100.0,1015.0,3.69318
100.0,1157.0,3.69318
100.167,1196.0,3.69318
100.25,1221.0,4.20454
100.417,1267.0,4.26136
100.5,1342.0,3.46591
100.667,1462.0,4.14773
100.75,1582.0,4.375
100.917,1608.0,4.31818
101.0,1606.0,4.26136
101.167,1608.0,4.31818
101.25,1608.0,4.43182
101.333,1635.0,3.80682
101.417,1687.0,3.97727
101.417,1791.0,3.97727
101.417,1732.0,3.97727
101.417,1672.0,3.97727
101.5,1666.0,3.97727
101.667,1698.0,4.26136
101.75,1712.0,4.375
101.917,1684.0,4.375
102.0,1650.0,4.71591
102.167,1585.0,4.71591
102.25,1491.0,4.20454
102.417,1399.0,4.20454
102.5,1263.0,5.0
102.583,1174.0,4.31818
102.583,1115.0,4.31818
102.667,1064.0,1.30682
102.75,1057.0,2.27273
102.833,1062.0,2.27273
102.833,1045.0,1.98864
103.0,1074.0,2.21591
103.083,1192.0,4.48864
103.25,1235.0,4.03409
103.333,1278.0,4.60227
103.5,1324.0,4.43182
103.583,1439.0,4.26136
103.75,1455.0,4.31818
103.833,1557.0,4.26136
104.0,1601.0,4.26136
104.083,1616.0,3.97727
104.25,1640.0,4.26136
104.25,1648.0,4.26136
104.25,1638.0,4.26136
104.25,1652.0,4.26136
104.333,1663.0,0.852273
104.417,1688.0,2.27273
104.583,1691.0,3.46591
104.667,1630.0,4.48864
104.833,1443.0,4.43182
104.917,1322.0,4.375
105.0,1322.0,3.86364
105.083,1123.0,3.86364
105.25,1123.0,3.86364
105.333,1003.0,4.48864
105.5,1022.0,4.48864
105.583,1075.0,3.57954
105.667,1110.0,4.09091
105.667,1176.0,4.09091
105.667,1355.0,4.09091
105.833,1367.0,4.09091
105.917,1323.0,4.65909
106.083,1301.0,4.20454
106.167,1425.0,3.92045
106.333,1533.0,3.92045
106.417,1548.0,4.20454
106.583,1551.0,4.54545
106.667,1559.0,4.71591
106.833,1679.0,4.48864
106.917,1722.0,4.88636
107.083,1699.0,4.20454
107.167,1640.0,3.69318
107.333,1576.0,3.86364
107.333,1603.0,4.20454
107.333,1610.0,4.20454
107.417,1585.0,4.20454
107.583,1546.0,4.20454
107.667,1519.0,3.92045
107.833,1499.0,3.92045
107.917,1489.0,4.375
108.0,1486.0,4.09091
108.083,1297.0,3.69318
108.167,1201.0,2.10227
108.333,1178.0,4.43182
108.417,1218.0,4.20454
108.5,1320.0,4.20454
108.583,1343.0,4.94318
108.75,1356.0,4.94318
108.75,1396.0,4.03409
108.833,1448.0,1.875
108.917,1576.0,4.20454
109.0,1628.0,2.21591
109.167,1649.0,4.14773
109.25,1713.0,4.375
109.417,1714.0,4.375
109.5,1757.0,4.20454
109.667,1757.0,4.20454
109.75,1794.0,4.20454
109.75,1773.0,3.92045
109.833,1731.0,1.98864
109.833,1820.0,1.98864
110.0,1892.0,1.98864
110.083,1903.0,4.14773
110.25,1911.0,4.14773
110.333,1930.0,3.80682
110.417,2006.0,3.92045
110.5,2078.0,3.92045
110.667,2092.0,3.92045
110.75,2063.0,4.26136
110.917,1993.0,4.09091
111.0,1893.0,4.65909
111.083,1775.0,3.92045
111.25,1622.0,4.14773
111.333,1440.0,4.14773
111.5,1387.0,4.14773
111.583,1341.0,4.26136
111.583,1304.0,3.63636
111.583,1252.0,3.63636
111.583,1280.0,3.63636
111.667,1377.0,3.63636
111.75,1473.0,4.65909
111.917,1503.0,4.65909
112.0,1520.0,4.71591
112.083,1587.0,3.75
112.25,1657.0,4.03409
112.333,1699.0,4.20454
112.5,1654.0,4.14773
112.583,1602.0,4.14773
112.667,1622.0,3.63636
112.75,1720.0,1.93182
112.833,1794.0,4.14773
112.917,1818.0,4.14773
113.0,1843.0,1.875
113.167,1889.0,3.97727
113.167,1951.0,4.14773
113.167,1952.0,4.14773
113.25,1950.0,4.14773
113.333,2015.0,4.375
113.417,2015.0,4.375
113.5,2049.0,4.03409
113.667,2013.0,4.43182
113.75,1998.0,4.20454
113.833,1939.0,4.20454
113.833,1886.0,1.93182
113.917,1903.0,1.93182
114.0,1949.0,1.42045
114.083,1993.0,3.86364
114.083,2003.0,3.86364
114.083,1956.0,3.86364
114.083,1842.0,3.86364
114.167,1800.0,3.86364
114.333,1803.0,3.86364
114.417,1650.0,4.09091
114.5,1440.0,3.75
114.667,1322.0,3.75
114.75,1277.0,3.63636
114.917,1267.0,3.63636
114.917,1278.0,4.26136
115.0,1314.0,1.875
115.167,1360.0,4.03409
115.25,1452.0,4.03409
115.417,1569.0,3.92045
115.5,1741.0,3.92045
115.5,1811.0,4.03409
115.583,1842.0,4.03409
115.583,1842.0,1.25
115.75,1881.0,1.98864
115.75,1888.0,3.92045
115.833,1868.0,2.10227
116.0,1849.0,2.10227
116.083,1767.0,3.46591
116.25,1682.0,4.375
116.333,1808.0,3.86364
116.417,1911.0,3.63636
116.5,1937.0,3.63636
116.583,1983.0,3.86364
116.667,2049.0,4.03409
116.75,2059.0,3.125
116.833,2067.0,2.04545
117.0,2069.0,2.04545
117.083,2071.0,4.03409
117.167,2071.0,3.97727
117.333,2038.0,3.97727
117.417,1991.0,4.14773
117.417,1933.0,4.14773
117.583,1957.0,4.14773
117.667,1865.0,4.43182
117.833,1755.0,4.43182
117.917,1668.0,4.31818
118.083,1599.0,4.03409
118.167,1627.0,3.52273
118.333,1687.0,4.31818
118.417,1718.0,4.20454
118.417,1726.0,3.97727
118.583,1660.0,3.97727
118.667,1578.0,3.92045
118.667,1572.0,4.09091
118.667,1610.0,4.09091
118.75,1615.0,4.09091
118.75,1581.0,0.795454
118.75,1554.0,0.795454
118.917,1554.0,1.25
119.0,1629.0,4.20454
119.167,1770.0,4.20454
119.25,1844.0,3.97727
119.333,1860.0,4.48864
119.5,1842.0,4.48864
119.583,1814.0,3.75
119.667,1793.0,4.20454
119.833,1815.0,3.75
119.917,1857.0,4.48864
120.083,1883.0,4.48864
120.167,1872.0,4.26136
120.333,1886.0,4.26136
120.417,1903.0,4.26136
120.5,1923.0,4.48864
120.583,1962.0,4.48864
120.75,2022.0,4.48864
120.833,2060.0,4.54545
121.0,2051.0,4.20454
121.083,1918.0,4.20454
121.25,1896.0,4.20454
121.333,1877.0,4.26136
121.417,1845.0,4.31818
121.583,1845.0,4.31818
121.667,1754.0,4.26136
121.75,1669.0,4.09091
121.75,1619.0,4.09091
121.833,1571.0,4.09091
121.833,1511.0,1.02273
121.917,1402.0,1.98864
122.083,1388.0,1.98864
122.167,1428.0,3.86364
122.333,1473.0,3.86364
122.417,1482.0,4.03409
122.5,1480.0,4.03409
122.583,1479.0,4.03409
122.667,1496.0,5.0
122.833,1525.0,5.0
122.917,1607.0,4.43182
122.917,1663.0,4.09091
123.0,1675.0,1.76136
123.0,1659.0,1.76136
123.083,1648.0,1.36364
123.167,1668.0,1.36364
123.167,1706.0,1.98864
123.25,1749.0,1.93182
123.417,1814.0,3.69318
123.5,1927.0,3.57954
123.667,2009.0,3.57954
123.667,2008.0,3.52273
123.833,2075.0,3.52273
123.917,2054.0,4.54545
124.0,1972.0,3.40909
124.167,1914.0,3.97727
124.167,1903.0,5.45454
124.167,2033.0,5.45454
124.25,2128.0,1.19318
124.25,2133.0,1.19318
124.333,2073.0,1.19318
124.417,2018.0,1.02273
124.417,2020.0,3.97727
124.5,2014.0,3.97727
124.583,1988.0,4.14773
124.75,1988.0,4.14773
124.833,1685.0,3.80682
125.0,1685.0,3.80682
125.083,1615.0,3.86364
125.083,1618.0,4.20454
125.25,1674.0,4.20454
125.333,1749.0,4.375
125.417,1731.0,4.09091
125.583,1702.0,4.09091
125.667,1725.0,4.375
125.75,1805.0,3.80682
125.833,1930.0,3.80682
125.833,1984.0,3.80682
125.917,1993.0,1.19318
126.083,1975.0,1.19318
126.167,1981.0,4.03409
126.333,1965.0,4.26136
126.417,1938.0,4.26136
126.5,1922.0,3.52273
126.583,1897.0,3.52273
126.583,1906.0,1.93182
126.75,1933.0,2.10227
126.833,1935.0,4.43182
126.917,1943.0,3.35227
127.083,2109.0,3.92045
127.167,2217.0,4.43182
127.167,2285.0,3.97727
127.25,2288.0,3.97727
127.25,2254.0,1.25
127.333,2229.0,1.875
127.5,2239.0,3.46591
127.583,2283.0,4.14773
127.667,2413.0,3.80682
127.833,2382.0,3.80682
127.917,2190.0,4.48864
128.083,2025.0,3.86364
128.167,1951.0,3.80682
128.25,1977.0,4.09091
128.417,1995.0,4.09091
128.5,1950.0,3.57954
128.583,1884.0,3.86364
128.75,1848.0,3.86364
128.833,1830.0,3.97727
128.833,1776.0,3.80682
128.917,1842.0,1.70455
129.0,1842.0,1.70455
129.0,1950.0,2.04545
129.167,1999.0,2.04545
129.25,2025.0,3.75
129.333,2033.0,3.63636
129.5,2012.0,3.69318
129.583,1988.0,3.69318
129.75,1907.0,3.69318
129.833,1876.0,4.26136
129.917,1942.0,3.69318
130.083,2041.0,3.69318
130.167,2114.0,3.23864
130.25,2116.0,3.97727
130.333,2106.0,3.46591
130.333,2088.0,3.46591
130.417,2120.0,1.30682
130.583,2131.0,3.63636
130.667,2113.0,4.375
130.75,2071.0,3.69318
130.917,1970.0,3.69318
130.917,1987.0,5.0
131.083,2087.0,5.0
131.083,2190.0,4.03409
131.167,2249.0,1.81818
131.333,2168.0,4.31818
131.417,2095.0,4.375
131.5,2096.0,3.75
131.667,2146.0,3.75
131.75,2279.0,3.75
131.833,2351.0,3.75
131.833,2323.0,3.75
131.833,2273.0,3.75
131.833,2263.0,3.75
132.0,2311.0,3.75
132.0,2312.0,3.57954
132.083,2242.0,3.57954
132.167,2156.0,3.92045
132.333,2101.0,3.92045
132.417,2127.0,4.43182
132.5,2173.0,3.23864
132.583,2174.0,3.23864
132.667,2211.0,1.76136
132.75,2121.0,3.80682
132.833,2121.0,3.46591
133.0,2078.0,3.46591
133.083,2064.0,3.69318
133.167,2059.0,3.57954
133.167,2027.0,3.57954
133.167,2011.0,3.57954
133.333,2035.0,3.57954
133.417,2087.0,4.43182
133.5,2193.0,3.40909
133.583,2366.0,3.63636
133.75,2497.0,3.57954
133.833,2552.0,3.23864
133.917,2516.0,3.18182
133.917,2327.0,3.18182
134.0,2313.0,1.76136
134.083,2349.0,3.06818
134.25,2395.0,3.06818
134.333,2382.0,4.43182
134.417,2355.0,3.35227
134.417,2383.0,3.01136
134.5,2426.0,1.59091
134.667,2412.0,1.59091
134.667,2409.0,3.46591
134.667,2446.0,3.46591
134.75,2444.0,3.46591
134.833,2412.0,3.46591
134.833,2401.0,3.46591
135.0,2443.0,3.46591
135.083,2554.0,3.69318
135.167,2567.0,2.95454
135.25,2406.0,3.57954
135.333,2257.0,3.35227
135.417,2276.0,3.75
135.583,2399.0,3.75
135.583,2549.0,4.20454
135.583,2645.0,4.20454
135.667,2629.0,1.07955
135.75,2627.0,3.01136
135.917,2687.0,3.01136
136.0,2805.0,3.125
136.083,2855.0,3.40909
136.083,2804.0,3.06818
136.083,2804.0,3.06818
136.083,2722.0,3.06818
136.167,2625.0,0.852273
136.333,2595.0,3.23864
136.417,2557.0,3.57954
136.5,2522.0,2.72727
136.583,2491.0,3.35227
136.667,2510.0,3.86364
136.75,2559.0,3.29545
136.75,2603.0,3.29545
136.833,2648.0,3.29545
136.917,2676.0,1.13636
136.917,2685.0,2.95454
136.917,2671.0,2.95454
137.083,2616.0,2.95454
137.167,2430.0,3.92045
137.25,2394.0,3.06818
137.333,2430.0,3.18182
137.333,2449.0,3.40909
137.333,2497.0,3.40909
137.333,2622.0,3.40909
137.333,2679.0,3.40909
137.5,2695.0,3.40909
137.583,2684.0,3.80682
137.667,2629.0,2.95454
137.75,2591.0,3.01136
137.833,2590.0,3.18182
137.917,2527.0,3.29545
138.0,2418.0,3.125
138.0,2291.0,3.125
138.083,2267.0,3.125
138.167,2228.0,1.07955
138.25,2174.0,3.18182
138.333,2153.0,3.18182
138.417,2239.0,2.84091
138.5,2379.0,3.35227
138.667,2507.0,3.35227
138.75,2641.0,3.06818
138.833,2711.0,3.35227
138.917,2694.0,3.40909
139.0,2694.0,3.63636
139.167,2694.0,3.63636
139.25,2728.0,3.57954
139.333,2728.0,3.35227
139.417,2749.0,3.35227
139.5,2743.0,2.84091
139.583,2708.0,3.46591
139.75,2650.0,3.35227
139.833,2698.0,3.35227
139.833,2777.0,3.29545
139.833,2779.0,3.29545
139.917,2678.0,3.29545
140.0,2629.0,0.965909
140.083,2674.0,3.23864
140.083,2663.0,3.23864
140.083,2662.0,3.23864
140.083,2555.0,3.23864
140.083,2609.0,3.23864
140.083,2691.0,3.23864
140.083,2739.0,3.23864
140.167,2722.0,0.397727
140.25,2679.0,3.35227
140.333,2713.0,3.35227
140.5,2758.0,3.35227
140.583,2749.0,3.35227
140.667,2667.0,3.75
140.75,2679.0,3.40909
140.917,2661.0,3.35227
141.0,2598.0,3.35227
141.083,2478.0,2.89773
141.083,2422.0,4.14773
141.167,2513.0,1.53409
141.25,2602.0,3.69318
141.417,2623.0,3.69318
141.417,2703.0,3.29545
141.417,2887.0,3.29545
141.5,3067.0,3.29545
141.583,3153.0,3.75
141.583,3023.0,3.75
141.583,2902.0,3.75
141.75,2843.0,3.75
141.833,2812.0,3.18182
141.917,2756.0,3.23864
142.0,2606.0,3.01136
142.083,2517.0,3.18182
142.167,2472.0,3.06818
142.25,2472.0,3.23864
142.333,2418.0,3.18182
142.5,2429.0,3.18182
142.583,2554.0,3.18182
142.667,2685.0,3.18182
142.75,2787.0,3.23864
142.833,2900.0,3.18182
142.917,2967.0,2.95454
143.0,2960.0,3.125
143.0,2916.0,3.125
143.083,2887.0,3.125
143.167,2872.0,1.07955
143.25,2877.0,3.29545
143.333,2843.0,3.18182
143.417,2711.0,3.29545
143.5,2593.0,2.78409
143.583,2647.0,3.06818
143.667,2715.0,3.40909
143.75,2762.0,3.125
143.833,2841.0,3.06818
143.833,2989.0,3.06818
143.917,3036.0,3.06818
144.0,2995.0,1.02273
144.083,2924.0,3.46591
144.083,2846.0,3.46591
144.167,2842.0,1.47727
144.333,2791.0,1.47727
144.333,2719.0,3.18182
144.333,2557.0,3.18182
144.333,2496.0,3.18182
144.333,2520.0,3.18182
144.417,2580.0,0.625
144.5,2659.0,3.18182
144.667,2596.0,3.35227
144.75,2510.0,3.46591
144.833,2527.0,3.18182
144.917,2616.0,3.06818
145.0,2701.0,3.52273
145.167,2658.0,3.52273
145.167,2659.0,3.52273
145.167,2621.0,3.52273
145.25,2683.0,3.52273
145.333,2683.0,1.02273
145.417,2713.0,3.46591
145.5,2678.0,3.29545
145.667,2629.0,3.52273
145.75,2547.0,3.57954
145.833,2655.0,3.23864
145.833,2809.0,3.40909
145.917,2912.0,1.59091
146.0,2936.0,3.35227
146.167,2859.0,3.35227
146.25,2800.0,3.23864
146.25,2744.0,3.06818
146.333,2743.0,3.06818
146.417,2698.0,1.64773
146.5,2640.0,3.35227
146.583,2611.0,3.23864
146.75,2557.0,3.29545
146.833,2511.0,3.29545
146.917,2561.0,3.23864
147.0,2636.0,3.125
147.083,2737.0,3.57954
147.167,2787.0,3.57954
147.167,2675.0,2.61364
147.167,2609.0,2.61364
147.25,2585.0,1.13636
147.25,2539.0,1.13636
147.25,2523.0,1.13636
147.25,2352.0,1.13636
147.333,2335.0,1.13636
147.417,2418.0,0.625
147.417,2511.0,2.5
147.5,2696.0,1.64773
147.583,2872.0,3.57954
147.667,2924.0,2.78409
147.75,2908.0,3.18182
147.75,2860.0,3.18182
147.917,2847.0,3.18182
148.0,2872.0,3.92045
148.083,2841.0,2.84091
148.167,2756.0,3.40909
148.25,2707.0,3.01136
148.333,2617.0,2.89773
148.417,2491.0,2.5
148.5,2491.0,2.95454
148.583,2441.0,2.89773
148.667,2564.0,2.89773
148.75,2618.0,3.01136
148.833,2609.0,3.18182
148.917,2576.0,3.23864
148.917,2571.0,3.23864
149.0,2705.0,1.36364
149.0,2720.0,1.36364
149.167,2700.0,1.59091
149.25,2709.0,3.125
149.333,2733.0,3.06818
149.333,2750.0,2.95454
149.333,2748.0,2.95454
149.333,2731.0,2.95454
149.417,2738.0,0.795454
149.5,2737.0,2.84091
149.583,2693.0,3.06818
149.667,2666.0,3.01136
149.667,2675.0,3.01136
149.667,2850.0,3.01136
149.833,2960.0,3.01136
149.833,2993.0,3.01136
149.917,2990.0,2.67045
149.917,3048.0,2.67045
150.0,3075.0,2.67045
150.083,3047.0,1.02273
150.167,2977.0,3.06818
150.25,2899.0,3.01136
150.333,2845.0,2.89773
150.417,2792.0,3.01136
150.5,2740.0,3.125
150.583,2737.0,2.95454
150.583,2836.0,2.95454
150.667,2927.0,1.42045
150.75,2961.0,3.46591
150.833,2889.0,3.18182
150.917,2767.0,2.84091
151.083,2742.0,2.84091
151.167,2742.0,2.89773
151.167,2726.0,3.06818
151.25,2722.0,3.06818
151.333,2785.0,1.53409
151.417,2785.0,2.89773
151.417,2924.0,3.01136
151.417,2977.0,3.01136
151.417,2952.0,3.01136
151.5,2913.0,0.738636
151.583,2938.0,3.01136
151.667,2926.0,3.23864
151.75,2826.0,3.23864
151.917,2666.0,3.23864
152.0,2655.0,3.80682
152.0,2758.0,2.95454
152.083,2758.0,2.95454
152.167,2827.0,4.20454
152.25,2841.0,2.95454
152.333,2858.0,2.89773
152.417,2944.0,3.18182
152.5,3043.0,2.95454
152.583,3084.0,3.23864
152.75,2971.0,3.23864
152.833,2842.0,4.09091
152.833,2778.0,2.67045
152.833,2821.0,2.67045
152.917,2949.0,1.07955
153.0,2932.0,3.35227
153.0,2896.0,3.35227
153.083,2896.0,1.53409
153.167,2841.0,3.18182
153.333,2850.0,3.18182
153.417,2881.0,3.40909
153.5,2898.0,3.125
153.583,2894.0,3.01136
153.667,2889.0,2.84091
153.75,2872.0,3.92045
153.833,2839.0,3.23864
153.917,2808.0,3.29545
153.917,2806.0,3.29545
154.083,2814.0,3.29545
154.083,2782.0,3.57954
154.167,2705.0,3.57954
154.167,2697.0,1.53409
154.167,2700.0,1.53409
154.167,2679.0,1.53409
154.167,2679.0,1.53409
154.25,2658.0,1.53409
154.333,2693.0,0.511364
154.417,2887.0,3.63636
154.5,3010.0,3.29545
154.583,3048.0,3.23864
154.667,3030.0,3.86364
154.833,2991.0,3.86364
154.917,2960.0,3.69318
155.0,2889.0,3.01136
155.083,2840.0,3.18182
155.167,2730.0,4.09091
155.25,2655.0,3.40909
155.417,2563.0,3.125
155.5,2469.0,3.125
155.583,2446.0,3.52273
155.583,2628.0,3.23864
155.583,2768.0,3.23864
155.583,2900.0,3.23864
155.583,2969.0,3.23864
155.667,2947.0,3.23864
155.75,2973.0,0.511364
155.833,3012.0,3.52273
155.917,3039.0,3.40909
156.0,3039.0,3.06818
156.083,3025.0,3.29545
156.25,2947.0,3.46591
156.25,2859.0,3.69318
156.333,2778.0,3.69318
156.333,2744.0,1.36364
156.417,2755.0,1.36364
156.5,2725.0,3.01136
156.583,2712.0,3.01136
156.667,2769.0,3.29545
156.75,2744.0,2.95454
156.75,2672.0,2.95454
156.75,2660.0,2.95454
156.917,2746.0,2.95454
156.917,2893.0,3.23864
157.0,2904.0,3.23864
157.083,2844.0,1.70455
157.083,2753.0,2.84091
157.167,2624.0,1.53409
157.333,2624.0,1.53409
157.417,2575.0,3.29545
157.5,2566.0,3.125
157.583,2608.0,3.40909
157.583,2710.0,3.23864
157.667,2819.0,1.59091
157.75,2777.0,2.89773
157.75,2731.0,2.89773
157.75,2704.0,2.89773
157.833,2601.0,2.89773
157.833,2523.0,0.795454
157.833,2523.0,0.795454
157.917,2548.0,0.795454
157.917,2536.0,1.07955
157.917,2470.0,1.07955
157.917,2512.0,1.07955
158.0,2677.0,0.795454
158.083,2822.0,3.01136
158.167,2760.0,3.57954
158.25,2708.0,3.57954
158.333,2745.0,1.59091
158.417,2807.0,2.95454
158.5,2731.0,3.29545
158.583,2655.0,3.29545
158.667,2560.0,4.03409
158.75,2562.0,3.01136
158.833,2520.0,3.01136
158.917,2520.0,1.59091
159.0,2530.0,3.97727
159.0,2563.0,3.97727
159.083,2606.0,1.47727
159.167,2679.0,3.01136
159.25,2744.0,2.95454
159.333,2857.0,3.57954
159.333,2978.0,3.57954
159.333,3034.0,3.57954
159.417,2967.0,3.57954
159.5,2868.0,3.40909
159.583,2772.0,2.89773
159.667,2775.0,2.89773
159.75,2874.0,3.40909
159.833,2878.0,3.52273
159.917,2821.0,3.18182
160.083,2821.0,3.18182
160.167,2766.0,3.23864
160.167,2882.0,3.125
160.25,3088.0,3.125
160.333,3174.0,1.36364
160.417,3172.0,3.80682
160.5,3113.0,3.01136
160.583,3007.0,2.84091
160.667,2919.0,3.01136
160.75,2853.0,2.95454
160.833,2677.0,3.01136
160.917,2628.0,3.06818
160.917,2608.0,3.06818
161.0,2591.0,1.47727
161.083,2574.0,2.84091
161.167,2646.0,3.01136
161.25,2763.0,2.55682
161.333,2795.0,3.01136
161.417,2809.0,3.23864
161.583,2864.0,2.95454
161.583,3152.0,2.89773
161.667,3239.0,2.89773
161.75,3168.0,1.59091
161.833,3019.0,2.95454
161.917,2924.0,2.27273
162.0,2896.0,2.95454
162.083,2828.0,2.89773
162.167,2744.0,3.23864
162.25,2777.0,2.78409
162.25,2990.0,2.84091
162.25,3058.0,2.84091
162.25,3057.0,2.84091
162.333,3044.0,2.84091
162.417,3085.0,0.681818
162.5,3123.0,2.78409
162.583,3174.0,2.95454
162.583,3193.0,3.01136
162.583,3158.0,3.01136
162.667,3136.0,3.01136
162.75,2932.0,0.909091
162.833,2807.0,3.35227
162.917,2815.0,2.61364
162.917,2815.0,3.40909
162.917,2960.0,3.40909
162.917,2990.0,3.40909
162.917,2972.0,3.40909
163.0,2930.0,3.40909
163.083,2953.0,0.568182
163.083,3061.0,3.06818
163.167,3140.0,3.06818
163.25,3204.0,1.25
163.333,3307.0,3.40909
163.333,3319.0,2.78409
163.417,3318.0,2.78409
163.5,3137.0,1.47727
163.583,3062.0,3.06818
163.583,3106.0,3.06818
163.667,3096.0,1.53409
163.75,3001.0,3.01136
163.833,2888.0,2.67045
163.917,2840.0,3.57954
164.083,2854.0,3.57954
164.167,2862.0,3.06818
164.167,2893.0,3.06818
164.167,2969.0,3.06818
164.25,3023.0,3.06818
164.333,2990.0,1.02273
164.417,2991.0,3.125
164.5,2841.0,2.84091
164.583,2833.0,3.18182
164.667,2916.0,2.67045
164.75,2953.0,3.69318
164.75,2919.0,3.69318
164.833,2826.0,1.42045
165.0,2784.0,1.42045
165.083,2851.0,3.125
165.167,2931.0,3.29545
165.25,2975.0,3.40909
165.25,2977.0,3.40909
165.333,2947.0,1.53409
165.417,2888.0,3.80682
165.5,2888.0,3.125
165.667,2679.0,3.125
165.75,2636.0,3.63636
165.833,2644.0,3.46591
165.833,2644.0,3.01136
165.917,2659.0,1.70455
165.917,2642.0,1.70455
165.917,2616.0,1.70455
166.083,2604.0,1.70455
166.083,2564.0,3.57954
166.167,2586.0,3.57954
166.25,2870.0,3.46591
166.25,3041.0,3.46591
166.25,3050.0,3.46591
166.417,3015.0,3.46591
166.5,2990.0,3.80682
166.583,2889.0,3.46591
166.667,2800.0,3.35227
166.75,2693.0,3.125
166.917,2579.0,3.125
167.0,2411.0,3.57954
167.083,2363.0,3.52273
167.167,2375.0,3.57954
167.25,2420.0,3.01136
167.333,2531.0,3.01136
167.417,2625.0,1.70455
167.5,2663.0,3.40909
167.583,2709.0,3.52273
167.667,2737.0,3.35227
167.667,2670.0,3.35227
167.75,2545.0,3.35227
167.833,2402.0,3.06818
167.917,2323.0,3.29545
168.083,2360.0,3.29545
168.083,2378.0,3.46591
168.167,2388.0,3.46591
168.25,2389.0,1.64773
168.333,2399.0,4.14773
168.5,2469.0,4.14773
168.583,2531.0,4.09091
168.583,2617.0,3.35227
168.667,2681.0,3.35227
168.75,2841.0,3.63636
168.917,2886.0,3.63636
169.0,2826.0,3.01136
169.083,2726.0,3.92045
169.167,2684.0,2.89773
169.25,2684.0,3.40909
169.25,2727.0,3.40909
169.25,2769.0,3.40909
169.333,2809.0,3.40909
169.417,2806.0,0.795454
169.5,2812.0,3.80682
169.583,2978.0,2.5
169.667,3296.0,3.18182
169.75,3694.0,3.18182
169.75,4222.0,2.61364
169.833,4258.0,2.21591
169.917,4516.0,2.67045
170.0,4761.0,2.15909
170.0,4923.0,2.15909
170.0,4834.0,2.15909
170.083,4722.0,2.15909
170.083,4678.0,0.852273
170.167,4681.0,0.852273
170.167,4596.0,1.36364
170.167,4482.0,1.36364
170.25,4360.0,1.36364
170.25,4263.0,1.02273
170.25,4116.0,1.02273
170.25,3914.0,1.02273
170.25,3912.0,1.02273
170.333,3750.0,0.625
170.333,3703.0,0.625
170.333,3669.0,0.625
170.333,3610.0,0.625
170.333,3594.0,0.625
170.333,3667.0,0.625
170.333,3624.0,0.625
170.333,3328.0,0.625
170.333,3028.0,0.625
170.333,2863.0,0.625
170.333,2894.0,0.625
170.333,3031.0,0.625
170.333,3187.0,0.625
170.333,3187.0,0.625
170.333,3377.0,0.625
170.333,3299.0,0.625
170.333,3181.0,0.625
170.333,3181.0,0.625
170.333,3153.0,0.625
170.333,3238.0,0.625
170.333,3349.0,0.625
170.333,3269.0,0.625
170.333,3208.0,0.625
170.333,3238.0,0.625
170.333,3413.0,0.625
170.333,3655.0,0.625
170.333,3713.0,0.625
170.333,3739.0,0.625
170.333,3737.0,0.625
170.333,3048.0,0.625
170.333,2019.0,0.625
170.333,1103.0,0.625
170.333,511.0,0.625
170.333,123.0,0.625
170.333,0.0,0.625
170.333,0.0,0.625
170.333,0.0,0.625
170.333,0.0,0.625
170.333,0.0,0.625
170.333,0.0,0.625
170.333,0.0,0.625
170.333,0.0,0.625
170.333,0.0,0.625
170.333,0.0,0.625
170.333,0.0,0.625
170.333,0.0,0.625
170.333,0.0,0.625
170.333,0.0,0.625
170.333,0.0,0.625
170.333,0.0,0.625
170.333,0.0,0.625
170.333,0.0,0.625
170.333,72.0,0.625
170.333,214.0,0.625
170.333,270.0,0.625
170.333,281.0,0.625
170.333,217.0,0.625
170.333,92.0,0.625
170.333,21.0,0.625
170.333,0.0,0.625
170.333,0.0,0.625
170.333,0.0,0.625
170.333,0.0,0.625
170.333,0.0,0.625
170.333,0.0,0.625
170.333,0.0,0.625
170.333,26.0,0.625
170.333,42.0,0.625
170.333,43.0,0.625
170.333,22.0,0.625
170.333,14.0,0.625
170.333,0.0,0.625
170.333,0.0,0.625
170.333,0.0,0.625
170.333,4.0,0.625
170.333,9.0,0.625
170.333,9.0,0.625
170.333,2.0,0.625
170.333,0.0,0.625
170.333,0.0,0.625
170.333,0.0,0.0
170.333,0.0,0.0
170.333,0.0,0.0
170.333,0.0,0.0
170.333,0.0,0.0
170.333,0.0,0.0
170.333,0.0,0.0
170.333,0.0,0.0
170.333,0.0,0.0
170.333,1.0,0.0
170.333,2.0,0.0
170.333,5.0,0.0
170.333,4.0,0.0
170.333,3.0,0.0
170.333,4.0,0.0
170.333,5.0,0.0
170.333,12.0,0.0
170.333,11.0,0.0
170.333,11.0,0.0
170.333,7.0,0.0
170.333,1.0,0.0
170.333,0.0,0.0
170.333,0.0,0.0
170.333,0.0,0.0
170.333,1.0,0.0
170.333,3.0,0.0
170.333,5.0,0.0
170.333,3.0,0.0
170.333,0.0,0.0
170.333,0.0,0.0
170.333,0.0,0.0
170.333,0.0,0.0
170.333,0.0,0.0
170.333,0.0,0.0
170.333,0.0,0.0
170.333,0.0,0.0
170.333,0.0,0.0
170.333,0.0,0.0
170.333,0.0,0.0
170.333,0.0,0.0
170.333,0.0,0.0
170.333,0.0,0.0
170.333,0.0,0.0
170.333,0.0,0.0
170.333,0.0,0.0
170.333,0.0,0.0
170.333,0.0,0.0
170.333,0.0,0.0
170.333,0.0,0.0
170.333,0.0,0.0
170.333,0.0,0.0
170.333,0.0,0.0
170.333,0.0,0.0
170.333,0.0,0.0
170.333,0.0,0.0
170.333,0.0,0.0
170.333,0.0,0.0
170.333,0.0,0.0
170.333,0.0,0.0
170.333,0.0,0.0
170.333,0.0,0.0
170.333,0.0,0.0
170.333,0.0,0.0
170.333,0.0,0.0
170.333,0.0,0.0
170.333,0.0,0.0
170.333,0.0,0.0
170.333,0.0,0.0
170.333,0.0,0.0
170.333,0.0,0.0
170.333,0.0,0.0
170.333,0.0,0.0
170.333,0.0,0.0
170.333,0.0,0.0
170.333,0.0,0.0
170.333,0.0,0.0
170.333,0.0,0.0
170.333,0.0,0.0
170.333,0.0,0.0
170.333,0.0,0.0
170.333,0.0,0.0
170.333,0.0,0.0
170.333,0.0,0.0
170.333,0.0,0.0
170.333,0.0,0.0
170.333,0.0,0.0
170.333,0.0,0.0
170.333,0.0,0.0
170.333,0.0,0.0
170.333,0.0,0.0
170.333,0.0,0.0
170.333,0.0,0.0
170.333,0.0,0.0
170.333,0.0,0.0
170.333,0.0,0.0
170.333,0.0,0.0
170.333,0.0,0.0
170.333,0.0,0.0
170.333,0.0,0.0
170.333,0.0,0.0
170.333,0.0,0.0
170.333,0.0,0.0
170.333,0.0,0.0
170.333,0.0,0.0
170.333,0.0,0.0
170.333,0.0,0.0
170.333,0.0,0.0
170.333,0.0,0.0
170.333,0.0,0.0
170.333,0.0,0.0
170.333,0.0,0.0
170.333,0.0,0.0
170.333,0.0,0.0
170.333,0.0,0.0
170.333,0.0,0.0
170.333,0.0,0.0
170.333,0.0,0.0
170.333,0.0,0.0
170.333,0.0,0.0
170.333,0.0,0.0
170.333,0.0,0.0
170.333,0.0,0.0
170.333,0.0,0.0
170.333,0.0,0.0
170.333,0.0,0.0
170.333,0.0,0.0
170.333,0.0,0.0
170.333,0.0,0.0
170.333,0.0,0.0
170.333,0.0,0.0
170.333,0.0,0.0
170.333,0.0,0.0
170.333,0.0,0.0
170.333,0.0,0.0
170.333,0.0,0.0
170.333,0.0,0.0
170.333,0.0,0.0
170.333,0.0,0.0
170.333,0.0,0.0
170.333,0.0,0.0
170.333,0.0,0.0
170.333,0.0,0.0
170.333,0.0,0.0
170.333,0.0,0.0
170.333,0.0,0.0
170.333,0.0,0.0
170.333,0.0,0.0
170.333,0.0,0.0
170.333,0.0,0.0
170.333,0.0,0.0
170.333,0.0,0.0
170.333,0.0,0.0
170.333,0.0,0.0
170.333,0.0,0.0
170.333,0.0,0.0
170.333,0.0,0.0
170.333,0.0,0.0
170.333,0.0,0.0
170.333,0.0,0.0
170.333,0.0,0.0
170.333,0.0,0.0
170.333,0.0,0.0
170.333,0.0,0.0
170.333,0.0,0.0
170.333,0.0,0.0
170.333,0.0,0.0
170.333,0.0,0.0
170.333,0.0,0.0
170.333,0.0,0.0
170.333,0.0,0.0
170.333,0.0,0.0
170.333,0.0,0.0
170.333,0.0,0.0
170.333,0.0,0.0
170.333,0.0,0.0
170.333,0.0,0.0
170.333,0.0,0.0
170.333,0.0,0.0
170.333,0.0,0.0
170.333,0.0,0.0
170.333,0.0,0.0
170.333,0.0,0.0
170.333,0.0,0.0
170.333,0.0,0.0
170.333,0.0,0.0
170.333,0.0,0.0
170.333,0.0,0.0
170.333,0.0,0.0
170.333,0.0,0.0
170.333,0.0,0.0
170.333,0.0,0.0
170.333,0.0,0.0
170.333,0.0,0.0
170.333,0.0,0.0
170.333,0.0,0.0
170.333,0.0,0.0
170.333,0.0,0.0
170.333,0.0,0.0
170.333,0.0,0.0
170.333,0.0,0.0
170.333,0.0,0.0
170.333,0.0,0.0
170.333,0.0,0.0
170.333,0.0,0.0
170.333,0.0,0.0
170.333,0.0,0.0
170.333,0.0,0.0
170.333,0.0,0.0
170.333,0.0,0.0
170.333,0.0,0.0
170.333,0.0,0.0
170.333,0.0,0.0
170.333,0.0,0.0
170.333,0.0,0.0
170.333,0.0,0.0
170.333,0.0,0.0
170.333,0.0,0.0
170.333,0.0,0.0
170.333,0.0,0.0
170.333,0.0,0.0
170.333,0.0,0.0
170.333,0.0,0.0
170.333,0.0,0.0
170.333,0.0,0.0
170.333,0.0,0.0
170.333,0.0,0.0
170.333,0.0,0.0
170.333,0.0,0.0
170.333,0.0,0.0
170.333,0.0,0.0
170.333,0.0,0.0
170.333,0.0,0.0
170.333,0.0,0.0
170.333,0.0,0.0
170.333,0.0,0.0
170.333,0.0,0.0
170.333,0.0,0.0
170.333,0.0,0.0
170.333,0.0,0.0
170.333,0.0,0.0
170.333,0.0,0.0
170.333,0.0,0.0
170.333,0.0,0.0
170.333,0.0,0.0
170.333,0.0,0.0
170.333,0.0,0.0
170.333,0.0,0.0
170.333,0.0,0.0
170.333,0.0,0.0
170.333,0.0,0.0
170.333,0.0,0.0
170.333,0.0,0.0
170.333,0.0,0.0
170.333,0.0,0.0
170.333,0.0,0.0
170.333,0.0,0.0
170.333,0.0,0.0
170.333,0.0,0.0
170.333,0.0,0.0
170.333,0.0,0.0
170.333,0.0,0.0
170.333,0.0,0.0
170.333,0.0,0.0
170.333,0.0,0.0
170.333,0.0,0.0
170.333,0.0,0.0
170.333,0.0,0.0
170.333,1.0,0.0
170.333,0.0,0.0
170.333,0.0,0.0
170.333,0.0,0.0
170.333,0.0,0.0
170.333,0.0,0.0
170.333,0.0,0.0
170.333,0.0,0.0
170.333,0.0,0.0
170.333,0.0,0.0
170.333,0.0,0.0
170.333,0.0,0.0
170.333,0.0,0.0
170.333,0.0,0.0
170.333,0.0,0.0
170.333,0.0,0.0
170.333,0.0,0.0
170.333,0.0,0.0
170.333,0.0,0.0
170.333,0.0,0.0
170.333,0.0,0.0
170.333,0.0,0.0
170.333,0.0,0.0
170.333,0.0,0.0
170.333,0.0,0.0
170.333,0.0,0.0
170.333,0.0,0.0
170.333,0.0,0.0
170.333,0.0,0.0
170.333,0.0,0.0
170.333,0.0,0.0
170.333,0.0,0.0
170.333,0.0,0.0
170.333,0.0,0.0
170.333,0.0,0.0
170.333,0.0,0.0
170.333,0.0,0.0
170.333,0.0,0.0
170.333,0.0,0.0
170.333,0.0,0.0
170.333,0.0,0.0
170.333,0.0,0.0
170.333,0.0,0.0
170.333,0.0,0.0
170.333,0.0,0.0
170.333,0.0,0.0
170.333,0.0,0.0
170.333,0.0,0.0
170.333,0.0,0.0
170.333,0.0,0.0
170.333,0.0,0.0
170.333,0.0,0.0
170.333,0.0,0.0
170.333,0.0,0.0
170.333,0.0,0.0
170.333,0.0,0.0
170.333,0.0,0.0
170.333,0.0,0.0
170.333,0.0,0.0
170.333,0.0,0.0
170.333,0.0,0.0
170.333,0.0,0.0
170.333,0.0,0.0
170.333,0.0,0.0
170.333,0.0,0.0
170.333,0.0,0.0
170.333,0.0,0.0
170.333,0.0,0.0
170.333,0.0,0.0
170.333,0.0,0.0
170.333,0.0,0.0
170.333,0.0,0.0
170.333,0.0,0.0
170.333,0.0,0.0
170.333,0.0,0.0
170.333,0.0,0.0
170.333,0.0,0.0
170.333,0.0,0.0
170.333,0.0,0.0
170.333,0.0,0.0
170.333,0.0,0.0
170.333,0.0,0.0
170.333,0.0,0.0
170.333,0.0,0.0
170.333,0.0,0.0
170.333,0.0,0.0
170.333,0.0,0.0
170.333,0.0,0.0
170.333,0.0,0.0
170.333,0.0,0.0
170.333,0.0,0.0
170.333,0.0,0.0
170.333,0.0,0.0
170.333,0.0,0.0
170.333,0.0,0.0
170.333,0.0,0.0
170.333,0.0,0.0
170.333,0.0,0.0
170.333,0.0,0.0
170.333,0.0,0.0
170.333,0.0,0.0
170.333,0.0,0.0
170.333,0.0,0.0
170.333,0.0,0.0
170.333,0.0,0.0
170.333,0.0,0.0
170.333,0.0,0.0
170.333,0.0,0.0
170.333,0.0,0.0
170.333,0.0,0.0
170.333,0.0,0.0
170.333,0.0,0.0
170.333,0.0,0.0
170.333,0.0,0.0
170.333,0.0,0.0
170.333,0.0,0.0
170.333,0.0,0.0
170.333,0.0,0.0
170.333,0.0,0.0
170.333,0.0,0.0
170.333,0.0,0.0
170.333,0.0,0.0
170.333,0.0,0.0
170.333,0.0,0.0
170.333,0.0,0.0
170.333,0.0,0.0
170.333,0.0,0.0
170.333,0.0,0.0
170.333,0.0,0.0
170.333,0.0,0.0
170.333,0.0,0.0
170.333,0.0,0.0
170.333,0.0,0.0
170.333,0.0,0.0
170.333,0.0,0.0
170.333,0.0,0.0
170.333,0.0,0.0
170.333,0.0,0.0
170.333,0.0,0.0
170.333,0.0,0.0
170.333,0.0,0.0
170.333,0.0,0.0
170.333,0.0,0.0
170.333,0.0,0.0
170.333,0.0,0.0
170.333,0.0,0.0
170.333,0.0,0.0
170.333,0.0,0.0
170.333,0.0,0.0
170.333,0.0,0.0
170.333,0.0,0.0
170.333,0.0,0.0
170.333,0.0,0.0
170.333,0.0,0.0
170.333,0.0,0.0
170.333,0.0,0.0
170.333,0.0,0.0
170.333,0.0,0.0
170.333,0.0,0.0
170.333,0.0,0.0
170.333,0.0,0.0
170.333,0.0,0.0
170.333,0.0,0.0
170.333,0.0,0.0
170.333,0.0,0.0
170.333,0.0,0.0
170.333,0.0,0.0
170.333,0.0,0.0
170.333,0.0,0.0
170.333,0.0,0.0
170.333,0.0,0.0
170.333,0.0,0.0
170.333,0.0,0.0
170.333,0.0,0.0
170.333,0.0,0.0
170.333,0.0,0.0
170.333,0.0,0.0
170.333,0.0,0.0
170.333,0.0,0.0
170.333,0.0,0.0
170.333,0.0,0.0
170.333,0.0,0.0
170.333,0.0,0.0
170.333,0.0,0.0
170.333,0.0,0.0
170.333,0.0,0.0
170.333,0.0,0.0
170.333,0.0,0.0
170.333,0.0,0.0
170.333,0.0,0.0
170.333,0.0,0.0
170.333,0.0,0.0
170.333,0.0,0.0
170.333,0.0,0.0
170.333,0.0,0.0
170.333,0.0,0.0
170.333,0.0,0.0
170.333,0.0,0.0
170.333,0.0,0.0
170.333,0.0,0.0
170.333,0.0,0.0
170.333,0.0,0.0
170.333,0.0,0.0
170.333,0.0,0.0
170.333,0.0,0.0
170.333,0.0,0.0
170.333,0.0,0.0
170.333,0.0,0.0
170.333,0.0,0.0
170.333,0.0,0.0
170.333,0.0,0.0
170.333,0.0,0.0
170.333,0.0,0.0
170.333,0.0,0.0
170.333,0.0,0.0
170.333,0.0,0.0
170.333,0.0,0.0
170.333,0.0,0.0
170.333,0.0,0.0
170.333,0.0,0.0
170.333,0.0,0.0
170.333,0.0,0.0
170.333,0.0,0.0
170.333,0.0,0.0
170.333,0.0,0.0
170.333,0.0,0.0
170.333,0.0,0.0
170.333,0.0,0.0
170.333,0.0,0.0
170.333,0.0,0.0
170.333,0.0,0.0
170.333,0.0,0.0
170.333,0.0,0.0
170.333,0.0,0.0
170.333,0.0,0.0
170.333,0.0,0.0
170.333,0.0,0.0
170.333,0.0,0.0
170.333,0.0,0.0
170.333,0.0,0.0
170.333,0.0,0.0
170.333,0.0,0.0
170.333,0.0,0.0
170.333,0.0,0.0
170.333,0.0,0.0
170.333,0.0,0.0
170.333,0.0,0.0
170.333,0.0,0.0
170.333,0.0,0.0
170.333,0.0,0.0
170.333,0.0,0.0
170.333,0.0,0.0
170.333,0.0,0.0
170.333,0.0,0.0
170.333,0.0,0.0
170.333,0.0,0.0
170.333,0.0,0.0
170.333,0.0,0.0
170.333,0.0,0.0
170.333,0.0,0.0
170.333,0.0,0.0
170.333,0.0,0.0
170.333,0.0,0.0
170.333,0.0,0.0
170.333,0.0,0.0
170.333,0.0,0.0
170.333,0.0,0.0
170.333,0.0,0.0
170.333,0.0,0.0
170.333,0.0,0.0
170.333,0.0,0.0
170.333,0.0,0.0
170.333,0.0,0.0
170.333,0.0,0.0
170.333,0.0,0.0
170.333,0.0,0.0
170.333,0.0,0.0
170.333,0.0,0.0
170.333,0.0,0.0
170.333,0.0,0.0
170.333,0.0,0.0
170.333,0.0,0.0
170.333,0.0,0.0
170.333,0.0,0.0
170.333,0.0,0.0
170.333,0.0,0.0
170.333,0.0,0.0
170.333,0.0,0.0
170.333,0.0,0.0
170.333,0.0,0.0
170.333,0.0,0.0
170.333,0.0,0.0
170.333,0.0,0.0
170.333,0.0,0.0
170.333,0.0,0.0
170.333,0.0,0.0
170.333,0.0,0.0
170.333,0.0,0.0
170.333,0.0,0.0
170.333,0.0,0.0
170.333,0.0,0.0
170.333,0.0,0.0
170.333,0.0,0.0
170.333,0.0,0.0
170.333,0.0,0.0
170.333,0.0,0.0
170.333,0.0,0.0
170.333,0.0,0.0
170.333,0.0,0.0
170.333,0.0,0.0
170.333,0.0,0.0
170.333,0.0,0.0
170.333,0.0,0.0
170.333,0.0,0.0
170.333,0.0,0.0
170.333,0.0,0.0
170.333,0.0,0.0
170.333,0.0,0.0
170.333,0.0,0.0
170.333,0.0,0.0
170.333,0.0,0.0
170.333,0.0,0.0
170.333,0.0,0.0
170.333,0.0,0.0
170.333,0.0,0.0
170.333,0.0,0.0
