0.0,0.0,0.0
0.0,0.0,0.0
0.0,0.0,0.0
0.0,0.0,0.0
0.0,0.0,0.0
0.0,0.0,0.0
0.0,0.0,0.0
0.0,0.0,0.0
0.0,0.0,0.0
0.0,0.0,0.0
0.0,0.0,0.0
0.0,0.0,0.0
0.0,0.0,0.0
0.0,0.0,0.0
0.0,0.0,0.0
0.0,0.0,0.0
0.0,0.0,0.0
0.0,0.0,0.0
0.0,0.0,0.0
0.0,0.0,0.0
0.0,0.0,0.0
0.0,0.0,0.0
0.0,0.0,0.0
0.0,0.0,0.0
0.0,0.0,0.0
0.0,0.0,0.0
0.0,0.0,0.0
0.0,0.0,0.0
0.0,0.0,0.0
0.0,0.0,0.0
0.0,0.0,0.0
0.0,0.0,0.0
0.0,0.0,0.0
0.0,0.0,0.0
0.0,0.0,0.0
0.0,0.0,0.0
0.0,0.0,0.0
0.0,0.0,0.0
0.0,0.0,0.0
0.0,0.0,0.0
0.0,0.0,0.0
0.0,0.0,0.0
0.0,0.0,0.0
0.0,0.0,0.0
0.0,0.0,0.0
0.0,0.0,0.0
0.0,0.0,0.0
0.0,0.0,0.0
0.0,0.0,0.0
0.0,0.0,0.0
0.0,0.0,0.0
0.0,0.0,0.0
0.0,0.0,0.0
0.0,0.0,0.0
0.0,0.0,0.0
0.0,0.0,0.0
0.0,0.0,0.0
0.0,0.0,0.0
0.0,0.0,0.0
0.0,0.0,0.0
0.0,0.0,0.0
0.0,0.0,0.0
0.0,0.0,0.0
0.0,0.0,0.0
0.0,0.0,0.0
0.0,0.0,0.0
0.0,0.0,0.0
0.0,0.0,0.0
0.0,0.0,0.0
0.0,0.0,0.0
0.0,0.0,0.0
0.0,0.0,0.0
0.0,0.0,0.0
0.0,0.0,0.0
0.0,0.0,0.0
0.0,0.0,0.0
0.0,0.0,0.0
0.0,0.0,0.0
0.0,0.0,0.0
0.0,0.0,0.0
0.0,0.0,0.0
0.0,0.0,0.0
0.0,0.0,0.0
0.0,0.0,0.0
0.0,0.0,0.0
0.0,0.0,0.0
0.0,0.0,0.0
0.0,0.0,0.0
0.0,0.0,0.0
0.0,0.0,0.0
0.0,0.0,0.0
0.0,0.0,0.0
0.0,0.0,0.0
0.0,0.0,0.0
0.0,0.0,0.0
0.0,0.0,0.0
0.0,0.0,0.0
0.0,0.0,0.0
0.0,0.0,0.0
0.0,0.0,0.0
0.0,0.0,0.0
0.0,0.0,0.0
0.0,0.0,0.0
0.0,0.0,0.0
0.0,0.0,0.0
0.0,0.0,0.0
0.0,0.0,0.0
0.0,0.0,0.0
0.0,0.0,0.0
0.0,0.0,0.0
0.0,0.0,0.0
0.0,0.0,0.0
0.0,0.0,0.0
0.0,0.0,0.0
0.0,0.0,0.0
0.0,0.0,0.0
0.0,0.0,0.0
0.0,0.0,0.0
0.0,0.0,0.0
0.0,0.0,0.0
0.0,0.0,0.0
0.0,0.0,0.0
0.0,0.0,0.0
0.0,0.0,0.0
0.0,0.0,0.0
0.0,0.0,0.0
0.0,0.0,0.0
0.0,0.0,0.0
0.0,0.0,0.0
0.0,0.0,0.0
0.0,0.0,0.0
0.0,0.0,0.0
0.0,0.0,0.0
0.0,0.0,0.0
0.0,0.0,0.0
0.0,0.0,0.0
0.0,0.0,0.0
0.0,0.0,0.0
0.0,0.0,0.0
0.0,0.0,0.0
0.0,0.0,0.0
0.0,0.0,0.0
0.0,0.0,0.0
0.0,0.0,0.0
0.0,0.0,0.0
0.0,0.0,0.0
0.0,0.0,0.0
0.0,0.0,0.0
0.0,0.0,0.0
0.0,0.0,0.0
0.0,0.0,0.0
0.0,0.0,0.0
0.0,0.0,0.0
0.0,0.0,0.0
0.0,0.0,0.0
0.0,0.0,0.0
0.0,0.0,0.0
0.0,0.0,0.0
0.0,0.0,0.0
0.0,0.0,0.0
0.0,0.0,0.0
0.0,0.0,0.0
0.0,0.0,0.0
0.0,0.0,0.0
0.0,0.0,0.0
0.0,0.0,0.0
0.0,0.0,0.0
0.0,0.0,0.0
0.0,0.0,0.0
0.0,0.0,0.0
0.0,0.0,0.0
0.0,0.0,0.0
0.0,0.0,0.0
0.0,0.0,0.0
0.0,0.0,0.0
0.0,0.0,0.0
0.0,0.0,0.0
0.0,0.0,0.0
0.0,0.0,0.0
0.0,0.0,0.0
0.0,0.0,0.0
0.0,0.0,0.0
0.0,0.0,0.0
0.0,0.0,0.0
0.0,0.0,0.0
0.0,0.0,0.0
0.0,0.0,0.0
0.0,0.0,0.0
0.0,0.0,0.0
0.0,0.0,0.0
0.0,0.0,0.0
0.0,0.0,0.0
0.0,0.0,0.0
0.0,0.0,0.0
0.0,0.0,0.0
0.0,0.0,0.0
0.0,0.0,0.0
0.0,0.0,0.0
0.0,0.0,0.0
0.0,0.0,0.0
0.0,0.0,0.0
0.0,0.0,0.0
0.0,0.0,0.0
0.0,0.0,0.0
0.0,0.0,0.0
0.0,0.0,0.0
0.0,0.0,0.0
0.0,0.0,0.0
0.0,0.0,0.0
0.0,0.0,0.0
0.0,0.0,0.0
0.0,0.0,0.0
0.0,0.0,0.0
0.0,0.0,0.0
0.0,0.0,0.0
0.0,0.0,0.0
0.0,0.0,0.0
0.0,0.0,0.0
0.0,0.0,0.0
0.0,0.0,0.0
0.0,0.0,0.0
0.0,0.0,0.0
0.0,0.0,0.0
0.0,0.0,0.0
0.0,0.0,0.0
0.0,0.0,0.0
0.0,0.0,0.0
0.0,0.0,0.0
0.0,0.0,0.0
0.0,0.0,0.0
0.0,0.0,0.0
0.0,0.0,0.0
0.0,0.0,0.0
0.0,0.0,0.0
0.0,0.0,0.0
0.0,0.0,0.0
0.0,0.0,0.0
0.0,0.0,0.0
0.0,0.0,0.0
0.0,0.0,0.0
0.0,0.0,0.0
0.0,0.0,0.0
0.0,0.0,0.0
0.0,0.0,0.0
0.0,0.0,0.0
0.0,0.0,0.0
0.0,0.0,0.0
0.0,0.0,0.0
0.0,0.0,0.0
0.0,0.0,0.0
0.0,0.0,0.0
0.0,0.0,0.0
0.0,0.0,0.0
0.0,0.0,0.0
0.0,0.0,0.0
0.0,0.0,0.0
0.0,0.0,0.0
0.0,0.0,0.0
0.0,0.0,0.0
0.0,0.0,0.0
0.0,0.0,0.0
0.0,0.0,0.0
0.0,0.0,0.0
0.0,0.0,0.0
0.0,0.0,0.0
0.0,0.0,0.0
0.0,0.0,0.0
0.0,0.0,0.0
0.0,0.0,0.0
0.0,0.0,0.0
0.0,0.0,0.0
0.0,0.0,0.0
0.0,0.0,0.0
0.0,0.0,0.0
0.0,0.0,0.0
0.0,0.0,0.0
0.0,0.0,0.0
0.0,0.0,0.0
0.0,0.0,0.0
0.0,0.0,0.0
0.0,0.0,0.0
0.0,0.0,0.0
0.0,0.0,0.0
0.0,0.0,0.0
0.0,0.0,0.0
0.0,0.0,0.0
0.0,0.0,0.0
0.0,0.0,0.0
0.0,0.0,0.0
0.0,0.0,0.0
0.0,0.0,0.0
0.0,0.0,0.0
0.0,0.0,0.0
0.0,0.0,0.0
0.0,0.0,0.0
0.0,0.0,0.0
0.0,0.0,0.0
0.0,0.0,0.0
0.0,0.0,0.0
0.0,0.0,0.0
0.0,0.0,0.0
0.0,0.0,0.0
0.0,0.0,0.0
0.0,0.0,0.0
0.0,1113.0,0.0
0.0,1171.0,0.0
0.0,739.0,0.0
0.0,396.0,0.0
0.0,164.0,0.0
0.0,68.0,0.0
0.0,88.0,0.0
0.0,166.0,0.0
0.0,276.0,0.0
0.0,316.0,0.0
0.0,279.0,0.0
0.0,255.0,0.0
0.0,194.0,0.0
0.0,160.0,0.0
0.0,103.0,0.0
0.0,112.0,0.0
0.0,112.0,0.0
0.0,156.0,0.0
0.0,221.0,0.0
0.0,324.0,0.0
0.0,306.0,0.0
0.0,257.0,0.0
0.0,196.0,0.0
0.0,195.0,0.0
0.0,336.0,0.0
0.0,509.0,0.0
0.0,681.0,0.0
0.0,818.0,0.113636
0.0,765.0,0.113636
0.0,669.0,0.113636
0.0,624.0,0.113636
0.0,717.0,0.113636
0.0,1449.0,0.113636
0.0,2002.0,0.113636
0.0,2326.0,0.113636
0.0833333,2450.0,0.113636
0.0833333,2577.0,0.113636
0.0833333,2909.0,0.113636
0.0833333,3201.0,0.113636
0.0833333,3438.0,0.113636
0.166667,3524.0,0.113636
0.166667,3613.0,0.113636
0.166667,3509.0,0.113636
0.166667,3476.0,0.113636
0.166667,3467.0,0.113636
0.166667,3448.0,0.113636
0.166667,3398.0,0.113636
0.166667,3324.0,0.113636
0.166667,3244.0,0.113636
0.166667,3096.0,0.113636
0.166667,2902.0,0.113636
0.166667,2813.0,0.113636
0.166667,2687.0,0.113636
0.166667,2538.0,0.113636
0.166667,2420.0,0.113636
0.166667,2417.0,0.113636
0.166667,2330.0,0.113636
0.166667,2213.0,0.113636
0.25,2034.0,0.170455
0.333333,2034.0,0.170455
0.333333,1924.0,1.59091
0.333333,1897.0,1.59091
0.333333,1910.0,1.59091
0.333333,1964.0,1.59091
0.333333,2039.0,1.59091
0.333333,2068.0,1.59091
0.333333,2133.0,1.59091
0.333333,2242.0,1.59091
0.416667,2394.0,0.340909
0.5,2519.0,0.340909
0.5,2520.0,2.10227
0.5,2680.0,2.10227
0.583333,2854.0,2.10227
0.583333,2995.0,0.852273
0.583333,3055.0,0.852273
0.666667,3092.0,1.19318
0.75,3085.0,1.19318
0.833333,3014.0,1.81818
0.833333,2914.0,2.44318
0.916667,2832.0,2.10227
1.0,2781.0,2.10227
1.08333,2647.0,2.38636
1.08333,2566.0,2.32954
1.08333,2545.0,2.32954
1.16667,2546.0,1.25
1.25,2673.0,2.55682
1.33333,2758.0,2.67045
1.41667,2771.0,2.38636
1.5,2766.0,3.23864
1.58333,2758.0,2.72727
1.58333,2768.0,2.72727
1.58333,2785.0,2.72727
1.66667,2827.0,0.909091
1.66667,2848.0,0.909091
1.75,2732.0,1.59091
1.91667,2561.0,3.125
2.0,2518.0,3.125
2.0,2479.0,3.125
2.08333,2478.0,3.125
2.16667,2250.0,3.69318
2.25,2166.0,3.35227
2.41667,2166.0,3.35227
2.5,2101.0,3.18182
2.5,2021.0,3.06818
2.58333,1850.0,1.93182
2.75,1799.0,3.46591
2.75,1819.0,4.09091
2.75,1844.0,4.09091
2.83333,1864.0,4.09091
3.0,1922.0,4.09091
3.08333,1923.0,3.75
3.16667,1892.0,3.69318
3.16667,1857.0,3.52273
3.16667,1842.0,3.52273
3.25,1831.0,0.965909
3.41667,1847.0,0.965909
3.5,1875.0,3.75
3.66667,1880.0,4.20454
3.75,1851.0,4.65909
3.91667,1803.0,4.26136
4.0,1764.0,4.03409
4.08333,1708.0,3.75
4.25,1440.0,3.80682
4.33333,1215.0,4.375
4.5,1034.0,4.03409
4.58333,974.0,3.63636
4.58333,848.0,3.75
4.58333,653.0,3.75
4.58333,490.0,3.75
4.58333,373.0,3.75
4.75,283.0,3.75
4.75,255.0,4.65909
4.91667,289.0,4.65909
5.0,330.0,4.71591
5.16667,357.0,4.71591
5.25,496.0,4.31818
5.33333,650.0,3.86364
5.41667,785.0,2.10227
5.5,841.0,3.75
5.58333,791.0,3.75
5.58333,765.0,1.93182
5.66667,1130.0,1.93182
5.75,1486.0,4.48864
5.83333,1530.0,4.48864
5.83333,1530.0,1.98864
5.83333,1248.0,1.98864
5.91667,1139.0,1.98864
6.08333,979.0,4.09091
6.16667,870.0,4.71591
6.25,853.0,3.92045
6.33333,862.0,4.94318
6.41667,963.0,4.94318
6.5,1267.0,4.77273
6.58333,1465.0,4.77273
6.75,1407.0,4.77273
6.83333,1408.0,4.71591
6.83333,1286.0,4.03409
6.91667,1482.0,1.98864
6.91667,1807.0,1.98864
6.91667,1700.0,1.98864
7.0,1649.0,1.98864
7.16667,1754.0,4.03409
7.25,1838.0,4.26136
7.41667,1667.0,4.20454
7.5,1515.0,4.09091
7.66667,1479.0,4.31818
7.75,1572.0,4.26136
7.91667,1769.0,4.26136
8.0,1775.0,3.80682
8.16667,1772.0,4.31818
8.16667,1767.0,4.48864
8.25,1701.0,4.48864
8.33333,1671.0,4.14773
8.33333,1663.0,4.14773
8.41667,1677.0,4.14773
8.41667,1665.0,1.13636
8.58333,1617.0,2.32954
8.66667,1586.0,3.97727
8.83333,1559.0,4.31818
9.0,1496.0,4.60227
9.08333,1299.0,4.48864
9.25,1224.0,4.43182
9.33333,1102.0,4.54545
9.41667,1102.0,4.31818
9.5,996.0,4.65909
9.58333,848.0,4.26136
9.66667,800.0,2.27273
9.66667,800.0,2.27273
9.75,889.0,1.36364
9.83333,854.0,1.36364
9.91667,711.0,4.26136
10.0833,818.0,4.26136
10.1667,1042.0,4.48864
10.3333,1235.0,4.48864
10.4167,1237.0,4.88636
10.5833,1213.0,4.88636
10.6667,1280.0,4.14773
10.75,1403.0,4.14773
10.9167,1470.0,4.14773
10.9167,1627.0,4.43182
10.9167,1685.0,4.43182
10.9167,1720.0,4.43182
10.9167,1732.0,4.43182
11.0,1774.0,4.43182
11.0833,1767.0,0.625
11.1667,1723.0,2.15909
11.3333,1688.0,3.80682
11.4167,1685.0,4.60227
11.5833,1675.0,4.60227
11.6667,1635.0,4.26136
11.6667,1616.0,4.14773
11.75,1588.0,4.14773
11.8333,1531.0,4.43182
12.0,1462.0,4.43182
12.0833,1371.0,4.20454
12.25,1308.0,4.20454
12.3333,1257.0,4.09091
12.5,1259.0,4.09091
12.5,1318.0,4.88636
12.5,1347.0,4.88636
12.6667,1382.0,4.88636
12.8333,1470.0,4.65909
12.9167,1577.0,3.97727
13.0,1653.0,5.28409
13.0833,1664.0,5.28409
13.1667,1659.0,5.22727
13.25,1772.0,5.22727
13.4167,1815.0,5.22727
13.5,1790.0,4.60227
13.6667,1790.0,4.26136
13.75,1845.0,4.26136
13.75,1972.0,4.20454
13.8333,1993.0,4.20454
14.0,1919.0,4.77273
14.0833,1796.0,4.77273
14.25,1684.0,4.20454
14.4167,1542.0,4.20454
14.5,1408.0,4.31818
14.5,1377.0,4.26136
14.6667,1195.0,4.26136
14.8333,1168.0,4.82954
14.9167,1036.0,4.31818
15.0833,1007.0,4.31818
15.1667,876.0,4.14773
15.25,698.0,4.48864
15.25,754.0,4.48864
15.3333,872.0,4.48864
15.3333,939.0,1.07955
15.4167,856.0,2.15909
15.5833,868.0,2.32954
15.6667,997.0,5.22727
15.75,1160.0,4.31818
15.8333,1279.0,4.31818
15.8333,1310.0,1.59091
16.0,1310.0,2.10227
16.0,1375.0,4.82954
16.1667,1355.0,4.82954
16.25,1299.0,4.375
16.4167,1249.0,4.375
16.5,1158.0,4.48864
16.5833,1047.0,4.60227
16.75,942.0,4.65909
16.9167,898.0,4.65909
17.0,812.0,4.60227
17.1667,666.0,4.60227
17.25,457.0,4.71591
17.4167,321.0,4.71591
17.5833,226.0,4.54545
17.6667,228.0,5.22727
17.8333,277.0,4.375
17.8333,343.0,4.375
17.8333,331.0,4.375
17.8333,331.0,4.375
17.8333,322.0,4.375
17.8333,383.0,4.375
18.0,573.0,4.375
18.0833,605.0,4.375
18.25,578.0,4.375
18.3333,645.0,4.60227
18.5,907.0,4.60227
18.6667,1224.0,4.60227
18.75,1206.0,4.77273
18.9167,1127.0,4.77273
19.0,1125.0,4.54545
19.0,921.0,4.54545
19.0,787.0,4.54545
19.0,693.0,4.54545
19.0833,622.0,4.54545
19.25,484.0,4.54545
19.25,346.0,4.82954
19.4167,263.0,4.82954
19.5,202.0,4.60227
19.6667,151.0,4.60227
19.75,115.0,5.17045
19.9167,128.0,5.17045
20.0833,173.0,4.43182
20.1667,345.0,6.02273
20.3333,383.0,6.02273
20.5,403.0,6.02273
20.5833,504.0,5.0
20.5833,633.0,4.20454
20.6667,707.0,4.20454
20.8333,845.0,4.375
20.8333,1010.0,4.43182
21.0,1137.0,4.43182
21.0833,1134.0,4.71591
21.25,960.0,4.71591
21.3333,924.0,4.60227
21.5,904.0,4.60227
21.5833,821.0,4.48864
21.5833,694.0,2.15909
21.75,566.0,2.44318
21.8333,477.0,4.94318
21.8333,413.0,4.94318
21.8333,332.0,4.94318
21.9167,332.0,4.94318
22.0,209.0,4.60227
22.0833,190.0,4.60227
22.1667,196.0,2.21591
22.25,211.0,2.21591
22.4167,320.0,4.48864
22.5,385.0,4.60227
22.5833,454.0,4.60227
22.6667,538.0,4.48864
22.8333,630.0,4.48864
23.0,720.0,4.48864
23.0833,834.0,5.0
23.0833,897.0,5.0
23.0833,987.0,5.0
23.1667,1227.0,5.0
23.25,1226.0,4.43182
23.4167,1150.0,4.43182
23.5,1105.0,3.92045
23.6667,1035.0,5.0
23.8333,966.0,4.48864
23.9167,916.0,4.48864
24.0,839.0,4.26136
24.0833,754.0,3.97727
24.1667,627.0,4.48864
24.1667,624.0,4.48864
24.3333,512.0,4.48864
24.3333,463.0,4.26136
24.5,481.0,4.26136
24.5,588.0,4.88636
24.6667,652.0,4.88636
24.6667,677.0,4.43182
24.8333,750.0,4.43182
24.9167,863.0,4.14773
25.0833,1036.0,4.54545
25.1667,1245.0,3.69318
25.3333,1385.0,4.31818
25.5,1346.0,4.31818
25.5833,1314.0,4.54545
25.75,1314.0,4.60227
25.75,1345.0,4.71591
25.8333,1423.0,4.71591
25.9167,1437.0,4.48864
26.0,1437.0,4.48864
26.1667,1418.0,4.48864
26.1667,1459.0,5.0
26.3333,1478.0,5.0
26.4167,1314.0,3.97727
26.5833,1200.0,4.60227
26.6667,1109.0,4.48864
26.8333,1028.0,4.65909
27.0,906.0,4.65909
27.0833,836.0,4.88636
27.1667,734.0,4.14773
27.25,734.0,3.52273
27.4167,502.0,3.52273
27.5,498.0,4.88636
27.6667,613.0,4.88636
27.75,690.0,4.60227
27.9167,696.0,4.60227
28.0,815.0,4.54545
28.1667,946.0,4.48864
28.3333,1023.0,5.11364
28.4167,1052.0,5.11364
28.5,1127.0,4.09091
28.6667,1221.0,4.88636
28.6667,1256.0,4.88636
28.8333,1288.0,4.88636
29.0,1314.0,4.31818
29.0,1363.0,4.03409
29.0,1297.0,4.03409
29.0,1262.0,4.03409
29.1667,1336.0,4.03409
29.1667,1237.0,4.20454
29.25,1059.0,2.32954
29.4167,958.0,2.32954
29.5,923.0,3.97727
29.6667,811.0,4.31818
29.75,708.0,4.94318
29.8333,644.0,4.94318
29.8333,596.0,1.93182
29.9167,578.0,1.93182
30.0,649.0,4.77273
30.0833,742.0,4.77273
30.0833,828.0,1.875
30.1667,882.0,1.875
30.1667,882.0,1.42045
30.3333,996.0,2.10227
30.3333,1100.0,4.82954
30.5,1169.0,4.82954
30.5833,1236.0,4.26136
30.75,1334.0,4.26136
30.9167,1372.0,4.26136
31.0,1372.0,4.14773
31.0833,1459.0,6.42045
31.1667,1520.0,6.42045
31.3333,1620.0,5.11364
31.4167,1573.0,4.375
31.5833,1484.0,4.375
31.6667,1402.0,4.48864
31.6667,1261.0,4.48864
31.75,1118.0,4.48864
31.75,980.0,1.07955
31.9167,853.0,2.32954
32.0,754.0,4.09091
32.1667,677.0,4.14773
32.3333,636.0,4.14773
32.4167,529.0,4.20454
32.5,431.0,4.54545
32.5833,444.0,2.21591
32.6667,455.0,3.97727
32.75,637.0,3.97727
32.9167,732.0,3.97727
32.9167,809.0,4.14773
32.9167,964.0,4.14773
33.0,1029.0,4.14773
33.0833,1046.0,4.54545
33.0833,1154.0,4.54545
33.25,1575.0,4.54545
33.3333,1609.0,4.26136
33.5,1548.0,4.26136
33.6667,1561.0,4.375
33.6667,1680.0,4.48864
33.75,1746.0,2.15909
33.8333,1746.0,2.15909
34.0,1630.0,2.27273
34.0833,1387.0,4.14773
34.25,1128.0,4.60227
34.3333,1030.0,4.03409
34.3333,1030.0,4.03409
34.4167,932.0,1.47727
34.5,843.0,1.47727
34.5833,767.0,3.75
34.75,770.0,4.375
34.9167,777.0,4.31818
35.0,778.0,4.26136
35.1667,845.0,4.20454
35.25,952.0,4.54545
35.3333,995.0,3.97727
35.4167,995.0,4.03409
35.5,1085.0,2.10227
35.5,1240.0,2.10227
35.5833,1304.0,1.42045
35.6667,1359.0,4.03409
35.8333,1323.0,4.03409
35.8333,1189.0,4.43182
35.9167,1284.0,4.43182
36.0,1436.0,4.20454
36.1667,1525.0,4.65909
36.3333,1602.0,4.65909
36.4167,1690.0,4.77273
36.5833,1686.0,4.48864
36.5833,1672.0,4.31818
36.75,1671.0,4.31818
36.9167,1509.0,4.71591
36.9167,1418.0,4.31818
37.0,1340.0,2.32954
37.0833,1218.0,2.32954
37.25,948.0,2.32954
37.3333,729.0,4.09091
37.3333,748.0,4.31818
37.4167,825.0,4.31818
37.5833,873.0,4.31818
37.6667,922.0,4.20454
37.75,1004.0,4.20454
37.75,1084.0,1.93182
37.8333,1130.0,2.21591
37.9167,1157.0,2.38636
38.0833,1265.0,2.38636
38.0833,1423.0,3.97727
38.0833,1553.0,3.97727
38.1667,1553.0,1.07955
38.3333,1615.0,4.375
38.5,1666.0,4.375
38.5833,1743.0,4.65909
38.75,1803.0,4.60227
38.8333,1820.0,4.26136
39.0,1769.0,4.20454
39.0,1742.0,4.20454
39.1667,1717.0,4.20454
39.25,1698.0,4.43182
39.3333,1596.0,2.44318
39.5,1387.0,4.03409
39.5833,1240.0,4.375
39.6667,1116.0,4.26136
39.75,1001.0,4.26136
39.8333,849.0,1.875
39.9167,802.0,2.38636
40.0833,798.0,3.92045
40.1667,801.0,4.60227
40.3333,822.0,4.60227
40.4167,874.0,4.88636
40.5833,947.0,4.88636
40.6667,1040.0,4.20454
40.8333,1148.0,4.14773
40.9167,1213.0,4.88636
41.0,1359.0,4.03409
41.0833,1436.0,4.03409
41.25,1463.0,4.65909
41.3333,1535.0,4.43182
41.3333,1576.0,4.43182
41.3333,1631.0,4.43182
41.4167,1677.0,1.02273
41.5833,1716.0,2.5
41.6667,1700.0,4.94318
41.8333,1625.0,4.94318
41.9167,1531.0,5.05682
42.0833,1456.0,5.05682
42.25,1360.0,4.54545
42.3333,1355.0,4.43182
42.5,1138.0,4.43182
42.5833,979.0,4.26136
42.6667,979.0,4.26136
42.6667,1018.0,2.21591
42.6667,1018.0,2.21591
42.8333,1025.0,2.21591
42.9167,1035.0,4.375
42.9167,1081.0,4.375
43.0,1164.0,4.375
43.1667,1230.0,4.65909
43.25,1294.0,4.88636
43.4167,1350.0,4.65909
43.5,1496.0,4.48864
43.5833,1621.0,5.0
43.6667,1619.0,2.10227
43.8333,1544.0,2.10227
43.8333,1611.0,3.75
44.0,1663.0,3.75
44.0,1625.0,4.03409
44.0,1536.0,4.03409
44.0833,1466.0,1.07955
44.25,1570.0,1.07955
44.4167,1561.0,3.86364
44.5,1408.0,4.94318
44.6667,1217.0,4.77273
44.75,1028.0,4.48864
44.8333,953.0,4.88636
44.9167,793.0,2.04545
45.0833,792.0,2.04545
45.1667,716.0,4.26136
45.25,660.0,2.38636
45.3333,548.0,3.86364
45.4167,499.0,3.86364
45.5833,587.0,3.86364
45.5833,826.0,4.14773
45.75,992.0,4.14773
45.8333,1219.0,4.88636
46.0,1370.0,4.26136
46.0833,1295.0,4.60227
46.25,1301.0,4.60227
46.4167,1380.0,4.54545
46.5,1437.0,5.11364
46.6667,1444.0,5.11364
46.6667,1547.0,4.71591
46.75,1600.0,1.98864
46.75,1517.0,1.98864
46.8333,1376.0,1.98864
47.0,1376.0,1.98864
47.0833,1222.0,4.48864
47.0833,1154.0,4.48864
47.1667,1090.0,1.42045
47.3333,1029.0,4.375
47.5,936.0,4.65909
47.5833,865.0,4.31818
47.75,889.0,4.31818
47.8333,869.0,4.375
48.0,815.0,4.54545
48.0833,809.0,4.60227
48.1667,826.0,5.05682
48.1667,822.0,5.05682
48.3333,847.0,5.05682
48.3333,1141.0,4.60227
48.4167,1232.0,4.60227
48.4167,1158.0,1.42045
48.5833,1128.0,1.93182
48.6667,1194.0,4.43182
48.8333,1500.0,4.43182
48.9167,1677.0,4.77273
49.0,1681.0,4.77273
49.1667,1600.0,4.77273
49.25,1579.0,4.31818
49.4167,1606.0,4.48864
49.5,1518.0,3.46591
49.5833,1341.0,4.48864
49.6667,1166.0,2.21591
49.6667,1157.0,2.21591
49.75,1142.0,1.42045
49.9167,1050.0,3.92045
50.0,894.0,4.375
50.1667,666.0,4.375
50.3333,644.0,4.375
50.4167,651.0,5.22727
50.5,687.0,4.48864
50.5833,829.0,4.48864
50.75,876.0,4.48864
50.8333,922.0,4.31818
50.9167,938.0,4.54545
51.0,1089.0,2.15909
51.1667,1299.0,3.92045
51.1667,1299.0,5.11364
51.1667,1227.0,5.11364
51.25,1223.0,5.11364
51.4167,1337.0,5.11364
51.5,1565.0,4.71591
51.6667,1572.0,4.48864
51.75,1509.0,4.43182
51.9167,1470.0,4.43182
52.0833,1568.0,4.60227
52.1667,1651.0,4.31818
52.3333,1652.0,4.48864
52.4167,1462.0,4.375
52.5833,1284.0,4.375
52.6667,1094.0,4.14773
52.75,965.0,4.14773
52.8333,848.0,4.03409
53.0,786.0,4.26136
53.0833,730.0,4.88636
53.1667,606.0,2.21591
53.25,565.0,4.65909
53.4167,696.0,4.65909
53.5833,989.0,4.65909
53.6667,1142.0,4.43182
53.75,1167.0,4.26136
53.8333,1167.0,3.92045
54.0,1315.0,3.92045
54.0833,1462.0,4.31818
54.0833,1471.0,4.09091
54.0833,1459.0,4.09091
54.1667,1481.0,1.07955
54.1667,1613.0,1.07955
54.1667,1779.0,1.07955
54.3333,1854.0,1.07955
54.4167,1848.0,5.11364
54.5,1773.0,1.98864
54.5833,1677.0,4.31818
54.75,1633.0,4.31818
54.8333,1597.0,4.60227
54.9167,1597.0,2.10227
55.0833,1395.0,3.92045
55.1667,1316.0,3.97727
55.25,1237.0,4.31818
55.3333,1106.0,4.31818
55.3333,1106.0,1.875
55.4167,954.0,1.875
55.4167,959.0,1.42045
55.4167,1053.0,1.42045
55.5833,1151.0,1.42045
55.5833,1257.0,4.54545
55.6667,1354.0,1.98864
55.8333,1351.0,3.75
55.9167,1389.0,4.14773
56.0,1585.0,4.09091
56.0833,1660.0,2.27273
56.25,1726.0,3.40909
56.3333,1785.0,4.65909
56.4167,1863.0,3.86364
56.5,1926.0,2.15909
56.5,1938.0,2.15909
56.5833,1953.0,2.15909
56.6667,1986.0,1.30682
56.75,1996.0,2.27273
56.9167,1981.0,4.09091
57.0,1998.0,4.03409
57.1667,2046.0,4.375
57.1667,2088.0,4.09091
57.1667,2082.0,4.09091
57.1667,2082.0,4.09091
57.3333,2040.0,4.09091
57.3333,1886.0,3.40909
57.4167,1728.0,2.04545
57.5,1587.0,2.04545
57.6667,1482.0,2.04545
57.6667,1433.0,4.03409
57.6667,1451.0,4.03409
57.75,1436.0,4.03409
57.8333,1380.0,4.09091
57.9167,1367.0,4.09091
58.0,1467.0,2.04545
58.1667,1595.0,4.31818
58.25,1781.0,4.71591
58.4167,1718.0,4.03409
58.5,1705.0,4.60227
58.6667,1765.0,4.60227
58.75,1767.0,4.375
58.75,1846.0,3.92045
58.8333,1846.0,1.875
58.8333,1977.0,1.875
58.8333,2045.0,1.875
58.8333,2005.0,1.875
58.9167,1975.0,1.875
59.0,1981.0,0.568182
59.0833,1983.0,4.375
59.1667,1973.0,4.375
59.25,1932.0,4.71591
59.4167,1931.0,4.71591
59.5833,1952.0,4.26136
59.6667,1951.0,4.82954
59.8333,1931.0,4.82954
59.9167,1890.0,4.20454
60.0833,1853.0,4.20454
60.1667,1851.0,4.31818
60.1667,1839.0,4.31818
60.1667,1778.0,4.31818
60.1667,1755.0,4.31818
60.3333,1693.0,4.31818
60.4167,1564.0,4.54545
60.5833,1464.0,4.54545
60.6667,1459.0,4.43182
60.8333,1458.0,4.43182
61.0,1318.0,4.43182
61.0833,1142.0,4.31818
61.1667,1074.0,4.48864
61.25,1065.0,2.27273
61.4167,1062.0,2.27273
61.4167,1029.0,4.14773
61.4167,1065.0,4.14773
61.5,1017.0,1.07955
61.5,958.0,1.07955
61.5833,983.0,1.59091
61.6667,1148.0,2.27273
61.8333,1177.0,4.09091
61.9167,1152.0,4.54545
62.0833,1154.0,4.54545
62.1667,1218.0,4.375
62.1667,1379.0,4.375
62.3333,1417.0,4.375
62.4167,1420.0,5.17045
62.5,1420.0,4.60227
62.5,1389.0,4.60227
62.5833,1382.0,4.60227
62.5833,1377.0,1.13636
62.75,1300.0,1.93182
62.9167,1202.0,1.93182
62.9167,1138.0,4.54545
63.0833,1060.0,4.54545
63.25,1040.0,4.54545
63.3333,977.0,4.71591
63.4167,941.0,3.97727
63.4167,655.0,2.38636
63.5833,612.0,2.38636
63.6667,572.0,4.82954
63.6667,572.0,4.82954
63.8333,686.0,4.82954
63.9167,761.0,5.05682
64.0,830.0,4.20454
64.0,920.0,4.20454
64.1667,1038.0,4.20454
64.25,1244.0,4.71591
64.4167,1339.0,4.14773
64.5,1314.0,5.51136
64.6667,1259.0,5.51136
64.75,1354.0,3.75
64.9167,1448.0,4.375
65.0,1490.0,4.26136
65.0833,1458.0,4.26136
65.1667,1375.0,2.15909
65.1667,1359.0,2.27273
65.25,1334.0,2.27273
65.3333,1324.0,5.11364
65.3333,1328.0,5.11364
65.5,1100.0,5.11364
65.5,884.0,4.48864
65.6667,737.0,4.48864
65.75,703.0,4.20454
65.9167,699.0,4.20454
66.0,699.0,4.26136
66.1667,678.0,4.26136
66.25,665.0,4.20454
66.3333,698.0,4.20454
66.4167,852.0,4.88636
66.5,852.0,4.88636
66.5833,914.0,4.03409
66.5833,932.0,4.03409
66.5833,979.0,4.03409
66.75,1232.0,4.03409
66.75,1372.0,4.20454
66.8333,1406.0,4.20454
67.0,1443.0,4.20454
67.0833,1576.0,4.43182
67.25,1616.0,4.43182
67.25,1582.0,4.20454
67.3333,1520.0,2.15909
67.4167,1391.0,2.32954
67.5,1204.0,2.32954
67.6667,1108.0,4.20454
67.6667,1066.0,4.71591
67.6667,1058.0,4.71591
67.6667,838.0,4.71591
67.75,609.0,4.71591
67.8333,518.0,4.60227
67.9167,544.0,3.97727
68.0833,700.0,3.97727
68.1667,805.0,4.09091
68.25,803.0,5.39773
68.3333,743.0,5.39773
68.5,834.0,5.39773
68.5833,1042.0,5.0
68.75,1075.0,4.14773
68.8333,1169.0,3.52273
69.0,1298.0,3.97727
69.0833,1438.0,4.20454
69.0833,1567.0,4.20454
69.1667,1669.0,1.42045
69.3333,1679.0,4.31818
69.4167,1618.0,4.71591
69.5833,1483.0,4.71591
69.6667,1423.0,4.77273
69.8333,1423.0,4.77273
69.9167,1470.0,4.03409
70.0,1376.0,4.03409
70.1667,1254.0,4.03409
70.25,1106.0,4.54545
70.3333,980.0,3.57954
70.5,980.0,4.14773
70.5,942.0,4.94318
70.6667,929.0,4.94318
70.75,950.0,3.69318
70.8333,1011.0,3.69318
70.9167,1092.0,2.5
71.0,1072.0,2.15909
71.1667,1084.0,4.26136
71.25,1150.0,4.31818
71.3333,1152.0,4.88636
71.4167,1280.0,2.21591
71.5833,1375.0,3.57954
71.6667,1503.0,4.20454
71.75,1574.0,4.31818
71.8333,1541.0,5.17045
71.9167,1497.0,4.26136
71.9167,1625.0,4.26136
72.0,1786.0,1.47727
72.0,1814.0,1.47727
72.0833,1664.0,1.42045
72.25,1600.0,2.32954
72.3333,1519.0,4.48864
72.4167,1408.0,4.48864
72.5,1332.0,4.65909
72.5,1082.0,4.65909
72.5833,958.0,4.65909
72.6667,859.0,1.30682
72.75,787.0,3.92045
72.8333,777.0,3.92045
72.9167,799.0,3.63636
73.0,792.0,3.63636
73.0,799.0,2.44318
73.0,940.0,2.44318
73.1667,1027.0,2.44318
73.1667,1089.0,4.31818
73.3333,1135.0,4.31818
73.4167,1257.0,4.375
73.5833,1278.0,4.375
73.6667,1260.0,3.80682
73.75,1309.0,4.03409
73.75,1447.0,4.03409
73.8333,1576.0,1.19318
73.9167,1576.0,1.19318
73.9167,1470.0,1.98864
74.0,1415.0,1.98864
74.0833,1480.0,4.43182
74.25,1562.0,4.43182
74.3333,1431.0,4.31818
74.3333,1248.0,4.31818
74.4167,1094.0,4.31818
74.5,1003.0,5.51136
74.6667,968.0,5.51136
74.6667,804.0,4.77273
74.75,660.0,2.04545
74.8333,615.0,2.04545
75.0,747.0,4.65909
75.0,893.0,4.77273
75.0833,999.0,2.15909
75.0833,1059.0,2.15909
75.0833,1119.0,2.15909
75.1667,1242.0,2.15909
75.3333,1334.0,4.77273
75.4167,1434.0,4.26136
75.5,1566.0,4.26136
75.6667,1708.0,4.375
75.75,1718.0,4.43182
75.9167,1666.0,4.65909
76.0,1661.0,4.48864
76.1667,1638.0,4.48864
76.1667,1611.0,5.0
76.25,1655.0,1.93182
76.3333,1755.0,2.21591
76.5,1744.0,2.21591
76.5833,1585.0,4.82954
76.6667,1575.0,3.97727
76.6667,1598.0,3.97727
76.75,1531.0,3.97727
76.8333,1220.0,1.07955
77.0,1186.0,3.52273
77.0833,1186.0,3.57954
77.25,1311.0,4.26136
77.3333,1315.0,3.97727
77.5,1443.0,4.14773
77.5833,1674.0,3.97727
77.75,1687.0,3.97727
77.75,1687.0,4.09091
77.9167,1484.0,4.09091
77.9167,1484.0,4.31818
77.9167,1689.0,4.31818
78.0,1814.0,1.30682
78.0833,1908.0,1.30682
78.0833,1973.0,1.59091
78.25,1911.0,2.04545
78.3333,1887.0,3.97727
78.3333,1887.0,4.20454
78.5,2006.0,4.20454
78.6667,2101.0,4.31818
78.6667,1984.0,4.31818
78.8333,1969.0,4.31818
78.8333,2148.0,4.54545
79.0,2467.0,4.54545
79.0,2442.0,4.26136
79.0,2367.0,4.26136
79.0,2306.0,4.26136
79.0,2243.0,4.26136
79.0,2178.0,4.26136
79.0833,2110.0,0.511364
79.25,1994.0,4.09091
79.3333,1981.0,4.60227
79.5,1805.0,4.60227
79.5833,1849.0,4.65909
79.6667,1932.0,4.03409
79.8333,2015.0,4.03409
80.0,1905.0,4.14773
80.0833,1794.0,5.11364
80.25,1843.0,4.48864
80.3333,1935.0,4.03409
80.4167,1941.0,4.09091
80.5833,1819.0,4.09091
80.5833,1859.0,4.09091
80.75,1883.0,4.09091
80.8333,1866.0,4.375
81.0,1878.0,4.20454
81.0833,1892.0,3.97727
81.25,1917.0,3.97727
81.3333,1959.0,4.09091
81.5,2065.0,4.14773
81.5833,2023.0,4.48864
81.6667,2023.0,3.80682
81.75,2071.0,3.80682
81.8333,2175.0,4.31818
81.9167,2236.0,2.32954
81.9167,2158.0,2.32954
82.0,2111.0,2.32954
82.1667,2109.0,2.32954
82.25,2120.0,4.48864
82.4167,2103.0,4.09091
82.5,2030.0,4.94318
82.6667,2073.0,4.94318
82.75,2105.0,5.34091
82.9167,1977.0,5.0
83.0,1812.0,4.43182
83.1667,1846.0,4.43182
83.3333,1964.0,4.48864
83.4167,2005.0,4.71591
83.5,1753.0,5.39773
83.5,1631.0,5.39773
83.6667,1617.0,5.39773
83.6667,1638.0,4.88636
83.8333,1624.0,4.88636
83.9167,1604.0,5.28409
84.0,1429.0,5.28409
84.1667,1347.0,5.28409
84.3333,1305.0,4.88636
84.4167,1185.0,4.60227
84.5833,1132.0,4.60227
84.6667,1101.0,4.88636
84.8333,1041.0,4.88636
85.0,969.0,4.88636
85.0833,977.0,4.82954
85.25,1006.0,4.65909
85.3333,1006.0,4.60227
85.3333,998.0,4.43182
85.3333,1027.0,4.43182
85.5,1029.0,4.43182
85.5833,1212.0,3.92045
85.75,1254.0,4.43182
85.9167,967.0,4.60227
86.0,967.0,4.31818
86.1667,1099.0,4.43182
86.25,1099.0,4.43182
86.4167,1218.0,4.43182
86.5,1238.0,4.31818
86.5833,1226.0,4.77273
86.5833,1282.0,4.77273
86.75,1377.0,4.77273
86.75,1381.0,4.31818
86.8333,1307.0,4.31818
86.9167,1299.0,1.47727
87.0,1298.0,2.21591
87.1667,1321.0,3.75
87.25,1433.0,4.94318
87.4167,1371.0,4.94318
87.5833,1255.0,4.43182
87.5833,1202.0,4.31818
87.6667,1283.0,4.31818
87.75,1371.0,4.26136
87.9167,1317.0,4.26136
87.9167,1233.0,4.60227
88.0,1233.0,4.60227
88.1667,1363.0,4.60227
88.25,1296.0,4.60227
88.3333,1204.0,4.43182
88.3333,1205.0,4.43182
88.5,1231.0,4.43182
88.5833,1223.0,4.65909
88.6667,1222.0,5.0
88.75,1256.0,2.21591
88.9167,1258.0,3.97727
89.0833,1134.0,4.71591
89.1667,1069.0,4.31818
89.25,1095.0,4.09091
89.3333,1172.0,4.09091
89.3333,1169.0,2.10227
89.3333,1094.0,2.10227
89.5,1100.0,2.10227
89.6667,1128.0,4.48864
89.6667,1141.0,4.54545
89.8333,1239.0,4.54545
89.9167,1298.0,4.94318
90.0833,1319.0,4.94318
90.1667,1300.0,4.48864
90.3333,1237.0,4.48864
90.3333,1237.0,4.26136
90.5,1261.0,4.26136
90.5833,1315.0,4.20454
90.5833,1360.0,4.20454
90.6667,1361.0,4.20454
90.6667,1382.0,1.30682
90.75,1448.0,1.30682
90.8333,1518.0,1.47727
90.9167,1546.0,4.60227
91.0833,1436.0,4.60227
91.1667,1371.0,4.71591
91.3333,1401.0,4.71591
91.3333,1457.0,5.0
91.5,1369.0,5.0
91.5833,1304.0,4.94318
91.75,1333.0,4.94318
91.8333,1453.0,4.71591
91.9167,1586.0,3.40909
91.9167,1386.0,3.40909
91.9167,1231.0,3.40909
91.9167,1259.0,3.40909
92.0,1340.0,3.40909
92.0833,1532.0,4.26136
92.1667,1497.0,4.26136
92.25,1415.0,2.15909
92.3333,1395.0,2.15909
92.5,1494.0,4.48864
92.5833,1550.0,4.09091
92.6667,1664.0,4.54545
92.6667,1748.0,4.54545
92.75,1697.0,1.42045
92.8333,1593.0,1.42045
92.9167,1628.0,4.31818
93.0,1664.0,4.31818
93.0,1618.0,2.04545
93.0833,1574.0,2.04545
93.0833,1579.0,1.42045
93.1667,1678.0,2.04545
93.3333,1627.0,2.44318
93.4167,1574.0,4.14773
93.5833,1800.0,4.14773
93.6667,1870.0,4.31818
93.8333,1783.0,4.31818
93.9167,1783.0,4.48864
94.0833,1611.0,4.03409
94.1667,1427.0,3.97727
94.1667,1473.0,3.63636
94.25,1674.0,3.63636
94.4167,1860.0,3.63636
94.5,1761.0,4.20454
94.5833,1550.0,4.54545
94.6667,1548.0,4.54545
94.6667,1659.0,1.93182
94.8333,1743.0,2.10227
94.9167,1680.0,4.43182
95.0833,1642.0,4.43182
95.25,1628.0,4.43182
95.3333,1640.0,4.26136
95.5,1626.0,4.31818
95.5,1612.0,4.03409
95.5833,1629.0,1.93182
95.6667,1600.0,1.93182
95.8333,1366.0,2.10227
95.8333,1367.0,4.375
96.0,1591.0,4.375
96.0833,1589.0,5.0
96.25,1664.0,4.20454
96.3333,1498.0,4.20454
96.4167,1509.0,5.05682
96.5,1614.0,4.375
96.5833,1718.0,4.375
96.6667,1721.0,2.27273
96.75,1556.0,2.27273
96.8333,1500.0,5.28409
96.9167,1581.0,3.97727
97.0,1637.0,2.32954
97.0,1442.0,2.32954
97.0833,1380.0,1.47727
97.0833,1392.0,1.47727
97.0833,1393.0,1.47727
97.1667,1408.0,1.47727
97.3333,1364.0,1.47727
97.3333,1333.0,4.03409
97.5,1343.0,4.03409
97.5833,1407.0,4.54545
97.75,1407.0,4.54545
97.75,1392.0,3.40909
97.9167,1370.0,3.40909
98.0,1406.0,4.94318
98.0833,1538.0,4.94318
98.1667,1536.0,3.69318
98.25,1503.0,3.69318
98.25,1531.0,2.10227
98.3333,1595.0,2.10227
98.4167,1544.0,1.36364
98.5,1451.0,2.44318
98.6667,1471.0,3.69318
98.75,1581.0,4.375
98.9167,1696.0,4.54545
99.0,1683.0,4.77273
99.1667,1582.0,4.31818
99.25,1544.0,4.03409
99.4167,1633.0,4.03409
99.4167,1689.0,4.375
99.5833,1649.0,4.375
99.5833,1694.0,3.46591
99.6667,1738.0,2.21591
99.6667,1856.0,2.21591
99.75,1951.0,2.21591
99.75,1983.0,1.02273
99.75,2008.0,1.02273
99.9167,2024.0,1.42045
100.0,1928.0,3.46591
100.083,1803.0,5.56818
100.167,1700.0,5.56818
100.333,1703.0,5.56818
100.417,1877.0,4.71591
100.5,1829.0,4.65909
100.5,1736.0,4.65909
100.583,1769.0,1.30682
100.667,1915.0,3.52273
100.75,1976.0,3.52273
100.75,1942.0,2.10227
100.833,1947.0,2.10227
100.917,1953.0,1.36364
101.083,1950.0,3.63636
101.167,1957.0,4.375
101.333,2011.0,4.375
101.417,2011.0,4.31818
101.583,2128.0,4.20454
101.667,2216.0,3.86364
101.75,2109.0,4.26136
101.917,2025.0,4.26136
102.0,2041.0,4.54545
102.167,2136.0,4.54545
102.167,2184.0,4.65909
102.25,2184.0,4.65909
102.25,2106.0,1.36364
102.25,2058.0,1.36364
102.25,2119.0,1.36364
102.333,2096.0,1.36364
102.417,2100.0,4.82954
102.5,2196.0,4.82954
102.583,2306.0,3.97727
102.75,2214.0,3.97727
102.833,2192.0,3.86364
103.0,2269.0,3.92045
103.083,2328.0,4.03409
103.083,2309.0,4.375
103.167,2361.0,4.375
103.25,2363.0,4.82954
103.417,2396.0,3.86364
103.5,2280.0,3.86364
103.583,2079.0,4.03409
103.75,2010.0,4.03409
103.833,2093.0,3.80682
103.833,2203.0,3.80682
103.833,2281.0,3.80682
103.917,2361.0,0.965909
104.083,2382.0,3.97727
104.083,2338.0,4.375
104.167,2184.0,1.875
104.333,2113.0,4.14773
104.417,2103.0,4.14773
104.583,2104.0,4.14773
104.583,2214.0,4.31818
104.75,2175.0,4.31818
104.75,2073.0,5.0
104.75,2014.0,5.0
104.833,2078.0,1.30682
104.917,2181.0,1.30682
105.0,2181.0,1.98864
105.083,2116.0,1.93182
105.167,2022.0,3.86364
105.333,1994.0,4.43182
105.417,2138.0,4.65909
105.583,2189.0,4.65909
105.667,2101.0,4.26136
105.75,1985.0,4.20454
105.833,1997.0,4.26136
105.917,2082.0,4.26136
106.083,2155.0,4.26136
106.167,2210.0,4.14773
106.333,2248.0,4.14773
106.333,2274.0,4.14773
106.333,2280.0,4.14773
106.417,2259.0,4.14773
106.5,2203.0,3.86364
106.667,2130.0,3.92045
106.75,2096.0,4.26136
106.917,2101.0,4.26136
107.0,2098.0,3.63636
107.167,2076.0,4.03409
107.25,2046.0,4.03409
107.25,2016.0,4.43182
107.417,1978.0,4.43182
107.5,1972.0,4.14773
107.667,1877.0,4.14773
107.667,1785.0,4.14773
107.75,1760.0,2.27273
107.75,1798.0,2.27273
107.833,1887.0,1.47727
107.917,1981.0,1.47727
108.0,1984.0,4.09091
108.167,1976.0,4.09091
108.25,1960.0,3.86364
108.417,1920.0,3.86364
108.5,1843.0,4.09091
108.5,1804.0,4.09091
108.583,1768.0,4.09091
108.75,1772.0,4.09091
108.833,1850.0,3.40909
109.0,1883.0,4.20454
109.0,1883.0,3.69318
109.083,1853.0,2.04545
109.083,1810.0,2.04545
109.083,1847.0,2.04545
109.167,1875.0,1.07955
109.25,1866.0,1.07955
109.417,1850.0,1.98864
109.5,1854.0,4.60227
109.667,1856.0,4.60227
109.667,1843.0,4.26136
109.833,1821.0,4.26136
109.833,1786.0,4.20454
109.917,1775.0,2.38636
110.0,1777.0,2.38636
110.083,1767.0,3.125
110.25,1744.0,4.71591
110.417,1750.0,4.71591
110.5,1783.0,4.54545
110.583,1814.0,4.54545
110.583,1849.0,4.54545
110.667,1877.0,1.36364
110.75,1891.0,1.36364
110.917,1891.0,4.88636
110.917,1857.0,5.34091
110.917,1774.0,5.34091
111.083,1671.0,5.34091
111.167,1694.0,3.29545
111.333,1773.0,3.29545
111.417,1836.0,4.54545
111.5,1852.0,4.54545
111.5,1883.0,1.875
111.5,1917.0,1.875
111.5,1936.0,1.875
111.667,1944.0,1.875
111.667,1942.0,4.31818
111.75,1947.0,2.10227
111.917,1947.0,3.29545
112.0,1944.0,4.43182
112.167,1919.0,4.14773
112.25,1903.0,4.09091
112.417,1896.0,4.48864
112.5,1898.0,3.52273
112.583,1899.0,3.75
112.667,1899.0,4.20454
112.75,1874.0,2.04545
112.75,1873.0,2.04545
112.75,1899.0,2.04545
112.917,1929.0,2.04545
112.917,1948.0,4.09091
113.0,1948.0,1.81818
113.083,1965.0,1.81818
113.167,1965.0,2.15909
113.167,2141.0,3.35227
113.333,2118.0,3.35227
113.333,2036.0,4.375
113.5,1932.0,4.375
113.583,1883.0,5.17045
113.667,1959.0,3.29545
113.667,1997.0,2.04545
113.75,1981.0,2.04545
113.833,1916.0,5.34091
113.833,1947.0,5.34091
113.917,2061.0,5.34091
114.0,2083.0,1.02273
114.083,2061.0,4.03409
114.167,2019.0,1.98864
114.25,1994.0,4.20454
114.417,1996.0,4.20454
114.417,2001.0,4.14773
114.583,1978.0,4.14773
114.667,1974.0,4.71591
114.75,2019.0,3.80682
114.833,2109.0,3.80682
114.917,2120.0,4.31818
115.083,2005.0,4.31818
115.083,1979.0,4.77273
115.083,2000.0,4.77273
115.083,2011.0,4.77273
115.083,2008.0,4.77273
115.083,2031.0,4.77273
115.083,2027.0,4.77273
115.25,2015.0,4.77273
115.333,1972.0,3.86364
115.5,1840.0,3.80682
115.583,1855.0,3.75
115.667,1884.0,3.69318
115.667,1884.0,3.69318
115.75,1867.0,1.42045
115.917,1831.0,3.57954
115.917,1854.0,5.39773
115.917,1929.0,5.39773
116.083,2050.0,5.39773
116.083,2081.0,4.09091
116.167,2074.0,4.09091
116.25,2061.0,4.20454
116.333,2097.0,4.20454
116.417,2131.0,1.98864
116.417,2086.0,3.69318
116.583,1946.0,3.69318
116.667,1836.0,4.375
116.833,1794.0,4.09091
116.917,1825.0,3.97727
117.0,1949.0,4.14773
117.167,2037.0,4.14773
117.25,2080.0,4.03409
117.25,2110.0,3.46591
117.333,2176.0,3.46591
117.333,2178.0,1.25
117.5,2196.0,1.93182
117.583,2228.0,5.05682
117.667,2241.0,3.69318
117.75,2193.0,3.75
117.833,2114.0,3.75
117.833,2058.0,1.70455
118.0,2096.0,1.93182
118.083,2123.0,4.31818
118.167,2066.0,3.86364
118.333,2050.0,3.92045
118.417,2079.0,3.92045
118.417,2111.0,3.86364
118.583,2130.0,3.86364
118.583,2131.0,4.14773
118.667,2152.0,4.14773
118.833,2207.0,4.14773
118.917,2165.0,4.48864
119.0,2137.0,3.80682
119.083,2191.0,3.97727
119.25,2251.0,3.97727
119.333,2251.0,4.48864
119.333,2146.0,3.52273
119.5,2075.0,3.52273
119.583,2042.0,3.57954
119.667,2048.0,3.63636
119.833,2209.0,3.63636
119.917,2277.0,3.80682
120.0,2255.0,3.86364
120.0,2257.0,3.86364
120.167,2226.0,3.86364
120.25,2226.0,3.29545
120.25,2267.0,4.20454
120.417,2343.0,4.20454
120.5,2411.0,4.26136
120.583,2350.0,3.80682
120.583,2259.0,3.80682
120.583,2247.0,3.80682
120.583,2321.0,3.80682
120.75,2327.0,3.80682
120.833,2227.0,3.80682
120.917,2202.0,3.63636
121.083,2184.0,3.63636
121.167,2192.0,3.69318
121.167,2245.0,3.125
121.167,2257.0,3.125
121.167,2269.0,3.125
121.167,2281.0,3.125
121.167,2268.0,3.125
121.167,2272.0,3.125
121.25,2284.0,0.454545
121.25,2274.0,0.454545
121.333,2240.0,1.25
121.333,2248.0,1.25
121.333,2298.0,1.25
121.333,2404.0,1.25
121.417,2413.0,0.738636
121.5,2334.0,0.738636
121.5,2335.0,1.93182
121.667,2377.0,1.93182
121.75,2427.0,3.86364
121.833,2451.0,4.09091
121.917,2402.0,4.09091
122.0,2352.0,1.70455
122.083,2352.0,4.375
122.25,2322.0,4.375
122.333,2291.0,3.23864
122.333,2335.0,3.35227
122.333,2431.0,3.35227
122.333,2482.0,3.35227
122.417,2473.0,0.909091
122.5,2460.0,0.909091
122.5,2445.0,1.81818
122.583,2431.0,1.70455
122.667,2451.0,1.70455
122.75,2527.0,1.875
122.833,2572.0,3.86364
123.0,2540.0,3.80682
123.0,2474.0,3.63636
123.083,2436.0,1.81818
123.167,2455.0,4.03409
123.25,2365.0,4.03409
123.333,2284.0,3.97727
123.333,2280.0,3.97727
123.5,2243.0,3.97727
123.583,2228.0,3.92045
123.583,2266.0,3.29545
123.583,2267.0,3.29545
123.667,2313.0,3.29545
123.75,2475.0,0.909091
123.75,2563.0,3.92045
123.833,2632.0,1.70455
123.917,2655.0,1.70455
124.0,2664.0,1.64773
124.083,2734.0,4.09091
124.167,2760.0,3.46591
124.333,2714.0,3.46591
124.417,2652.0,3.06818
124.5,2578.0,3.63636
124.5,2575.0,3.63636
124.667,2606.0,3.63636
124.75,2646.0,3.46591
124.75,2567.0,3.35227
124.833,2532.0,1.81818
124.833,2518.0,1.81818
124.833,2528.0,1.81818
124.917,2572.0,1.81818
125.0,2572.0,3.69318
125.083,2569.0,3.40909
125.167,2605.0,3.35227
125.333,2692.0,3.35227
125.417,2759.0,4.03409
125.5,2785.0,3.40909
125.667,2832.0,3.52273
125.667,2832.0,3.63636
125.75,2882.0,3.63636
125.833,2871.0,3.52273
125.917,2819.0,3.29545
126.0,2777.0,3.29545
126.083,2779.0,1.70455
126.167,2813.0,3.97727
126.25,2757.0,3.29545
126.25,2681.0,3.29545
126.25,2628.0,3.29545
126.333,2593.0,3.29545
126.417,2565.0,3.18182
126.5,2557.0,3.52273
126.5,2578.0,3.52273
126.583,2577.0,3.52273
126.667,2635.0,1.07955
126.75,2672.0,3.69318
126.917,2777.0,3.69318
127.0,2925.0,3.52273
127.083,2959.0,2.78409
127.167,2866.0,3.46591
127.25,2903.0,2.95454
127.333,2987.0,3.86364
127.5,2999.0,3.86364
127.583,2814.0,3.97727
127.667,2718.0,3.40909
127.667,2692.0,3.40909
127.667,2699.0,3.40909
127.75,2623.0,3.40909
127.833,2533.0,0.852273
127.917,2579.0,3.52273
128.0,2697.0,3.23864
128.083,2761.0,2.78409
128.25,2786.0,3.46591
128.333,2840.0,4.43182
128.417,2840.0,3.40909
128.5,2906.0,3.69318
128.583,2955.0,3.125
128.667,2915.0,2.95454
128.75,2864.0,2.95454
128.833,2814.0,1.59091
128.917,2774.0,3.63636
129.083,2731.0,3.63636
129.167,2701.0,3.69318
129.25,2615.0,3.29545
129.25,2487.0,3.52273
129.25,2406.0,3.52273
129.25,2548.0,3.52273
129.25,2700.0,3.52273
129.333,2771.0,0.625
129.5,2757.0,3.23864
129.583,2790.0,3.57954
129.667,2802.0,4.375
129.75,2773.0,3.40909
129.833,2747.0,3.23864
129.833,2686.0,3.23864
129.917,2601.0,3.23864
130.0,2528.0,1.07955
130.083,2535.0,3.40909
130.167,2555.0,3.06818
130.333,2509.0,3.40909
130.417,2469.0,3.57954
130.417,2456.0,3.125
130.417,2498.0,3.125
130.417,2669.0,3.125
130.417,2931.0,3.125
130.417,3032.0,3.125
130.5,3087.0,0.511364
130.583,3140.0,3.29545
130.583,3259.0,3.29545
130.667,3267.0,3.29545
130.75,3199.0,1.02273
130.833,3039.0,4.03409
131.0,2808.0,3.46591
131.083,2707.0,3.40909
131.083,2627.0,3.29545
131.167,2541.0,3.29545
131.25,2426.0,3.63636
131.333,2426.0,3.40909
131.5,2401.0,3.40909
131.583,2500.0,3.40909
131.583,2588.0,3.01136
131.583,2609.0,3.01136
131.583,2616.0,3.01136
131.667,2656.0,0.795454
131.75,2656.0,3.52273
131.917,2662.0,3.52273
131.917,2623.0,3.46591
132.0,2612.0,3.46591
132.083,2654.0,1.59091
132.167,2692.0,3.75
132.25,2703.0,3.35227
132.417,2744.0,3.23864
132.5,2768.0,3.23864
132.583,2759.0,2.72727
132.667,2719.0,3.97727
132.75,2705.0,3.18182
132.833,2732.0,3.35227
133.0,2766.0,3.40909
133.083,2766.0,3.52273
133.083,2837.0,3.29545
133.083,2872.0,3.29545
133.083,2951.0,3.29545
133.083,2999.0,3.29545
133.167,2986.0,0.625
133.25,2906.0,0.625
133.333,2840.0,1.64773
133.333,2745.0,3.125
133.417,2656.0,1.70455
133.5,2595.0,3.29545
133.667,2596.0,3.40909
133.75,2578.0,3.63636
133.833,2499.0,3.29545
133.833,2493.0,2.67045
133.917,2531.0,1.76136
134.0,2579.0,3.23864
134.083,2536.0,3.18182
134.25,2463.0,3.18182
134.333,2483.0,3.75
134.333,2598.0,3.52273
134.333,2632.0,3.52273
134.333,2632.0,3.52273
134.417,2591.0,0.795454
134.5,2576.0,3.40909
134.583,2658.0,3.40909
134.667,2659.0,1.59091
134.75,2635.0,3.75
134.833,2609.0,2.72727
134.917,2641.0,3.18182
135.0,2678.0,3.29545
135.083,2682.0,3.40909
135.167,2656.0,3.18182
135.333,2615.0,3.18182
135.417,2591.0,3.29545
135.5,2573.0,3.57954
135.5,2594.0,2.55682
135.583,2638.0,2.55682
135.667,2701.0,3.75
135.75,2694.0,3.40909
135.833,2658.0,2.89773
135.833,2655.0,2.89773
135.833,2696.0,2.89773
135.917,2645.0,2.89773
136.0,2582.0,0.738636
136.083,2523.0,3.01136
136.167,2454.0,2.89773
136.167,2536.0,2.61364
136.167,2654.0,2.61364
136.333,2708.0,2.61364
136.417,2688.0,2.95454
136.5,2617.0,3.29545
136.583,2631.0,2.89773
136.583,2685.0,2.67045
136.583,2747.0,2.67045
136.667,2770.0,1.30682
136.667,2774.0,1.30682
136.667,2745.0,1.30682
136.667,2694.0,1.30682
136.75,2593.0,1.30682
136.833,2623.0,3.01136
136.917,2634.0,2.95454
136.917,2591.0,2.95454
137.0,2507.0,1.42045
137.083,2507.0,3.35227
137.083,2552.0,3.35227
137.167,2688.0,1.53409
137.25,2710.0,2.78409
137.25,2655.0,2.78409
137.333,2659.0,1.42045
137.417,2708.0,3.01136
137.583,2709.0,3.125
137.667,2724.0,3.29545
137.667,2709.0,2.84091
137.667,2642.0,2.84091
137.667,2596.0,2.84091
137.75,2565.0,2.84091
137.833,2577.0,0.738636
137.833,2578.0,3.01136
137.917,2514.0,3.01136
138.0,2497.0,3.75
138.083,2548.0,3.18182
138.083,2661.0,3.18182
138.083,2798.0,3.18182
138.083,2830.0,3.18182
138.167,2830.0,0.738636
138.167,2922.0,0.738636
138.333,2944.0,1.53409
138.333,2937.0,2.95454
138.417,2951.0,2.95454
138.5,2930.0,1.47727
138.583,2850.0,2.67045
138.667,2765.0,3.46591
138.75,2696.0,2.89773
138.75,2689.0,2.44318
138.833,2746.0,2.44318
138.917,2790.0,1.53409
139.0,2759.0,3.125
139.083,2743.0,2.84091
139.083,2742.0,2.32954
139.083,2823.0,2.32954
139.167,2807.0,2.32954
139.25,2776.0,3.23864
139.333,2780.0,2.78409
139.333,2761.0,2.78409
139.333,2712.0,2.78409
139.417,2711.0,2.78409
139.5,2711.0,3.29545
139.583,2719.0,2.89773
139.583,2747.0,2.89773
139.667,2829.0,1.47727
139.75,2813.0,3.06818
139.833,2794.0,2.89773
139.917,2763.0,2.89773
140.0,2747.0,2.78409
140.083,2742.0,2.89773
140.167,2748.0,2.95454
140.25,2743.0,2.67045
140.333,2721.0,2.55682
140.417,2655.0,2.67045
140.5,2601.0,3.06818
140.583,2611.0,2.95454
140.667,2625.0,3.29545
140.75,2665.0,2.72727
140.833,2748.0,2.95454
140.917,2817.0,3.06818
141.0,2869.0,2.89773
141.083,2879.0,2.78409
141.167,2821.0,2.84091
141.333,2766.0,2.84091
141.417,2714.0,3.06818
141.5,2650.0,2.89773
141.583,2504.0,2.78409
141.667,2441.0,3.23864
141.75,2437.0,2.84091
141.833,2476.0,2.84091
141.917,2484.0,3.06818
141.917,2444.0,2.38636
141.917,2421.0,2.38636
142.0,2444.0,2.38636
142.083,2479.0,1.07955
142.167,2523.0,2.78409
142.167,2607.0,2.78409
142.25,2672.0,2.78409
142.333,2729.0,1.47727
142.417,2778.0,2.95454
142.5,2779.0,2.61364
142.5,2767.0,3.18182
142.583,2749.0,3.18182
142.667,2673.0,1.30682
142.75,2673.0,3.46591
142.833,2591.0,2.84091
142.917,2574.0,2.61364
143.0,2557.0,3.01136
143.083,2535.0,2.61364
143.167,2597.0,2.89773
143.25,2603.0,2.38636
143.333,2623.0,2.89773
143.417,2644.0,3.125
143.417,2643.0,2.5
143.5,2585.0,2.5
143.583,2539.0,1.53409
143.667,2543.0,2.44318
143.667,2631.0,3.18182
143.75,2811.0,2.21591
143.917,2799.0,2.21591
144.0,2741.0,2.95454
144.083,2659.0,3.125
144.167,2481.0,2.89773
144.167,2379.0,2.61364
144.167,2379.0,2.61364
144.25,2481.0,1.36364
144.333,2630.0,2.55682
144.417,2756.0,2.89773
144.5,2755.0,2.55682
144.583,2754.0,2.78409
144.667,2766.0,2.5
144.667,2802.0,2.5
144.75,2833.0,2.5
144.833,2835.0,1.25
144.917,2823.0,3.06818
145.0,2837.0,2.55682
145.0,2779.0,2.61364
145.083,2675.0,2.61364
145.167,2675.0,1.42045
145.167,2581.0,2.61364
145.25,2598.0,2.44318
145.333,2673.0,2.27273
145.417,2757.0,3.69318
145.5,2813.0,2.61364
145.583,2821.0,2.89773
145.667,2853.0,2.84091
145.75,2853.0,2.55682
145.75,2899.0,2.55682
145.833,2936.0,2.55682
145.917,2929.0,1.25
146.0,2950.0,2.72727
146.083,2977.0,2.61364
146.167,2985.0,2.78409
146.167,2980.0,2.61364
146.167,2840.0,2.61364
146.25,2881.0,1.13636
146.333,2978.0,2.89773
146.417,2995.0,2.38636
146.5,2786.0,2.38636
146.5,2695.0,2.61364
146.583,2679.0,1.875
146.667,2673.0,2.84091
146.75,2692.0,2.5
146.833,2758.0,2.38636
146.917,2803.0,2.38636
147.0,2868.0,2.04545
147.0,2942.0,2.89773
147.0,2989.0,2.89773
147.0,3044.0,2.89773
147.083,3110.0,0.795454
147.167,3163.0,2.38636
147.25,3137.0,2.72727
147.25,3048.0,2.72727
147.333,2976.0,2.72727
147.417,2865.0,1.19318
147.417,2722.0,2.61364
147.5,2606.0,2.5
147.583,2630.0,2.67045
147.667,2646.0,2.44318
147.667,2640.0,2.44318
147.667,2637.0,2.44318
147.75,2697.0,2.44318
147.833,2881.0,0.795454
147.833,3068.0,2.32954
147.917,3209.0,2.55682
148.0,3190.0,2.55682
148.083,3133.0,1.81818
148.167,3101.0,2.61364
148.25,3060.0,2.89773
148.25,3060.0,2.27273
148.25,2913.0,2.27273
148.333,2793.0,2.27273
148.417,2725.0,1.02273
148.5,2726.0,2.55682
148.583,2784.0,2.89773
148.583,2806.0,2.44318
148.667,2808.0,2.10227
148.75,2811.0,2.10227
148.75,2863.0,2.27273
148.833,3014.0,2.27273
148.833,3067.0,1.25
148.833,3084.0,1.25
148.917,3060.0,1.19318
149.0,2905.0,2.32954
149.0,2770.0,2.32954
149.0,2683.0,2.32954
149.083,2664.0,2.32954
149.083,2724.0,0.795454
149.167,2786.0,2.38636
149.25,2786.0,2.38636
149.333,2965.0,2.32954
149.333,3069.0,2.32954
149.333,3041.0,2.32954
149.333,3045.0,2.32954
149.417,3063.0,0.738636
149.5,3041.0,3.01136
149.583,2927.0,3.01136
149.583,2875.0,2.15909
149.583,2852.0,2.15909
149.667,2819.0,1.13636
149.667,2745.0,1.13636
149.75,2641.0,1.36364
149.833,2656.0,2.55682
149.833,2655.0,2.55682
149.833,2684.0,2.55682
149.833,2726.0,2.55682
149.833,2801.0,2.55682
149.833,2861.0,2.55682
149.917,2876.0,0.454545
150.0,2865.0,2.61364
150.083,2894.0,2.61364
150.083,2928.0,1.875
150.083,2928.0,1.875
150.167,2963.0,1.30682
150.25,2969.0,2.44318
150.333,2985.0,2.67045
150.417,3001.0,2.55682
150.5,3017.0,2.55682
150.5,3016.0,1.98864
150.583,3000.0,1.98864
150.583,2973.0,1.30682
150.667,2960.0,2.5
150.75,2949.0,2.5
150.833,2920.0,2.32954
150.833,2829.0,2.32954
150.833,2774.0,2.32954
150.917,2727.0,2.32954
151.0,2686.0,0.852273
151.0,2645.0,2.89773
151.0,2646.0,2.89773
151.0,2618.0,2.89773
151.0,2584.0,2.89773
151.0,2608.0,2.89773
151.083,2668.0,2.89773
151.167,2690.0,0.511364
151.167,2685.0,2.78409
151.167,2694.0,2.78409
151.25,2806.0,2.78409
151.333,2828.0,0.909091
151.417,2754.0,2.61364
151.5,2675.0,2.84091
151.5,2629.0,2.61364
151.583,2589.0,2.27273
151.667,2513.0,3.01136
151.75,2465.0,2.95454
151.833,2424.0,2.61364
151.917,2436.0,2.72727
152.0,2447.0,2.67045
152.0,2449.0,2.67045
152.0,2456.0,2.67045
152.083,2583.0,0.965909
152.167,2661.0,2.95454
152.167,2644.0,2.95454
152.167,2578.0,2.95454
152.167,2578.0,2.95454
152.167,2568.0,2.95454
152.25,2627.0,0.568182
152.333,2690.0,2.95454
152.333,2734.0,2.95454
152.333,2712.0,2.95454
152.417,2647.0,0.909091
152.5,2610.0,2.89773
152.583,2646.0,2.67045
152.667,2710.0,2.84091
152.75,2788.0,2.84091
152.833,2857.0,2.32954
152.917,2883.0,3.35227
153.0,2857.0,2.67045
153.083,2804.0,2.32954
153.167,2800.0,2.78409
153.25,2829.0,3.125
153.333,2863.0,2.72727
153.417,2861.0,2.89773
153.417,2865.0,2.89773
153.417,2864.0,2.89773
153.5,2852.0,1.19318
153.5,2820.0,1.19318
153.5,2699.0,1.19318
153.583,2550.0,0.965909
153.667,2501.0,2.89773
153.75,2522.0,2.78409
153.833,2583.0,2.84091
153.917,2591.0,2.67045
154.0,2533.0,2.38636
154.083,2525.0,3.46591
154.167,2575.0,2.5
154.25,2677.0,2.55682
154.333,2749.0,3.01136
154.417,2749.0,2.89773
154.5,2831.0,2.84091
154.5,2850.0,2.84091
154.583,2839.0,2.84091
154.667,2815.0,1.25
154.667,2774.0,2.61364
154.667,2751.0,2.61364
154.75,2825.0,2.61364
154.833,2911.0,3.23864
154.833,2911.0,3.23864
154.833,2977.0,3.23864
154.833,2979.0,3.23864
154.833,2889.0,3.23864
154.917,2891.0,3.23864
155.0,2939.0,0.568182
155.083,2938.0,2.72727
155.083,3023.0,2.89773
155.167,3089.0,2.04545
155.333,3165.0,2.72727
155.417,3225.0,3.92045
155.417,3255.0,2.67045
155.5,3168.0,2.55682
155.583,3049.0,2.32954
155.583,2889.0,2.32954
155.667,2723.0,1.36364
155.75,2659.0,2.95454
155.833,2875.0,2.89773
155.833,2935.0,2.89773
155.917,2912.0,2.89773
156.0,2911.0,1.13636
156.083,2879.0,2.72727
156.167,2945.0,3.125
156.25,2985.0,2.5
156.25,2973.0,2.38636
156.25,2965.0,2.38636
156.25,2962.0,2.38636
156.333,2959.0,0.852273
156.333,3001.0,0.852273
156.417,3081.0,0.852273
156.5,3128.0,1.19318
156.5,2735.0,2.44318
156.583,2474.0,2.44318
156.583,2139.0,1.70455
156.583,2672.0,1.70455
156.667,3180.0,1.19318
156.75,3287.0,2.10227
156.833,3174.0,2.10227
156.833,3110.0,2.38636
156.917,3217.0,1.98864
157.0,3243.0,2.38636
157.0,3234.0,2.38636
157.0,3124.0,2.38636
157.0,3124.0,2.38636
157.083,2201.0,0.681818
157.167,1665.0,0.681818
157.167,1547.0,1.98864
157.25,1626.0,1.98864
157.25,1440.0,1.53409
157.333,699.0,1.81818
157.333,289.0,1.81818
157.417,89.0,1.30682
157.417,0.0,1.30682
157.417,0.0,1.30682
157.5,0.0,1.02273
157.5,0.0,1.02273
157.5,0.0,1.02273
157.5,0.0,1.02273
157.5,0.0,1.02273
157.5,0.0,1.02273
157.5,0.0,1.02273
157.5,0.0,1.02273
157.5,0.0,1.02273
157.5,0.0,1.02273
157.5,0.0,1.02273
157.5,0.0,1.02273
157.5,0.0,1.02273
157.5,0.0,1.02273
157.5,0.0,1.02273
157.5,0.0,1.02273
157.5,0.0,1.02273
157.5,0.0,1.02273
157.5,0.0,1.02273
157.5,0.0,1.02273
157.5,0.0,1.02273
157.5,0.0,1.02273
157.5,0.0,1.02273
157.5,0.0,1.02273
157.5,0.0,1.02273
157.5,0.0,1.02273
157.5,0.0,1.02273
157.5,0.0,1.02273
157.5,0.0,1.02273
157.5,0.0,1.02273
157.5,0.0,1.02273
157.5,0.0,1.02273
157.5,0.0,1.02273
157.5,0.0,1.02273
157.5,0.0,1.02273
157.5,0.0,1.02273
157.5,0.0,1.02273
157.5,0.0,1.02273
157.5,0.0,1.02273
157.5,0.0,1.02273
157.5,0.0,1.02273
157.5,0.0,1.02273
157.5,0.0,1.02273
157.5,0.0,1.02273
157.5,0.0,1.02273
157.5,0.0,1.02273
157.5,0.0,1.02273
157.5,0.0,1.02273
157.5,0.0,1.02273
157.5,0.0,1.02273
157.5,0.0,1.02273
157.5,0.0,1.02273
157.5,0.0,1.02273
157.5,0.0,0.0
157.5,0.0,0.0
157.5,0.0,0.0
157.5,0.0,0.0
157.5,0.0,0.0
157.5,0.0,0.0
157.5,0.0,0.0
157.5,0.0,0.0
157.5,0.0,0.0
157.5,0.0,0.0
157.5,0.0,0.0
157.5,0.0,0.0
157.5,0.0,0.0
157.5,0.0,0.0
157.5,0.0,0.0
157.5,0.0,0.0
157.5,0.0,0.0
157.5,0.0,0.0
157.5,0.0,0.0
157.5,0.0,0.0
157.5,0.0,0.0
157.5,0.0,0.0
157.5,0.0,0.0
157.5,0.0,0.0
157.5,0.0,0.0
157.5,0.0,0.0
157.5,0.0,0.0
157.5,0.0,0.0
157.5,0.0,0.0
157.5,0.0,0.0
157.5,0.0,0.0
157.5,0.0,0.0
157.5,0.0,0.0
157.5,0.0,0.0
157.5,0.0,0.0
157.5,0.0,0.0
157.5,0.0,0.0
157.5,0.0,0.0
157.5,0.0,0.0
157.5,0.0,0.0
157.5,0.0,0.0
157.5,0.0,0.0
157.5,0.0,0.0
157.5,0.0,0.0
157.5,0.0,0.0
157.5,0.0,0.0
157.5,0.0,0.0
157.5,0.0,0.0
157.5,0.0,0.0
157.5,0.0,0.0
157.5,0.0,0.0
157.5,0.0,0.0
157.5,0.0,0.0
157.5,0.0,0.0
157.5,0.0,0.0
157.5,0.0,0.0
157.5,0.0,0.0
157.5,0.0,0.0
157.5,0.0,0.0
157.5,0.0,0.0
157.5,0.0,0.0
157.5,0.0,0.0
157.5,0.0,0.0
157.5,0.0,0.0
157.5,0.0,0.0
157.5,0.0,0.0
157.5,0.0,0.0
157.5,0.0,0.0
157.5,0.0,0.0
157.5,0.0,0.0
157.5,0.0,0.0
157.5,0.0,0.0
157.5,0.0,0.0
157.5,0.0,0.0
157.5,0.0,0.0
157.5,0.0,0.0
157.5,0.0,0.0
157.5,0.0,0.0
157.5,0.0,0.0
157.5,0.0,0.0
157.5,0.0,0.0
157.5,0.0,0.0
157.5,0.0,0.0
157.5,0.0,0.0
157.5,0.0,0.0
157.5,0.0,0.0
157.5,0.0,0.0
157.5,0.0,0.0
157.5,0.0,0.0
157.5,0.0,0.0
157.5,0.0,0.0
157.5,0.0,0.0
157.5,0.0,0.0
157.5,0.0,0.0
157.5,0.0,0.0
157.5,0.0,0.0
157.5,0.0,0.0
157.5,0.0,0.0
157.5,0.0,0.0
157.5,0.0,0.0
157.5,0.0,0.0
157.5,0.0,0.0
157.5,0.0,0.0
157.5,0.0,0.0
157.5,0.0,0.0
157.5,0.0,0.0
157.5,0.0,0.0
157.5,0.0,0.0
157.5,0.0,0.0
157.5,0.0,0.0
157.5,0.0,0.0
157.5,0.0,0.0
