0.0,0.0,0.0
0.0,0.0,0.0
0.0,0.0,0.0
0.0,0.0,0.0
0.0,0.0,0.0
0.0,0.0,0.0
0.0,0.0,0.0
0.0,0.0,0.0
0.0,0.0,0.0
0.0,0.0,0.0
0.0,0.0,0.0
0.0,0.0,0.0
0.0,0.0,0.0
0.0,0.0,0.0
0.0,0.0,0.0
0.0,0.0,0.0
0.0,0.0,0.0
0.0,0.0,0.0
0.0,0.0,0.0
0.0,0.0,0.0
0.0,0.0,0.0
0.0,0.0,0.0
0.0,0.0,0.0
0.0,0.0,0.0
0.0,0.0,0.0
0.0,0.0,0.0
0.0,0.0,0.0
0.0,0.0,0.0
0.0,0.0,0.0
0.0,0.0,0.0
0.0,0.0,0.0
0.0,0.0,0.0
0.0,0.0,0.0
0.0,0.0,0.0
0.0,0.0,0.0
0.0,0.0,0.0
0.0,0.0,0.0
0.0,0.0,0.0
0.0,0.0,0.0
0.0,0.0,0.0
0.0,0.0,0.0
0.0,0.0,0.0
0.0,0.0,0.0
0.0,0.0,0.0
0.0,0.0,0.0
0.0,0.0,0.0
0.0,0.0,0.0
0.0,0.0,0.0
0.0,0.0,0.0
0.0,0.0,0.0
0.0,0.0,0.0
0.0,0.0,0.0
0.0,0.0,0.0
0.0,0.0,0.0
0.0,0.0,0.0
0.0,0.0,0.0
0.0,0.0,0.0
0.0,0.0,0.0
0.0,0.0,0.0
0.0,0.0,0.0
0.0,0.0,0.0
0.0,0.0,0.0
0.0,0.0,0.0
0.0,0.0,0.0
0.0,0.0,0.0
0.0,0.0,0.0
0.0,0.0,0.0
0.0,0.0,0.0
0.0,0.0,0.0
0.0,0.0,0.0
0.0,0.0,0.0
0.0,0.0,0.0
0.0,0.0,0.0
0.0,0.0,0.0
0.0,0.0,0.0
0.0,0.0,0.0
0.0,0.0,0.0
0.0,0.0,0.0
0.0,0.0,0.0
0.0,0.0,0.0
0.0,0.0,0.0
0.0,0.0,0.0
0.0,0.0,0.0
0.0,0.0,0.0
0.0,0.0,0.0
0.0,0.0,0.0
0.0,0.0,0.0
0.0,0.0,0.0
0.0,0.0,0.0
0.0,0.0,0.0
0.0,0.0,0.0
0.0,0.0,0.0
0.0,0.0,0.0
0.0,0.0,0.0
0.0,0.0,0.0
0.0,0.0,0.0
0.0,0.0,0.0
0.0,0.0,0.0
0.0,0.0,0.0
0.0,0.0,0.0
0.0,0.0,0.0
0.0,0.0,0.0
0.0,0.0,0.0
0.0,0.0,0.0
0.0,0.0,0.0
0.0,0.0,0.0
0.0,0.0,0.0
0.0,0.0,0.0
0.0,0.0,0.0
0.0,0.0,0.0
0.0,0.0,0.0
0.0,0.0,0.0
0.0,0.0,0.0
0.0,0.0,0.0
0.0,0.0,0.0
0.0,0.0,0.0
0.0,0.0,0.0
0.0,0.0,0.0
0.0,0.0,0.0
0.0,0.0,0.0
0.0,0.0,0.0
0.0,0.0,0.0
0.0,0.0,0.0
0.0,0.0,0.0
0.0,0.0,0.0
0.0,0.0,0.0
0.0,0.0,0.0
0.0,0.0,0.0
0.0,0.0,0.0
0.0,0.0,0.0
0.0,0.0,0.0
0.0,0.0,0.0
0.0,0.0,0.0
0.0,0.0,0.0
0.0,0.0,0.0
0.0,0.0,0.0
0.0,0.0,0.0
0.0,0.0,0.0
0.0,0.0,0.0
0.0,0.0,0.0
0.0,0.0,0.0
0.0,0.0,0.0
0.0,0.0,0.0
0.0,0.0,0.0
0.0,0.0,0.0
0.0,0.0,0.0
0.0,0.0,0.0
0.0,0.0,0.0
0.0,0.0,0.0
0.0,0.0,0.0
0.0,0.0,0.0
0.0,0.0,0.0
0.0,0.0,0.0
0.0,0.0,0.0
0.0,0.0,0.0
0.0,0.0,0.0
0.0,0.0,0.0
0.0,0.0,0.0
0.0,0.0,0.0
0.0,0.0,0.0
0.0,0.0,0.0
0.0,0.0,0.0
0.0,0.0,0.0
0.0,0.0,0.0
0.0,0.0,0.0
0.0,0.0,0.0
0.0,0.0,0.0
0.0,0.0,0.0
0.0,0.0,0.0
0.0,0.0,0.0
0.0,0.0,0.0
0.0,0.0,0.0
0.0,0.0,0.0
0.0,0.0,0.0
0.0,0.0,0.0
0.0,0.0,0.0
0.0,0.0,0.0
0.0,0.0,0.0
0.0,0.0,0.0
0.0,0.0,0.0
0.0,0.0,0.0
0.0,0.0,0.0
0.0,0.0,0.0
0.0,0.0,0.0
0.0,0.0,0.0
0.0,0.0,0.0
0.0,0.0,0.0
0.0,0.0,0.0
0.0,0.0,0.0
0.0,0.0,0.0
0.0,0.0,0.0
0.0,0.0,0.0
0.0,0.0,0.0
0.0,0.0,0.0
0.0,0.0,0.0
0.0,0.0,0.0
0.0,0.0,0.0
0.0,0.0,0.0
0.0,0.0,0.0
0.0,0.0,0.0
0.0,0.0,0.0
0.0,0.0,0.0
0.0,0.0,0.0
0.0,0.0,0.0
0.0,0.0,0.0
0.0,0.0,0.0
0.0,0.0,0.0
0.0,0.0,0.0
0.0,0.0,0.0
0.0,0.0,0.0
0.0,0.0,0.0
0.0,0.0,0.0
0.0,0.0,0.0
0.0,0.0,0.0
0.0,0.0,0.0
0.0,0.0,0.0
0.0,0.0,0.0
0.0,0.0,0.0
0.0,0.0,0.0
0.0,0.0,0.0
0.0,0.0,0.0
0.0,0.0,0.0
0.0,0.0,0.0
0.0,0.0,0.0
0.0,0.0,0.0
0.0,0.0,0.0
0.0,0.0,0.0
0.0,0.0,0.0
0.0,0.0,0.0
0.0,0.0,0.0
0.0,0.0,0.0
0.0,0.0,0.0
0.0,0.0,0.0
0.0,0.0,0.0
0.0,0.0,0.0
0.0,0.0,0.0
0.0,0.0,0.0
0.0,0.0,0.0
0.0,0.0,0.0
0.0,0.0,0.0
0.0,0.0,0.0
0.0,0.0,0.0
0.0,0.0,0.0
0.0,0.0,0.0
0.0,0.0,0.0
0.0,0.0,0.0
0.0,0.0,0.0
0.0,0.0,0.0
0.0,0.0,0.0
0.0,0.0,0.0
0.0,0.0,0.0
0.0,0.0,0.0
0.0,0.0,0.0
0.0,0.0,0.0
0.0,0.0,0.0
0.0,0.0,0.0
0.0,0.0,0.0
0.0,0.0,0.0
0.0,0.0,0.0
0.0,0.0,0.0
0.0,0.0,0.0
0.0,0.0,0.0
0.0,0.0,0.0
0.0,0.0,0.0
0.0,0.0,0.0
0.0,0.0,0.0
0.0,0.0,0.0
0.0,0.0,0.0
0.0,0.0,0.0
0.0,0.0,0.0
0.0,0.0,0.0
0.0,0.0,0.0
0.0,0.0,0.0
0.0,0.0,0.0
0.0,0.0,0.0
0.0,0.0,0.0
0.0,0.0,0.0
0.0,0.0,0.0
0.0,0.0,0.0
0.0,0.0,0.0
0.0,0.0,0.0
0.0,0.0,0.0
0.0,0.0,0.0
0.0,0.0,0.0
0.0,0.0,0.0
0.0,0.0,0.0
0.0,164.0,0.0
0.0,568.0,0.0
0.0,581.0,0.0
0.0,426.0,0.0
0.0,265.0,0.0
0.0,203.0,0.0
0.0,251.0,0.0
0.0,287.0,0.0
0.0,295.0,0.0
0.0,253.0,0.0
0.0,215.0,0.0
0.0,197.0,0.0
0.0,198.0,0.0
0.0,198.0,0.0
0.0,257.0,0.0
0.0,269.0,0.0
0.0,273.0,0.0
0.0,294.0,0.0
0.0,375.0,0.0
0.0,511.0,0.0
0.0,665.0,0.0
0.0,833.0,0.0
0.0833333,1092.0,0.0
0.0833333,1558.0,0.0
0.0833333,1674.0,0.0
0.0833333,1784.0,0.0
0.0833333,1783.0,0.0
0.0833333,1793.0,0.0
0.0833333,2085.0,0.0
0.0833333,2426.0,0.0
0.0833333,2426.0,0.0
0.166667,2619.0,0.0
0.166667,2463.0,0.0
0.166667,2203.0,0.0
0.166667,2193.0,0.0
0.166667,2269.0,0.0
0.25,2284.0,0.625
0.25,2032.0,0.625
0.25,1939.0,0.625
0.333333,1988.0,0.625
0.333333,2074.0,0.795454
0.333333,2105.0,0.795454
0.333333,2076.0,0.795454
0.416667,2057.0,0.795454
0.416667,2128.0,0.681818
0.416667,2199.0,0.681818
0.5,2037.0,0.681818
0.5,1957.0,1.07955
0.5,1999.0,1.07955
0.583333,2069.0,0.965909
0.583333,2008.0,0.965909
0.583333,1901.0,0.965909
0.666667,1856.0,1.07955
0.666667,1879.0,1.07955
0.75,1916.0,1.07955
0.75,1868.0,1.07955
0.75,1823.0,1.07955
0.833333,1777.0,1.07955
0.833333,1773.0,1.07955
0.833333,1788.0,1.07955
0.833333,1757.0,1.07955
0.916667,1709.0,1.07955
0.916667,1686.0,0.625
1.0,1713.0,0.625
1.0,1749.0,1.25
1.0,1742.0,1.25
1.0,1714.0,1.25
1.0,1773.0,1.25
1.0,1833.0,1.25
1.08333,1867.0,1.25
1.08333,1963.0,0.511364
1.16667,2051.0,1.76136
1.16667,2051.0,1.76136
1.16667,1994.0,1.76136
1.25,2025.0,0.852273
1.33333,2055.0,0.852273
1.33333,2028.0,1.81818
1.41667,2007.0,2.10227
1.5,1937.0,2.10227
1.5,1836.0,1.875
1.58333,1815.0,1.64773
1.66667,1884.0,2.89773
1.75,1924.0,2.89773
1.75,1924.0,1.93182
1.83333,1988.0,2.32954
1.91667,1979.0,2.15909
1.91667,1955.0,2.15909
1.91667,1982.0,2.15909
2.0,1963.0,1.02273
2.0,1900.0,1.02273
2.08333,1784.0,1.02273
2.16667,1750.0,1.19318
2.16667,1781.0,2.15909
2.25,1793.0,1.93182
2.33333,1802.0,1.93182
2.41667,1901.0,2.10227
2.5,1913.0,2.72727
2.5,1913.0,2.5
2.5,2019.0,2.5
2.58333,2009.0,1.13636
2.58333,1948.0,1.13636
2.66667,1970.0,1.13636
2.66667,1988.0,1.19318
2.75,1942.0,2.38636
2.83333,1850.0,2.55682
2.91667,1797.0,2.55682
3.0,1778.0,2.44318
3.08333,1780.0,2.44318
3.16667,1798.0,2.5
3.25,1831.0,2.38636
3.33333,1849.0,2.89773
3.41667,1848.0,2.72727
3.5,1856.0,2.78409
3.58333,1856.0,2.78409
3.58333,1799.0,2.72727
3.66667,1799.0,2.72727
3.75,1647.0,1.36364
3.83333,1567.0,3.46591
3.91667,1611.0,2.84091
4.0,1681.0,3.29545
4.08333,1708.0,3.01136
4.16667,1688.0,3.40909
4.16667,1551.0,3.40909
4.16667,1446.0,3.40909
4.33333,1408.0,3.40909
4.41667,1419.0,3.80682
4.5,1419.0,3.125
4.58333,1418.0,3.23864
4.66667,1412.0,3.63636
4.75,1400.0,3.46591
4.83333,1380.0,3.97727
5.0,1259.0,3.97727
5.08333,1213.0,4.26136
5.16667,1234.0,3.06818
5.25,1261.0,3.40909
5.33333,1286.0,3.80682
5.5,1334.0,3.80682
5.5,1374.0,3.46591
5.5,1386.0,3.46591
5.58333,1383.0,1.13636
5.66667,1319.0,3.06818
5.83333,1172.0,3.06818
5.91667,1075.0,3.40909
5.91667,1004.0,3.46591
6.0,931.0,1.81818
6.16667,850.0,3.57954
6.25,767.0,3.92045
6.33333,715.0,3.40909
6.5,687.0,3.40909
6.58333,710.0,3.57954
6.66667,751.0,3.63636
6.75,771.0,5.22727
6.75,772.0,5.22727
6.75,789.0,5.22727
6.91667,821.0,5.22727
6.91667,813.0,3.92045
6.91667,790.0,3.92045
7.0,724.0,1.30682
7.08333,724.0,1.30682
7.16667,719.0,3.75
7.16667,719.0,3.75
7.25,714.0,3.75
7.33333,724.0,3.69318
7.41667,725.0,3.69318
7.58333,696.0,3.69318
7.66667,651.0,3.86364
7.83333,617.0,3.92045
7.91667,660.0,3.80682
7.91667,666.0,3.69318
8.0,758.0,3.69318
8.08333,773.0,1.25
8.16667,711.0,3.80682
8.16667,687.0,3.35227
8.33333,716.0,3.35227
8.41667,705.0,3.80682
8.41667,643.0,3.63636
8.41667,497.0,3.63636
8.41667,417.0,3.63636
8.5,404.0,3.63636
8.66667,428.0,3.75
8.75,501.0,4.375
8.83333,627.0,3.06818
8.91667,626.0,4.09091
9.08333,433.0,4.09091
9.16667,419.0,3.46591
9.33333,604.0,3.46591
9.41667,714.0,3.63636
9.5,721.0,3.52273
9.5,590.0,3.52273
9.58333,414.0,3.52273
9.66667,438.0,1.25
9.75,460.0,3.63636
9.75,437.0,3.63636
9.75,406.0,3.63636
9.83333,398.0,3.63636
10.0,419.0,4.14773
10.0833,418.0,4.14773
10.1667,545.0,3.06818
10.3333,631.0,3.06818
10.4167,644.0,3.86364
10.5,644.0,4.60227
10.6667,656.0,4.60227
10.75,667.0,3.69318
10.75,642.0,3.23864
10.8333,637.0,1.875
11.0,677.0,3.125
11.0833,712.0,3.69318
11.1667,656.0,3.18182
11.25,526.0,3.75
11.25,516.0,3.75
11.3333,568.0,3.75
11.4167,566.0,3.40909
11.5,516.0,3.97727
11.5833,508.0,3.97727
11.6667,572.0,1.64773
11.75,678.0,3.97727
11.9167,793.0,3.97727
12.0,917.0,3.86364
12.0833,965.0,3.69318
12.1667,897.0,4.60227
12.1667,796.0,4.60227
12.25,820.0,4.60227
12.3333,841.0,3.92045
12.4167,802.0,3.23864
12.5833,767.0,3.69318
12.5833,819.0,4.60227
12.5833,894.0,4.60227
12.5833,868.0,4.60227
12.6667,853.0,4.60227
12.75,886.0,0.681818
12.8333,1005.0,3.86364
12.8333,1044.0,3.86364
12.9167,950.0,3.86364
13.0,812.0,1.19318
13.0833,911.0,3.35227
13.25,999.0,3.35227
13.3333,960.0,3.57954
13.3333,882.0,3.29545
13.4167,857.0,1.875
13.5833,948.0,3.29545
13.6667,989.0,3.57954
13.75,990.0,3.35227
13.8333,1014.0,3.69318
13.8333,1014.0,3.69318
13.8333,1086.0,3.69318
13.9167,1070.0,0.852273
13.9167,1045.0,0.852273
14.0,1049.0,0.852273
14.0833,1045.0,1.25
14.1667,1023.0,3.23864
14.3333,1005.0,3.80682
14.4167,933.0,3.92045
14.5,878.0,3.75
14.6667,862.0,3.75
14.75,868.0,3.52273
14.8333,855.0,3.52273
14.9167,845.0,3.80682
14.9167,867.0,3.80682
15.0833,907.0,3.80682
15.1667,896.0,4.54545
15.1667,837.0,3.23864
15.25,733.0,1.76136
15.3333,771.0,3.29545
15.4167,804.0,3.29545
15.5,795.0,3.40909
15.6667,718.0,3.40909
15.75,629.0,3.69318
15.8333,626.0,3.97727
15.9167,710.0,3.125
16.0833,761.0,3.52273
16.1667,738.0,4.09091
16.25,753.0,3.63636
16.3333,792.0,3.35227
16.4167,824.0,3.35227
16.5,829.0,1.76136
16.5833,796.0,3.80682
16.75,764.0,3.69318
16.8333,753.0,3.52273
16.9167,778.0,3.80682
17.0,897.0,3.46591
17.1667,868.0,3.46591
17.25,864.0,4.375
17.3333,812.0,3.75
17.4167,827.0,3.63636
17.5833,799.0,3.63636
17.6667,783.0,3.57954
17.75,783.0,3.40909
17.9167,796.0,3.40909
18.0,797.0,5.05682
18.0,776.0,3.40909
18.1667,802.0,3.40909
18.1667,829.0,3.75
18.25,847.0,3.75
18.3333,949.0,3.69318
18.5,985.0,3.69318
18.5,965.0,3.63636
18.5,963.0,3.63636
18.6667,840.0,3.63636
18.6667,789.0,3.46591
18.75,756.0,1.93182
18.8333,710.0,3.23864
18.9167,674.0,3.23864
19.0,722.0,1.76136
19.0833,771.0,3.52273
19.1667,783.0,4.09091
19.25,758.0,4.09091
19.3333,699.0,4.375
19.4167,676.0,3.97727
19.5,676.0,3.01136
19.5,676.0,3.01136
19.5833,666.0,1.30682
19.5833,619.0,1.30682
19.6667,590.0,1.30682
19.75,534.0,4.20454
19.9167,515.0,4.20454
19.9167,561.0,4.31818
20.0,561.0,1.875
20.1667,520.0,1.875
20.25,485.0,3.75
20.3333,514.0,3.29545
20.5,573.0,3.57954
20.5833,566.0,4.77273
20.5833,526.0,3.29545
20.75,489.0,3.29545
20.8333,473.0,4.31818
20.9167,445.0,3.63636
21.0833,439.0,3.63636
21.1667,476.0,4.31818
21.25,476.0,3.57954
21.4167,512.0,3.57954
21.4167,481.0,3.63636
21.4167,458.0,3.63636
21.5833,456.0,3.63636
21.6667,511.0,3.52273
21.75,537.0,3.52273
21.8333,507.0,4.03409
21.9167,501.0,4.03409
22.0,505.0,4.375
22.0833,504.0,4.375
22.1667,491.0,1.76136
22.1667,484.0,3.63636
22.25,469.0,1.875
22.3333,465.0,1.875
22.4167,465.0,1.70455
22.4167,452.0,4.31818
22.5,452.0,4.31818
22.5833,469.0,1.25
22.5833,495.0,3.75
22.6667,482.0,1.875
22.75,479.0,1.875
22.8333,499.0,3.97727
23.0,602.0,3.97727
23.0833,633.0,3.86364
23.1667,600.0,3.63636
23.25,555.0,3.69318
23.3333,553.0,4.43182
23.3333,577.0,4.43182
23.4167,552.0,1.25
23.5,536.0,3.63636
23.5833,544.0,3.63636
23.5833,526.0,1.70455
23.6667,510.0,1.70455
23.75,505.0,1.25
23.8333,479.0,3.63636
24.0,470.0,3.63636
24.0833,487.0,3.86364
24.1667,482.0,3.75
24.25,466.0,3.75
24.4167,468.0,3.75
24.5,510.0,4.48864
24.5833,540.0,3.46591
24.6667,540.0,4.31818
24.75,548.0,4.31818
24.8333,532.0,4.09091
24.8333,525.0,4.09091
25.0,536.0,4.09091
25.0833,527.0,4.88636
25.1667,516.0,3.57954
25.3333,517.0,3.69318
25.3333,532.0,3.69318
25.3333,566.0,3.69318
25.4167,569.0,3.69318
25.5,590.0,0.909091
25.5833,650.0,3.80682
25.75,645.0,3.69318
25.8333,609.0,3.40909
25.9167,577.0,4.375
26.0,594.0,3.92045
26.0833,587.0,3.35227
26.1667,574.0,3.35227
26.25,610.0,3.75
26.4167,641.0,3.75
26.4167,635.0,3.29545
26.5,625.0,3.29545
26.5833,625.0,4.54545
26.75,621.0,4.54545
26.8333,672.0,3.63636
26.9167,666.0,3.97727
27.0,648.0,3.97727
27.0833,657.0,1.76136
27.1667,690.0,3.29545
27.25,720.0,3.29545
27.4167,719.0,3.29545
27.5,728.0,3.63636
27.5833,777.0,3.75
27.6667,857.0,3.46591
27.75,855.0,3.125
27.8333,875.0,3.125
27.9167,893.0,3.18182
28.0,884.0,3.80682
28.0833,870.0,3.80682
28.1667,856.0,1.70455
28.25,845.0,3.46591
28.25,846.0,3.46591
28.3333,846.0,3.46591
28.4167,853.0,1.13636
28.5,826.0,3.52273
28.6667,823.0,3.57954
28.75,881.0,3.69318
28.8333,1017.0,3.63636
28.9167,907.0,4.03409
29.0833,734.0,4.03409
29.0833,721.0,3.92045
29.1667,796.0,3.92045
29.25,901.0,4.375
29.3333,832.0,3.86364
29.4167,800.0,3.86364
29.5,830.0,1.70455
29.5833,862.0,3.52273
29.5833,902.0,3.52273
29.6667,896.0,3.52273
29.6667,844.0,1.13636
29.6667,859.0,1.13636
29.75,905.0,1.13636
29.9167,907.0,3.40909
30.0,903.0,3.46591
30.0833,869.0,3.63636
30.1667,840.0,3.57954
30.25,891.0,4.375
30.4167,924.0,4.375
30.5,925.0,4.03409
30.5833,908.0,3.29545
30.6667,933.0,3.57954
30.75,977.0,3.52273
30.9167,1025.0,3.52273
30.9167,1029.0,4.14773
31.0,1004.0,1.76136
31.0833,1005.0,3.40909
31.1667,1028.0,3.40909
31.1667,1077.0,3.40909
31.1667,1083.0,3.40909
31.25,1084.0,0.852273
31.4167,1094.0,0.852273
31.5,1108.0,3.23864
31.5833,1096.0,3.75
31.5833,1073.0,3.75
31.75,1073.0,3.75
31.8333,1042.0,3.40909
31.9167,1024.0,3.80682
32.0,1037.0,3.86364
32.0833,1042.0,3.46591
32.1667,1031.0,3.01136
32.25,1030.0,2.04545
32.3333,1028.0,3.125
32.4167,1019.0,4.09091
32.5,998.0,4.09091
32.5,999.0,1.76136
32.5,975.0,1.76136
32.5833,956.0,1.07955
32.75,882.0,1.07955
32.8333,884.0,3.35227
32.9167,933.0,3.63636
33.0,945.0,3.29545
33.1667,932.0,3.35227
33.25,919.0,3.75
33.3333,893.0,3.86364
33.4167,913.0,3.40909
33.5833,924.0,3.40909
33.6667,893.0,3.40909
33.75,879.0,2.95454
33.8333,878.0,3.75
33.8333,872.0,3.75
33.9167,862.0,3.75
34.0,819.0,1.13636
34.0833,794.0,3.57954
34.0833,821.0,3.57954
34.1667,837.0,3.57954
34.25,854.0,1.07955
34.25,895.0,4.48864
34.3333,917.0,1.81818
34.5,906.0,3.29545
34.5833,882.0,3.63636
34.6667,884.0,3.69318
34.8333,894.0,3.69318
34.9167,894.0,4.375
35.0,886.0,3.18182
35.0833,903.0,3.40909
35.1667,916.0,3.40909
35.25,920.0,3.40909
35.3333,920.0,1.76136
35.3333,964.0,3.97727
35.4167,990.0,1.64773
35.5,1012.0,3.97727
35.5,1023.0,3.97727
35.5,1033.0,3.97727
35.5833,1042.0,0.852273
35.75,1060.0,3.69318
35.75,1069.0,3.75
35.8333,1065.0,3.75
35.9167,1046.0,4.375
36.0833,1045.0,4.375
36.0833,1046.0,4.09091
36.1667,1037.0,4.09091
36.25,1028.0,3.57954
36.3333,1014.0,3.63636
36.5,998.0,3.63636
36.5,993.0,5.05682
36.5833,985.0,1.64773
36.6667,980.0,1.64773
36.75,985.0,1.93182
36.75,972.0,3.52273
36.75,963.0,3.52273
36.75,975.0,3.52273
36.8333,1013.0,3.52273
36.9167,1028.0,3.75
37.0833,1025.0,3.75
37.1667,1025.0,3.40909
37.25,1031.0,3.69318
37.25,1014.0,3.69318
37.4167,977.0,3.69318
37.5,950.0,3.40909
37.5,964.0,4.03409
37.5,979.0,4.03409
37.5833,988.0,1.07955
37.5833,984.0,1.07955
37.6667,1003.0,1.19318
37.6667,1015.0,1.19318
37.75,1077.0,1.64773
37.75,1110.0,1.64773
37.75,1099.0,1.64773
37.8333,1164.0,0.852273
37.9167,1169.0,3.57954
37.9167,1169.0,3.57954
38.0833,1134.0,3.57954
38.1667,1107.0,3.46591
38.25,1111.0,3.29545
38.3333,1141.0,3.92045
38.3333,1147.0,3.92045
38.4167,1127.0,3.92045
38.5,1140.0,1.07955
38.5833,1218.0,3.63636
38.6667,1218.0,3.86364
38.75,1253.0,3.86364
38.8333,1218.0,1.59091
38.9167,1177.0,3.46591
38.9167,1204.0,3.46591
38.9167,1203.0,3.46591
38.9167,1176.0,3.46591
38.9167,1173.0,3.46591
39.0,1174.0,0.568182
39.0833,1156.0,3.35227
39.1667,1125.0,3.35227
39.25,1111.0,1.70455
39.3333,1140.0,3.57954
39.4167,1142.0,3.29545
39.5833,1140.0,3.29545
39.6667,1140.0,3.63636
39.75,1177.0,3.23864
39.75,1204.0,3.18182
39.8333,1214.0,1.875
39.9167,1206.0,3.35227
40.0,1189.0,3.35227
40.0833,1200.0,1.70455
40.0833,1205.0,3.57954
40.0833,1194.0,3.57954
40.0833,1171.0,3.57954
40.1667,1138.0,3.57954
40.25,1142.0,4.26136
40.3333,1137.0,3.46591
40.4167,1137.0,3.18182
40.5833,1125.0,3.35227
40.6667,1125.0,3.92045
40.75,1111.0,3.63636
40.9167,1104.0,3.63636
40.9167,1104.0,3.57954
41.0,1087.0,3.57954
41.0,1054.0,1.64773
41.0833,1051.0,1.875
41.1667,1045.0,1.875
41.1667,1002.0,1.70455
41.25,988.0,1.875
41.25,981.0,1.875
41.25,972.0,1.875
41.25,968.0,1.875
41.25,971.0,1.875
41.3333,978.0,1.875
41.4167,980.0,4.26136
41.5,969.0,3.18182
41.6667,961.0,3.18182
41.75,977.0,3.40909
41.8333,977.0,4.14773
42.0,972.0,3.69318
42.0833,971.0,3.63636
42.0833,983.0,3.52273
42.25,985.0,3.52273
42.25,974.0,3.69318
42.3333,952.0,3.69318
42.4167,934.0,4.48864
42.4167,921.0,4.48864
42.4167,913.0,4.48864
42.4167,907.0,4.48864
42.5,899.0,0.738636
42.5,903.0,0.738636
42.5,917.0,0.738636
42.5833,930.0,0.738636
42.75,943.0,3.86364
42.8333,932.0,3.86364
42.9167,902.0,3.86364
43.0,897.0,2.89773
43.1667,912.0,2.89773
43.25,921.0,3.75
43.3333,907.0,3.40909
43.4167,877.0,3.69318
43.5,870.0,3.69318
43.5,879.0,3.69318
43.5833,843.0,1.19318
43.6667,813.0,3.52273
43.8333,813.0,3.57954
43.8333,810.0,3.75
43.9167,820.0,1.875
44.0,837.0,3.40909
44.0833,850.0,3.125
44.1667,873.0,3.125
44.25,948.0,3.125
44.4167,991.0,3.125
44.5,943.0,3.63636
44.5,940.0,3.46591
44.5,976.0,3.46591
44.5,1014.0,3.46591
44.6667,976.0,3.46591
44.6667,947.0,3.63636
44.75,974.0,3.63636
44.75,1027.0,1.64773
44.8333,1057.0,1.875
44.8333,1093.0,1.875
44.9167,1119.0,1.875
45.0,1108.0,3.46591
45.1667,1083.0,3.46591
45.25,1070.0,4.31818
45.3333,1060.0,3.18182
45.4167,1059.0,3.92045
45.5833,1070.0,3.92045
45.6667,1076.0,3.92045
45.75,1080.0,3.52273
45.8333,1080.0,3.69318
46.0,1057.0,3.69318
46.0833,1043.0,3.92045
46.1667,1103.0,3.29545
46.25,1117.0,3.01136
46.3333,1090.0,3.01136
46.4167,1045.0,1.98864
46.5,998.0,3.75
46.5,1069.0,3.75
46.5,1090.0,3.75
46.5833,1090.0,3.75
46.6667,1048.0,0.852273
46.75,939.0,3.63636
46.9167,948.0,3.63636
47.0,1035.0,3.69318
47.0833,1089.0,3.18182
47.1667,1089.0,4.31818
47.3333,993.0,4.31818
47.3333,984.0,3.75
47.4167,1011.0,1.81818
47.5833,1027.0,3.46591
47.5833,1018.0,3.52273
47.6667,988.0,3.52273
47.75,967.0,3.75
47.8333,954.0,3.75
47.9167,951.0,3.75
47.9167,961.0,1.64773
48.0833,932.0,2.04545
48.1667,906.0,3.80682
48.25,906.0,3.86364
48.4167,922.0,3.86364
48.5,911.0,3.75
48.5833,896.0,3.80682
48.75,886.0,3.80682
48.75,895.0,3.97727
48.8333,904.0,3.97727
49.0,882.0,3.97727
49.0833,863.0,4.20454
49.0833,876.0,3.46591
49.0833,881.0,3.46591
49.1667,877.0,3.46591
49.25,872.0,0.909091
49.3333,885.0,3.97727
49.5,937.0,3.97727
49.5833,971.0,3.86364
49.6667,940.0,3.69318
49.75,926.0,3.69318
49.9167,928.0,3.57954
50.0,912.0,3.57954
50.0833,900.0,3.80682
50.1667,897.0,3.86364
50.1667,898.0,3.86364
50.25,916.0,3.86364
50.4167,917.0,3.86364
50.4167,915.0,3.46591
50.4167,921.0,3.46591
50.5,922.0,1.25
50.5833,934.0,1.25
50.5833,934.0,1.64773
50.5833,929.0,1.64773
50.5833,917.0,1.64773
50.6667,916.0,0.909091
50.75,934.0,0.909091
50.8333,929.0,3.57954
51.0,944.0,4.03409
51.0833,987.0,4.26136
51.0833,1001.0,3.57954
51.0833,995.0,3.57954
51.25,993.0,3.57954
51.3333,1001.0,5.11364
51.4167,1008.0,4.09091
51.5,975.0,3.75
51.5833,964.0,3.75
51.6667,980.0,4.09091
51.6667,1017.0,4.09091
51.6667,1029.0,4.09091
51.75,994.0,4.09091
51.8333,994.0,4.31818
51.9167,1016.0,3.75
52.0,1011.0,3.75
52.0833,954.0,3.86364
52.25,950.0,3.86364
52.3333,954.0,3.75
52.4167,964.0,3.23864
52.5,958.0,4.26136
52.6667,933.0,4.26136
52.75,920.0,3.86364
52.8333,928.0,3.92045
53.0,920.0,3.92045
53.0833,914.0,3.75
53.1667,934.0,3.57954
53.25,962.0,3.01136
53.3333,977.0,3.75
53.4167,966.0,3.75
53.5,993.0,3.69318
53.5833,990.0,3.69318
53.6667,1019.0,3.69318
53.75,1032.0,1.875
53.8333,1042.0,3.35227
53.9167,1092.0,3.57954
54.0833,1136.0,3.63636
54.1667,1136.0,4.09091
54.25,1107.0,3.52273
54.4167,1034.0,3.52273
54.5,1031.0,3.75
54.5833,1094.0,3.23864
54.6667,1190.0,3.63636
54.75,1153.0,3.69318
54.9167,1117.0,3.69318
55.0,1113.0,3.46591
55.0,1113.0,3.46591
55.0,1151.0,3.46591
55.0,1135.0,3.46591
55.1667,1124.0,3.46591
55.25,1131.0,3.63636
55.3333,1145.0,3.52273
55.4167,1149.0,2.95454
55.5833,1169.0,2.95454
55.6667,1206.0,3.63636
55.6667,1198.0,3.52273
55.75,1042.0,1.64773
55.8333,1044.0,3.23864
55.9167,1165.0,3.23864
55.9167,1302.0,1.81818
56.0,1309.0,1.81818
56.0833,1303.0,4.14773
56.1667,1307.0,2.72727
56.25,1333.0,4.09091
56.3333,1336.0,3.125
56.3333,1282.0,3.125
56.4167,1317.0,3.125
56.5,1354.0,3.63636
56.5833,1315.0,3.125
56.6667,1404.0,3.69318
56.75,1485.0,2.72727
56.8333,1403.0,2.72727
56.9167,1321.0,1.76136
57.0,1152.0,3.63636
57.0833,1238.0,3.97727
57.25,1331.0,3.97727
57.3333,1313.0,3.18182
57.4167,1239.0,3.40909
57.4167,1272.0,3.46591
57.4167,1332.0,3.46591
57.5,1332.0,1.07955
57.6667,1357.0,3.06818
57.6667,1357.0,3.46591
57.6667,1348.0,3.46591
57.6667,1445.0,3.46591
57.75,1509.0,3.46591
57.8333,1516.0,3.57954
57.9167,1516.0,3.29545
58.0,1521.0,3.40909
58.1667,1419.0,3.40909
58.25,1383.0,3.18182
58.3333,1408.0,3.92045
58.4167,1452.0,3.63636
58.5,1464.0,3.40909
58.5833,1439.0,3.23864
58.6667,1413.0,3.23864
58.75,1430.0,1.64773
58.8333,1421.0,3.29545
58.9167,1383.0,3.06818
59.0,1350.0,4.375
59.0833,1331.0,3.06818
59.1667,1395.0,3.29545
59.1667,1402.0,3.29545
59.25,1499.0,3.29545
59.3333,1542.0,1.02273
59.4167,1528.0,3.69318
59.5,1508.0,3.29545
59.5,1575.0,3.29545
59.5833,1619.0,1.42045
59.6667,1572.0,3.35227
59.75,1482.0,3.46591
59.9167,1494.0,3.46591
60.0,1514.0,3.23864
60.0833,1507.0,3.52273
60.0833,1416.0,3.23864
60.1667,1401.0,3.23864
60.25,1400.0,1.53409
60.3333,1443.0,3.75
60.3333,1466.0,3.75
60.4167,1482.0,1.53409
60.4167,1515.0,1.53409
60.5,1583.0,1.36364
60.5833,1583.0,3.35227
60.5833,1623.0,3.35227
60.6667,1521.0,3.35227
60.75,1451.0,1.07955
60.8333,1406.0,3.29545
60.8333,1400.0,3.29545
61.0,1436.0,3.29545
61.0833,1424.0,3.86364
61.1667,1424.0,3.29545
61.25,1423.0,2.84091
61.3333,1481.0,3.06818
61.4167,1472.0,4.88636
61.5,1427.0,3.35227
61.5833,1361.0,3.01136
61.6667,1375.0,3.18182
61.6667,1469.0,3.18182
61.75,1497.0,3.18182
61.75,1490.0,1.07955
61.8333,1464.0,1.70455
61.8333,1455.0,1.70455
61.8333,1453.0,1.70455
61.8333,1413.0,1.70455
62.0,1395.0,1.70455
62.0833,1395.0,3.92045
62.1667,1363.0,3.06818
62.25,1430.0,3.57954
62.3333,1503.0,2.72727
62.4167,1485.0,3.23864
62.5,1424.0,3.46591
62.6667,1402.0,3.46591
62.75,1388.0,3.29545
62.75,1421.0,3.35227
62.75,1456.0,3.35227
62.8333,1418.0,3.35227
62.9167,1416.0,3.125
63.0833,1395.0,3.125
63.1667,1356.0,3.46591
63.25,1401.0,3.01136
63.25,1428.0,2.89773
63.25,1397.0,2.89773
63.25,1360.0,2.89773
63.3333,1374.0,0.795454
63.4167,1431.0,3.29545
63.4167,1431.0,3.29545
63.4167,1441.0,3.29545
63.5,1416.0,3.29545
63.5833,1359.0,4.375
63.6667,1341.0,3.23864
63.8333,1414.0,3.23864
63.8333,1400.0,3.29545
63.9167,1316.0,3.29545
64.0,1261.0,3.35227
64.0833,1315.0,3.125
64.0833,1319.0,3.125
64.25,1274.0,3.125
64.3333,1222.0,3.06818
64.4167,1243.0,3.92045
64.4167,1286.0,3.46591
64.4167,1290.0,3.46591
64.4167,1255.0,3.46591
64.5,1293.0,3.46591
64.5833,1344.0,0.681818
64.5833,1334.0,3.69318
64.6667,1312.0,1.59091
64.75,1319.0,4.14773
64.9167,1327.0,4.14773
65.0,1329.0,3.18182
65.0833,1323.0,4.375
65.1667,1279.0,4.20454
65.25,1167.0,2.78409
65.3333,1170.0,2.78409
65.4167,1125.0,1.70455
65.5,1067.0,3.75
65.5833,1047.0,3.40909
65.6667,1042.0,3.63636
65.6667,1041.0,3.63636
65.6667,1056.0,3.63636
65.6667,1090.0,3.63636
65.75,1187.0,0.681818
65.8333,1190.0,0.681818
65.9167,1273.0,1.76136
66.0,1273.0,3.40909
66.0833,1175.0,2.95454
66.1667,1103.0,4.03409
66.3333,1075.0,4.03409
66.4167,1082.0,3.86364
66.5,1082.0,3.80682
66.5833,1041.0,4.09091
66.6667,968.0,3.125
66.75,973.0,3.35227
66.8333,1021.0,3.35227
66.9167,1098.0,3.52273
67.0,1154.0,3.86364
67.0833,1136.0,3.18182
67.0833,1134.0,3.18182
67.0833,1180.0,3.18182
67.0833,1218.0,3.18182
67.1667,1225.0,0.681818
67.1667,1247.0,0.681818
67.3333,1240.0,1.53409
67.4167,1155.0,3.46591
67.5,1090.0,3.86364
67.5833,1076.0,2.95454
67.6667,1040.0,4.31818
67.75,1029.0,4.31818
67.8333,962.0,1.70455
67.8333,917.0,3.35227
67.9167,981.0,1.59091
68.0,981.0,3.80682
68.0833,1061.0,3.80682
68.1667,1083.0,1.64773
68.25,1073.0,3.29545
68.25,1059.0,3.63636
68.25,1095.0,3.63636
68.4167,1131.0,3.63636
68.5,1122.0,3.86364
68.5,1133.0,3.35227
68.5833,1129.0,1.70455
68.75,1120.0,1.70455
68.8333,1120.0,3.40909
68.9167,1110.0,3.97727
69.0,1104.0,4.20454
69.0833,1106.0,4.20454
69.1667,1108.0,1.76136
69.25,1108.0,3.29545
69.25,1112.0,3.23864
69.3333,1108.0,1.81818
69.4167,1144.0,1.81818
69.5,1144.0,1.81818
69.5833,1166.0,3.29545
69.5833,1160.0,3.29545
69.5833,1141.0,3.29545
69.6667,1126.0,3.29545
69.75,1130.0,0.852273
69.8333,1126.0,3.52273
69.8333,1104.0,3.52273
70.0,1085.0,3.52273
70.0833,1088.0,3.40909
70.1667,1085.0,3.57954
70.3333,1074.0,3.57954
70.4167,1065.0,3.29545
70.5,1082.0,3.75
70.5833,1114.0,3.92045
70.75,1126.0,3.86364
70.8333,1115.0,3.29545
70.9167,1103.0,3.57954
71.0,1096.0,4.31818
71.0833,1078.0,3.40909
71.0833,1054.0,3.40909
71.1667,1029.0,3.40909
71.1667,1019.0,1.07955
71.1667,1031.0,1.07955
71.25,1024.0,1.07955
71.3333,1017.0,0.965909
71.4167,1025.0,3.57954
71.5833,1014.0,3.75
71.6667,1011.0,3.75
71.75,1023.0,3.63636
71.8333,1041.0,3.52273
72.0,1048.0,3.52273
72.0833,1034.0,3.23864
72.1667,1029.0,4.14773
72.25,1045.0,2.84091
72.4167,1077.0,2.84091
72.4167,1080.0,3.40909
72.5,1081.0,3.40909
72.5833,1075.0,3.46591
72.6667,1103.0,3.52273
72.8333,1167.0,3.52273
72.9167,1150.0,3.63636
73.0,1118.0,3.23864
73.0833,1118.0,3.80682
73.25,1104.0,3.80682
73.3333,1121.0,4.31818
73.4167,1169.0,4.09091
73.4167,1236.0,4.09091
73.5,1193.0,1.70455
73.5833,1130.0,1.70455
73.6667,1142.0,4.14773
73.75,1146.0,3.125
73.8333,1147.0,3.125
73.9167,1166.0,1.70455
74.0,1196.0,3.86364
74.0833,1209.0,3.29545
74.0833,1242.0,3.29545
74.0833,1287.0,3.29545
74.1667,1283.0,3.29545
74.1667,1291.0,0.852273
74.1667,1355.0,0.852273
74.25,1408.0,1.07955
74.4167,1359.0,1.07955
74.5,1309.0,3.40909
74.5833,1280.0,3.125
74.6667,1281.0,3.97727
74.6667,1300.0,3.97727
74.75,1513.0,1.81818
74.8333,1436.0,1.81818
74.9167,1294.0,1.53409
75.0,1233.0,3.80682
75.0833,1221.0,4.88636
75.1667,1238.0,3.06818
75.3333,1366.0,3.06818
75.3333,1451.0,3.29545
75.3333,1421.0,3.29545
75.3333,1392.0,3.29545
75.4167,1372.0,0.852273
75.4167,1326.0,0.852273
75.5833,1327.0,1.59091
75.6667,1345.0,3.63636
75.75,1407.0,2.89773
75.8333,1385.0,3.69318
76.0,1333.0,3.46591
76.0833,1306.0,3.29545
76.1667,1327.0,3.63636
76.25,1327.0,3.52273
76.3333,1362.0,3.40909
76.3333,1347.0,3.40909
76.5,1272.0,3.40909
76.5833,1253.0,3.92045
76.6667,1275.0,3.40909
76.6667,1279.0,3.40909
76.75,1280.0,1.53409
76.9167,1199.0,3.52273
76.9167,1151.0,4.20454
77.0,1183.0,1.81818
77.0833,1200.0,3.29545
77.1667,1205.0,3.29545
77.25,1230.0,1.64773
77.3333,1209.0,4.26136
77.5,1224.0,4.26136
77.5833,1277.0,3.52273
77.5833,1288.0,2.95454
77.6667,1299.0,2.95454
77.75,1292.0,3.75
77.75,1265.0,3.75
77.9167,1239.0,3.75
78.0,1231.0,3.57954
78.0833,1215.0,3.35227
78.0833,1205.0,3.35227
78.0833,1174.0,3.35227
78.1667,1113.0,3.35227
78.1667,1132.0,0.852273
78.25,1149.0,1.81818
78.4167,1145.0,3.40909
78.4167,1226.0,3.40909
78.5,1264.0,3.40909
78.5833,1252.0,3.40909
78.75,1223.0,3.40909
78.8333,1187.0,3.46591
78.9167,1166.0,3.63636
79.0,1154.0,3.35227
79.1667,1193.0,3.35227
79.25,1237.0,3.35227
79.3333,1253.0,2.95454
79.4167,1306.0,3.35227
79.4167,1376.0,3.35227
79.5,1376.0,1.64773
79.5,1400.0,1.64773
79.5833,1364.0,1.64773
79.6667,1342.0,1.13636
79.75,1322.0,3.69318
79.8333,1292.0,3.40909
79.9167,1229.0,3.40909
80.4167,1202.0,3.29545
80.5,1258.0,3.29545
80.5,1332.0,2.95454
80.5833,1346.0,1.76136
80.5833,1274.0,1.76136
80.75,1246.0,1.76136
80.8333,1308.0,3.125
80.8333,1379.0,3.125
80.9167,1398.0,3.125
81.0,1351.0,1.70455
81.0833,1355.0,3.46591
81.1667,1355.0,4.31818
81.25,1329.0,4.31818
81.3333,1277.0,1.59091
81.4167,1305.0,3.06818
81.5,1342.0,4.14773
81.5833,1328.0,3.01136
81.75,1297.0,3.06818
81.8333,1323.0,4.26136
81.9167,1327.0,3.06818
82.0,1312.0,3.29545
82.0833,1291.0,3.80682
82.25,1209.0,3.80682
82.3333,1214.0,3.29545
82.4167,1241.0,3.23864
82.5,1239.0,3.52273
82.5,1258.0,3.29545
82.5,1258.0,3.29545
82.5833,1269.0,3.29545
82.6667,1295.0,0.852273
82.75,1310.0,3.125
82.8333,1301.0,3.125
82.9167,1301.0,3.29545
83.0,1300.0,3.23864
83.0833,1293.0,3.69318
83.25,1295.0,3.69318
83.3333,1334.0,3.97727
83.4167,1348.0,3.23864
83.4167,1331.0,2.78409
83.5833,1335.0,2.78409
83.6667,1338.0,4.03409
83.75,1333.0,2.89773
83.8333,1312.0,3.01136
83.9167,1296.0,3.63636
84.0,1301.0,3.06818
84.0,1352.0,3.06818
84.0,1350.0,3.06818
84.0,1342.0,3.06818
84.0833,1361.0,3.06818
84.1667,1427.0,0.625
84.1667,1432.0,3.35227
84.25,1367.0,3.35227
84.3333,1366.0,3.69318
84.4167,1383.0,3.29545
84.5,1364.0,2.84091
84.6667,1350.0,2.84091
84.75,1368.0,3.63636
84.8333,1396.0,3.01136
84.9167,1430.0,3.18182
85.0,1471.0,3.06818
85.0833,1492.0,3.52273
85.0833,1454.0,3.52273
85.25,1365.0,3.52273
85.3333,1383.0,4.14773
85.3333,1484.0,2.84091
85.3333,1552.0,2.84091
85.3333,1551.0,2.84091
85.4167,1514.0,0.795454
85.5,1493.0,3.23864
85.5,1539.0,3.23864
85.5833,1592.0,1.64773
85.6667,1514.0,1.64773
85.75,1490.0,1.47727
85.8333,1557.0,3.57954
85.9167,1586.0,2.72727
86.0,1586.0,3.86364
86.0833,1544.0,3.18182
86.0833,1465.0,3.18182
86.25,1473.0,3.18182
86.25,1536.0,3.40909
86.3333,1575.0,3.40909
86.4167,1517.0,1.59091
86.5,1500.0,3.46591
86.5833,1451.0,3.18182
86.5833,1417.0,3.18182
86.5833,1376.0,3.18182
86.75,1284.0,3.18182
86.8333,1250.0,3.46591
86.9167,1292.0,3.46591
87.0,1340.0,3.125
87.0,1308.0,3.125
87.1667,1316.0,3.125
87.25,1350.0,4.14773
87.3333,1389.0,2.84091
87.4167,1425.0,3.69318
87.5,1404.0,3.63636
87.5,1405.0,3.63636
87.6667,1369.0,3.63636
87.75,1352.0,3.40909
87.75,1379.0,3.23864
87.8333,1396.0,1.64773
87.9167,1408.0,3.46591
88.0,1409.0,3.52273
88.0,1352.0,3.52273
88.0833,1339.0,3.52273
88.0833,1339.0,1.07955
88.1667,1334.0,1.64773
88.25,1324.0,3.69318
88.4167,1320.0,3.69318
88.5,1321.0,3.69318
88.5833,1321.0,4.31818
88.6667,1302.0,2.84091
88.75,1263.0,3.97727
88.9167,1250.0,3.97727
89.0,1232.0,3.46591
89.0833,1189.0,3.06818
89.1667,1163.0,3.97727
89.25,1163.0,3.01136
89.4167,1169.0,3.06818
89.5,1191.0,3.80682
89.5833,1231.0,3.80682
89.5833,1258.0,3.06818
89.5833,1230.0,3.06818
89.75,1210.0,3.06818
89.8333,1182.0,3.80682
89.9167,1181.0,3.46591
90.0,1109.0,3.80682
90.0833,1105.0,3.23864
90.25,1126.0,3.23864
90.3333,1158.0,3.52273
90.4167,1220.0,3.01136
90.5,1240.0,3.40909
90.5833,1206.0,3.29545
90.6667,1172.0,3.69318
90.8333,1153.0,3.69318
90.8333,1164.0,3.40909
90.9167,1193.0,3.40909
91.0,1197.0,5.39773
91.0833,1191.0,5.39773
91.1667,1196.0,1.64773
91.1667,1183.0,3.01136
91.1667,1157.0,3.01136
91.25,1149.0,1.19318
91.3333,1148.0,3.46591
91.4167,1156.0,2.95454
91.5,1166.0,1.98864
91.5833,1155.0,3.35227
91.6667,1130.0,3.52273
91.8333,1147.0,3.52273
91.9167,1171.0,3.35227
92.0,1190.0,4.03409
92.0,1210.0,4.03409
92.1667,1239.0,4.03409
92.25,1242.0,3.46591
92.25,1250.0,3.23864
92.3333,1202.0,1.70455
92.3333,1137.0,1.70455
92.4167,1171.0,1.70455
92.4167,1181.0,1.70455
92.5,1175.0,1.70455
92.5833,1175.0,3.40909
92.6667,1189.0,3.57954
92.75,1201.0,3.46591
92.8333,1213.0,3.46591
92.9167,1217.0,1.81818
93.0,1168.0,3.92045
93.1667,1146.0,3.52273
93.25,1149.0,3.52273
93.3333,1148.0,4.31818
93.4167,1147.0,3.35227
93.5833,1166.0,3.35227
93.6667,1206.0,3.35227
93.75,1228.0,3.63636
93.8333,1232.0,3.57954
94.0,1203.0,3.57954
94.0,1162.0,3.57954
94.0,1162.0,3.57954
94.0,1167.0,3.57954
94.0833,1173.0,0.852273
94.25,1167.0,3.52273
94.3333,1167.0,4.31818
94.4167,1168.0,3.69318
94.5,1163.0,3.57954
94.5833,1130.0,3.52273
94.6667,1093.0,3.52273
94.75,1108.0,3.40909
94.8333,1135.0,3.52273
94.9167,1155.0,3.40909
95.0833,1160.0,3.40909
95.1667,1233.0,4.09091
95.25,1308.0,3.125
95.3333,1316.0,3.57954
95.5,1259.0,3.57954
95.5,1155.0,3.57954
95.5833,1143.0,3.57954
95.5833,1142.0,1.53409
95.6667,1185.0,1.875
95.75,1244.0,3.57954
95.8333,1277.0,3.57954
95.9167,1309.0,1.64773
96.0,1363.0,4.26136
96.0833,1405.0,3.125
96.25,1377.0,3.125
96.3333,1377.0,3.29545
96.4167,1343.0,3.63636
96.5,1331.0,3.40909
96.5833,1351.0,2.95454
96.75,1414.0,3.46591
96.8333,1453.0,3.75
96.9167,1478.0,3.125
96.9167,1477.0,3.29545
97.0,1437.0,1.64773
97.0,1385.0,1.64773
97.0833,1424.0,1.47727
97.1667,1468.0,1.47727
97.25,1475.0,1.81818
97.3333,1393.0,3.125
97.3333,1343.0,3.29545
97.3333,1341.0,3.29545
97.4167,1406.0,1.02273
97.5,1513.0,3.46591
97.6667,1548.0,3.46591
97.75,1546.0,3.35227
97.8333,1534.0,3.75
97.8333,1533.0,3.75
97.9167,1536.0,1.53409
98.0,1545.0,3.75
98.0833,1538.0,2.89773
98.1667,1513.0,2.89773
98.25,1466.0,1.70455
98.3333,1472.0,3.18182
98.3333,1495.0,3.35227
98.3333,1514.0,3.35227
98.4167,1521.0,1.02273
98.5833,1541.0,1.02273
98.6667,1555.0,3.35227
98.6667,1556.0,3.23864
98.6667,1540.0,3.23864
98.75,1536.0,1.07955
98.8333,1542.0,3.46591
99.0,1539.0,3.46591
99.0833,1520.0,3.69318
99.1667,1473.0,3.18182
99.25,1460.0,3.52273
99.3333,1473.0,3.29545
99.4167,1473.0,3.92045
99.5,1472.0,2.78409
99.5833,1446.0,2.78409
99.6667,1422.0,1.70455
99.75,1418.0,3.06818
99.75,1407.0,3.18182
99.75,1396.0,3.18182
99.8333,1393.0,1.02273
99.9167,1416.0,3.80682
100.0,1433.0,3.23864
100.0,1421.0,3.23864
100.083,1390.0,3.23864
100.167,1391.0,1.07955
100.25,1396.0,3.35227
100.333,1397.0,3.46591
100.5,1398.0,3.35227
100.583,1403.0,3.23864
100.667,1411.0,3.40909
100.75,1422.0,3.18182
100.833,1427.0,3.63636
100.917,1416.0,3.92045
101.0,1411.0,3.92045
101.083,1402.0,1.64773
101.167,1409.0,3.06818
101.167,1432.0,3.29545
101.167,1473.0,3.29545
101.25,1476.0,1.07955
101.417,1464.0,3.35227
101.417,1454.0,3.40909
101.417,1454.0,3.40909
101.417,1433.0,3.40909
101.5,1405.0,0.852273
101.583,1381.0,3.06818
101.75,1374.0,3.06818
101.833,1402.0,3.40909
101.917,1405.0,3.23864
102.0,1374.0,3.40909
102.083,1361.0,3.52273
102.167,1408.0,3.35227
102.25,1399.0,3.46591
102.333,1377.0,3.46591
102.417,1364.0,1.70455
102.5,1360.0,2.67045
102.5,1360.0,3.52273
102.583,1368.0,1.53409
102.583,1357.0,1.53409
102.75,1325.0,1.76136
102.833,1314.0,3.23864
102.917,1340.0,3.57954
103.0,1346.0,3.40909
103.083,1346.0,4.26136
103.25,1333.0,4.26136
103.333,1307.0,3.35227
103.417,1301.0,3.125
103.5,1290.0,3.40909
103.5,1283.0,3.40909
103.583,1290.0,1.70455
103.75,1299.0,2.67045
103.75,1300.0,3.86364
103.833,1310.0,3.86364
103.917,1338.0,1.64773
104.0,1387.0,3.125
104.0,1345.0,3.125
104.083,1298.0,1.59091
104.25,1297.0,1.59091
104.333,1300.0,3.46591
104.417,1281.0,3.06818
104.5,1258.0,3.35227
104.5,1247.0,3.35227
104.667,1276.0,3.35227
104.75,1376.0,3.80682
104.833,1356.0,2.78409
104.917,1343.0,3.52273
105.0,1354.0,3.46591
105.083,1341.0,3.46591
105.167,1357.0,3.46591
105.167,1356.0,1.76136
105.25,1338.0,1.76136
105.333,1363.0,1.59091
105.417,1361.0,3.125
105.5,1328.0,3.18182
105.5,1348.0,3.18182
105.583,1412.0,1.47727
105.75,1443.0,1.47727
105.833,1417.0,3.35227
105.917,1412.0,3.23864
106.0,1412.0,2.95454
106.083,1452.0,3.18182
106.167,1509.0,3.52273
106.25,1530.0,3.46591
106.333,1550.0,2.89773
106.417,1555.0,3.06818
106.5,1565.0,3.18182
106.667,1564.0,3.18182
106.75,1562.0,3.18182
106.833,1571.0,2.84091
106.917,1594.0,3.35227
106.917,1626.0,2.84091
107.0,1642.0,2.84091
107.083,1694.0,1.42045
107.167,1735.0,2.95454
107.167,1783.0,2.89773
107.25,1785.0,2.89773
107.333,1764.0,1.30682
107.417,1772.0,3.29545
107.5,1794.0,2.95454
107.5,1799.0,2.84091
107.583,1858.0,2.84091
107.583,1875.0,1.30682
107.667,1833.0,1.30682
107.75,1813.0,1.47727
107.833,1846.0,2.89773
107.833,1858.0,2.61364
108.0,1831.0,2.61364
108.083,1736.0,3.69318
108.083,1731.0,2.5
108.25,1794.0,2.5
108.333,1828.0,3.23864
108.333,1836.0,2.95454
108.417,1831.0,2.44318
108.417,1830.0,2.44318
108.5,1825.0,1.36364
108.583,1831.0,2.55682
108.667,1843.0,2.44318
108.667,1872.0,2.44318
108.667,1912.0,2.44318
108.75,1946.0,2.44318
108.75,1886.0,0.795454
108.833,1886.0,2.55682
108.917,1789.0,2.67045
108.917,1740.0,2.67045
109.0,1748.0,2.67045
109.083,1783.0,1.13636
109.167,1726.0,2.5
109.25,1720.0,3.125
109.25,1719.0,2.21591
109.333,1819.0,2.44318
109.417,1845.0,2.32954
109.5,1805.0,3.06818
109.583,1800.0,2.32954
109.583,1835.0,2.32954
109.583,1886.0,2.32954
109.583,1928.0,2.32954
109.75,1839.0,2.32954
109.75,1727.0,2.89773
109.75,1751.0,2.89773
109.833,1911.0,2.89773
109.917,1899.0,1.13636
110.0,1866.0,2.55682
110.083,1864.0,2.5
110.083,1888.0,2.38636
110.167,1913.0,2.44318
110.25,1889.0,2.61364
110.333,1863.0,2.5
110.417,1865.0,2.5
110.5,1851.0,2.10227
110.5,1799.0,2.78409
110.5,1753.0,2.78409
110.583,1756.0,1.19318
110.667,1778.0,2.95454
110.75,1865.0,2.44318
110.833,1876.0,2.72727
110.917,1879.0,2.72727
111.0,1880.0,2.10227
111.083,1861.0,3.01136
111.083,1795.0,2.27273
111.083,1801.0,2.27273
111.083,1828.0,2.27273
111.167,1884.0,0.909091
111.25,1887.0,2.67045
111.25,1837.0,2.67045
111.333,1837.0,2.67045
111.333,1810.0,1.13636
111.417,1795.0,1.13636
111.5,1782.0,1.30682
111.583,1824.0,2.61364
111.667,1834.0,2.72727
111.75,1816.0,2.61364
111.75,1805.0,2.72727
111.833,1791.0,2.32954
111.917,1781.0,3.01136
112.0,1789.0,2.55682
112.083,1781.0,2.72727
112.167,1738.0,2.32954
112.25,1744.0,3.18182
112.333,1753.0,2.72727
112.417,1752.0,2.72727
112.5,1749.0,3.125
112.583,1726.0,3.125
112.667,1719.0,2.72727
112.75,1721.0,2.78409
112.833,1697.0,2.72727
112.917,1712.0,3.125
112.917,1735.0,2.55682
113.0,1729.0,2.55682
113.083,1708.0,1.42045
113.167,1671.0,2.44318
113.167,1598.0,3.06818
113.25,1587.0,3.06818
113.333,1587.0,1.42045
113.417,1550.0,2.5
113.5,1581.0,3.125
113.583,1587.0,2.67045
113.667,1571.0,2.95454
113.75,1571.0,2.89773
113.833,1570.0,2.95454
113.917,1577.0,2.89773
114.0,1600.0,2.67045
114.083,1608.0,3.23864
114.167,1591.0,2.78409
114.25,1595.0,3.06818
114.333,1596.0,2.67045
114.417,1586.0,3.23864
114.5,1554.0,2.72727
114.583,1554.0,3.40909
114.583,1549.0,2.89773
114.667,1576.0,1.47727
114.75,1592.0,1.47727
114.833,1567.0,3.29545
114.917,1558.0,2.67045
115.0,1558.0,3.125
115.083,1559.0,3.01136
115.167,1561.0,3.06818
115.25,1539.0,2.89773
115.333,1538.0,2.95454
115.417,1560.0,3.01136
115.5,1571.0,3.01136
115.583,1531.0,3.06818
115.75,1482.0,3.06818
115.833,1451.0,3.40909
115.917,1473.0,2.95454
116.0,1510.0,3.01136
116.083,1484.0,3.06818
116.167,1480.0,2.95454
116.25,1480.0,2.61364
116.333,1502.0,3.86364
116.417,1512.0,2.89773
116.5,1491.0,3.57954
116.583,1461.0,2.78409
116.583,1451.0,2.78409
116.583,1450.0,2.78409
116.667,1431.0,1.02273
116.75,1428.0,3.125
116.833,1440.0,2.95454
116.917,1473.0,3.06818
116.917,1641.0,3.06818
117.0,1619.0,3.06818
117.083,1568.0,0.965909
117.167,1569.0,2.95454
117.25,1541.0,3.125
117.333,1502.0,3.125
117.417,1507.0,3.52273
117.5,1542.0,3.125
117.583,1569.0,3.01136
117.667,1525.0,2.84091
117.75,1457.0,3.80682
117.833,1457.0,2.55682
117.917,1425.0,3.06818
117.917,1435.0,3.06818
118.0,1411.0,1.53409
118.083,1415.0,2.72727
118.167,1428.0,2.72727
118.167,1442.0,1.59091
118.25,1462.0,1.59091
118.333,1537.0,1.47727
118.333,1535.0,3.23864
118.333,1517.0,3.23864
118.417,1500.0,0.965909
118.5,1440.0,2.84091
118.583,1426.0,3.69318
118.667,1426.0,2.84091
118.833,1434.0,3.23864
118.917,1464.0,3.35227
119.0,1479.0,3.23864
119.083,1509.0,2.84091
119.083,1544.0,3.125
119.167,1548.0,3.125
119.25,1558.0,3.86364
119.25,1564.0,3.86364
119.333,1542.0,1.47727
119.333,1549.0,1.47727
119.333,1593.0,1.47727
119.417,1535.0,1.47727
119.5,1502.0,0.795454
119.583,1490.0,3.35227
119.667,1525.0,3.06818
119.667,1605.0,2.67045
119.75,1590.0,1.59091
119.833,1536.0,3.29545
119.917,1528.0,3.63636
120.083,1527.0,3.06818
120.167,1521.0,3.01136
120.25,1509.0,3.75
120.333,1443.0,2.84091
120.417,1355.0,4.20454
120.5,1343.0,3.06818
120.583,1354.0,3.01136
120.583,1388.0,3.01136
120.583,1390.0,3.01136
120.75,1390.0,3.01136
120.833,1331.0,3.23864
120.917,1367.0,3.23864
121.0,1434.0,3.125
121.0,1461.0,3.23864
121.0,1391.0,3.23864
121.083,1387.0,1.07955
121.083,1306.0,1.07955
121.25,1288.0,1.42045
121.333,1272.0,3.86364
121.417,1254.0,2.89773
121.5,1277.0,3.01136
121.583,1329.0,3.75
121.667,1390.0,3.75
121.667,1409.0,2.32954
121.75,1388.0,1.59091
121.833,1402.0,3.80682
121.917,1440.0,2.78409
122.0,1466.0,3.01136
122.083,1475.0,3.01136
122.167,1474.0,1.64773
122.167,1483.0,3.06818
122.167,1484.0,3.06818
122.25,1466.0,3.06818
122.25,1463.0,0.965909
122.25,1468.0,0.965909
122.25,1476.0,0.965909
122.333,1504.0,0.738636
122.417,1534.0,3.01136
122.5,1555.0,3.06818
122.583,1588.0,3.29545
122.667,1552.0,3.06818
122.75,1460.0,3.01136
122.833,1438.0,3.01136
122.917,1439.0,2.89773
123.083,1481.0,2.89773
123.167,1490.0,3.23864
123.167,1474.0,3.29545
123.167,1479.0,3.29545
123.25,1519.0,3.29545
123.333,1515.0,1.02273
123.333,1518.0,2.61364
123.333,1599.0,2.61364
123.417,1599.0,2.61364
123.417,1648.0,0.965909
123.5,1598.0,0.965909
123.583,1584.0,1.42045
123.583,1595.0,2.84091
123.667,1612.0,2.84091
123.75,1612.0,1.30682
123.833,1593.0,3.23864
123.917,1605.0,2.61364
124.0,1649.0,3.01136
124.083,1678.0,2.61364
124.167,1713.0,2.84091
124.25,1834.0,2.89773
124.333,1895.0,2.32954
124.333,1902.0,3.06818
124.333,1869.0,3.06818
124.417,1757.0,1.30682
124.5,1720.0,2.61364
124.583,1745.0,2.67045
124.667,1804.0,2.61364
124.75,1854.0,2.55682
124.833,1871.0,2.55682
124.917,1862.0,2.32954
125.0,1837.0,2.61364
125.083,1807.0,2.44318
125.083,1846.0,2.5
125.167,1898.0,2.61364
125.25,1914.0,2.44318
125.333,1897.0,2.32954
125.417,1907.0,2.32954
125.5,1932.0,2.55682
125.583,1947.0,2.15909
125.583,1927.0,2.61364
125.667,1871.0,2.44318
125.75,1807.0,2.32954
125.833,1793.0,2.32954
125.917,1788.0,1.93182
126.0,1775.0,2.89773
126.0,1746.0,2.44318
126.083,1792.0,2.44318
126.167,1854.0,3.01136
126.25,1866.0,2.15909
126.25,1864.0,2.15909
126.333,1889.0,1.13636
126.417,1911.0,1.13636
126.5,1914.0,2.15909
126.5,1845.0,2.72727
126.5,1786.0,2.72727
126.5,1720.0,2.72727
126.583,1698.0,0.738636
126.667,1696.0,0.738636
126.75,1814.0,2.27273
126.833,1879.0,2.5
126.833,1891.0,2.32954
126.917,1897.0,2.38636
127.0,1830.0,2.38636
127.083,1718.0,2.04545
127.167,1673.0,2.78409
127.25,1633.0,2.32954
127.25,1580.0,2.44318
127.333,1618.0,2.27273
127.417,1619.0,2.27273
127.5,1594.0,1.98864
127.583,1588.0,2.72727
127.583,1642.0,2.27273
127.667,1754.0,2.32954
127.75,1844.0,2.15909
127.833,1873.0,2.15909
127.917,1832.0,2.44318
127.917,1786.0,2.21591
127.917,1789.0,2.21591
128.0,1867.0,1.13636
128.083,1948.0,1.13636
128.167,1895.0,2.27273
128.167,1854.0,2.10227
128.167,1855.0,2.10227
128.167,1934.0,2.10227
128.25,2115.0,2.10227
128.25,2114.0,0.738636
128.333,2061.0,2.32954
128.333,2062.0,2.32954
128.417,2068.0,2.32954
128.417,2081.0,1.07955
128.417,2079.0,1.07955
128.5,2079.0,1.02273
128.583,2030.0,1.02273
128.583,2000.0,2.10227
128.667,2039.0,2.10227
128.75,2014.0,2.15909
128.833,1985.0,2.15909
128.833,1985.0,1.70455
128.917,1977.0,2.72727
129.0,1996.0,2.15909
129.0,1997.0,2.15909
129.0,1994.0,2.15909
129.083,1993.0,0.909091
129.167,1958.0,2.72727
129.25,1958.0,2.72727
129.25,1954.0,1.93182
129.25,1935.0,1.93182
129.333,1936.0,1.93182
129.333,1913.0,1.02273
129.333,1849.0,1.02273
129.333,1780.0,1.02273
129.333,1807.0,1.02273
129.333,1868.0,1.02273
129.333,1843.0,1.02273
129.333,1793.0,1.02273
129.417,1771.0,1.02273
129.5,1903.0,0.340909
129.5,1861.0,2.5
129.583,1741.0,2.5
129.583,1696.0,1.70455
129.667,1737.0,1.70455
129.667,1764.0,1.70455
129.667,1767.0,1.70455
129.75,1749.0,0.852273
129.833,1726.0,0.852273
129.833,1752.0,2.04545
129.917,1786.0,2.04545
129.917,1781.0,1.64773
130.0,1745.0,1.70455
130.083,1731.0,1.70455
130.083,1778.0,1.875
130.167,1866.0,1.93182
130.25,1870.0,1.93182
130.25,1887.0,1.98864
130.333,1887.0,1.98864
130.333,2026.0,1.25
130.333,2029.0,1.25
130.417,1993.0,1.25
130.417,1999.0,0.965909
130.417,2012.0,0.965909
130.417,1917.0,0.965909
130.5,1866.0,0.795454
130.583,1860.0,0.795454
130.583,1883.0,2.15909
130.667,1884.0,2.15909
130.667,1884.0,1.42045
130.75,1952.0,1.81818
130.75,2064.0,1.81818
130.833,2136.0,1.47727
130.833,2106.0,1.47727
130.833,2068.0,1.47727
130.833,2060.0,1.47727
130.833,2072.0,1.47727
130.917,2072.0,0.568182
130.917,2009.0,0.568182
131.0,1886.0,1.64773
131.0,1797.0,1.64773
131.0,1751.0,1.64773
131.083,1741.0,1.64773
131.083,1709.0,0.738636
131.167,1708.0,0.738636
131.167,1860.0,1.47727
131.25,1944.0,1.93182
131.25,2019.0,1.93182
131.333,2055.0,1.53409
131.417,1991.0,1.53409
131.417,1986.0,1.59091
131.5,1986.0,1.59091
131.5,1960.0,1.59091
131.583,1908.0,1.59091
131.583,1907.0,1.59091
131.583,1932.0,1.59091
131.583,1932.0,1.59091
131.667,1889.0,0.738636
131.75,1872.0,0.738636
131.75,1969.0,1.59091
131.833,1969.0,1.59091
131.833,2036.0,1.42045
131.833,2031.0,1.42045
131.833,1958.0,1.42045
131.917,1921.0,1.42045
131.917,1932.0,0.795454
132.0,1931.0,0.795454
132.0,1949.0,1.36364
132.083,1913.0,1.36364
132.083,1919.0,1.53409
132.083,1939.0,1.53409
132.083,1949.0,1.53409
132.083,1927.0,1.53409
132.083,1902.0,1.53409
132.167,1922.0,1.53409
132.167,1963.0,0.454545
132.25,1964.0,0.454545
132.25,1936.0,1.47727
132.333,1947.0,1.47727
132.333,1951.0,1.36364
132.417,1952.0,1.36364
132.417,1901.0,1.42045
132.5,1774.0,1.42045
132.5,1749.0,1.42045
132.583,1798.0,1.42045
132.583,1820.0,1.36364
132.583,1806.0,1.36364
132.667,1794.0,1.13636
132.667,1795.0,1.13636
132.75,1823.0,1.42045
132.75,1762.0,1.42045
132.833,1696.0,1.25
132.833,1684.0,1.25
132.917,1668.0,1.25
132.917,1679.0,1.25
133.0,1722.0,1.25
133.0,1753.0,1.42045
133.0,1834.0,1.42045
133.083,1938.0,1.25
133.083,2028.0,1.25
133.167,2049.0,1.25
133.167,2018.0,1.02273
133.167,1930.0,1.02273
133.167,1930.0,1.02273
133.167,1838.0,1.02273
133.25,1829.0,0.681818
133.25,1794.0,0.681818
133.333,1786.0,1.30682
133.333,1830.0,1.30682
133.333,1842.0,1.30682
133.417,1869.0,1.02273
133.417,1897.0,1.02273
133.417,1899.0,1.02273
133.5,1907.0,0.852273
133.5,1904.0,0.852273
133.5,1821.0,0.852273
133.5,1772.0,0.852273
133.583,1817.0,0.511364
133.583,1843.0,0.511364
133.583,1857.0,0.511364
133.667,1872.0,0.511364
133.667,1857.0,0.852273
133.667,1863.0,0.852273
133.667,1893.0,0.852273
133.75,1932.0,0.852273
133.75,1927.0,0.681818
133.75,1891.0,0.681818
133.75,1859.0,0.681818
133.833,1888.0,0.681818
133.833,1892.0,0.681818
133.833,1872.0,0.681818
133.833,1860.0,0.681818
133.833,1831.0,0.681818
133.833,1788.0,0.681818
133.917,1789.0,0.511364
133.917,1782.0,0.511364
133.917,1749.0,0.511364
133.917,1771.0,0.511364
133.917,1828.0,0.511364
133.917,1845.0,0.511364
134.0,1804.0,0.511364
134.0,1761.0,0.454545
134.0,1850.0,0.454545
134.0,1881.0,0.454545
134.0,1881.0,0.454545
134.0,1896.0,0.454545
134.0,1941.0,0.454545
134.0,1935.0,0.454545
134.0,1951.0,0.454545
134.0,1952.0,0.454545
134.0,1931.0,0.454545
134.083,1797.0,0.284091
134.083,1716.0,0.284091
134.083,1672.0,0.284091
134.083,1666.0,0.284091
134.083,1709.0,0.284091
134.083,1778.0,0.284091
134.083,1836.0,0.284091
134.083,1886.0,0.284091
134.083,1913.0,0.284091
134.083,1885.0,0.284091
134.083,1817.0,0.284091
134.083,1812.0,0.284091
134.083,1813.0,0.284091
134.083,1870.0,0.284091
134.083,1890.0,0.284091
134.083,1909.0,0.284091
134.083,1922.0,0.284091
134.083,1888.0,0.284091
134.083,1724.0,0.284091
134.083,1684.0,0.284091
134.083,1696.0,0.284091
134.083,1724.0,0.284091
134.083,1813.0,0.284091
134.083,1880.0,0.284091
134.083,1913.0,0.284091
134.083,1989.0,0.284091
134.083,1988.0,0.284091
134.083,1956.0,0.284091
134.083,1898.0,0.284091
134.083,1814.0,0.284091
134.083,1775.0,0.284091
134.083,1956.0,0.284091
134.083,2004.0,0.284091
134.083,1549.0,0.284091
134.083,879.0,0.284091
134.083,879.0,0.284091
134.083,306.0,0.284091
134.083,15.0,0.284091
134.083,0.0,0.284091
134.083,0.0,0.284091
134.083,0.0,0.284091
134.083,0.0,0.284091
134.083,0.0,0.284091
134.083,0.0,0.284091
134.083,0.0,0.284091
134.083,0.0,0.284091
134.083,0.0,0.284091
134.083,0.0,0.284091
134.083,0.0,0.284091
134.083,0.0,0.284091
134.083,0.0,0.0
134.083,0.0,0.0
134.083,0.0,0.0
134.083,0.0,0.0
134.083,0.0,0.0
134.083,0.0,0.0
134.083,0.0,0.0
134.083,0.0,0.0
134.083,0.0,0.0
134.083,0.0,0.0
134.083,0.0,0.0
134.083,0.0,0.0
134.083,0.0,0.0
134.083,0.0,0.0
134.083,0.0,0.0
134.083,0.0,0.0
134.083,0.0,0.0
134.083,0.0,0.0
134.083,0.0,0.0
134.083,0.0,0.0
134.083,0.0,0.0
134.083,0.0,0.0
134.083,0.0,0.0
134.083,0.0,0.0
134.083,0.0,0.0
134.083,0.0,0.0
134.083,0.0,0.0
134.083,0.0,0.0
134.083,0.0,0.0
134.083,0.0,0.0
134.083,0.0,0.0
134.083,0.0,0.0
134.083,0.0,0.0
134.083,0.0,0.0
134.083,0.0,0.0
134.083,0.0,0.0
134.083,0.0,0.0
134.083,0.0,0.0
134.083,0.0,0.0
134.083,0.0,0.0
134.083,0.0,0.0
134.083,0.0,0.0
134.083,0.0,0.0
134.083,0.0,0.0
134.083,0.0,0.0
134.083,0.0,0.0
134.083,0.0,0.0
134.083,0.0,0.0
134.083,0.0,0.0
