0.0,0.0,0.0
0.0,0.0,0.0
0.0,0.0,0.0
0.0,0.0,0.0
0.0,0.0,0.0
0.0,0.0,0.0
0.0,0.0,0.0
0.0,1.0,0.0
0.0,0.0,0.0
0.0,0.0,0.0
0.0,0.0,0.0
0.0,0.0,0.0
0.0,0.0,0.0
0.0,0.0,0.0
0.0,0.0,0.0
0.0,0.0,0.0
0.0,0.0,0.0
0.0,0.0,0.0
0.0,0.0,0.0
0.0,0.0,0.0
0.0,0.0,0.0
0.0,0.0,0.0
0.0,0.0,0.0
0.0,0.0,0.0
0.0,0.0,0.0
0.0,0.0,0.0
0.0,0.0,0.0
0.0,0.0,0.0
0.0,0.0,0.0
0.0,0.0,0.0
0.0,0.0,0.0
0.0,0.0,0.0
0.0,0.0,0.0
0.0,0.0,0.0
0.0,0.0,0.0
0.0,0.0,0.0
0.0,0.0,0.0
0.0,0.0,0.0
0.0,0.0,0.0
0.0,0.0,0.0
0.0,0.0,0.0
0.0,0.0,0.0
0.0,0.0,0.0
0.0,0.0,0.0
0.0,0.0,0.0
0.0,0.0,0.0
0.0,0.0,0.0
0.0,0.0,0.0
0.0,0.0,0.0
0.0,0.0,0.0
0.0,0.0,0.0
0.0,0.0,0.0
0.0,0.0,0.0
0.0,0.0,0.0
0.0,0.0,0.0
0.0,0.0,0.0
0.0,0.0,0.0
0.0,0.0,0.0
0.0,0.0,0.0
0.0,0.0,0.0
0.0,0.0,0.0
0.0,0.0,0.0
0.0,0.0,0.0
0.0,0.0,0.0
0.0,0.0,0.0
0.0,0.0,0.0
0.0,1.0,0.0
0.0,0.0,0.0
0.0,0.0,0.0
0.0,0.0,0.0
0.0,0.0,0.0
0.0,0.0,0.0
0.0,0.0,0.0
0.0,0.0,0.0
0.0,0.0,0.0
0.0,0.0,0.0
0.0,0.0,0.0
0.0,0.0,0.0
0.0,0.0,0.0
0.0,0.0,0.0
0.0,0.0,0.0
0.0,0.0,0.0
0.0,0.0,0.0
0.0,0.0,0.0
0.0,0.0,0.0
0.0,0.0,0.0
0.0,0.0,0.0
0.0,1.0,0.0
0.0,0.0,0.0
0.0,0.0,0.0
0.0,0.0,0.0
0.0,0.0,0.0
0.0,0.0,0.0
0.0,0.0,0.0
0.0,0.0,0.0
0.0,0.0,0.0
0.0,0.0,0.0
0.0,0.0,0.0
0.0,0.0,0.0
0.0,0.0,0.0
0.0,0.0,0.0
0.0,0.0,0.0
0.0,0.0,0.0
0.0,0.0,0.0
0.0,0.0,0.0
0.0,0.0,0.0
0.0,0.0,0.0
0.0,0.0,0.0
0.0,0.0,0.0
0.0,0.0,0.0
0.0,0.0,0.0
0.0,0.0,0.0
0.0,0.0,0.0
0.0,0.0,0.0
0.0,0.0,0.0
0.0,0.0,0.0
0.0,1.0,0.0
0.0,0.0,0.0
0.0,0.0,0.0
0.0,0.0,0.0
0.0,0.0,0.0
0.0,0.0,0.0
0.0,0.0,0.0
0.0,1.0,0.0
0.0,0.0,0.0
0.0,0.0,0.0
0.0,0.0,0.0
0.0,0.0,0.0
0.0,0.0,0.0
0.0,0.0,0.0
0.0,0.0,0.0
0.0,1.0,0.0
0.0,0.0,0.0
0.0,0.0,0.0
0.0,0.0,0.0
0.0,0.0,0.0
0.0,1.0,0.0
0.0,0.0,0.0
0.0,0.0,0.0
0.0,0.0,0.0
0.0,0.0,0.0
0.0,0.0,0.0
0.0,0.0,0.0
0.0,9.0,0.0
0.0,112.0,0.0
0.0,139.0,0.0
0.0,130.0,0.0
0.0,99.0,0.0
0.0,56.0,0.0
0.0,43.0,0.0
0.0,46.0,0.0
0.0,63.0,0.0
0.0,108.0,0.0
0.0,135.0,0.0
0.0,141.0,0.0
0.0,145.0,0.0
0.0,153.0,0.0
0.0,200.0,0.0
0.0,238.0,0.0
0.0,258.0,0.0
0.0,268.0,0.0
0.0,280.0,0.0
0.0,307.0,0.0
0.0,360.0,0.0
0.0,446.0,0.0
0.0,630.0,0.0
0.0,811.0,0.0
0.0,858.0,0.0
0.0,858.0,0.0
0.0,848.0,0.0
0.0833333,782.0,0.0
0.0833333,723.0,0.0
0.0833333,737.0,0.0
0.0833333,782.0,0.0
0.0833333,819.0,0.0
0.0833333,794.0,0.0
0.0833333,754.0,0.0
0.0833333,718.0,0.0
0.0833333,717.0,0.0
0.0833333,751.0,0.0
0.0833333,795.0,0.0
0.0833333,801.0,0.0
0.0833333,784.0,0.0
0.0833333,771.0,0.0
0.0833333,772.0,0.0
0.0833333,772.0,0.0
0.0833333,773.0,0.0
0.0833333,771.0,0.0
0.0833333,783.0,0.0
0.0833333,828.0,0.0
0.0833333,959.0,0.0
0.0833333,1058.0,0.0
0.0833333,1081.0,0.0
0.0833333,1078.0,0.0
0.0833333,1130.0,0.0
0.0833333,1227.0,0.0
0.0833333,1329.0,0.0
0.0833333,1378.0,0.0
0.166667,1345.0,0.0
0.166667,1345.0,0.0
0.166667,1387.0,0.0
0.166667,1482.0,0.0
0.166667,1572.0,0.0
0.166667,1602.0,0.0
0.166667,1604.0,0.0
0.166667,1589.0,0.0
0.166667,1617.0,0.0
0.166667,1637.0,0.0
0.25,1658.0,0.284091
0.25,1672.0,0.284091
0.25,1672.0,0.284091
0.25,1692.0,0.284091
0.25,1717.0,0.284091
0.25,1769.0,0.284091
0.25,1769.0,0.284091
0.333333,1835.0,0.397727
0.333333,1957.0,0.397727
0.333333,1994.0,0.397727
0.333333,2003.0,0.397727
0.333333,2001.0,0.397727
0.333333,1944.0,0.397727
0.416667,1915.0,0.454545
0.416667,1910.0,0.454545
0.416667,1906.0,0.454545
0.416667,1948.0,0.454545
0.416667,2025.0,0.454545
0.5,2037.0,0.454545
0.5,2031.0,0.511364
0.5,2029.0,0.511364
0.5,1959.0,0.511364
0.5,1948.0,0.511364
0.5,1946.0,0.511364
0.5,1965.0,0.511364
0.5,1984.0,0.511364
0.5,1974.0,0.511364
0.583333,1975.0,0.511364
0.583333,2011.0,0.340909
0.583333,2075.0,0.340909
0.583333,2109.0,0.340909
0.666667,2076.0,0.852273
0.666667,2068.0,0.852273
0.666667,2071.0,0.852273
0.75,2033.0,0.909091
0.75,1905.0,0.909091
0.75,1798.0,0.909091
0.75,1750.0,0.909091
0.75,1722.0,0.909091
0.833333,1675.0,0.909091
0.833333,1682.0,0.511364
0.833333,1726.0,0.511364
0.916667,1764.0,0.511364
0.916667,1819.0,0.965909
1.0,1840.0,0.965909
1.0,1840.0,1.19318
1.0,1854.0,1.19318
1.08333,1834.0,1.13636
1.08333,1784.0,1.13636
1.08333,1687.0,1.13636
1.08333,1599.0,1.13636
1.08333,1497.0,1.13636
1.08333,1427.0,1.13636
1.16667,1450.0,1.13636
1.16667,1491.0,0.454545
1.16667,1547.0,0.454545
1.16667,1649.0,0.454545
1.16667,1798.0,0.454545
1.16667,1824.0,0.454545
1.16667,1800.0,0.454545
1.25,1739.0,0.454545
1.25,1709.0,0.397727
1.33333,1697.0,0.397727
1.33333,1640.0,1.42045
1.41667,1620.0,1.76136
1.5,1640.0,1.76136
1.58333,1739.0,2.10227
1.58333,1744.0,2.27273
1.66667,1725.0,2.27273
1.66667,1724.0,1.64773
1.75,1766.0,1.98864
1.83333,1837.0,2.10227
1.91667,1914.0,2.10227
1.91667,1974.0,1.98864
2.0,1992.0,1.875
2.08333,1941.0,1.875
2.16667,1939.0,2.15909
2.25,1927.0,2.72727
2.25,1913.0,2.55682
2.25,1836.0,2.55682
2.33333,1754.0,2.55682
2.33333,1688.0,1.02273
2.41667,1668.0,1.02273
2.5,1699.0,1.36364
2.5,1718.0,2.44318
2.5,1740.0,2.44318
2.5,1792.0,2.44318
2.5,1880.0,2.44318
2.58333,1880.0,0.625
2.66667,1965.0,2.61364
2.75,1978.0,2.78409
2.83333,1980.0,2.89773
2.91667,1969.0,2.89773
3.0,1933.0,2.5
3.08333,1917.0,3.29545
3.16667,1898.0,2.72727
3.25,1858.0,3.01136
3.33333,1883.0,2.95454
3.33333,1983.0,2.95454
3.41667,2007.0,1.53409
3.5,2002.0,3.125
3.58333,2031.0,2.55682
3.75,2082.0,3.40909
3.83333,2049.0,3.86364
3.91667,1999.0,3.23864
4.0,2000.0,3.18182
4.08333,2041.0,3.18182
4.08333,2033.0,3.18182
4.25,1973.0,3.18182
4.33333,1921.0,3.40909
4.33333,1973.0,3.46591
4.41667,2081.0,1.70455
4.58333,2023.0,1.70455
4.66667,1920.0,3.29545
4.75,1850.0,3.75
4.75,1891.0,3.75
4.83333,1895.0,3.75
4.91667,1902.0,3.46591
5.08333,1943.0,3.46591
5.16667,1972.0,3.69318
5.25,2075.0,3.63636
5.25,2053.0,3.46591
5.33333,2010.0,3.46591
5.33333,1971.0,1.25
5.33333,1919.0,1.25
5.41667,1905.0,1.25
5.5,1956.0,4.09091
5.66667,2016.0,4.26136
5.75,2000.0,4.03409
5.91667,1943.0,4.03409
6.0,1943.0,4.26136
6.0,1892.0,4.03409
6.16667,1882.0,4.03409
6.33333,1892.0,4.20454
6.41667,1849.0,4.03409
6.41667,1853.0,4.375
6.5,1922.0,4.375
6.66667,2017.0,4.375
6.75,2131.0,4.26136
6.75,2054.0,3.57954
6.91667,1901.0,3.57954
7.0,1782.0,4.31818
7.08333,1765.0,4.31818
7.25,1848.0,4.31818
7.33333,1797.0,5.11364
7.5,1677.0,5.11364
7.5,1641.0,4.54545
7.66667,1641.0,4.54545
7.83333,1701.0,4.54545
7.91667,1826.0,4.54545
8.0,1918.0,4.77273
8.0,1956.0,4.77273
8.0,1960.0,4.77273
8.0,1930.0,4.77273
8.08333,1858.0,4.77273
8.25,1719.0,4.77273
8.33333,1463.0,5.34091
8.5,1414.0,5.11364
8.58333,1485.0,4.60227
8.75,1586.0,4.375
8.83333,1755.0,4.26136
8.91667,1778.0,4.26136
9.08333,1831.0,4.26136
9.25,1844.0,4.65909
9.33333,1831.0,5.51136
9.5,1810.0,5.51136
9.66667,1819.0,4.77273
9.83333,1813.0,4.77273
9.91667,1795.0,5.28409
10.0833,1856.0,5.28409
10.25,1910.0,5.28409
10.4167,1957.0,5.05682
10.5,1920.0,4.20454
10.6667,1920.0,4.94318
10.75,1793.0,4.43182
10.9167,1782.0,4.43182
11.0,1783.0,4.77273
11.0,1776.0,5.11364
11.0833,1756.0,1.70455
11.0833,1677.0,1.70455
11.1667,1634.0,1.25
11.25,1694.0,1.25
11.4167,1794.0,4.77273
11.5833,1659.0,5.34091
11.75,1589.0,5.34091
11.9167,1608.0,5.34091
12.0,1595.0,5.05682
12.1667,1464.0,5.05682
12.25,1477.0,5.68182
12.4167,1558.0,5.68182
12.4167,1558.0,5.68182
12.4167,1662.0,5.68182
12.5833,1728.0,5.68182
12.75,1730.0,5.17045
12.8333,1682.0,5.17045
13.0,1608.0,5.17045
13.1667,1542.0,5.17045
13.1667,1588.0,4.77273
13.3333,1695.0,4.77273
13.5,1728.0,4.77273
13.6667,1612.0,5.05682
13.6667,1535.0,5.11364
13.75,1553.0,5.11364
13.9167,1559.0,5.11364
14.0833,1559.0,5.11364
14.25,1587.0,5.73864
14.4167,1556.0,5.73864
14.5833,1499.0,5.56818
14.75,1401.0,5.56818
14.9167,1374.0,5.625
14.9167,1418.0,5.45454
15.0,1486.0,1.875
15.0833,1547.0,2.78409
15.0833,1539.0,2.78409
15.0833,1467.0,2.78409
15.25,1445.0,2.78409
15.4167,1445.0,5.05682
15.5,1410.0,6.64773
15.6667,1376.0,5.96591
15.75,1388.0,6.42045
15.9167,1445.0,6.42045
15.9167,1524.0,5.90909
16.0833,1615.0,5.90909
16.25,1700.0,5.51136
16.25,1670.0,5.05682
16.3333,1613.0,1.98864
16.5,1555.0,2.78409
16.6667,1483.0,3.01136
16.75,1368.0,5.56818
16.9167,1364.0,5.56818
17.0833,1398.0,5.56818
17.25,1422.0,5.85227
17.4167,1464.0,5.85227
17.5833,1558.0,5.85227
17.75,1602.0,6.02273
17.8333,1617.0,5.85227
17.8333,1602.0,5.85227
17.9167,1551.0,5.85227
18.0833,1510.0,5.85227
18.25,1479.0,6.13636
18.3333,1466.0,6.13636
18.5,1379.0,6.13636
18.6667,1323.0,6.13636
18.75,1317.0,5.68182
18.9167,1340.0,7.95454
18.9167,1372.0,7.95454
19.0833,1385.0,7.95454
19.25,1440.0,6.64773
19.3333,1455.0,7.21591
19.5833,1437.0,7.21591
19.6667,1423.0,5.90909
19.6667,1417.0,5.90909
19.75,1411.0,1.47727
19.9167,1360.0,6.70454
20.0,1258.0,5.625
20.0,1252.0,5.625
20.0,1281.0,5.625
20.0833,1319.0,5.625
20.3333,1319.0,6.42045
20.5,1333.0,6.59091
20.5833,1323.0,6.42045
20.75,1323.0,6.42045
20.9167,1349.0,7.04545
21.0833,1348.0,7.04545
21.3333,1194.0,6.70454
21.4167,1088.0,6.59091
21.4167,1048.0,6.59091
21.5833,1066.0,6.59091
21.75,1157.0,6.47727
21.9167,1267.0,6.47727
22.0833,1317.0,6.47727
22.25,1326.0,8.40909
22.4167,1320.0,8.40909
22.4167,1269.0,8.57954
22.5833,1233.0,8.57954
22.75,1233.0,6.875
22.8333,1172.0,6.47727
23.0,1118.0,6.47727
23.1667,1100.0,6.47727
23.3333,1114.0,6.47727
23.4167,1136.0,3.40909
23.5833,1204.0,3.40909
23.8333,1295.0,6.13636
23.8333,1310.0,7.67045
24.0833,1319.0,7.67045
24.25,1290.0,6.98863
24.4167,1177.0,6.64773
24.5833,1146.0,6.64773
24.75,1137.0,7.27273
24.9167,1138.0,7.27273
25.0833,1036.0,6.81818
25.3333,863.0,6.81818
25.5,916.0,6.19318
25.5833,997.0,6.76136
25.6667,1065.0,7.27273
25.8333,1245.0,7.27273
26.0833,1241.0,7.27273
26.25,1101.0,6.81818
26.4167,928.0,6.81818
26.5,843.0,6.47727
26.5833,948.0,3.125
26.75,948.0,3.125
26.75,1061.0,7.5
26.75,1125.0,7.5
26.9167,1125.0,7.5
27.0833,1128.0,7.21591
27.25,1147.0,7.21591
27.3333,1170.0,6.42045
27.5,1196.0,6.42045
27.6667,1113.0,7.21591
27.8333,1016.0,7.21591
28.0,1005.0,6.36363
28.0,1079.0,3.52273
28.0833,1226.0,3.52273
28.25,1177.0,8.18182
28.4167,1117.0,8.18182
28.6667,1129.0,6.81818
28.75,1160.0,6.36363
28.9167,1158.0,6.36363
29.1667,1142.0,6.36363
29.1667,1135.0,7.84091
29.3333,1155.0,7.84091
29.4167,1210.0,6.25
29.5,1214.0,6.25
29.6667,1184.0,6.25
29.9167,1140.0,6.25
29.9167,1033.0,6.30682
30.0833,1007.0,6.30682
30.3333,1019.0,6.30682
30.4167,1039.0,7.32954
30.6667,1081.0,7.32954
30.6667,1058.0,6.19318
30.75,958.0,2.21591
30.9167,997.0,3.125
31.0833,1009.0,3.80682
31.3333,891.0,6.07954
31.5,850.0,6.19318
31.6667,860.0,6.81818
31.75,855.0,7.55682
31.9167,849.0,6.875
32.0,882.0,7.10227
32.1667,981.0,7.10227
32.25,1012.0,6.07954
32.4167,918.0,6.07954
32.6667,918.0,6.42045
32.8333,944.0,6.42045
32.9167,955.0,6.36363
33.1667,961.0,6.36363
33.3333,930.0,6.70454
33.4167,922.0,6.98863
33.5,982.0,6.98863
33.5833,1074.0,1.64773
33.75,1120.0,3.23864
33.9167,1143.0,3.23864
34.0833,1120.0,5.73864
34.3333,1083.0,6.53409
34.5,1091.0,6.53409
34.5833,1147.0,6.64773
34.6667,1178.0,3.63636
34.75,1170.0,1.98864
34.8333,1170.0,1.98864
34.9167,1213.0,6.70454
35.1667,1265.0,6.70454
35.3333,1210.0,6.70454
35.4167,1125.0,3.40909
35.5,1080.0,3.40909
35.5833,1100.0,8.01136
35.5833,1196.0,8.01136
35.6667,1168.0,1.30682
35.75,1109.0,1.30682
35.9167,1060.0,1.64773
36.0833,1096.0,5.96591
36.3333,1176.0,5.96591
36.4167,1259.0,6.81818
36.6667,1260.0,6.81818
36.75,1138.0,6.30682
36.9167,1048.0,6.30682
37.0833,1105.0,5.56818
37.0833,1146.0,6.07954
37.1667,1143.0,2.15909
37.4167,1044.0,2.15909
37.5833,986.0,6.93182
37.75,985.0,6.93182
37.9167,1042.0,6.93182
38.0,1135.0,6.70454
38.1667,1155.0,6.70454
38.1667,1155.0,6.47727
38.1667,1106.0,6.47727
38.3333,1054.0,6.47727
38.4167,1054.0,7.89773
38.6667,1128.0,7.84091
38.75,1169.0,6.25
38.8333,1157.0,3.35227
39.0833,1119.0,6.64773
39.1667,1145.0,5.96591
39.3333,1242.0,5.96591
39.4167,1256.0,6.93182
39.5,1254.0,2.04545
39.6667,1217.0,6.64773
39.8333,1018.0,6.64773
40.0,938.0,6.64773
40.0833,942.0,6.875
40.25,960.0,6.875
40.4167,992.0,6.64773
40.4167,1095.0,6.25
40.4167,1135.0,6.25
40.5,1168.0,6.25
40.5833,1164.0,6.98863
40.8333,1061.0,6.98863
41.0,1005.0,6.98863
41.0833,954.0,6.25
41.3333,909.0,6.25
41.5,846.0,6.25
41.6667,945.0,6.25
41.75,1088.0,6.70454
41.8333,1266.0,2.10227
42.0,1373.0,3.46591
42.1667,1150.0,7.21591
42.3333,1023.0,7.21591
42.5,1013.0,7.21591
42.75,1153.0,7.10227
42.8333,1227.0,6.59091
43.0,1026.0,6.59091
43.1667,884.0,7.21591
43.1667,882.0,7.21591
43.25,1055.0,7.21591
43.4167,1217.0,6.98863
43.5833,1361.0,6.98863
43.8333,1307.0,6.59091
43.8333,1307.0,6.53409
44.0,1160.0,6.53409
44.1667,980.0,6.47727
44.1667,1062.0,6.47727
44.3333,1162.0,6.47727
44.5,1170.0,6.36363
44.5,994.0,3.29545
44.6667,989.0,3.29545
44.8333,1062.0,6.02273
44.9167,1103.0,6.02273
45.0,1082.0,2.15909
45.25,1173.0,3.29545
45.3333,1198.0,6.07954
45.4167,1149.0,3.46591
45.4167,1109.0,3.46591
45.5,1164.0,3.46591
45.5833,1168.0,7.84091
45.8333,1126.0,7.84091
45.9167,1131.0,6.47727
46.0,1082.0,6.30682
46.25,997.0,6.30682
46.3333,993.0,7.44318
46.3333,996.0,3.52273
46.3333,984.0,3.52273
46.4167,995.0,3.52273
46.5,1038.0,6.13636
46.75,1063.0,6.53409
46.9167,1086.0,6.53409
47.1667,1247.0,6.81818
47.25,1263.0,7.95454
47.4167,1265.0,7.95454
47.6667,1192.0,6.81818
47.8333,1086.0,6.81818
48.0833,1122.0,6.76136
48.1667,1152.0,5.625
48.3333,1163.0,5.625
48.5,1141.0,5.73864
48.5833,1101.0,7.04545
48.75,1122.0,7.04545
49.0,1157.0,6.64773
49.1667,1177.0,6.76136
49.1667,1143.0,6.81818
49.3333,1110.0,6.81818
49.4167,1110.0,3.57954
49.6667,1110.0,3.57954
49.8333,1111.0,5.79545
50.0,1244.0,6.76136
50.25,1244.0,6.76136
50.3333,1179.0,6.81818
50.5,1110.0,6.93182
50.6667,1099.0,6.93182
50.6667,1143.0,3.40909
50.75,1129.0,2.04545
51.0,1125.0,3.40909
51.1667,1123.0,6.70454
51.3333,1118.0,6.81818
51.5,1091.0,6.30682
51.6667,1082.0,6.30682
51.8333,1072.0,6.30682
52.0,1073.0,5.68182
52.0,1103.0,7.55682
52.1667,1129.0,7.55682
52.3333,1150.0,7.44318
52.5,1181.0,7.44318
52.6667,1180.0,7.44318
52.8333,1138.0,6.36363
53.0,1086.0,6.36363
53.0833,1052.0,8.23863
53.25,1072.0,8.23863
53.3333,1215.0,6.875
53.5,1302.0,6.875
53.6667,1269.0,6.64773
53.8333,1218.0,6.47727
54.0,1260.0,6.47727
54.1667,1277.0,6.47727
54.3333,1253.0,7.38636
54.5,1215.0,7.38636
54.6667,1115.0,6.42045
54.9167,1020.0,6.36363
55.0,1065.0,6.36363
55.0,1255.0,6.36363
55.1667,1492.0,6.36363
55.3333,1486.0,5.85227
55.5,1413.0,6.81818
55.6667,1414.0,6.81818
55.75,1414.0,6.81818
55.9167,1408.0,6.81818
55.9167,1375.0,6.19318
56.0,1367.0,2.04545
56.0833,1339.0,2.04545
56.1667,1219.0,6.47727
56.4167,1118.0,6.47727
56.5,1230.0,5.73864
56.6667,1322.0,6.42045
56.75,1316.0,6.42045
56.9167,1267.0,6.42045
57.0,1285.0,5.45454
57.1667,1338.0,6.30682
57.25,1361.0,6.30682
57.3333,1362.0,2.04545
57.4167,1344.0,6.93182
57.5833,1341.0,6.93182
57.75,1320.0,6.70454
58.0,1284.0,6.70454
58.1667,1225.0,6.70454
58.3333,1183.0,6.70454
58.5,1207.0,6.30682
58.5,1232.0,7.10227
58.5,1306.0,7.10227
58.6667,1368.0,7.10227
58.75,1256.0,7.27273
58.9167,1228.0,6.70454
59.0833,1328.0,5.90909
59.1667,1453.0,6.02273
59.3333,1418.0,6.02273
59.4167,1415.0,7.32954
59.5833,1284.0,7.32954
59.5833,1283.0,6.13636
59.8333,1214.0,6.13636
59.9167,1157.0,6.30682
60.0833,1217.0,6.30682
60.3333,1336.0,6.875
60.3333,1355.0,7.15909
60.5,1309.0,7.15909
60.75,1252.0,7.15909
60.9167,1191.0,6.53409
61.0,1170.0,6.42045
61.1667,1232.0,6.42045
61.1667,1232.0,6.47727
61.3333,1257.0,6.47727
61.5,1258.0,6.64773
61.75,1177.0,6.64773
61.9167,1075.0,6.64773
62.0833,1159.0,6.25
62.25,1268.0,6.25
62.4167,1310.0,6.25
62.5,1235.0,7.44318
62.5,1207.0,2.10227
62.5833,1201.0,2.10227
62.75,1148.0,2.10227
62.9167,1065.0,3.40909
63.0833,1012.0,6.93182
63.25,1034.0,5.79545
63.25,1089.0,8.69318
63.4167,1089.0,8.69318
63.5,1146.0,7.5
63.5,1057.0,7.5
63.5,997.0,7.5
63.75,978.0,7.5
63.9167,1073.0,6.93182
64.0833,1263.0,6.81818
64.25,1269.0,6.64773
64.4167,1246.0,6.64773
64.5833,1262.0,6.64773
64.75,1338.0,6.53409
64.9167,1321.0,6.59091
65.0,1233.0,5.85227
65.1667,1162.0,5.85227
65.3333,1148.0,6.42045
65.5,1162.0,6.42045
65.75,1211.0,6.42045
65.9167,1272.0,6.42045
66.0833,1303.0,6.47727
66.3333,1276.0,6.81818
66.5,1302.0,6.70454
66.5,1345.0,8.40909
66.6667,1384.0,7.04545
66.8333,1393.0,7.04545
67.0833,1339.0,7.04545
67.1667,1288.0,6.875
67.25,1269.0,6.875
67.5,1269.0,6.875
67.6667,1269.0,6.76136
67.8333,1228.0,6.76136
67.8333,1143.0,5.68182
67.8333,1106.0,5.68182
68.0,1163.0,5.68182
68.1667,1387.0,5.68182
68.3333,1472.0,6.70454
68.5,1494.0,6.07954
68.6667,1421.0,6.81818
68.75,1238.0,7.32954
68.8333,1291.0,3.01136
68.8333,1343.0,3.01136
68.8333,1287.0,3.01136
69.0,1158.0,3.01136
69.0833,1078.0,7.44318
69.3333,1182.0,7.44318
69.5,1318.0,6.70454
69.6667,1412.0,6.70454
69.9167,1314.0,6.98863
70.0,1249.0,6.02273
70.0,1286.0,6.02273
70.0,1353.0,6.02273
70.0833,1344.0,6.02273
70.25,1240.0,6.02273
70.4167,1181.0,6.02273
70.5,1151.0,8.125
70.6667,1205.0,8.125
70.8333,1325.0,6.81818
70.9167,1332.0,7.55682
71.0,1223.0,2.10227
71.0833,1195.0,3.46591
71.0833,1319.0,3.46591
71.25,1353.0,8.46591
71.4167,1281.0,8.46591
71.6667,1199.0,7.67045
71.75,1213.0,6.19318
71.9167,1273.0,6.19318
72.0833,1230.0,6.19318
72.25,1173.0,6.53409
72.4167,1133.0,6.875
72.5,1202.0,5.96591
72.6667,1202.0,5.96591
72.8333,1272.0,5.96591
73.0,1271.0,5.96591
73.0,1251.0,8.69318
73.25,1314.0,8.69318
73.3333,1366.0,8.40909
73.4167,1389.0,6.19318
73.4167,1370.0,6.19318
73.4167,1282.0,6.19318
73.5,1029.0,6.19318
73.6667,1053.0,6.19318
73.8333,1172.0,8.46591
73.8333,1268.0,7.10227
73.9167,1230.0,2.15909
74.1667,1210.0,3.23864
74.25,1245.0,6.19318
74.25,1245.0,6.19318
74.5,1269.0,6.19318
74.5,1235.0,6.13636
74.5833,1218.0,2.27273
74.75,1221.0,2.27273
74.9167,1225.0,2.27273
75.0,1265.0,6.47727
75.0,1276.0,3.18182
75.1667,1255.0,3.18182
75.4167,1216.0,6.36363
75.5,1202.0,6.98863
75.5833,1265.0,3.125
75.75,1350.0,3.125
75.9167,1343.0,3.125
76.0833,1336.0,6.81818
76.3333,1281.0,6.81818
76.4167,1327.0,6.30682
76.6667,1352.0,6.30682
76.75,1343.0,6.25
76.9167,1256.0,6.25
77.0833,1208.0,6.25
77.3333,1207.0,6.25
77.4167,1235.0,7.10227
77.6667,1294.0,7.10227
77.8333,1282.0,6.93182
78.0,1281.0,6.76136
78.1667,1295.0,6.93182
78.3333,1295.0,6.93182
78.5,1323.0,6.64773
78.5833,1317.0,5.96591
78.6667,1344.0,5.96591
78.75,1384.0,6.47727
78.9167,1401.0,6.47727
79.0833,1391.0,8.69318
79.1667,1345.0,8.69318
79.3333,1270.0,8.69318
79.5833,1243.0,7.44318
79.75,1256.0,6.47727
79.9167,1327.0,6.47727
80.0833,1346.0,6.19318
80.1667,1351.0,6.19318
80.4167,1372.0,6.19318
80.5833,1392.0,6.19318
80.6667,1413.0,6.07954
80.8333,1364.0,6.07954
81.0,1277.0,6.07954
81.0833,1187.0,6.02273
81.1667,1218.0,6.02273
81.3333,1259.0,6.02273
81.4167,1257.0,6.59091
81.5833,1277.0,6.59091
81.75,1337.0,6.59091
81.9167,1310.0,6.59091
82.0,1260.0,3.46591
82.0833,1248.0,3.18182
82.25,1262.0,3.57954
82.5,1263.0,6.42045
82.5833,1297.0,6.36363
82.5833,1320.0,6.36363
82.8333,1305.0,6.36363
83.0,1252.0,6.36363
83.25,1228.0,6.42045
83.3333,1229.0,5.96591
83.5,1218.0,6.07954
83.75,1262.0,6.07954
83.9167,1288.0,6.59091
84.0833,1274.0,6.59091
84.1667,1238.0,6.81818
84.3333,1283.0,6.81818
84.4167,1410.0,6.76136
84.6667,1410.0,7.38636
84.75,1411.0,5.56818
84.8333,1281.0,3.69318
84.9167,1191.0,2.15909
85.0,1187.0,2.15909
85.1667,1167.0,2.15909
85.25,1113.0,6.07954
85.3333,1081.0,6.07954
85.4167,1151.0,6.64773
85.6667,1285.0,6.64773
85.75,1299.0,8.23863
85.8333,1250.0,8.23863
86.0833,1166.0,8.23863
86.25,1181.0,6.42045
86.5,1307.0,6.42045
86.5833,1308.0,6.53409
86.6667,1170.0,3.23864
86.8333,1062.0,3.35227
87.0,1162.0,3.35227
87.1667,1287.0,5.68182
87.1667,1309.0,7.55682
87.4167,1199.0,7.55682
87.5833,1195.0,7.55682
87.8333,1319.0,7.55682
88.0,1400.0,6.42045
88.0,1384.0,6.07954
88.1667,1455.0,6.07954
88.25,1383.0,6.53409
88.4167,1213.0,6.53409
88.5,1214.0,8.69318
88.6667,1332.0,8.69318
88.75,1428.0,5.85227
89.0,1413.0,5.85227
89.1667,1349.0,6.25
89.25,1272.0,6.47727
89.25,1224.0,6.47727
89.5,1224.0,6.47727
89.6667,1285.0,6.47727
89.8333,1378.0,6.47727
90.0,1348.0,8.18182
90.1667,1305.0,7.04545
90.3333,1313.0,6.93182
90.4167,1313.0,6.36363
90.5833,1316.0,6.36363
90.5833,1327.0,7.04545
90.75,1324.0,7.04545
90.8333,1278.0,6.47727
91.0,1194.0,6.59091
91.1667,1222.0,6.59091
91.3333,1366.0,6.59091
91.4167,1426.0,6.53409
91.5833,1452.0,7.89773
91.6667,1414.0,7.89773
91.75,1313.0,5.79545
91.9167,1265.0,5.79545
92.0833,1249.0,6.42045
92.25,1269.0,6.64773
92.5,1284.0,6.64773
92.5833,1248.0,6.30682
92.75,1209.0,6.30682
92.9167,1183.0,6.25
93.0833,1217.0,6.25
93.0833,1304.0,6.25
93.0833,1256.0,6.25
93.1667,1172.0,6.25
93.3333,1126.0,6.76136
93.5833,1101.0,6.76136
93.6667,1123.0,8.18182
93.75,1161.0,2.78409
93.9167,1161.0,2.78409
94.0,1148.0,6.07954
94.0,1134.0,6.07954
94.0,1137.0,6.07954
94.0,1145.0,6.07954
94.0833,1156.0,0.738636
94.1667,1165.0,0.738636
94.25,1156.0,6.76136
94.4167,1146.0,6.36363
94.5833,1135.0,6.81818
94.75,1158.0,6.81818
94.8333,1195.0,5.96591
95.0,1203.0,6.25
95.0833,1210.0,6.25
95.1667,1220.0,6.19318
95.3333,1207.0,6.19318
95.5833,1207.0,6.19318
95.5833,1208.0,7.15909
95.75,1211.0,7.15909
95.8333,1210.0,7.78409
96.0,1208.0,7.78409
96.0833,1184.0,5.56818
96.1667,1142.0,2.10227
96.3333,1129.0,3.01136
96.5,1168.0,3.01136
96.6667,1251.0,5.73864
96.8333,1246.0,5.73864
97.0,1250.0,5.73864
97.1667,1315.0,5.73864
97.3333,1420.0,6.36363
97.5833,1385.0,6.36363
97.6667,1385.0,6.42045
97.75,1328.0,2.84091
97.8333,1267.0,2.84091
97.9167,1336.0,5.90909
98.0833,1376.0,5.90909
98.25,1343.0,5.90909
98.4167,1303.0,6.19318
98.5833,1370.0,6.19318
98.75,1424.0,6.19318
98.9167,1449.0,6.07954
99.0,1402.0,5.28409
99.0,1260.0,5.28409
99.0,1206.0,5.28409
99.0833,1196.0,5.28409
99.3333,1196.0,6.13636
99.5,1256.0,6.13636
99.6667,1382.0,6.13636
99.75,1432.0,6.02273
99.8333,1473.0,6.02273
100.0,1510.0,6.02273
100.0,1577.0,6.07954
100.0,1574.0,6.07954
100.0,1506.0,6.07954
100.083,1427.0,6.07954
100.167,1368.0,6.93182
100.417,1350.0,6.93182
100.583,1348.0,6.76136
100.667,1338.0,5.90909
100.833,1338.0,6.59091
100.917,1336.0,6.42045
101.083,1356.0,6.42045
101.083,1494.0,6.42045
101.083,1552.0,6.42045
101.167,1517.0,6.42045
101.333,1466.0,6.25
101.5,1436.0,6.25
101.667,1416.0,6.25
101.667,1379.0,5.85227
101.917,1287.0,5.85227
102.083,1162.0,6.02273
102.25,1142.0,6.02273
102.25,1177.0,5.45454
102.333,1236.0,1.98864
102.417,1400.0,1.98864
102.583,1553.0,1.98864
102.75,1623.0,6.07954
102.917,1653.0,6.07954
103.0,1574.0,5.73864
103.25,1536.0,5.73864
103.417,1618.0,5.73864
103.583,1688.0,5.73864
103.583,1668.0,5.85227
103.583,1377.0,5.85227
103.583,1288.0,5.85227
103.667,1342.0,5.85227
103.833,1399.0,5.85227
104.083,1504.0,5.85227
104.167,1568.0,5.79545
104.167,1604.0,5.79545
104.333,1634.0,5.79545
104.417,1616.0,6.30682
104.5,1451.0,6.30682
104.583,1358.0,5.45454
104.667,1341.0,2.84091
104.667,1346.0,2.84091
104.833,1315.0,2.84091
104.917,1277.0,6.81818
105.167,1341.0,6.81818
105.25,1469.0,5.79545
105.417,1600.0,5.79545
105.583,1600.0,5.85227
105.75,1604.0,5.85227
105.75,1425.0,6.07954
105.75,1343.0,6.07954
105.75,1410.0,6.07954
105.833,1602.0,0.852273
105.917,1588.0,0.852273
106.0,1527.0,2.04545
106.167,1536.0,2.72727
106.333,1632.0,5.68182
106.5,1611.0,6.64773
106.75,1524.0,6.64773
106.75,1443.0,5.28409
107.0,1404.0,5.28409
107.083,1436.0,5.68182
107.167,1438.0,5.68182
107.25,1451.0,1.875
107.333,1482.0,3.18182
107.5,1670.0,3.18182
107.667,1716.0,5.45454
107.75,1678.0,5.11364
107.917,1619.0,5.17045
108.083,1551.0,5.17045
108.25,1445.0,5.56818
108.25,1378.0,5.625
108.25,1358.0,5.625
108.25,1376.0,5.625
108.333,1405.0,5.625
108.5,1414.0,5.79545
108.667,1413.0,5.79545
108.833,1486.0,5.79545
108.917,1592.0,5.34091
109.083,1612.0,5.34091
109.167,1620.0,5.79545
109.25,1679.0,2.95454
109.333,1747.0,2.95454
109.5,1666.0,5.11364
109.667,1572.0,5.45454
109.833,1547.0,5.51136
110.0,1538.0,5.625
110.167,1386.0,5.625
110.333,1343.0,5.625
110.5,1342.0,5.625
110.583,1342.0,5.05682
110.75,1343.0,5.05682
110.917,1533.0,5.39773
111.0,1577.0,5.0
111.0,1540.0,5.0
111.167,1521.0,5.0
111.25,1551.0,6.36363
111.333,1639.0,2.78409
111.5,1657.0,5.90909
111.583,1644.0,5.79545
111.667,1599.0,2.61364
111.75,1543.0,2.61364
111.917,1516.0,2.61364
112.083,1553.0,4.94318
112.25,1596.0,4.94318
112.333,1579.0,5.39773
112.333,1570.0,5.39773
112.583,1622.0,5.39773
112.667,1653.0,5.68182
112.833,1655.0,5.73864
113.0,1766.0,4.94318
113.167,1794.0,4.94318
113.25,1699.0,5.0
113.417,1578.0,5.0
113.583,1600.0,5.0
113.75,1699.0,5.625
113.917,1714.0,5.39773
113.917,1686.0,5.11364
113.917,1639.0,5.11364
114.0,1512.0,1.30682
114.083,1506.0,1.30682
114.25,1545.0,1.81818
114.333,1624.0,4.94318
114.5,1701.0,5.05682
114.667,1650.0,5.05682
114.75,1572.0,5.73864
114.917,1526.0,5.39773
115.0,1642.0,5.34091
115.167,1621.0,5.34091
115.333,1534.0,5.34091
115.417,1540.0,4.71591
115.583,1600.0,4.71591
115.583,1613.0,5.05682
115.75,1613.0,5.05682
115.917,1699.0,5.34091
116.0,1825.0,4.71591
116.083,1887.0,2.72727
116.25,1758.0,2.72727
116.417,1640.0,5.0
116.5,1626.0,5.96591
116.583,1695.0,5.28409
116.583,1776.0,5.28409
116.75,1704.0,5.28409
116.917,1636.0,5.28409
117.0,1641.0,6.19318
117.167,1727.0,6.19318
117.333,1808.0,5.68182
117.5,1816.0,5.45454
117.667,1732.0,5.45454
117.833,1662.0,5.51136
117.917,1654.0,5.11364
118.083,1678.0,5.11364
118.167,1651.0,5.11364
118.167,1575.0,5.11364
118.167,1522.0,5.11364
118.333,1480.0,5.11364
118.5,1533.0,5.28409
118.667,1671.0,5.17045
118.75,1799.0,5.56818
118.833,1869.0,5.56818
119.0,1833.0,5.56818
119.167,1834.0,5.56818
119.25,1845.0,4.82954
119.333,1867.0,4.82954
119.417,1735.0,5.0
119.417,1613.0,5.0
119.417,1582.0,5.0
119.5,1599.0,5.0
119.583,1634.0,0.795454
119.667,1723.0,2.72727
119.833,1828.0,4.375
119.917,1916.0,4.94318
120.0,1937.0,4.94318
120.167,1878.0,4.94318
120.333,1753.0,4.94318
120.417,1753.0,4.09091
120.583,1754.0,4.77273
120.75,1649.0,4.54545
120.833,1496.0,4.54545
120.917,1508.0,3.97727
121.083,1577.0,4.14773
121.167,1663.0,4.77273
121.333,1807.0,4.60227
121.417,1804.0,5.11364
121.583,1822.0,5.11364
121.667,1900.0,3.86364
121.75,2021.0,3.86364
121.833,2105.0,2.38636
121.833,2105.0,2.44318
122.0,2066.0,2.44318
122.083,2062.0,4.26136
122.083,1822.0,4.26136
122.083,1724.0,4.26136
122.083,1683.0,4.26136
122.167,1683.0,4.26136
122.167,1740.0,0.625
122.25,1737.0,2.38636
122.333,1746.0,2.38636
122.5,1820.0,2.38636
122.583,1886.0,4.03409
122.75,1918.0,4.03409
122.833,1882.0,4.71591
122.917,1828.0,4.71591
123.083,1746.0,4.71591
123.083,1841.0,4.43182
123.167,1895.0,2.04545
123.25,1830.0,2.04545
123.333,1726.0,4.31818
123.417,1643.0,4.31818
123.417,1665.0,2.10227
123.5,1717.0,2.10227
123.667,1759.0,2.10227
123.75,1762.0,4.26136
123.917,1746.0,4.14773
124.0,1756.0,4.03409
124.083,1778.0,4.14773
124.25,1799.0,4.14773
124.417,1785.0,4.14773
124.5,1785.0,5.05682
124.583,1720.0,3.69318
124.583,1739.0,3.69318
124.583,1802.0,3.69318
124.583,1828.0,3.69318
124.583,1698.0,3.69318
124.667,1622.0,3.69318
124.75,1650.0,4.48864
124.833,1798.0,4.48864
124.917,1916.0,4.31818
125.083,1874.0,4.31818
125.167,1927.0,4.375
125.167,2002.0,4.375
125.167,1987.0,4.375
125.333,1958.0,4.375
125.417,1841.0,4.43182
125.583,1795.0,4.09091
125.583,1776.0,4.03409
125.583,1661.0,4.03409
125.583,1647.0,4.03409
125.583,1698.0,4.03409
125.667,1759.0,4.03409
125.75,1965.0,0.568182
125.833,2203.0,3.92045
126.0,2222.0,3.92045
126.083,2184.0,4.65909
126.25,2230.0,4.03409
126.25,2376.0,3.57954
126.333,2377.0,1.875
126.5,2104.0,1.875
126.583,1887.0,3.57954
126.667,1847.0,5.22727
126.75,1818.0,3.57954
126.75,1703.0,3.57954
126.75,1591.0,3.57954
126.833,1648.0,3.57954
126.833,1819.0,0.738636
126.833,1898.0,0.738636
126.917,1957.0,0.738636
126.917,2038.0,0.965909
127.0,2147.0,1.70455
127.167,2209.0,1.70455
127.25,2211.0,3.69318
127.25,2211.0,4.14773
127.25,2395.0,4.14773
127.417,2273.0,4.14773
127.5,2014.0,3.80682
127.583,1851.0,3.29545
127.75,1822.0,3.29545
127.75,1852.0,3.69318
127.833,1851.0,1.875
127.917,1870.0,3.80682
127.917,1955.0,3.80682
127.917,2073.0,3.80682
127.917,2160.0,3.80682
128.083,2202.0,3.80682
128.167,2264.0,4.26136
128.25,2264.0,3.18182
128.333,2059.0,3.86364
128.5,1890.0,3.86364
128.583,1807.0,3.75
128.667,1731.0,3.57954
128.75,1637.0,3.57954
128.833,1490.0,3.57954
128.917,1482.0,1.53409
129.0,1532.0,3.23864
129.083,1609.0,3.57954
129.25,1733.0,3.57954
129.25,1834.0,3.92045
129.25,1888.0,3.92045
129.25,2038.0,3.92045
129.333,2047.0,0.795454
129.5,1990.0,0.795454
129.5,1909.0,3.57954
129.583,1920.0,3.57954
129.667,1967.0,1.64773
129.75,1809.0,3.18182
129.917,1756.0,3.18182
130.0,1813.0,3.35227
130.083,1854.0,3.29545
130.167,1828.0,2.95454
130.25,1844.0,3.29545
130.417,1878.0,3.80682
130.5,1860.0,3.80682
130.583,1772.0,3.35227
130.583,1772.0,2.84091
130.583,1679.0,2.84091
130.667,1715.0,1.13636
130.75,1794.0,3.125
130.75,1804.0,3.125
130.833,1725.0,3.125
130.917,1725.0,1.02273
131.0,1715.0,3.35227
131.083,1691.0,3.18182
131.167,1746.0,3.18182
131.25,1747.0,2.89773
131.333,1694.0,3.35227
131.417,1666.0,3.125
131.5,1666.0,3.23864
131.583,1676.0,2.89773
131.667,1704.0,2.95454
131.667,1719.0,2.95454
131.75,1742.0,2.95454
131.833,1918.0,0.965909
131.917,2169.0,3.29545
131.917,2319.0,2.95454
131.917,2397.0,2.95454
131.917,2389.0,2.95454
131.917,2284.0,2.95454
132.0,2219.0,2.95454
132.083,2138.0,0.568182
132.167,2006.0,2.95454
132.25,1710.0,2.84091
132.333,1667.0,2.84091
132.417,1626.0,2.38636
132.5,1626.0,3.01136
132.583,1591.0,2.44318
132.667,1542.0,3.18182
132.75,1667.0,2.84091
132.833,1909.0,2.72727
132.917,2127.0,2.55682
132.917,2201.0,2.5
133.0,2158.0,2.27273
133.0,2175.0,2.27273
133.083,2242.0,1.53409
133.167,2239.0,2.55682
133.25,2042.0,2.67045
133.333,2040.0,2.67045
133.417,2040.0,2.15909
133.5,1952.0,2.32954
133.5,1955.0,2.89773
133.583,1986.0,2.89773
133.583,1927.0,1.30682
133.583,1871.0,1.30682
133.583,1851.0,1.30682
133.667,1784.0,0.795454
133.75,1666.0,0.795454
133.833,1527.0,2.32954
133.917,1401.0,2.61364
133.917,1290.0,2.44318
134.0,1298.0,2.27273
134.083,1364.0,2.78409
134.167,1362.0,2.27273
134.25,1485.0,2.27273
134.25,1796.0,1.98864
134.25,1984.0,1.98864
134.333,2150.0,1.13636
134.417,2281.0,3.40909
134.5,2260.0,2.44318
134.583,2111.0,2.44318
134.667,2012.0,1.93182
134.667,1993.0,2.61364
134.75,1974.0,2.27273
134.833,1827.0,2.27273
134.917,1821.0,2.67045
134.917,1864.0,2.67045
134.917,1863.0,2.67045
134.917,2203.0,2.67045
134.917,2366.0,2.67045
134.917,2432.0,2.67045
135.0,2442.0,2.67045
135.083,2375.0,0.454545
135.083,2266.0,2.32954
135.083,2205.0,2.32954
135.083,2141.0,2.32954
135.167,2062.0,2.32954
135.25,1905.0,0.795454
135.25,1870.0,2.32954
135.333,1930.0,2.04545
135.417,1984.0,2.44318
135.5,1972.0,2.61364
135.583,1972.0,2.61364
135.667,1977.0,2.32954
135.667,2028.0,2.21591
135.75,2077.0,2.27273
135.833,2066.0,2.61364
135.833,2054.0,2.61364
135.917,2147.0,2.61364
135.917,2227.0,1.07955
136.0,2230.0,2.5
136.083,2263.0,2.5
136.167,2407.0,1.875
136.25,2510.0,2.67045
136.25,2514.0,2.21591
136.333,2497.0,2.27273
136.333,2466.0,2.27273
136.333,2349.0,2.27273
136.333,2208.0,2.27273
136.417,2052.0,0.681818
136.5,1903.0,2.27273
136.5,1895.0,2.27273
136.5,1836.0,2.27273
136.583,1754.0,1.02273
136.667,1866.0,1.02273
136.667,2045.0,2.10227
136.75,2093.0,1.76136
136.833,2100.0,2.44318
136.917,2127.0,2.44318
136.917,2152.0,1.98864
137.0,2175.0,1.81818
137.083,2126.0,1.81818
137.083,2088.0,2.27273
137.167,2256.0,2.04545
137.25,2293.0,2.04545
137.333,2243.0,1.76136
137.333,2153.0,2.55682
137.417,2134.0,2.10227
137.5,2243.0,2.10227
137.5,2295.0,1.98864
137.5,2332.0,1.98864
137.583,2387.0,1.02273
137.667,2399.0,1.02273
137.667,2398.0,2.04545
137.75,2398.0,1.93182
137.833,2334.0,1.93182
137.833,2226.0,1.98864
137.917,2106.0,1.81818
138.0,1986.0,1.81818
138.0,1895.0,1.93182
138.083,1881.0,1.875
138.167,1985.0,1.875
138.167,2120.0,1.81818
138.25,2166.0,1.64773
138.25,2223.0,1.64773
138.25,2268.0,1.64773
138.333,2261.0,1.64773
138.333,2210.0,0.909091
138.417,2209.0,1.64773
138.5,2205.0,1.64773
138.5,2242.0,2.04545
138.583,2315.0,1.81818
138.667,2346.0,1.81818
138.667,2303.0,1.81818
138.75,2220.0,1.81818
138.75,2166.0,1.53409
138.833,2200.0,1.64773
138.833,2221.0,1.64773
138.917,2193.0,1.64773
139.0,2143.0,1.64773
139.0,2151.0,1.64773
139.083,2172.0,1.64773
139.083,2170.0,1.64773
139.167,2215.0,1.64773
139.167,2205.0,1.64773
139.25,2153.0,1.59091
139.25,2043.0,1.59091
139.333,1986.0,1.53409
139.417,1971.0,1.53409
139.417,1908.0,1.59091
139.5,1815.0,1.59091
139.5,1787.0,1.47727
139.5,1894.0,1.47727
139.5,1948.0,1.47727
139.5,1962.0,1.47727
139.5,1963.0,1.47727
139.583,1961.0,0.511364
139.583,1961.0,0.511364
139.667,1899.0,1.53409
139.667,1853.0,1.53409
139.667,1887.0,1.53409
139.667,1958.0,1.53409
139.75,2063.0,0.738636
139.75,2124.0,0.738636
139.833,2132.0,1.47727
139.917,2084.0,1.47727
139.917,2027.0,1.53409
140.0,2038.0,1.53409
140.0,2100.0,1.53409
140.083,2131.0,1.53409
140.083,2141.0,1.47727
140.167,2206.0,1.47727
140.167,2259.0,1.42045
140.25,2217.0,1.42045
140.25,2147.0,1.42045
140.333,2102.0,1.42045
140.333,2064.0,1.42045
140.417,2013.0,1.42045
140.417,1954.0,1.42045
140.5,1922.0,1.42045
140.5,1889.0,1.36364
140.5,1833.0,1.36364
140.583,1843.0,1.36364
140.583,1922.0,1.36364
140.667,1985.0,1.36364
140.667,1986.0,1.36364
140.75,1970.0,1.30682
140.75,1945.0,1.30682
140.833,1920.0,1.30682
140.833,1882.0,1.19318
140.833,1883.0,1.19318
140.917,1966.0,1.07955
140.917,2108.0,1.07955
141.0,2140.0,1.07955
141.0,2084.0,1.19318
141.0,2079.0,1.19318
141.083,2131.0,1.19318
141.083,2151.0,0.965909
141.083,2154.0,0.965909
141.167,2144.0,1.02273
141.167,2144.0,1.02273
141.167,2141.0,1.02273
141.25,2119.0,1.02273
141.25,2082.0,1.02273
141.25,2068.0,1.02273
141.333,2065.0,0.909091
141.333,2068.0,0.909091
141.333,2054.0,0.909091
141.417,2040.0,0.909091
141.417,2043.0,0.909091
141.417,2047.0,0.909091
141.5,2025.0,0.909091
141.5,1969.0,0.852273
141.5,1967.0,0.852273
141.5,1933.0,0.852273
141.583,1895.0,0.795454
141.583,1854.0,0.795454
141.583,1862.0,0.795454
141.583,1870.0,0.795454
141.667,1897.0,0.738636
141.667,2007.0,0.738636
141.667,2072.0,0.738636
141.75,2051.0,0.738636
141.75,1973.0,0.795454
141.75,1894.0,0.795454
141.75,1886.0,0.795454
141.75,1890.0,0.795454
141.833,1890.0,0.681818
141.833,1907.0,0.681818
141.833,2025.0,0.681818
141.833,2083.0,0.681818
141.917,2077.0,0.681818
141.917,2045.0,0.681818
141.917,1996.0,0.681818
141.917,2006.0,0.681818
141.917,2032.0,0.681818
142.0,2067.0,0.568182
142.0,2114.0,0.568182
142.0,2162.0,0.568182
142.0,2121.0,0.568182
142.0,2037.0,0.568182
142.083,2036.0,0.568182
142.083,2036.0,0.568182
142.083,1907.0,0.568182
142.083,1842.0,0.568182
142.083,1781.0,0.568182
142.083,1754.0,0.568182
142.167,1801.0,0.511364
142.167,1882.0,0.511364
142.167,1886.0,0.511364
142.167,1795.0,0.511364
142.167,1357.0,0.511364
142.167,403.0,0.511364
142.167,121.0,0.511364
142.167,60.0,0.511364
142.167,0.0,0.511364
142.167,0.0,0.511364
142.167,0.0,0.511364
142.167,0.0,0.511364
142.167,0.0,0.511364
142.167,1.0,0.511364
142.167,0.0,0.511364
142.167,0.0,0.511364
142.167,1.0,0.511364
142.167,0.0,0.511364
142.167,0.0,0.511364
142.167,0.0,0.511364
142.167,0.0,0.511364
142.167,0.0,0.511364
142.167,0.0,0.511364
142.167,0.0,0.511364
142.167,1.0,0.511364
142.167,0.0,0.511364
142.167,0.0,0.511364
142.167,0.0,0.511364
142.167,0.0,0.511364
142.167,0.0,0.511364
142.167,0.0,0.511364
142.167,0.0,0.511364
142.167,0.0,0.511364
142.167,0.0,0.511364
142.167,0.0,0.511364
142.167,0.0,0.511364
142.167,0.0,0.511364
142.167,0.0,0.511364
142.167,0.0,0.511364
142.167,0.0,0.511364
142.167,0.0,0.511364
142.167,0.0,0.511364
142.167,0.0,0.511364
142.167,0.0,0.511364
142.167,0.0,0.511364
142.167,0.0,0.511364
