0.0,0.0,0.0
0.0,0.0,0.0
0.0,0.0,0.0
0.0,0.0,0.0
0.0,0.0,0.0
0.0,0.0,0.0
0.0,0.0,0.0
0.0,0.0,0.0
0.0,0.0,0.0
0.0,0.0,0.0
0.0,0.0,0.0
0.0,0.0,0.0
0.0,0.0,0.0
0.0,0.0,0.0
0.0,0.0,0.0
0.0,0.0,0.0
0.0,0.0,0.0
0.0,0.0,0.0
0.0,0.0,0.0
0.0,0.0,0.0
0.0,0.0,0.0
0.0,0.0,0.0
0.0,0.0,0.0
0.0,0.0,0.0
0.0,0.0,0.0
0.0,0.0,0.0
0.0,0.0,0.0
0.0,0.0,0.0
0.0,0.0,0.0
0.0,0.0,0.0
0.0,0.0,0.0
0.0,0.0,0.0
0.0,0.0,0.0
0.0,0.0,0.0
0.0,0.0,0.0
0.0,0.0,0.0
0.0,0.0,0.0
0.0,0.0,0.0
0.0,0.0,0.0
0.0,0.0,0.0
0.0,0.0,0.0
0.0,0.0,0.0
0.0,0.0,0.0
0.0,0.0,0.0
0.0,0.0,0.0
0.0,0.0,0.0
0.0,0.0,0.0
0.0,0.0,0.0
0.0,0.0,0.0
0.0,0.0,0.0
0.0,0.0,0.0
0.0,0.0,0.0
0.0,0.0,0.0
0.0,0.0,0.0
0.0,0.0,0.0
0.0,0.0,0.0
0.0,0.0,0.0
0.0,0.0,0.0
0.0,0.0,0.0
0.0,0.0,0.0
0.0,0.0,0.0
0.0,0.0,0.0
0.0,0.0,0.0
0.0,0.0,0.0
0.0,0.0,0.0
0.0,0.0,0.0
0.0,0.0,0.0
0.0,0.0,0.0
0.0,0.0,0.0
0.0,0.0,0.0
0.0,0.0,0.0
0.0,0.0,0.0
0.0,0.0,0.0
0.0,0.0,0.0
0.0,0.0,0.0
0.0,0.0,0.0
0.0,0.0,0.0
0.0,0.0,0.0
0.0,0.0,0.0
0.0,0.0,0.0
0.0,0.0,0.0
0.0,0.0,0.0
0.0,0.0,0.0
0.0,0.0,0.0
0.0,0.0,0.0
0.0,0.0,0.0
0.0,0.0,0.0
0.0,0.0,0.0
0.0,0.0,0.0
0.0,0.0,0.0
0.0,0.0,0.0
0.0,0.0,0.0
0.0,0.0,0.0
0.0,0.0,0.0
0.0,0.0,0.0
0.0,0.0,0.0
0.0,0.0,0.0
0.0,0.0,0.0
0.0,0.0,0.0
0.0,0.0,0.0
0.0,0.0,0.0
0.0,0.0,0.0
0.0,0.0,0.0
0.0,0.0,0.0
0.0,0.0,0.0
0.0,0.0,0.0
0.0,0.0,0.0
0.0,0.0,0.0
0.0,0.0,0.0
0.0,0.0,0.0
0.0,0.0,0.0
0.0,0.0,0.0
0.0,0.0,0.0
0.0,0.0,0.0
0.0,0.0,0.0
0.0,0.0,0.0
0.0,0.0,0.0
0.0,0.0,0.0
0.0,0.0,0.0
0.0,0.0,0.0
0.0,0.0,0.0
0.0,0.0,0.0
0.0,0.0,0.0
0.0,0.0,0.0
0.0,0.0,0.0
0.0,0.0,0.0
0.0,0.0,0.0
0.0,0.0,0.0
0.0,0.0,0.0
0.0,0.0,0.0
0.0,0.0,0.0
0.0,0.0,0.0
0.0,0.0,0.0
0.0,0.0,0.0
0.0,0.0,0.0
0.0,0.0,0.0
0.0,0.0,0.0
0.0,0.0,0.0
0.0,0.0,0.0
0.0,0.0,0.0
0.0,0.0,0.0
0.0,0.0,0.0
0.0,0.0,0.0
0.0,0.0,0.0
0.0,0.0,0.0
0.0,0.0,0.0
0.0,0.0,0.0
0.0,0.0,0.0
0.0,0.0,0.0
0.0,0.0,0.0
0.0,0.0,0.0
0.0,0.0,0.0
0.0,0.0,0.0
0.0,0.0,0.0
0.0,0.0,0.0
0.0,0.0,0.0
0.0,0.0,0.0
0.0,0.0,0.0
0.0,0.0,0.0
0.0,0.0,0.0
0.0,0.0,0.0
0.0,0.0,0.0
0.0,0.0,0.0
0.0,0.0,0.0
0.0,0.0,0.0
0.0,0.0,0.0
0.0,0.0,0.0
0.0,0.0,0.0
0.0,0.0,0.0
0.0,0.0,0.0
0.0,0.0,0.0
0.0,0.0,0.0
0.0,0.0,0.0
0.0,0.0,0.0
0.0,0.0,0.0
0.0,0.0,0.0
0.0,0.0,0.0
0.0,0.0,0.0
0.0,0.0,0.0
0.0,0.0,0.0
0.0,0.0,0.0
0.0,0.0,0.0
0.0,0.0,0.0
0.0,0.0,0.0
0.0,0.0,0.0
0.0,0.0,0.0
0.0,0.0,0.0
0.0,0.0,0.0
0.0,0.0,0.0
0.0,0.0,0.0
0.0,0.0,0.0
0.0,0.0,0.0
0.0,0.0,0.0
0.0,0.0,0.0
0.0,0.0,0.0
0.0,0.0,0.0
0.0,0.0,0.0
0.0,0.0,0.0
0.0,0.0,0.0
0.0,0.0,0.0
0.0,0.0,0.0
0.0,0.0,0.0
0.0,0.0,0.0
0.0,0.0,0.0
0.0,0.0,0.0
0.0,0.0,0.0
0.0,0.0,0.0
0.0,0.0,0.0
0.0,0.0,0.0
0.0,0.0,0.0
0.0,0.0,0.0
0.0,0.0,0.0
0.0,0.0,0.0
0.0,0.0,0.0
0.0,0.0,0.0
0.0,0.0,0.0
0.0,0.0,0.0
0.0,0.0,0.0
0.0,0.0,0.0
0.0,0.0,0.0
0.0,0.0,0.0
0.0,0.0,0.0
0.0,0.0,0.0
0.0,0.0,0.0
0.0,0.0,0.0
0.0,0.0,0.0
0.0,0.0,0.0
0.0,0.0,0.0
0.0,0.0,0.0
0.0,0.0,0.0
0.0,0.0,0.0
0.0,0.0,0.0
0.0,0.0,0.0
0.0,0.0,0.0
0.0,0.0,0.0
0.0,0.0,0.0
0.0,0.0,0.0
0.0,0.0,0.0
0.0,0.0,0.0
0.0,0.0,0.0
0.0,0.0,0.0
0.0,0.0,0.0
0.0,0.0,0.0
0.0,0.0,0.0
0.0,0.0,0.0
0.0,0.0,0.0
0.0,0.0,0.0
0.0,0.0,0.0
0.0,0.0,0.0
0.0,0.0,0.0
0.0,0.0,0.0
0.0,0.0,0.0
0.0,0.0,0.0
0.0,0.0,0.0
0.0,0.0,0.0
0.0,0.0,0.0
0.0,0.0,0.0
0.0,0.0,0.0
0.0,0.0,0.0
0.0,0.0,0.0
0.0,0.0,0.0
0.0,0.0,0.0
0.0,0.0,0.0
0.0,0.0,0.0
0.0,0.0,0.0
0.0,0.0,0.0
0.0,0.0,0.0
0.0,0.0,0.0
0.0,0.0,0.0
0.0,0.0,0.0
0.0,0.0,0.0
0.0,0.0,0.0
0.0,0.0,0.0
0.0,0.0,0.0
0.0,0.0,0.0
0.0,0.0,0.0
0.0,0.0,0.0
0.0,0.0,0.0
0.0,0.0,0.0
0.0,0.0,0.0
0.0,0.0,0.0
0.0,0.0,0.0
0.0,0.0,0.0
0.0,0.0,0.0
0.0,0.0,0.0
0.0,0.0,0.0
0.0,0.0,0.0
0.0,0.0,0.0
0.0,0.0,0.0
0.0,0.0,0.0
0.0,0.0,0.0
0.0,0.0,0.0
0.0,0.0,0.0
0.0,0.0,0.0
0.0,0.0,0.0
0.0,0.0,0.0
0.0,0.0,0.0
0.0,0.0,0.0
0.0,0.0,0.0
0.0,0.0,0.0
0.0,0.0,0.0
0.0,0.0,0.0
0.0,0.0,0.0
0.0,0.0,0.0
0.0,0.0,0.0
0.0,0.0,0.0
0.0,0.0,0.0
0.0,0.0,0.0
0.0,0.0,0.0
0.0,0.0,0.0
0.0,0.0,0.0
0.0,0.0,0.0
0.0,0.0,0.0
0.0,0.0,0.0
0.0,0.0,0.0
0.0,0.0,0.0
0.0,0.0,0.0
0.0,0.0,0.0
0.0,0.0,0.0
0.0,0.0,0.0
0.0,0.0,0.0
0.0,0.0,0.0
0.0,0.0,0.0
0.0,0.0,0.0
0.0,0.0,0.0
0.0,0.0,0.0
0.0,0.0,0.0
0.0,0.0,0.0
0.0,0.0,0.0
0.0,0.0,0.0
0.0,0.0,0.0
0.0,0.0,0.0
0.0,58.0,0.0
0.0,275.0,0.0
0.0,484.0,0.0
0.0,553.0,0.0
0.0,512.0,0.0
0.0,367.0,0.0
0.0,268.0,0.0
0.0,247.0,0.0
0.0,261.0,0.0
0.0,305.0,0.0
0.0,422.0,0.0
0.0,484.0,0.0
0.0,542.0,0.0
0.0,576.0,0.0
0.0,718.0,0.0
0.0,1033.0,0.0
0.0,1263.0,0.0
0.0,1364.0,0.0
0.0,1312.0,0.0
0.0,1212.0,0.0
0.0,1211.0,0.0
0.0,1240.0,0.0
0.0,1257.0,0.0
0.0,1276.0,0.0
0.0,1302.0,0.0
0.0,1315.0,0.0
0.0,1308.0,0.0
0.0,1309.0,0.0
0.0,1323.0,0.0
0.0,1323.0,0.0
0.0,1558.0,0.0
0.0,1758.0,0.0
0.0833333,1918.0,0.113636
0.0833333,2087.0,0.113636
0.0833333,2170.0,0.113636
0.0833333,2283.0,0.113636
0.0833333,2452.0,0.113636
0.0833333,2851.0,0.113636
0.0833333,3089.0,0.113636
0.166667,3145.0,0.113636
0.166667,3080.0,0.113636
0.166667,2920.0,0.113636
0.166667,2804.0,0.113636
0.166667,2800.0,0.113636
0.166667,2795.0,0.113636
0.166667,2779.0,0.113636
0.166667,2734.0,0.113636
0.166667,2734.0,0.113636
0.166667,2764.0,0.113636
0.166667,2844.0,0.113636
0.166667,2902.0,0.113636
0.166667,2837.0,0.113636
0.166667,2802.0,0.113636
0.166667,2808.0,0.113636
0.166667,2811.0,0.113636
0.166667,2737.0,0.113636
0.166667,2746.0,0.113636
0.166667,2747.0,0.113636
0.166667,2855.0,0.113636
0.166667,2824.0,0.113636
0.166667,2834.0,0.113636
0.166667,2864.0,0.113636
0.25,2838.0,0.113636
0.333333,2833.0,0.113636
0.333333,2912.0,1.53409
0.333333,2948.0,1.53409
0.333333,2896.0,1.53409
0.416667,2759.0,0.852273
0.5,2593.0,0.852273
0.5,2561.0,1.93182
0.583333,2514.0,1.875
0.583333,2514.0,1.875
0.583333,2515.0,1.875
0.583333,2368.0,1.875
0.666667,2380.0,0.681818
0.75,2390.0,2.72727
0.833333,2371.0,2.72727
0.833333,2373.0,2.15909
0.916667,2470.0,2.04545
1.0,2570.0,2.67045
1.08333,2664.0,2.67045
1.16667,2750.0,1.98864
1.16667,2863.0,2.72727
1.16667,2924.0,2.72727
1.16667,2932.0,2.72727
1.16667,2874.0,2.72727
1.25,2817.0,2.72727
1.25,2643.0,0.511364
1.25,2519.0,0.511364
1.33333,2418.0,1.30682
1.33333,2378.0,1.30682
1.41667,2481.0,1.30682
1.5,2606.0,1.02273
1.5,2687.0,2.84091
1.66667,2779.0,2.84091
1.75,2908.0,3.35227
1.83333,2879.0,3.06818
1.83333,2803.0,2.89773
1.91667,2771.0,2.89773
2.0,2714.0,4.375
2.08333,2626.0,3.125
2.16667,2534.0,3.23864
2.33333,2450.0,3.23864
2.41667,2363.0,3.57954
2.5,2172.0,3.125
2.58333,2041.0,3.18182
2.58333,1991.0,3.29545
2.58333,2011.0,3.29545
2.58333,2073.0,3.29545
2.66667,2081.0,3.29545
2.75,2122.0,0.681818
2.83333,2206.0,3.63636
2.91667,2276.0,3.80682
3.08333,2294.0,3.75
3.16667,2294.0,3.23864
3.16667,2218.0,3.23864
3.16667,2139.0,3.23864
3.16667,2041.0,3.23864
3.25,1787.0,3.23864
3.25,1594.0,0.681818
3.33333,1558.0,2.15909
3.33333,1591.0,2.15909
3.41667,1559.0,1.19318
3.5,1394.0,4.375
3.58333,1332.0,4.375
3.66667,1346.0,3.75
3.75,1412.0,3.75
3.91667,1516.0,4.26136
4.0,1527.0,4.48864
4.16667,1571.0,4.48864
4.25,1570.0,4.31818
4.41667,1506.0,4.31818
4.5,1453.0,4.54545
4.66667,1508.0,4.375
4.75,1630.0,4.20454
4.91667,1691.0,4.20454
5.0,1437.0,4.20454
5.08333,1202.0,4.26136
5.25,1085.0,4.26136
5.33333,1148.0,4.26136
5.5,1412.0,4.26136
5.66667,1538.0,4.31818
5.75,1541.0,4.48864
5.91667,1444.0,4.60227
6.0,1267.0,4.88636
6.16667,1143.0,4.88636
6.16667,1121.0,4.14773
6.25,1071.0,4.14773
6.41667,942.0,4.54545
6.5,660.0,5.34091
6.66667,540.0,4.26136
6.66667,432.0,4.26136
6.66667,324.0,4.26136
6.66667,193.0,4.26136
6.75,140.0,4.26136
6.75,136.0,0.738636
6.83333,133.0,0.738636
7.0,133.0,1.59091
7.08333,167.0,3.97727
7.25,383.0,4.375
7.33333,453.0,4.88636
7.5,544.0,4.88636
7.58333,690.0,4.09091
7.66667,836.0,4.09091
7.75,905.0,1.98864
7.83333,1061.0,2.44318
8.0,1117.0,4.20454
8.08333,1000.0,4.60227
8.25,892.0,4.60227
8.25,863.0,4.43182
8.41667,860.0,4.43182
8.5,859.0,4.03409
8.66667,739.0,4.03409
8.83333,626.0,4.82954
8.91667,524.0,4.375
9.08333,443.0,4.375
9.16667,340.0,4.375
9.33333,245.0,4.31818
9.41667,220.0,4.03409
9.41667,219.0,3.97727
9.5,180.0,3.97727
9.66667,95.0,3.97727
9.75,78.0,4.26136
9.91667,113.0,4.31818
10.0,373.0,4.20454
10.0,674.0,4.03409
10.1667,918.0,4.03409
10.25,1009.0,3.97727
10.4167,1054.0,3.97727
10.5833,1114.0,3.97727
10.6667,1274.0,4.31818
10.8333,1364.0,4.26136
10.9167,1399.0,4.03409
11.0833,1393.0,4.03409
11.1667,1320.0,4.03409
11.25,1252.0,4.20454
11.3333,1205.0,2.04545
11.5,1176.0,2.04545
11.5,1146.0,3.92045
11.6667,1146.0,3.92045
11.75,1041.0,4.71591
11.9167,942.0,4.71591
12.0,857.0,4.60227
12.1667,840.0,4.20454
12.25,947.0,4.14773
12.3333,985.0,4.03409
12.5,1026.0,4.20454
12.5833,1067.0,4.20454
12.75,1150.0,4.20454
12.8333,1226.0,4.31818
12.9167,1314.0,4.03409
12.9167,1385.0,4.03409
12.9167,1433.0,4.03409
13.0,1476.0,4.03409
13.0833,1562.0,4.20454
13.1667,1583.0,4.20454
13.25,1560.0,3.69318
13.4167,1575.0,3.69318
13.5,1647.0,4.14773
13.6667,1686.0,4.14773
13.75,1701.0,4.43182
13.9167,1673.0,4.43182
13.9167,1664.0,4.26136
14.0,1679.0,1.76136
14.0833,1674.0,1.76136
14.1667,1692.0,4.09091
14.25,1826.0,3.92045
14.25,1830.0,3.92045
14.25,1847.0,3.92045
14.3333,1770.0,3.92045
14.4167,1525.0,3.92045
14.5833,1399.0,3.92045
14.6667,1315.0,4.71591
14.8333,1215.0,4.71591
14.9167,1064.0,4.26136
15.0833,958.0,3.97727
15.1667,936.0,4.48864
15.3333,941.0,4.20454
15.4167,935.0,4.20454
15.5,933.0,4.14773
15.6667,964.0,4.14773
15.75,963.0,3.86364
15.8333,963.0,4.09091
15.9167,985.0,2.27273
16.0,1039.0,2.27273
16.0833,1070.0,4.82954
16.25,1116.0,4.82954
16.4167,1142.0,4.65909
16.5,1105.0,4.71591
16.6667,1055.0,4.54545
16.75,1066.0,3.92045
16.9167,1096.0,4.20454
16.9167,1132.0,5.28409
17.0833,1234.0,5.28409
17.1667,1295.0,4.09091
17.25,1342.0,4.82954
17.3333,1342.0,4.82954
17.4167,1261.0,1.47727
17.5,1128.0,4.26136
17.5833,1029.0,2.32954
17.75,930.0,3.80682
17.8333,831.0,4.375
18.0,630.0,4.375
18.1667,514.0,4.375
18.25,423.0,4.54545
18.3333,363.0,4.31818
18.3333,307.0,4.31818
18.4167,324.0,1.36364
18.4167,346.0,1.36364
18.5,388.0,1.47727
18.5,433.0,1.47727
18.6667,554.0,1.47727
18.75,612.0,4.31818
18.9167,712.0,4.31818
19.0,829.0,4.20454
19.1667,1011.0,4.48864
19.3333,1134.0,4.48864
19.4167,1179.0,5.22727
19.5833,1161.0,5.22727
19.75,1074.0,5.05682
19.75,1042.0,4.375
19.9167,1043.0,4.375
20.0,1005.0,4.375
20.0,944.0,4.375
20.0,757.0,4.375
20.0833,757.0,4.375
20.1667,567.0,4.43182
20.25,426.0,4.43182
20.4167,338.0,4.43182
20.5,211.0,4.65909
20.6667,166.0,4.65909
20.8333,152.0,4.48864
20.9167,181.0,4.94318
21.0833,227.0,4.71591
21.1667,289.0,4.65909
21.25,357.0,4.65909
21.3333,458.0,4.60227
21.3333,518.0,4.60227
21.3333,645.0,4.60227
21.3333,727.0,4.60227
21.4167,792.0,4.60227
21.5,876.0,0.625
21.6667,1021.0,3.92045
21.75,1053.0,5.17045
21.9167,1019.0,5.17045
22.0833,938.0,4.65909
22.1667,804.0,4.54545
22.3333,638.0,4.54545
22.4167,566.0,4.375
22.4167,477.0,4.375
22.5,383.0,1.42045
22.5,272.0,1.42045
22.5,269.0,1.42045
22.5833,216.0,1.42045
22.6667,159.0,4.82954
22.8333,124.0,4.31818
22.9167,178.0,5.34091
23.0833,292.0,5.34091
23.1667,414.0,4.88636
23.25,506.0,4.88636
23.3333,621.0,4.375
23.3333,709.0,4.375
23.4167,809.0,1.47727
23.5833,868.0,3.57954
23.75,879.0,3.97727
23.8333,914.0,4.14773
23.9167,914.0,4.48864
24.0,914.0,2.10227
24.1667,975.0,4.54545
24.25,1027.0,4.43182
24.4167,1082.0,4.43182
24.5,1058.0,4.31818
24.6667,966.0,4.31818
24.8333,810.0,4.31818
24.8333,595.0,4.60227
24.9167,512.0,2.5
25.0,426.0,2.21591
25.0,333.0,2.21591
25.0833,202.0,1.42045
25.25,127.0,1.42045
25.4167,100.0,4.375
25.4167,101.0,4.88636
25.4167,114.0,4.88636
25.5,213.0,1.42045
25.6667,289.0,2.04545
25.75,391.0,4.94318
25.9167,517.0,4.94318
25.9167,735.0,4.09091
26.0,882.0,2.10227
26.0833,989.0,2.10227
26.1667,1106.0,2.15909
26.25,1195.0,2.21591
26.4167,1198.0,2.21591
26.5,1191.0,4.375
26.5833,1204.0,4.03409
26.5833,1209.0,4.03409
26.6667,1169.0,1.47727
26.75,1016.0,1.47727
26.8333,865.0,1.53409
26.9167,752.0,3.80682
27.0,673.0,2.44318
27.1667,604.0,4.14773
27.25,530.0,3.80682
27.3333,462.0,4.09091
27.3333,394.0,2.27273
27.4167,360.0,2.27273
27.4167,424.0,1.36364
27.5,522.0,1.93182
27.6667,631.0,4.26136
27.6667,699.0,4.375
27.6667,699.0,4.375
27.75,805.0,1.07955
27.8333,889.0,1.07955
27.9167,985.0,3.80682
28.0833,1122.0,4.43182
28.25,1239.0,4.43182
28.3333,1251.0,5.34091
28.4167,1193.0,4.03409
28.5,1107.0,2.04545
28.5833,1073.0,4.375
28.6667,1137.0,2.27273
28.8333,1238.0,4.14773
28.9167,1274.0,3.97727
29.0,1282.0,4.43182
29.0,1193.0,4.43182
29.0833,987.0,4.43182
29.0833,865.0,1.07955
29.1667,816.0,1.07955
29.25,753.0,1.47727
29.3333,675.0,2.10227
29.5,614.0,4.82954
29.5833,542.0,4.94318
29.75,452.0,4.54545
29.8333,486.0,4.26136
29.9167,534.0,4.31818
30.0,590.0,2.21591
30.0833,663.0,4.14773
30.0833,725.0,4.14773
30.0833,862.0,4.14773
30.1667,972.0,0.852273
30.3333,1042.0,4.03409
30.4167,1145.0,4.09091
30.5,1254.0,4.375
30.5833,1329.0,4.43182
30.75,1335.0,4.54545
30.8333,1275.0,4.31818
31.0,1259.0,4.31818
31.0833,1278.0,4.31818
31.1667,1287.0,4.31818
31.3333,1226.0,4.31818
31.4167,1034.0,4.03409
31.5,1022.0,4.43182
31.5,842.0,4.43182
31.5833,842.0,4.43182
31.5833,710.0,1.02273
31.75,607.0,2.15909
31.8333,585.0,5.0
31.9167,572.0,3.35227
32.0,596.0,2.38636
32.0833,699.0,4.54545
32.0833,714.0,4.54545
32.25,698.0,4.54545
32.3333,732.0,4.375
32.4167,797.0,4.375
32.5,919.0,4.26136
32.6667,986.0,4.26136
32.75,986.0,4.14773
32.75,995.0,4.14773
32.75,1045.0,4.14773
32.8333,1160.0,4.14773
32.9167,1227.0,5.05682
33.0833,1221.0,5.05682
33.25,1180.0,5.11364
33.3333,1193.0,4.14773
33.5,1184.0,4.14773
33.5,1143.0,4.20454
33.6667,1059.0,4.20454
33.8333,898.0,4.20454
33.9167,875.0,4.48864
34.0833,841.0,4.375
34.1667,844.0,4.31818
34.3333,695.0,4.31818
34.4167,635.0,4.31818
34.5,615.0,4.31818
34.5,602.0,4.31818
34.6667,585.0,4.31818
34.75,566.0,5.17045
34.9167,646.0,4.82954
35.0,766.0,4.09091
35.0833,854.0,4.09091
35.1667,823.0,5.34091
35.3333,811.0,5.34091
35.4167,878.0,3.97727
35.5,940.0,3.97727
35.6667,954.0,3.97727
35.6667,954.0,4.20454
35.6667,1047.0,4.20454
35.6667,1158.0,4.20454
35.8333,1278.0,4.20454
35.8333,1307.0,4.48864
36.0,1214.0,4.48864
36.0833,1187.0,4.54545
36.25,1160.0,4.54545
36.3333,1070.0,4.26136
36.5,865.0,4.26136
36.5833,646.0,5.51136
36.6667,560.0,5.51136
36.8333,536.0,4.60227
36.9167,481.0,4.65909
37.0,447.0,3.92045
37.0,429.0,3.92045
37.0,444.0,3.92045
37.0833,502.0,0.852273
37.1667,643.0,4.375
37.25,762.0,4.375
37.4167,852.0,4.48864
37.5,931.0,4.77273
37.6667,999.0,4.43182
37.75,1097.0,4.375
37.9167,1160.0,4.375
38.0833,1185.0,4.375
38.1667,1209.0,4.375
38.3333,1251.0,4.375
38.4167,1293.0,4.09091
38.5,1323.0,4.03409
38.5,1318.0,4.03409
38.5833,1272.0,4.03409
38.5833,1209.0,1.13636
38.6667,1122.0,1.13636
38.75,1008.0,4.77273
38.9167,905.0,4.77273
39.0833,790.0,4.43182
39.0833,729.0,4.375
39.0833,691.0,4.375
39.0833,660.0,4.375
39.1667,625.0,4.375
39.1667,615.0,0.738636
39.1667,610.0,0.738636
39.1667,610.0,0.738636
39.25,634.0,0.738636
39.3333,750.0,0.681818
39.5,1022.0,4.03409
39.5833,1118.0,4.20454
39.75,1109.0,4.20454
39.8333,1050.0,5.28409
40.0,985.0,4.14773
40.0833,1043.0,5.22727
40.25,1126.0,5.22727
40.4167,1175.0,4.77273
40.5,1155.0,4.48864
40.5,1143.0,4.14773
40.5833,1142.0,4.14773
40.75,1210.0,4.14773
40.8333,1242.0,4.20454
40.8333,1196.0,4.31818
40.9167,1136.0,1.47727
41.0,1057.0,4.26136
41.0833,966.0,4.26136
41.25,812.0,4.48864
41.3333,720.0,4.60227
41.5,653.0,4.26136
41.5833,585.0,4.26136
41.75,546.0,4.26136
41.8333,577.0,4.26136
42.0,614.0,4.31818
42.0833,615.0,4.48864
42.25,759.0,4.14773
42.3333,955.0,4.09091
42.3333,1163.0,4.14773
42.3333,1338.0,4.14773
42.5,1430.0,4.14773
42.5833,1423.0,4.20454
42.75,1426.0,4.20454
42.8333,1455.0,4.26136
43.0,1489.0,4.26136
43.0833,1528.0,4.375
43.25,1571.0,3.97727
43.25,1556.0,3.92045
43.4167,1489.0,3.92045
43.5,1492.0,5.39773
43.5833,1340.0,4.14773
43.5833,1340.0,4.14773
43.5833,1345.0,4.14773
43.5833,1362.0,4.14773
43.6667,1320.0,4.14773
43.75,1198.0,0.625
43.8333,988.0,4.03409
44.0,883.0,4.03409
44.0833,818.0,4.20454
44.25,802.0,4.375
44.4167,922.0,4.375
44.5,1000.0,4.71591
44.6667,984.0,4.43182
44.75,940.0,4.26136
44.8333,957.0,3.52273
44.9167,1017.0,3.52273
45.0833,1084.0,3.52273
45.1667,1077.0,4.26136
45.3333,1150.0,4.26136
45.4167,1433.0,4.14773
45.5833,1486.0,4.14773
45.6667,1452.0,4.14773
45.75,1411.0,3.97727
45.8333,1453.0,4.43182
45.9167,1462.0,2.04545
46.0833,1390.0,4.26136
46.1667,1314.0,3.75
46.3333,1259.0,3.75
46.5,1200.0,4.20454
46.5833,1151.0,5.625
46.6667,1063.0,4.03409
46.6667,988.0,4.03409
46.6667,1001.0,4.03409
46.8333,880.0,4.03409
47.0,723.0,4.375
47.0833,685.0,4.43182
47.25,788.0,4.43182
47.3333,835.0,4.48864
47.5,854.0,4.48864
47.5833,861.0,4.54545
47.75,880.0,4.54545
47.8333,916.0,4.43182
48.0,949.0,4.43182
48.0833,949.0,4.48864
48.1667,1049.0,3.80682
48.1667,1159.0,2.04545
48.1667,1233.0,2.04545
48.25,1181.0,2.04545
48.3333,1161.0,0.909091
48.5,1187.0,4.48864
48.5833,1248.0,3.86364
48.75,1313.0,4.20454
48.8333,1313.0,4.54545
49.0,1282.0,4.48864
49.0,1233.0,4.20454
49.1667,1120.0,4.20454
49.3333,1114.0,4.60227
49.4167,1007.0,4.60227
49.5833,936.0,4.31818
49.6667,865.0,4.77273
49.8333,787.0,4.77273
49.9167,704.0,4.48864
50.0,640.0,4.60227
50.0833,617.0,4.60227
50.25,643.0,4.26136
50.3333,714.0,4.03409
50.5,822.0,4.60227
50.6667,898.0,4.43182
50.75,894.0,4.60227
50.9167,913.0,4.60227
51.0,916.0,5.22727
51.1667,1057.0,4.48864
51.25,1137.0,4.71591
51.4167,1142.0,4.60227
51.5,1149.0,4.48864
51.5,1225.0,4.48864
51.5833,1342.0,1.47727
51.6667,1506.0,1.47727
51.8333,1453.0,2.21591
51.9167,1322.0,4.48864
52.0833,1189.0,4.82954
52.1667,1028.0,4.14773
52.25,955.0,4.82954
52.3333,855.0,1.98864
52.5,856.0,4.09091
52.6667,734.0,4.43182
52.75,734.0,4.60227
52.9167,702.0,4.31818
52.9167,703.0,4.65909
53.0833,678.0,4.65909
53.1667,681.0,4.48864
53.3333,837.0,4.43182
53.4167,936.0,4.48864
53.5833,980.0,4.48864
53.6667,1007.0,4.43182
53.8333,1034.0,4.43182
54.0,1035.0,4.43182
54.0833,1053.0,4.54545
54.25,1074.0,4.54545
54.3333,1074.0,4.54545
54.5,1091.0,4.20454
54.5833,1083.0,4.88636
54.75,1089.0,4.88636
54.8333,1109.0,4.48864
54.9167,1137.0,4.14773
55.0833,1124.0,4.14773
55.1667,1081.0,4.31818
55.3333,933.0,4.31818
55.4167,759.0,5.28409
55.5833,681.0,5.28409
55.5833,669.0,4.48864
55.75,644.0,4.48864
55.8333,608.0,5.51136
56.0,545.0,4.14773
56.0833,501.0,4.43182
56.25,562.0,4.43182
56.4167,778.0,4.43182
56.5,1021.0,4.54545
56.6667,969.0,4.54545
56.6667,930.0,4.31818
56.8333,973.0,4.31818
56.9167,1081.0,4.65909
57.0833,1230.0,4.65909
57.1667,1276.0,4.48864
57.25,1292.0,4.48864
57.3333,1283.0,4.65909
57.4167,1263.0,4.48864
57.5,1274.0,2.10227
57.5833,1316.0,2.10227
57.6667,1316.0,4.31818
57.75,1427.0,4.31818
57.75,1384.0,2.21591
57.75,1124.0,2.21591
57.8333,947.0,1.07955
57.8333,869.0,1.07955
58.0,873.0,1.47727
58.0833,829.0,4.31818
58.25,742.0,4.31818
58.3333,649.0,4.31818
58.5,578.0,4.31818
58.5833,624.0,4.31818
58.5833,669.0,4.31818
58.6667,883.0,1.36364
58.6667,1072.0,1.36364
58.6667,1190.0,1.36364
58.8333,1270.0,1.36364
58.8333,1306.0,4.375
58.8333,1362.0,4.375
58.9167,1440.0,1.07955
59.0,1503.0,1.07955
59.0833,1516.0,4.54545
59.25,1519.0,4.54545
59.4167,1499.0,4.43182
59.5,1458.0,4.43182
59.5833,1410.0,4.54545
59.5833,1409.0,2.15909
59.75,1368.0,2.15909
59.8333,1346.0,4.31818
59.9167,1197.0,5.45454
59.9167,1142.0,5.45454
59.9167,1144.0,5.45454
60.0,1130.0,5.45454
60.1667,1002.0,4.65909
60.1667,924.0,4.26136
60.3333,890.0,4.26136
60.4167,891.0,4.20454
60.5833,984.0,4.20454
60.6667,1152.0,4.26136
60.8333,1203.0,4.375
60.9167,1203.0,3.52273
61.0,1201.0,5.34091
61.0833,1201.0,2.04545
61.25,1164.0,4.09091
61.25,1243.0,4.31818
61.25,1353.0,4.31818
61.3333,1415.0,1.07955
61.4167,1467.0,4.31818
61.5,1451.0,4.31818
61.5833,1419.0,1.47727
61.6667,1414.0,4.26136
61.8333,1444.0,4.26136
61.9167,1567.0,4.09091
62.0,1610.0,4.375
62.1667,1632.0,4.375
62.1667,1632.0,5.45454
62.25,1579.0,2.04545
62.3333,1495.0,2.04545
62.5,1443.0,4.20454
62.5833,1417.0,4.375
62.5833,1330.0,4.375
62.5833,973.0,4.375
62.75,773.0,4.375
62.8333,671.0,4.65909
62.9167,637.0,4.65909
63.0,636.0,4.71591
63.1667,664.0,4.71591
63.3333,727.0,4.71591
63.3333,884.0,4.48864
63.4167,977.0,2.10227
63.5833,1027.0,3.97727
63.6667,1003.0,4.43182
63.6667,1074.0,4.43182
63.8333,1232.0,4.43182
63.8333,1451.0,4.43182
63.8333,1472.0,4.43182
63.9167,1470.0,4.43182
64.0833,1472.0,4.43182
64.1667,1487.0,4.77273
64.3333,1497.0,4.77273
64.5,1468.0,4.77273
64.5833,1445.0,4.54545
64.75,1406.0,4.54545
64.8333,1186.0,4.03409
64.9167,1026.0,4.43182
65.0833,1026.0,4.43182
65.1667,947.0,5.39773
65.3333,905.0,4.31818
65.3333,817.0,4.54545
65.3333,716.0,4.54545
65.4167,610.0,1.36364
65.5833,540.0,2.38636
65.6667,571.0,4.54545
65.8333,697.0,4.54545
65.9167,770.0,4.88636
66.0833,844.0,4.88636
66.1667,908.0,4.54545
66.25,940.0,4.03409
66.25,984.0,4.03409
66.3333,1062.0,4.03409
66.4167,1154.0,4.375
66.4167,1245.0,4.375
66.5,1282.0,1.47727
66.5,1356.0,1.47727
66.5,1424.0,1.47727
66.5833,1320.0,0.909091
66.75,1130.0,0.909091
66.8333,1076.0,4.43182
67.0,1044.0,4.43182
67.1667,999.0,4.65909
67.25,761.0,4.60227
67.4167,732.0,4.60227
67.5833,620.0,4.65909
67.5833,574.0,4.48864
67.75,509.0,4.48864
67.75,569.0,4.88636
67.75,673.0,4.88636
67.75,742.0,4.88636
67.75,805.0,4.88636
67.9167,1048.0,4.88636
68.0,1095.0,4.20454
68.1667,1064.0,4.20454
68.3333,1074.0,4.20454
68.4167,1252.0,5.0
68.5,1310.0,3.86364
68.5833,1315.0,4.71591
68.75,1262.0,4.71591
68.8333,1279.0,4.60227
69.0,1279.0,4.60227
69.0833,1327.0,4.31818
69.25,1303.0,4.31818
69.3333,1231.0,4.375
69.5,1173.0,4.375
69.6667,1165.0,4.375
69.75,1115.0,4.14773
69.9167,1012.0,4.14773
70.0,880.0,4.60227
70.1667,720.0,4.60227
70.25,665.0,4.20454
70.4167,660.0,4.20454
70.4167,660.0,3.57954
70.5833,684.0,3.57954
70.6667,663.0,4.20454
70.75,658.0,4.20454
70.75,696.0,1.98864
70.9167,876.0,2.21591
71.0,1148.0,4.14773
71.1667,1208.0,4.375
71.3333,1186.0,4.375
71.3333,1170.0,4.94318
71.5,1202.0,4.94318
71.5833,1293.0,4.54545
71.75,1381.0,4.54545
71.8333,1425.0,4.31818
71.9167,1427.0,4.26136
72.0,1427.0,2.04545
72.1667,1420.0,2.04545
72.25,1451.0,5.625
72.25,1507.0,5.625
72.3333,1417.0,1.42045
72.5,1240.0,4.375
72.5833,1112.0,4.14773
72.6667,1050.0,4.71591
72.75,1023.0,2.21591
72.8333,863.0,4.09091
73.0,748.0,4.09091
73.0,742.0,5.17045
73.0833,770.0,5.17045
73.1667,804.0,1.36364
73.25,900.0,5.11364
73.4167,900.0,5.11364
73.5,996.0,4.375
73.5833,1123.0,4.375
73.75,1271.0,4.375
73.75,1237.0,3.86364
73.8333,1168.0,3.86364
73.9167,1163.0,1.42045
74.0,1257.0,5.22727
74.0833,1481.0,2.10227
74.25,1475.0,3.57954
74.3333,1379.0,5.11364
74.5,1307.0,5.11364
74.5833,1294.0,4.77273
74.6667,1366.0,4.48864
74.75,1393.0,2.21591
74.9167,1362.0,2.21591
75.0,1242.0,3.35227
75.0833,1098.0,5.11364
75.0833,1047.0,5.11364
75.1667,1011.0,1.47727
75.25,976.0,1.47727
75.3333,825.0,1.42045
75.4167,741.0,5.73864
75.5833,725.0,5.73864
75.75,745.0,4.82954
75.8333,764.0,4.94318
76.0,776.0,4.94318
76.0833,894.0,4.71591
76.25,925.0,4.14773
76.3333,901.0,4.82954
76.4167,997.0,4.48864
76.5,1088.0,4.48864
76.6667,1155.0,4.48864
76.6667,1204.0,4.375
76.75,1279.0,4.375
76.75,1342.0,1.42045
76.9167,1366.0,2.32954
77.0,1393.0,4.48864
77.0833,1446.0,2.21591
77.25,1487.0,3.92045
77.3333,1485.0,4.54545
77.5,1313.0,4.48864
77.5,1186.0,3.86364
77.6667,1186.0,3.86364
77.75,1124.0,4.71591
77.75,1137.0,4.71591
77.8333,1091.0,1.47727
77.9167,977.0,3.97727
77.9167,790.0,3.97727
78.0,694.0,3.97727
78.1667,738.0,4.31818
78.25,830.0,4.375
78.3333,914.0,4.20454
78.5,965.0,4.20454
78.6667,1013.0,4.43182
78.75,1012.0,4.60227
78.8333,1084.0,4.54545
79.0,1199.0,4.54545
79.0833,1268.0,5.0
79.1667,1339.0,2.10227
79.3333,1392.0,3.97727
79.4167,1374.0,4.65909
79.4167,1344.0,4.31818
79.4167,1379.0,4.31818
79.5,1468.0,4.31818
79.5833,1525.0,4.54545
79.6667,1473.0,4.54545
79.75,1416.0,4.48864
79.9167,1342.0,4.48864
80.0833,1340.0,4.48864
80.1667,1172.0,4.48864
80.25,1074.0,4.09091
80.3333,1058.0,1.98864
80.5,1053.0,4.54545
80.5,1059.0,4.09091
80.6667,1133.0,4.09091
80.6667,1177.0,4.77273
80.6667,1264.0,4.77273
80.6667,1391.0,4.77273
80.8333,1564.0,4.77273
80.8333,1543.0,4.375
80.9167,1501.0,1.98864
81.0833,1491.0,4.09091
81.1667,1521.0,3.69318
81.3333,1572.0,3.69318
81.4167,1571.0,3.97727
81.5,1571.0,3.97727
81.5833,1585.0,3.86364
81.6667,1601.0,3.86364
81.75,1554.0,4.82954
81.75,1531.0,4.82954
81.75,1536.0,4.82954
81.75,1578.0,4.82954
81.75,1653.0,4.82954
81.9167,1745.0,4.82954
82.0,1815.0,4.03409
82.0833,1769.0,4.03409
82.1667,1627.0,4.65909
82.3333,1496.0,4.65909
82.4167,1437.0,4.09091
82.5833,1407.0,4.09091
82.6667,1328.0,3.92045
82.75,1095.0,3.92045
82.8333,1018.0,2.04545
83.0,1029.0,2.04545
83.0,1093.0,4.03409
83.0833,1134.0,4.03409
83.1667,1167.0,1.42045
83.3333,1255.0,4.09091
83.4167,1347.0,4.54545
83.5,1389.0,4.20454
83.6667,1515.0,4.20454
83.75,1713.0,4.65909
83.9167,1786.0,4.20454
84.0,1835.0,3.97727
84.1667,1945.0,3.97727
84.25,1977.0,5.625
84.25,1964.0,3.86364
84.4167,1925.0,3.86364
84.5,1927.0,3.86364
84.6667,1997.0,3.86364
84.75,1973.0,3.80682
84.9167,1937.0,3.86364
85.0,1918.0,4.03409
85.1667,2030.0,4.03409
85.25,2040.0,4.14773
85.4167,2020.0,4.14773
85.5,1953.0,4.48864
85.5833,1953.0,4.09091
85.75,1829.0,4.09091
85.8333,1671.0,4.375
86.0,1518.0,4.375
86.0833,1370.0,4.14773
86.25,1265.0,4.14773
86.25,1322.0,3.69318
86.25,1358.0,3.69318
86.3333,1347.0,1.36364
86.4167,1331.0,1.36364
86.5833,1413.0,1.875
86.6667,1541.0,4.20454
86.8333,1536.0,4.26136
86.9167,1628.0,4.26136
87.0,1673.0,3.86364
87.1667,1683.0,3.86364
87.1667,1681.0,5.17045
87.3333,1655.0,5.17045
87.4167,1631.0,3.23864
87.5,1589.0,4.82954
87.5833,1545.0,4.82954
87.6667,1524.0,4.09091
87.6667,1517.0,4.09091
87.75,1551.0,1.36364
87.75,1630.0,1.36364
87.8333,1698.0,1.36364
87.8333,1698.0,1.07955
87.9167,1763.0,1.98864
88.0,1743.0,1.98864
88.1667,1703.0,4.14773
88.25,1665.0,5.39773
88.4167,1633.0,4.26136
88.4167,1584.0,3.92045
88.5833,1475.0,3.92045
88.6667,1292.0,5.22727
88.8333,1105.0,5.22727
88.9167,944.0,3.97727
89.0833,840.0,3.97727
89.0833,839.0,4.09091
89.0833,845.0,4.09091
89.1667,850.0,4.09091
89.25,1042.0,1.02273
89.3333,1132.0,2.21591
89.5,1132.0,3.86364
89.5833,1167.0,5.0
89.75,1203.0,5.0
89.8333,1309.0,4.82954
90.0,1362.0,4.43182
90.0833,1325.0,3.92045
90.25,1261.0,4.71591
90.3333,1265.0,4.375
90.5,1371.0,4.375
90.5833,1373.0,4.14773
90.5833,1348.0,4.09091
90.5833,1383.0,4.09091
90.75,1447.0,4.09091
90.8333,1449.0,4.31818
91.0,1396.0,4.31818
91.0833,1357.0,4.09091
91.25,1379.0,4.71591
91.4167,1374.0,4.48864
91.5,1276.0,4.375
91.6667,1167.0,4.20454
91.75,1062.0,3.80682
91.9167,834.0,3.80682
92.0,742.0,4.375
92.1667,700.0,4.375
92.1667,703.0,4.54545
92.25,721.0,1.93182
92.3333,725.0,2.44318
92.5,727.0,4.14773
92.6667,755.0,4.14773
92.75,869.0,5.39773
92.9167,1020.0,5.39773
93.0,1106.0,4.14773
93.0833,1207.0,4.09091
93.1667,1268.0,4.09091
93.3333,1264.0,4.09091
93.4167,1330.0,3.97727
93.5833,1437.0,3.97727
93.6667,1528.0,3.86364
93.75,1576.0,4.20454
93.8333,1568.0,4.20454
94.0,1385.0,4.82954
94.0833,1272.0,4.31818
94.25,1224.0,4.31818
94.3333,1224.0,5.73864
94.5,1224.0,5.73864
94.6667,1177.0,4.65909
94.75,1076.0,4.54545
94.9167,903.0,4.48864
95.0,698.0,4.43182
95.1667,655.0,4.43182
95.25,660.0,4.375
95.3333,664.0,3.92045
95.3333,675.0,2.10227
95.3333,860.0,2.10227
95.3333,868.0,2.10227
95.4167,1039.0,0.852273
95.5833,1093.0,3.80682
95.5833,1193.0,4.54545
95.75,1294.0,4.54545
95.9167,1331.0,4.54545
96.0,1322.0,4.60227
96.0833,1399.0,4.375
96.25,1508.0,4.375
96.3333,1528.0,3.97727
96.5,1523.0,3.97727
96.6667,1579.0,4.09091
96.75,1690.0,4.54545
96.9167,1599.0,4.54545
96.9167,1601.0,4.375
97.0,1456.0,4.375
97.0833,1427.0,1.42045
97.1667,1437.0,4.31818
97.25,1412.0,3.92045
97.3333,1345.0,2.21591
97.5,1190.0,4.03409
97.6667,860.0,4.20454
97.75,796.0,4.375
97.75,861.0,3.80682
97.9167,997.0,3.80682
98.0833,1183.0,4.60227
98.1667,1208.0,4.09091
98.25,1200.0,4.60227
98.25,1201.0,4.60227
98.25,1189.0,4.60227
98.4167,1372.0,4.60227
98.4167,1372.0,3.75
98.5,1483.0,3.75
98.5,1489.0,1.36364
98.6667,1462.0,2.15909
98.75,1447.0,4.26136
98.9167,1486.0,4.26136
99.0,1534.0,4.09091
99.0833,1582.0,4.09091
99.1667,1627.0,4.54545
99.3333,1626.0,4.54545
99.4167,1595.0,4.31818
99.5,1545.0,4.09091
99.5,1562.0,4.09091
99.6667,1622.0,4.09091
99.75,1604.0,3.97727
99.9167,1519.0,3.97727
100.0,1387.0,4.65909
100.167,1144.0,4.31818
100.25,1068.0,4.375
100.417,1037.0,4.375
100.5,1031.0,4.31818
100.583,1095.0,4.03409
100.667,1166.0,1.98864
100.833,1181.0,1.98864
100.917,1176.0,3.97727
101.083,1161.0,4.31818
101.167,1168.0,4.43182
101.333,1190.0,4.31818
101.417,1227.0,4.65909
101.5,1322.0,4.54545
101.583,1472.0,4.54545
101.667,1512.0,2.15909
101.75,1474.0,2.04545
101.917,1433.0,4.14773
102.0,1476.0,4.09091
102.083,1619.0,4.43182
102.167,1716.0,4.43182
102.25,1767.0,4.26136
102.333,1790.0,4.26136
102.417,1790.0,4.03409
102.5,1737.0,4.03409
102.667,1656.0,4.03409
102.75,1560.0,3.92045
102.833,1560.0,4.71591
102.917,1383.0,2.10227
103.0,1218.0,4.65909
103.083,1112.0,4.65909
103.25,1005.0,4.65909
103.333,861.0,4.43182
103.5,759.0,4.43182
103.583,821.0,4.43182
103.667,899.0,3.69318
103.75,976.0,2.10227
103.917,1067.0,4.20454
104.0,1081.0,3.63636
104.167,1160.0,4.20454
104.25,1297.0,4.20454
104.333,1514.0,4.54545
104.333,1675.0,4.54545
104.5,1634.0,4.54545
104.583,1574.0,5.28409
104.667,1550.0,4.14773
104.833,1602.0,4.14773
105.0,1663.0,4.14773
105.083,1695.0,4.20454
105.083,1697.0,4.48864
105.167,1639.0,4.48864
105.333,1613.0,4.48864
105.417,1616.0,4.65909
105.5,1586.0,3.86364
105.583,1499.0,2.10227
105.583,1368.0,4.375
105.667,1400.0,4.375
105.833,1439.0,4.375
105.917,1393.0,4.09091
106.083,1134.0,4.09091
106.167,1040.0,4.88636
106.333,1051.0,4.82954
106.417,1154.0,4.20454
106.5,1353.0,3.97727
106.583,1451.0,3.97727
106.667,1431.0,4.14773
106.833,1432.0,4.14773
106.917,1427.0,4.14773
107.083,1438.0,4.14773
107.167,1462.0,4.20454
107.167,1462.0,4.54545
107.25,1581.0,4.54545
107.333,1670.0,4.82954
107.417,1601.0,4.82954
107.5,1541.0,4.43182
107.667,1556.0,4.43182
107.833,1646.0,4.43182
107.917,1756.0,4.94318
108.083,1812.0,4.60227
108.167,1781.0,4.31818
108.167,1725.0,3.29545
108.333,1726.0,3.29545
108.417,1744.0,4.14773
108.583,1629.0,4.14773
108.667,1489.0,3.97727
108.75,1429.0,3.80682
108.75,1424.0,2.04545
108.75,1440.0,2.04545
108.833,1414.0,1.36364
108.917,1374.0,1.98864
109.0,1375.0,1.98864
109.083,1346.0,2.04545
109.167,1295.0,5.0
109.25,1311.0,5.0
109.333,1386.0,5.34091
109.5,1484.0,4.09091
109.583,1525.0,3.92045
109.75,1515.0,3.92045
109.833,1531.0,3.75
109.917,1601.0,3.86364
110.083,1727.0,3.86364
110.167,1764.0,3.63636
110.333,1782.0,4.26136
110.333,1829.0,4.54545
110.417,2004.0,2.04545
110.583,2084.0,3.35227
110.667,2052.0,4.43182
110.833,1968.0,4.43182
110.917,1952.0,4.65909
111.083,2130.0,4.65909
111.083,2228.0,4.82954
111.25,2235.0,4.82954
111.333,2235.0,4.03409
111.333,2197.0,4.03409
111.417,2099.0,4.03409
111.5,2020.0,4.48864
111.667,1929.0,4.48864
111.75,1866.0,4.03409
111.833,1804.0,4.375
111.833,1737.0,4.375
111.917,1655.0,1.36364
112.0,1590.0,1.36364
112.083,1583.0,3.97727
112.25,1583.0,3.97727
112.333,1558.0,3.86364
112.417,1548.0,4.26136
112.5,1570.0,4.26136
112.667,1608.0,4.26136
112.75,1612.0,3.97727
112.917,1610.0,3.97727
113.0,1598.0,3.80682
113.0,1602.0,3.63636
113.083,1603.0,3.63636
113.167,1620.0,3.97727
113.333,1669.0,3.97727
113.417,1781.0,3.75
113.583,1830.0,3.75
113.583,1833.0,4.09091
113.75,1792.0,4.09091
113.833,1804.0,4.14773
114.0,1924.0,4.26136
114.083,1960.0,3.97727
114.25,1932.0,4.03409
114.333,1925.0,4.14773
114.417,1855.0,3.86364
114.583,1790.0,3.86364
114.667,1801.0,3.97727
114.833,1877.0,3.97727
114.917,1987.0,4.88636
115.0,2107.0,4.88636
115.0,2093.0,2.15909
115.167,2092.0,2.15909
115.25,2036.0,4.60227
115.417,1868.0,4.48864
115.5,1713.0,4.03409
115.5,1713.0,4.03409
115.583,1564.0,1.36364
115.75,1415.0,1.36364
115.833,1259.0,4.43182
116.0,1121.0,4.43182
116.083,1118.0,4.20454
116.167,1167.0,3.63636
116.25,1252.0,3.63636
116.333,1397.0,2.21591
116.5,1475.0,3.46591
116.583,1527.0,4.26136
116.75,1528.0,4.14773
116.833,1562.0,3.86364
117.0,1638.0,3.86364
117.0,1717.0,4.60227
117.083,1778.0,1.93182
117.25,1793.0,1.93182
117.333,1755.0,3.86364
117.5,1759.0,3.86364
117.583,1800.0,3.23864
117.667,1838.0,5.51136
117.75,1905.0,5.51136
117.75,1990.0,1.875
117.75,2040.0,1.875
117.917,2098.0,1.875
117.917,2080.0,4.60227
118.0,1928.0,2.04545
118.167,1915.0,3.80682
118.25,1947.0,4.31818
118.417,1938.0,4.31818
118.5,1770.0,3.63636
118.667,1676.0,3.80682
118.667,1663.0,4.20454
118.75,1694.0,2.04545
118.833,1674.0,2.04545
118.917,1534.0,4.09091
119.0,1477.0,3.80682
119.0,1481.0,3.80682
119.0,1487.0,3.80682
119.083,1519.0,0.965909
119.167,1570.0,2.10227
119.333,1606.0,3.40909
119.417,1616.0,4.48864
119.5,1616.0,4.09091
119.583,1626.0,4.26136
119.667,1645.0,1.98864
119.75,1678.0,1.98864
119.833,1705.0,1.98864
119.917,1682.0,3.80682
120.083,1667.0,3.80682
120.167,1733.0,3.86364
120.25,1824.0,3.46591
120.333,1854.0,3.46591
120.417,1893.0,4.43182
120.583,2048.0,4.43182
120.583,2144.0,4.375
120.667,2177.0,1.81818
120.833,2172.0,1.81818
120.917,2136.0,3.52273
121.083,2129.0,3.52273
121.167,2110.0,3.86364
121.167,2080.0,3.80682
121.25,2081.0,2.21591
121.333,2079.0,2.21591
121.5,1997.0,4.03409
121.5,1960.0,4.31818
121.583,2075.0,2.04545
121.667,2080.0,3.52273
121.75,2049.0,3.52273
121.833,1952.0,4.43182
121.833,1801.0,4.43182
121.833,1704.0,4.43182
122.0,1716.0,4.43182
122.083,1693.0,3.69318
122.167,1656.0,4.48864
122.333,1722.0,4.48864
122.417,1692.0,4.09091
122.583,1639.0,4.03409
122.583,1611.0,3.69318
122.667,1611.0,3.69318
122.833,1660.0,3.69318
122.917,1660.0,4.71591
123.0,1786.0,4.65909
123.167,1872.0,4.65909
123.167,1983.0,3.92045
123.25,1983.0,1.93182
123.417,2017.0,1.93182
123.417,2036.0,3.63636
123.583,2068.0,3.63636
123.667,2078.0,3.80682
123.75,2123.0,4.14773
123.917,2151.0,4.20454
124.0,2185.0,4.43182
124.083,2210.0,3.75
124.167,2264.0,2.04545
124.25,2312.0,3.80682
124.333,2311.0,4.94318
124.417,2295.0,4.94318
124.5,2218.0,3.86364
124.583,2217.0,4.43182
124.583,2228.0,4.43182
124.667,2230.0,1.30682
124.667,2166.0,1.30682
124.75,2082.0,1.30682
124.833,2054.0,1.30682
124.917,2060.0,1.93182
125.0,2088.0,3.35227
125.083,2118.0,4.26136
125.167,2120.0,2.10227
125.25,2121.0,2.10227
125.333,2112.0,1.81818
125.417,2109.0,4.09091
125.583,2108.0,4.09091
125.667,2124.0,3.80682
125.667,2133.0,3.86364
125.75,2099.0,3.86364
125.75,1946.0,1.25
125.833,1865.0,1.25
125.917,1847.0,1.36364
125.917,1856.0,3.52273
126.083,1994.0,3.52273
126.167,2074.0,3.40909
126.25,2122.0,4.20454
126.333,2150.0,3.80682
126.417,2136.0,2.10227
126.583,2173.0,2.10227
126.667,2214.0,3.35227
126.75,2237.0,4.82954
126.833,2237.0,4.82954
126.833,2213.0,1.93182
126.917,2142.0,1.875
127.0,2064.0,3.75
127.083,2004.0,3.75
127.167,2014.0,3.80682
127.333,2161.0,3.80682
127.333,2255.0,3.86364
127.333,2256.0,3.86364
127.5,2229.0,3.86364
127.583,2224.0,3.125
127.75,2225.0,3.125
127.833,2239.0,3.75
127.917,2281.0,3.97727
127.917,2280.0,3.97727
128.083,2206.0,3.97727
128.083,2083.0,4.65909
128.25,1975.0,4.65909
128.25,1908.0,4.54545
128.333,1904.0,4.54545
128.5,1871.0,4.54545
128.5,1849.0,4.88636
128.5,1885.0,4.88636
128.583,1973.0,1.25
128.667,2052.0,3.01136
128.75,2072.0,2.15909
128.917,2047.0,3.57954
129.0,2004.0,4.43182
129.083,2181.0,3.63636
129.25,2299.0,4.03409
129.333,2311.0,4.375
129.333,2337.0,3.35227
129.417,2230.0,2.15909
129.5,2110.0,2.15909
129.583,2125.0,3.75
129.667,2158.0,3.75
129.667,2147.0,1.98864
129.667,2134.0,1.98864
129.667,2125.0,1.98864
129.75,2124.0,1.98864
129.75,2168.0,0.738636
129.917,2331.0,1.81818
130.0,2275.0,4.31818
130.083,2275.0,3.75
130.167,2227.0,3.57954
130.25,2245.0,3.57954
130.333,2297.0,4.03409
130.333,2266.0,4.03409
130.5,2194.0,4.03409
130.5,2160.0,5.0
130.583,2194.0,1.76136
130.75,2322.0,3.46591
130.833,2286.0,3.75
130.917,2285.0,3.80682
130.917,2181.0,3.80682
130.917,2211.0,3.80682
131.083,2345.0,3.80682
131.167,2362.0,3.52273
131.25,2307.0,3.92045
131.333,2234.0,3.63636
131.5,2244.0,3.92045
131.583,2331.0,3.86364
131.667,2444.0,3.46591
131.75,2495.0,4.03409
131.75,2560.0,4.03409
131.833,2649.0,1.13636
131.917,2786.0,1.13636
132.0,2796.0,2.10227
132.083,2726.0,2.89773
132.25,2528.0,3.92045
132.25,2454.0,3.75
132.25,2441.0,3.75
132.333,2389.0,1.25
132.417,2158.0,3.23864
132.417,2146.0,3.23864
132.5,2243.0,1.25
132.583,2399.0,3.06818
132.75,2570.0,3.06818
132.833,2542.0,3.40909
132.917,2471.0,3.80682
133.0,2450.0,3.06818
133.167,2460.0,3.06818
133.25,2534.0,3.52273
133.333,2518.0,4.03409
133.417,2444.0,3.52273
133.583,2444.0,3.46591
133.667,2375.0,3.23864
133.75,2251.0,3.57954
133.75,2156.0,3.57954
133.75,2157.0,3.57954
133.75,2221.0,3.57954
133.833,2305.0,0.738636
133.917,2323.0,3.46591
134.083,2335.0,3.46591
134.167,2362.0,3.23864
134.25,2400.0,3.92045
134.417,2420.0,3.92045
134.5,2460.0,3.63636
134.5,2467.0,3.52273
134.5,2405.0,3.52273
134.667,2303.0,3.52273
134.75,2275.0,3.97727
134.75,2231.0,3.46591
134.833,2171.0,3.46591
134.833,2111.0,1.59091
134.917,2076.0,1.875
134.917,2105.0,1.875
135.0,2187.0,1.875
135.0,2250.0,1.19318
135.083,2277.0,1.19318
135.167,2382.0,1.13636
135.25,2485.0,3.63636
135.333,2556.0,3.23864
135.417,2512.0,4.375
135.583,2429.0,4.375
135.667,2395.0,4.71591
135.667,2333.0,3.06818
135.667,2270.0,3.06818
135.75,2294.0,1.07955
135.917,2306.0,3.75
136.0,2270.0,3.80682
136.083,2242.0,3.80682
136.167,2275.0,3.18182
136.25,2292.0,3.69318
136.25,2425.0,3.69318
136.25,2476.0,3.69318
136.25,2509.0,3.69318
136.333,2547.0,0.681818
136.417,2547.0,3.18182
136.5,2536.0,3.18182
136.583,2524.0,1.64773
136.667,2496.0,3.80682
136.667,2473.0,3.80682
136.667,2492.0,3.80682
136.75,2507.0,3.80682
136.833,2506.0,0.852273
136.833,2489.0,3.29545
136.833,2407.0,3.29545
137.0,2406.0,3.29545
137.0,2367.0,3.35227
137.083,2367.0,1.93182
137.167,2273.0,3.40909
137.333,2186.0,3.40909
137.417,2157.0,3.29545
137.417,2192.0,3.75
137.5,2318.0,1.59091
137.667,2389.0,1.59091
137.75,2387.0,3.40909
137.833,2391.0,3.57954
137.917,2352.0,3.06818
138.0,2299.0,3.40909
138.0,2307.0,3.40909
138.0,2298.0,3.40909
138.083,2309.0,3.40909
138.167,2354.0,3.63636
138.167,2373.0,3.63636
138.25,2376.0,1.53409
138.333,2331.0,3.52273
138.5,2196.0,3.52273
138.583,2229.0,3.80682
138.667,2367.0,3.35227
138.667,2496.0,3.35227
138.667,2510.0,3.35227
138.833,2489.0,3.35227
138.917,2596.0,3.92045
139.0,2734.0,3.06818
139.083,2734.0,3.23864
139.167,2640.0,3.46591
139.333,2536.0,3.46591
139.417,2455.0,3.69318
139.5,2385.0,3.69318
139.5,2385.0,3.69318
139.5,2373.0,3.69318
139.667,2504.0,3.69318
139.75,2585.0,3.80682
139.833,2601.0,3.86364
139.917,2569.0,3.86364
140.0,2622.0,3.23864
140.0,2734.0,3.23864
140.0,2771.0,3.23864
140.083,2781.0,3.23864
140.083,2752.0,0.795454
140.25,2713.0,1.875
140.333,2720.0,3.63636
140.417,2711.0,2.89773
140.5,2690.0,3.35227
140.583,2510.0,3.57954
140.75,2430.0,3.57954
140.833,2442.0,3.46591
140.833,2523.0,3.06818
140.917,2659.0,3.06818
141.0,2696.0,4.48864
141.083,2721.0,3.52273
141.25,2764.0,3.52273
141.333,2807.0,3.23864
141.417,2702.0,3.86364
141.5,2562.0,3.52273
141.583,2461.0,3.35227
141.583,2489.0,3.35227
141.583,2634.0,3.35227
141.667,2616.0,3.35227
141.75,2560.0,3.80682
141.833,2571.0,2.78409
142.0,2635.0,3.23864
142.083,2696.0,3.75
142.167,2785.0,3.97727
142.25,2845.0,3.46591
142.417,2859.0,3.40909
142.417,2824.0,3.35227
142.417,2769.0,3.35227
142.5,2702.0,1.07955
142.583,2688.0,4.14773
142.75,2580.0,4.14773
142.833,2580.0,3.92045
142.833,2507.0,3.23864
142.833,2468.0,3.23864
142.917,2451.0,3.23864
143.0,2444.0,0.852273
143.083,2496.0,3.57954
143.167,2575.0,3.75
143.25,2672.0,2.84091
143.417,2732.0,2.84091
143.5,2741.0,3.40909
143.583,2751.0,3.97727
143.667,2709.0,3.35227
143.75,2669.0,3.57954
143.833,2513.0,3.57954
143.917,2359.0,3.86364
143.917,2220.0,3.86364
144.083,2162.0,3.86364
144.167,2226.0,3.92045
144.25,2412.0,3.35227
144.333,2517.0,3.23864
144.333,2537.0,3.46591
144.333,2489.0,3.46591
144.417,2493.0,1.13636
144.5,2536.0,1.13636
144.583,2537.0,3.57954
144.583,2541.0,3.57954
144.75,2528.0,3.57954
144.833,2451.0,3.46591
144.917,2390.0,3.01136
145.0,2404.0,3.46591
145.083,2425.0,3.125
145.167,2477.0,3.125
145.25,2526.0,1.875
145.25,2552.0,3.06818
145.333,2553.0,3.06818
145.333,2541.0,1.59091
145.417,2529.0,1.81818
145.583,2524.0,3.125
145.583,2525.0,3.29545
145.583,2570.0,3.29545
145.583,2518.0,3.29545
145.583,2458.0,3.29545
145.75,2456.0,3.29545
145.833,2456.0,3.23864
145.917,2514.0,3.52273
146.0,2607.0,3.35227
146.083,2606.0,3.52273
146.167,2576.0,3.80682
146.333,2594.0,3.80682
146.417,2598.0,3.52273
146.5,2583.0,3.40909
146.583,2608.0,3.63636
146.667,2642.0,3.63636
146.75,2636.0,1.70455
146.75,2424.0,3.23864
146.833,2350.0,3.23864
146.833,2372.0,1.59091
146.833,2415.0,1.59091
146.917,2463.0,1.07955
147.083,2517.0,1.07955
147.083,2582.0,3.23864
147.167,2676.0,3.23864
147.25,2756.0,3.29545
147.333,2856.0,3.46591
147.5,2960.0,3.46591
147.583,3001.0,3.86364
147.667,2943.0,3.57954
147.75,2791.0,3.46591
147.75,2651.0,3.46591
147.917,2541.0,3.46591
148.0,2478.0,3.35227
148.083,2535.0,3.46591
148.083,2566.0,3.23864
148.167,2563.0,1.70455
148.25,2562.0,3.29545
148.25,2607.0,3.29545
148.25,2832.0,3.29545
148.25,2885.0,3.29545
148.333,2819.0,0.681818
148.417,2802.0,3.23864
148.583,2803.0,3.35227
148.667,2771.0,3.52273
148.75,2650.0,4.43182
148.833,2552.0,2.78409
148.917,2543.0,3.92045
149.083,2621.0,3.92045
149.167,2621.0,3.46591
149.25,2656.0,3.35227
149.333,2672.0,3.35227
149.417,2708.0,3.18182
149.5,2708.0,3.35227
149.583,2700.0,3.06818
149.583,2740.0,3.06818
149.583,2801.0,3.06818
149.583,2821.0,3.06818
149.583,2815.0,3.06818
149.667,2711.0,3.06818
149.75,2669.0,0.511364
149.833,2597.0,3.46591
149.833,2561.0,3.40909
149.917,2647.0,1.53409
150.083,2778.0,3.63636
150.167,2867.0,4.03409
150.25,2847.0,3.52273
150.417,2838.0,3.57954
150.5,2883.0,3.57954
150.5,2916.0,3.57954
150.583,2868.0,1.64773
150.75,2698.0,3.75
150.833,2695.0,3.97727
150.917,2527.0,3.46591
150.917,2419.0,3.35227
150.917,2347.0,3.35227
150.917,2403.0,3.35227
151.0,2448.0,3.35227
151.083,2509.0,0.681818
151.167,2660.0,3.97727
151.25,2813.0,3.69318
151.417,2864.0,3.69318
151.5,2875.0,3.52273
151.583,2795.0,3.18182
151.75,2648.0,3.29545
151.833,2637.0,4.48864
151.917,2638.0,3.63636
151.917,2627.0,3.18182
152.083,2507.0,3.18182
152.167,2408.0,3.57954
152.25,2373.0,3.23864
152.333,2373.0,3.23864
152.333,2425.0,3.23864
152.5,2544.0,3.23864
152.5,2605.0,3.23864
152.583,2612.0,3.23864
152.667,2641.0,3.63636
152.75,2693.0,3.69318
152.917,2847.0,3.69318
153.0,2882.0,3.52273
153.083,2885.0,3.46591
153.167,2886.0,3.80682
153.333,2693.0,3.80682
153.417,2655.0,3.69318
153.417,2716.0,2.78409
153.417,2741.0,2.78409
153.5,2641.0,1.19318
153.667,2590.0,3.46591
153.75,2620.0,3.75
153.833,2649.0,3.40909
153.833,2677.0,3.18182
153.833,2658.0,3.18182
154.0,2625.0,3.18182
154.083,2623.0,3.97727
154.167,2679.0,3.52273
154.25,2734.0,3.52273
154.333,2805.0,3.18182
154.417,2706.0,3.18182
154.5,2587.0,1.70455
154.583,2492.0,3.52273
154.667,2485.0,3.40909
154.833,2555.0,3.46591
154.917,2561.0,3.63636
155.0,2522.0,2.78409
155.083,2714.0,4.09091
155.167,2943.0,3.29545
155.25,2945.0,3.29545
155.333,2895.0,1.70455
155.333,2857.0,3.35227
155.333,2827.0,3.35227
155.333,2825.0,3.35227
155.417,2819.0,0.852273
155.583,2752.0,3.29545
155.667,2608.0,3.35227
155.75,2608.0,3.63636
155.833,2533.0,3.63636
155.917,2450.0,3.29545
156.083,2421.0,3.46591
156.167,2522.0,3.80682
156.25,2653.0,3.29545
156.333,2719.0,3.40909
156.417,2734.0,3.29545
156.5,2703.0,2.72727
156.583,2722.0,3.29545
156.75,2782.0,3.46591
156.833,2757.0,3.57954
156.833,2711.0,2.78409
156.833,2722.0,2.78409
156.833,2769.0,2.78409
156.833,2753.0,2.78409
156.833,2721.0,2.78409
156.917,2743.0,0.511364
157.083,2690.0,0.511364
157.167,2615.0,3.29545
157.25,2593.0,2.95454
157.333,2631.0,3.01136
157.417,2681.0,3.52273
157.5,2686.0,3.23864
157.583,2750.0,3.125
157.583,2765.0,3.125
157.667,2850.0,1.42045
157.75,2878.0,2.84091
157.917,2852.0,2.84091
158.0,2816.0,3.18182
158.083,2800.0,3.23864
158.083,2920.0,2.67045
158.083,3022.0,2.67045
158.167,3100.0,2.67045
158.25,3095.0,1.07955
158.333,2966.0,3.46591
158.417,2839.0,3.06818
158.5,2839.0,3.35227
158.667,2700.0,3.35227
158.75,2620.0,3.29545
158.833,2640.0,2.67045
158.917,2675.0,2.84091
159.0,2697.0,3.18182
159.083,2697.0,3.29545
159.167,2655.0,3.18182
159.25,2743.0,3.23864
159.333,2872.0,3.01136
159.333,2857.0,3.01136
159.5,2759.0,3.01136
159.583,2826.0,4.20454
159.667,2952.0,2.89773
159.75,3021.0,3.52273
159.833,3021.0,2.55682
159.833,2847.0,3.86364
159.833,2702.0,3.86364
159.917,2610.0,1.02273
160.0,2500.0,3.125
160.167,2454.0,3.29545
160.25,2577.0,3.35227
160.333,2633.0,2.89773
160.417,2640.0,3.52273
160.5,2606.0,2.84091
160.583,2526.0,3.75
160.667,2645.0,3.125
160.833,2848.0,3.18182
160.917,2999.0,3.63636
161.0,2996.0,3.23864
161.083,2804.0,3.125
161.167,2799.0,2.55682
161.167,2835.0,4.03409
161.167,2910.0,4.03409
161.167,2880.0,4.03409
161.25,2745.0,0.795454
161.25,2703.0,0.795454
161.25,2689.0,0.795454
161.333,2650.0,0.795454
161.417,2590.0,3.92045
161.417,2646.0,3.92045
161.5,2690.0,1.59091
161.583,2768.0,3.57954
161.667,2676.0,3.57954
161.75,2569.0,1.64773
161.833,2533.0,3.80682
161.917,2568.0,3.40909
162.0,2683.0,3.40909
162.083,2683.0,1.59091
162.167,2692.0,3.18182
162.167,2609.0,3.57954
162.333,2549.0,3.57954
162.333,2578.0,3.80682
162.417,2694.0,3.80682
162.5,2662.0,4.03409
162.583,2602.0,3.18182
162.667,2548.0,3.18182
162.75,2533.0,1.76136
162.75,2507.0,4.09091
162.833,2498.0,1.76136
163.0,2471.0,1.76136
163.083,2463.0,3.01136
163.167,2468.0,4.09091
163.25,2423.0,4.43182
163.417,2443.0,4.43182
163.5,2532.0,3.80682
163.5,2716.0,3.92045
163.5,2776.0,3.92045
163.667,2796.0,3.92045
163.75,2813.0,3.80682
163.75,2795.0,3.57954
163.833,2773.0,1.875
163.833,2741.0,1.875
163.833,2679.0,1.875
163.917,2654.0,1.875
164.0,2699.0,3.23864
164.083,2662.0,3.23864
164.167,2607.0,1.875
164.25,2594.0,2.95454
164.333,2643.0,3.18182
164.417,2642.0,3.23864
164.5,2624.0,3.86364
164.667,2643.0,3.86364
164.667,2689.0,3.92045
164.667,2788.0,3.92045
164.75,2778.0,1.02273
164.917,2661.0,1.02273
165.0,2506.0,3.46591
165.0,2374.0,3.18182
165.083,2308.0,3.18182
165.083,2276.0,1.53409
165.083,2276.0,1.53409
165.083,2289.0,1.53409
165.167,2434.0,1.53409
165.25,2629.0,3.52273
165.333,2675.0,2.89773
165.333,2711.0,2.89773
165.5,2813.0,2.89773
165.583,2970.0,3.80682
165.667,3022.0,3.46591
165.75,3012.0,3.86364
165.833,2994.0,3.86364
165.917,2934.0,1.64773
166.0,2734.0,3.29545
166.083,2558.0,3.06818
166.083,2508.0,3.06818
166.25,2590.0,3.06818
166.333,2753.0,4.20454
166.333,2800.0,3.23864
166.333,2781.0,3.23864
166.333,2717.0,3.23864
166.333,2656.0,3.23864
166.417,2646.0,0.625
166.583,2754.0,3.01136
166.667,2753.0,3.75
166.75,2792.0,2.67045
166.833,2678.0,3.18182
166.917,2545.0,3.06818
167.0,2486.0,3.29545
167.083,2603.0,3.125
167.167,2901.0,2.61364
167.25,2890.0,3.29545
167.333,2839.0,2.78409
167.5,2801.0,2.78409
167.583,2864.0,3.125
167.667,2908.0,3.29545
167.667,2926.0,2.84091
167.75,3014.0,2.84091
167.75,2975.0,1.47727
167.75,2787.0,1.47727
167.833,2651.0,1.47727
167.917,2634.0,0.965909
168.0,2756.0,2.84091
168.0,2978.0,2.78409
168.083,2978.0,2.78409
168.167,3045.0,1.36364
168.25,3141.0,2.95454
168.333,3141.0,2.5
168.417,2013.0,2.89773
168.417,915.0,2.67045
168.5,406.0,2.38636
168.583,152.0,2.27273
168.667,16.0,2.27273
168.667,0.0,1.93182
168.75,0.0,1.76136
168.833,0.0,1.76136
168.833,0.0,1.98864
168.917,0.0,1.98864
168.917,0.0,1.42045
168.917,0.0,1.42045
169.0,0.0,1.25
169.0,0.0,1.25
169.083,0.0,1.25
169.083,0.0,1.25
169.083,0.0,1.25
169.167,0.0,1.25
169.167,0.0,0.909091
169.167,0.0,0.909091
169.167,0.0,0.909091
169.167,0.0,0.909091
169.25,0.0,0.909091
169.25,0.0,0.568182
169.25,0.0,0.568182
169.25,0.0,0.568182
169.25,0.0,0.568182
169.25,0.0,0.568182
169.25,0.0,0.568182
169.25,0.0,0.568182
169.25,0.0,0.568182
169.25,0.0,0.568182
169.25,0.0,0.568182
169.25,0.0,0.568182
169.25,0.0,0.568182
169.25,0.0,0.568182
169.25,0.0,0.568182
169.25,0.0,0.568182
169.25,0.0,0.568182
169.25,0.0,0.568182
169.25,0.0,0.568182
169.25,0.0,0.568182
169.25,0.0,0.568182
169.25,0.0,0.568182
169.25,0.0,0.568182
169.25,0.0,0.568182
169.25,0.0,0.568182
169.25,0.0,0.568182
169.25,0.0,0.568182
169.25,0.0,0.568182
169.25,0.0,0.568182
169.25,0.0,0.568182
169.25,0.0,0.568182
169.25,0.0,0.568182
169.25,0.0,0.568182
169.25,0.0,0.568182
169.25,0.0,0.568182
169.25,0.0,0.568182
169.25,0.0,0.568182
169.25,0.0,0.568182
169.25,0.0,0.568182
169.25,0.0,0.568182
169.25,0.0,0.568182
169.25,0.0,0.568182
169.25,0.0,0.568182
169.25,0.0,0.568182
169.25,0.0,0.568182
169.25,0.0,0.568182
169.25,0.0,0.568182
169.25,0.0,0.568182
169.25,0.0,0.568182
169.25,0.0,0.568182
169.25,0.0,0.568182
169.25,0.0,0.0
169.25,0.0,0.0
169.25,0.0,0.0
169.25,0.0,0.0
169.25,0.0,0.0
169.25,0.0,0.0
169.25,0.0,0.0
169.25,0.0,0.0
169.25,0.0,0.0
169.25,0.0,0.0
169.25,0.0,0.0
169.25,0.0,0.0
169.25,0.0,0.0
169.25,0.0,0.0
169.25,0.0,0.0
169.25,0.0,0.0
169.25,0.0,0.0
169.25,0.0,0.0
169.25,0.0,0.0
169.25,0.0,0.0
169.25,0.0,0.0
169.25,0.0,0.0
169.25,0.0,0.0
169.25,0.0,0.0
169.25,0.0,0.0
169.25,0.0,0.0
169.25,0.0,0.0
169.25,0.0,0.0
169.25,0.0,0.0
169.25,0.0,0.0
169.25,0.0,0.0
169.25,0.0,0.0
169.25,0.0,0.0
169.25,0.0,0.0
169.25,0.0,0.0
169.25,0.0,0.0
169.25,0.0,0.0
169.25,0.0,0.0
169.25,0.0,0.0
169.25,0.0,0.0
169.25,0.0,0.0
169.25,0.0,0.0
169.25,0.0,0.0
169.25,0.0,0.0
169.25,0.0,0.0
169.25,0.0,0.0
169.25,0.0,0.0
169.25,0.0,0.0
169.25,0.0,0.0
169.25,0.0,0.0
169.25,0.0,0.0
169.25,0.0,0.0
169.25,0.0,0.0
169.25,0.0,0.0
169.25,0.0,0.0
169.25,0.0,0.0
169.25,0.0,0.0
169.25,0.0,0.0
169.25,0.0,0.0
169.25,0.0,0.0
169.25,0.0,0.0
169.25,0.0,0.0
169.25,0.0,0.0
169.25,0.0,0.0
169.25,0.0,0.0
169.25,0.0,0.0
169.25,0.0,0.0
169.25,0.0,0.0
169.25,0.0,0.0
169.25,0.0,0.0
169.25,0.0,0.0
169.25,0.0,0.0
169.25,0.0,0.0
169.25,0.0,0.0
169.25,0.0,0.0
169.25,0.0,0.0
169.25,0.0,0.0
169.25,0.0,0.0
169.25,0.0,0.0
169.25,0.0,0.0
169.25,0.0,0.0
169.25,0.0,0.0
169.25,0.0,0.0
169.25,0.0,0.0
169.25,0.0,0.0
169.25,0.0,0.0
169.25,0.0,0.0
169.25,0.0,0.0
169.25,0.0,0.0
169.25,0.0,0.0
169.25,0.0,0.0
169.25,0.0,0.0
169.25,0.0,0.0
169.25,0.0,0.0
169.25,0.0,0.0
169.25,0.0,0.0
169.25,0.0,0.0
169.25,0.0,0.0
169.25,0.0,0.0
169.25,0.0,0.0
169.25,0.0,0.0
169.25,0.0,0.0
169.25,0.0,0.0
169.25,0.0,0.0
169.25,0.0,0.0
169.25,0.0,0.0
169.25,0.0,0.0
169.25,0.0,0.0
169.25,0.0,0.0
169.25,0.0,0.0
169.25,0.0,0.0
169.25,0.0,0.0
169.25,0.0,0.0
169.25,0.0,0.0
169.25,0.0,0.0
169.25,0.0,0.0
169.25,0.0,0.0
169.25,0.0,0.0
169.25,0.0,0.0
169.25,0.0,0.0
169.25,0.0,0.0
169.25,0.0,0.0
169.25,0.0,0.0
169.25,0.0,0.0
169.25,0.0,0.0
169.25,0.0,0.0
169.25,0.0,0.0
169.25,0.0,0.0
169.25,0.0,0.0
169.25,0.0,0.0
169.25,0.0,0.0
169.25,0.0,0.0
169.25,0.0,0.0
169.25,0.0,0.0
169.25,0.0,0.0
169.25,0.0,0.0
169.25,0.0,0.0
169.25,0.0,0.0
169.25,0.0,0.0
169.25,0.0,0.0
169.25,0.0,0.0
