0.0,0.0,0.0
0.0,0.0,0.0
0.0,0.0,0.0
0.0,0.0,0.0
0.0,0.0,0.0
0.0,0.0,0.0
0.0,0.0,0.0
0.0,0.0,0.0
0.0,0.0,0.0
0.0,0.0,0.0
0.0,0.0,0.0
0.0,0.0,0.0
0.0,0.0,0.0
0.0,0.0,0.0
0.0,0.0,0.0
0.0,0.0,0.0
0.0,0.0,0.0
0.0,0.0,0.0
0.0,0.0,0.0
0.0,0.0,0.0
0.0,0.0,0.0
0.0,0.0,0.0
0.0,0.0,0.0
0.0,0.0,0.0
0.0,0.0,0.0
0.0,0.0,0.0
0.0,0.0,0.0
0.0,0.0,0.0
0.0,0.0,0.0
0.0,0.0,0.0
0.0,0.0,0.0
0.0,0.0,0.0
0.0,0.0,0.0
0.0,0.0,0.0
0.0,0.0,0.0
0.0,0.0,0.0
0.0,0.0,0.0
0.0,0.0,0.0
0.0,0.0,0.0
0.0,0.0,0.0
0.0,0.0,0.0
0.0,0.0,0.0
0.0,0.0,0.0
0.0,0.0,0.0
0.0,0.0,0.0
0.0,0.0,0.0
0.0,0.0,0.0
0.0,0.0,0.0
0.0,0.0,0.0
0.0,0.0,0.0
0.0,0.0,0.0
0.0,0.0,0.0
0.0,0.0,0.0
0.0,0.0,0.0
0.0,0.0,0.0
0.0,0.0,0.0
0.0,0.0,0.0
0.0,0.0,0.0
0.0,0.0,0.0
0.0,0.0,0.0
0.0,0.0,0.0
0.0,0.0,0.0
0.0,0.0,0.0
0.0,0.0,0.0
0.0,0.0,0.0
0.0,0.0,0.0
0.0,0.0,0.0
0.0,0.0,0.0
0.0,0.0,0.0
0.0,0.0,0.0
0.0,0.0,0.0
0.0,0.0,0.0
0.0,0.0,0.0
0.0,0.0,0.0
0.0,0.0,0.0
0.0,0.0,0.0
0.0,0.0,0.0
0.0,0.0,0.0
0.0,0.0,0.0
0.0,0.0,0.0
0.0,0.0,0.0
0.0,0.0,0.0
0.0,0.0,0.0
0.0,0.0,0.0
0.0,0.0,0.0
0.0,0.0,0.0
0.0,0.0,0.0
0.0,0.0,0.0
0.0,0.0,0.0
0.0,0.0,0.0
0.0,0.0,0.0
0.0,0.0,0.0
0.0,0.0,0.0
0.0,0.0,0.0
0.0,0.0,0.0
0.0,0.0,0.0
0.0,0.0,0.0
0.0,0.0,0.0
0.0,0.0,0.0
0.0,0.0,0.0
0.0,0.0,0.0
0.0,0.0,0.0
0.0,0.0,0.0
0.0,0.0,0.0
0.0,0.0,0.0
0.0,0.0,0.0
0.0,0.0,0.0
0.0,0.0,0.0
0.0,0.0,0.0
0.0,0.0,0.0
0.0,0.0,0.0
0.0,0.0,0.0
0.0,0.0,0.0
0.0,0.0,0.0
0.0,0.0,0.0
0.0,0.0,0.0
0.0,0.0,0.0
0.0,0.0,0.0
0.0,0.0,0.0
0.0,0.0,0.0
0.0,0.0,0.0
0.0,0.0,0.0
0.0,0.0,0.0
0.0,0.0,0.0
0.0,0.0,0.0
0.0,0.0,0.0
0.0,0.0,0.0
0.0,0.0,0.0
0.0,0.0,0.0
0.0,0.0,0.0
0.0,0.0,0.0
0.0,0.0,0.0
0.0,0.0,0.0
0.0,0.0,0.0
0.0,0.0,0.0
0.0,0.0,0.0
0.0,0.0,0.0
0.0,0.0,0.0
0.0,0.0,0.0
0.0,0.0,0.0
0.0,0.0,0.0
0.0,0.0,0.0
0.0,0.0,0.0
0.0,0.0,0.0
0.0,0.0,0.0
0.0,0.0,0.0
0.0,0.0,0.0
0.0,0.0,0.0
0.0,0.0,0.0
0.0,0.0,0.0
0.0,0.0,0.0
0.0,0.0,0.0
0.0,0.0,0.0
0.0,0.0,0.0
0.0,0.0,0.0
0.0,0.0,0.0
0.0,0.0,0.0
0.0,0.0,0.0
0.0,0.0,0.0
0.0,0.0,0.0
0.0,0.0,0.0
0.0,0.0,0.0
0.0,0.0,0.0
0.0,0.0,0.0
0.0,0.0,0.0
0.0,0.0,0.0
0.0,0.0,0.0
0.0,0.0,0.0
0.0,0.0,0.0
0.0,0.0,0.0
0.0,0.0,0.0
0.0,0.0,0.0
0.0,0.0,0.0
0.0,0.0,0.0
0.0,0.0,0.0
0.0,0.0,0.0
0.0,0.0,0.0
0.0,0.0,0.0
0.0,0.0,0.0
0.0,0.0,0.0
0.0,0.0,0.0
0.0,0.0,0.0
0.0,0.0,0.0
0.0,0.0,0.0
0.0,0.0,0.0
0.0,0.0,0.0
0.0,0.0,0.0
0.0,0.0,0.0
0.0,0.0,0.0
0.0,0.0,0.0
0.0,0.0,0.0
0.0,0.0,0.0
0.0,0.0,0.0
0.0,0.0,0.0
0.0,0.0,0.0
0.0,0.0,0.0
0.0,0.0,0.0
0.0,0.0,0.0
0.0,0.0,0.0
0.0,0.0,0.0
0.0,0.0,0.0
0.0,0.0,0.0
0.0,0.0,0.0
0.0,0.0,0.0
0.0,0.0,0.0
0.0,0.0,0.0
0.0,0.0,0.0
0.0,0.0,0.0
0.0,0.0,0.0
0.0,0.0,0.0
0.0,0.0,0.0
0.0,0.0,0.0
0.0,0.0,0.0
0.0,0.0,0.0
0.0,0.0,0.0
0.0,0.0,0.0
0.0,0.0,0.0
0.0,0.0,0.0
0.0,0.0,0.0
0.0,0.0,0.0
0.0,0.0,0.0
0.0,0.0,0.0
0.0,0.0,0.0
0.0,0.0,0.0
0.0,0.0,0.0
0.0,0.0,0.0
0.0,0.0,0.0
0.0,0.0,0.0
0.0,0.0,0.0
0.0,0.0,0.0
0.0,0.0,0.0
0.0,0.0,0.0
0.0,0.0,0.0
0.0,0.0,0.0
0.0,0.0,0.0
0.0,0.0,0.0
0.0,0.0,0.0
0.0,0.0,0.0
0.0,0.0,0.0
0.0,0.0,0.0
0.0,0.0,0.0
0.0,0.0,0.0
0.0,0.0,0.0
0.0,0.0,0.0
0.0,0.0,0.0
0.0,0.0,0.0
0.0,0.0,0.0
0.0,0.0,0.0
0.0,0.0,0.0
0.0,0.0,0.0
0.0,0.0,0.0
0.0,0.0,0.0
0.0,0.0,0.0
0.0,0.0,0.0
0.0,0.0,0.0
0.0,0.0,0.0
0.0,0.0,0.0
0.0,0.0,0.0
0.0,0.0,0.0
0.0,4.0,0.0
0.0,58.0,0.0
0.0,169.0,0.0
0.0,268.0,0.0
0.0,336.0,0.0
0.0,372.0,0.0
0.0,375.0,0.0
0.0,345.0,0.0
0.0,340.0,0.0
0.0,365.0,0.0
0.0,401.0,0.0
0.0,474.0,0.0
0.0,474.0,0.0
0.0,524.0,0.0
0.0,588.0,0.0
0.0,665.0,0.0
0.0,785.0,0.0
0.0,892.0,0.0
0.0,950.0,0.0
0.0,1014.0,0.0
0.0,1050.0,0.0
0.0,1104.0,0.0
0.0,1428.0,0.0
0.0,1739.0,0.0
0.0,2004.0,0.0
0.0,2219.0,0.0
0.0,2233.0,0.0
0.0,2253.0,0.0
0.0,2293.0,0.0
0.0,2307.0,0.0
0.0,2243.0,0.0
0.0,2161.0,0.0
0.0,2092.0,0.0
0.0833333,2043.0,0.0
0.0833333,1861.0,0.0
0.0833333,1844.0,0.0
0.0833333,1802.0,0.0
0.0833333,1806.0,0.0
0.0833333,1854.0,0.0
0.0833333,1897.0,0.0
0.0833333,1913.0,0.0
0.0833333,1955.0,0.0
0.0833333,1979.0,0.0
0.0833333,1884.0,0.0
0.0833333,1822.0,0.0
0.0833333,1793.0,0.0
0.0833333,1765.0,0.0
0.0833333,1723.0,0.0
0.0833333,1721.0,0.0
0.0833333,1720.0,0.0
0.0833333,1766.0,0.0
0.0833333,1807.0,0.0
0.0833333,1824.0,0.0
0.0833333,1812.0,0.0
0.0833333,1798.0,0.0
0.0833333,1798.0,0.0
0.0833333,1781.0,0.0
0.0833333,1739.0,0.0
0.0833333,1756.0,0.0
0.166667,1815.0,0.0
0.166667,1899.0,0.0
0.166667,1952.0,0.0
0.25,1981.0,0.0
0.25,1961.0,1.07955
0.25,1960.0,1.07955
0.25,1896.0,1.07955
0.333333,1873.0,1.07955
0.333333,1884.0,0.681818
0.333333,1898.0,0.681818
0.416667,1894.0,1.19318
0.416667,1941.0,1.19318
0.5,2019.0,1.36364
0.5,2037.0,1.36364
0.583333,2028.0,1.30682
0.583333,2015.0,1.30682
0.666667,2000.0,1.30682
0.666667,1990.0,1.30682
0.75,1965.0,1.53409
0.75,1959.0,1.53409
0.833333,1840.0,1.59091
0.916667,1841.0,1.59091
0.916667,1846.0,1.64773
1.0,1848.0,1.64773
1.0,1845.0,1.76136
1.0,1814.0,1.76136
1.08333,1798.0,1.02273
1.16667,1797.0,1.02273
1.16667,1768.0,1.70455
1.16667,1714.0,1.70455
1.25,1695.0,1.70455
1.25,1728.0,1.07955
1.25,1840.0,1.07955
1.25,1918.0,1.07955
1.25,1959.0,1.07955
1.25,1947.0,1.07955
1.25,1923.0,1.07955
1.25,1850.0,1.07955
1.33333,1850.0,0.340909
1.41667,1798.0,0.340909
1.41667,1766.0,2.32954
1.5,1757.0,2.32954
1.5,1769.0,1.19318
1.58333,1866.0,2.38636
1.66667,1976.0,2.55682
1.75,2092.0,2.67045
1.83333,2126.0,2.55682
1.91667,2152.0,2.55682
2.0,2130.0,3.80682
2.08333,2080.0,3.80682
2.16667,2043.0,3.06818
2.25,1999.0,3.06818
2.33333,1828.0,2.67045
2.41667,1744.0,3.125
2.5,1728.0,3.125
2.58333,1775.0,3.29545
2.66667,1920.0,3.06818
2.75,1913.0,3.125
2.83333,1924.0,3.18182
2.83333,2007.0,3.18182
2.83333,2057.0,3.18182
2.91667,2038.0,3.18182
3.0,2013.0,0.795454
3.08333,2026.0,3.23864
3.16667,2045.0,3.86364
3.33333,2090.0,3.57954
3.41667,2105.0,3.40909
3.5,2125.0,3.63636
3.66667,2125.0,3.63636
3.75,2011.0,3.57954
3.83333,1937.0,3.46591
3.91667,1933.0,4.31818
4.08333,1944.0,3.75
4.16667,1869.0,3.57954
4.25,1746.0,3.80682
4.41667,1744.0,3.80682
4.5,1720.0,3.75
4.58333,1731.0,4.14773
4.75,1808.0,4.03409
4.75,1852.0,3.86364
4.91667,1922.0,3.86364
5.0,1922.0,4.31818
5.16667,1998.0,4.31818
5.25,2069.0,4.71591
5.33333,2073.0,4.09091
5.41667,1991.0,4.09091
5.5,1881.0,4.09091
5.66667,1773.0,4.31818
5.75,1699.0,4.375
5.91667,1712.0,4.375
5.91667,1712.0,4.43182
6.08333,1747.0,4.43182
6.08333,1730.0,4.26136
6.16667,1687.0,4.26136
6.33333,1665.0,4.43182
6.41667,1690.0,4.82954
6.58333,1725.0,4.26136
6.58333,1717.0,4.88636
6.75,1710.0,4.88636
6.83333,1723.0,4.65909
7.0,1726.0,4.31818
7.16667,1702.0,4.31818
7.16667,1713.0,5.17045
7.25,1710.0,2.15909
7.25,1709.0,2.15909
7.33333,1610.0,2.15909
7.33333,1536.0,1.19318
7.5,1621.0,1.64773
7.58333,1760.0,4.43182
7.75,1832.0,4.43182
7.91667,1724.0,4.77273
8.0,1640.0,4.82954
8.08333,1634.0,4.54545
8.25,1634.0,4.54545
8.25,1549.0,5.34091
8.41667,1625.0,5.34091
8.5,1657.0,5.39773
8.5,1592.0,5.39773
8.58333,1556.0,5.39773
8.66667,1570.0,5.79545
8.83333,1637.0,5.79545
9.0,1621.0,5.79545
9.08333,1625.0,5.73864
9.25,1742.0,5.73864
9.41667,1742.0,4.54545
9.5,1711.0,7.04545
9.58333,1676.0,7.04545
9.75,1695.0,5.85227
9.91667,1654.0,5.85227
10.0833,1615.0,5.0
10.0833,1646.0,4.94318
10.1667,1669.0,4.94318
10.25,1687.0,5.05682
10.4167,1682.0,5.05682
10.5833,1688.0,5.17045
10.75,1698.0,5.17045
10.8333,1685.0,4.77273
10.9167,1651.0,4.94318
11.0833,1695.0,5.05682
11.25,1838.0,5.05682
11.4167,1920.0,5.05682
11.5,1934.0,5.11364
11.5,1892.0,5.11364
11.6667,1871.0,5.11364
11.8333,1863.0,5.34091
12.0,1872.0,5.34091
12.1667,1832.0,5.34091
12.25,1671.0,5.45454
12.4167,1623.0,5.45454
12.5833,1653.0,5.28409
12.6667,1664.0,5.05682
12.8333,1641.0,5.05682
12.8333,1644.0,7.44318
12.8333,1654.0,7.44318
12.9167,1715.0,1.25
13.0,1829.0,1.25
13.1667,1828.0,1.59091
13.25,1772.0,5.05682
13.3333,1698.0,2.61364
13.5,1676.0,4.94318
13.5833,1675.0,4.71591
13.6667,1708.0,2.67045
13.75,1700.0,2.61364
13.9167,1655.0,2.67045
13.9167,1617.0,5.11364
14.0833,1583.0,5.11364
14.1667,1583.0,5.0
14.3333,1566.0,5.51136
14.5,1578.0,5.51136
14.6667,1611.0,5.51136
14.8333,1620.0,5.51136
15.0,1653.0,5.39773
15.0,1720.0,5.39773
15.0,1756.0,5.39773
15.0833,1747.0,5.39773
15.0833,1749.0,0.909091
15.25,1670.0,1.93182
15.3333,1544.0,4.94318
15.3333,1498.0,4.94318
15.4167,1509.0,1.42045
15.5,1444.0,2.78409
15.6667,1396.0,2.84091
15.8333,1618.0,5.39773
16.0,1724.0,5.39773
16.0,1728.0,5.28409
16.25,1681.0,5.28409
16.3333,1623.0,6.19318
16.4167,1626.0,2.72727
16.4167,1612.0,2.89773
16.5,1612.0,2.89773
16.6667,1543.0,2.89773
16.8333,1404.0,5.45454
17.0,1403.0,5.625
17.1667,1387.0,5.90909
17.3333,1346.0,5.90909
17.5,1302.0,5.90909
17.6667,1349.0,5.90909
17.8333,1422.0,5.90909
17.8333,1502.0,6.02273
17.8333,1594.0,6.02273
17.8333,1673.0,6.02273
18.0,1608.0,6.02273
18.1667,1491.0,6.02273
18.3333,1492.0,6.59091
18.4167,1379.0,5.85227
18.5833,1301.0,5.85227
18.8333,1201.0,6.42045
18.9167,1141.0,5.56818
18.9167,1223.0,5.56818
19.0,1223.0,5.56818
19.0833,1347.0,1.19318
19.1667,1404.0,3.23864
19.25,1466.0,3.06818
19.4167,1531.0,7.04545
19.5833,1470.0,7.04545
19.75,1413.0,6.81818
19.8333,1406.0,7.27273
20.0,1408.0,7.27273
20.0833,1393.0,6.30682
20.0833,1349.0,6.30682
20.1667,1250.0,6.30682
20.3333,1235.0,6.70454
20.5,1356.0,6.70454
20.75,1453.0,6.59091
20.8333,1384.0,5.85227
21.0,1261.0,5.85227
21.0833,1202.0,5.90909
21.3333,1403.0,5.90909
21.4167,1474.0,7.04545
21.4167,1447.0,7.04545
21.4167,1389.0,7.04545
21.5,1316.0,0.909091
21.6667,1299.0,3.46591
21.8333,1310.0,5.17045
21.9167,1328.0,7.61363
22.1667,1303.0,6.98863
22.3333,1252.0,6.81818
22.5,1273.0,6.81818
22.5,1321.0,6.25
22.5,1367.0,6.25
22.6667,1313.0,6.25
22.8333,1309.0,6.25
23.0,1351.0,6.25
23.25,1420.0,6.64773
23.4167,1466.0,6.64773
23.5833,1485.0,6.64773
23.8333,1477.0,6.64773
23.9167,1444.0,8.63636
23.9167,1403.0,8.63636
23.9167,1285.0,8.63636
24.0833,1270.0,8.63636
24.25,1276.0,8.63636
24.4167,1276.0,6.81818
24.5,1271.0,5.625
24.5,1268.0,2.27273
24.75,1261.0,2.27273
24.9167,1323.0,6.64773
24.9167,1403.0,6.02273
25.0833,1409.0,6.02273
25.25,1315.0,6.13636
25.3333,1313.0,7.21591
25.5833,1239.0,7.21591
25.75,1165.0,7.21591
25.9167,1202.0,7.21591
26.1667,1269.0,7.21591
26.3333,1310.0,7.15909
26.3333,1305.0,7.5
26.3333,1234.0,7.5
26.4167,1229.0,1.07955
26.6667,1260.0,1.07955
26.8333,1240.0,6.30682
27.0833,1148.0,7.15909
27.25,1042.0,6.875
27.5,1031.0,6.875
27.6667,1034.0,6.93182
27.75,1053.0,6.30682
27.75,1059.0,6.30682
27.75,1047.0,6.30682
27.9167,1047.0,6.30682
28.1667,1046.0,7.21591
28.3333,1060.0,6.98863
28.5,1095.0,6.30682
28.6667,1104.0,6.30682
28.9167,1098.0,6.30682
29.0833,1074.0,6.53409
29.1667,1023.0,6.875
29.3333,1017.0,6.875
29.5,1005.0,6.875
29.75,1005.0,6.875
29.8333,983.0,6.07954
30.0833,1043.0,6.07954
30.25,1061.0,6.07954
30.4167,1033.0,6.30682
30.6667,947.0,6.875
30.6667,947.0,7.04545
30.6667,896.0,7.04545
30.75,938.0,1.07955
31.0,995.0,3.97727
31.1667,1049.0,6.02273
31.1667,1082.0,6.98863
31.3333,1074.0,6.98863
31.5833,1060.0,6.93182
31.75,1065.0,6.93182
31.9167,1056.0,6.93182
32.0,992.0,6.76136
32.25,926.0,6.76136
32.4167,953.0,6.64773
32.6667,1027.0,6.64773
32.8333,984.0,6.76136
33.0833,942.0,6.76136
33.1667,972.0,6.76136
33.1667,1025.0,6.76136
33.25,1049.0,1.30682
33.25,958.0,1.30682
33.5,916.0,1.70455
33.6667,906.0,1.70455
33.9167,908.0,1.70455
34.0833,929.0,1.70455
34.1667,966.0,5.17045
34.3333,993.0,5.17045
34.4167,1003.0,3.23864
34.6667,1080.0,3.46591
34.6667,1139.0,6.875
34.8333,1122.0,6.875
35.0,1047.0,6.70454
35.1667,998.0,7.32954
35.4167,1057.0,7.21591
35.5833,1051.0,7.21591
35.8333,1020.0,7.21591
35.9167,1007.0,6.36363
35.9167,992.0,6.36363
35.9167,965.0,6.36363
36.0833,888.0,6.36363
36.1667,870.0,7.55682
36.3333,949.0,7.55682
36.5,993.0,7.84091
36.5833,958.0,7.84091
36.75,958.0,7.72727
36.75,937.0,7.72727
36.75,933.0,7.72727
36.8333,937.0,7.72727
37.0,972.0,7.78409
37.1667,969.0,7.78409
37.3333,935.0,6.42045
37.4167,935.0,3.46591
37.5833,941.0,3.46591
37.6667,961.0,7.89773
37.8333,954.0,7.89773
37.8333,942.0,6.53409
37.8333,966.0,6.53409
38.0,962.0,6.53409
38.1667,959.0,8.01136
38.3333,943.0,6.93182
38.4167,908.0,5.56818
38.5833,856.0,5.56818
38.75,849.0,6.53409
38.75,855.0,6.76136
39.0,853.0,6.76136
39.0,882.0,6.02273
39.1667,884.0,6.02273
39.3333,920.0,6.64773
39.5833,927.0,7.15909
39.75,878.0,7.15909
39.9167,776.0,7.27273
40.0833,713.0,7.27273
40.25,699.0,8.52273
40.25,663.0,7.38636
40.3333,692.0,7.38636
40.5833,713.0,7.38636
40.75,737.0,6.64773
41.0,767.0,6.64773
41.0833,801.0,6.42045
41.1667,846.0,3.23864
41.25,846.0,2.44318
41.25,873.0,2.44318
41.3333,939.0,1.36364
41.3333,955.0,1.36364
41.5,938.0,1.70455
41.6667,924.0,3.40909
41.9167,1032.0,6.25
42.0833,1032.0,6.93182
42.1667,1050.0,6.76136
42.4167,1019.0,6.76136
42.5,934.0,7.27273
42.6667,795.0,7.27273
42.75,652.0,7.27273
42.9167,682.0,7.27273
43.0833,737.0,7.15909
43.1667,737.0,6.53409
43.3333,849.0,3.29545
43.5,970.0,3.29545
43.75,1020.0,7.04545
43.75,1022.0,8.40909
43.75,986.0,8.40909
44.0,884.0,6.76136
44.0833,851.0,6.30682
44.25,872.0,6.30682
44.4167,911.0,6.30682
44.5833,883.0,6.30682
44.75,915.0,6.59091
44.8333,963.0,7.10227
45.0833,1005.0,6.81818
45.25,1021.0,6.81818
45.4167,1091.0,6.81818
45.5,1130.0,3.63636
45.5833,1047.0,3.63636
45.8333,931.0,3.63636
46.0,909.0,6.875
46.0833,902.0,6.70454
46.1667,901.0,6.25
46.25,956.0,3.23864
46.5,1088.0,3.23864
46.5833,1044.0,6.70454
46.6667,1001.0,6.70454
46.8333,1020.0,6.875
47.0,1052.0,6.875
47.25,1046.0,6.875
47.3333,1027.0,6.25
47.5833,1023.0,6.25
47.6667,1027.0,7.55682
47.75,1048.0,7.55682
47.8333,1044.0,3.57954
47.8333,1044.0,3.57954
48.0833,1033.0,3.57954
48.25,1034.0,6.07954
48.5,1005.0,6.70454
48.6667,994.0,6.36363
48.75,1026.0,6.02273
49.0,1057.0,6.47727
49.1667,1027.0,6.93182
49.3333,988.0,6.70454
49.5,997.0,6.19318
49.6667,1028.0,6.42045
49.9167,1051.0,6.81818
50.0833,1037.0,6.81818
50.25,1028.0,6.98863
50.3333,1056.0,3.63636
50.4167,1085.0,3.63636
50.5,1076.0,6.36363
50.5833,1039.0,2.15909
50.5833,1039.0,2.15909
50.75,1063.0,2.15909
50.9167,1081.0,6.13636
51.1667,1123.0,6.13636
51.25,1123.0,6.42045
51.4167,1156.0,6.42045
51.5,1144.0,6.76136
51.5,1094.0,6.76136
51.5833,1073.0,6.76136
51.5833,1026.0,1.07955
51.75,962.0,2.10227
51.9167,938.0,3.35227
52.0833,1059.0,6.47727
52.1667,1124.0,6.07954
52.25,1092.0,6.07954
52.3333,1012.0,1.70455
52.5,1054.0,3.06818
52.5,1129.0,6.53409
52.5,1130.0,6.53409
52.5833,1068.0,6.53409
52.75,1101.0,6.53409
52.8333,1101.0,6.64773
53.0833,1090.0,6.64773
53.1667,1078.0,6.02273
53.3333,1052.0,6.02273
53.5833,1052.0,6.70454
53.75,1135.0,6.19318
53.9167,1149.0,6.19318
54.1667,1124.0,6.19318
54.3333,1146.0,6.59091
54.5,1245.0,6.59091
54.75,1233.0,6.76136
54.9167,1197.0,6.53409
55.0,1199.0,5.90909
55.25,1214.0,6.42045
55.3333,1207.0,5.85227
55.4167,1161.0,5.85227
55.6667,1095.0,5.85227
55.75,1080.0,6.59091
55.9167,1148.0,6.59091
56.1667,1206.0,6.64773
56.3333,1186.0,6.64773
56.5,1158.0,6.64773
56.5833,1156.0,3.46591
56.6667,1193.0,3.46591
56.75,1231.0,6.76136
56.8333,1250.0,6.76136
56.9167,1259.0,7.38636
57.0833,1203.0,7.38636
57.25,1084.0,6.36363
57.4167,978.0,6.36363
57.6667,978.0,6.36363
57.6667,1139.0,7.21591
57.8333,1162.0,7.21591
57.9167,1119.0,6.53409
57.9167,1075.0,2.27273
58.0,1021.0,2.27273
58.1667,1112.0,2.27273
58.3333,1216.0,6.13636
58.5833,1238.0,6.36363
58.6667,1222.0,7.27273
58.9167,1180.0,7.27273
59.0833,1193.0,6.875
59.1667,1208.0,6.13636
59.1667,1166.0,6.13636
59.1667,1014.0,6.13636
59.3333,1144.0,6.13636
59.5833,1227.0,6.13636
59.75,1227.0,6.13636
59.8333,1216.0,6.59091
60.0,1116.0,6.59091
60.1667,1040.0,7.21591
60.4167,1107.0,6.93182
60.4167,1160.0,6.13636
60.5833,1232.0,6.13636
60.8333,1322.0,6.13636
60.9167,1096.0,6.81818
61.0833,949.0,6.81818
61.25,1019.0,6.81818
61.4167,1205.0,5.73864
61.5833,1194.0,6.30682
61.6667,1129.0,6.76136
61.6667,1112.0,6.76136
61.6667,1163.0,6.76136
61.8333,1076.0,6.76136
62.0,1034.0,6.76136
62.1667,1104.0,6.76136
62.4167,1145.0,7.10227
62.5,1082.0,6.25
62.6667,1066.0,6.25
62.8333,1101.0,8.63636
62.9167,1131.0,8.63636
63.1667,1082.0,8.63636
63.25,911.0,6.70454
63.4167,963.0,3.46591
63.5833,1057.0,6.19318
63.8333,1174.0,6.875
63.9167,1206.0,6.42045
64.0833,1196.0,6.42045
64.3333,1209.0,6.42045
64.3333,1210.0,6.81818
64.4167,1177.0,6.81818
64.6667,1173.0,6.81818
64.8333,1172.0,6.76136
65.0833,1073.0,6.64773
65.0833,918.0,8.57954
65.3333,963.0,8.57954
65.4167,1107.0,6.42045
65.5,1200.0,3.29545
65.5,1204.0,3.29545
65.6667,1204.0,3.29545
65.8333,1152.0,7.21591
65.9167,1231.0,6.02273
66.0,1337.0,2.32954
66.25,1365.0,6.07954
66.4167,1275.0,6.07954
66.5833,1184.0,6.07954
66.8333,1155.0,6.36363
66.8333,1155.0,6.76136
67.0,1191.0,6.76136
67.0,1194.0,7.10227
67.1667,1165.0,7.10227
67.4167,1163.0,7.10227
67.5833,1204.0,7.5
67.8333,1286.0,6.70454
68.0,1268.0,6.64773
68.1667,1162.0,8.18182
68.1667,1145.0,8.18182
68.3333,1263.0,8.18182
68.3333,1286.0,7.38636
68.4167,1195.0,7.38636
68.5833,1132.0,6.47727
68.75,1129.0,6.47727
69.0,1241.0,6.47727
69.1667,1283.0,6.47727
69.25,1287.0,6.30682
69.3333,1254.0,3.40909
69.5,1161.0,3.52273
69.5,1085.0,6.93182
69.5833,1172.0,6.93182
69.75,1297.0,6.93182
70.0,1352.0,6.93182
70.1667,1225.0,6.93182
70.25,1103.0,5.625
70.25,1096.0,5.625
70.4167,1120.0,5.85227
70.5833,1145.0,5.56818
70.75,1248.0,5.56818
70.75,1280.0,3.29545
70.8333,1229.0,3.29545
71.0,1123.0,3.69318
71.0833,1114.0,6.59091
71.3333,1206.0,6.59091
71.5,1206.0,7.10227
71.75,1230.0,6.93182
71.8333,1184.0,6.13636
71.9167,1114.0,7.21591
71.9167,1198.0,7.21591
72.0,1315.0,1.30682
72.25,1331.0,6.64773
72.4167,1195.0,7.10227
72.6667,1132.0,7.10227
72.75,1210.0,6.98863
72.9167,1283.0,6.98863
73.0833,1244.0,6.98863
73.1667,1050.0,6.93182
73.4167,1179.0,6.93182
73.4167,1302.0,6.42045
73.6667,1271.0,6.42045
73.8333,1092.0,6.42045
73.9167,1069.0,6.30682
74.0,1094.0,6.30682
74.1667,1105.0,7.04545
74.3333,1098.0,6.875
74.4167,1097.0,6.36363
74.4167,1112.0,2.21591
74.5833,1135.0,2.21591
74.75,1155.0,2.21591
75.0,1306.0,6.36363
75.1667,1282.0,6.25
75.25,1156.0,7.84091
75.4167,1046.0,7.84091
75.5,1120.0,7.95454
75.6667,1309.0,6.13636
75.6667,1297.0,3.69318
75.8333,1207.0,3.69318
75.9167,1137.0,6.93182
76.0833,1156.0,6.93182
76.25,1158.0,6.70454
76.4167,1177.0,6.53409
76.5833,1202.0,6.53409
76.8333,1275.0,6.53409
77.0,1268.0,6.53409
77.1667,1224.0,6.53409
77.4167,1195.0,6.53409
77.5833,1218.0,6.93182
77.75,1218.0,6.76136
77.9167,1327.0,6.76136
78.1667,1392.0,6.76136
78.3333,1322.0,6.76136
78.5,1125.0,6.02273
78.6667,1027.0,6.02273
78.8333,1247.0,6.02273
78.8333,1249.0,6.13636
79.0,1332.0,6.13636
79.1667,1282.0,6.13636
79.4167,1264.0,6.13636
79.5,1248.0,6.64773
79.6667,1271.0,6.64773
79.9167,1278.0,6.64773
80.0,1298.0,6.19318
80.1667,1330.0,6.19318
80.25,1277.0,6.76136
80.3333,1207.0,6.76136
80.5,1125.0,6.76136
80.6667,1105.0,6.70454
80.75,1103.0,7.95454
80.8333,1105.0,2.27273
81.0,1172.0,3.125
81.25,1270.0,3.125
81.3333,1264.0,6.81818
81.3333,1239.0,6.81818
81.5833,1235.0,6.81818
81.75,1204.0,6.81818
82.0,1101.0,7.21591
82.1667,1021.0,7.15909
82.25,991.0,6.42045
82.5,1058.0,6.42045
82.6667,1137.0,6.42045
82.75,1143.0,6.36363
82.9167,1131.0,6.36363
82.9167,1129.0,6.07954
83.0833,1166.0,6.07954
83.1667,1197.0,6.81818
83.4167,1197.0,6.81818
83.5833,1169.0,6.70454
83.8333,1153.0,6.76136
84.0,1156.0,6.81818
84.1667,1156.0,6.93182
84.4167,1138.0,6.76136
84.5,1123.0,6.25
84.5833,1120.0,6.25
84.8333,1132.0,6.53409
84.9167,1131.0,7.10227
85.0,1118.0,7.10227
85.0,1110.0,1.64773
85.25,1124.0,2.15909
85.25,1123.0,6.875
85.4167,1094.0,6.875
85.5,1107.0,6.93182
85.5833,1163.0,2.32954
85.75,1133.0,3.23864
86.0,1101.0,7.15909
86.1667,1081.0,6.64773
86.3333,1070.0,6.47727
86.5,1232.0,6.47727
86.6667,1251.0,6.93182
86.8333,1189.0,6.93182
86.8333,1160.0,6.875
87.0,1142.0,6.875
87.1667,1148.0,6.875
87.3333,1178.0,6.875
87.5,1213.0,7.10227
87.5833,1186.0,6.81818
87.8333,1166.0,7.27273
87.9167,1198.0,7.38636
88.0,1249.0,7.38636
88.0,1317.0,7.38636
88.1667,1194.0,7.38636
88.3333,1167.0,7.27273
88.5833,1208.0,7.27273
88.75,1266.0,6.81818
88.8333,1237.0,6.47727
89.0,1227.0,6.47727
89.1667,1219.0,6.70454
89.1667,1292.0,6.53409
89.1667,1444.0,6.53409
89.1667,1301.0,6.53409
89.3333,1144.0,6.53409
89.5,1115.0,6.59091
89.75,1214.0,6.59091
89.9167,1214.0,6.59091
90.0833,1442.0,6.30682
90.25,1412.0,6.30682
90.4167,1286.0,6.30682
90.5,1165.0,7.27273
90.5,1095.0,7.27273
90.5833,1100.0,7.27273
90.8333,1103.0,6.76136
91.0,1156.0,7.10227
91.1667,1177.0,7.10227
91.1667,1179.0,6.02273
91.3333,1212.0,6.02273
91.4167,1252.0,7.27273
91.5833,1258.0,7.27273
91.6667,1125.0,6.875
91.75,1126.0,2.21591
91.9167,1207.0,6.76136
92.1667,1244.0,6.76136
92.25,1251.0,5.90909
92.3333,1292.0,5.90909
92.5833,1302.0,5.90909
92.75,1300.0,6.19318
92.8333,1252.0,6.59091
92.8333,1346.0,3.23864
92.9167,1350.0,3.23864
93.0833,1239.0,6.53409
93.25,1127.0,6.53409
93.5,1162.0,6.93182
93.5833,1213.0,6.70454
93.6667,1129.0,3.63636
93.9167,1011.0,3.63636
93.9167,951.0,6.81818
93.9167,1076.0,6.81818
94.0,1168.0,6.81818
94.1667,1286.0,6.81818
94.4167,1286.0,7.04545
94.5833,1122.0,7.04545
94.75,996.0,6.98863
94.8333,985.0,7.61363
95.0,1105.0,7.61363
95.0833,1210.0,6.875
95.3333,1136.0,6.875
95.5,1138.0,6.875
95.6667,1138.0,6.81818
95.75,1206.0,7.5
95.9167,1288.0,7.5
96.0,1328.0,6.64773
96.1667,1280.0,6.64773
96.3333,1235.0,6.64773
96.5833,1239.0,6.64773
96.6667,1251.0,6.76136
96.6667,1245.0,3.125
96.75,1170.0,3.125
96.9167,1127.0,6.47727
97.0833,1191.0,6.47727
97.3333,1235.0,6.47727
97.4167,1196.0,6.25
97.5,1183.0,3.23864
97.6667,1204.0,3.23864
97.8333,1329.0,3.40909
97.9167,1436.0,6.19318
98.0,1511.0,6.19318
98.25,1484.0,6.19318
98.4167,1352.0,6.19318
98.5,1354.0,6.59091
98.5833,1379.0,6.59091
98.8333,1384.0,6.59091
99.0,1368.0,6.59091
99.0833,1262.0,7.27273
99.3333,1231.0,7.27273
99.3333,1224.0,6.59091
99.5,1254.0,6.59091
99.6667,1441.0,6.59091
99.8333,1513.0,6.19318
100.083,1383.0,6.19318
100.25,1283.0,6.19318
100.417,1292.0,6.19318
100.5,1293.0,6.98863
100.667,1190.0,6.98863
100.833,1141.0,6.98863
100.833,1158.0,6.81818
100.917,1241.0,6.81818
101.167,1267.0,6.76136
101.333,1294.0,6.47727
101.5,1299.0,6.42045
101.583,1299.0,7.15909
101.833,1341.0,7.15909
102.0,1397.0,6.81818
102.167,1393.0,6.42045
102.167,1364.0,6.47727
102.167,1347.0,6.47727
102.25,1345.0,6.47727
102.417,1343.0,6.30682
102.583,1311.0,6.30682
102.75,1273.0,6.30682
102.917,1240.0,6.19318
102.917,1331.0,3.18182
103.083,1396.0,3.18182
103.083,1390.0,7.32954
103.25,1302.0,7.32954
103.333,1316.0,7.04545
103.417,1406.0,3.06818
103.5,1440.0,3.18182
103.667,1405.0,3.18182
103.833,1274.0,6.02273
104.0,1268.0,6.19318
104.167,1266.0,6.19318
104.333,1255.0,6.19318
104.333,1231.0,5.625
104.417,1297.0,1.53409
104.583,1344.0,3.29545
104.75,1372.0,6.13636
104.917,1417.0,6.13636
105.167,1457.0,6.13636
105.25,1445.0,5.68182
105.333,1404.0,5.68182
105.5,1354.0,5.68182
105.75,1372.0,5.96591
105.75,1382.0,5.96591
105.75,1364.0,5.96591
105.75,1363.0,5.96591
105.833,1196.0,5.96591
106.0,1394.0,5.96591
106.25,1522.0,6.76136
106.333,1497.0,6.36363
106.5,1383.0,6.36363
106.667,1367.0,6.36363
106.833,1437.0,6.13636
106.917,1437.0,5.625
106.917,1444.0,5.625
106.917,1420.0,5.625
107.083,1378.0,5.625
107.333,1396.0,5.625
107.5,1434.0,6.07954
107.667,1456.0,5.90909
107.833,1459.0,5.90909
107.917,1585.0,5.68182
108.0,1521.0,3.35227
108.083,1329.0,2.89773
108.167,1244.0,2.89773
108.25,1441.0,5.96591
108.417,1596.0,5.96591
108.5,1600.0,8.06818
108.667,1562.0,8.06818
108.917,1486.0,8.06818
109.0,1453.0,6.64773
109.167,1481.0,6.64773
109.25,1502.0,5.96591
109.417,1519.0,5.96591
109.5,1474.0,6.30682
109.5,1432.0,6.30682
109.667,1451.0,6.30682
109.833,1504.0,6.59091
110.0,1587.0,5.51136
110.167,1440.0,5.51136
110.333,1368.0,5.51136
110.5,1418.0,5.79545
110.667,1488.0,5.79545
110.833,1495.0,5.79545
111.0,1467.0,5.79545
111.083,1435.0,6.59091
111.167,1443.0,3.01136
111.333,1510.0,3.23864
111.5,1598.0,5.39773
111.75,1589.0,5.39773
111.917,1532.0,6.02273
111.917,1453.0,5.45454
112.083,1353.0,5.45454
112.083,1396.0,7.32954
112.083,1510.0,7.32954
112.083,1579.0,7.32954
112.083,1579.0,7.32954
112.333,1488.0,7.32954
112.5,1490.0,6.07954
112.667,1587.0,6.07954
112.75,1660.0,5.79545
112.917,1652.0,5.96591
113.083,1646.0,6.25
113.167,1586.0,5.625
113.333,1449.0,5.625
113.417,1404.0,6.07954
113.417,1536.0,6.07954
113.5,1653.0,1.19318
113.75,1725.0,6.36363
113.917,1721.0,6.36363
114.0,1703.0,6.13636
114.167,1748.0,6.13636
114.333,1662.0,6.02273
114.5,1491.0,6.02273
114.667,1406.0,5.85227
114.667,1509.0,5.51136
114.667,1511.0,5.51136
114.667,1456.0,5.51136
114.833,1423.0,5.51136
115.0,1507.0,5.96591
115.167,1619.0,5.96591
115.25,1696.0,5.51136
115.333,1740.0,3.06818
115.5,1722.0,3.06818
115.667,1678.0,5.17045
115.75,1656.0,5.73864
115.833,1601.0,5.73864
116.0,1519.0,5.68182
116.167,1478.0,6.13636
116.333,1533.0,5.85227
116.5,1533.0,5.45454
116.667,1552.0,5.45454
116.75,1855.0,5.05682
117.0,2032.0,5.05682
117.167,1991.0,5.625
117.333,1868.0,5.90909
117.417,1620.0,5.68182
117.417,1412.0,4.94318
117.417,1412.0,4.94318
117.5,1365.0,1.07955
117.583,1365.0,1.07955
117.667,1438.0,1.875
117.833,1681.0,2.61364
118.0,1731.0,5.0
118.083,1774.0,4.82954
118.083,1773.0,2.5
118.333,1911.0,2.72727
118.5,2055.0,5.22727
118.583,2093.0,5.625
118.75,2058.0,5.28409
118.75,2070.0,5.22727
118.917,2099.0,5.22727
119.083,1956.0,5.85227
119.25,1731.0,5.85227
119.417,1516.0,5.39773
119.5,1434.0,5.79545
119.667,1493.0,5.28409
119.833,1511.0,5.28409
120.0,1528.0,5.28409
120.083,1588.0,4.14773
120.25,1756.0,4.14773
120.333,1853.0,5.22727
120.5,1916.0,5.05682
120.583,1848.0,4.88636
120.667,1629.0,4.88636
120.75,1623.0,4.71591
120.917,1657.0,5.05682
121.083,1712.0,5.05682
121.167,1703.0,4.60227
121.25,1653.0,2.61364
121.417,1668.0,4.375
121.5,1702.0,4.375
121.583,1668.0,4.375
121.667,1715.0,5.28409
121.75,1798.0,4.65909
121.75,1763.0,4.65909
121.833,1765.0,1.25
121.917,2019.0,1.25
122.083,2056.0,4.54545
122.25,1960.0,4.54545
122.333,1890.0,4.71591
122.417,1890.0,5.05682
122.583,1898.0,5.05682
122.75,1969.0,5.05682
122.75,1999.0,5.05682
122.833,1944.0,2.27273
122.833,1898.0,2.27273
122.833,1759.0,2.27273
122.833,1572.0,2.27273
122.917,1563.0,0.681818
123.083,1632.0,0.681818
123.167,1689.0,4.09091
123.333,1742.0,4.43182
123.5,1828.0,4.43182
123.583,1972.0,4.48864
123.75,2130.0,4.48864
123.917,2134.0,4.48864
124.0,2057.0,4.54545
124.167,1934.0,4.26136
124.25,1802.0,4.14773
124.333,1751.0,4.54545
124.333,1753.0,4.54545
124.417,1759.0,4.54545
124.583,1677.0,4.54545
124.667,1694.0,4.43182
124.833,1952.0,4.20454
124.917,2155.0,3.86364
125.083,2243.0,4.54545
125.167,2176.0,4.65909
125.25,2034.0,4.09091
125.333,2018.0,2.27273
125.5,2014.0,3.97727
125.583,1950.0,4.54545
125.667,1788.0,4.20454
125.667,1745.0,4.20454
125.75,1745.0,1.30682
125.833,1644.0,1.30682
125.833,1635.0,2.10227
125.917,1700.0,2.10227
126.0,1713.0,4.88636
126.167,1726.0,3.97727
126.25,1755.0,3.97727
126.417,1840.0,3.97727
126.5,1875.0,3.97727
126.583,1875.0,4.43182
126.667,1891.0,4.43182
126.75,1914.0,1.70455
126.833,2072.0,3.97727
126.917,2266.0,3.97727
126.917,2283.0,1.76136
126.917,2284.0,1.76136
127.0,2117.0,1.76136
127.083,2015.0,0.965909
127.167,2122.0,4.26136
127.333,2086.0,3.97727
127.417,1888.0,3.69318
127.417,1658.0,3.86364
127.583,1703.0,3.86364
127.667,1810.0,3.92045
127.75,1887.0,3.75
127.917,1919.0,3.75
127.917,1964.0,3.75
128.0,1970.0,3.75
128.083,1953.0,3.57954
128.25,1953.0,3.57954
128.333,2004.0,3.69318
128.417,2003.0,3.57954
128.5,1957.0,4.48864
128.5,1918.0,4.48864
128.5,1892.0,4.48864
128.667,1881.0,4.48864
128.75,1854.0,3.63636
128.833,1803.0,3.52273
128.917,1756.0,3.75
129.0,1702.0,3.23864
129.167,1705.0,3.35227
129.25,1826.0,4.375
129.333,2008.0,3.80682
129.5,2110.0,3.80682
129.583,2206.0,3.52273
129.667,2286.0,3.35227
129.833,2333.0,3.35227
129.917,2252.0,3.35227
129.917,2071.0,2.95454
129.917,1999.0,2.95454
129.917,1985.0,2.95454
129.917,1985.0,2.95454
129.917,2004.0,2.95454
129.917,1949.0,2.95454
130.0,1901.0,2.95454
130.0,1970.0,0.397727
130.083,2049.0,1.76136
130.25,2208.0,1.76136
130.333,2232.0,3.29545
130.417,2252.0,3.29545
130.5,2202.0,3.125
130.583,2064.0,3.23864
130.667,2046.0,3.29545
130.833,2160.0,3.23864
130.917,2240.0,3.23864
131.0,2253.0,3.18182
131.083,2179.0,3.18182
131.167,2230.0,3.18182
131.25,2299.0,3.18182
131.333,2304.0,2.95454
131.417,2183.0,3.18182
131.417,2093.0,3.18182
131.417,1948.0,3.18182
131.417,1845.0,3.18182
131.5,1817.0,0.738636
131.583,1954.0,3.125
131.667,1986.0,2.67045
131.75,1925.0,3.01136
131.833,1891.0,2.84091
131.917,2071.0,2.78409
132.0,2167.0,2.72727
132.083,2173.0,2.72727
132.167,2145.0,2.84091
132.25,2119.0,2.78409
132.333,2088.0,2.84091
132.417,2088.0,2.78409
132.5,1997.0,2.95454
132.583,1998.0,2.89773
132.667,2066.0,2.89773
132.75,2007.0,2.67045
132.833,1896.0,2.84091
132.917,1822.0,2.67045
133.0,1911.0,2.78409
133.083,2019.0,2.67045
133.167,2019.0,2.67045
133.25,1947.0,2.61364
133.333,1955.0,2.78409
133.417,2065.0,2.78409
133.5,2194.0,2.78409
133.583,2145.0,2.72727
133.667,2145.0,2.67045
133.75,2043.0,2.67045
133.833,2053.0,2.61364
133.917,2040.0,2.5
133.917,2014.0,2.84091
134.0,1990.0,2.5
134.0,2033.0,2.5
134.0,2112.0,2.5
134.083,2076.0,0.909091
134.167,1998.0,2.32954
134.25,1929.0,2.32954
134.333,1960.0,3.06818
134.417,1988.0,3.06818
134.5,2011.0,2.44318
134.583,2010.0,2.55682
134.667,2043.0,2.55682
134.667,2085.0,2.55682
134.75,2125.0,2.55682
134.833,2173.0,2.5
134.917,2223.0,2.44318
135.0,2172.0,2.5
135.083,2067.0,2.5
135.167,2067.0,2.38636
135.25,2153.0,2.55682
135.25,2262.0,2.44318
135.333,2270.0,2.32954
135.417,2269.0,2.44318
135.5,2321.0,2.61364
135.583,2320.0,2.72727
135.583,2235.0,2.72727
135.583,2188.0,2.72727
135.583,2207.0,2.72727
135.667,2169.0,0.738636
135.75,1973.0,2.27273
135.833,1961.0,2.27273
135.833,2049.0,2.27273
135.917,2153.0,2.10227
136.0,2153.0,2.38636
136.083,2127.0,2.38636
136.167,2003.0,2.21591
136.167,1956.0,2.10227
136.25,1940.0,2.21591
136.333,1899.0,2.15909
136.417,1765.0,2.15909
136.417,1735.0,2.15909
136.5,1793.0,2.21591
136.583,1881.0,2.10227
136.667,2067.0,2.10227
136.75,2259.0,2.21591
136.75,2365.0,2.15909
136.833,2396.0,2.15909
136.917,2388.0,2.15909
137.0,2303.0,2.21591
137.0,2224.0,2.10227
137.083,2155.0,2.10227
137.167,2091.0,2.10227
137.167,2023.0,2.04545
137.25,2080.0,2.04545
137.333,2117.0,2.10227
137.417,2118.0,2.10227
137.417,2191.0,2.15909
137.5,2212.0,2.04545
137.583,2191.0,2.10227
137.583,2218.0,2.10227
137.583,2238.0,2.10227
137.583,2325.0,2.10227
137.667,2305.0,2.10227
137.667,2274.0,0.625
137.667,2320.0,0.625
137.75,2352.0,0.625
137.833,2353.0,1.02273
137.833,2330.0,2.10227
137.917,2310.0,2.10227
138.0,2256.0,2.10227
138.0,2093.0,2.04545
138.083,2024.0,1.98864
138.167,2032.0,2.10227
138.25,2123.0,2.10227
138.25,2195.0,2.04545
138.333,2195.0,1.875
138.417,2193.0,1.875
138.417,2225.0,1.93182
138.5,2282.0,2.04545
138.583,2300.0,2.04545
138.583,2223.0,1.93182
138.667,2223.0,1.93182
138.667,2188.0,1.64773
138.75,2184.0,1.81818
138.833,2192.0,1.81818
138.833,2139.0,1.76136
138.917,2053.0,2.04545
139.0,2011.0,2.04545
139.0,2077.0,1.81818
139.083,2188.0,1.875
139.167,2245.0,1.875
139.167,2271.0,1.93182
139.25,2333.0,1.875
139.333,2389.0,1.875
139.333,2429.0,1.875
139.417,2430.0,1.81818
139.5,2450.0,1.81818
139.5,2386.0,1.875
139.583,2224.0,1.70455
139.667,2098.0,1.70455
139.667,1976.0,1.76136
139.75,1819.0,1.76136
139.75,1722.0,1.70455
139.833,1696.0,1.76136
139.917,1739.0,1.76136
139.917,1844.0,1.70455
140.0,2023.0,1.70455
140.0,2116.0,1.70455
140.083,2200.0,1.64773
140.167,2200.0,1.64773
140.167,2207.0,1.70455
140.25,2189.0,1.70455
140.25,2212.0,1.64773
140.333,2253.0,1.64773
140.333,2224.0,1.64773
140.417,2114.0,1.64773
140.417,2077.0,1.64773
140.5,2092.0,1.42045
140.583,2092.0,1.42045
140.583,2090.0,1.53409
140.583,2001.0,1.53409
140.583,1971.0,1.53409
140.667,1978.0,0.852273
140.667,1981.0,0.852273
140.75,1965.0,1.42045
140.75,1976.0,1.42045
140.833,2025.0,1.42045
140.833,2167.0,1.19318
140.917,2273.0,1.19318
140.917,2311.0,1.36364
141.0,2327.0,1.36364
141.0,2283.0,1.53409
141.083,2187.0,1.53409
141.083,2018.0,1.47727
141.083,1987.0,1.47727
141.167,2002.0,1.13636
141.167,2014.0,1.13636
141.25,2013.0,1.30682
141.25,2082.0,1.30682
141.333,2118.0,1.30682
141.333,2134.0,1.19318
141.333,2147.0,1.19318
141.333,2125.0,1.19318
141.333,2115.0,1.19318
141.333,2106.0,1.19318
141.333,2083.0,1.19318
141.333,2005.0,1.19318
141.333,1977.0,1.19318
141.333,1997.0,1.19318
141.333,2041.0,1.19318
141.333,2111.0,1.19318
141.333,2200.0,1.19318
141.333,2135.0,1.19318
141.417,2079.0,1.19318
141.417,2083.0,0.170455
141.417,2079.0,0.170455
141.5,2043.0,1.07955
141.5,2013.0,1.07955
141.5,2023.0,1.07955
141.583,2078.0,1.02273
141.583,2109.0,1.02273
141.667,2109.0,1.02273
141.667,2156.0,1.19318
141.667,2201.0,1.19318
141.75,2199.0,1.13636
141.75,2135.0,1.13636
141.833,2131.0,1.13636
141.833,2064.0,1.13636
141.833,2009.0,1.13636
141.917,1891.0,1.02273
141.917,1868.0,1.02273
141.917,1897.0,1.02273
142.0,1951.0,0.965909
142.0,2038.0,0.965909
142.0,2212.0,0.965909
142.083,2307.0,0.909091
142.083,2320.0,0.909091
142.083,2266.0,0.909091
142.167,2157.0,0.965909
142.167,2104.0,0.965909
142.167,2104.0,0.965909
142.25,2002.0,0.909091
142.25,1964.0,0.909091
142.25,1949.0,0.909091
142.25,1794.0,0.909091
142.333,1295.0,0.795454
142.333,634.0,0.795454
142.333,109.0,0.795454
142.333,0.0,0.795454
142.333,0.0,0.795454
142.333,0.0,0.795454
142.417,0.0,0.454545
142.417,0.0,0.454545
142.417,0.0,0.454545
142.417,0.0,0.454545
142.417,0.0,0.454545
142.417,0.0,0.454545
142.417,0.0,0.454545
142.417,0.0,0.454545
142.417,0.0,0.454545
142.417,0.0,0.454545
142.417,0.0,0.454545
142.417,0.0,0.454545
142.417,0.0,0.454545
142.417,0.0,0.454545
142.417,0.0,0.454545
142.417,0.0,0.454545
142.417,0.0,0.454545
142.417,0.0,0.454545
142.417,0.0,0.454545
142.417,0.0,0.454545
142.417,0.0,0.454545
142.417,0.0,0.454545
142.417,0.0,0.454545
142.417,0.0,0.454545
142.417,0.0,0.454545
142.417,0.0,0.454545
142.417,0.0,0.454545
142.417,0.0,0.454545
142.417,0.0,0.454545
142.417,0.0,0.454545
142.417,0.0,0.454545
142.417,0.0,0.454545
142.417,0.0,0.454545
142.417,0.0,0.454545
142.417,0.0,0.454545
142.417,0.0,0.454545
142.417,0.0,0.454545
142.417,0.0,0.454545
142.417,0.0,0.454545
142.417,0.0,0.454545
142.417,0.0,0.454545
142.417,0.0,0.454545
142.417,0.0,0.454545
142.417,0.0,0.454545
142.417,0.0,0.454545
142.417,0.0,0.454545
142.417,0.0,0.454545
142.417,0.0,0.454545
142.417,0.0,0.454545
142.417,0.0,0.454545
142.417,0.0,0.0
142.417,0.0,0.0
142.417,0.0,0.0
142.417,0.0,0.0
142.417,0.0,0.0
142.417,0.0,0.0
142.417,0.0,0.0
142.417,0.0,0.0
142.417,0.0,0.0
142.417,0.0,0.0
142.417,0.0,0.0
142.417,0.0,0.0
142.417,0.0,0.0
142.417,0.0,0.0
142.417,0.0,0.0
142.417,0.0,0.0
142.417,0.0,0.0
142.417,0.0,0.0
142.417,0.0,0.0
142.417,0.0,0.0
142.417,0.0,0.0
142.417,0.0,0.0
142.417,0.0,0.0
142.417,0.0,0.0
142.417,0.0,0.0
142.417,0.0,0.0
142.417,0.0,0.0
142.417,0.0,0.0
142.417,0.0,0.0
142.417,0.0,0.0
142.417,0.0,0.0
142.417,0.0,0.0
142.417,0.0,0.0
142.417,0.0,0.0
142.417,0.0,0.0
142.417,0.0,0.0
142.417,0.0,0.0
142.417,0.0,0.0
142.417,0.0,0.0
142.417,0.0,0.0
142.417,0.0,0.0
142.417,0.0,0.0
142.417,0.0,0.0
142.417,0.0,0.0
142.417,0.0,0.0
142.417,0.0,0.0
142.417,0.0,0.0
142.417,0.0,0.0
142.417,0.0,0.0
142.417,0.0,0.0
142.417,0.0,0.0
142.417,0.0,0.0
142.417,0.0,0.0
142.417,0.0,0.0
142.417,0.0,0.0
142.417,0.0,0.0
142.417,0.0,0.0
142.417,0.0,0.0
142.417,0.0,0.0
142.417,0.0,0.0
142.417,0.0,0.0
142.417,0.0,0.0
142.417,0.0,0.0
142.417,0.0,0.0
142.417,0.0,0.0
142.417,0.0,0.0
142.417,0.0,0.0
142.417,0.0,0.0
142.417,0.0,0.0
142.417,0.0,0.0
142.417,0.0,0.0
142.417,0.0,0.0
142.417,0.0,0.0
142.417,0.0,0.0
142.417,0.0,0.0
142.417,0.0,0.0
142.417,0.0,0.0
142.417,0.0,0.0
142.417,0.0,0.0
142.417,0.0,0.0
142.417,0.0,0.0
142.417,0.0,0.0
142.417,0.0,0.0
142.417,0.0,0.0
142.417,0.0,0.0
142.417,0.0,0.0
142.417,0.0,0.0
142.417,0.0,0.0
142.417,0.0,0.0
142.417,0.0,0.0
142.417,0.0,0.0
142.417,0.0,0.0
142.417,0.0,0.0
142.417,0.0,0.0
142.417,0.0,0.0
142.417,0.0,0.0
142.417,0.0,0.0
142.417,0.0,0.0
142.417,0.0,0.0
142.417,0.0,0.0
142.417,0.0,0.0
142.417,0.0,0.0
142.417,0.0,0.0
142.417,0.0,0.0
142.417,0.0,0.0
142.417,0.0,0.0
142.417,0.0,0.0
142.417,0.0,0.0
142.417,0.0,0.0
142.417,0.0,0.0
142.417,1.0,0.0
142.417,0.0,0.0
142.417,0.0,0.0
142.417,0.0,0.0
142.417,0.0,0.0
142.417,0.0,0.0
142.417,0.0,0.0
142.417,0.0,0.0
142.417,0.0,0.0
142.417,0.0,0.0
142.417,0.0,0.0
142.417,0.0,0.0
142.417,0.0,0.0
142.417,0.0,0.0
142.417,0.0,0.0
142.417,0.0,0.0
142.417,0.0,0.0
142.417,0.0,0.0
142.417,0.0,0.0
142.417,0.0,0.0
142.417,0.0,0.0
142.417,0.0,0.0
142.417,0.0,0.0
142.417,0.0,0.0
142.417,0.0,0.0
142.417,0.0,0.0
142.417,0.0,0.0
142.417,0.0,0.0
142.417,0.0,0.0
142.417,0.0,0.0
142.417,0.0,0.0
142.417,0.0,0.0
142.417,0.0,0.0
142.417,0.0,0.0
142.417,0.0,0.0
142.417,0.0,0.0
142.417,0.0,0.0
142.417,0.0,0.0
142.417,0.0,0.0
142.417,0.0,0.0
142.417,0.0,0.0
142.417,0.0,0.0
142.417,0.0,0.0
142.417,0.0,0.0
142.417,0.0,0.0
142.417,0.0,0.0
142.417,0.0,0.0
142.417,0.0,0.0
142.417,0.0,0.0
142.417,0.0,0.0
142.417,0.0,0.0
142.417,0.0,0.0
142.417,0.0,0.0
142.417,0.0,0.0
142.417,0.0,0.0
142.417,0.0,0.0
142.417,0.0,0.0
142.417,0.0,0.0
142.417,0.0,0.0
142.417,0.0,0.0
142.417,0.0,0.0
142.417,0.0,0.0
142.417,0.0,0.0
142.417,0.0,0.0
142.417,0.0,0.0
142.417,0.0,0.0
142.417,0.0,0.0
142.417,0.0,0.0
142.417,0.0,0.0
142.417,0.0,0.0
142.417,0.0,0.0
142.417,0.0,0.0
142.417,0.0,0.0
142.417,0.0,0.0
142.417,0.0,0.0
142.417,0.0,0.0
142.417,0.0,0.0
142.417,0.0,0.0
142.417,0.0,0.0
142.417,0.0,0.0
142.417,0.0,0.0
142.417,0.0,0.0
142.417,0.0,0.0
142.417,0.0,0.0
142.417,0.0,0.0
142.417,0.0,0.0
142.417,0.0,0.0
142.417,0.0,0.0
142.417,0.0,0.0
142.417,0.0,0.0
142.417,0.0,0.0
142.417,0.0,0.0
142.417,0.0,0.0
142.417,0.0,0.0
142.417,0.0,0.0
142.417,1.0,0.0
142.417,0.0,0.0
142.417,0.0,0.0
142.417,0.0,0.0
142.417,0.0,0.0
142.417,0.0,0.0
142.417,0.0,0.0
142.417,0.0,0.0
142.417,0.0,0.0
142.417,0.0,0.0
142.417,0.0,0.0
142.417,0.0,0.0
142.417,0.0,0.0
142.417,0.0,0.0
142.417,0.0,0.0
142.417,0.0,0.0
142.417,0.0,0.0
142.417,0.0,0.0
142.417,0.0,0.0
142.417,0.0,0.0
142.417,0.0,0.0
142.417,0.0,0.0
142.417,0.0,0.0
142.417,0.0,0.0
142.417,0.0,0.0
142.417,0.0,0.0
142.417,0.0,0.0
142.417,0.0,0.0
142.417,0.0,0.0
142.417,0.0,0.0
142.417,0.0,0.0
142.417,0.0,0.0
142.417,0.0,0.0
142.417,0.0,0.0
142.417,0.0,0.0
142.417,0.0,0.0
142.417,0.0,0.0
142.417,0.0,0.0
142.417,0.0,0.0
142.417,0.0,0.0
142.417,0.0,0.0
142.417,0.0,0.0
142.417,0.0,0.0
142.417,0.0,0.0
142.417,0.0,0.0
142.417,0.0,0.0
142.417,0.0,0.0
142.417,0.0,0.0
142.417,0.0,0.0
142.417,0.0,0.0
142.417,0.0,0.0
142.417,0.0,0.0
142.417,0.0,0.0
142.417,0.0,0.0
142.417,0.0,0.0
142.417,0.0,0.0
142.417,0.0,0.0
142.417,0.0,0.0
142.417,0.0,0.0
142.417,0.0,0.0
142.417,0.0,0.0
142.417,0.0,0.0
142.417,0.0,0.0
142.417,0.0,0.0
142.417,0.0,0.0
142.417,0.0,0.0
142.417,0.0,0.0
142.417,0.0,0.0
142.417,0.0,0.0
142.417,0.0,0.0
142.417,0.0,0.0
142.417,0.0,0.0
142.417,0.0,0.0
142.417,0.0,0.0
142.417,0.0,0.0
142.417,0.0,0.0
142.417,0.0,0.0
142.417,0.0,0.0
142.417,0.0,0.0
142.417,0.0,0.0
142.417,0.0,0.0
142.417,1.0,0.0
142.417,0.0,0.0
142.417,0.0,0.0
142.417,0.0,0.0
142.417,0.0,0.0
142.417,0.0,0.0
142.417,0.0,0.0
142.417,0.0,0.0
142.417,0.0,0.0
142.417,0.0,0.0
142.417,0.0,0.0
142.417,0.0,0.0
142.417,0.0,0.0
142.417,0.0,0.0
142.417,0.0,0.0
142.417,0.0,0.0
142.417,0.0,0.0
142.417,0.0,0.0
142.417,0.0,0.0
142.417,0.0,0.0
142.417,0.0,0.0
142.417,0.0,0.0
142.417,0.0,0.0
142.417,0.0,0.0
142.417,0.0,0.0
142.417,0.0,0.0
142.417,0.0,0.0
142.417,0.0,0.0
142.417,0.0,0.0
142.417,0.0,0.0
142.417,0.0,0.0
142.417,0.0,0.0
142.417,0.0,0.0
142.417,0.0,0.0
142.417,0.0,0.0
142.417,0.0,0.0
142.417,0.0,0.0
142.417,0.0,0.0
142.417,0.0,0.0
142.417,0.0,0.0
142.417,0.0,0.0
142.417,0.0,0.0
142.417,0.0,0.0
142.417,0.0,0.0
142.417,0.0,0.0
142.417,0.0,0.0
142.417,0.0,0.0
142.417,0.0,0.0
142.417,0.0,0.0
142.417,0.0,0.0
142.417,0.0,0.0
142.417,0.0,0.0
142.417,0.0,0.0
142.417,0.0,0.0
142.417,0.0,0.0
142.417,0.0,0.0
142.417,0.0,0.0
142.417,0.0,0.0
142.417,0.0,0.0
142.417,0.0,0.0
142.417,0.0,0.0
142.417,0.0,0.0
142.417,0.0,0.0
142.417,0.0,0.0
142.417,0.0,0.0
142.417,0.0,0.0
142.417,0.0,0.0
142.417,0.0,0.0
142.417,0.0,0.0
142.417,0.0,0.0
142.417,0.0,0.0
142.417,0.0,0.0
142.417,0.0,0.0
142.417,0.0,0.0
142.417,0.0,0.0
142.417,0.0,0.0
142.417,0.0,0.0
142.417,0.0,0.0
142.417,0.0,0.0
142.417,0.0,0.0
142.417,0.0,0.0
142.417,0.0,0.0
142.417,0.0,0.0
142.417,0.0,0.0
142.417,0.0,0.0
142.417,0.0,0.0
142.417,0.0,0.0
142.417,0.0,0.0
142.417,0.0,0.0
142.417,0.0,0.0
142.417,0.0,0.0
142.417,0.0,0.0
142.417,0.0,0.0
142.417,0.0,0.0
142.417,0.0,0.0
142.417,0.0,0.0
142.417,0.0,0.0
142.417,0.0,0.0
142.417,0.0,0.0
142.417,0.0,0.0
142.417,0.0,0.0
142.417,0.0,0.0
142.417,0.0,0.0
142.417,0.0,0.0
142.417,0.0,0.0
142.417,0.0,0.0
142.417,0.0,0.0
142.417,0.0,0.0
142.417,0.0,0.0
142.417,0.0,0.0
142.417,0.0,0.0
142.417,0.0,0.0
142.417,0.0,0.0
142.417,0.0,0.0
142.417,0.0,0.0
142.417,0.0,0.0
142.417,0.0,0.0
142.417,0.0,0.0
142.417,0.0,0.0
142.417,0.0,0.0
142.417,0.0,0.0
142.417,0.0,0.0
142.417,0.0,0.0
142.417,0.0,0.0
142.417,0.0,0.0
142.417,0.0,0.0
142.417,0.0,0.0
142.417,0.0,0.0
142.417,0.0,0.0
142.417,0.0,0.0
142.417,0.0,0.0
142.417,0.0,0.0
142.417,0.0,0.0
142.417,0.0,0.0
142.417,0.0,0.0
142.417,0.0,0.0
142.417,0.0,0.0
142.417,0.0,0.0
142.417,0.0,0.0
142.417,0.0,0.0
142.417,0.0,0.0
142.417,0.0,0.0
142.417,0.0,0.0
142.417,0.0,0.0
142.417,0.0,0.0
142.417,0.0,0.0
142.417,0.0,0.0
142.417,0.0,0.0
142.417,0.0,0.0
142.417,0.0,0.0
142.417,0.0,0.0
142.417,0.0,0.0
142.417,0.0,0.0
142.417,0.0,0.0
142.417,0.0,0.0
142.417,0.0,0.0
142.417,0.0,0.0
142.417,0.0,0.0
142.417,0.0,0.0
142.417,0.0,0.0
142.417,0.0,0.0
142.417,0.0,0.0
142.417,0.0,0.0
142.417,0.0,0.0
142.417,0.0,0.0
142.417,0.0,0.0
142.417,0.0,0.0
142.417,0.0,0.0
142.417,0.0,0.0
142.417,0.0,0.0
142.417,0.0,0.0
142.417,0.0,0.0
142.417,0.0,0.0
142.417,0.0,0.0
142.417,0.0,0.0
142.417,0.0,0.0
142.417,0.0,0.0
142.417,0.0,0.0
142.417,0.0,0.0
142.417,0.0,0.0
142.417,0.0,0.0
142.417,0.0,0.0
142.417,0.0,0.0
142.417,0.0,0.0
142.417,0.0,0.0
142.417,0.0,0.0
142.417,0.0,0.0
142.417,0.0,0.0
142.417,0.0,0.0
142.417,0.0,0.0
142.417,0.0,0.0
142.417,0.0,0.0
142.417,0.0,0.0
142.417,0.0,0.0
142.417,0.0,0.0
142.417,0.0,0.0
142.417,0.0,0.0
142.417,0.0,0.0
142.417,1.0,0.0
142.417,0.0,0.0
142.417,0.0,0.0
142.417,0.0,0.0
142.417,0.0,0.0
142.417,0.0,0.0
142.417,0.0,0.0
142.417,0.0,0.0
142.417,0.0,0.0
142.417,0.0,0.0
142.417,0.0,0.0
142.417,0.0,0.0
142.417,0.0,0.0
142.417,0.0,0.0
142.417,0.0,0.0
142.417,0.0,0.0
142.417,0.0,0.0
142.417,0.0,0.0
142.417,0.0,0.0
142.417,0.0,0.0
142.417,0.0,0.0
142.417,0.0,0.0
142.417,0.0,0.0
142.417,0.0,0.0
142.417,0.0,0.0
142.417,0.0,0.0
142.417,0.0,0.0
142.417,0.0,0.0
142.417,0.0,0.0
142.417,0.0,0.0
142.417,0.0,0.0
142.417,0.0,0.0
142.417,0.0,0.0
142.417,0.0,0.0
142.417,0.0,0.0
142.417,0.0,0.0
142.417,0.0,0.0
142.417,0.0,0.0
142.417,0.0,0.0
142.417,0.0,0.0
142.417,0.0,0.0
142.417,0.0,0.0
142.417,0.0,0.0
142.417,0.0,0.0
142.417,0.0,0.0
142.417,0.0,0.0
142.417,0.0,0.0
142.417,0.0,0.0
142.417,0.0,0.0
142.417,0.0,0.0
142.417,0.0,0.0
142.417,0.0,0.0
142.417,0.0,0.0
142.417,0.0,0.0
142.417,0.0,0.0
142.417,0.0,0.0
142.417,0.0,0.0
142.417,0.0,0.0
142.417,0.0,0.0
142.417,0.0,0.0
142.417,0.0,0.0
142.417,0.0,0.0
142.417,0.0,0.0
142.417,0.0,0.0
142.417,0.0,0.0
142.417,0.0,0.0
142.417,0.0,0.0
142.417,0.0,0.0
142.417,0.0,0.0
142.417,0.0,0.0
142.417,0.0,0.0
142.417,0.0,0.0
142.417,0.0,0.0
142.417,0.0,0.0
142.417,0.0,0.0
142.417,0.0,0.0
142.417,0.0,0.0
142.417,0.0,0.0
142.417,0.0,0.0
142.417,0.0,0.0
142.417,0.0,0.0
142.417,0.0,0.0
142.417,0.0,0.0
142.417,0.0,0.0
142.417,0.0,0.0
142.417,0.0,0.0
142.417,0.0,0.0
142.417,0.0,0.0
142.417,0.0,0.0
142.417,0.0,0.0
142.417,0.0,0.0
142.417,0.0,0.0
142.417,0.0,0.0
142.417,0.0,0.0
142.417,0.0,0.0
142.417,0.0,0.0
142.417,0.0,0.0
142.417,0.0,0.0
142.417,0.0,0.0
142.417,0.0,0.0
142.417,0.0,0.0
142.417,0.0,0.0
142.417,0.0,0.0
142.417,0.0,0.0
142.417,0.0,0.0
142.417,0.0,0.0
142.417,0.0,0.0
142.417,0.0,0.0
142.417,0.0,0.0
142.417,0.0,0.0
142.417,0.0,0.0
142.417,0.0,0.0
142.417,0.0,0.0
142.417,0.0,0.0
142.417,0.0,0.0
142.417,0.0,0.0
142.417,0.0,0.0
142.417,0.0,0.0
142.417,0.0,0.0
142.417,0.0,0.0
142.417,0.0,0.0
142.417,0.0,0.0
142.417,0.0,0.0
142.417,0.0,0.0
142.417,0.0,0.0
142.417,0.0,0.0
142.417,0.0,0.0
142.417,0.0,0.0
142.417,0.0,0.0
142.417,0.0,0.0
142.417,0.0,0.0
142.417,0.0,0.0
142.417,0.0,0.0
142.417,0.0,0.0
142.417,0.0,0.0
142.417,0.0,0.0
142.417,0.0,0.0
142.417,0.0,0.0
142.417,0.0,0.0
142.417,0.0,0.0
142.417,0.0,0.0
142.417,0.0,0.0
142.417,0.0,0.0
142.417,0.0,0.0
142.417,0.0,0.0
142.417,0.0,0.0
142.417,0.0,0.0
142.417,0.0,0.0
142.417,0.0,0.0
142.417,0.0,0.0
142.417,0.0,0.0
142.417,0.0,0.0
142.417,0.0,0.0
142.417,0.0,0.0
142.417,0.0,0.0
142.417,0.0,0.0
142.417,0.0,0.0
142.417,0.0,0.0
142.417,0.0,0.0
142.417,0.0,0.0
142.417,0.0,0.0
142.417,0.0,0.0
142.417,0.0,0.0
142.417,0.0,0.0
142.417,0.0,0.0
142.417,0.0,0.0
142.417,0.0,0.0
142.417,0.0,0.0
142.417,0.0,0.0
142.417,0.0,0.0
142.417,0.0,0.0
142.417,0.0,0.0
142.417,0.0,0.0
142.417,0.0,0.0
142.417,0.0,0.0
142.417,0.0,0.0
142.417,0.0,0.0
142.417,0.0,0.0
142.417,0.0,0.0
142.417,0.0,0.0
142.417,0.0,0.0
142.417,0.0,0.0
142.417,0.0,0.0
142.417,0.0,0.0
142.417,0.0,0.0
142.417,0.0,0.0
142.417,0.0,0.0
142.417,0.0,0.0
142.417,0.0,0.0
142.417,0.0,0.0
142.417,0.0,0.0
142.417,0.0,0.0
142.417,0.0,0.0
142.417,0.0,0.0
142.417,0.0,0.0
142.417,0.0,0.0
142.417,0.0,0.0
142.417,0.0,0.0
142.417,0.0,0.0
142.417,0.0,0.0
142.417,0.0,0.0
142.417,0.0,0.0
142.417,0.0,0.0
142.417,0.0,0.0
142.417,0.0,0.0
142.417,0.0,0.0
142.417,0.0,0.0
142.417,0.0,0.0
142.417,0.0,0.0
142.417,0.0,0.0
142.417,0.0,0.0
142.417,0.0,0.0
142.417,0.0,0.0
142.417,0.0,0.0
142.417,0.0,0.0
142.417,0.0,0.0
142.417,0.0,0.0
142.417,0.0,0.0
142.417,1.0,0.0
142.417,0.0,0.0
142.417,0.0,0.0
142.417,0.0,0.0
142.417,0.0,0.0
142.417,0.0,0.0
142.417,0.0,0.0
142.417,0.0,0.0
142.417,0.0,0.0
142.417,0.0,0.0
142.417,0.0,0.0
142.417,0.0,0.0
142.417,0.0,0.0
142.417,0.0,0.0
142.417,0.0,0.0
142.417,0.0,0.0
142.417,0.0,0.0
142.417,0.0,0.0
142.417,0.0,0.0
142.417,0.0,0.0
142.417,0.0,0.0
142.417,0.0,0.0
142.417,0.0,0.0
142.417,0.0,0.0
142.417,0.0,0.0
142.417,0.0,0.0
142.417,0.0,0.0
142.417,0.0,0.0
142.417,0.0,0.0
142.417,0.0,0.0
142.417,0.0,0.0
142.417,0.0,0.0
142.417,0.0,0.0
142.417,0.0,0.0
142.417,0.0,0.0
142.417,0.0,0.0
142.417,0.0,0.0
142.417,0.0,0.0
142.417,0.0,0.0
142.417,0.0,0.0
142.417,0.0,0.0
142.417,0.0,0.0
142.417,0.0,0.0
142.417,0.0,0.0
142.417,0.0,0.0
142.417,0.0,0.0
142.417,0.0,0.0
142.417,0.0,0.0
142.417,0.0,0.0
142.417,0.0,0.0
142.417,0.0,0.0
142.417,0.0,0.0
142.417,0.0,0.0
142.417,0.0,0.0
142.417,0.0,0.0
142.417,0.0,0.0
142.417,0.0,0.0
142.417,0.0,0.0
142.417,0.0,0.0
142.417,1.0,0.0
142.417,0.0,0.0
142.417,0.0,0.0
142.417,0.0,0.0
142.417,0.0,0.0
142.417,0.0,0.0
142.417,0.0,0.0
142.417,0.0,0.0
142.417,0.0,0.0
142.417,0.0,0.0
142.417,0.0,0.0
142.417,0.0,0.0
142.417,0.0,0.0
142.417,0.0,0.0
142.417,0.0,0.0
142.417,0.0,0.0
142.417,0.0,0.0
142.417,0.0,0.0
142.417,0.0,0.0
142.417,0.0,0.0
142.417,0.0,0.0
142.417,0.0,0.0
142.417,0.0,0.0
142.417,0.0,0.0
142.417,0.0,0.0
142.417,0.0,0.0
142.417,0.0,0.0
142.417,0.0,0.0
142.417,0.0,0.0
142.417,0.0,0.0
142.417,0.0,0.0
142.417,0.0,0.0
142.417,0.0,0.0
142.417,0.0,0.0
142.417,0.0,0.0
142.417,0.0,0.0
142.417,0.0,0.0
142.417,0.0,0.0
142.417,0.0,0.0
142.417,0.0,0.0
142.417,0.0,0.0
142.417,0.0,0.0
142.417,0.0,0.0
142.417,0.0,0.0
142.417,0.0,0.0
142.417,0.0,0.0
142.417,0.0,0.0
142.417,0.0,0.0
142.417,0.0,0.0
142.417,0.0,0.0
142.417,0.0,0.0
142.417,0.0,0.0
142.417,0.0,0.0
142.417,0.0,0.0
142.417,0.0,0.0
142.417,0.0,0.0
142.417,0.0,0.0
142.417,0.0,0.0
142.417,0.0,0.0
142.417,0.0,0.0
142.417,0.0,0.0
142.417,0.0,0.0
142.417,0.0,0.0
142.417,0.0,0.0
142.417,0.0,0.454545
142.417,0.0,0.454545
142.5,0.0,0.0
142.5,0.0,0.0
142.5,0.0,0.0
142.5,0.0,0.0
142.5,0.0,0.0
142.5,0.0,0.0
142.5,0.0,0.0
142.5,0.0,0.0
142.5,0.0,0.0
142.5,0.0,0.0
142.5,0.0,0.0
142.5,0.0,0.0
142.5,0.0,0.0
142.5,0.0,0.0
142.5,0.0,0.0
142.5,0.0,0.0
142.5,0.0,0.0
142.5,0.0,0.0
142.5,0.0,0.0
142.5,0.0,0.0
142.5,0.0,0.0
142.5,0.0,0.0
142.5,0.0,0.0
142.5,0.0,0.0
142.5,0.0,0.0
142.5,0.0,0.0
142.5,0.0,0.0
142.5,0.0,0.0
142.5,0.0,0.0
142.5,0.0,0.0
142.5,0.0,0.0
142.5,0.0,0.0
142.5,0.0,0.0
142.5,0.0,0.0
142.5,0.0,0.0
142.5,0.0,0.0
142.5,0.0,0.0
142.5,0.0,0.0
142.5,0.0,0.0
142.5,0.0,0.0
142.5,0.0,0.0
142.5,0.0,0.0
142.5,0.0,0.0
142.5,0.0,0.0
142.5,0.0,0.0
142.5,0.0,0.0
142.5,0.0,0.0
142.5,0.0,0.0
142.5,0.0,0.0
142.5,0.0,0.0
142.5,0.0,0.0
142.5,0.0,0.0
142.5,0.0,0.0
142.5,0.0,0.0
142.5,0.0,0.0
142.5,0.0,0.0
142.5,0.0,0.0
142.5,0.0,0.0
142.5,0.0,0.0
142.5,0.0,0.0
142.5,0.0,0.0
142.5,0.0,0.0
142.5,0.0,0.0
142.5,0.0,0.0
142.5,0.0,0.0
142.5,0.0,0.0
142.5,0.0,0.0
142.5,0.0,0.0
142.5,0.0,0.0
142.5,0.0,0.0
142.5,0.0,0.0
142.5,0.0,0.0
142.5,0.0,0.0
142.5,0.0,0.0
142.5,0.0,0.0
142.5,0.0,0.0
142.5,0.0,0.0
142.5,0.0,0.0
142.5,0.0,0.0
142.5,0.0,0.0
142.5,0.0,0.0
142.5,0.0,0.0
142.5,0.0,0.0
142.5,0.0,0.0
142.5,0.0,0.0
142.5,0.0,0.0
142.5,0.0,0.0
142.5,0.0,0.0
142.5,0.0,0.0
142.5,0.0,0.0
142.5,0.0,0.0
142.5,0.0,0.0
142.5,0.0,0.0
142.5,0.0,0.0
142.5,0.0,0.0
142.5,0.0,0.0
142.5,0.0,0.0
142.5,0.0,0.0
142.5,0.0,0.0
142.5,0.0,0.0
142.5,0.0,0.0
142.5,0.0,0.0
142.5,0.0,0.0
142.5,0.0,0.0
142.5,0.0,0.0
142.5,0.0,0.0
142.5,0.0,0.0
142.5,0.0,0.0
142.5,0.0,0.0
