0.0,0.0,0.0
0.0,0.0,0.0
0.0,0.0,0.0
0.0,0.0,0.0
0.0,0.0,0.0
0.0,0.0,0.0
0.0,0.0,0.0
0.0,0.0,0.0
0.0,0.0,0.0
0.0,0.0,0.0
0.0,0.0,0.0
0.0,0.0,0.0
0.0,0.0,0.0
0.0,0.0,0.0
0.0,0.0,0.0
0.0,0.0,0.0
0.0,0.0,0.0
0.0,0.0,0.0
0.0,0.0,0.0
0.0,0.0,0.0
0.0,0.0,0.0
0.0,0.0,0.0
0.0,0.0,0.0
0.0,0.0,0.0
0.0,0.0,0.0
0.0,0.0,0.0
0.0,0.0,0.0
0.0,0.0,0.0
0.0,0.0,0.0
0.0,0.0,0.0
0.0,0.0,0.0
0.0,0.0,0.0
0.0,0.0,0.0
0.0,0.0,0.0
0.0,0.0,0.0
0.0,0.0,0.0
0.0,0.0,0.0
0.0,0.0,0.0
0.0,0.0,0.0
0.0,0.0,0.0
0.0,0.0,0.0
0.0,0.0,0.0
0.0,0.0,0.0
0.0,0.0,0.0
0.0,0.0,0.0
0.0,0.0,0.0
0.0,0.0,0.0
0.0,0.0,0.0
0.0,0.0,0.0
0.0,0.0,0.0
0.0,0.0,0.0
0.0,0.0,0.0
0.0,0.0,0.0
0.0,0.0,0.0
0.0,0.0,0.0
0.0,0.0,0.0
0.0,0.0,0.0
0.0,0.0,0.0
0.0,0.0,0.0
0.0,0.0,0.0
0.0,0.0,0.0
0.0,0.0,0.0
0.0,1.0,0.0
0.0,0.0,0.0
0.0,0.0,0.0
0.0,0.0,0.0
0.0,0.0,0.0
0.0,0.0,0.0
0.0,0.0,0.0
0.0,0.0,0.0
0.0,0.0,0.0
0.0,0.0,0.0
0.0,0.0,0.0
0.0,0.0,0.0
0.0,0.0,0.0
0.0,0.0,0.0
0.0,0.0,0.0
0.0,0.0,0.0
0.0,0.0,0.0
0.0,0.0,0.0
0.0,0.0,0.0
0.0,0.0,0.0
0.0,0.0,0.0
0.0,0.0,0.0
0.0,0.0,0.0
0.0,0.0,0.0
0.0,0.0,0.0
0.0,0.0,0.0
0.0,0.0,0.0
0.0,0.0,0.0
0.0,0.0,0.0
0.0,0.0,0.0
0.0,0.0,0.0
0.0,0.0,0.0
0.0,0.0,0.0
0.0,0.0,0.0
0.0,0.0,0.0
0.0,0.0,0.0
0.0,0.0,0.0
0.0,0.0,0.0
0.0,0.0,0.0
0.0,0.0,0.0
0.0,0.0,0.0
0.0,0.0,0.0
0.0,0.0,0.0
0.0,0.0,0.0
0.0,0.0,0.0
0.0,0.0,0.0
0.0,0.0,0.0
0.0,0.0,0.0
0.0,0.0,0.0
0.0,0.0,0.0
0.0,0.0,0.0
0.0,0.0,0.0
0.0,0.0,0.0
0.0,0.0,0.0
0.0,0.0,0.0
0.0,0.0,0.0
0.0,0.0,0.0
0.0,0.0,0.0
0.0,0.0,0.0
0.0,0.0,0.0
0.0,0.0,0.0
0.0,0.0,0.0
0.0,0.0,0.0
0.0,0.0,0.0
0.0,0.0,0.0
0.0,0.0,0.0
0.0,0.0,0.0
0.0,0.0,0.0
0.0,0.0,0.0
0.0,0.0,0.0
0.0,0.0,0.0
0.0,0.0,0.0
0.0,0.0,0.0
0.0,0.0,0.0
0.0,0.0,0.0
0.0,0.0,0.0
0.0,0.0,0.0
0.0,0.0,0.0
0.0,0.0,0.0
0.0,0.0,0.0
0.0,0.0,0.0
0.0,0.0,0.0
0.0,0.0,0.0
0.0,0.0,0.0
0.0,0.0,0.0
0.0,0.0,0.0
0.0,0.0,0.0
0.0,0.0,0.0
0.0,0.0,0.0
0.0,0.0,0.0
0.0,0.0,0.0
0.0,0.0,0.0
0.0,0.0,0.0
0.0,0.0,0.0
0.0,1.0,0.0
0.0,0.0,0.0
0.0,0.0,0.0
0.0,0.0,0.0
0.0,0.0,0.0
0.0,0.0,0.0
0.0,0.0,0.0
0.0,0.0,0.0
0.0,0.0,0.0
0.0,0.0,0.0
0.0,0.0,0.0
0.0,0.0,0.0
0.0,0.0,0.0
0.0,0.0,0.0
0.0,0.0,0.0
0.0,0.0,0.0
0.0,0.0,0.0
0.0,0.0,0.0
0.0,0.0,0.0
0.0,0.0,0.0
0.0,0.0,0.0
0.0,0.0,0.0
0.0,0.0,0.0
0.0,0.0,0.0
0.0,0.0,0.0
0.0,0.0,0.0
0.0,0.0,0.0
0.0,0.0,0.0
0.0,0.0,0.0
0.0,0.0,0.0
0.0,0.0,0.0
0.0,0.0,0.0
0.0,0.0,0.0
0.0,0.0,0.0
0.0,0.0,0.0
0.0,0.0,0.0
0.0,0.0,0.0
0.0,0.0,0.0
0.0,0.0,0.0
0.0,0.0,0.0
0.0,0.0,0.0
0.0,0.0,0.0
0.0,0.0,0.0
0.0,0.0,0.0
0.0,0.0,0.0
0.0,0.0,0.0
0.0,0.0,0.0
0.0,0.0,0.0
0.0,0.0,0.0
0.0,0.0,0.0
0.0,0.0,0.0
0.0,0.0,0.0
0.0,0.0,0.0
0.0,0.0,0.0
0.0,0.0,0.0
0.0,0.0,0.0
0.0,0.0,0.0
0.0,0.0,0.0
0.0,0.0,0.0
0.0,0.0,0.0
0.0,0.0,0.0
0.0,0.0,0.0
0.0,0.0,0.0
0.0,0.0,0.0
0.0,0.0,0.0
0.0,0.0,0.0
0.0,0.0,0.0
0.0,0.0,0.0
0.0,0.0,0.0
0.0,0.0,0.0
0.0,0.0,0.0
0.0,0.0,0.0
0.0,0.0,0.0
0.0,0.0,0.0
0.0,0.0,0.0
0.0,0.0,0.0
0.0,0.0,0.0
0.0,0.0,0.0
0.0,0.0,0.0
0.0,0.0,0.0
0.0,0.0,0.0
0.0,0.0,0.0
0.0,0.0,0.0
0.0,0.0,0.0
0.0,0.0,0.0
0.0,0.0,0.0
0.0,0.0,0.0
0.0,0.0,0.0
0.0,0.0,0.0
0.0,0.0,0.0
0.0,0.0,0.0
0.0,0.0,0.0
0.0,0.0,0.0
0.0,0.0,0.0
0.0,0.0,0.0
0.0,0.0,0.0
0.0,0.0,0.0
0.0,0.0,0.0
0.0,0.0,0.0
0.0,0.0,0.0
0.0,0.0,0.0
0.0,0.0,0.0
0.0,0.0,0.0
0.0,0.0,0.0
0.0,0.0,0.0
0.0,0.0,0.0
0.0,0.0,0.0
0.0,0.0,0.0
0.0,0.0,0.0
0.0,0.0,0.0
0.0,0.0,0.0
0.0,0.0,0.0
0.0,0.0,0.0
0.0,0.0,0.0
0.0,0.0,0.0
0.0,0.0,0.0
0.0,0.0,0.0
0.0,0.0,0.0
0.0,0.0,0.0
0.0,0.0,0.0
0.0,0.0,0.0
0.0,0.0,0.0
0.0,0.0,0.0
0.0,0.0,0.0
0.0,0.0,0.0
0.0,0.0,0.0
0.0,0.0,0.0
0.0,0.0,0.0
0.0,0.0,0.0
0.0,0.0,0.0
0.0,0.0,0.0
0.0,0.0,0.0
0.0,0.0,0.0
0.0,0.0,0.0
0.0,0.0,0.0
0.0,0.0,0.0
0.0,0.0,0.0
0.0,0.0,0.0
0.0,0.0,0.0
0.0,0.0,0.0
0.0,0.0,0.0
0.0,0.0,0.0
0.0,0.0,0.0
0.0,0.0,0.0
0.0,0.0,0.0
0.0,0.0,0.0
0.0,0.0,0.0
0.0,0.0,0.0
0.0,0.0,0.0
0.0,0.0,0.0
0.0,0.0,0.0
0.0,0.0,0.0
0.0,0.0,0.0
0.0,0.0,0.0
0.0,0.0,0.0
0.0,0.0,0.0
0.0,0.0,0.0
0.0,0.0,0.0
0.0,0.0,0.0
0.0,0.0,0.0
0.0,0.0,0.0
0.0,0.0,0.0
0.0,0.0,0.0
0.0,0.0,0.0
0.0,0.0,0.0
0.0,0.0,0.0
0.0,0.0,0.0
0.0,0.0,0.0
0.0,0.0,0.0
0.0,0.0,0.0
0.0,0.0,0.0
0.0,0.0,0.0
0.0,0.0,0.0
0.0,0.0,0.0
0.0,0.0,0.0
0.0,0.0,0.0
0.0,0.0,0.0
0.0,0.0,0.0
0.0,0.0,0.0
0.0,0.0,0.0
0.0,0.0,0.0
0.0,0.0,0.0
0.0,0.0,0.0
0.0,0.0,0.0
0.0,0.0,0.0
0.0,0.0,0.0
0.0,0.0,0.0
0.0,0.0,0.0
0.0,0.0,0.0
0.0,0.0,0.0
0.0,0.0,0.0
0.0,0.0,0.0
0.0,0.0,0.0
0.0,0.0,0.0
0.0,0.0,0.0
0.0,0.0,0.0
0.0,0.0,0.0
0.0,0.0,0.0
0.0,0.0,0.0
0.0,1.0,0.0
0.0,3.0,0.0
0.0,7.0,0.0
0.0,8.0,0.0
0.0,10.0,0.0
0.0,10.0,0.0
0.0,12.0,0.0
0.0,12.0,0.0
0.0,15.0,0.0
0.0,15.0,0.0
0.0,16.0,0.0
0.0,16.0,0.0
0.0,22.0,0.0
0.0,37.0,0.0
0.0,49.0,0.0
0.0,59.0,0.0
0.0,67.0,0.0
0.0,94.0,0.0
0.0,127.0,0.0
0.0,145.0,0.0
0.0,158.0,0.0
0.0,162.0,0.0
0.0,146.0,0.0
0.0,135.0,0.0
0.0,135.0,0.0
0.0,136.0,0.0
0.0,153.0,0.0
0.0,164.0,0.0
0.0,166.0,0.0
0.0,166.0,0.0
0.0,168.0,0.0
0.0,172.0,0.0
0.0,176.0,0.0
0.0,178.0,0.0
0.0,182.0,0.0
0.0,186.0,0.0
0.0,184.0,0.0
0.0,185.0,0.0
0.0,186.0,0.0
0.0,185.0,0.0
0.0,188.0,0.0
0.0,192.0,0.0
0.0,203.0,0.0
0.0,217.0,0.0
0.0,239.0,0.0
0.0,250.0,0.0
0.0,257.0,0.0
0.0,259.0,0.0
0.0,260.0,0.0
0.0,259.0,0.0
0.0,257.0,0.0
0.0,257.0,0.0
0.0,258.0,0.0
0.0,261.0,0.0
0.0,268.0,0.0
0.0,277.0,0.0
0.0,285.0,0.0
0.0,290.0,0.0
0.0,294.0,0.0
0.0,296.0,0.0
0.0,296.0,0.0
0.0,299.0,0.0
0.0,306.0,0.0
0.0,314.0,0.0
0.0,318.0,0.0
0.0,322.0,0.0
0.0,332.0,0.0
0.0,357.0,0.0
0.0,381.0,0.0
0.0,412.0,0.0
0.0,436.0,0.0
0.0,455.0,0.0
0.0,479.0,0.0
0.0,492.0,0.0
0.0,501.0,0.0
0.0,501.0,0.0
0.0,498.0,0.0
0.0,496.0,0.0
0.0,490.0,0.0
0.0,490.0,0.0
0.0,497.0,0.0
0.0,498.0,0.0
0.0,507.0,0.0
0.0,510.0,0.0
0.0,510.0,0.0
0.0,506.0,0.0
0.0,512.0,0.0
0.0,525.0,0.0
0.0,533.0,0.0
0.0,540.0,0.0
0.0,556.0,0.0
0.0,571.0,0.0
0.0,584.0,0.0
0.0,596.0,0.0
0.0,596.0,0.0
0.0,605.0,0.0
0.0,605.0,0.0
0.0833333,617.0,0.0
0.0833333,628.0,1.64773
0.0833333,649.0,1.64773
0.0833333,651.0,1.64773
0.0833333,657.0,1.64773
0.0833333,659.0,1.64773
0.0833333,664.0,1.64773
0.0833333,648.0,1.64773
0.0833333,620.0,1.64773
0.0833333,606.0,1.64773
0.0833333,609.0,1.64773
0.0833333,632.0,1.64773
0.0833333,637.0,1.64773
0.0833333,636.0,1.64773
0.0833333,617.0,1.64773
0.0833333,616.0,1.64773
0.0833333,620.0,1.64773
0.0833333,639.0,1.64773
0.0833333,661.0,1.64773
0.0833333,678.0,1.64773
0.0833333,678.0,1.64773
0.0833333,669.0,1.64773
0.0833333,673.0,1.64773
0.0833333,687.0,1.64773
0.0833333,683.0,1.64773
0.0833333,684.0,1.64773
0.0833333,681.0,1.64773
0.0833333,680.0,1.64773
0.0833333,696.0,1.64773
0.0833333,699.0,1.64773
0.0833333,701.0,1.64773
0.0833333,700.0,1.64773
0.0833333,705.0,1.64773
0.0833333,705.0,1.64773
0.0833333,688.0,1.64773
0.0833333,680.0,1.64773
0.0833333,678.0,1.64773
0.166667,683.0,1.64773
0.166667,690.0,1.64773
0.166667,691.0,1.64773
0.166667,691.0,1.64773
0.166667,694.0,1.64773
0.166667,697.0,1.64773
0.166667,703.0,1.64773
0.166667,714.0,1.64773
0.166667,726.0,1.64773
0.166667,745.0,1.64773
0.166667,804.0,1.64773
0.166667,803.0,1.64773
0.166667,797.0,1.64773
0.166667,806.0,1.64773
0.166667,831.0,1.64773
0.166667,841.0,1.64773
0.166667,834.0,1.64773
0.166667,835.0,1.64773
0.166667,843.0,1.64773
0.166667,842.0,1.64773
0.166667,842.0,1.64773
0.166667,850.0,1.64773
0.166667,859.0,1.64773
0.166667,874.0,1.64773
0.166667,880.0,1.64773
0.166667,887.0,1.64773
0.166667,890.0,1.64773
0.166667,874.0,1.64773
0.166667,875.0,1.64773
0.166667,883.0,1.64773
0.166667,894.0,1.64773
0.166667,906.0,1.64773
0.166667,910.0,1.64773
0.166667,908.0,1.64773
0.166667,921.0,1.64773
0.166667,947.0,1.64773
0.166667,1023.0,1.64773
0.166667,1028.0,1.64773
0.166667,1020.0,1.64773
0.166667,1034.0,1.64773
0.166667,1060.0,1.64773
0.166667,1070.0,1.64773
0.166667,1060.0,1.64773
0.25,1049.0,0.0568182
0.25,1055.0,0.0568182
0.25,1055.0,0.0568182
0.25,1057.0,0.0568182
0.25,1056.0,0.0568182
0.25,1060.0,0.0568182
0.25,1062.0,0.0568182
0.25,1066.0,0.0568182
0.25,1072.0,0.0568182
0.25,1078.0,0.0568182
0.25,1083.0,0.0568182
0.25,1080.0,0.0568182
0.25,1080.0,0.0568182
0.25,1080.0,0.0568182
0.25,1078.0,0.0568182
0.25,1081.0,0.0568182
0.25,1091.0,0.0568182
0.25,1100.0,0.0568182
0.25,1100.0,0.0568182
0.25,1108.0,0.0568182
0.25,1110.0,0.0568182
0.25,1104.0,0.0568182
0.333333,1104.0,0.113636
0.333333,1113.0,0.113636
0.333333,1124.0,0.113636
0.333333,1125.0,0.113636
0.333333,1122.0,0.113636
0.333333,1130.0,0.113636
0.333333,1145.0,0.113636
0.333333,1163.0,0.113636
0.333333,1162.0,0.113636
0.333333,1165.0,0.113636
0.333333,1165.0,0.113636
0.333333,1205.0,0.113636
0.416667,1242.0,0.227273
0.416667,1254.0,0.227273
0.416667,1293.0,0.227273
0.416667,1325.0,0.227273
0.416667,1399.0,0.227273
0.416667,1440.0,0.227273
0.416667,1445.0,0.227273
0.416667,1462.0,0.227273
0.5,1491.0,0.227273
0.5,1489.0,0.340909
0.5,1479.0,0.340909
0.5,1479.0,0.340909
0.5,1475.0,0.340909
0.5,1473.0,0.340909
0.5,1433.0,0.340909
0.583333,1422.0,0.454545
0.583333,1424.0,0.454545
0.583333,1429.0,0.454545
0.583333,1466.0,0.454545
0.583333,1452.0,0.454545
0.666667,1445.0,0.454545
0.666667,1472.0,0.511364
0.666667,1488.0,0.511364
0.666667,1484.0,0.511364
0.666667,1481.0,0.511364
0.666667,1473.0,0.511364
0.75,1475.0,0.511364
0.75,1479.0,0.511364
0.75,1470.0,0.511364
0.75,1464.0,0.511364
0.833333,1469.0,0.511364
0.833333,1486.0,0.625
0.833333,1488.0,0.625
0.833333,1498.0,0.625
0.833333,1513.0,0.625
0.916667,1531.0,0.681818
0.916667,1550.0,0.681818
0.916667,1561.0,0.681818
1.0,1567.0,0.681818
1.0,1582.0,0.738636
1.0,1630.0,0.738636
1.0,1677.0,0.738636
1.0,1728.0,0.738636
1.08333,1793.0,0.681818
1.08333,1863.0,0.681818
1.08333,1935.0,0.681818
1.16667,1978.0,0.681818
1.16667,2011.0,0.795454
1.16667,2032.0,0.795454
1.25,2098.0,1.02273
1.25,2141.0,1.02273
1.25,2164.0,1.02273
1.33333,2175.0,1.02273
1.33333,2174.0,0.909091
1.33333,2174.0,0.909091
1.41667,2177.0,1.19318
1.41667,2173.0,1.19318
1.5,2145.0,1.13636
1.5,2105.0,1.13636
1.58333,2096.0,1.13636
1.58333,2120.0,1.19318
1.58333,2140.0,1.19318
1.66667,2142.0,1.25
1.66667,2109.0,1.25
1.75,2114.0,1.30682
1.75,2157.0,1.30682
1.83333,2267.0,1.53409
1.91667,2249.0,1.53409
1.91667,2135.0,1.59091
2.0,2134.0,1.59091
2.0,2106.0,1.70455
2.08333,2079.0,1.76136
2.16667,2067.0,1.76136
2.16667,2118.0,1.81818
2.25,2151.0,1.875
2.25,2139.0,1.875
2.33333,2089.0,1.70455
2.41667,2087.0,2.44318
2.5,2136.0,2.44318
2.5,2171.0,2.04545
2.5,2103.0,2.04545
2.58333,2054.0,1.02273
2.66667,2079.0,1.02273
2.66667,2079.0,2.38636
2.66667,2116.0,2.38636
2.66667,2123.0,2.38636
2.66667,2141.0,2.38636
2.66667,2186.0,2.38636
2.66667,2231.0,2.38636
2.66667,2259.0,2.38636
2.66667,2269.0,2.38636
2.66667,2233.0,2.38636
2.75,2163.0,2.38636
2.83333,2123.0,0.284091
2.83333,2207.0,2.78409
2.91667,2244.0,2.5
3.08333,2244.0,2.78409
3.16667,2200.0,3.52273
3.25,2201.0,3.06818
3.33333,2139.0,2.5
3.41667,2197.0,3.52273
3.5,2200.0,2.5
3.58333,2157.0,3.52273
3.58333,2084.0,3.52273
3.66667,2043.0,1.70455
3.75,2069.0,1.70455
3.83333,2121.0,1.59091
3.91667,2153.0,2.95454
3.91667,2135.0,3.35227
4.0,2102.0,1.70455
4.0,2075.0,1.70455
4.16667,2046.0,1.70455
4.25,2026.0,4.03409
4.33333,1967.0,3.46591
4.5,1906.0,3.46591
4.58333,1823.0,4.88636
4.66667,1742.0,3.69318
4.75,1685.0,3.69318
4.83333,1698.0,1.875
4.91667,1706.0,3.86364
5.08333,1669.0,3.57954
5.16667,1587.0,3.57954
5.25,1569.0,3.63636
5.33333,1581.0,3.63636
5.33333,1614.0,2.10227
5.33333,1616.0,2.10227
5.33333,1602.0,2.10227
5.41667,1579.0,0.795454
5.41667,1580.0,0.795454
5.5,1586.0,0.795454
5.66667,1653.0,4.09091
5.75,1672.0,4.375
5.91667,1642.0,4.43182
6.0,1594.0,4.65909
6.08333,1493.0,4.375
6.08333,1544.0,4.375
6.16667,1673.0,4.375
6.33333,1723.0,4.375
6.41667,1675.0,4.26136
6.5,1675.0,4.26136
6.5,1567.0,2.32954
6.5,1544.0,2.32954
6.58333,1535.0,2.32954
6.66667,1538.0,0.852273
6.75,1534.0,4.48864
6.91667,1542.0,4.48864
7.08333,1561.0,4.71591
7.16667,1596.0,5.68182
7.25,1617.0,5.68182
7.33333,1551.0,4.88636
7.41667,1559.0,4.88636
7.58333,1573.0,4.88636
7.75,1543.0,4.88636
7.83333,1517.0,4.54545
7.83333,1518.0,4.43182
7.83333,1644.0,4.43182
8.0,1716.0,4.43182
8.08333,1662.0,5.22727
8.16667,1696.0,2.32954
8.33333,1752.0,4.375
8.5,1751.0,4.77273
8.5,1679.0,5.05682
8.66667,1646.0,5.05682
8.75,1695.0,6.36363
8.91667,1670.0,6.36363
9.0,1540.0,5.11364
9.16667,1429.0,5.11364
9.16667,1493.0,4.77273
9.25,1492.0,4.77273
9.41667,1512.0,4.77273
9.58333,1593.0,5.05682
9.75,1682.0,5.05682
9.91667,1709.0,5.05682
10.0,1698.0,4.88636
10.1667,1724.0,4.88636
10.3333,1846.0,5.22727
10.5,1915.0,5.22727
10.5,1896.0,5.22727
10.5833,1851.0,5.22727
10.75,1835.0,5.22727
10.75,1794.0,5.22727
10.9167,1710.0,5.22727
11.0833,1710.0,5.22727
11.1667,1711.0,5.28409
11.3333,1525.0,5.11364
11.5,1529.0,5.11364
11.6667,1569.0,5.11364
11.8333,1539.0,5.11364
11.9167,1497.0,5.34091
12.0833,1679.0,5.34091
12.25,1790.0,5.34091
12.4167,1754.0,5.34091
12.5833,1664.0,5.28409
12.6667,1578.0,5.625
12.8333,1555.0,5.625
13.0,1546.0,5.56818
13.1667,1530.0,5.56818
13.3333,1522.0,5.45454
13.5,1450.0,5.45454
13.6667,1482.0,5.39773
13.8333,1526.0,5.11364
13.9167,1538.0,5.11364
13.9167,1521.0,4.65909
13.9167,1533.0,4.65909
13.9167,1598.0,4.65909
13.9167,1653.0,4.65909
14.0,1614.0,4.65909
14.1667,1598.0,5.22727
14.3333,1663.0,5.22727
14.5,1681.0,5.51136
14.6667,1637.0,5.51136
14.75,1576.0,5.51136
14.8333,1507.0,2.84091
14.9167,1451.0,2.84091
15.0,1422.0,5.85227
15.0833,1426.0,5.85227
15.25,1432.0,5.73864
15.4167,1402.0,5.73864
15.5833,1336.0,5.45454
15.75,1336.0,5.85227
15.8333,1486.0,5.22727
16.0,1527.0,5.22727
16.1667,1506.0,5.39773
16.3333,1496.0,6.07954
16.5,1496.0,6.07954
16.6667,1492.0,6.02273
16.75,1504.0,5.0
16.9167,1497.0,5.85227
17.0833,1492.0,5.85227
17.25,1521.0,5.85227
17.4167,1557.0,5.85227
17.5833,1533.0,5.73864
17.8333,1508.0,5.73864
18.0,1494.0,6.19318
18.1667,1428.0,6.19318
18.3333,1350.0,5.85227
18.3333,1309.0,5.79545
18.4167,1334.0,1.93182
18.6667,1394.0,3.18182
18.8333,1409.0,3.18182
19.0,1451.0,5.85227
19.0833,1507.0,5.79545
19.1667,1493.0,5.79545
19.3333,1395.0,5.79545
19.5833,1411.0,6.70454
19.5833,1424.0,6.98863
19.6667,1394.0,6.98863
19.8333,1284.0,6.47727
19.9167,1195.0,6.19318
20.1667,1165.0,6.19318
20.3333,1220.0,6.19318
20.4167,1306.0,6.70454
20.4167,1299.0,2.89773
20.6667,1300.0,2.89773
20.8333,1313.0,2.89773
20.9167,1336.0,6.42045
20.9167,1357.0,3.23864
20.9167,1334.0,3.23864
21.0833,1296.0,3.23864
21.25,1269.0,6.30682
21.5,1204.0,6.30682
21.6667,1168.0,6.81818
21.75,1171.0,6.19318
21.9167,1218.0,6.19318
22.0,1287.0,7.04545
22.0,1329.0,7.04545
22.0,1312.0,7.04545
22.0833,1312.0,7.04545
22.1667,1313.0,0.795454
22.3333,1350.0,2.21591
22.5833,1338.0,5.96591
22.75,1288.0,6.42045
22.8333,1268.0,6.76136
23.0,1273.0,6.76136
23.1667,1215.0,6.76136
23.25,1160.0,6.13636
23.3333,1177.0,6.13636
23.5,1193.0,6.13636
23.5833,1169.0,6.81818
23.8333,1137.0,7.44318
23.9167,1150.0,7.5
24.1667,1168.0,6.76136
24.3333,1170.0,6.98863
24.5,1213.0,6.76136
24.5833,1267.0,6.30682
24.5833,1302.0,6.30682
24.8333,1331.0,6.30682
25.0,1363.0,6.93182
25.25,1390.0,6.93182
25.4167,1405.0,6.93182
25.5833,1394.0,6.59091
25.8333,1332.0,6.59091
25.8333,1109.0,6.59091
26.0,1223.0,6.59091
26.0,1407.0,6.93182
26.1667,1413.0,6.93182
26.3333,1308.0,7.04545
26.5,1295.0,7.04545
26.5833,1493.0,6.81818
26.75,1613.0,6.81818
26.8333,1508.0,7.5
26.9167,1109.0,2.44318
26.9167,1071.0,2.44318
26.9167,1140.0,2.44318
27.0833,1177.0,2.44318
27.25,1192.0,6.47727
27.4167,1232.0,6.47727
27.5833,1231.0,6.47727
27.75,1225.0,7.84091
27.9167,1230.0,7.67045
27.9167,1230.0,7.84091
28.0,1258.0,7.84091
28.0,1271.0,1.36364
28.1667,1260.0,1.76136
28.25,1231.0,7.84091
28.4167,1229.0,6.19318
28.5833,1261.0,6.19318
28.75,1290.0,6.19318
28.8333,1303.0,8.23863
28.8333,1274.0,8.23863
29.0,1272.0,8.23863
29.0,1300.0,6.76136
29.1667,1316.0,6.76136
29.4167,1291.0,6.76136
29.5833,1253.0,6.81818
29.75,1289.0,7.15909
29.9167,1314.0,7.15909
30.0,1301.0,4.20454
30.25,1239.0,7.10227
30.3333,1231.0,6.98863
30.5,1235.0,6.98863
30.5833,1232.0,7.04545
30.8333,1202.0,7.04545
31.0,1196.0,7.04545
31.25,1225.0,7.44318
31.4167,1245.0,7.44318
31.5,1242.0,6.98863
31.6667,1201.0,6.98863
31.75,1201.0,7.95454
31.9167,1186.0,7.95454
32.0833,1178.0,7.95454
32.3333,1176.0,7.89773
32.5,1175.0,7.89773
32.6667,1174.0,6.47727
32.8333,1166.0,6.47727
32.9167,1142.0,6.70454
32.9167,1104.0,2.44318
33.0,1087.0,2.44318
33.1667,1009.0,2.44318
33.4167,936.0,6.53409
33.6667,925.0,7.78409
33.75,957.0,6.875
33.9167,957.0,10.8523
34.0,958.0,3.46591
34.25,1032.0,3.46591
34.25,827.0,6.875
34.5,773.0,6.875
34.75,861.0,6.875
34.9167,909.0,7.10227
35.0833,919.0,6.42045
35.25,821.0,6.42045
35.5,775.0,7.27273
35.5,807.0,6.875
35.5,850.0,6.875
35.5833,890.0,6.875
35.75,941.0,7.21591
35.9167,965.0,7.21591
36.0,965.0,6.76136
36.0833,868.0,6.76136
36.1667,738.0,1.70455
36.3333,858.0,6.875
36.4167,976.0,6.875
36.4167,990.0,2.44318
36.5,836.0,2.44318
36.75,857.0,7.15909
37.0,986.0,7.44318
37.1667,1101.0,7.44318
37.25,1041.0,7.55682
37.3333,921.0,2.5
37.5833,942.0,3.23864
37.6667,966.0,6.70454
37.8333,962.0,6.70454
37.9167,876.0,7.04545
38.1667,868.0,7.15909
38.3333,879.0,7.15909
38.5833,878.0,6.70454
38.75,892.0,6.875
39.0,972.0,6.59091
39.1667,1028.0,6.59091
39.4167,1027.0,6.98863
39.5833,941.0,6.98863
39.8333,920.0,7.04545
40.0833,1000.0,7.04545
40.1667,999.0,7.15909
40.3333,962.0,7.15909
40.5,962.0,7.15909
40.6667,950.0,7.15909
40.6667,949.0,6.81818
40.8333,949.0,6.81818
40.9167,948.0,6.47727
41.1667,922.0,6.47727
41.3333,941.0,6.64773
41.5833,1077.0,6.64773
41.6667,1147.0,6.93182
41.75,1084.0,3.40909
41.9167,935.0,3.40909
42.1667,942.0,3.40909
42.3333,941.0,7.15909
42.4167,925.0,7.10227
42.5833,934.0,7.10227
42.8333,959.0,7.10227
43.0,967.0,7.21591
43.1667,984.0,6.13636
43.3333,1065.0,6.13636
43.5833,1084.0,6.81818
43.6667,1035.0,6.76136
43.8333,1000.0,6.76136
44.0,996.0,6.25
44.1667,974.0,7.55682
44.4167,936.0,6.98863
44.5833,916.0,7.15909
44.6667,948.0,6.81818
44.8333,1016.0,6.81818
44.8333,1079.0,6.59091
45.0,1026.0,6.59091
45.1667,985.0,6.59091
45.3333,1073.0,7.89773
45.5833,1221.0,7.61363
45.75,1184.0,7.61363
45.8333,1046.0,8.63636
46.0833,915.0,8.63636
46.0833,957.0,6.59091
46.1667,1050.0,6.59091
46.25,1055.0,1.81818
46.5,1022.0,2.15909
46.6667,1019.0,7.04545
46.9167,1039.0,7.04545
47.0833,1036.0,7.15909
47.1667,1036.0,7.27273
47.3333,939.0,7.21591
47.4167,916.0,6.81818
47.5,910.0,2.44318
47.5,870.0,3.40909
47.6667,859.0,3.40909
47.9167,946.0,6.875
48.0833,1073.0,7.44318
48.3333,891.0,7.27273
48.5833,820.0,7.27273
48.75,947.0,7.27273
48.8333,1111.0,6.25
49.0,1076.0,6.25
49.1667,892.0,7.32954
49.3333,891.0,7.32954
49.5833,948.0,7.32954
49.75,1073.0,7.32954
50.0,1085.0,7.32954
50.25,1082.0,7.32954
50.3333,1092.0,7.61363
50.4167,1055.0,3.23864
50.5833,1002.0,3.97727
50.75,980.0,6.53409
50.8333,957.0,6.93182
51.0833,938.0,6.93182
51.1667,929.0,6.70454
51.4167,937.0,6.70454
51.6667,971.0,7.10227
51.6667,969.0,7.5
51.75,1093.0,2.21591
51.8333,1190.0,2.44318
52.0833,1210.0,3.97727
52.25,1131.0,7.04545
52.5,1048.0,7.04545
52.5,1121.0,6.875
52.6667,1155.0,6.875
52.8333,1059.0,6.59091
52.8333,892.0,6.53409
53.0,883.0,6.53409
53.0833,1073.0,7.67045
53.25,1164.0,7.67045
53.5,1258.0,7.67045
53.6667,1258.0,7.27273
53.9167,1154.0,7.04545
54.0833,997.0,7.04545
54.25,1155.0,7.04545
54.5,1287.0,7.21591
54.6667,1230.0,7.21591
54.75,1112.0,6.64773
54.9167,1142.0,6.64773
55.1667,1088.0,6.81818
55.25,1049.0,7.5
55.3333,1190.0,6.30682
55.5,1189.0,6.30682
55.6667,1044.0,6.30682
55.75,972.0,5.68182
55.8333,979.0,6.47727
55.8333,1030.0,6.47727
56.0,1095.0,6.47727
56.1667,1206.0,6.47727
56.4167,1336.0,7.10227
56.5833,1300.0,7.10227
56.75,1168.0,7.44318
57.0,1140.0,7.44318
57.0833,1217.0,6.13636
57.0833,1213.0,6.13636
57.0833,1209.0,6.13636
57.3333,1249.0,6.13636
57.5,1325.0,7.04545
57.6667,1333.0,6.30682
57.9167,1296.0,6.30682
58.0833,1099.0,6.30682
58.0833,1174.0,6.93182
58.3333,1333.0,6.93182
58.3333,1275.0,7.10227
58.4167,1075.0,7.10227
58.5833,998.0,7.10227
58.8333,1064.0,7.10227
59.0,1200.0,7.38636
59.1667,1278.0,7.10227
59.25,1144.0,3.57954
59.5,1072.0,3.57954
59.5833,1116.0,6.875
59.8333,1164.0,6.875
60.0833,1163.0,7.27273
60.25,1163.0,7.27273
60.5,1198.0,7.27273
60.5833,1186.0,7.72727
60.8333,1186.0,7.72727
60.8333,1148.0,7.89773
61.0833,1102.0,7.89773
61.1667,1125.0,6.47727
61.1667,1213.0,6.47727
61.25,1149.0,1.42045
61.5,1051.0,1.42045
61.75,1032.0,6.53409
61.9167,1063.0,6.53409
62.1667,1093.0,6.875
62.3333,1081.0,7.72727
62.5833,1079.0,6.76136
62.5833,1090.0,6.59091
62.6667,1115.0,6.59091
62.9167,1093.0,7.38636
63.0833,1054.0,7.38636
63.3333,1038.0,7.38636
63.5,1062.0,7.55682
63.6667,1089.0,6.70454
63.75,1051.0,6.64773
63.9167,1032.0,6.64773
63.9167,1019.0,7.38636
64.0,959.0,1.81818
64.25,966.0,1.81818
64.4167,1008.0,7.10227
64.5833,1007.0,8.92045
64.75,1034.0,8.92045
64.9167,994.0,9.03409
65.0833,969.0,9.03409
65.25,964.0,6.93182
65.3333,944.0,6.59091
65.4167,1097.0,2.27273
65.5833,1062.0,7.27273
65.75,912.0,7.27273
65.9167,823.0,7.27273
66.1667,904.0,7.89773
66.25,1143.0,6.70454
66.3333,1144.0,7.61363
66.3333,1086.0,7.61363
66.5833,1087.0,7.61363
66.6667,1087.0,7.44318
66.9167,1081.0,7.44318
67.0,1124.0,7.5
67.1667,1143.0,7.5
67.4167,1112.0,7.5
67.4167,919.0,7.27273
67.5,884.0,2.44318
67.5,1034.0,2.44318
67.75,1109.0,2.44318
67.9167,996.0,6.93182
68.1667,800.0,7.27273
68.3333,889.0,7.27273
68.5,1062.0,9.14773
68.75,1147.0,9.14773
68.9167,1028.0,7.21591
69.0,978.0,9.09091
69.1667,1030.0,7.89773
69.3333,1069.0,6.98863
69.5,1043.0,6.98863
69.75,906.0,6.98863
69.8333,871.0,7.72727
70.0833,995.0,7.72727
70.1667,1168.0,6.70454
70.25,1059.0,6.875
70.3333,962.0,6.875
70.4167,1035.0,1.81818
70.6667,1095.0,6.07954
70.8333,1113.0,6.07954
71.0833,1086.0,7.27273
71.25,1058.0,7.5
71.4167,946.0,7.21591
71.5,929.0,7.21591
71.5833,1074.0,6.30682
71.6667,1073.0,6.30682
71.8333,1033.0,6.30682
72.0833,1054.0,7.10227
72.25,998.0,7.10227
72.5,966.0,7.10227
72.6667,1020.0,7.5
72.75,1081.0,6.59091
72.75,1116.0,6.59091
73.0,1113.0,6.59091
73.1667,1113.0,6.875
73.3333,1142.0,6.875
73.5833,1050.0,6.875
73.6667,944.0,7.84091
73.8333,988.0,7.44318
73.9167,1073.0,3.86364
74.0,1138.0,8.40909
74.0833,1147.0,8.40909
74.1667,1060.0,8.35227
74.3333,1027.0,8.35227
74.5833,1028.0,7.72727
74.75,1043.0,7.21591
75.0,1192.0,7.21591
75.25,1225.0,7.44318
75.3333,1223.0,7.89773
75.5,1040.0,7.89773
75.5,1037.0,3.63636
75.5833,1100.0,3.63636
75.6667,1077.0,7.44318
75.9167,1087.0,7.44318
76.0,1206.0,8.35227
76.1667,1361.0,8.35227
76.3333,1241.0,7.21591
76.5833,1037.0,7.04545
76.6667,1050.0,6.59091
76.8333,1229.0,6.13636
76.9167,1208.0,6.81818
77.1667,1097.0,6.81818
77.3333,1097.0,6.81818
77.5833,1104.0,6.25
77.75,1168.0,8.125
78.0,1161.0,8.125
78.1667,1142.0,8.125
78.4167,1136.0,7.10227
78.5833,1141.0,6.93182
78.8333,1131.0,6.93182
79.0,1181.0,6.93182
79.25,1386.0,6.93182
79.4167,1514.0,6.76136
79.5,1161.0,7.55682
79.5833,1078.0,7.55682
79.75,1072.0,8.35227
79.75,1071.0,8.35227
79.75,1071.0,8.35227
79.8333,1252.0,8.35227
80.0833,1162.0,8.35227
80.25,994.0,8.35227
80.5,1073.0,8.18182
80.6667,1291.0,7.61363
80.9167,1337.0,7.55682
81.0,1224.0,6.42045
81.0,1190.0,3.35227
81.0,1239.0,3.35227
81.25,1345.0,3.35227
81.4167,1312.0,6.64773
81.5833,1229.0,7.10227
81.6667,1196.0,8.06818
81.8333,1243.0,7.67045
82.0,1347.0,6.70454
82.25,1280.0,6.70454
82.25,1228.0,6.93182
82.25,1214.0,6.93182
82.4167,1232.0,6.47727
82.5833,1262.0,6.47727
82.75,1302.0,7.72727
82.8333,1288.0,7.72727
83.0833,1213.0,7.72727
83.1667,1180.0,7.72727
83.3333,1170.0,7.72727
83.3333,1208.0,7.44318
83.5,1334.0,7.44318
83.6667,1351.0,7.44318
83.9167,1362.0,7.04545
84.0833,1367.0,7.04545
84.25,1332.0,6.47727
84.4167,1215.0,7.89773
84.4167,1142.0,8.57954
84.4167,1113.0,8.57954
84.4167,1186.0,8.57954
84.5833,1418.0,8.57954
84.75,1365.0,8.57954
84.9167,1195.0,7.72727
85.0833,1157.0,7.72727
85.1667,1230.0,5.90909
85.4167,1378.0,5.90909
85.5,1294.0,6.98863
85.75,1294.0,6.98863
85.8333,1128.0,7.72727
86.0,1043.0,7.72727
86.1667,1157.0,7.72727
86.4167,1280.0,7.44318
86.5,1183.0,6.25
86.75,1027.0,6.875
86.9167,1057.0,7.04545
86.9167,1264.0,8.125
87.0,1228.0,8.125
87.1667,1178.0,7.44318
87.3333,1203.0,7.44318
87.5833,1311.0,7.55682
87.8333,1332.0,7.55682
87.9167,1190.0,7.95454
88.1667,1146.0,7.95454
88.3333,1132.0,7.67045
88.5,1214.0,6.47727
88.6667,1280.0,6.76136
88.75,1276.0,8.06818
88.9167,1244.0,8.06818
89.1667,1250.0,8.06818
89.25,1290.0,9.60227
89.4167,1359.0,9.60227
89.5833,1395.0,6.36363
89.75,1287.0,7.04545
89.8333,1274.0,7.55682
89.8333,1274.0,2.5
90.0,1333.0,2.5
90.1667,1232.0,2.5
90.3333,1022.0,3.40909
90.5,1040.0,6.02273
90.6667,1122.0,6.02273
90.75,1242.0,8.86363
90.9167,1308.0,8.125
91.0,1229.0,7.32954
91.0833,1172.0,7.32954
91.25,1176.0,1.70455
91.4167,1281.0,7.55682
91.6667,1339.0,7.55682
91.9167,1316.0,7.55682
92.0833,1316.0,7.10227
92.1667,1316.0,6.98863
92.25,1288.0,3.40909
92.25,1328.0,3.40909
92.3333,1342.0,3.40909
92.4167,1345.0,1.13636
92.6667,1317.0,6.98863
92.8333,1244.0,6.98863
93.0,1259.0,6.25
93.1667,1285.0,3.46591
93.3333,1280.0,3.46591
93.3333,1278.0,6.36363
93.5833,1256.0,6.36363
93.6667,1254.0,7.32954
93.75,1247.0,2.44318
94.0,1247.0,3.63636
94.1667,1214.0,7.27273
94.3333,1206.0,6.81818
94.4167,1204.0,3.46591
94.5833,1226.0,3.86364
94.6667,1240.0,6.25
94.75,1235.0,6.47727
94.8333,1306.0,6.47727
95.0833,1401.0,6.47727
95.25,1421.0,6.47727
95.5,1373.0,6.59091
95.6667,1316.0,6.59091
95.9167,1299.0,7.72727
95.9167,1305.0,7.5
96.0833,1330.0,7.5
96.0833,1332.0,6.42045
96.1667,1315.0,6.42045
96.3333,1300.0,6.42045
96.5,1291.0,6.42045
96.6667,1272.0,6.42045
96.75,1278.0,6.875
97.0,1300.0,7.5
97.0,1310.0,7.72727
97.0833,1282.0,1.76136
97.1667,1274.0,1.76136
97.4167,1272.0,2.27273
97.5833,1247.0,7.15909
97.8333,1181.0,7.27273
97.8333,1279.0,8.06818
98.0833,1279.0,8.06818
98.25,1314.0,7.21591
98.3333,1235.0,7.10227
98.5,1178.0,7.10227
98.75,1276.0,7.10227
98.9167,1346.0,7.15909
99.1667,1406.0,7.21591
99.3333,1420.0,7.21591
99.4167,1285.0,7.78409
99.5833,1300.0,7.78409
99.75,1340.0,7.78409
99.9167,1306.0,6.93182
100.0,1268.0,3.63636
100.0,1240.0,3.63636
100.167,1273.0,3.63636
100.417,1322.0,7.32954
100.583,1347.0,7.32954
100.833,1228.0,7.55682
101.0,1269.0,6.81818
101.25,1323.0,6.81818
101.25,1317.0,7.15909
101.333,1263.0,7.15909
101.5,1285.0,6.875
101.583,1323.0,6.64773
101.833,1335.0,6.64773
102.0,1299.0,6.70454
102.083,1301.0,6.81818
102.25,1300.0,7.15909
102.417,1339.0,7.04545
102.5,1276.0,3.46591
102.5,1232.0,3.46591
102.5,1334.0,3.46591
102.667,1393.0,3.46591
102.833,1336.0,3.46591
103.0,1231.0,5.73864
103.25,1273.0,6.98863
103.25,1320.0,7.10227
103.5,1316.0,7.10227
103.667,1295.0,6.875
103.75,1336.0,6.59091
103.75,1453.0,6.59091
103.833,1453.0,6.59091
104.083,1428.0,6.64773
104.25,1428.0,6.25
104.417,1344.0,7.27273
104.583,1380.0,6.36363
104.75,1381.0,6.36363
105.0,1328.0,7.10227
105.167,1274.0,6.76136
105.25,1225.0,6.25
105.417,1267.0,6.25
105.583,1327.0,6.875
105.833,1338.0,6.875
105.917,1281.0,8.01136
106.167,1279.0,8.01136
106.333,1274.0,7.32954
106.5,1276.0,7.32954
106.5,1281.0,6.64773
106.583,1359.0,6.64773
106.75,1363.0,6.875
107.0,1313.0,7.5
107.167,1288.0,6.47727
107.333,1414.0,6.47727
107.5,1428.0,6.30682
107.667,1372.0,6.30682
107.917,1299.0,6.30682
108.0,1291.0,6.93182
108.0,1329.0,6.93182
108.083,1334.0,6.93182
108.25,1331.0,6.93182
108.5,1332.0,6.93182
108.667,1342.0,6.93182
108.75,1346.0,6.64773
109.0,1347.0,6.64773
109.167,1360.0,6.64773
109.333,1381.0,6.64773
109.417,1328.0,6.76136
109.5,1221.0,2.32954
109.667,1248.0,3.23864
109.833,1408.0,3.57954
110.0,1498.0,5.85227
110.167,1468.0,5.85227
110.333,1430.0,5.85227
110.417,1420.0,6.30682
110.667,1426.0,6.30682
110.75,1426.0,6.59091
110.833,1431.0,6.59091
110.917,1429.0,6.59091
111.083,1414.0,6.59091
111.25,1380.0,6.59091
111.333,1374.0,6.875
111.583,1398.0,6.875
111.75,1399.0,6.81818
111.917,1341.0,6.81818
112.0,1392.0,6.81818
112.083,1481.0,3.40909
112.083,1457.0,1.93182
112.25,1416.0,2.15909
112.5,1405.0,6.30682
112.667,1408.0,6.76136
112.75,1393.0,7.38636
112.917,1376.0,7.38636
113.083,1357.0,7.38636
113.167,1360.0,6.13636
113.25,1372.0,6.13636
113.417,1379.0,6.13636
113.667,1375.0,6.13636
113.833,1374.0,6.76136
114.0,1394.0,6.76136
114.167,1420.0,7.32954
114.333,1433.0,7.32954
114.5,1482.0,6.25
114.583,1500.0,7.15909
114.583,1389.0,7.15909
114.667,1248.0,7.15909
114.667,1246.0,1.07955
114.917,1538.0,1.07955
115.0,1577.0,6.76136
115.167,1439.0,6.76136
115.417,1363.0,6.76136
115.5,1564.0,6.59091
115.667,1631.0,6.59091
115.833,1572.0,6.59091
115.833,1515.0,5.96591
115.917,1566.0,5.96591
115.917,1755.0,1.30682
116.083,1757.0,1.30682
116.25,1624.0,6.13636
116.417,1624.0,6.13636
116.667,1515.0,6.36363
116.833,1578.0,6.47727
117.0,1577.0,6.47727
117.083,1443.0,6.36363
117.25,1271.0,6.93182
117.333,1355.0,6.93182
117.5,1635.0,6.70454
117.667,1739.0,6.36363
117.833,1668.0,6.36363
117.833,1520.0,5.96591
118.083,1505.0,5.96591
118.25,1511.0,5.96591
118.333,1510.0,5.625
118.333,1461.0,5.625
118.333,1648.0,5.625
118.417,1590.0,5.625
118.583,1398.0,6.53409
118.667,1277.0,6.64773
118.833,1439.0,6.64773
119.083,1706.0,6.64773
119.083,1725.0,8.46591
119.25,1658.0,8.46591
119.25,1632.0,6.25
119.333,1653.0,1.53409
119.417,1575.0,1.53409
119.5,1312.0,1.875
119.667,1312.0,3.18182
119.75,1137.0,6.47727
120.0,1254.0,6.81818
120.083,1435.0,5.22727
120.25,1549.0,5.22727
120.333,1623.0,6.42045
120.583,1862.0,6.53409
120.667,1976.0,6.36363
120.667,2010.0,6.36363
120.833,1977.0,6.36363
120.917,1734.0,6.07954
121.083,1657.0,6.07954
121.333,1721.0,6.875
121.5,1706.0,6.875
121.583,1526.0,6.07954
121.75,1311.0,6.07954
121.833,1311.0,6.02273
121.917,1297.0,2.04545
121.917,1388.0,2.04545
122.0,1523.0,1.42045
122.167,1573.0,3.29545
122.333,1600.0,6.19318
122.583,1682.0,6.47727
122.667,1706.0,5.51136
122.833,1576.0,5.51136
123.0,1555.0,6.30682
123.167,1591.0,6.30682
123.333,1620.0,6.02273
123.5,1629.0,6.02273
123.583,1633.0,6.64773
123.667,1724.0,6.64773
123.75,1772.0,2.10227
123.917,1684.0,3.01136
124.167,1436.0,6.53409
124.25,1451.0,6.02273
124.417,1482.0,6.02273
124.417,1493.0,5.85227
124.417,1509.0,5.85227
124.417,1562.0,5.85227
124.417,1673.0,5.85227
124.583,1835.0,5.85227
124.75,2034.0,6.19318
124.917,2155.0,6.19318
125.0,2133.0,5.96591
125.083,2153.0,5.96591
125.25,2104.0,6.59091
125.417,1807.0,6.59091
125.417,1646.0,5.90909
125.5,1489.0,1.98864
125.5,1334.0,1.98864
125.583,1227.0,1.98864
125.75,1327.0,1.98864
125.833,1494.0,5.68182
126.0,1608.0,5.68182
126.083,1662.0,5.625
126.25,1843.0,5.625
126.417,1857.0,5.625
126.5,2005.0,5.625
126.583,2005.0,5.625
126.75,1979.0,5.625
126.75,1911.0,5.22727
126.833,1974.0,5.22727
127.0,1985.0,5.56818
127.167,1902.0,5.56818
127.333,1761.0,6.42045
127.5,1671.0,5.05682
127.75,1626.0,5.05682
127.917,1541.0,5.45454
127.917,1486.0,6.25
128.0,1718.0,6.25
128.0,1876.0,1.81818
128.0,1875.0,1.81818
128.083,1885.0,1.81818
128.25,1958.0,5.51136
128.417,2092.0,5.51136
128.583,2169.0,5.68182
128.667,2146.0,5.96591
128.833,2010.0,5.625
128.917,1896.0,5.90909
129.083,1902.0,5.90909
129.25,1941.0,5.90909
129.333,1958.0,5.22727
129.333,1860.0,5.22727
129.417,1808.0,5.22727
129.583,1726.0,5.56818
129.667,1727.0,5.17045
129.917,1717.0,5.17045
130.0,1709.0,5.625
130.167,1609.0,5.625
130.25,1577.0,4.94318
130.333,1608.0,2.95454
130.5,1763.0,2.95454
130.5,1945.0,5.79545
130.667,1997.0,5.79545
130.833,1962.0,5.45454
131.0,2187.0,5.73864
131.0,2267.0,6.02273
131.167,2110.0,6.30682
131.333,1929.0,5.22727
131.417,1904.0,4.60227
131.583,1698.0,4.60227
131.75,1698.0,5.625
131.917,1704.0,5.17045
131.917,1775.0,4.43182
131.917,1825.0,4.43182
131.917,1767.0,4.43182
132.0,1861.0,4.43182
132.167,2071.0,4.43182
132.333,2248.0,4.43182
132.417,2217.0,5.625
132.583,1932.0,4.94318
132.583,1814.0,4.88636
132.75,1806.0,4.88636
132.917,1804.0,4.88636
132.917,1784.0,5.22727
133.0,1780.0,5.22727
133.167,1809.0,4.94318
133.25,1865.0,5.28409
133.25,1929.0,5.28409
133.333,1910.0,1.30682
133.5,1996.0,4.77273
133.667,2105.0,4.77273
133.833,2136.0,4.94318
134.0,2116.0,4.94318
134.0,2219.0,4.71591
134.083,2220.0,4.71591
134.25,2062.0,4.71591
134.417,1906.0,4.71591
134.5,1944.0,5.0
134.583,1951.0,4.375
134.583,1889.0,4.375
134.75,1849.0,4.375
134.833,2040.0,5.0
135.0,2331.0,5.0
135.167,2434.0,4.54545
135.25,2319.0,5.39773
135.25,2129.0,4.26136
135.25,2191.0,4.26136
135.333,2221.0,4.26136
135.417,2168.0,0.909091
135.583,2016.0,2.67045
135.75,1930.0,4.65909
135.75,1905.0,4.54545
135.75,1894.0,4.54545
135.833,1894.0,1.19318
135.917,1838.0,2.61364
136.083,1780.0,4.43182
136.25,1828.0,4.43182
136.417,1909.0,5.05682
136.5,1984.0,5.05682
136.667,2185.0,5.05682
136.833,2435.0,4.82954
136.917,2550.0,5.05682
137.083,2540.0,5.05682
137.25,2479.0,5.05682
137.417,2361.0,5.05682
137.5,2359.0,4.88636
137.667,2213.0,4.88636
137.833,2137.0,4.71591
137.917,1997.0,4.48864
138.083,2013.0,4.48864
138.25,2084.0,4.65909
138.25,2117.0,4.43182
138.417,2110.0,4.43182
138.583,2149.0,4.43182
138.667,2190.0,4.09091
138.667,2130.0,4.09091
138.833,2017.0,4.09091
138.833,2039.0,4.82954
138.833,2095.0,4.82954
138.833,2098.0,4.82954
138.833,2125.0,4.82954
138.917,2048.0,0.681818
139.083,1994.0,2.21591
139.167,2004.0,4.71591
139.333,2033.0,4.71591
139.5,2088.0,4.71591
139.583,2155.0,4.77273
139.75,2141.0,4.82954
139.917,2140.0,4.71591
140.0,2129.0,4.54545
140.167,1995.0,4.54545
140.333,1963.0,4.54545
140.417,1980.0,4.77273
140.583,1979.0,4.77273
140.75,2089.0,4.82954
140.833,2089.0,4.71591
141.0,2030.0,4.60227
141.083,2092.0,4.43182
141.083,2294.0,4.43182
141.167,2435.0,1.53409
141.25,2363.0,2.44318
141.417,2369.0,2.44318
141.5,2380.0,4.48864
141.5,2297.0,4.48864
141.5,2075.0,4.48864
141.583,2002.0,4.48864
141.75,1989.0,4.48864
141.833,1940.0,4.48864
142.0,1942.0,4.48864
142.083,2045.0,3.97727
142.25,2168.0,3.97727
142.417,2209.0,4.375
142.5,2210.0,4.48864
142.667,2379.0,4.71591
142.75,2420.0,4.54545
142.833,2337.0,4.54545
143.0,2261.0,4.82954
143.0,2265.0,5.11364
143.083,2324.0,5.11364
143.083,2310.0,1.36364
143.083,2211.0,1.36364
143.167,2145.0,1.13636
143.333,2130.0,1.13636
143.5,2161.0,4.14773
143.583,2251.0,4.77273
143.667,2315.0,4.88636
143.667,2225.0,4.88636
143.833,2239.0,4.88636
143.917,2306.0,5.51136
144.083,2302.0,5.51136
144.083,2147.0,4.375
144.25,2030.0,4.375
144.25,2051.0,4.14773
144.333,2079.0,4.14773
144.417,2065.0,5.0
144.583,2060.0,4.26136
144.583,2097.0,4.20454
144.75,2098.0,4.20454
144.833,2098.0,4.71591
145.0,2081.0,4.20454
145.0,2157.0,3.97727
145.167,2266.0,3.97727
145.25,2293.0,3.69318
145.333,2286.0,3.80682
145.5,2225.0,3.80682
145.583,2208.0,4.71591
145.75,2312.0,4.71591
145.75,2323.0,4.09091
145.833,2238.0,4.09091
145.917,2203.0,1.36364
146.0,2205.0,3.97727
146.167,2278.0,3.97727
146.333,2308.0,3.97727
146.417,2155.0,5.11364
146.5,2158.0,3.92045
146.667,2178.0,3.86364
146.75,2040.0,4.65909
146.833,1819.0,4.20454
146.917,1601.0,2.15909
147.083,1590.0,2.15909
147.167,1701.0,3.29545
147.333,1875.0,3.29545
147.333,2035.0,3.80682
147.333,2210.0,3.80682
147.5,2211.0,3.80682
147.583,2392.0,4.82954
147.75,2553.0,3.97727
147.833,2583.0,3.92045
147.917,2525.0,3.86364
148.083,2448.0,3.86364
148.167,2335.0,4.03409
148.333,2026.0,3.92045
148.417,1813.0,4.60227
148.583,1655.0,4.60227
148.667,1615.0,4.09091
148.75,1739.0,4.03409
148.833,1934.0,4.26136
148.833,2054.0,4.26136
148.833,2054.0,4.26136
149.0,2231.0,4.26136
149.0,2666.0,3.80682
149.167,2666.0,3.80682
149.167,2833.0,3.92045
149.25,2817.0,1.93182
149.417,2686.0,4.09091
149.5,2465.0,3.86364
149.667,2408.0,3.86364
149.75,2334.0,5.11364
149.833,2211.0,4.26136
149.917,2021.0,4.26136
150.0,1876.0,4.20454
150.167,1875.0,4.20454
150.25,1907.0,3.52273
150.25,1917.0,4.03409
150.25,2135.0,4.03409
150.333,2179.0,4.03409
150.417,2203.0,0.965909
150.5,2303.0,2.04545
150.5,2569.0,4.14773
150.667,2620.0,4.14773
150.75,2462.0,3.97727
150.917,2268.0,3.97727
151.0,2135.0,4.26136
151.083,2192.0,4.82954
151.167,2251.0,4.82954
151.25,2187.0,1.93182
151.25,2107.0,4.14773
151.333,2107.0,4.14773
151.417,2161.0,3.69318
151.583,2247.0,3.69318
151.583,2295.0,4.03409
151.75,2250.0,4.03409
151.833,2192.0,5.05682
151.917,2187.0,4.03409
152.083,2131.0,4.03409
152.167,1998.0,4.60227
152.333,1854.0,4.14773
152.417,1890.0,3.92045
152.417,1993.0,3.92045
152.583,2035.0,3.92045
152.583,2066.0,4.77273
152.75,2199.0,4.77273
152.833,2303.0,3.63636
153.0,2303.0,3.75
153.083,2337.0,4.09091
153.083,2234.0,3.92045
153.083,2082.0,3.92045
153.083,2053.0,3.92045
153.167,2096.0,0.795454
153.333,2079.0,3.69318
153.417,1900.0,3.97727
153.5,1859.0,3.40909
153.667,1900.0,3.40909
153.75,1972.0,4.54545
153.917,2007.0,4.03409
154.0,2009.0,3.75
154.083,2045.0,3.63636
154.25,2118.0,3.63636
154.333,2166.0,3.57954
154.417,2200.0,3.23864
154.5,2315.0,4.77273
154.583,2598.0,3.40909
154.667,2924.0,3.40909
154.667,3168.0,1.64773
154.667,3345.0,1.64773
154.75,3558.0,1.64773
154.833,3720.0,0.965909
154.833,3849.0,2.67045
154.917,4068.0,1.59091
155.0,4074.0,1.59091
155.083,4271.0,2.27273
155.083,4351.0,2.5
155.167,4420.0,2.5
155.167,4497.0,1.76136
155.25,4467.0,1.76136
155.25,4288.0,1.25
155.25,3975.0,1.25
155.25,3863.0,1.25
155.25,3872.0,1.25
155.25,3869.0,1.25
155.333,3752.0,1.25
155.333,3390.0,0.454545
155.333,3213.0,0.454545
155.333,3211.0,0.454545
155.333,3165.0,0.454545
155.333,3048.0,0.454545
155.333,3048.0,0.454545
155.333,3100.0,0.454545
155.333,3199.0,0.454545
155.333,3287.0,0.454545
155.333,3448.0,0.454545
155.333,3557.0,0.454545
155.333,3440.0,0.454545
155.333,3177.0,0.454545
155.333,2952.0,0.454545
155.333,2884.0,0.454545
155.333,2880.0,0.454545
155.333,2859.0,0.454545
155.333,2860.0,0.454545
155.333,2964.0,0.454545
155.333,3101.0,0.454545
155.333,3120.0,0.454545
155.333,3087.0,0.454545
155.333,3103.0,0.454545
155.333,3139.0,0.454545
155.333,3073.0,0.454545
155.333,2998.0,0.454545
155.333,2960.0,0.454545
155.333,3061.0,0.454545
155.333,3188.0,0.454545
155.333,3237.0,0.454545
155.333,3210.0,0.454545
155.333,3187.0,0.454545
155.333,3190.0,0.454545
155.333,3230.0,0.454545
155.333,3061.0,0.454545
155.333,2538.0,0.454545
155.333,959.0,0.454545
155.333,376.0,0.454545
155.333,123.0,0.454545
155.333,0.0,0.454545
155.333,0.0,0.454545
155.333,0.0,0.454545
155.333,0.0,0.454545
155.333,0.0,0.454545
155.333,0.0,0.454545
155.333,0.0,0.454545
155.333,0.0,0.454545
155.333,0.0,0.454545
155.333,0.0,0.454545
155.333,0.0,0.454545
155.333,0.0,0.454545
155.333,0.0,0.454545
155.333,0.0,0.454545
155.333,113.0,0.0
155.333,385.0,0.0
155.333,299.0,0.0
155.333,138.0,0.0
155.333,29.0,0.0
155.333,0.0,0.0
155.333,0.0,0.0
155.333,0.0,0.0
155.333,0.0,0.0
155.333,0.0,0.0
155.333,0.0,0.0
155.333,0.0,0.0
155.333,0.0,0.0
155.333,0.0,0.0
155.333,8.0,0.0
155.333,52.0,0.0
155.333,43.0,0.0
155.333,23.0,0.0
155.333,7.0,0.0
155.333,0.0,0.0
155.333,0.0,0.0
155.333,0.0,0.0
155.333,0.0,0.0
155.333,0.0,0.0
155.333,0.0,0.0
155.333,0.0,0.0
155.333,0.0,0.0
155.333,0.0,0.0
155.333,0.0,0.0
155.333,0.0,0.0
155.333,0.0,0.0
155.333,0.0,0.0
155.333,0.0,0.0
155.333,0.0,0.0
155.333,0.0,0.0
155.333,0.0,0.0
155.333,0.0,0.0
155.333,0.0,0.0
155.333,14.0,0.0
155.333,27.0,0.0
155.333,34.0,0.0
155.333,34.0,0.0
155.333,13.0,0.0
155.333,0.0,0.0
155.333,0.0,0.0
155.333,0.0,0.0
155.333,0.0,0.0
155.333,0.0,0.0
155.333,0.0,0.0
155.333,0.0,0.0
155.333,0.0,0.0
155.333,0.0,0.0
155.333,0.0,0.0
155.333,0.0,0.0
155.333,0.0,0.0
155.333,0.0,0.0
155.333,0.0,0.0
155.333,0.0,0.0
155.333,0.0,0.0
155.333,0.0,0.0
155.333,0.0,0.0
155.333,0.0,0.0
155.333,0.0,0.0
155.333,0.0,0.0
155.333,0.0,0.0
155.333,0.0,0.0
155.333,0.0,0.0
155.333,0.0,0.0
155.333,0.0,0.0
155.333,0.0,0.0
155.333,0.0,0.0
155.333,0.0,0.0
155.333,0.0,0.0
155.333,0.0,0.0
155.333,0.0,0.0
155.333,0.0,0.0
155.333,0.0,0.0
155.333,0.0,0.0
155.333,0.0,0.0
155.333,0.0,0.0
155.333,0.0,0.0
155.333,0.0,0.0
155.333,0.0,0.0
155.333,0.0,0.0
155.333,0.0,0.0
155.333,0.0,0.0
155.333,0.0,0.0
155.333,0.0,0.0
155.333,0.0,0.0
155.333,0.0,0.0
155.333,0.0,0.0
155.333,0.0,0.0
155.333,2.0,0.0
155.333,6.0,0.0
155.333,9.0,0.0
155.333,11.0,0.0
155.333,10.0,0.0
155.333,5.0,0.0
155.333,1.0,0.0
155.333,0.0,0.0
155.333,0.0,0.0
155.333,0.0,0.0
155.333,1.0,0.0
155.333,0.0,0.0
155.333,0.0,0.0
155.333,0.0,0.0
155.333,0.0,0.0
155.333,0.0,0.0
155.333,0.0,0.0
155.333,0.0,0.0
155.333,0.0,0.0
155.333,0.0,0.0
155.333,0.0,0.0
155.333,0.0,0.0
155.333,1.0,0.0
155.333,4.0,0.0
155.333,9.0,0.0
155.333,7.0,0.0
155.333,0.0,0.0
155.333,1.0,0.0
155.333,0.0,0.0
155.333,0.0,0.0
155.333,0.0,0.0
155.333,0.0,0.0
155.333,0.0,0.0
155.333,0.0,0.0
155.333,0.0,0.0
155.333,0.0,0.0
155.333,0.0,0.0
155.333,0.0,0.0
155.333,0.0,0.0
155.333,0.0,0.0
155.333,0.0,0.0
155.333,0.0,0.0
155.333,0.0,0.0
155.333,0.0,0.0
155.333,0.0,0.0
155.333,0.0,0.0
155.333,0.0,0.0
155.333,0.0,0.0
155.333,0.0,0.0
155.333,0.0,0.0
155.333,0.0,0.0
155.333,0.0,0.0
155.333,0.0,0.0
155.333,0.0,0.0
155.333,0.0,0.0
155.333,0.0,0.0
155.333,0.0,0.0
155.333,0.0,0.0
155.333,0.0,0.0
155.333,0.0,0.0
155.333,0.0,0.0
155.333,0.0,0.0
155.333,0.0,0.0
155.333,0.0,0.0
155.333,0.0,0.0
155.333,0.0,0.0
155.333,0.0,0.0
155.333,0.0,0.0
155.333,0.0,0.0
155.333,0.0,0.0
155.333,0.0,0.0
155.333,0.0,0.0
155.333,0.0,0.0
155.333,0.0,0.0
155.333,0.0,0.0
155.333,0.0,0.0
155.333,0.0,0.0
155.333,2.0,0.0
155.333,4.0,0.0
155.333,4.0,0.0
155.333,1.0,0.0
155.333,0.0,0.0
155.333,0.0,0.0
155.333,0.0,0.0
155.333,0.0,0.0
155.333,0.0,0.0
155.333,0.0,0.0
155.333,0.0,0.0
155.333,0.0,0.0
155.333,0.0,0.0
155.333,0.0,0.0
155.333,0.0,0.0
155.333,0.0,0.0
155.333,0.0,0.0
155.333,0.0,0.0
155.333,0.0,0.0
155.333,0.0,0.0
155.333,0.0,0.0
155.333,0.0,0.0
155.333,0.0,0.0
155.333,2.0,0.0
155.333,5.0,0.0
155.333,7.0,0.0
155.333,5.0,0.0
155.333,2.0,0.0
155.333,1.0,0.0
155.333,0.0,0.0
155.333,0.0,0.0
155.333,0.0,0.0
155.333,0.0,0.0
155.333,0.0,0.0
155.333,0.0,0.0
155.333,0.0,0.0
155.333,0.0,0.0
155.333,0.0,0.0
155.333,1.0,0.0
155.333,1.0,0.0
155.333,1.0,0.0
155.333,0.0,0.0
155.333,0.0,0.0
155.333,0.0,0.0
155.333,0.0,0.0
155.333,0.0,0.0
155.333,0.0,0.0
155.333,0.0,0.0
155.333,0.0,0.0
155.333,0.0,0.0
155.333,0.0,0.0
155.333,0.0,0.0
155.333,0.0,0.0
155.333,0.0,0.0
155.333,0.0,0.0
155.333,0.0,0.0
155.333,0.0,0.0
155.333,0.0,0.0
155.333,0.0,0.0
155.333,0.0,0.0
155.333,0.0,0.0
155.333,0.0,0.0
155.333,0.0,0.0
155.333,0.0,0.0
155.333,0.0,0.0
155.333,0.0,0.0
155.333,0.0,0.0
155.333,0.0,0.0
155.333,0.0,0.0
155.333,0.0,0.0
155.333,0.0,0.0
155.333,0.0,0.0
155.333,0.0,0.0
155.333,0.0,0.0
155.333,0.0,0.0
155.333,0.0,0.0
155.333,0.0,0.0
155.333,0.0,0.0
155.333,0.0,0.0
155.333,0.0,0.0
155.333,0.0,0.0
155.333,0.0,0.0
155.333,0.0,0.0
155.333,0.0,0.0
155.333,0.0,0.0
155.333,0.0,0.0
155.333,0.0,0.0
155.333,0.0,0.0
155.333,0.0,0.0
155.333,0.0,0.0
155.333,0.0,0.0
155.333,0.0,0.0
155.333,0.0,0.0
155.333,0.0,0.0
155.333,0.0,0.0
155.333,0.0,0.0
155.333,0.0,0.0
155.333,0.0,0.0
155.333,0.0,0.0
155.333,0.0,0.0
155.333,0.0,0.0
155.333,0.0,0.0
155.333,0.0,0.0
155.333,0.0,0.0
155.333,0.0,0.0
155.333,0.0,0.0
155.333,0.0,0.0
155.333,0.0,0.0
155.333,0.0,0.0
155.333,0.0,0.0
155.333,0.0,0.0
155.333,0.0,0.0
155.333,0.0,0.0
155.333,0.0,0.0
155.333,0.0,0.0
155.333,0.0,0.0
155.333,0.0,0.0
155.333,0.0,0.0
155.333,0.0,0.0
155.333,0.0,0.0
155.333,0.0,0.0
155.333,0.0,0.0
155.333,0.0,0.0
155.333,0.0,0.0
155.333,0.0,0.0
155.333,0.0,0.0
155.333,0.0,0.0
155.333,0.0,0.0
155.333,0.0,0.0
155.333,0.0,0.0
155.333,0.0,0.0
155.333,0.0,0.0
155.333,0.0,0.0
155.333,0.0,0.0
155.333,0.0,0.0
155.333,0.0,0.0
155.333,0.0,0.0
155.333,0.0,0.0
155.333,0.0,0.0
155.333,0.0,0.0
155.333,0.0,0.0
155.333,0.0,0.0
155.333,0.0,0.0
155.333,0.0,0.0
155.333,0.0,0.0
155.333,0.0,0.0
155.333,0.0,0.0
155.333,0.0,0.0
155.333,0.0,0.0
155.333,0.0,0.0
155.333,0.0,0.0
155.333,0.0,0.0
155.333,0.0,0.0
155.333,0.0,0.0
155.333,0.0,0.0
155.333,0.0,0.0
155.333,0.0,0.0
155.333,0.0,0.0
155.333,0.0,0.0
155.333,0.0,0.0
155.333,0.0,0.0
155.333,0.0,0.0
155.333,0.0,0.0
155.333,0.0,0.0
155.333,0.0,0.0
155.333,0.0,0.0
155.333,0.0,0.0
155.333,0.0,0.0
155.333,0.0,0.0
155.333,0.0,0.0
155.333,0.0,0.0
155.333,0.0,0.0
155.333,0.0,0.0
155.333,0.0,0.0
155.333,0.0,0.0
155.333,0.0,0.0
155.333,0.0,0.0
155.333,0.0,0.0
155.333,0.0,0.0
155.333,0.0,0.0
155.333,0.0,0.0
155.333,0.0,0.0
155.333,0.0,0.0
155.333,0.0,0.0
155.333,0.0,0.0
155.333,0.0,0.0
155.333,0.0,0.0
155.333,0.0,0.0
155.333,0.0,0.0
155.333,0.0,0.0
155.333,0.0,0.0
155.333,0.0,0.0
155.333,0.0,0.0
155.333,0.0,0.0
155.333,0.0,0.0
155.333,0.0,0.0
155.333,0.0,0.0
155.333,0.0,0.0
155.333,0.0,0.0
155.333,0.0,0.0
155.333,0.0,0.0
155.333,0.0,0.0
155.333,0.0,0.0
155.333,0.0,0.0
155.333,0.0,0.0
155.333,0.0,0.0
155.333,0.0,0.0
155.333,0.0,0.0
155.333,0.0,0.0
155.333,0.0,0.0
155.333,0.0,0.0
155.333,0.0,0.0
155.333,0.0,0.0
155.333,0.0,0.0
155.333,0.0,0.0
155.333,0.0,0.0
155.333,0.0,0.0
155.333,0.0,0.0
155.333,0.0,0.0
155.333,0.0,0.0
155.333,0.0,0.0
155.333,0.0,0.0
155.333,0.0,0.0
155.333,0.0,0.0
155.333,0.0,0.0
155.333,0.0,0.0
155.333,0.0,0.0
155.333,0.0,0.0
155.333,0.0,0.0
155.333,0.0,0.0
155.333,0.0,0.0
155.333,0.0,0.0
155.333,0.0,0.0
155.333,0.0,0.0
155.333,0.0,0.0
155.333,0.0,0.0
155.333,0.0,0.0
155.333,0.0,0.0
155.333,0.0,0.0
155.333,0.0,0.0
155.333,0.0,0.0
155.333,0.0,0.0
155.333,0.0,0.0
155.333,0.0,0.0
155.333,0.0,0.0
155.333,0.0,0.0
155.333,0.0,0.0
155.333,0.0,0.0
155.333,0.0,0.0
155.333,0.0,0.0
155.333,0.0,0.0
155.333,0.0,0.0
155.333,0.0,0.0
155.333,0.0,0.0
155.333,0.0,0.0
155.333,0.0,0.0
155.333,0.0,0.0
155.333,0.0,0.0
155.333,0.0,0.0
155.333,0.0,0.0
155.333,0.0,0.0
155.333,0.0,0.0
155.333,0.0,0.0
155.333,0.0,0.0
155.333,0.0,0.0
155.333,0.0,0.0
155.333,0.0,0.0
155.333,0.0,0.0
155.333,1.0,0.0
155.333,0.0,0.0
155.333,0.0,0.0
155.333,0.0,0.0
155.333,0.0,0.0
155.333,0.0,0.0
155.333,0.0,0.0
155.333,0.0,0.0
155.333,0.0,0.0
155.333,0.0,0.0
155.333,0.0,0.0
155.333,0.0,0.0
155.333,0.0,0.0
155.333,0.0,0.0
155.333,0.0,0.0
155.333,0.0,0.0
155.333,0.0,0.0
155.333,0.0,0.0
155.333,0.0,0.0
155.333,0.0,0.0
155.333,0.0,0.0
155.333,0.0,0.0
155.333,0.0,0.0
155.333,0.0,0.0
155.333,0.0,0.0
155.333,0.0,0.0
155.333,0.0,0.0
155.333,0.0,0.0
155.333,0.0,0.0
155.333,0.0,0.0
155.333,0.0,0.0
155.333,0.0,0.0
155.333,0.0,0.0
155.333,0.0,0.0
155.333,0.0,0.0
155.333,0.0,0.0
155.333,0.0,0.0
155.333,0.0,0.0
155.333,0.0,0.0
155.333,0.0,0.0
155.333,0.0,0.0
155.333,0.0,0.0
155.333,0.0,0.0
155.333,0.0,0.0
155.333,0.0,0.0
155.333,0.0,0.0
155.333,0.0,0.0
155.333,0.0,0.0
155.333,0.0,0.0
155.333,0.0,0.0
155.333,0.0,0.0
155.333,0.0,0.0
155.333,0.0,0.0
155.333,0.0,0.0
155.333,0.0,0.0
155.333,0.0,0.0
155.333,0.0,0.0
155.333,0.0,0.0
155.333,0.0,0.0
155.333,0.0,0.0
155.333,0.0,0.0
155.333,0.0,0.0
155.333,0.0,0.0
155.333,0.0,0.0
155.333,0.0,0.0
155.333,0.0,0.0
155.333,0.0,0.0
155.333,0.0,0.0
155.333,0.0,0.0
155.333,0.0,0.0
155.333,0.0,0.0
155.333,0.0,0.0
155.333,0.0,0.0
155.333,0.0,0.0
155.333,0.0,0.0
155.333,0.0,0.0
155.333,0.0,0.0
155.333,0.0,0.0
155.333,0.0,0.0
155.333,0.0,0.0
155.333,0.0,0.0
155.333,0.0,0.0
155.333,0.0,0.0
155.333,0.0,0.0
155.333,0.0,0.0
155.333,0.0,0.0
155.333,0.0,0.0
155.333,0.0,0.0
155.333,0.0,0.0
155.333,0.0,0.0
155.333,0.0,0.0
155.333,0.0,0.0
155.333,1.0,0.0
155.333,0.0,0.0
155.333,0.0,0.0
155.333,0.0,0.0
155.333,0.0,0.0
155.333,0.0,0.0
155.333,0.0,0.0
155.333,0.0,0.0
155.333,0.0,0.0
155.333,0.0,0.0
155.333,0.0,0.0
155.333,0.0,0.0
155.333,0.0,0.0
155.333,0.0,0.0
155.333,0.0,0.0
155.333,0.0,0.0
155.333,0.0,0.0
155.333,0.0,0.0
155.333,0.0,0.0
155.333,0.0,0.0
155.333,0.0,0.0
155.333,0.0,0.0
155.333,0.0,0.0
155.333,0.0,0.0
155.333,0.0,0.0
155.333,0.0,0.0
155.333,0.0,0.0
155.333,0.0,0.0
155.333,0.0,0.0
155.333,0.0,0.0
155.333,0.0,0.0
155.333,0.0,0.0
155.333,0.0,0.0
155.333,0.0,0.0
155.333,0.0,0.0
155.333,0.0,0.0
155.333,0.0,0.0
155.333,0.0,0.0
155.333,0.0,0.0
155.333,0.0,0.0
155.333,0.0,0.0
155.333,0.0,0.0
155.333,0.0,0.0
155.333,0.0,0.0
155.333,0.0,0.0
155.333,0.0,0.0
155.333,0.0,0.0
155.333,0.0,0.0
155.333,0.0,0.0
155.333,0.0,0.0
155.333,0.0,0.0
155.333,0.0,0.0
155.333,0.0,0.0
155.333,0.0,0.0
155.333,0.0,0.0
155.333,0.0,0.0
155.333,0.0,0.0
155.333,0.0,0.0
155.333,0.0,0.0
155.333,0.0,0.0
155.333,0.0,0.0
155.333,0.0,0.0
155.333,0.0,0.0
155.333,0.0,0.0
155.333,0.0,0.0
155.333,0.0,0.0
155.333,0.0,0.0
155.333,0.0,0.0
155.333,0.0,0.0
155.333,0.0,0.0
155.333,0.0,0.0
155.333,0.0,0.0
155.333,0.0,0.0
155.333,0.0,0.0
155.333,0.0,0.0
155.333,0.0,0.0
155.333,0.0,0.0
155.333,0.0,0.0
155.333,0.0,0.0
155.333,0.0,0.0
155.333,0.0,0.0
155.333,0.0,0.0
155.333,0.0,0.0
155.333,0.0,0.0
155.333,0.0,0.0
155.333,0.0,0.0
155.333,0.0,0.0
155.333,0.0,0.0
155.333,0.0,0.0
155.333,0.0,0.0
155.333,0.0,0.0
155.333,0.0,0.0
155.333,0.0,0.0
155.333,0.0,0.0
155.333,0.0,0.0
155.333,0.0,0.0
155.333,0.0,0.0
155.333,0.0,0.0
155.333,0.0,0.0
155.333,0.0,0.0
155.333,0.0,0.0
155.333,0.0,0.0
155.333,0.0,0.0
155.333,0.0,0.0
155.333,0.0,0.0
155.333,0.0,0.0
155.333,0.0,0.0
155.333,0.0,0.0
155.333,0.0,0.0
155.333,0.0,0.0
155.333,0.0,0.0
155.333,0.0,0.0
155.333,0.0,0.0
155.333,0.0,0.0
155.333,0.0,0.0
155.333,0.0,0.0
155.333,0.0,0.0
155.333,0.0,0.0
155.333,0.0,0.0
155.333,0.0,0.0
155.333,0.0,0.0
155.333,0.0,0.0
155.333,0.0,0.0
155.333,0.0,0.0
155.333,0.0,0.0
155.333,0.0,0.0
155.333,0.0,0.0
155.333,0.0,0.0
155.333,0.0,0.0
155.333,0.0,0.0
155.333,0.0,0.0
