0.0,0.0,0.0
0.0,0.0,0.0
0.0,0.0,0.0
0.0,0.0,0.0
0.0,0.0,0.0
0.0,0.0,0.0
0.0,0.0,0.0
0.0,0.0,0.0
0.0,0.0,0.0
0.0,0.0,0.0
0.0,0.0,0.0
0.0,0.0,0.0
0.0,0.0,0.0
0.0,0.0,0.0
0.0,0.0,0.0
0.0,0.0,0.0
0.0,0.0,0.0
0.0,0.0,0.0
0.0,0.0,0.0
0.0,0.0,0.0
0.0,0.0,0.0
0.0,0.0,0.0
0.0,0.0,0.0
0.0,0.0,0.0
0.0,0.0,0.0
0.0,0.0,0.0
0.0,0.0,0.0
0.0,0.0,0.0
0.0,0.0,0.0
0.0,0.0,0.0
0.0,0.0,0.0
0.0,0.0,0.0
0.0,0.0,0.0
0.0,0.0,0.0
0.0,0.0,0.0
0.0,0.0,0.0
0.0,0.0,0.0
0.0,0.0,0.0
0.0,0.0,0.0
0.0,0.0,0.0
0.0,0.0,0.0
0.0,0.0,0.0
0.0,0.0,0.0
0.0,0.0,0.0
0.0,0.0,0.0
0.0,0.0,0.0
0.0,0.0,0.0
0.0,0.0,0.0
0.0,0.0,0.0
0.0,0.0,0.0
0.0,0.0,0.0
0.0,0.0,0.0
0.0,0.0,0.0
0.0,0.0,0.0
0.0,0.0,0.0
0.0,0.0,0.0
0.0,0.0,0.0
0.0,0.0,0.0
0.0,0.0,0.0
0.0,0.0,0.0
0.0,0.0,0.0
0.0,0.0,0.0
0.0,0.0,0.0
0.0,0.0,0.0
0.0,0.0,0.0
0.0,0.0,0.0
0.0,0.0,0.0
0.0,0.0,0.0
0.0,0.0,0.0
0.0,0.0,0.0
0.0,0.0,0.0
0.0,0.0,0.0
0.0,0.0,0.0
0.0,0.0,0.0
0.0,0.0,0.0
0.0,0.0,0.0
0.0,0.0,0.0
0.0,0.0,0.0
0.0,0.0,0.0
0.0,0.0,0.0
0.0,0.0,0.0
0.0,0.0,0.0
0.0,0.0,0.0
0.0,0.0,0.0
0.0,0.0,0.0
0.0,0.0,0.0
0.0,0.0,0.0
0.0,0.0,0.0
0.0,0.0,0.0
0.0,0.0,0.0
0.0,0.0,0.0
0.0,0.0,0.0
0.0,0.0,0.0
0.0,0.0,0.0
0.0,0.0,0.0
0.0,0.0,0.0
0.0,0.0,0.0
0.0,0.0,0.0
0.0,0.0,0.0
0.0,0.0,0.0
0.0,0.0,0.0
0.0,0.0,0.0
0.0,0.0,0.0
0.0,0.0,0.0
0.0,0.0,0.0
0.0,0.0,0.0
0.0,0.0,0.0
0.0,0.0,0.0
0.0,0.0,0.0
0.0,0.0,0.0
0.0,0.0,0.0
0.0,0.0,0.0
0.0,1.0,0.0
0.0,0.0,0.0
0.0,0.0,0.0
0.0,0.0,0.0
0.0,0.0,0.0
0.0,0.0,0.0
0.0,0.0,0.0
0.0,0.0,0.0
0.0,0.0,0.0
0.0,0.0,0.0
0.0,0.0,0.0
0.0,0.0,0.0
0.0,0.0,0.0
0.0,0.0,0.0
0.0,0.0,0.0
0.0,0.0,0.0
0.0,0.0,0.0
0.0,0.0,0.0
0.0,0.0,0.0
0.0,0.0,0.0
0.0,0.0,0.0
0.0,0.0,0.0
0.0,0.0,0.0
0.0,0.0,0.0
0.0,0.0,0.0
0.0,0.0,0.0
0.0,0.0,0.0
0.0,0.0,0.0
0.0,0.0,0.0
0.0,0.0,0.0
0.0,0.0,0.0
0.0,0.0,0.0
0.0,0.0,0.0
0.0,0.0,0.0
0.0,0.0,0.0
0.0,0.0,0.0
0.0,0.0,0.0
0.0,0.0,0.0
0.0,0.0,0.0
0.0,0.0,0.0
0.0,0.0,0.0
0.0,0.0,0.0
0.0,0.0,0.0
0.0,0.0,0.0
0.0,0.0,0.0
0.0,0.0,0.0
0.0,1.0,0.0
0.0,0.0,0.0
0.0,0.0,0.0
0.0,0.0,0.0
0.0,0.0,0.0
0.0,0.0,0.0
0.0,0.0,0.0
0.0,0.0,0.0
0.0,1.0,0.0
0.0,0.0,0.0
0.0,0.0,0.0
0.0,0.0,0.0
0.0,0.0,0.0
0.0,0.0,0.0
0.0,0.0,0.0
0.0,0.0,0.0
0.0,0.0,0.0
0.0,0.0,0.0
0.0,0.0,0.0
0.0,0.0,0.0
0.0,1.0,0.0
0.0,1.0,0.0
0.0,0.0,0.0
0.0,0.0,0.0
0.0,0.0,0.0
0.0,0.0,0.0
0.0,0.0,0.0
0.0,0.0,0.0
0.0,1.0,0.0
0.0,0.0,0.0
0.0,0.0,0.0
0.0,0.0,0.0
0.0,0.0,0.0
0.0,0.0,0.0
0.0,0.0,0.0
0.0,0.0,0.0
0.0,0.0,0.0
0.0,0.0,0.0
0.0,0.0,0.0
0.0,1.0,0.0
0.0,0.0,0.0
0.0,0.0,0.0
0.0,0.0,0.0
0.0,0.0,0.0
0.0,1.0,0.0
0.0,0.0,0.0
0.0,0.0,0.0
0.0,0.0,0.0
0.0,0.0,0.0
0.0,0.0,0.0
0.0,0.0,0.0
0.0,0.0,0.0
0.0,0.0,0.0
0.0,0.0,0.0
0.0,0.0,0.0
0.0,0.0,0.0
0.0,0.0,0.0
0.0,0.0,0.0
0.0,0.0,0.0
0.0,0.0,0.0
0.0,0.0,0.0
0.0,0.0,0.0
0.0,0.0,0.0
0.0,0.0,0.0
0.0,0.0,0.0
0.0,0.0,0.0
0.0,1.0,0.0
0.0,0.0,0.0
0.0,0.0,0.0
0.0,0.0,0.0
0.0,0.0,0.0
0.0,0.0,0.0
0.0,0.0,0.0
0.0,0.0,0.0
0.0,0.0,0.0
0.0,0.0,0.0
0.0,0.0,0.0
0.0,0.0,0.0
0.0,0.0,0.0
0.0,0.0,0.0
0.0,0.0,0.0
0.0,0.0,0.0
0.0,0.0,0.0
0.0,0.0,0.0
0.0,0.0,0.0
0.0,0.0,0.0
0.0,0.0,0.0
0.0,0.0,0.0
0.0,0.0,0.0
0.0,0.0,0.0
0.0,0.0,0.0
0.0,0.0,0.0
0.0,0.0,0.0
0.0,0.0,0.0
0.0,1.0,0.0
0.0,0.0,0.0
0.0,0.0,0.0
0.0,0.0,0.0
0.0,0.0,0.0
0.0,1.0,0.0
0.0,0.0,0.0
0.0,0.0,0.0
0.0,0.0,0.0
0.0,1.0,0.0
0.0,0.0,0.0
0.0,0.0,0.0
0.0,0.0,0.0
0.0,0.0,0.0
0.0,0.0,0.0
0.0,0.0,0.0
0.0,0.0,0.0
0.0,0.0,0.0
0.0,0.0,0.0
0.0,0.0,0.0
0.0,0.0,0.0
0.0,0.0,0.0
0.0,0.0,0.0
0.0,0.0,0.0
0.0,0.0,0.0
0.0,0.0,0.0
0.0,0.0,0.0
0.0,0.0,0.0
0.0,0.0,0.0
0.0,0.0,0.0
0.0,0.0,0.0
0.0,0.0,0.0
0.0,0.0,0.0
0.0,0.0,0.0
0.0,0.0,0.0
0.0,0.0,0.0
0.0,0.0,0.0
0.0,0.0,0.0
0.0,0.0,0.0
0.0,0.0,0.0
0.0,0.0,0.0
0.0,0.0,0.0
0.0,0.0,0.0
0.0,1.0,0.0
0.0,0.0,0.0
0.0,0.0,0.0
0.0,0.0,0.0
0.0,0.0,0.0
0.0,0.0,0.0
0.0,0.0,0.0
0.0,0.0,0.0
0.0,1.0,0.0
0.0,1.0,0.0
0.0,0.0,0.0
0.0,0.0,0.0
0.0,1.0,0.0
0.0,0.0,0.0
0.0,0.0,0.0
0.0,0.0,0.0
0.0,0.0,0.0
0.0,1.0,0.0
0.0,0.0,0.0
0.0,0.0,0.0
0.0,0.0,0.0
0.0,0.0,0.0
0.0,0.0,0.0
0.0,0.0,0.0
0.0,0.0,0.0
0.0,0.0,0.0
0.0,0.0,0.0
0.0,0.0,0.0
0.0,0.0,0.0
0.0,0.0,0.0
0.0,0.0,0.0
0.0,0.0,0.0
0.0,1.0,0.0
0.0,0.0,0.0
0.0,1.0,0.0
0.0,0.0,0.0
0.0,0.0,0.0
0.0,1.0,0.0
0.0,0.0,0.0
0.0,0.0,0.0
0.0,1.0,0.0
0.0,1.0,0.0
0.0,0.0,0.0
0.0,0.0,0.0
0.0,0.0,0.0
0.0,0.0,0.0
0.0,0.0,0.0
0.0,0.0,0.0
0.0,0.0,0.0
0.0,1.0,0.0
0.0,0.0,0.0
0.0,0.0,0.0
0.0,0.0,0.0
0.0,0.0,0.0
0.0,0.0,0.0
0.0,0.0,0.0
0.0,0.0,0.0
0.0,0.0,0.0
0.0,0.0,0.0
0.0,0.0,0.0
0.0,0.0,0.0
0.0,0.0,0.0
0.0,0.0,0.0
0.0,0.0,0.0
0.0,0.0,0.0
0.0,1.0,0.0
0.0,0.0,0.0
0.0,0.0,0.0
0.0,0.0,0.0
0.0,0.0,0.0
0.0,1.0,0.0
0.0,0.0,0.0
0.0,0.0,0.0
0.0,0.0,0.0
0.0,0.0,0.0
0.0,0.0,0.0
0.0,0.0,0.0
0.0,0.0,0.0
0.0,0.0,0.0
0.0,0.0,0.0
0.0,0.0,0.0
0.0,0.0,0.0
0.0,0.0,0.0
0.0,0.0,0.0
0.0,0.0,0.0
0.0,0.0,0.0
0.0,0.0,0.0
0.0,0.0,0.0
0.0,0.0,0.0
0.0,0.0,0.0
0.0,0.0,0.0
0.0,0.0,0.0
0.0,0.0,0.0
0.0,0.0,0.0
0.0,0.0,0.0
0.0,0.0,0.0
0.0,0.0,0.0
0.0,0.0,0.0
0.0,0.0,0.0
0.0,0.0,0.0
0.0,0.0,0.0
0.0,0.0,0.0
0.0,0.0,0.0
0.0,0.0,0.0
0.0,1.0,0.0
0.0,0.0,0.0
0.0,0.0,0.0
0.0,0.0,0.0
0.0,0.0,0.0
0.0,0.0,0.0
0.0,0.0,0.0
0.0,0.0,0.0
0.0,0.0,0.0
0.0,0.0,0.0
0.0,0.0,0.0
0.0,0.0,0.0
0.0,0.0,0.0
0.0,0.0,0.0
0.0,0.0,0.0
0.0,0.0,0.0
0.0,0.0,0.0
0.0,0.0,0.0
0.0,0.0,0.0
0.0,0.0,0.0
0.0,0.0,0.0
0.0,0.0,0.0
0.0,0.0,0.0
0.0,0.0,0.0
0.0,0.0,0.0
0.0,0.0,0.0
0.0,0.0,0.0
0.0,0.0,0.0
0.0,0.0,0.0
0.0,0.0,0.0
0.0,0.0,0.0
0.0,0.0,0.0
0.0,0.0,0.0
0.0,0.0,0.0
0.0,0.0,0.0
0.0,0.0,0.0
0.0,0.0,0.0
0.0,0.0,0.0
0.0,0.0,0.0
0.0,0.0,0.0
0.0,0.0,0.0
0.0,0.0,0.0
0.0,0.0,0.0
0.0,1.0,0.0
0.0,0.0,0.0
0.0,0.0,0.0
0.0,0.0,0.0
0.0,0.0,0.0
0.0,0.0,0.0
0.0,0.0,0.0
0.0,0.0,0.0
0.0,0.0,0.0
0.0,0.0,0.0
0.0,0.0,0.0
0.0,0.0,0.0
0.0,0.0,0.0
0.0,0.0,0.0
0.0,1.0,0.0
0.0,0.0,0.0
0.0,0.0,0.0
0.0,0.0,0.0
0.0,0.0,0.0
0.0,0.0,0.0
0.0,0.0,0.0
0.0,0.0,0.0
0.0,0.0,0.0
0.0,0.0,0.0
0.0,1.0,0.0
0.0,0.0,0.0
0.0,0.0,0.0
0.0,0.0,0.0
0.0,0.0,0.0
0.0,0.0,0.0
0.0,0.0,0.0
0.0,0.0,0.0
0.0,0.0,0.0
0.0,0.0,0.0
0.0,0.0,0.0
0.0,0.0,0.0
0.0,0.0,0.0
0.0,1.0,0.0
0.0,1.0,0.0
0.0,0.0,0.0
0.0,0.0,0.0
0.0,0.0,0.0
0.0,0.0,0.0
0.0,0.0,0.0
0.0,0.0,0.0
0.0,1.0,0.0
0.0,0.0,0.0
0.0,0.0,0.0
0.0,333.0,0.0
0.0,1362.0,0.0
0.0,2389.0,0.0
0.0,2556.0,0.0
0.0,1890.0,0.0
0.0,1780.0,0.0
0.0,1985.0,0.0
0.0,2636.0,0.0
0.0,2473.0,0.113636
0.0,2040.0,0.113636
0.0,1810.0,0.113636
0.0833333,1957.0,0.0
0.0833333,2349.0,0.0
0.0833333,2255.0,0.0
0.0833333,2094.0,0.0
0.166667,1976.0,0.0
0.166667,1912.0,0.625
0.166667,1888.0,0.625
0.166667,1795.0,0.625
0.25,1762.0,0.625
0.25,1762.0,0.681818
0.25,1821.0,0.681818
0.25,1897.0,0.681818
0.333333,1986.0,0.681818
0.333333,2008.0,0.738636
0.333333,1990.0,0.738636
0.416667,2079.0,0.738636
0.416667,2081.0,0.852273
0.416667,1927.0,0.852273
0.416667,1754.0,0.852273
0.5,1639.0,0.852273
0.5,1672.0,0.795454
0.5,1754.0,0.795454
0.5,1762.0,0.795454
0.5,1742.0,0.795454
0.5,1799.0,0.795454
0.5,1815.0,0.795454
0.5,1833.0,0.795454
0.5,1850.0,0.795454
0.5,1798.0,0.795454
0.5,1789.0,0.795454
0.5,1848.0,0.795454
0.5,1862.0,0.795454
0.5,1842.0,0.795454
0.5,1732.0,0.795454
0.5,1698.0,0.795454
0.5,1758.0,0.795454
0.5,1824.0,0.795454
0.5,1790.0,0.795454
0.5,1799.0,0.795454
0.5,1798.0,0.795454
0.5,1836.0,0.795454
0.583333,1860.0,0.113636
0.583333,1823.0,0.113636
0.583333,1821.0,0.113636
0.583333,1843.0,0.113636
0.666667,1837.0,0.681818
0.666667,1778.0,0.681818
0.75,1777.0,1.42045
0.75,1789.0,1.42045
0.833333,1791.0,1.42045
0.833333,1738.0,1.42045
0.916667,1712.0,1.76136
0.916667,1712.0,1.76136
1.0,1727.0,1.42045
1.08333,1728.0,1.42045
1.08333,1720.0,1.59091
1.16667,1760.0,1.98864
1.25,1783.0,1.98864
1.25,1776.0,1.93182
1.33333,1759.0,1.64773
1.41667,1722.0,1.64773
1.41667,1696.0,2.61364
1.5,1728.0,1.70455
1.58333,1756.0,1.70455
1.58333,1770.0,1.875
1.66667,1752.0,1.98864
1.66667,1721.0,1.98864
1.66667,1721.0,1.98864
1.66667,1720.0,1.98864
1.75,1795.0,0.738636
1.83333,1853.0,2.10227
1.83333,1857.0,2.10227
1.83333,1850.0,2.10227
1.83333,1876.0,2.10227
1.83333,1885.0,2.10227
1.91667,1883.0,0.568182
2.0,1927.0,2.55682
2.08333,1925.0,2.55682
2.16667,1839.0,2.55682
2.25,1850.0,2.21591
2.33333,1855.0,2.72727
2.41667,1865.0,2.84091
2.5,1860.0,3.06818
2.58333,1827.0,2.44318
2.58333,1800.0,2.67045
2.66667,1805.0,2.67045
2.75,1823.0,1.53409
2.83333,1844.0,2.72727
2.91667,1879.0,2.72727
3.0,1957.0,3.35227
3.08333,2005.0,2.89773
3.16667,2017.0,2.78409
3.25,2022.0,3.18182
3.33333,2051.0,3.23864
3.41667,2069.0,3.125
3.5,2069.0,3.29545
3.58333,2061.0,3.18182
3.66667,2060.0,3.35227
3.66667,2051.0,3.35227
3.75,2004.0,3.35227
3.83333,1901.0,3.46591
3.91667,1827.0,3.35227
4.08333,1864.0,3.35227
4.16667,1890.0,3.52273
4.25,1866.0,3.63636
4.33333,1800.0,3.52273
4.41667,1834.0,3.52273
4.5,1891.0,4.14773
4.58333,1957.0,3.80682
4.66667,1980.0,3.23864
4.66667,1987.0,3.23864
4.66667,2004.0,3.23864
4.75,2001.0,3.23864
4.83333,1981.0,0.738636
4.91667,1971.0,3.75
5.08333,1938.0,3.80682
5.16667,1822.0,4.14773
5.33333,1753.0,4.14773
5.41667,1733.0,4.88636
5.58333,1761.0,4.43182
5.66667,1799.0,4.03409
5.66667,1859.0,4.20454
5.83333,1948.0,4.20454
5.91667,1936.0,3.80682
6.0,1931.0,3.80682
6.0,1819.0,1.98864
6.0,1806.0,1.98864
6.08333,1726.0,1.98864
6.16667,1675.0,0.852273
6.33333,1703.0,3.97727
6.41667,1720.0,4.94318
6.58333,1650.0,4.77273
6.66667,1584.0,4.94318
6.83333,1700.0,4.77273
7.0,1844.0,4.54545
7.08333,1886.0,4.71591
7.25,1795.0,4.65909
7.33333,1795.0,4.60227
7.41667,1732.0,4.60227
7.41667,1731.0,4.60227
7.5,1839.0,4.60227
7.5,1905.0,1.13636
7.66667,1818.0,1.59091
7.75,1699.0,4.71591
7.91667,1604.0,4.71591
8.08333,1616.0,4.71591
8.16667,1677.0,4.94318
8.33333,1622.0,4.71591
8.5,1556.0,4.71591
8.58333,1498.0,5.0
8.75,1482.0,5.0
8.83333,1529.0,4.88636
8.83333,1526.0,4.88636
9.0,1526.0,4.88636
9.16667,1531.0,4.71591
9.25,1628.0,5.39773
9.41667,1663.0,5.39773
9.58333,1678.0,4.77273
9.75,1699.0,4.94318
9.83333,1754.0,5.45454
10.0,1802.0,5.45454
10.1667,1855.0,5.05682
10.25,1868.0,4.71591
10.4167,1733.0,4.71591
10.5833,1624.0,5.39773
10.6667,1615.0,4.88636
10.6667,1604.0,2.44318
10.6667,1599.0,2.44318
10.6667,1577.0,2.44318
10.8333,1593.0,2.44318
11.0,1628.0,4.20454
11.0833,1721.0,5.56818
11.25,1832.0,5.56818
11.4167,1740.0,5.56818
11.5833,1546.0,5.56818
11.75,1443.0,5.05682
11.8333,1533.0,4.94318
11.8333,1561.0,5.0
12.0,1478.0,5.0
12.1667,1436.0,5.0
12.25,1436.0,5.56818
12.4167,1455.0,5.56818
12.5833,1475.0,5.56818
12.75,1490.0,5.51136
12.8333,1547.0,5.22727
13.0,1584.0,5.22727
13.0833,1569.0,5.22727
13.25,1556.0,5.51136
13.4167,1606.0,5.51136
13.5833,1620.0,5.22727
13.75,1540.0,5.22727
13.9167,1453.0,5.11364
14.0833,1441.0,5.17045
14.25,1455.0,5.34091
14.4167,1480.0,5.56818
14.5833,1525.0,5.68182
14.75,1577.0,5.45454
14.9167,1543.0,5.45454
15.0833,1501.0,5.45454
15.25,1515.0,5.45454
15.4167,1509.0,5.51136
15.5833,1484.0,5.51136
15.5833,1457.0,5.39773
15.75,1473.0,5.39773
15.8333,1531.0,5.51136
15.9167,1489.0,5.51136
16.1667,1418.0,5.51136
16.25,1354.0,5.73864
16.3333,1308.0,5.39773
16.5,1304.0,5.39773
16.6667,1399.0,5.68182
16.8333,1479.0,5.68182
16.8333,1540.0,6.02273
16.8333,1617.0,6.02273
16.9167,1612.0,1.13636
17.0833,1632.0,2.89773
17.25,1693.0,2.89773
17.4167,1628.0,5.96591
17.5833,1496.0,6.19318
17.75,1414.0,5.45454
18.0,1377.0,6.47727
18.1667,1359.0,6.13636
18.1667,1350.0,5.68182
18.1667,1350.0,5.68182
18.1667,1353.0,5.68182
18.3333,1365.0,5.68182
18.5,1376.0,5.68182
18.6667,1417.0,5.90909
18.8333,1509.0,5.96591
19.0,1557.0,5.45454
19.0,1535.0,6.19318
19.0833,1414.0,2.15909
19.0833,1424.0,2.15909
19.25,1441.0,2.15909
19.25,1397.0,6.81818
19.4167,1297.0,6.81818
19.5833,1249.0,7.15909
19.75,1257.0,7.15909
19.75,1256.0,7.44318
19.9167,1294.0,7.21591
20.0833,1444.0,7.21591
20.1667,1499.0,6.07954
20.25,1472.0,6.81818
20.3333,1437.0,6.81818
20.3333,1404.0,1.93182
20.5,1338.0,1.93182
20.75,1252.0,6.13636
20.9167,1200.0,6.13636
21.0833,1197.0,6.13636
21.25,1195.0,6.19318
21.4167,1211.0,6.07954
21.5833,1252.0,6.07954
21.5833,1253.0,5.51136
21.5833,1269.0,5.51136
21.5833,1284.0,5.51136
21.6667,1334.0,0.795454
21.8333,1433.0,3.29545
21.9167,1423.0,6.19318
22.0833,1261.0,6.19318
22.3333,1175.0,6.19318
22.5,1128.0,6.02273
22.5833,1089.0,9.03409
22.5833,1027.0,9.03409
22.75,1047.0,9.03409
22.8333,1117.0,6.53409
23.0,1117.0,6.53409
23.1667,1182.0,6.53409
23.3333,1255.0,6.53409
23.5833,1247.0,6.53409
23.75,1123.0,6.76136
23.9167,1052.0,6.76136
24.0,1031.0,6.25
24.0,1120.0,6.25
24.1667,1193.0,6.25
24.3333,1184.0,6.25
24.5,1111.0,6.25
24.6667,1063.0,6.25
24.8333,1135.0,6.30682
25.0833,1205.0,6.30682
25.1667,1227.0,4.94318
25.3333,1238.0,4.94318
25.5,1167.0,6.81818
25.5,1121.0,6.81818
25.5833,1146.0,6.81818
25.75,1166.0,6.81818
25.9167,1326.0,6.13636
26.0833,1287.0,6.13636
26.3333,1164.0,6.76136
26.4167,1071.0,6.47727
26.5,998.0,3.125
26.5,1020.0,3.57954
26.6667,1116.0,3.57954
26.6667,1154.0,7.10227
26.8333,1140.0,7.10227
27.0,1136.0,6.64773
27.1667,1143.0,6.64773
27.25,1191.0,7.04545
27.5,1256.0,7.04545
27.6667,1278.0,7.04545
27.75,1164.0,6.25
27.75,1030.0,6.25
27.8333,948.0,1.30682
27.8333,918.0,1.30682
28.0833,960.0,1.30682
28.25,1009.0,6.30682
28.4167,989.0,6.30682
28.6667,958.0,6.42045
28.8333,1031.0,6.53409
28.9167,1031.0,7.89773
29.1667,1037.0,7.55682
29.1667,1136.0,7.27273
29.25,1096.0,7.27273
29.3333,1012.0,3.80682
29.5,990.0,3.80682
29.6667,987.0,3.80682
29.8333,981.0,3.80682
30.0,987.0,6.70454
30.25,1027.0,6.70454
30.4167,1037.0,6.70454
30.5833,1027.0,6.70454
30.8333,1001.0,6.70454
31.0,1023.0,6.70454
31.1667,1030.0,6.875
31.4167,1028.0,6.875
31.5833,973.0,6.875
31.6667,887.0,5.51136
31.8333,919.0,3.35227
31.9167,1009.0,7.10227
32.0,1048.0,7.10227
32.0,1022.0,2.21591
32.0833,922.0,1.53409
32.25,980.0,3.40909
32.4167,1092.0,6.36363
32.5,1180.0,7.38636
32.6667,1096.0,2.95454
32.75,1050.0,6.64773
32.8333,1061.0,6.64773
33.0,1058.0,5.90909
33.0,1115.0,3.23864
33.1667,1102.0,3.23864
33.25,1035.0,6.42045
33.4167,907.0,6.42045
33.5833,892.0,6.59091
33.75,948.0,6.59091
33.8333,970.0,7.04545
34.0833,1027.0,7.04545
34.1667,1102.0,6.42045
34.25,1144.0,6.36363
34.4167,1122.0,8.29545
34.4167,1068.0,8.29545
34.5833,1029.0,8.29545
34.6667,1029.0,6.30682
34.75,1030.0,3.40909
34.9167,1070.0,3.40909
35.0,1090.0,5.90909
35.1667,1096.0,5.90909
35.25,1082.0,6.70454
35.25,1054.0,6.70454
35.25,1083.0,6.70454
35.3333,1093.0,6.70454
35.5,1083.0,7.32954
35.75,1053.0,7.32954
35.8333,1014.0,6.81818
35.9167,1021.0,6.81818
36.1667,1039.0,6.81818
36.25,1059.0,6.93182
36.25,1036.0,6.93182
36.25,1010.0,6.93182
36.25,986.0,6.93182
36.5,987.0,6.93182
36.6667,1011.0,6.81818
36.9167,1003.0,6.81818
37.0,994.0,6.64773
37.1667,1013.0,6.64773
37.3333,1056.0,7.5
37.3333,1139.0,7.5
37.4167,1095.0,7.5
37.5,1065.0,7.04545
37.6667,1068.0,7.04545
37.8333,1067.0,6.98863
38.0,1025.0,6.25
38.0833,993.0,5.79545
38.1667,958.0,7.27273
38.4167,931.0,7.27273
38.4167,1034.0,6.53409
38.5833,1116.0,6.53409
38.6667,1146.0,7.21591
38.75,1123.0,2.27273
39.0,976.0,7.27273
39.0833,975.0,6.64773
39.1667,1066.0,6.64773
39.4167,1145.0,7.10227
39.5,1125.0,8.125
39.5,1125.0,8.125
39.5833,1102.0,1.36364
39.5833,1000.0,1.36364
39.75,1031.0,1.59091
39.9167,1167.0,3.69318
40.1667,1101.0,6.30682
40.3333,1065.0,6.30682
40.5,1140.0,6.30682
40.6667,1190.0,6.81818
40.75,1223.0,6.30682
40.75,1227.0,6.30682
40.75,1151.0,6.30682
40.9167,1020.0,6.30682
41.0833,954.0,6.30682
41.3333,1079.0,6.76136
41.5,1082.0,6.76136
41.6667,1124.0,6.76136
41.75,1098.0,3.23864
41.75,1160.0,3.23864
41.75,1252.0,3.23864
41.75,1286.0,3.23864
42.0,1251.0,3.23864
42.1667,1127.0,6.875
42.3333,1111.0,6.875
42.5833,1137.0,6.81818
42.75,1136.0,6.81818
43.0,1153.0,6.81818
43.0,1232.0,7.61363
43.1667,1245.0,7.61363
43.25,1244.0,7.15909
43.4167,1227.0,7.15909
43.6667,1202.0,6.70454
43.8333,1202.0,6.70454
44.0833,1203.0,6.875
44.25,1192.0,6.875
44.5,1148.0,6.875
44.6667,1049.0,6.875
44.8333,993.0,6.875
44.9167,999.0,6.64773
45.0833,1055.0,6.64773
45.3333,1179.0,6.93182
45.5,1160.0,6.93182
45.6667,1113.0,6.93182
45.9167,1113.0,6.93182
46.0833,1112.0,6.93182
46.25,1061.0,7.5
46.25,1034.0,7.5
46.25,992.0,7.5
46.3333,1004.0,0.965909
46.5,1059.0,3.35227
46.75,1039.0,6.25
46.9167,910.0,6.25
47.1667,812.0,6.42045
47.3333,862.0,6.42045
47.4167,1141.0,6.76136
47.5833,1188.0,6.76136
47.6667,1135.0,6.98863
47.9167,980.0,6.98863
48.0833,971.0,7.10227
48.3333,1032.0,6.98863
48.5,1124.0,6.875
48.6667,1142.0,6.875
48.9167,1082.0,6.93182
49.0833,926.0,7.04545
49.3333,916.0,6.70454
49.5,1010.0,6.70454
49.6667,1141.0,6.875
49.9167,1214.0,7.04545
50.0833,1080.0,7.04545
50.3333,928.0,6.81818
50.5,853.0,6.76136
50.6667,874.0,6.53409
50.9167,930.0,6.53409
51.0833,914.0,6.53409
51.1667,880.0,6.13636
51.4167,860.0,6.13636
51.5,908.0,6.76136
51.75,957.0,6.76136
51.9167,961.0,6.76136
52.1667,951.0,6.76136
52.3333,956.0,6.76136
52.5,969.0,6.76136
52.75,976.0,6.70454
52.75,973.0,6.19318
52.75,967.0,6.19318
53.0,943.0,6.19318
53.1667,943.0,6.47727
53.25,947.0,6.36363
53.3333,975.0,2.27273
53.5,1005.0,2.78409
53.6667,1106.0,5.56818
53.75,1209.0,6.13636
53.8333,1269.0,6.13636
54.0,1206.0,6.36363
54.25,1061.0,6.36363
54.4167,1022.0,6.36363
54.6667,1095.0,7.21591
54.75,1163.0,6.81818
54.8333,1129.0,6.81818
55.0833,1017.0,6.81818
55.0833,1013.0,6.76136
55.1667,1087.0,6.76136
55.25,1160.0,1.70455
55.4167,1193.0,2.21591
55.6667,1161.0,6.875
55.8333,1143.0,6.59091
56.0,1160.0,7.5
56.25,1187.0,6.36363
56.4167,1163.0,6.93182
56.6667,1114.0,6.70454
56.6667,1050.0,6.25
56.6667,1027.0,6.25
56.75,1023.0,6.25
56.9167,1019.0,6.25
57.1667,1017.0,7.10227
57.3333,1062.0,7.10227
57.5,1094.0,6.81818
57.6667,1063.0,6.42045
57.8333,1064.0,6.42045
58.0833,1086.0,6.42045
58.1667,1110.0,6.47727
58.1667,1095.0,6.47727
58.4167,1055.0,6.47727
58.5833,1036.0,6.47727
58.75,1039.0,6.47727
59.0,1054.0,6.875
59.0833,1019.0,6.93182
59.3333,988.0,6.93182
59.4167,988.0,6.19318
59.4167,989.0,6.19318
59.5833,1051.0,6.19318
59.75,1181.0,6.19318
59.8333,1140.0,6.42045
60.0833,1108.0,6.42045
60.0833,1128.0,5.90909
60.1667,1227.0,2.15909
60.3333,1225.0,2.15909
60.5,1154.0,7.04545
60.5,1069.0,7.10227
60.6667,1017.0,7.10227
60.8333,1095.0,7.10227
61.0833,1139.0,7.10227
61.25,1202.0,6.93182
61.4167,1201.0,6.81818
61.5833,1130.0,6.93182
61.75,1110.0,6.93182
61.9167,1097.0,6.93182
62.0833,1079.0,6.30682
62.0833,1083.0,7.21591
62.1667,1108.0,7.21591
62.25,1122.0,7.61363
62.5,1127.0,7.61363
62.6667,1143.0,7.27273
62.75,1116.0,7.61363
63.0,1075.0,7.61363
63.1667,1078.0,6.42045
63.25,1125.0,6.875
63.3333,1159.0,3.29545
63.3333,1169.0,3.29545
63.5833,1136.0,3.29545
63.75,1104.0,6.70454
64.0,1087.0,6.70454
64.1667,1133.0,7.04545
64.3333,1137.0,7.04545
64.5833,1082.0,7.27273
64.5833,1005.0,7.38636
64.75,1019.0,7.38636
64.75,1121.0,6.93182
65.0,1197.0,6.93182
65.0833,1208.0,6.76136
65.25,1189.0,6.76136
65.5,1189.0,6.76136
65.6667,1138.0,6.98863
65.8333,1080.0,7.27273
65.8333,1081.0,7.32954
66.0,1082.0,7.32954
66.0,1014.0,6.59091
66.1667,961.0,6.59091
66.3333,963.0,8.46591
66.5833,1013.0,8.46591
66.5833,1114.0,7.89773
66.8333,1103.0,7.89773
67.0,1110.0,6.875
67.0,1132.0,7.10227
67.1667,1154.0,7.10227
67.1667,1165.0,6.875
67.3333,1124.0,6.875
67.5,1096.0,6.875
67.75,1110.0,6.875
67.8333,1154.0,6.19318
68.0,1143.0,6.19318
68.1667,1136.0,6.07954
68.1667,1156.0,7.84091
68.25,1185.0,7.84091
68.3333,1189.0,6.53409
68.4167,1157.0,6.53409
68.5,1099.0,7.10227
68.6667,1088.0,7.10227
68.8333,1116.0,5.90909
68.9167,1117.0,5.11364
69.1667,1155.0,5.11364
69.3333,1174.0,5.96591
69.3333,1167.0,6.875
69.3333,1182.0,6.875
69.5,1200.0,6.875
69.6667,1211.0,6.875
69.9167,1235.0,6.875
70.0833,1222.0,6.875
70.25,1178.0,6.875
70.5,1152.0,7.04545
70.5833,1150.0,7.78409
70.8333,1219.0,7.78409
70.9167,1292.0,6.93182
70.9167,1292.0,6.93182
71.1667,1292.0,6.93182
71.3333,1274.0,6.93182
71.5833,1253.0,7.15909
71.6667,1234.0,6.30682
71.9167,1169.0,6.30682
72.0,1117.0,6.42045
72.0,1110.0,6.42045
72.0833,1147.0,1.64773
72.1667,1194.0,1.64773
72.3333,1241.0,1.70455
72.5,1276.0,5.90909
72.6667,1272.0,5.90909
72.8333,1265.0,5.90909
72.9167,1263.0,7.21591
73.0833,1263.0,7.21591
73.3333,1208.0,7.10227
73.3333,1155.0,6.98863
73.3333,1154.0,6.98863
73.5833,1131.0,6.98863
73.75,1105.0,6.81818
73.9167,1125.0,6.81818
74.0,1150.0,7.15909
74.1667,1175.0,2.21591
74.3333,1188.0,7.61363
74.5,1213.0,6.42045
74.5833,1204.0,6.81818
74.5833,1232.0,6.81818
74.75,1258.0,6.81818
74.9167,1251.0,6.875
75.0833,1226.0,6.25
75.25,1209.0,6.25
75.3333,1209.0,3.29545
75.5833,1213.0,3.86364
75.75,1201.0,3.86364
75.75,1170.0,6.19318
75.75,1228.0,6.19318
75.9167,1303.0,6.19318
76.0833,1194.0,6.19318
76.25,1094.0,6.64773
76.4167,1169.0,6.70454
76.5,1201.0,3.40909
76.75,1222.0,6.64773
76.8333,1222.0,7.10227
76.8333,1173.0,7.10227
76.8333,1131.0,7.10227
76.9167,1141.0,7.10227
77.1667,1187.0,7.10227
77.3333,1268.0,7.10227
77.5833,1228.0,7.10227
77.75,1219.0,6.98863
77.9167,1221.0,6.98863
78.0,1230.0,6.25
78.0,1277.0,6.25
78.0,1315.0,6.25
78.1667,1347.0,6.25
78.3333,1300.0,6.25
78.5833,1195.0,6.76136
78.75,1129.0,6.81818
79.0,1298.0,6.81818
79.1667,1429.0,6.30682
79.3333,1276.0,6.81818
79.5,1078.0,6.70454
79.6667,1028.0,6.70454
79.6667,1129.0,6.07954
79.9167,1281.0,6.07954
80.0833,1269.0,6.07954
80.3333,1183.0,6.30682
80.4167,1150.0,5.85227
80.5,1234.0,3.75
80.75,1347.0,3.75
80.75,1361.0,6.25
80.9167,1173.0,6.25
81.0833,1092.0,6.25
81.25,1189.0,6.30682
81.4167,1321.0,6.64773
81.5833,1306.0,6.98863
81.75,1200.0,6.93182
81.9167,1128.0,6.47727
82.0833,1372.0,6.47727
82.3333,1420.0,6.47727
82.5,1268.0,6.59091
82.75,1091.0,6.76136
82.9167,1147.0,6.76136
83.0833,1263.0,6.93182
83.3333,1266.0,6.70454
83.5,1266.0,7.21591
83.6667,1215.0,6.70454
83.8333,1136.0,6.70454
83.9167,1185.0,6.875
84.0833,1281.0,6.875
84.0833,1353.0,7.15909
84.3333,1344.0,7.15909
84.5,1166.0,7.15909
84.6667,1132.0,7.15909
84.9167,1169.0,6.875
85.0833,1210.0,6.81818
85.25,1212.0,6.81818
85.5,1222.0,6.81818
85.6667,1241.0,6.70454
85.75,1239.0,6.81818
85.8333,1237.0,6.81818
86.0,1246.0,6.81818
86.25,1238.0,6.81818
86.4167,1228.0,7.21591
86.6667,1226.0,7.21591
86.8333,1196.0,7.21591
87.0833,1168.0,7.21591
87.25,1174.0,6.70454
87.3333,1188.0,6.64773
87.4167,1218.0,6.64773
87.5833,1240.0,6.64773
87.75,1216.0,6.64773
88.0,1201.0,6.64773
88.1667,1203.0,6.81818
88.3333,1190.0,6.30682
88.5,1074.0,6.30682
88.75,1126.0,6.30682
88.8333,1229.0,6.42045
88.8333,1234.0,6.42045
89.0833,1196.0,6.42045
89.25,1185.0,6.42045
89.5,1171.0,6.42045
89.6667,1152.0,6.42045
89.9167,1140.0,6.42045
90.0,1151.0,6.81818
90.0,1136.0,6.81818
90.1667,1126.0,6.81818
90.3333,1156.0,6.81818
90.5,1156.0,6.81818
90.75,1197.0,6.81818
90.9167,1212.0,7.27273
91.1667,1209.0,7.27273
91.3333,1212.0,6.25
91.5,1201.0,6.70454
91.5833,1202.0,3.40909
91.6667,1194.0,3.40909
91.8333,1172.0,3.40909
92.0,1146.0,3.46591
92.1667,1148.0,6.70454
92.3333,1166.0,6.70454
92.3333,1196.0,7.21591
92.4167,1227.0,2.27273
92.5833,1196.0,2.27273
92.5833,1145.0,6.42045
92.6667,1078.0,2.27273
92.75,1145.0,2.27273
92.9167,1220.0,2.27273
93.0,1200.0,3.52273
93.1667,1228.0,7.38636
93.3333,1289.0,6.875
93.5,1287.0,5.96591
93.75,1259.0,6.81818
93.8333,1259.0,6.02273
93.8333,1262.0,6.02273
93.8333,1200.0,6.02273
93.8333,1100.0,6.02273
94.0,1153.0,6.02273
94.0833,1250.0,6.59091
94.3333,1288.0,6.81818
94.4167,1298.0,8.23863
94.6667,1341.0,8.23863
94.8333,1349.0,8.23863
94.8333,1307.0,6.98863
95.0,1294.0,6.98863
95.0,1274.0,6.64773
95.0833,1244.0,6.64773
95.25,1182.0,6.64773
95.4167,1109.0,6.64773
95.5,1159.0,6.07954
95.75,1165.0,6.07954
95.8333,1165.0,7.10227
95.9167,1269.0,6.70454
95.9167,1307.0,6.70454
95.9167,1314.0,6.70454
96.0833,1332.0,6.70454
96.25,1364.0,6.53409
96.4167,1379.0,6.53409
96.5833,1296.0,6.53409
96.6667,1212.0,6.81818
96.75,1247.0,6.70454
97.0,1274.0,6.70454
97.1667,1293.0,6.70454
97.1667,1320.0,6.81818
97.3333,1308.0,6.81818
97.4167,1308.0,8.80682
97.5833,1321.0,8.80682
97.8333,1329.0,8.80682
98.0,1339.0,7.55682
98.25,1358.0,6.875
98.3333,1352.0,6.02273
98.3333,1310.0,6.02273
98.3333,1215.0,6.02273
98.3333,1173.0,6.02273
98.5,1177.0,6.02273
98.75,1229.0,6.02273
98.9167,1325.0,6.02273
99.0833,1304.0,6.42045
99.1667,1283.0,7.04545
99.25,1284.0,6.70454
99.4167,1299.0,6.70454
99.5,1362.0,8.18182
99.6667,1299.0,8.18182
99.6667,1209.0,6.42045
99.9167,1172.0,6.42045
100.0,1250.0,8.35227
100.167,1186.0,8.35227
100.333,1091.0,7.78409
100.417,1101.0,6.07954
100.583,1183.0,6.07954
100.75,1198.0,6.36363
101.0,1201.0,6.36363
101.0,1210.0,7.10227
101.25,1229.0,7.10227
101.417,1229.0,6.70454
101.583,1276.0,6.70454
101.667,1217.0,8.18182
101.833,1165.0,7.38636
102.0,1133.0,5.17045
102.083,1134.0,6.25
102.167,1215.0,6.81818
102.167,1272.0,6.81818
102.25,1247.0,6.81818
102.5,1208.0,6.81818
102.583,1273.0,6.07954
102.75,1359.0,6.07954
102.917,1414.0,6.07954
103.083,1411.0,6.07954
103.167,1343.0,6.70454
103.333,1269.0,6.70454
103.333,1230.0,7.15909
103.417,1231.0,7.15909
103.5,1224.0,6.47727
103.667,1199.0,6.47727
103.833,1194.0,6.70454
103.833,1209.0,6.81818
104.0,1208.0,6.81818
104.167,1274.0,5.68182
104.25,1337.0,5.90909
104.417,1346.0,6.25
104.583,1332.0,6.25
104.583,1304.0,5.85227
104.583,1295.0,5.85227
104.75,1305.0,5.85227
104.917,1316.0,5.85227
105.167,1280.0,6.19318
105.25,1238.0,5.90909
105.333,1244.0,3.29545
105.417,1267.0,3.29545
105.417,1295.0,2.10227
105.5,1323.0,2.10227
105.5,1346.0,1.25
105.583,1378.0,1.25
105.667,1375.0,6.30682
105.917,1288.0,6.30682
106.0,1279.0,6.70454
106.167,1270.0,6.70454
106.25,1270.0,5.51136
106.417,1261.0,5.51136
106.417,1254.0,7.44318
106.417,1286.0,7.44318
106.417,1290.0,7.44318
106.5,1297.0,7.44318
106.667,1335.0,7.44318
106.75,1285.0,6.19318
106.917,1219.0,6.19318
107.0,1221.0,5.51136
107.167,1310.0,5.51136
107.417,1380.0,6.36363
107.583,1350.0,6.25
107.75,1349.0,6.25
107.75,1309.0,6.19318
107.833,1299.0,6.19318
107.833,1348.0,1.42045
108.083,1387.0,2.10227
108.25,1468.0,2.10227
108.417,1502.0,2.10227
108.583,1418.0,5.39773
108.667,1304.0,6.13636
108.833,1251.0,6.13636
109.0,1282.0,6.13636
109.0,1378.0,6.02273
109.167,1415.0,6.02273
109.25,1395.0,6.02273
109.5,1395.0,6.02273
109.667,1538.0,5.79545
109.75,1651.0,5.625
109.917,1412.0,5.625
109.917,1214.0,6.02273
110.083,1192.0,6.02273
110.083,1318.0,6.19318
110.25,1445.0,6.19318
110.25,1433.0,5.90909
110.417,1364.0,5.90909
110.583,1332.0,5.90909
110.75,1380.0,6.30682
110.917,1396.0,5.96591
111.083,1420.0,5.96591
111.167,1421.0,6.53409
111.417,1421.0,6.53409
111.5,1417.0,5.73864
111.667,1404.0,5.73864
111.667,1441.0,5.90909
111.833,1475.0,5.90909
112.0,1431.0,5.90909
112.167,1317.0,5.90909
112.333,1346.0,5.79545
112.5,1433.0,5.79545
112.75,1562.0,5.79545
112.917,1583.0,5.79545
113.083,1414.0,5.79545
113.167,1374.0,5.45454
113.167,1489.0,3.01136
113.167,1544.0,3.01136
113.25,1537.0,3.01136
113.417,1432.0,3.01136
113.583,1296.0,5.90909
113.667,1251.0,5.68182
113.833,1533.0,5.68182
113.917,1715.0,6.81818
114.083,1765.0,6.81818
114.167,1700.0,4.82954
114.25,1523.0,6.25
114.25,1568.0,6.25
114.417,1638.0,6.25
114.583,1630.0,5.96591
114.75,1593.0,5.96591
114.917,1567.0,5.96591
115.083,1553.0,5.34091
115.25,1530.0,5.96591
115.417,1512.0,5.96591
115.583,1353.0,5.90909
115.583,1427.0,6.07954
115.583,1664.0,6.07954
115.667,1843.0,1.13636
115.833,1780.0,2.84091
115.917,1722.0,6.76136
115.917,1723.0,2.78409
116.083,1668.0,2.78409
116.25,1568.0,5.34091
116.417,1514.0,5.34091
116.5,1495.0,5.39773
116.667,1495.0,5.39773
116.75,1481.0,5.79545
116.833,1478.0,6.36363
116.917,1585.0,6.36363
116.917,1665.0,1.875
117.083,1695.0,1.93182
117.25,1672.0,5.17045
117.417,1601.0,5.17045
117.583,1563.0,5.22727
117.75,1512.0,5.39773
117.917,1472.0,5.39773
118.083,1463.0,5.73864
118.167,1488.0,5.79545
118.167,1491.0,5.79545
118.167,1495.0,5.79545
118.167,1489.0,5.79545
118.25,1500.0,0.681818
118.333,1547.0,3.125
118.5,1667.0,3.125
118.667,1709.0,5.85227
118.833,1598.0,5.85227
119.0,1393.0,5.85227
119.083,1357.0,5.51136
119.25,1418.0,5.51136
119.333,1506.0,6.07954
119.333,1600.0,6.07954
119.417,1579.0,6.07954
119.583,1581.0,6.07954
119.75,1518.0,5.73864
119.917,1422.0,5.73864
120.083,1409.0,5.73864
120.167,1418.0,6.36363
120.333,1402.0,6.36363
120.5,1404.0,6.36363
120.583,1573.0,5.79545
120.75,1698.0,5.79545
120.833,1753.0,5.90909
120.917,1763.0,5.90909
121.0,1717.0,6.875
121.083,1659.0,2.78409
121.25,1522.0,2.78409
121.333,1521.0,6.98863
121.5,1540.0,6.98863
121.583,1540.0,5.625
121.667,1567.0,3.06818
121.75,1571.0,2.72727
121.75,1563.0,2.72727
121.75,1567.0,2.72727
121.833,1611.0,2.72727
122.0,1644.0,5.34091
122.167,1732.0,5.34091
122.333,1856.0,6.07954
122.417,1933.0,5.85227
122.583,1822.0,5.85227
122.667,1706.0,6.02273
122.833,1632.0,6.02273
123.0,1623.0,6.02273
123.083,1530.0,6.02273
123.167,1431.0,5.73864
123.167,1359.0,5.73864
123.25,1378.0,5.73864
123.417,1508.0,5.73864
123.583,1545.0,5.73864
123.667,1568.0,5.56818
123.75,1644.0,2.61364
123.917,1744.0,5.17045
124.0,1774.0,5.96591
124.167,1751.0,5.96591
124.167,1750.0,5.90909
124.167,1729.0,5.90909
124.25,1522.0,5.90909
124.333,1374.0,5.96591
124.5,1321.0,5.96591
124.583,1341.0,5.11364
124.75,1499.0,5.68182
124.75,1673.0,5.85227
124.917,1791.0,6.76136
124.917,1879.0,6.76136
125.083,1918.0,6.76136
125.167,1888.0,5.45454
125.25,1825.0,5.45454
125.25,1725.0,1.70455
125.25,1620.0,1.70455
125.25,1554.0,1.70455
125.333,1563.0,0.852273
125.5,1563.0,2.84091
125.667,1546.0,5.0
125.833,1495.0,5.11364
126.0,1424.0,5.11364
126.083,1480.0,5.0
126.25,1546.0,5.05682
126.417,1637.0,5.05682
126.5,1788.0,4.94318
126.583,1929.0,4.94318
126.667,1914.0,5.45454
126.833,1926.0,5.45454
127.0,1912.0,5.34091
127.083,1796.0,5.11364
127.25,1743.0,5.11364
127.333,1628.0,4.31818
127.417,1569.0,4.88636
127.583,1595.0,4.88636
127.667,1682.0,5.79545
127.833,1769.0,5.79545
127.917,1903.0,4.94318
127.917,2014.0,4.94318
128.0,2127.0,4.94318
128.0,2085.0,0.965909
128.0,2014.0,0.965909
128.083,1971.0,1.30682
128.25,1830.0,2.44318
128.333,1557.0,5.0
128.5,1554.0,5.0
128.667,1656.0,5.0
128.833,1714.0,5.0
128.917,1710.0,5.34091
129.0,1844.0,5.34091
129.0,1959.0,2.27273
129.083,1996.0,1.64773
129.083,2028.0,1.64773
129.167,2043.0,1.64773
129.333,1986.0,1.64773
129.417,1913.0,5.68182
129.583,1880.0,5.68182
129.75,1874.0,5.28409
129.917,1894.0,4.94318
130.0,1894.0,4.77273
130.167,1881.0,4.77273
130.333,1881.0,4.77273
130.417,1922.0,5.51136
130.5,1934.0,4.48864
130.583,1867.0,2.21591
130.583,1727.0,2.21591
130.667,1832.0,1.53409
130.667,1978.0,1.53409
130.833,2004.0,1.64773
131.0,2054.0,3.86364
131.083,2087.0,5.45454
131.25,1973.0,5.45454
131.333,1927.0,3.46591
131.5,1951.0,5.28409
131.583,1950.0,5.28409
131.667,1934.0,4.65909
131.75,1815.0,4.65909
131.917,1726.0,4.65909
132.0,1730.0,4.60227
132.167,1808.0,4.60227
132.167,1812.0,4.48864
132.25,1755.0,2.10227
132.417,1743.0,2.27273
132.5,1814.0,5.39773
132.667,1966.0,4.03409
132.75,1941.0,4.31818
132.833,1889.0,4.71591
132.917,1799.0,2.10227
133.0,1827.0,2.10227
133.167,1841.0,2.38636
133.167,1871.0,4.26136
133.167,1944.0,4.26136
133.25,1997.0,4.26136
133.333,1965.0,4.60227
133.333,1924.0,4.60227
133.417,1900.0,4.60227
133.5,1891.0,1.07955
133.667,1901.0,3.92045
133.75,1897.0,4.20454
133.833,1907.0,3.57954
134.0,1918.0,4.14773
134.083,1964.0,4.60227
134.167,1955.0,2.15909
134.25,1870.0,4.31818
134.417,1870.0,3.86364
134.5,1862.0,3.75
134.5,1986.0,4.14773
134.5,2074.0,4.14773
134.667,1916.0,4.14773
134.75,1836.0,4.26136
134.833,1905.0,4.09091
134.833,2067.0,4.09091
135.0,2122.0,4.09091
135.083,2127.0,3.97727
135.167,2156.0,4.31818
135.25,2168.0,4.31818
135.333,2172.0,3.80682
135.417,2221.0,3.80682
135.417,2219.0,1.98864
135.583,2196.0,2.10227
135.667,2231.0,4.03409
135.667,2254.0,3.86364
135.75,2223.0,1.875
135.75,2116.0,1.875
135.833,2003.0,1.875
135.917,2045.0,4.03409
136.083,2117.0,4.03409
136.167,2198.0,3.52273
136.25,2251.0,3.97727
136.417,2250.0,3.97727
136.5,2253.0,3.46591
136.5,2285.0,4.20454
136.583,2245.0,4.20454
136.583,2267.0,1.25
136.667,2194.0,2.04545
136.75,2079.0,2.04545
136.75,2050.0,1.76136
136.917,2122.0,1.98864
137.0,2207.0,3.80682
137.0,2161.0,3.86364
137.083,2097.0,1.70455
137.083,2081.0,1.70455
137.167,2090.0,1.70455
137.25,2029.0,4.03409
137.417,2028.0,4.03409
137.5,2040.0,4.09091
137.583,2040.0,3.52273
137.75,2082.0,3.57954
137.833,2117.0,4.09091
137.917,2164.0,4.65909
138.083,2203.0,3.63636
138.167,2213.0,3.57954
138.25,2227.0,3.75
138.417,2304.0,3.75
138.5,2331.0,3.46591
138.5,2253.0,3.69318
138.5,2170.0,3.69318
138.583,2199.0,3.69318
138.667,2184.0,0.909091
138.75,2186.0,3.86364
138.833,2091.0,3.52273
139.0,2131.0,3.52273
139.083,2261.0,3.69318
139.167,2317.0,3.75
139.25,2269.0,3.40909
139.333,2250.0,3.40909
139.417,2268.0,1.70455
139.5,2199.0,4.31818
139.667,2124.0,3.80682
139.75,2135.0,3.57954
139.833,2187.0,3.06818
139.917,2168.0,3.86364
140.083,2122.0,3.86364
140.167,2113.0,3.69318
140.25,1999.0,3.57954
140.333,2017.0,3.46591
140.5,2043.0,3.46591
140.583,2057.0,3.57954
140.667,2049.0,2.95454
140.75,2038.0,3.23864
140.833,2066.0,3.57954
141.0,2120.0,3.40909
141.083,2155.0,3.23864
141.167,2085.0,3.52273
141.25,2063.0,3.52273
141.25,2073.0,2.72727
141.417,2076.0,2.72727
141.5,2024.0,3.69318
141.583,2018.0,3.40909
141.583,2018.0,2.84091
141.667,2128.0,1.59091
141.75,2232.0,3.35227
141.917,2227.0,3.46591
142.0,2234.0,3.63636
142.083,2252.0,3.46591
142.167,2246.0,3.06818
142.25,2241.0,3.40909
142.417,2234.0,3.40909
142.5,2220.0,3.75
142.583,2179.0,3.63636
142.667,2156.0,3.40909
142.75,2155.0,3.01136
142.833,2167.0,2.72727
142.917,2141.0,2.72727
143.0,2101.0,1.875
143.083,1993.0,3.18182
143.083,1976.0,2.95454
143.167,2154.0,2.95454
143.25,2324.0,1.47727
143.333,2351.0,3.57954
143.333,2214.0,3.57954
143.417,2206.0,1.59091
143.417,2278.0,1.59091
143.5,2339.0,1.53409
143.583,2185.0,2.84091
143.75,2079.0,3.06818
143.833,2027.0,3.06818
143.917,2126.0,3.23864
144.0,2212.0,2.78409
144.083,2077.0,3.125
144.167,2002.0,3.06818
144.25,2010.0,2.95454
144.333,2087.0,2.95454
144.417,2163.0,3.23864
144.5,2064.0,2.89773
144.583,1976.0,2.78409
144.667,1975.0,2.95454
144.75,2072.0,2.95454
144.75,2158.0,2.44318
144.833,2160.0,2.44318
144.917,2096.0,1.47727
145.0,2063.0,2.84091
145.083,2063.0,2.78409
145.167,2177.0,2.55682
145.25,2226.0,2.95454
145.333,2219.0,2.55682
145.417,2192.0,3.23864
145.417,2223.0,2.5
145.583,2340.0,2.5
145.667,2361.0,3.125
145.75,2280.0,3.18182
145.833,2182.0,2.72727
145.833,2021.0,2.55682
145.917,1969.0,2.61364
145.917,1970.0,2.61364
146.0,1959.0,2.61364
146.0,2010.0,1.13636
146.083,2066.0,1.13636
146.083,2085.0,1.30682
146.167,2117.0,1.30682
146.25,2150.0,1.30682
146.25,2180.0,2.67045
146.25,2202.0,2.67045
146.25,2192.0,2.67045
146.25,2148.0,2.67045
146.333,2221.0,2.67045
146.417,2289.0,0.625
146.417,2391.0,2.5
146.417,2391.0,2.5
146.417,2257.0,2.5
146.417,2280.0,2.5
146.5,2316.0,0.625
146.583,2292.0,0.625
146.667,2214.0,2.5
146.75,2224.0,2.27273
146.75,2305.0,2.61364
146.833,2306.0,2.27273
146.917,2261.0,2.27273
147.0,2253.0,2.72727
147.083,2305.0,2.72727
147.167,2384.0,2.32954
147.167,2420.0,2.38636
147.25,2419.0,2.32954
147.333,2385.0,2.04545
147.417,2385.0,2.04545
147.417,2349.0,2.55682
147.417,2366.0,2.55682
147.5,2406.0,1.02273
147.583,2295.0,1.02273
147.667,2199.0,2.21591
147.667,2132.0,2.5
147.667,2122.0,2.5
147.667,2200.0,2.5
147.75,2243.0,2.5
147.75,2313.0,0.681818
147.833,2347.0,2.27273
147.917,2380.0,2.15909
148.0,2392.0,2.15909
148.0,2391.0,1.875
148.083,2372.0,1.98864
148.167,2359.0,1.98864
148.25,2345.0,2.10227
148.25,2314.0,2.21591
148.333,2271.0,2.44318
148.417,2243.0,2.04545
148.5,2199.0,2.04545
148.5,2183.0,2.04545
148.583,2177.0,1.81818
148.583,2152.0,1.81818
148.583,2139.0,1.81818
148.667,2141.0,1.07955
148.667,2158.0,1.07955
148.75,2250.0,1.07955
148.75,2362.0,1.02273
148.833,2476.0,2.21591
148.917,2438.0,2.21591
148.917,2370.0,1.53409
148.917,2301.0,1.53409
149.0,2237.0,1.53409
149.0,2182.0,1.07955
149.0,2146.0,1.07955
149.0,2119.0,1.07955
149.0,2092.0,1.07955
149.0,2059.0,1.07955
149.083,2057.0,1.07955
149.083,2054.0,0.454545
149.083,2062.0,0.454545
149.167,2062.0,0.454545
149.25,2056.0,0.909091
149.25,2042.0,2.10227
149.333,2048.0,1.93182
149.333,2076.0,1.93182
149.333,2115.0,1.93182
149.417,2269.0,0.965909
149.417,2298.0,0.965909
149.5,2270.0,1.81818
149.583,2237.0,1.81818
149.667,2264.0,1.81818
149.667,2288.0,2.21591
149.75,2288.0,1.875
149.75,2222.0,1.875
149.75,2149.0,1.875
149.75,2186.0,1.875
149.833,2232.0,0.795454
149.833,2222.0,0.795454
149.917,2196.0,0.795454
149.917,2281.0,1.02273
150.0,2367.0,1.70455
150.0,2462.0,1.70455
150.083,2538.0,1.53409
150.167,2423.0,1.53409
150.167,2321.0,1.70455
150.25,2222.0,2.10227
150.25,2221.0,2.10227
150.25,2170.0,2.10227
150.25,2045.0,2.10227
150.25,2030.0,2.10227
150.25,2043.0,2.10227
150.25,2045.0,2.10227
150.25,2069.0,2.10227
150.25,2097.0,2.10227
150.25,2116.0,2.10227
150.25,2128.0,2.10227
150.25,2118.0,2.10227
150.333,2045.0,2.10227
150.333,2065.0,0.227273
150.417,2103.0,1.64773
150.417,2102.0,1.64773
150.5,2085.0,1.47727
150.5,2100.0,1.47727
150.583,2100.0,1.59091
150.667,2100.0,1.59091
150.667,2096.0,1.64773
150.75,2103.0,1.64773
150.75,2082.0,1.47727
150.833,2070.0,1.47727
150.833,2097.0,1.42045
150.917,2069.0,1.42045
150.917,1938.0,1.36364
150.917,1876.0,1.36364
150.917,1876.0,1.36364
151.0,1908.0,0.852273
151.083,1943.0,0.852273
151.083,2044.0,1.59091
151.167,2126.0,1.59091
151.167,2172.0,1.59091
151.167,2155.0,1.59091
151.167,2147.0,1.59091
151.25,2160.0,1.59091
151.25,2130.0,0.738636
151.333,2083.0,0.738636
151.333,2046.0,1.25
151.417,2061.0,1.25
151.417,2065.0,1.53409
151.417,2028.0,1.53409
151.5,1992.0,1.30682
151.5,1999.0,1.30682
151.583,2048.0,1.42045
151.583,2110.0,1.42045
151.667,2116.0,1.42045
151.667,2091.0,1.42045
151.667,2118.0,1.42045
151.667,2105.0,1.42045
151.667,2095.0,1.42045
151.667,2207.0,1.42045
151.75,2237.0,0.454545
151.75,2203.0,0.454545
151.833,2183.0,1.36364
151.833,2204.0,1.36364
151.917,2215.0,1.42045
151.917,2211.0,1.42045
152.0,2188.0,1.42045
152.0,2188.0,1.36364
152.083,2160.0,1.36364
152.083,2065.0,1.36364
152.167,1965.0,1.36364
152.167,1902.0,1.47727
152.25,1899.0,1.47727
152.25,1902.0,1.42045
152.333,1888.0,1.42045
152.333,1900.0,1.19318
152.333,1941.0,1.19318
152.417,1963.0,1.42045
152.417,2002.0,1.42045
152.5,2002.0,1.42045
152.5,2069.0,1.42045
152.583,2108.0,1.30682
152.583,2022.0,1.30682
152.667,1967.0,1.47727
152.667,1953.0,1.47727
152.75,1950.0,1.30682
152.75,1947.0,1.30682
152.833,2006.0,1.53409
152.833,2006.0,1.53409
152.917,1956.0,1.53409
152.917,1933.0,1.19318
153.0,1945.0,1.19318
153.0,1966.0,1.25
153.0,1966.0,1.25
153.083,1970.0,1.25
153.083,1987.0,1.25
153.167,2018.0,1.25
153.167,2060.0,1.13636
153.167,2082.0,1.13636
153.25,2079.0,1.13636
153.25,2082.0,1.13636
153.333,2091.0,1.13636
153.333,2075.0,1.02273
153.333,2037.0,1.02273
153.417,2078.0,1.13636
153.417,2125.0,1.13636
153.417,2153.0,1.13636
153.5,2153.0,1.02273
153.5,2165.0,1.02273
153.583,2205.0,1.02273
153.583,2205.0,1.02273
153.583,2258.0,1.02273
153.667,2260.0,1.02273
153.667,2230.0,0.965909
153.667,2229.0,0.965909
153.667,2210.0,0.965909
153.75,2192.0,0.852273
153.75,2173.0,0.852273
153.75,2198.0,0.852273
153.833,2276.0,0.909091
153.833,2304.0,0.909091
153.833,2335.0,0.909091
153.917,2318.0,0.909091
153.917,2230.0,0.795454
153.917,2180.0,0.795454
153.917,2165.0,0.795454
153.917,2139.0,0.795454
154.0,2095.0,0.681818
154.0,2074.0,0.681818
154.0,2101.0,0.681818
154.0,2134.0,0.681818
154.0,2175.0,0.681818
154.083,2182.0,0.568182
154.083,2167.0,0.568182
154.083,2115.0,0.568182
154.083,2062.0,0.568182
154.083,2049.0,0.568182
154.083,2029.0,0.568182
154.167,2006.0,0.568182
154.167,2008.0,0.397727
154.167,2026.0,0.397727
154.167,2045.0,0.397727
154.167,2057.0,0.397727
154.167,2057.0,0.397727
154.167,2073.0,0.397727
154.167,2045.0,0.397727
154.167,2019.0,0.397727
154.167,2038.0,0.397727
154.167,2051.0,0.397727
154.167,2031.0,0.397727
154.167,2035.0,0.397727
154.167,2066.0,0.397727
154.167,2091.0,0.397727
154.167,2091.0,0.397727
154.167,2081.0,0.397727
154.167,2048.0,0.397727
154.167,2048.0,0.397727
154.167,2056.0,0.397727
154.167,2032.0,0.397727
154.167,1907.0,0.397727
154.167,1896.0,0.397727
154.167,1951.0,0.397727
154.167,2012.0,0.397727
154.167,2030.0,0.397727
154.167,2027.0,0.397727
154.167,1967.0,0.397727
154.167,1933.0,0.397727
154.167,1934.0,0.397727
154.167,1980.0,0.397727
154.167,1985.0,0.397727
154.167,1961.0,0.397727
154.167,1958.0,0.397727
154.167,2003.0,0.397727
154.167,2014.0,0.397727
154.167,2011.0,0.397727
154.167,1961.0,0.397727
154.167,1953.0,0.397727
154.167,2001.0,0.397727
154.167,2001.0,0.397727
154.167,1998.0,0.397727
154.167,1823.0,0.397727
154.167,904.0,0.397727
154.167,420.0,0.397727
154.167,159.0,0.397727
154.167,26.0,0.397727
154.167,0.0,0.397727
154.167,0.0,0.397727
154.167,0.0,0.397727
154.167,0.0,0.397727
154.167,0.0,0.397727
154.167,0.0,0.397727
154.167,0.0,0.397727
154.167,0.0,0.397727
154.167,0.0,0.397727
154.167,0.0,0.0
154.167,0.0,0.0
154.167,0.0,0.0
154.167,0.0,0.0
154.167,0.0,0.0
154.167,0.0,0.0
154.167,0.0,0.0
154.167,0.0,0.0
154.167,0.0,0.0
154.167,0.0,0.0
154.167,0.0,0.0
154.167,0.0,0.0
154.167,0.0,0.0
154.167,0.0,0.0
154.167,13.0,0.0
154.167,69.0,0.0
154.167,55.0,0.0
154.167,19.0,0.0
154.167,0.0,0.0
154.167,0.0,0.0
154.167,0.0,0.0
154.167,0.0,0.0
154.167,0.0,0.0
154.167,0.0,0.0
154.167,0.0,0.0
154.167,1.0,0.0
154.167,0.0,0.0
154.167,0.0,0.0
154.167,0.0,0.0
154.167,0.0,0.0
154.167,0.0,0.0
154.167,0.0,0.0
154.167,0.0,0.0
154.167,1.0,0.0
154.167,0.0,0.0
154.167,0.0,0.0
154.167,0.0,0.0
154.167,0.0,0.0
154.167,0.0,0.0
154.167,0.0,0.0
154.167,0.0,0.0
154.167,0.0,0.0
154.167,0.0,0.0
154.167,0.0,0.0
154.167,0.0,0.0
154.167,0.0,0.0
154.167,0.0,0.0
154.167,0.0,0.0
154.167,0.0,0.0
154.167,0.0,0.0
154.167,0.0,0.0
154.167,1.0,0.0
154.167,0.0,0.0
154.167,0.0,0.0
154.167,0.0,0.0
154.167,0.0,0.0
154.167,0.0,0.0
154.167,0.0,0.0
154.167,0.0,0.0
154.167,1.0,0.0
154.167,0.0,0.0
154.167,0.0,0.0
154.167,0.0,0.0
154.167,0.0,0.0
154.167,0.0,0.0
154.167,1.0,0.0
154.167,0.0,0.0
154.167,0.0,0.0
154.167,0.0,0.0
154.167,0.0,0.0
154.167,0.0,0.0
154.167,0.0,0.0
154.167,0.0,0.0
154.167,0.0,0.0
154.167,0.0,0.0
154.167,0.0,0.0
154.167,0.0,0.0
154.167,0.0,0.0
154.167,0.0,0.0
154.167,0.0,0.0
154.167,0.0,0.0
154.167,0.0,0.0
154.167,0.0,0.0
154.167,0.0,0.0
154.167,0.0,0.0
154.167,0.0,0.0
154.167,0.0,0.0
154.167,0.0,0.0
154.167,0.0,0.0
154.167,0.0,0.0
154.167,0.0,0.0
154.167,0.0,0.0
154.167,1.0,0.0
154.167,0.0,0.0
154.167,0.0,0.0
154.167,0.0,0.0
154.167,0.0,0.0
154.167,0.0,0.0
154.167,0.0,0.0
154.167,0.0,0.0
154.167,0.0,0.0
154.167,0.0,0.0
154.167,0.0,0.0
154.167,0.0,0.0
154.167,0.0,0.0
154.167,0.0,0.0
154.167,0.0,0.0
154.167,0.0,0.0
154.167,0.0,0.0
154.167,1.0,0.0
154.167,0.0,0.0
154.167,0.0,0.0
154.25,0.0,0.0
154.25,0.0,0.0
154.25,0.0,0.0
154.25,0.0,0.0
154.25,0.0,0.0
154.25,1.0,0.0
154.25,0.0,0.0
154.25,0.0,0.0
154.25,0.0,0.0
154.25,83.0,0.0
154.25,114.0,0.0
154.25,72.0,0.0
154.25,54.0,0.0
154.333,39.0,0.0
154.333,46.0,0.227273
154.333,42.0,0.227273
154.333,26.0,0.227273
154.333,26.0,0.227273
154.333,5.0,0.227273
154.333,0.0,0.227273
154.333,0.0,0.227273
154.333,0.0,0.227273
154.333,0.0,0.227273
154.333,0.0,0.227273
154.333,0.0,0.227273
154.333,0.0,0.227273
154.333,0.0,0.227273
154.333,0.0,0.227273
154.333,0.0,0.227273
154.333,0.0,0.227273
154.333,0.0,0.227273
154.333,0.0,0.227273
154.333,0.0,0.227273
154.333,0.0,0.227273
154.333,1.0,0.227273
154.333,0.0,0.227273
154.333,0.0,0.227273
154.333,0.0,0.227273
154.333,0.0,0.227273
154.333,0.0,0.227273
154.333,0.0,0.227273
154.417,0.0,0.227273
154.417,1.0,0.113636
154.417,0.0,0.113636
154.417,0.0,0.113636
154.417,1.0,0.113636
154.417,0.0,0.113636
154.417,0.0,0.113636
154.417,0.0,0.113636
154.417,1.0,0.113636
154.417,0.0,0.113636
154.417,0.0,0.113636
154.417,0.0,0.113636
154.417,0.0,0.113636
154.417,0.0,0.113636
154.417,0.0,0.113636
154.417,0.0,0.113636
154.417,1.0,0.113636
154.417,0.0,0.113636
154.417,0.0,0.113636
154.417,0.0,0.113636
154.417,0.0,0.113636
154.417,0.0,0.113636
154.417,0.0,0.113636
154.417,0.0,0.113636
154.417,0.0,0.113636
154.417,0.0,0.113636
154.417,0.0,0.113636
154.417,0.0,0.113636
154.417,1.0,0.113636
154.417,0.0,0.113636
154.417,0.0,0.113636
154.417,0.0,0.113636
154.417,0.0,0.113636
154.417,0.0,0.113636
154.417,0.0,0.113636
154.417,0.0,0.113636
154.417,0.0,0.113636
154.417,0.0,0.113636
154.417,0.0,0.113636
154.417,0.0,0.113636
154.417,0.0,0.113636
154.417,0.0,0.113636
154.417,0.0,0.113636
154.417,1.0,0.113636
154.417,0.0,0.113636
154.417,0.0,0.113636
154.417,0.0,0.113636
154.417,0.0,0.113636
154.417,0.0,0.113636
154.417,0.0,0.113636
154.417,0.0,0.113636
154.417,0.0,0.113636
154.417,0.0,0.113636
154.417,0.0,0.113636
154.417,0.0,0.113636
154.417,1.0,0.113636
154.417,0.0,0.113636
154.417,0.0,0.113636
154.417,0.0,0.113636
154.417,1.0,0.113636
154.417,1.0,0.113636
154.417,0.0,0.113636
154.417,0.0,0.113636
154.417,0.0,0.113636
154.417,0.0,0.113636
154.417,0.0,0.113636
154.417,0.0,0.113636
154.417,0.0,0.113636
154.417,0.0,0.113636
154.417,0.0,0.113636
154.417,1.0,0.113636
154.417,0.0,0.113636
154.417,0.0,0.0
154.417,0.0,0.0
154.417,0.0,0.0
154.417,0.0,0.0
154.417,0.0,0.0
154.417,0.0,0.0
154.417,0.0,0.0
154.417,0.0,0.0
154.417,0.0,0.0
154.417,0.0,0.0
154.417,1.0,0.0
154.417,1.0,0.0
154.417,0.0,0.0
154.417,0.0,0.0
154.417,0.0,0.0
154.417,0.0,0.0
154.417,0.0,0.0
154.417,0.0,0.0
154.417,0.0,0.0
154.417,1.0,0.0
154.417,0.0,0.0
154.417,0.0,0.0
154.417,0.0,0.0
154.417,0.0,0.0
154.417,0.0,0.0
154.417,0.0,0.0
154.417,0.0,0.0
154.417,0.0,0.0
154.417,0.0,0.0
154.417,0.0,0.0
154.417,0.0,0.0
154.417,0.0,0.0
154.417,0.0,0.0
154.417,0.0,0.0
154.417,0.0,0.0
154.417,0.0,0.0
154.417,0.0,0.0
154.417,0.0,0.0
154.417,0.0,0.0
154.417,0.0,0.0
154.417,0.0,0.0
154.417,0.0,0.0
154.417,0.0,0.0
154.417,0.0,0.0
154.417,0.0,0.0
154.417,0.0,0.0
154.417,0.0,0.0
154.417,0.0,0.0
154.417,0.0,0.0
154.417,0.0,0.0
154.417,0.0,0.0
154.417,0.0,0.0
154.417,0.0,0.0
154.417,0.0,0.0
154.417,0.0,0.0
154.417,0.0,0.0
154.417,0.0,0.0
154.417,0.0,0.0
154.417,0.0,0.0
154.417,0.0,0.0
154.417,0.0,0.0
154.417,0.0,0.0
154.417,0.0,0.0
154.417,0.0,0.0
154.417,0.0,0.0
154.417,1.0,0.0
154.417,0.0,0.0
154.417,0.0,0.0
154.417,0.0,0.0
154.417,0.0,0.0
154.417,0.0,0.0
154.417,0.0,0.0
154.417,1.0,0.0
154.417,0.0,0.0
154.417,0.0,0.0
154.417,0.0,0.0
154.417,0.0,0.0
154.417,0.0,0.0
154.417,0.0,0.0
154.417,0.0,0.0
154.417,0.0,0.0
154.417,0.0,0.0
154.417,0.0,0.0
154.417,0.0,0.0
154.417,0.0,0.0
154.417,0.0,0.0
154.417,0.0,0.0
154.417,0.0,0.0
154.417,0.0,0.0
154.417,0.0,0.0
154.417,0.0,0.0
154.417,0.0,0.0
154.417,0.0,0.0
154.417,0.0,0.0
154.417,0.0,0.0
154.417,0.0,0.0
154.417,0.0,0.0
154.417,0.0,0.0
154.417,0.0,0.0
154.417,0.0,0.0
154.417,0.0,0.0
154.417,0.0,0.0
154.417,0.0,0.0
154.417,0.0,0.0
154.417,0.0,0.0
154.417,0.0,0.0
154.417,0.0,0.0
154.417,0.0,0.0
154.417,0.0,0.0
154.417,0.0,0.0
154.417,0.0,0.0
154.417,0.0,0.0
154.417,0.0,0.0
154.417,0.0,0.0
154.417,0.0,0.0
154.417,0.0,0.0
154.417,0.0,0.0
154.417,0.0,0.0
154.417,0.0,0.0
154.417,0.0,0.0
154.417,0.0,0.0
154.417,0.0,0.0
154.417,0.0,0.0
154.417,0.0,0.0
154.417,0.0,0.0
154.417,0.0,0.0
154.417,0.0,0.0
154.417,0.0,0.0
154.417,0.0,0.0
154.417,0.0,0.0
154.417,0.0,0.0
