0.0,0.0,0.0
0.0,0.0,0.0
0.0,0.0,0.0
0.0,0.0,0.0
0.0,0.0,0.0
0.0,0.0,0.0
0.0,0.0,0.0
0.0,0.0,0.0
0.0,0.0,0.0
0.0,0.0,0.0
0.0,0.0,0.0
0.0,0.0,0.0
0.0,0.0,0.0
0.0,0.0,0.0
0.0,0.0,0.0
0.0,0.0,0.0
0.0,0.0,0.0
0.0,0.0,0.0
0.0,0.0,0.0
0.0,0.0,0.0
0.0,0.0,0.0
0.0,0.0,0.0
0.0,0.0,0.0
0.0,0.0,0.0
0.0,0.0,0.0
0.0,0.0,0.0
0.0,0.0,0.0
0.0,0.0,0.0
0.0,0.0,0.0
0.0,0.0,0.0
0.0,0.0,0.0
0.0,0.0,0.0
0.0,0.0,0.0
0.0,0.0,0.0
0.0,0.0,0.0
0.0,0.0,0.0
0.0,0.0,0.0
0.0,0.0,0.0
0.0,0.0,0.0
0.0,0.0,0.0
0.0,0.0,0.0
0.0,0.0,0.0
0.0,0.0,0.0
0.0,0.0,0.0
0.0,0.0,0.0
0.0,0.0,0.0
0.0,0.0,0.0
0.0,0.0,0.0
0.0,0.0,0.0
0.0,0.0,0.0
0.0,0.0,0.0
0.0,0.0,0.0
0.0,0.0,0.0
0.0,0.0,0.0
0.0,0.0,0.0
0.0,0.0,0.0
0.0,0.0,0.0
0.0,0.0,0.0
0.0,0.0,0.0
0.0,0.0,0.0
0.0,0.0,0.0
0.0,0.0,0.0
0.0,0.0,0.0
0.0,0.0,0.0
0.0,0.0,0.0
0.0,0.0,0.0
0.0,0.0,0.0
0.0,0.0,0.0
0.0,0.0,0.0
0.0,0.0,0.0
0.0,0.0,0.0
0.0,0.0,0.0
0.0,0.0,0.0
0.0,0.0,0.0
0.0,0.0,0.0
0.0,0.0,0.0
0.0,0.0,0.0
0.0,0.0,0.0
0.0,0.0,0.0
0.0,0.0,0.0
0.0,0.0,0.0
0.0,0.0,0.0
0.0,0.0,0.0
0.0,0.0,0.0
0.0,0.0,0.0
0.0,0.0,0.0
0.0,0.0,0.0
0.0,0.0,0.0
0.0,0.0,0.0
0.0,0.0,0.0
0.0,0.0,0.0
0.0,0.0,0.0
0.0,0.0,0.0
0.0,0.0,0.0
0.0,0.0,0.0
0.0,0.0,0.0
0.0,0.0,0.0
0.0,0.0,0.0
0.0,0.0,0.0
0.0,0.0,0.0
0.0,0.0,0.0
0.0,0.0,0.0
0.0,0.0,0.0
0.0,0.0,0.0
0.0,0.0,0.0
0.0,0.0,0.0
0.0,0.0,0.0
0.0,0.0,0.0
0.0,0.0,0.0
0.0,0.0,0.0
0.0,0.0,0.0
0.0,0.0,0.0
0.0,0.0,0.0
0.0,0.0,0.0
0.0,0.0,0.0
0.0,0.0,0.0
0.0,0.0,0.0
0.0,0.0,0.0
0.0,0.0,0.0
0.0,0.0,0.0
0.0,0.0,0.0
0.0,0.0,0.0
0.0,0.0,0.0
0.0,0.0,0.0
0.0,0.0,0.0
0.0,0.0,0.0
0.0,0.0,0.0
0.0,0.0,0.0
0.0,0.0,0.0
0.0,0.0,0.0
0.0,0.0,0.0
0.0,0.0,0.0
0.0,0.0,0.0
0.0,0.0,0.0
0.0,0.0,0.0
0.0,0.0,0.0
0.0,0.0,0.0
0.0,0.0,0.0
0.0,0.0,0.0
0.0,0.0,0.0
0.0,0.0,0.0
0.0,0.0,0.0
0.0,0.0,0.0
0.0,0.0,0.0
0.0,0.0,0.0
0.0,0.0,0.0
0.0,0.0,0.0
0.0,0.0,0.0
0.0,0.0,0.0
0.0,0.0,0.0
0.0,0.0,0.0
0.0,0.0,0.0
0.0,0.0,0.0
0.0,0.0,0.0
0.0,0.0,0.0
0.0,0.0,0.0
0.0,0.0,0.0
0.0,0.0,0.0
0.0,0.0,0.0
0.0,0.0,0.0
0.0,0.0,0.0
0.0,0.0,0.0
0.0,0.0,0.0
0.0,0.0,0.0
0.0,0.0,0.0
0.0,0.0,0.0
0.0,0.0,0.0
0.0,0.0,0.0
0.0,0.0,0.0
0.0,0.0,0.0
0.0,0.0,0.0
0.0,0.0,0.0
0.0,0.0,0.0
0.0,0.0,0.0
0.0,0.0,0.0
0.0,0.0,0.0
0.0,0.0,0.0
0.0,0.0,0.0
0.0,0.0,0.0
0.0,0.0,0.0
0.0,0.0,0.0
0.0,0.0,0.0
0.0,0.0,0.0
0.0,0.0,0.0
0.0,0.0,0.0
0.0,0.0,0.0
0.0,0.0,0.0
0.0,0.0,0.0
0.0,0.0,0.0
0.0,0.0,0.0
0.0,0.0,0.0
0.0,0.0,0.0
0.0,0.0,0.0
0.0,0.0,0.0
0.0,0.0,0.0
0.0,0.0,0.0
0.0,0.0,0.0
0.0,0.0,0.0
0.0,0.0,0.0
0.0,0.0,0.0
0.0,0.0,0.0
0.0,0.0,0.0
0.0,0.0,0.0
0.0,0.0,0.0
0.0,0.0,0.0
0.0,0.0,0.0
0.0,0.0,0.0
0.0,0.0,0.0
0.0,0.0,0.0
0.0,0.0,0.0
0.0,0.0,0.0
0.0,0.0,0.0
0.0,0.0,0.0
0.0,0.0,0.0
0.0,0.0,0.0
0.0,0.0,0.0
0.0,0.0,0.0
0.0,0.0,0.0
0.0,0.0,0.0
0.0,0.0,0.0
0.0,0.0,0.0
0.0,0.0,0.0
0.0,0.0,0.0
0.0,0.0,0.0
0.0,0.0,0.0
0.0,0.0,0.0
0.0,0.0,0.0
0.0,0.0,0.0
0.0,0.0,0.0
0.0,0.0,0.0
0.0,0.0,0.0
0.0,0.0,0.0
0.0,0.0,0.0
0.0,0.0,0.0
0.0,0.0,0.0
0.0,0.0,0.0
0.0,0.0,0.0
0.0,0.0,0.0
0.0,0.0,0.0
0.0,0.0,0.0
0.0,0.0,0.0
0.0,0.0,0.0
0.0,0.0,0.0
0.0,0.0,0.0
0.0,0.0,0.0
0.0,0.0,0.0
0.0,0.0,0.0
0.0,0.0,0.0
0.0,0.0,0.0
0.0,0.0,0.0
0.0,0.0,0.0
0.0,0.0,0.0
0.0,0.0,0.0
0.0,0.0,0.0
0.0,0.0,0.0
0.0,0.0,0.0
0.0,0.0,0.0
0.0,0.0,0.0
0.0,0.0,0.0
0.0,0.0,0.0
0.0,0.0,0.0
0.0,0.0,0.0
0.0,0.0,0.0
0.0,0.0,0.0
0.0,0.0,0.0
0.0,0.0,0.0
0.0,0.0,0.0
0.0,0.0,0.0
0.0,0.0,0.0
0.0,0.0,0.0
0.0,0.0,0.0
0.0,0.0,0.0
0.0,0.0,0.0
0.0,0.0,0.0
0.0,0.0,0.0
0.0,0.0,0.0
0.0,0.0,0.0
0.0,0.0,0.0
0.0,0.0,0.0
0.0,0.0,0.0
0.0,0.0,0.0
0.0,0.0,0.0
0.0,0.0,0.0
0.0,0.0,0.0
0.0,0.0,0.0
0.0,0.0,0.0
0.0,0.0,0.0
0.0,0.0,0.0
0.0,0.0,0.0
0.0,0.0,0.0
0.0,0.0,0.0
0.0,0.0,0.0
0.0,0.0,0.0
0.0,0.0,0.0
0.0,0.0,0.0
0.0,0.0,0.0
0.0,0.0,0.0
0.0,0.0,0.0
0.0,0.0,0.0
0.0,0.0,0.0
0.0,0.0,0.0
0.0,0.0,0.0
0.0,0.0,0.0
0.0,0.0,0.0
0.0,0.0,0.0
0.0,0.0,0.0
0.0,0.0,0.0
0.0,0.0,0.0
0.0,0.0,0.0
0.0,0.0,0.0
0.0,0.0,0.0
0.0,0.0,0.0
0.0,0.0,0.0
0.0,0.0,0.0
0.0,0.0,0.0
0.0,0.0,0.0
0.0,0.0,0.0
0.0,0.0,0.0
0.0,0.0,0.0
0.0,0.0,0.0
0.0,0.0,0.0
0.0,0.0,0.0
0.0,0.0,0.0
0.0,0.0,0.0
0.0,0.0,0.0
0.0,0.0,0.0
0.0,0.0,0.0
0.0,0.0,0.0
0.0,0.0,0.0
0.0,0.0,0.0
0.0,0.0,0.0
0.0,0.0,0.0
0.0,0.0,0.0
0.0,0.0,0.0
0.0,0.0,0.0
0.0,0.0,0.0
0.0,0.0,0.0
0.0,0.0,0.0
0.0,0.0,0.0
0.0,0.0,0.0
0.0,0.0,0.0
0.0,0.0,0.0
0.0,0.0,0.0
0.0,0.0,0.0
0.0,0.0,0.0
0.0,0.0,0.0
0.0,0.0,0.0
0.0,0.0,0.0
0.0,0.0,0.0
0.0,0.0,0.0
0.0,0.0,0.0
0.0,0.0,0.0
0.0,0.0,0.0
0.0,0.0,0.0
0.0,0.0,0.0
0.0,0.0,0.0
0.0,0.0,0.0
0.0,0.0,0.0
0.0,0.0,0.0
0.0,0.0,0.0
0.0,0.0,0.0
0.0,0.0,0.0
0.0,0.0,0.0
0.0,0.0,0.0
0.0,0.0,0.0
0.0,0.0,0.0
0.0,0.0,0.0
0.0,0.0,0.0
0.0,0.0,0.0
0.0,0.0,0.0
0.0,0.0,0.0
0.0,0.0,0.0
0.0,0.0,0.0
0.0,0.0,0.0
0.0,0.0,0.0
0.0,0.0,0.0
0.0,0.0,0.0
0.0,0.0,0.0
0.0,0.0,0.0
0.0,0.0,0.0
0.0,0.0,0.0
0.0,0.0,0.0
0.0,0.0,0.0
0.0,0.0,0.0
0.0,0.0,0.0
0.0,0.0,0.0
0.0,0.0,0.0
0.0,0.0,0.0
0.0,0.0,0.0
0.0,0.0,0.0
0.0,0.0,0.0
0.0,0.0,0.0
0.0,0.0,0.0
0.0,0.0,0.0
0.0,0.0,0.0
0.0,0.0,0.0
0.0,0.0,0.0
0.0,0.0,0.0
0.0,0.0,0.0
0.0,0.0,0.0
0.0,0.0,0.0
0.0,0.0,0.0
0.0,0.0,0.0
0.0,0.0,0.0
0.0,0.0,0.0
0.0,0.0,0.0
0.0,0.0,0.0
0.0,0.0,0.0
0.0,0.0,0.0
0.0,0.0,0.0
0.0,0.0,0.0
0.0,0.0,0.0
0.0,0.0,0.0
0.0,0.0,0.0
0.0,0.0,0.0
0.0,0.0,0.0
0.0,0.0,0.0
0.0,0.0,0.0
0.0,0.0,0.0
0.0,0.0,0.0
0.0,0.0,0.0
0.0,0.0,0.0
0.0,0.0,0.0
0.0,0.0,0.0
0.0,0.0,0.0
0.0,0.0,0.0
0.0,0.0,0.0
0.0,0.0,0.0
0.0,0.0,0.0
0.0,0.0,0.0
0.0,0.0,0.0
0.0,0.0,0.0
0.0,427.0,0.0
0.0,1182.0,0.0
0.0,1699.0,0.0
0.0,1327.0,0.0
0.0,908.0,0.0
0.0,693.0,0.0
0.0833333,786.0,0.113636
0.0833333,1216.0,0.113636
0.0833333,1271.0,0.113636
0.0833333,1201.0,0.113636
0.0833333,1141.0,0.113636
0.0833333,1243.0,0.113636
0.0833333,1265.0,0.113636
0.0833333,1383.0,0.113636
0.0833333,1421.0,0.113636
0.0833333,1417.0,0.113636
0.166667,1385.0,0.284091
0.166667,1360.0,0.284091
0.166667,1345.0,0.284091
0.166667,1338.0,0.284091
0.166667,1372.0,0.284091
0.166667,1415.0,0.284091
0.166667,1446.0,0.284091
0.25,1454.0,0.397727
0.25,1455.0,0.397727
0.25,1462.0,0.397727
0.25,1461.0,0.397727
0.25,1471.0,0.397727
0.333333,1485.0,0.397727
0.333333,1503.0,0.511364
0.333333,1510.0,0.511364
0.333333,1506.0,0.511364
0.333333,1500.0,0.511364
0.416667,1506.0,0.511364
0.416667,1506.0,0.568182
0.416667,1511.0,0.568182
0.416667,1504.0,0.568182
0.5,1479.0,0.568182
0.5,1439.0,0.681818
0.5,1387.0,0.681818
0.5,1372.0,0.681818
0.5,1372.0,0.681818
0.5,1372.0,0.681818
0.5,1384.0,0.681818
0.5,1399.0,0.681818
0.583333,1415.0,0.681818
0.583333,1428.0,0.340909
0.583333,1450.0,0.340909
0.583333,1453.0,0.340909
0.666667,1431.0,0.340909
0.666667,1396.0,0.795454
0.75,1368.0,0.795454
0.75,1371.0,1.25
0.75,1394.0,1.25
0.75,1438.0,1.25
0.833333,1438.0,0.795454
0.833333,1578.0,0.795454
0.833333,1544.0,0.795454
0.916667,1506.0,1.02273
0.916667,1515.0,1.02273
0.916667,1577.0,1.02273
0.916667,1563.0,1.02273
0.916667,1522.0,1.02273
0.916667,1506.0,1.02273
0.916667,1503.0,1.02273
0.916667,1504.0,1.02273
0.916667,1553.0,1.02273
0.916667,1620.0,1.02273
0.916667,1658.0,1.02273
0.916667,1670.0,1.02273
0.916667,1686.0,1.02273
0.916667,1686.0,1.02273
0.916667,1683.0,1.02273
0.916667,1716.0,1.02273
0.916667,1770.0,1.02273
0.916667,1777.0,1.02273
0.916667,1755.0,1.02273
0.916667,1755.0,1.02273
1.0,1733.0,0.113636
1.0,1792.0,0.113636
1.08333,1863.0,0.113636
1.08333,1863.0,1.19318
1.08333,1816.0,1.19318
1.08333,1674.0,1.19318
1.16667,1713.0,1.19318
1.16667,1769.0,0.681818
1.25,1759.0,0.681818
1.25,1712.0,1.53409
1.33333,1734.0,1.70455
1.33333,1751.0,1.70455
1.41667,1711.0,1.47727
1.41667,1644.0,1.47727
1.41667,1682.0,1.47727
1.41667,1774.0,1.47727
1.41667,1793.0,1.47727
1.5,1727.0,0.568182
1.5,1630.0,0.568182
1.5,1604.0,0.568182
1.5,1661.0,0.568182
1.58333,1683.0,0.568182
1.58333,1656.0,0.625
1.58333,1504.0,0.625
1.66667,1442.0,0.625
1.66667,1456.0,1.02273
1.75,1493.0,2.10227
1.83333,1444.0,2.10227
1.83333,1369.0,2.10227
1.83333,1356.0,2.10227
1.83333,1354.0,2.10227
1.83333,1329.0,2.10227
1.91667,1296.0,2.10227
2.0,1296.0,0.568182
2.0,1269.0,2.21591
2.0,1247.0,2.21591
2.08333,1256.0,2.21591
2.16667,1256.0,1.02273
2.25,1237.0,2.95454
2.25,1214.0,2.15909
2.33333,1216.0,2.10227
2.41667,1216.0,2.44318
2.41667,1224.0,2.44318
2.5,1212.0,2.44318
2.5,1202.0,1.25
2.58333,1214.0,1.875
2.58333,1280.0,1.875
2.66667,1294.0,1.36364
2.75,1293.0,2.55682
2.83333,1333.0,2.55682
2.91667,1455.0,2.44318
3.0,1483.0,2.44318
3.0,1449.0,2.84091
3.0,1424.0,2.84091
3.0,1413.0,2.84091
3.0,1408.0,2.84091
3.16667,1462.0,2.84091
3.16667,1554.0,3.01136
3.25,1608.0,2.72727
3.25,1543.0,2.72727
3.41667,1532.0,2.72727
3.41667,1538.0,3.23864
3.5,1537.0,2.38636
3.66667,1540.0,2.84091
3.75,1536.0,3.29545
3.83333,1522.0,2.95454
3.91667,1513.0,3.18182
3.91667,1510.0,3.125
4.0,1490.0,3.125
4.08333,1475.0,3.75
4.08333,1457.0,3.75
4.16667,1426.0,1.47727
4.25,1433.0,3.46591
4.33333,1440.0,3.125
4.41667,1434.0,3.29545
4.58333,1424.0,3.29545
4.58333,1428.0,3.69318
4.58333,1480.0,3.69318
4.66667,1519.0,1.07955
4.83333,1551.0,1.07955
4.83333,1583.0,3.35227
4.91667,1581.0,3.35227
5.0,1543.0,3.29545
5.08333,1527.0,3.40909
5.25,1527.0,3.46591
5.33333,1524.0,3.57954
5.33333,1495.0,3.57954
5.33333,1414.0,3.57954
5.41667,1340.0,3.57954
5.5,1325.0,0.909091
5.58333,1344.0,4.03409
5.75,1407.0,4.03409
5.83333,1532.0,3.75
5.91667,1593.0,4.20454
5.91667,1560.0,4.20454
5.91667,1401.0,4.20454
5.91667,1382.0,4.20454
6.0,1402.0,0.738636
6.16667,1402.0,0.738636
6.25,1355.0,4.20454
6.33333,1244.0,2.95454
6.5,1150.0,3.69318
6.5,1064.0,4.71591
6.66667,1048.0,4.71591
6.75,1143.0,5.73864
6.83333,1237.0,4.09091
7.0,1264.0,4.09091
7.0,1268.0,4.54545
7.0,1343.0,4.54545
7.16667,1401.0,4.54545
7.25,1378.0,3.80682
7.41667,1306.0,3.80682
7.5,1216.0,3.80682
7.58333,1182.0,3.97727
7.66667,1226.0,2.10227
7.75,1215.0,3.97727
7.91667,1148.0,3.97727
8.0,1119.0,4.03409
8.16667,1117.0,4.03409
8.25,1191.0,4.03409
8.33333,1298.0,4.09091
8.5,1247.0,4.09091
8.5,1195.0,3.97727
8.66667,1204.0,3.97727
8.75,1222.0,4.375
8.83333,1260.0,3.92045
8.83333,1254.0,3.92045
8.83333,1254.0,3.92045
9.0,1226.0,3.92045
9.08333,1240.0,4.14773
9.25,1291.0,4.14773
9.33333,1370.0,4.375
9.5,1382.0,4.14773
9.58333,1382.0,4.03409
9.75,1340.0,4.03409
9.83333,1331.0,4.43182
9.91667,1350.0,4.31818
10.0,1378.0,3.97727
10.0833,1394.0,1.98864
10.25,1399.0,1.98864
10.3333,1267.0,4.26136
10.3333,1148.0,4.26136
10.3333,1195.0,4.26136
10.5,1394.0,4.26136
10.5833,1653.0,4.14773
10.6667,1752.0,4.14773
10.8333,1673.0,4.14773
11.0,1673.0,4.26136
11.0833,1454.0,4.31818
11.25,1497.0,4.31818
11.3333,1569.0,4.09091
11.4167,1582.0,4.03409
11.5,1598.0,3.06818
11.5833,1721.0,2.10227
11.75,1806.0,3.92045
11.8333,1758.0,4.54545
11.9167,1626.0,4.20454
12.0833,1438.0,3.97727
12.1667,1280.0,4.82954
12.3333,1305.0,4.82954
12.4167,1381.0,4.09091
12.5833,1381.0,4.09091
12.6667,1479.0,4.14773
12.8333,1427.0,4.375
12.9167,1422.0,4.31818
13.0,1461.0,4.09091
13.0833,1571.0,1.98864
13.0833,1614.0,4.88636
13.25,1538.0,4.88636
13.25,1538.0,4.31818
13.3333,1415.0,4.31818
13.4167,1315.0,4.20454
13.4167,1343.0,4.20454
13.5,1447.0,4.20454
13.5833,1482.0,1.07955
13.75,1492.0,4.43182
13.8333,1487.0,4.43182
13.9167,1498.0,4.43182
14.0,1510.0,2.04545
14.1667,1511.0,4.43182
14.25,1511.0,4.60227
14.4167,1465.0,4.60227
14.5,1439.0,3.86364
14.6667,1455.0,4.375
14.8333,1496.0,4.375
14.9167,1487.0,4.375
15.0,1438.0,4.20454
15.0,1318.0,4.20454
15.1667,1245.0,4.20454
15.3333,1232.0,4.20454
15.4167,1329.0,5.17045
15.5833,1415.0,4.65909
15.75,1502.0,4.71591
15.8333,1576.0,4.77273
16.0,1504.0,4.31818
16.0833,1384.0,4.09091
16.1667,1328.0,4.09091
16.25,1328.0,4.48864
16.25,1355.0,4.48864
16.25,1267.0,4.48864
16.3333,1158.0,4.48864
16.5,1090.0,4.65909
16.5,1104.0,5.68182
16.6667,1138.0,5.68182
16.8333,1142.0,5.11364
16.9167,1129.0,5.05682
17.0833,1100.0,5.05682
17.25,1078.0,4.71591
17.3333,1075.0,5.39773
17.5,1079.0,4.71591
17.6667,1087.0,4.71591
17.75,1111.0,4.94318
17.75,1111.0,4.94318
17.75,1142.0,4.94318
17.8333,1151.0,0.965909
17.9167,1153.0,2.61364
17.9167,1121.0,2.61364
18.0833,1024.0,2.61364
18.0833,1020.0,5.17045
18.1667,1019.0,1.64773
18.25,998.0,4.71591
18.4167,902.0,4.71591
18.4167,848.0,4.60227
18.5,784.0,2.55682
18.6667,715.0,2.55682
18.6667,648.0,5.45454
18.6667,641.0,5.45454
18.75,695.0,1.19318
18.9167,786.0,2.67045
19.0833,869.0,4.88636
19.1667,958.0,5.22727
19.25,994.0,5.22727
19.4167,996.0,5.22727
19.5,1016.0,5.11364
19.5833,1080.0,5.17045
19.5833,1151.0,5.17045
19.5833,1198.0,5.17045
19.75,1229.0,5.17045
19.9167,1233.0,5.17045
20.0,1256.0,5.625
20.0833,1313.0,5.625
20.1667,1352.0,2.5
20.3333,1356.0,2.78409
20.5,1252.0,5.28409
20.6667,1230.0,5.28409
20.75,1241.0,5.56818
20.8333,1240.0,2.44318
21.0,1183.0,2.95454
21.0,1031.0,5.22727
21.0,943.0,5.22727
21.0,935.0,5.22727
21.1667,988.0,5.22727
21.3333,1061.0,5.22727
21.5,1029.0,5.22727
21.6667,975.0,5.45454
21.75,975.0,5.68182
21.9167,933.0,5.05682
22.0833,921.0,5.05682
22.1667,985.0,5.45454
22.3333,1025.0,5.45454
22.4167,1097.0,4.77273
22.4167,1086.0,4.77273
22.5833,962.0,4.77273
22.75,912.0,5.79545
22.8333,908.0,5.96591
23.0,932.0,5.96591
23.1667,1015.0,5.68182
23.3333,1054.0,5.68182
23.4167,1042.0,5.39773
23.5833,985.0,5.39773
23.6667,921.0,5.11364
23.75,920.0,5.11364
23.8333,976.0,5.51136
23.9167,1045.0,5.51136
24.0,1090.0,5.56818
24.0833,1077.0,5.56818
24.25,1084.0,5.56818
24.4167,1125.0,5.56818
24.5,1192.0,6.02273
24.5833,1227.0,2.89773
24.6667,1161.0,2.5
24.6667,1122.0,2.89773
24.6667,1146.0,2.89773
24.9167,1257.0,5.85227
25.0,1413.0,5.45454
25.0833,1338.0,5.22727
25.1667,1198.0,5.22727
25.3333,1143.0,5.45454
25.5,1118.0,5.45454
25.6667,1164.0,5.45454
25.75,1206.0,7.27273
25.9167,1223.0,7.27273
26.0,1111.0,6.42045
26.0833,963.0,2.5
26.25,960.0,2.89773
26.25,1020.0,5.45454
26.25,1082.0,5.45454
26.3333,1082.0,1.07955
26.4167,1067.0,1.07955
26.5833,1042.0,1.76136
26.75,1072.0,1.76136
26.9167,1149.0,1.76136
27.0,1263.0,5.11364
27.0833,1283.0,5.28409
27.1667,1214.0,2.72727
27.1667,1123.0,2.72727
27.1667,1051.0,2.72727
27.1667,1082.0,2.72727
27.25,1131.0,2.72727
27.4167,1139.0,5.34091
27.5,1089.0,5.96591
27.6667,983.0,5.96591
27.75,1001.0,6.875
27.9167,1054.0,6.875
28.0833,1105.0,5.79545
28.0833,1159.0,5.625
28.25,1168.0,5.625
28.3333,1169.0,5.17045
28.4167,1137.0,5.17045
28.5833,1107.0,5.17045
28.6667,1077.0,5.05682
28.8333,1056.0,3.01136
28.8333,1022.0,6.875
29.0,985.0,6.875
29.0,1043.0,5.73864
29.1667,1123.0,5.73864
29.25,1143.0,6.30682
29.4167,1127.0,5.17045
29.5833,1090.0,5.17045
29.5833,1023.0,5.17045
29.75,976.0,5.17045
29.9167,977.0,5.17045
30.0,940.0,6.13636
30.1667,889.0,6.13636
30.3333,881.0,5.79545
30.5,898.0,5.73864
30.6667,911.0,5.73864
30.75,916.0,6.53409
30.9167,918.0,6.53409
31.0,906.0,5.96591
31.1667,906.0,5.96591
31.25,893.0,5.51136
31.4167,881.0,5.51136
31.5833,835.0,5.51136
31.75,818.0,5.68182
31.8333,819.0,5.68182
31.9167,821.0,2.72727
32.0833,995.0,2.84091
32.1667,1125.0,6.02273
32.25,1099.0,5.79545
32.25,1031.0,5.79545
32.3333,969.0,5.79545
32.4167,969.0,1.13636
32.5833,970.0,2.95454
32.6667,961.0,5.73864
32.8333,939.0,2.84091
32.9167,916.0,6.19318
33.0833,972.0,4.94318
33.25,993.0,3.125
33.25,928.0,5.79545
33.4167,930.0,5.79545
33.5833,983.0,5.90909
33.6667,1035.0,6.53409
33.6667,1055.0,6.53409
33.75,1020.0,6.53409
33.9167,928.0,6.53409
34.0833,909.0,6.53409
34.25,941.0,6.30682
34.4167,1019.0,6.30682
34.5,1096.0,5.96591
34.5833,1076.0,7.04545
34.6667,1044.0,7.04545
34.8333,1037.0,5.96591
34.8333,1031.0,5.11364
34.8333,1051.0,5.11364
34.8333,1077.0,5.11364
35.0,1074.0,5.11364
35.1667,1044.0,5.11364
35.3333,961.0,5.73864
35.5,959.0,5.73864
35.5833,1009.0,5.45454
35.75,1099.0,5.45454
35.8333,1163.0,5.45454
36.0,1163.0,5.45454
36.0833,1085.0,5.68182
36.1667,992.0,5.68182
36.25,916.0,1.76136
36.4167,860.0,3.18182
36.5833,831.0,6.02273
36.75,866.0,6.02273
36.9167,929.0,6.02273
37.0,1001.0,6.07954
37.0833,1145.0,5.73864
37.25,1182.0,5.73864
37.3333,1153.0,6.64773
37.3333,1101.0,6.64773
37.3333,1039.0,6.64773
37.4167,966.0,6.64773
37.5833,948.0,6.30682
37.75,969.0,5.96591
37.9167,1004.0,5.96591
38.0,1026.0,5.22727
38.0833,1026.0,5.22727
38.25,1003.0,5.22727
38.4167,984.0,5.56818
38.5,1009.0,5.68182
38.5,1052.0,5.68182
38.5,1071.0,5.68182
38.5,1069.0,5.68182
38.5833,1055.0,0.681818
38.75,1028.0,2.67045
38.9167,1023.0,5.22727
39.0833,1038.0,5.34091
39.25,1069.0,5.34091
39.4167,1188.0,5.68182
39.4167,1248.0,6.36363
39.5,1249.0,6.36363
39.6667,1157.0,5.73864
39.6667,1084.0,5.45454
39.75,1074.0,5.45454
39.8333,1162.0,1.42045
40.0,1227.0,2.78409
40.1667,1173.0,5.45454
40.3333,920.0,5.45454
40.4167,911.0,5.56818
40.5833,911.0,5.56818
40.6667,1030.0,5.0
40.6667,1162.0,2.84091
40.6667,1201.0,2.84091
40.6667,1169.0,2.84091
40.6667,1132.0,2.84091
40.8333,1132.0,2.84091
41.0,1099.0,5.39773
41.1667,1164.0,5.34091
41.1667,1223.0,4.82954
41.25,1267.0,4.82954
41.3333,1285.0,1.70455
41.5833,1255.0,2.84091
41.75,1176.0,5.79545
41.9167,1090.0,5.73864
41.9167,1025.0,5.39773
41.9167,994.0,5.39773
42.0833,1060.0,5.39773
42.25,1143.0,5.68182
42.4167,1178.0,5.73864
42.5833,1173.0,5.79545
42.6667,1068.0,5.79545
42.6667,1013.0,2.78409
42.8333,1006.0,2.78409
42.9167,1076.0,5.22727
43.0833,1019.0,5.22727
43.1667,899.0,5.39773
43.25,863.0,5.39773
43.4167,904.0,5.39773
43.5833,1013.0,5.39773
43.75,1167.0,6.42045
43.9167,1216.0,5.85227
44.0833,1202.0,5.68182
44.25,1179.0,5.68182
44.4167,1156.0,5.17045
44.5833,1136.0,6.02273
44.6667,1147.0,6.30682
44.75,1174.0,5.79545
44.75,1161.0,5.79545
44.8333,1094.0,1.36364
45.0,990.0,3.23864
45.1667,980.0,4.71591
45.3333,1048.0,4.88636
45.5,1048.0,5.39773
45.6667,1159.0,5.39773
45.6667,1193.0,5.39773
45.8333,1215.0,5.39773
45.9167,1230.0,5.56818
46.0,1185.0,5.51136
46.0,1163.0,5.51136
46.0833,1234.0,1.42045
46.25,1285.0,2.78409
46.4167,1249.0,5.11364
46.5833,1158.0,5.56818
46.75,1179.0,5.68182
46.9167,1269.0,5.79545
47.0,1335.0,5.45454
47.0833,1219.0,5.45454
47.25,1116.0,5.45454
47.3333,1064.0,6.25
47.5,1042.0,6.07954
47.5833,1049.0,5.51136
47.6667,1052.0,2.84091
47.8333,1076.0,2.84091
48.0,1122.0,5.56818
48.0833,1210.0,5.34091
48.25,1069.0,5.34091
48.25,993.0,5.17045
48.3333,1092.0,1.93182
48.4167,1242.0,1.93182
48.4167,1247.0,1.81818
48.5833,1040.0,1.81818
48.75,861.0,5.68182
48.9167,839.0,6.02273
49.0833,1010.0,6.02273
49.25,1236.0,6.02273
49.4167,1237.0,5.625
49.5833,1038.0,5.625
49.5833,936.0,5.39773
49.8333,1051.0,5.39773
49.8333,1138.0,5.51136
50.0,1192.0,5.51136
50.1667,1186.0,5.51136
50.3333,1080.0,5.51136
50.5,1102.0,5.51136
50.5833,1187.0,5.90909
50.75,1187.0,6.875
50.8333,1246.0,6.875
51.0,1261.0,6.64773
51.1667,1237.0,6.64773
51.3333,1227.0,5.90909
51.4167,1227.0,5.45454
51.4167,1228.0,5.45454
51.4167,1248.0,5.45454
51.5,1246.0,5.45454
51.5,1234.0,0.795454
51.6667,1234.0,1.93182
51.8333,1269.0,5.11364
51.9167,1370.0,5.22727
52.0,1405.0,2.72727
52.1667,1368.0,2.95454
52.3333,1265.0,4.60227
52.3333,1185.0,6.59091
52.4167,1268.0,6.59091
52.5,1345.0,1.30682
52.5833,1343.0,2.72727
52.6667,1171.0,3.06818
52.8333,1121.0,3.06818
53.0,1174.0,5.11364
53.1667,1224.0,5.90909
53.3333,1231.0,5.90909
53.5,1200.0,5.625
53.6667,1155.0,6.13636
53.6667,1099.0,4.82954
53.6667,1049.0,4.82954
53.6667,997.0,4.82954
53.75,996.0,0.909091
53.8333,994.0,0.909091
53.9167,1001.0,1.875
54.0833,1026.0,5.05682
54.25,1071.0,5.51136
54.4167,1073.0,5.51136
54.4167,1073.0,4.65909
54.5833,1169.0,4.65909
54.75,1458.0,5.28409
54.9167,1459.0,5.28409
54.9167,1275.0,5.28409
54.9167,1063.0,5.28409
55.0,1063.0,1.07955
55.1667,970.0,2.78409
55.3333,1085.0,5.79545
55.5,1200.0,5.79545
55.5833,1252.0,5.96591
55.6667,1242.0,5.96591
55.75,1204.0,1.81818
55.9167,1183.0,5.22727
56.0,1176.0,5.22727
56.0833,1188.0,5.22727
56.1667,1173.0,5.39773
56.25,1116.0,5.39773
56.4167,1077.0,5.39773
56.5833,1069.0,5.51136
56.6667,1149.0,5.45454
56.8333,1221.0,6.47727
57.0,1216.0,6.47727
57.1667,1186.0,6.13636
57.25,1182.0,5.56818
57.4167,1196.0,5.56818
57.5833,1223.0,5.56818
57.75,1228.0,5.56818
57.8333,1203.0,5.51136
58.0,1097.0,5.51136
58.0833,1041.0,4.94318
58.25,1039.0,5.34091
58.4167,1058.0,5.34091
58.5833,1078.0,5.79545
58.75,1075.0,5.79545
58.9167,1070.0,5.79545
59.0,1075.0,5.17045
59.0,1103.0,5.17045
59.0,1185.0,5.17045
59.0,1193.0,5.17045
59.1667,1206.0,5.17045
59.3333,1158.0,5.17045
59.5,1042.0,5.28409
59.5833,1022.0,5.05682
59.6667,1070.0,5.51136
59.75,1141.0,5.51136
59.8333,1204.0,1.47727
60.0,1240.0,4.71591
60.0,1195.0,5.11364
60.0833,1195.0,5.11364
60.1667,1133.0,5.73864
60.25,1083.0,5.73864
60.3333,1046.0,6.07954
60.5,1038.0,6.07954
60.6667,1037.0,5.39773
60.6667,1037.0,5.17045
60.8333,1031.0,5.17045
60.9167,1053.0,5.45454
61.0,1099.0,2.55682
61.0833,1228.0,2.55682
61.25,1268.0,5.625
61.25,1131.0,5.68182
61.3333,1066.0,5.68182
61.4167,1099.0,1.47727
61.5,1214.0,2.78409
61.6667,1315.0,5.68182
61.8333,1203.0,5.68182
62.0,1056.0,5.68182
62.1667,1055.0,5.22727
62.3333,990.0,5.22727
62.4167,1101.0,6.19318
62.5,1180.0,6.19318
62.5,1170.0,1.875
62.5833,1069.0,1.875
62.6667,890.0,1.36364
62.8333,954.0,5.85227
63.0,1012.0,5.85227
63.1667,976.0,5.85227
63.3333,893.0,5.85227
63.5,857.0,5.85227
63.6667,885.0,5.85227
63.75,930.0,5.05682
63.8333,928.0,5.05682
64.0,675.0,5.05682
64.0833,545.0,5.34091
64.25,545.0,5.34091
64.4167,650.0,5.34091
64.5833,798.0,5.34091
64.75,690.0,5.56818
64.9167,528.0,5.625
65.0833,470.0,5.22727
65.25,617.0,5.22727
65.4167,617.0,5.22727
65.5,1007.0,5.28409
65.5,1119.0,2.95454
65.5,1137.0,2.95454
65.5833,1116.0,1.36364
65.75,1086.0,2.55682
65.9167,1086.0,4.77273
66.0833,1140.0,5.39773
66.25,1201.0,5.39773
66.4167,1215.0,5.39773
66.5,1337.0,5.56818
66.6667,1443.0,5.56818
66.8333,1467.0,5.56818
66.8333,1446.0,5.34091
66.8333,1347.0,5.34091
66.9167,1257.0,1.36364
67.0833,1192.0,2.67045
67.25,1196.0,5.17045
67.4167,1227.0,5.34091
67.5833,1269.0,5.56818
67.75,1284.0,5.56818
67.9167,1261.0,5.56818
68.0,1229.0,5.79545
68.0833,1231.0,2.5
68.1667,1246.0,2.95454
68.25,1274.0,2.84091
68.25,1382.0,2.55682
68.3333,1408.0,1.93182
68.5,1333.0,1.93182
68.6667,1250.0,4.88636
68.8333,1204.0,5.28409
68.8333,1218.0,6.81818
69.0,1243.0,6.81818
69.0833,1269.0,5.79545
69.25,1289.0,5.79545
69.3333,1312.0,5.51136
69.5,1161.0,5.51136
69.5,1006.0,5.51136
69.5833,956.0,5.51136
69.6667,1047.0,5.51136
69.8333,1232.0,6.30682
70.0,1260.0,6.30682
70.25,1260.0,6.30682
70.3333,1237.0,5.56818
70.5,1245.0,5.56818
70.6667,1277.0,5.68182
70.6667,1256.0,5.85227
70.8333,1257.0,5.85227
71.0,1192.0,5.79545
71.0,1053.0,5.51136
71.0833,983.0,1.81818
71.25,1084.0,2.95454
71.4167,1225.0,2.95454
71.5,1341.0,7.21591
71.5833,1253.0,7.21591
71.75,988.0,7.21591
71.8333,920.0,5.56818
72.0,981.0,5.56818
72.1667,1138.0,5.56818
72.1667,1268.0,5.0
72.1667,1156.0,5.0
72.25,1157.0,1.13636
72.3333,937.0,1.13636
72.4167,807.0,2.72727
72.5833,869.0,2.78409
72.75,934.0,5.05682
72.9167,979.0,5.05682
73.0833,1069.0,5.05682
73.25,1290.0,5.11364
73.4167,1320.0,5.11364
73.5,1265.0,6.53409
73.5833,1181.0,6.53409
73.6667,1113.0,1.70455
73.8333,1139.0,5.56818
74.0,1193.0,5.56818
74.0,1192.0,6.07954
74.25,1329.0,6.02273
74.3333,1226.0,5.79545
74.5,1127.0,5.79545
74.5833,1127.0,5.22727
74.75,1247.0,5.22727
74.75,1486.0,5.11364
74.75,1465.0,5.11364
74.75,1335.0,5.11364
74.9167,1174.0,5.11364
75.0833,1174.0,5.68182
75.25,1084.0,5.45454
75.4167,1178.0,5.73864
75.5,1246.0,5.625
75.6667,1251.0,5.625
75.8333,1231.0,4.60227
76.0,1182.0,4.60227
76.0833,1217.0,5.39773
76.25,1278.0,5.39773
76.4167,1320.0,5.39773
76.5833,1219.0,5.39773
76.75,1124.0,5.39773
76.9167,1101.0,5.79545
77.0833,1153.0,5.79545
77.25,1221.0,5.68182
77.4167,1183.0,5.51136
77.5833,1142.0,5.51136
77.6667,1150.0,5.625
77.8333,1179.0,7.27273
78.0,1175.0,7.27273
78.0,1174.0,5.51136
78.0,1188.0,5.51136
78.0833,1203.0,1.07955
78.25,1223.0,2.84091
78.4167,1225.0,4.82954
78.5833,1217.0,5.51136
78.6667,1213.0,4.60227
78.8333,1219.0,4.82954
78.9167,1225.0,6.19318
79.0833,1248.0,6.19318
79.25,1303.0,5.28409
79.4167,1364.0,5.28409
79.5,1297.0,5.11364
79.5833,1140.0,5.11364
79.6667,1088.0,1.81818
79.75,1133.0,2.89773
79.8333,1219.0,2.61364
80.0,1208.0,5.34091
80.1667,1206.0,5.34091
80.3333,1245.0,5.34091
80.4167,1285.0,5.51136
80.5833,1239.0,5.51136
80.6667,1166.0,5.56818
80.8333,1166.0,5.39773
80.8333,1128.0,5.34091
80.9167,1136.0,5.34091
81.0,1134.0,1.76136
81.1667,1129.0,4.31818
81.3333,1079.0,4.31818
81.5,1015.0,5.79545
81.6667,1042.0,5.0
81.75,1140.0,6.59091
81.8333,1214.0,6.59091
81.9167,1254.0,2.32954
82.0833,1252.0,5.22727
82.1667,1235.0,4.77273
82.1667,1278.0,4.77273
82.25,1343.0,1.36364
82.4167,1360.0,2.67045
82.5,1235.0,5.39773
82.6667,1141.0,6.47727
82.8333,1140.0,4.94318
82.9167,1222.0,4.82954
83.0,1273.0,5.90909
83.1667,1258.0,5.90909
83.25,1252.0,5.11364
83.3333,1277.0,2.5
83.4167,1302.0,5.34091
83.4167,1255.0,5.34091
83.5833,1239.0,5.34091
83.75,1251.0,5.56818
83.9167,1249.0,5.51136
84.0833,1238.0,5.51136
84.1667,1225.0,5.45454
84.3333,1204.0,5.45454
84.4167,1205.0,5.22727
84.5833,1163.0,5.22727
84.5833,1059.0,5.51136
84.5833,1057.0,5.51136
84.5833,1089.0,5.51136
84.6667,1148.0,5.51136
84.75,1184.0,0.681818
84.8333,1131.0,2.95454
85.0,1119.0,4.26136
85.1667,1172.0,4.94318
85.3333,1172.0,4.94318
85.5,1231.0,5.0
85.6667,1194.0,5.0
85.75,1122.0,5.17045
85.8333,1059.0,2.38636
85.9167,1058.0,2.84091
85.9167,1171.0,5.17045
86.0,1185.0,5.17045
86.1667,1100.0,5.17045
86.3333,952.0,5.17045
86.5,812.0,5.0
86.5833,890.0,5.79545
86.75,1012.0,5.79545
86.9167,1072.0,5.85227
87.0,1047.0,5.85227
87.0833,898.0,5.625
87.0833,965.0,5.625
87.1667,1067.0,1.25
87.1667,1254.0,1.25
87.25,1137.0,1.25
87.4167,996.0,5.0
87.5833,998.0,5.0
87.75,1108.0,5.17045
87.9167,1310.0,5.28409
88.0833,1459.0,5.28409
88.0833,1382.0,4.94318
88.1667,1307.0,4.94318
88.25,1283.0,4.82954
88.25,1320.0,4.82954
88.25,1325.0,4.82954
88.25,1325.0,4.82954
88.4167,1288.0,4.82954
88.5,1235.0,6.02273
88.6667,1263.0,6.02273
88.8333,1337.0,5.625
89.0,1338.0,5.45454
89.0,1215.0,5.34091
89.0833,1022.0,2.61364
89.1667,1028.0,2.61364
89.25,1168.0,4.82954
89.25,1330.0,4.82954
89.25,1289.0,4.82954
89.25,1180.0,4.82954
89.3333,1180.0,4.82954
89.4167,1155.0,0.625
89.5833,1204.0,4.71591
89.6667,1228.0,5.45454
89.8333,1232.0,5.05682
89.9167,1208.0,4.31818
90.0833,1193.0,4.31818
90.1667,1188.0,5.22727
90.3333,1142.0,5.22727
90.3333,1085.0,5.17045
90.4167,1108.0,5.17045
90.5,1169.0,4.71591
90.5833,1201.0,4.71591
90.6667,1199.0,2.61364
90.75,1267.0,2.44318
90.9167,1356.0,2.5
91.0,1403.0,5.17045
91.1667,1252.0,5.22727
91.3333,1248.0,5.22727
91.5,1089.0,4.71591
91.5833,1060.0,4.54545
91.75,1131.0,4.71591
91.9167,1180.0,4.71591
92.0833,1168.0,4.71591
92.0833,1116.0,4.71591
92.1667,1056.0,4.71591
92.3333,1129.0,4.94318
92.5,1219.0,4.94318
92.5833,1295.0,5.22727
92.75,1313.0,4.82954
92.8333,1273.0,5.34091
93.0,1267.0,5.34091
93.0,1265.0,5.45454
93.1667,1246.0,5.45454
93.3333,1237.0,5.17045
93.5,1235.0,5.11364
93.5,1254.0,5.11364
93.5,1278.0,5.11364
93.6667,1318.0,5.11364
93.75,1381.0,5.56818
93.8333,1370.0,2.55682
94.0,1354.0,3.97727
94.1667,1344.0,3.97727
94.3333,1344.0,4.60227
94.4167,1335.0,5.22727
94.5833,1367.0,5.0
94.75,1416.0,5.0
94.8333,1415.0,5.05682
94.9167,1397.0,4.48864
94.9167,1379.0,4.48864
95.0,1397.0,4.48864
95.0833,1432.0,5.11364
95.25,1476.0,5.11364
95.4167,1461.0,5.11364
95.5,1430.0,5.39773
95.5833,1422.0,5.39773
95.75,1447.0,5.39773
95.9167,1525.0,5.39773
96.0,1587.0,5.45454
96.1667,1591.0,5.45454
96.3333,1574.0,5.0
96.4167,1560.0,4.60227
96.4167,1505.0,4.60227
96.5,1515.0,4.60227
96.6667,1559.0,4.60227
96.75,1644.0,5.11364
96.8333,1608.0,2.44318
97.0,1509.0,4.88636
97.0,1409.0,4.82954
97.1667,1361.0,4.82954
97.1667,1418.0,5.73864
97.3333,1426.0,5.73864
97.4167,1361.0,4.71591
97.5,1306.0,2.32954
97.5,1293.0,2.32954
97.5,1401.0,2.32954
97.6667,1490.0,2.32954
97.6667,1527.0,4.94318
97.8333,1537.0,4.94318
98.0,1478.0,4.94318
98.0833,1437.0,4.65909
98.25,1426.0,4.65909
98.4167,1441.0,5.05682
98.5,1498.0,4.43182
98.5,1531.0,4.43182
98.6667,1531.0,4.43182
98.75,1470.0,5.05682
98.75,1398.0,5.05682
98.75,1401.0,5.05682
98.9167,1436.0,5.05682
99.0,1465.0,4.54545
99.1667,1423.0,4.54545
99.3333,1265.0,4.54545
99.3333,1180.0,7.15909
99.4167,1269.0,2.04545
99.5833,1381.0,2.44318
99.5833,1466.0,5.45454
99.75,1425.0,5.45454
99.8333,1179.0,4.03409
100.0,1075.0,4.03409
100.083,1092.0,4.77273
100.167,1203.0,4.20454
100.25,1462.0,4.20454
100.333,1503.0,1.47727
100.5,1310.0,4.60227
100.583,1129.0,6.07954
100.75,994.0,6.07954
100.833,950.0,3.92045
101.0,1036.0,4.43182
101.083,1085.0,4.09091
101.083,1109.0,4.09091
101.167,1150.0,4.09091
101.25,1092.0,4.88636
101.417,1019.0,4.88636
101.5,998.0,4.48864
101.583,1115.0,4.20454
101.583,1316.0,4.20454
101.75,1317.0,4.20454
101.833,1323.0,4.09091
102.0,1225.0,4.09091
102.083,1101.0,5.90909
102.167,1191.0,4.375
102.25,1323.0,4.375
102.333,1465.0,4.03409
102.417,1591.0,4.03409
102.5,1530.0,2.15909
102.583,1475.0,1.98864
102.583,1487.0,4.375
102.583,1487.0,4.375
102.583,1535.0,4.375
102.583,1526.0,4.375
102.583,1530.0,4.375
102.75,1528.0,4.375
102.833,1472.0,4.71591
102.917,1338.0,4.71591
103.0,1431.0,2.15909
103.167,1599.0,3.35227
103.25,1687.0,4.48864
103.25,1594.0,3.97727
103.417,1508.0,3.97727
103.5,1524.0,3.23864
103.583,1593.0,4.54545
103.583,1698.0,4.54545
103.75,1661.0,4.54545
103.833,1606.0,4.88636
103.833,1531.0,3.97727
103.917,1532.0,3.97727
104.0,1558.0,5.05682
104.083,1576.0,5.05682
104.167,1556.0,4.14773
104.333,1487.0,3.75
104.417,1423.0,5.28409
104.5,1513.0,5.28409
104.583,1602.0,1.93182
104.583,1660.0,4.43182
104.667,1635.0,1.98864
104.667,1516.0,1.98864
104.75,1531.0,1.36364
104.75,1533.0,1.36364
104.833,1509.0,1.25
104.917,1474.0,3.80682
104.917,1486.0,3.80682
104.917,1596.0,3.80682
105.0,1636.0,0.965909
105.083,1533.0,0.965909
105.167,1455.0,3.46591
105.333,1535.0,3.46591
105.417,1611.0,4.54545
105.5,1591.0,3.86364
105.583,1301.0,3.86364
105.667,1140.0,4.48864
105.833,1140.0,3.92045
105.833,1129.0,3.40909
105.917,1149.0,2.10227
106.083,1189.0,3.46591
106.083,1272.0,3.86364
106.083,1359.0,3.86364
106.083,1488.0,3.86364
106.167,1581.0,3.86364
106.333,1501.0,3.86364
106.417,1386.0,3.97727
106.5,1290.0,3.63636
106.583,1248.0,3.69318
106.75,1207.0,3.92045
106.833,1168.0,3.52273
106.833,1193.0,3.52273
106.917,1276.0,1.81818
107.0,1381.0,2.10227
107.0,1437.0,2.10227
107.167,1442.0,2.10227
107.167,1455.0,5.56818
107.167,1440.0,5.56818
107.333,1301.0,5.56818
107.333,1223.0,3.69318
107.417,1200.0,3.69318
107.5,1215.0,4.60227
107.667,1213.0,4.60227
107.75,1167.0,4.88636
107.833,1179.0,3.125
108.0,1223.0,3.125
108.083,1259.0,3.23864
108.167,1280.0,3.80682
108.25,1278.0,3.35227
108.417,1292.0,3.35227
108.5,1338.0,3.125
108.583,1462.0,3.92045
108.667,1498.0,3.92045
108.667,1444.0,1.76136
108.75,1383.0,1.76136
108.833,1387.0,3.63636
108.917,1487.0,3.23864
109.0,1583.0,3.23864
109.083,1643.0,1.76136
109.167,1643.0,3.63636
109.333,1656.0,3.63636
109.417,1575.0,3.86364
109.5,1499.0,3.125
109.583,1500.0,3.40909
109.75,1469.0,3.40909
109.833,1507.0,3.52273
109.917,1548.0,3.52273
110.0,1565.0,3.57954
110.083,1568.0,3.29545
110.167,1565.0,3.29545
110.25,1573.0,1.70455
110.333,1567.0,3.80682
110.417,1524.0,3.35227
110.5,1449.0,3.46591
110.5,1494.0,3.46591
110.5,1562.0,3.46591
110.583,1571.0,0.852273
110.667,1572.0,3.46591
110.833,1468.0,3.46591
110.917,1345.0,3.40909
111.0,1344.0,3.06818
111.083,1383.0,3.29545
111.25,1451.0,3.29545
111.25,1577.0,3.46591
111.417,1625.0,3.46591
111.5,1643.0,4.26136
111.5,1637.0,2.67045
111.5,1568.0,2.67045
111.667,1485.0,2.67045
111.667,1476.0,3.06818
111.667,1487.0,3.06818
111.75,1476.0,3.06818
111.75,1393.0,1.07955
111.75,1397.0,1.07955
111.833,1449.0,1.07955
111.917,1529.0,0.852273
112.0,1548.0,4.03409
112.083,1437.0,3.01136
112.167,1359.0,2.72727
112.25,1346.0,3.80682
112.417,1376.0,3.80682
112.5,1425.0,3.92045
112.583,1425.0,3.46591
112.667,1426.0,2.5
112.75,1407.0,3.01136
112.833,1374.0,3.52273
112.917,1366.0,2.67045
113.083,1395.0,2.67045
113.167,1450.0,3.06818
113.167,1580.0,3.01136
113.167,1605.0,3.01136
113.167,1542.0,3.01136
113.167,1478.0,3.01136
113.25,1441.0,0.625
113.333,1410.0,3.23864
113.417,1344.0,2.84091
113.5,1349.0,2.89773
113.583,1420.0,3.18182
113.75,1521.0,3.18182
113.833,1567.0,3.23864
113.917,1481.0,2.89773
114.0,1419.0,3.46591
114.083,1411.0,3.46591
114.167,1417.0,2.61364
114.25,1390.0,3.92045
114.25,1357.0,3.92045
114.333,1311.0,1.47727
114.417,1305.0,3.46591
114.5,1395.0,3.01136
114.583,1458.0,3.01136
114.667,1523.0,1.53409
114.667,1569.0,2.95454
114.75,1579.0,2.55682
114.75,1578.0,2.55682
114.833,1557.0,2.55682
114.917,1534.0,1.02273
115.0,1522.0,3.18182
115.083,1548.0,2.61364
115.167,1568.0,3.06818
115.25,1565.0,3.06818
115.333,1552.0,3.06818
115.417,1533.0,3.57954
115.5,1528.0,2.95454
115.583,1550.0,2.44318
115.667,1590.0,3.57954
115.667,1590.0,3.57954
115.75,1605.0,1.42045
115.833,1553.0,1.42045
115.917,1553.0,3.46591
116.0,1518.0,2.61364
116.0,1508.0,2.61364
116.083,1442.0,2.61364
116.167,1339.0,1.30682
116.167,1261.0,2.55682
116.333,1277.0,2.55682
116.333,1557.0,3.06818
116.333,1825.0,3.06818
116.417,1908.0,1.30682
116.417,1854.0,1.30682
116.417,1648.0,1.30682
116.5,1469.0,0.852273
116.583,1365.0,2.72727
116.667,1366.0,2.72727
116.75,1310.0,2.67045
116.833,1340.0,2.5
116.917,1465.0,2.38636
116.917,1555.0,2.67045
117.0,1557.0,2.5
117.083,1482.0,2.27273
117.167,1462.0,2.89773
117.167,1464.0,2.89773
117.25,1453.0,1.30682
117.25,1430.0,1.30682
117.25,1374.0,1.30682
117.25,1364.0,1.30682
117.333,1362.0,0.738636
117.417,1362.0,2.72727
117.5,1371.0,2.72727
117.5,1415.0,2.32954
117.583,1430.0,2.32954
117.583,1408.0,1.19318
117.667,1362.0,2.44318
117.75,1433.0,2.72727
117.833,1541.0,2.72727
117.917,1596.0,2.10227
117.917,1594.0,2.04545
118.0,1569.0,2.04545
118.0,1569.0,1.42045
118.083,1553.0,1.98864
118.167,1552.0,1.98864
118.167,1571.0,2.44318
118.25,1583.0,2.44318
118.25,1598.0,1.30682
118.25,1596.0,1.30682
118.333,1590.0,1.13636
118.417,1588.0,1.13636
118.417,1627.0,2.21591
118.417,1744.0,2.21591
118.5,1831.0,1.07955
118.5,1809.0,1.07955
118.583,1674.0,1.19318
118.667,1743.0,1.19318
118.667,1807.0,1.875
118.75,1739.0,2.44318
118.833,1627.0,2.15909
118.833,1664.0,2.15909
118.833,1711.0,2.15909
118.833,1738.0,2.15909
118.917,1754.0,0.738636
119.0,1777.0,0.738636
119.0,1789.0,2.27273
119.083,1812.0,1.81818
119.167,1797.0,2.78409
119.25,1670.0,2.10227
119.333,1630.0,2.10227
119.417,1651.0,1.98864
119.417,1639.0,2.55682
119.5,1601.0,2.38636
119.583,1572.0,2.15909
119.583,1595.0,2.15909
119.667,1603.0,1.76136
119.75,1612.0,2.15909
119.833,1634.0,2.15909
119.833,1655.0,2.55682
119.833,1722.0,2.55682
119.833,1812.0,2.55682
119.917,1895.0,2.55682
119.917,1926.0,0.681818
120.0,1932.0,1.64773
120.083,1894.0,1.64773
120.083,1894.0,2.5
120.167,1817.0,1.70455
120.25,1803.0,1.70455
120.25,1807.0,2.04545
120.333,1838.0,1.98864
120.333,1827.0,1.98864
120.333,1873.0,1.98864
120.333,1884.0,1.98864
120.417,1839.0,0.625
120.417,1784.0,0.625
120.5,1711.0,1.81818
120.5,1649.0,1.81818
120.5,1650.0,1.81818
120.583,1649.0,0.909091
120.583,1678.0,0.909091
120.583,1774.0,0.909091
120.667,1811.0,0.909091
120.667,1811.0,0.795454
120.75,1758.0,1.93182
120.833,1714.0,1.93182
120.833,1730.0,1.93182
120.917,1745.0,1.93182
121.0,1757.0,1.93182
121.0,1781.0,1.70455
121.083,1768.0,1.64773
121.083,1729.0,1.64773
121.167,1733.0,1.64773
121.167,1770.0,1.19318
121.167,1753.0,1.19318
121.25,1710.0,1.19318
121.25,1723.0,0.909091
121.25,1723.0,0.909091
121.25,1741.0,0.909091
121.333,1730.0,0.909091
121.333,1718.0,0.738636
121.417,1673.0,1.93182
121.417,1626.0,1.93182
121.417,1679.0,1.93182
121.417,1760.0,1.93182
121.417,1807.0,1.93182
121.5,1809.0,1.93182
121.5,1806.0,0.511364
121.583,1861.0,0.511364
121.583,1861.0,1.36364
121.583,1892.0,1.36364
121.583,1962.0,1.36364
121.667,1958.0,1.36364
121.667,1881.0,0.795454
121.667,1781.0,0.795454
121.667,1705.0,0.795454
121.75,1694.0,0.738636
121.75,1769.0,0.738636
121.833,1825.0,1.42045
121.833,1837.0,1.42045
121.833,1817.0,1.42045
121.833,1770.0,1.42045
121.917,1761.0,1.42045
121.917,1816.0,0.681818
122.0,1822.0,1.64773
122.0,1751.0,1.64773
122.083,1752.0,1.47727
122.083,1760.0,1.47727
122.167,1743.0,1.47727
122.167,1743.0,1.13636
122.167,1786.0,1.13636
122.167,1789.0,1.13636
122.25,1735.0,1.13636
122.25,1717.0,0.681818
122.25,1783.0,0.681818
122.333,1832.0,0.681818
122.333,1810.0,0.965909
122.417,1832.0,1.81818
122.417,1862.0,1.81818
122.417,1888.0,1.81818
122.417,1893.0,1.81818
122.417,1899.0,1.81818
122.5,1906.0,0.625
122.5,1908.0,0.625
122.583,1896.0,0.625
122.583,1890.0,1.02273
122.583,1899.0,1.02273
122.583,1909.0,1.02273
122.583,1893.0,1.02273
122.583,1878.0,1.02273
122.667,1885.0,0.511364
122.667,1885.0,0.511364
122.667,1900.0,0.511364
122.667,1905.0,0.511364
122.667,1901.0,0.511364
122.667,1902.0,0.511364
122.667,1911.0,0.511364
122.667,1903.0,0.511364
122.667,1892.0,0.511364
122.667,1907.0,0.511364
122.667,1924.0,0.511364
122.667,1933.0,0.511364
122.667,1902.0,0.511364
122.667,1884.0,0.511364
122.667,1880.0,0.511364
122.667,1871.0,0.511364
122.667,1854.0,0.511364
122.667,1830.0,0.511364
122.667,1828.0,0.511364
122.667,1839.0,0.511364
122.667,1864.0,0.511364
122.75,1870.0,0.113636
122.75,1803.0,0.113636
122.75,1773.0,0.113636
122.75,1790.0,0.113636
122.833,1803.0,0.738636
122.833,1774.0,0.738636
122.833,1772.0,0.738636
122.833,1808.0,0.738636
122.833,1822.0,0.738636
122.833,1776.0,0.738636
122.833,1788.0,0.738636
122.833,1789.0,0.738636
122.917,1823.0,0.340909
122.917,1775.0,0.340909
122.917,1756.0,0.340909
122.917,1818.0,0.340909
122.917,1904.0,0.340909
123.0,1958.0,0.568182
123.0,1924.0,0.568182
123.0,1913.0,0.568182
123.0,1936.0,0.568182
123.0,1955.0,0.568182
123.083,1916.0,0.568182
123.083,1916.0,0.511364
123.083,1917.0,0.511364
123.083,1945.0,0.511364
123.083,1944.0,0.511364
123.083,1926.0,0.511364
123.083,1896.0,0.511364
123.167,1907.0,0.511364
123.167,1926.0,0.397727
123.167,1936.0,0.397727
123.167,1938.0,0.397727
123.167,1933.0,0.397727
123.167,1920.0,0.397727
123.167,1903.0,0.397727
123.167,1882.0,0.397727
123.167,1857.0,0.397727
123.167,1808.0,0.397727
123.167,1800.0,0.397727
123.167,1832.0,0.397727
123.167,1911.0,0.397727
123.167,1939.0,0.397727
123.167,1910.0,0.397727
123.167,1821.0,0.397727
123.167,1724.0,0.397727
123.167,1721.0,0.397727
123.167,1717.0,0.397727
123.167,1743.0,0.397727
123.167,1820.0,0.397727
123.167,1822.0,0.397727
123.167,1821.0,0.397727
123.167,1825.0,0.397727
123.167,1824.0,0.397727
123.167,1818.0,0.397727
123.167,1817.0,0.397727
123.167,1816.0,0.397727
123.167,1815.0,0.397727
123.167,1807.0,0.397727
123.167,1784.0,0.397727
123.167,1755.0,0.397727
123.167,1723.0,0.397727
123.167,1701.0,0.397727
123.167,1719.0,0.397727
123.167,1701.0,0.397727
123.167,1673.0,0.397727
123.167,1673.0,0.397727
123.167,1634.0,0.397727
123.167,1611.0,0.397727
123.167,1661.0,0.397727
123.167,1719.0,0.397727
123.167,1749.0,0.397727
123.167,1681.0,0.397727
123.167,1627.0,0.397727
123.167,1598.0,0.397727
123.167,1597.0,0.397727
123.167,1665.0,0.397727
123.167,1718.0,0.397727
123.167,1685.0,0.397727
123.167,1658.0,0.397727
123.167,1643.0,0.397727
123.167,1634.0,0.397727
123.167,1633.0,0.397727
123.167,1682.0,0.397727
123.167,1698.0,0.397727
123.167,1663.0,0.397727
123.167,1635.0,0.397727
123.167,1626.0,0.397727
123.167,1626.0,0.397727
123.167,1640.0,0.397727
123.167,1663.0,0.397727
123.167,1632.0,0.397727
123.167,1580.0,0.397727
123.167,1498.0,0.397727
123.167,1500.0,0.0
123.167,1519.0,0.0
123.167,1519.0,0.0
123.167,1574.0,0.0
123.167,1571.0,0.0
123.167,1491.0,0.0
123.167,1444.0,0.0
123.167,1441.0,0.0
123.167,1471.0,0.0
123.167,1487.0,0.0
123.167,1471.0,0.0
123.167,1485.0,0.0
123.167,1527.0,0.0
123.167,1532.0,0.0
123.167,1532.0,0.0
123.167,1466.0,0.0
123.167,1289.0,0.0
123.167,1288.0,0.0
123.167,1106.0,0.0
123.167,881.0,0.0
123.167,714.0,0.0
123.167,529.0,0.0
123.167,354.0,0.0
123.167,136.0,0.0
123.167,62.0,0.0
123.167,25.0,0.0
123.167,4.0,0.0
123.167,0.0,0.0
123.167,3.0,0.0
123.167,25.0,0.0
123.167,53.0,0.0
123.167,54.0,0.0
123.167,80.0,0.0
123.167,82.0,0.0
123.167,83.0,0.0
123.167,83.0,0.0
123.167,83.0,0.0
123.167,87.0,0.0
123.167,90.0,0.0
123.167,92.0,0.0
123.167,82.0,0.0
123.167,49.0,0.0
123.167,29.0,0.0
123.167,19.0,0.0
123.167,10.0,0.0
123.167,2.0,0.0
123.167,0.0,0.0
123.167,0.0,0.0
123.167,0.0,0.0
123.167,0.0,0.0
123.167,0.0,0.0
123.167,0.0,0.0
123.167,0.0,0.0
123.167,0.0,0.0
123.167,0.0,0.0
123.167,0.0,0.0
123.167,0.0,0.0
123.167,0.0,0.0
123.167,0.0,0.0
123.167,0.0,0.0
123.167,0.0,0.0
123.167,0.0,0.0
123.167,0.0,0.0
123.167,0.0,0.0
123.167,0.0,0.0
123.167,0.0,0.0
123.167,0.0,0.0
123.167,0.0,0.0
123.167,0.0,0.0
123.167,0.0,0.0
123.167,0.0,0.0
123.167,0.0,0.0
123.167,0.0,0.0
123.167,0.0,0.0
123.167,0.0,0.0
123.167,0.0,0.0
123.167,0.0,0.0
123.167,0.0,0.0
123.167,0.0,0.0
123.167,0.0,0.0
123.167,0.0,0.0
123.167,0.0,0.0
123.167,0.0,0.0
123.167,0.0,0.0
123.167,0.0,0.0
123.167,0.0,0.0
123.167,0.0,0.0
123.167,0.0,0.0
123.167,0.0,0.0
123.167,0.0,0.0
123.167,0.0,0.0
123.167,0.0,0.0
123.167,0.0,0.0
123.167,0.0,0.0
123.167,0.0,0.0
123.167,0.0,0.0
123.167,0.0,0.0
123.167,0.0,0.0
123.167,0.0,0.0
123.167,0.0,0.0
123.167,0.0,0.0
123.167,0.0,0.0
123.167,0.0,0.0
123.167,0.0,0.0
123.167,0.0,0.0
123.167,0.0,0.0
123.167,0.0,0.0
123.167,0.0,0.0
123.167,0.0,0.0
123.167,0.0,0.0
123.167,0.0,0.0
123.167,0.0,0.0
123.167,0.0,0.0
123.167,0.0,0.0
123.167,0.0,0.0
123.167,0.0,0.0
123.167,0.0,0.0
123.167,0.0,0.0
123.167,0.0,0.0
123.167,0.0,0.0
123.167,0.0,0.0
123.167,0.0,0.0
123.167,0.0,0.0
123.167,0.0,0.0
123.167,0.0,0.0
123.167,0.0,0.0
123.167,0.0,0.0
123.167,0.0,0.0
123.167,0.0,0.0
123.167,0.0,0.0
123.167,0.0,0.0
123.167,0.0,0.0
123.167,0.0,0.0
123.167,0.0,0.0
123.167,0.0,0.0
123.167,0.0,0.0
123.167,0.0,0.0
123.167,0.0,0.0
123.167,0.0,0.0
123.167,0.0,0.0
123.167,0.0,0.0
123.167,0.0,0.0
123.167,0.0,0.0
123.167,0.0,0.0
123.167,0.0,0.0
123.167,0.0,0.0
123.167,0.0,0.0
123.167,0.0,0.0
123.167,0.0,0.0
123.167,0.0,0.0
123.167,0.0,0.0
123.167,0.0,0.0
123.167,0.0,0.0
123.167,0.0,0.0
123.167,0.0,0.0
123.167,0.0,0.0
123.167,0.0,0.0
123.167,0.0,0.0
123.167,0.0,0.0
123.167,0.0,0.0
123.167,0.0,0.0
123.167,0.0,0.0
123.167,0.0,0.0
123.167,0.0,0.0
123.167,0.0,0.0
123.167,0.0,0.0
123.167,0.0,0.0
123.167,0.0,0.0
123.167,0.0,0.0
123.167,0.0,0.0
123.167,0.0,0.0
123.167,0.0,0.0
123.167,0.0,0.0
123.167,0.0,0.0
123.167,0.0,0.0
123.167,0.0,0.0
123.167,0.0,0.0
123.167,0.0,0.0
123.167,0.0,0.0
123.167,0.0,0.0
123.167,0.0,0.0
123.167,0.0,0.0
123.167,0.0,0.0
123.167,0.0,0.0
123.167,0.0,0.0
123.167,0.0,0.0
123.167,0.0,0.0
123.167,0.0,0.0
123.167,0.0,0.0
123.167,0.0,0.0
123.167,0.0,0.0
123.167,0.0,0.0
123.167,0.0,0.0
123.167,0.0,0.0
123.167,0.0,0.0
123.167,0.0,0.0
123.167,0.0,0.0
123.167,0.0,0.0
123.167,0.0,0.0
123.167,0.0,0.0
123.167,0.0,0.0
123.167,0.0,0.0
123.167,0.0,0.0
123.167,0.0,0.0
123.167,0.0,0.0
123.167,0.0,0.0
123.167,0.0,0.0
123.167,0.0,0.0
123.167,0.0,0.0
123.167,0.0,0.0
123.167,0.0,0.0
123.167,0.0,0.0
123.167,0.0,0.0
123.167,0.0,0.0
123.167,0.0,0.0
123.167,0.0,0.0
123.167,0.0,0.0
123.167,0.0,0.0
123.167,0.0,0.0
123.167,0.0,0.0
123.167,0.0,0.0
123.167,0.0,0.0
123.167,0.0,0.0
123.167,0.0,0.0
123.167,0.0,0.0
123.167,0.0,0.0
123.167,0.0,0.0
123.167,0.0,0.0
123.167,0.0,0.0
123.167,0.0,0.0
123.167,0.0,0.0
123.167,0.0,0.0
123.167,0.0,0.0
123.167,0.0,0.0
123.167,0.0,0.0
123.167,0.0,0.0
123.167,0.0,0.0
123.167,0.0,0.0
123.167,0.0,0.0
123.167,0.0,0.0
123.167,0.0,0.0
123.167,0.0,0.0
123.167,0.0,0.0
