0.0,0.0,0.0
0.0,0.0,0.0
0.0,0.0,0.0
0.0,0.0,0.0
0.0,0.0,0.0
0.0,0.0,0.0
0.0,0.0,0.0
0.0,0.0,0.0
0.0,0.0,0.0
0.0,0.0,0.0
0.0,0.0,0.0
0.0,0.0,0.0
0.0,0.0,0.0
0.0,0.0,0.0
0.0,0.0,0.0
0.0,0.0,0.0
0.0,0.0,0.0
0.0,0.0,0.0
0.0,0.0,0.0
0.0,0.0,0.0
0.0,0.0,0.0
0.0,0.0,0.0
0.0,0.0,0.0
0.0,0.0,0.0
0.0,0.0,0.0
0.0,0.0,0.0
0.0,0.0,0.0
0.0,0.0,0.0
0.0,0.0,0.0
0.0,0.0,0.0
0.0,0.0,0.0
0.0,0.0,0.0
0.0,0.0,0.0
0.0,0.0,0.0
0.0,0.0,0.0
0.0,0.0,0.0
0.0,0.0,0.0
0.0,0.0,0.0
0.0,0.0,0.0
0.0,0.0,0.0
0.0,0.0,0.0
0.0,0.0,0.0
0.0,0.0,0.0
0.0,0.0,0.0
0.0,0.0,0.0
0.0,0.0,0.0
0.0,0.0,0.0
0.0,0.0,0.0
0.0,0.0,0.0
0.0,0.0,0.0
0.0,0.0,0.0
0.0,0.0,0.0
0.0,0.0,0.0
0.0,0.0,0.0
0.0,0.0,0.0
0.0,0.0,0.0
0.0,0.0,0.0
0.0,0.0,0.0
0.0,0.0,0.0
0.0,0.0,0.0
0.0,0.0,0.0
0.0,0.0,0.0
0.0,0.0,0.0
0.0,0.0,0.0
0.0,0.0,0.0
0.0,0.0,0.0
0.0,0.0,0.0
0.0,0.0,0.0
0.0,0.0,0.0
0.0,0.0,0.0
0.0,0.0,0.0
0.0,0.0,0.0
0.0,0.0,0.0
0.0,0.0,0.0
0.0,0.0,0.0
0.0,0.0,0.0
0.0,0.0,0.0
0.0,0.0,0.0
0.0,0.0,0.0
0.0,0.0,0.0
0.0,0.0,0.0
0.0,0.0,0.0
0.0,0.0,0.0
0.0,0.0,0.0
0.0,0.0,0.0
0.0,0.0,0.0
0.0,0.0,0.0
0.0,0.0,0.0
0.0,0.0,0.0
0.0,0.0,0.0
0.0,0.0,0.0
0.0,0.0,0.0
0.0,0.0,0.0
0.0,0.0,0.0
0.0,0.0,0.0
0.0,0.0,0.0
0.0,0.0,0.0
0.0,0.0,0.0
0.0,0.0,0.0
0.0,0.0,0.0
0.0,0.0,0.0
0.0,0.0,0.0
0.0,0.0,0.0
0.0,0.0,0.0
0.0,0.0,0.0
0.0,0.0,0.0
0.0,0.0,0.0
0.0,0.0,0.0
0.0,0.0,0.0
0.0,0.0,0.0
0.0,0.0,0.0
0.0,0.0,0.0
0.0,0.0,0.0
0.0,0.0,0.0
0.0,0.0,0.0
0.0,0.0,0.0
0.0,0.0,0.0
0.0,0.0,0.0
0.0,0.0,0.0
0.0,0.0,0.0
0.0,0.0,0.0
0.0,0.0,0.0
0.0,0.0,0.0
0.0,0.0,0.0
0.0,0.0,0.0
0.0,0.0,0.0
0.0,0.0,0.0
0.0,0.0,0.0
0.0,0.0,0.0
0.0,0.0,0.0
0.0,0.0,0.0
0.0,0.0,0.0
0.0,0.0,0.0
0.0,0.0,0.0
0.0,0.0,0.0
0.0,0.0,0.0
0.0,0.0,0.0
0.0,0.0,0.0
0.0,0.0,0.0
0.0,0.0,0.0
0.0,0.0,0.0
0.0,0.0,0.0
0.0,0.0,0.0
0.0,0.0,0.0
0.0,0.0,0.0
0.0,0.0,0.0
0.0,0.0,0.0
0.0,0.0,0.0
0.0,0.0,0.0
0.0,0.0,0.0
0.0,0.0,0.0
0.0,0.0,0.0
0.0,0.0,0.0
0.0,0.0,0.0
0.0,0.0,0.0
0.0,0.0,0.0
0.0,0.0,0.0
0.0,0.0,0.0
0.0,0.0,0.0
0.0,0.0,0.0
0.0,0.0,0.0
0.0,0.0,0.0
0.0,0.0,0.0
0.0,0.0,0.0
0.0,0.0,0.0
0.0,0.0,0.0
0.0,0.0,0.0
0.0,0.0,0.0
0.0,0.0,0.0
0.0,0.0,0.0
0.0,0.0,0.0
0.0,0.0,0.0
0.0,0.0,0.0
0.0,0.0,0.0
0.0,0.0,0.0
0.0,0.0,0.0
0.0,0.0,0.0
0.0,0.0,0.0
0.0,0.0,0.0
0.0,0.0,0.0
0.0,0.0,0.0
0.0,0.0,0.0
0.0,0.0,0.0
0.0,0.0,0.0
0.0,0.0,0.0
0.0,0.0,0.0
0.0,0.0,0.0
0.0,0.0,0.0
0.0,0.0,0.0
0.0,0.0,0.0
0.0,0.0,0.0
0.0,0.0,0.0
0.0,0.0,0.0
0.0,0.0,0.0
0.0,0.0,0.0
0.0,0.0,0.0
0.0,0.0,0.0
0.0,0.0,0.0
0.0,0.0,0.0
0.0,0.0,0.0
0.0,0.0,0.0
0.0,0.0,0.0
0.0,0.0,0.0
0.0,0.0,0.0
0.0,0.0,0.0
0.0,0.0,0.0
0.0,0.0,0.0
0.0,0.0,0.0
0.0,0.0,0.0
0.0,0.0,0.0
0.0,0.0,0.0
0.0,0.0,0.0
0.0,0.0,0.0
0.0,0.0,0.0
0.0,0.0,0.0
0.0,0.0,0.0
0.0,0.0,0.0
0.0,0.0,0.0
0.0,0.0,0.0
0.0,0.0,0.0
0.0,0.0,0.0
0.0,0.0,0.0
0.0,0.0,0.0
0.0,0.0,0.0
0.0,0.0,0.0
0.0,0.0,0.0
0.0,0.0,0.0
0.0,0.0,0.0
0.0,0.0,0.0
0.0,0.0,0.0
0.0,0.0,0.0
0.0,0.0,0.0
0.0,0.0,0.0
0.0,0.0,0.0
0.0,0.0,0.0
0.0,0.0,0.0
0.0,0.0,0.0
0.0,0.0,0.0
0.0,0.0,0.0
0.0,0.0,0.0
0.0,0.0,0.0
0.0,0.0,0.0
0.0,0.0,0.0
0.0,0.0,0.0
0.0,0.0,0.0
0.0,0.0,0.0
0.0,0.0,0.0
0.0,0.0,0.0
0.0,0.0,0.0
0.0,0.0,0.0
0.0,0.0,0.0
0.0,0.0,0.0
0.0,0.0,0.0
0.0,0.0,0.0
0.0,0.0,0.0
0.0,0.0,0.0
0.0,0.0,0.0
0.0,0.0,0.0
0.0,0.0,0.0
0.0,0.0,0.0
0.0,0.0,0.0
0.0,0.0,0.0
0.0,0.0,0.0
0.0,0.0,0.0
0.0,0.0,0.0
0.0,0.0,0.0
0.0,0.0,0.0
0.0,0.0,0.0
0.0,0.0,0.0
0.0,0.0,0.0
0.0,0.0,0.0
0.0,0.0,0.0
0.0,0.0,0.0
0.0,0.0,0.0
0.0,0.0,0.0
0.0,0.0,0.0
0.0,0.0,0.0
0.0,0.0,0.0
0.0,0.0,0.0
0.0,0.0,0.0
0.0,0.0,0.0
0.0,0.0,0.0
0.0,0.0,0.0
0.0,0.0,0.0
0.0,0.0,0.0
0.0,0.0,0.0
0.0,0.0,0.0
0.0,0.0,0.0
0.0,0.0,0.0
0.0,0.0,0.0
0.0,0.0,0.0
0.0,0.0,0.0
0.0,0.0,0.0
0.0,0.0,0.0
0.0,0.0,0.0
0.0,0.0,0.0
0.0,0.0,0.0
0.0,0.0,0.0
0.0,0.0,0.0
0.0,0.0,0.0
0.0,0.0,0.0
0.0,0.0,0.0
0.0,0.0,0.0
0.0,0.0,0.0
0.0,0.0,0.0
0.0,0.0,0.0
0.0,0.0,0.0
0.0,0.0,0.0
0.0,0.0,0.0
0.0,0.0,0.0
0.0,0.0,0.0
0.0,0.0,0.0
0.0,0.0,0.0
0.0,0.0,0.0
0.0,0.0,0.0
0.0,0.0,0.0
0.0,0.0,0.0
0.0,0.0,0.0
0.0,0.0,0.0
0.0,0.0,0.0
0.0,0.0,0.0
0.0,0.0,0.0
0.0,0.0,0.0
0.0,0.0,0.0
0.0,0.0,0.0
0.0,0.0,0.0
0.0,0.0,0.0
0.0,0.0,0.0
0.0,0.0,0.0
0.0,0.0,0.0
0.0,0.0,0.0
0.0,0.0,0.0
0.0,0.0,0.0
0.0,0.0,0.0
0.0,0.0,0.0
0.0,0.0,0.0
0.0,0.0,0.0
0.0,0.0,0.0
0.0,0.0,0.0
0.0,0.0,0.0
0.0,0.0,0.0
0.0,0.0,0.0
0.0,0.0,0.0
0.0,0.0,0.0
0.0,0.0,0.0
0.0,0.0,0.0
0.0,0.0,0.0
0.0,0.0,0.0
0.0,0.0,0.0
0.0,0.0,0.0
0.0,0.0,0.0
0.0,0.0,0.0
0.0,0.0,0.0
0.0,0.0,0.0
0.0,0.0,0.0
0.0,0.0,0.0
0.0,0.0,0.0
0.0,0.0,0.0
0.0,0.0,0.0
0.0,24.0,0.0
0.0,149.0,0.0
0.0,294.0,0.0
0.0,295.0,0.0
0.0,196.0,0.0
0.0,83.0,0.0
0.0,63.0,0.0
0.0,76.0,0.0
0.0,123.0,0.0
0.0,272.0,0.0
0.0,352.0,0.0
0.0,376.0,0.0
0.0,380.0,0.0
0.0,426.0,0.0
0.0,554.0,0.0
0.0,639.0,0.0
0.0,701.0,0.0
0.0,701.0,0.0
0.0,809.0,0.0
0.0,883.0,0.0
0.0,965.0,0.0
0.0,1043.0,0.0
0.0,1126.0,0.0
0.0833333,1140.0,0.0
0.0833333,1152.0,0.0
0.0833333,1196.0,0.0
0.0833333,1291.0,0.0
0.0833333,1291.0,0.0
0.0833333,1443.0,0.0
0.0833333,1484.0,0.0
0.0833333,1491.0,0.0
0.0833333,1497.0,0.0
0.0833333,1497.0,0.0
0.0833333,1489.0,0.0
0.0833333,1478.0,0.0
0.0833333,1475.0,0.0
0.166667,1489.0,0.0
0.166667,1508.0,0.0
0.166667,1506.0,0.0
0.166667,1492.0,0.0
0.166667,1473.0,0.0
0.166667,1437.0,0.0
0.166667,1418.0,0.0
0.166667,1375.0,0.0
0.25,1346.0,0.397727
0.25,1330.0,0.397727
0.25,1314.0,0.397727
0.25,1301.0,0.397727
0.25,1280.0,0.397727
0.25,1240.0,0.397727
0.25,1209.0,0.397727
0.25,1205.0,0.397727
0.25,1216.0,0.397727
0.25,1243.0,0.397727
0.25,1315.0,0.397727
0.25,1358.0,0.397727
0.333333,1384.0,0.397727
0.333333,1393.0,0.227273
0.333333,1388.0,0.227273
0.333333,1385.0,0.227273
0.333333,1386.0,0.227273
0.333333,1398.0,0.227273
0.333333,1415.0,0.227273
0.333333,1426.0,0.227273
0.333333,1436.0,0.227273
0.416667,1450.0,0.340909
0.416667,1460.0,0.340909
0.416667,1432.0,0.340909
0.416667,1405.0,0.340909
0.416667,1394.0,0.340909
0.416667,1394.0,0.340909
0.5,1396.0,0.454545
0.5,1402.0,0.454545
0.5,1397.0,0.454545
0.583333,1396.0,0.852273
0.583333,1345.0,0.852273
0.583333,1229.0,0.852273
0.583333,1119.0,0.852273
0.583333,1065.0,0.852273
0.583333,1002.0,0.852273
0.583333,948.0,0.852273
0.666667,937.0,0.852273
0.666667,947.0,0.397727
0.666667,919.0,0.397727
0.75,852.0,0.397727
0.75,773.0,0.909091
0.75,704.0,0.909091
0.833333,697.0,0.909091
0.833333,697.0,0.909091
0.833333,703.0,0.909091
0.833333,723.0,0.909091
0.916667,745.0,0.909091
0.916667,775.0,0.909091
0.916667,845.0,0.909091
1.0,909.0,0.852273
1.0,936.0,0.852273
1.0,941.0,0.852273
1.08333,950.0,1.02273
1.08333,963.0,1.02273
1.08333,1031.0,1.02273
1.16667,1101.0,0.909091
1.16667,1173.0,0.909091
1.16667,1173.0,0.909091
1.25,1283.0,1.02273
1.25,1356.0,1.02273
1.33333,1390.0,1.02273
1.33333,1418.0,1.07955
1.33333,1452.0,1.07955
1.41667,1448.0,1.07955
1.41667,1422.0,1.07955
1.41667,1433.0,1.07955
1.5,1472.0,1.07955
1.5,1508.0,1.07955
1.58333,1508.0,1.07955
1.58333,1555.0,1.07955
1.58333,1592.0,1.07955
1.66667,1632.0,1.07955
1.66667,1635.0,1.07955
1.75,1625.0,1.07955
1.75,1603.0,1.13636
1.75,1574.0,1.13636
1.83333,1554.0,1.19318
1.83333,1578.0,1.19318
1.91667,1610.0,1.25
1.91667,1623.0,1.25
2.0,1616.0,1.25
2.0,1630.0,1.25
2.08333,1660.0,1.25
2.08333,1648.0,1.25
2.08333,1595.0,1.25
2.16667,1460.0,1.25
2.16667,1451.0,1.25
2.25,1480.0,1.47727
2.25,1475.0,1.47727
2.33333,1429.0,1.47727
2.41667,1437.0,1.47727
2.41667,1471.0,1.42045
2.41667,1432.0,1.42045
2.5,1370.0,1.42045
2.58333,1433.0,1.42045
2.58333,1569.0,1.81818
2.66667,1541.0,1.53409
2.66667,1414.0,1.53409
2.75,1370.0,1.53409
2.83333,1379.0,1.53409
2.83333,1408.0,1.93182
2.83333,1392.0,1.93182
2.91667,1357.0,1.93182
2.91667,1357.0,0.909091
2.91667,1361.0,0.909091
2.91667,1312.0,0.909091
3.0,1174.0,0.909091
3.08333,1158.0,0.909091
3.16667,1249.0,1.98864
3.16667,1228.0,2.04545
3.25,1228.0,1.98864
3.33333,1179.0,1.98864
3.33333,1182.0,2.15909
3.41667,1236.0,2.10227
3.5,1235.0,2.10227
3.58333,1107.0,2.10227
3.66667,1084.0,2.15909
3.66667,1150.0,2.27273
3.75,1131.0,2.32954
3.83333,1071.0,2.32954
3.83333,1039.0,2.04545
3.83333,1045.0,2.04545
3.91667,1091.0,2.04545
4.0,1133.0,0.909091
4.0,1178.0,2.10227
4.0,1199.0,2.10227
4.0,1148.0,2.10227
4.0,1111.0,2.10227
4.0,1111.0,2.10227
4.08333,1136.0,0.568182
4.08333,1163.0,0.568182
4.08333,1153.0,0.568182
4.16667,1159.0,0.568182
4.16667,1178.0,0.852273
4.25,1187.0,0.852273
4.25,1171.0,1.30682
4.33333,1179.0,2.21591
4.41667,1188.0,2.89773
4.5,1181.0,2.67045
4.58333,1164.0,2.95454
4.66667,1181.0,2.61364
4.75,1202.0,2.72727
4.83333,1203.0,2.61364
4.91667,1255.0,3.01136
5.0,1423.0,2.61364
5.08333,1380.0,2.95454
5.16667,1284.0,2.84091
5.25,1193.0,2.61364
5.33333,1107.0,3.06818
5.41667,1115.0,2.67045
5.41667,1131.0,2.67045
5.5,1106.0,1.30682
5.58333,1066.0,3.35227
5.66667,1066.0,2.95454
5.66667,1123.0,2.95454
5.75,1155.0,1.36364
5.83333,1183.0,3.57954
6.0,1184.0,3.57954
6.08333,1220.0,3.57954
6.16667,1217.0,3.23864
6.25,1240.0,2.78409
6.33333,1325.0,3.29545
6.41667,1412.0,3.29545
6.5,1393.0,3.35227
6.66667,1396.0,3.35227
6.75,1416.0,3.46591
6.83333,1418.0,3.01136
6.91667,1422.0,3.52273
7.0,1370.0,4.20454
7.08333,1236.0,3.23864
7.16667,1146.0,3.18182
7.16667,1295.0,3.18182
7.16667,1464.0,3.18182
7.25,1473.0,3.18182
7.33333,1371.0,3.86364
7.41667,1228.0,3.86364
7.41667,1263.0,1.70455
7.5,1373.0,1.70455
7.58333,1470.0,3.63636
7.75,1502.0,3.63636
7.83333,1405.0,3.46591
7.83333,1377.0,3.92045
8.0,1454.0,3.92045
8.08333,1502.0,4.31818
8.16667,1547.0,3.52273
8.33333,1438.0,3.52273
8.41667,1332.0,4.94318
8.5,1236.0,3.46591
8.58333,1180.0,3.97727
8.58333,1310.0,3.97727
8.66667,1485.0,3.97727
8.75,1646.0,3.69318
8.91667,1723.0,3.69318
9.0,1663.0,3.46591
9.08333,1577.0,3.69318
9.25,1506.0,3.69318
9.33333,1506.0,3.92045
9.5,1401.0,3.92045
9.58333,1262.0,3.92045
9.66667,1229.0,4.03409
9.83333,1272.0,3.97727
9.91667,1361.0,3.75
10.0833,1487.0,3.92045
10.0833,1601.0,3.80682
10.0833,1557.0,3.80682
10.1667,1456.0,3.80682
10.25,1303.0,0.965909
10.4167,1174.0,3.97727
10.4167,1186.0,3.97727
10.5,1224.0,1.98864
10.6667,1275.0,3.86364
10.75,1325.0,4.77273
10.9167,1376.0,4.77273
10.9167,1376.0,4.375
11.0833,1399.0,4.375
11.1667,1383.0,4.77273
11.3333,1198.0,4.26136
11.4167,1076.0,3.86364
11.5,1061.0,3.86364
11.5833,1122.0,4.14773
11.5833,1242.0,4.14773
11.6667,1295.0,4.14773
11.75,1251.0,4.09091
11.8333,1191.0,4.60227
11.9167,1156.0,4.60227
12.0833,1236.0,4.60227
12.1667,1266.0,4.375
12.25,1265.0,3.92045
12.4167,1172.0,3.92045
12.5,1090.0,5.22727
12.5833,1145.0,4.03409
12.6667,1193.0,1.98864
12.75,1207.0,1.98864
12.8333,1183.0,3.63636
13.0,1196.0,3.63636
13.0,1238.0,3.86364
13.0,1235.0,3.86364
13.0,1174.0,3.86364
13.0833,1174.0,3.86364
13.1667,1133.0,3.63636
13.3333,1180.0,3.63636
13.4167,1300.0,4.14773
13.5833,1302.0,4.14773
13.6667,1313.0,4.09091
13.75,1307.0,3.35227
13.9167,1361.0,4.03409
14.0,1398.0,4.26136
14.0833,1380.0,4.03409
14.25,1338.0,3.97727
14.3333,1389.0,3.75
14.4167,1475.0,3.35227
14.5833,1495.0,3.46591
14.6667,1331.0,4.20454
14.75,1214.0,3.92045
14.9167,1216.0,3.57954
15.0,1265.0,3.52273
15.0833,1272.0,3.75
15.1667,1292.0,3.86364
15.3333,1310.0,3.86364
15.4167,1354.0,4.31818
15.5,1403.0,3.46591
15.5,1495.0,2.04545
15.5833,1567.0,2.04545
15.6667,1605.0,4.48864
15.75,1534.0,3.46591
15.8333,1346.0,3.46591
15.9167,1276.0,3.80682
16.0,1318.0,3.80682
16.0833,1382.0,1.70455
16.0833,1538.0,4.20454
16.1667,1514.0,4.20454
16.25,1498.0,1.30682
16.4167,1482.0,3.80682
16.5,1448.0,3.97727
16.5833,1350.0,3.23864
16.75,1282.0,4.09091
16.8333,1204.0,4.09091
16.9167,1120.0,4.03409
17.0,1164.0,3.46591
17.0833,1375.0,2.21591
17.0833,1438.0,2.21591
17.1667,1438.0,2.21591
17.25,1383.0,4.20454
17.4167,1365.0,4.20454
17.5,1389.0,4.14773
17.5,1409.0,4.14773
17.5833,1370.0,4.14773
17.75,1289.0,4.31818
17.8333,1130.0,4.54545
18.0,1075.0,4.09091
18.0833,1189.0,3.75
18.25,1378.0,4.14773
18.3333,1542.0,4.31818
18.5,1545.0,4.31818
18.5833,1410.0,4.43182
18.75,1297.0,4.43182
18.8333,1185.0,4.26136
19.0,992.0,4.20454
19.0,952.0,4.20454
19.0,967.0,4.20454
19.0833,1123.0,4.20454
19.1667,1386.0,5.0
19.3333,1569.0,5.0
19.4167,1497.0,4.14773
19.5833,1338.0,4.14773
19.75,1141.0,4.54545
19.8333,865.0,4.94318
20.0,852.0,3.92045
20.0833,904.0,5.96591
20.25,958.0,5.96591
20.25,1040.0,4.65909
20.3333,1216.0,4.65909
20.4167,1217.0,5.11364
20.5833,1450.0,4.60227
20.5833,1443.0,4.03409
20.5833,1142.0,4.03409
20.75,988.0,4.03409
20.8333,938.0,5.39773
21.0,916.0,4.48864
21.0833,843.0,4.54545
21.25,875.0,4.54545
21.25,1027.0,4.48864
21.3333,1218.0,2.04545
21.5,1375.0,2.32954
21.5,1375.0,4.82954
21.6667,1375.0,4.82954
21.8333,1211.0,4.60227
21.8333,1209.0,5.39773
21.9167,956.0,5.39773
22.0,824.0,1.47727
22.0833,905.0,4.94318
22.25,1055.0,4.94318
22.4167,1227.0,4.94318
22.5833,1412.0,4.88636
22.6667,1346.0,4.88636
22.8333,1142.0,4.82954
23.0,935.0,5.0
23.0833,804.0,4.65909
23.25,839.0,4.65909
23.4167,921.0,4.65909
23.4167,959.0,4.60227
23.5,959.0,4.60227
23.5833,1033.0,1.64773
23.6667,1110.0,4.20454
23.75,1133.0,4.20454
23.9167,1074.0,4.71591
24.0833,997.0,4.82954
24.1667,1010.0,3.92045
24.1667,1028.0,4.88636
24.3333,1020.0,4.88636
24.4167,1021.0,5.11364
24.5,1073.0,5.11364
24.5833,1076.0,2.38636
24.5833,1069.0,2.67045
24.6667,1063.0,1.53409
24.75,1077.0,4.82954
24.9167,1086.0,4.82954
25.0833,1068.0,5.11364
25.1667,1030.0,4.60227
25.25,944.0,2.89773
25.3333,1001.0,6.59091
25.4167,1120.0,2.38636
25.5833,1189.0,2.67045
25.5833,1179.0,5.17045
25.6667,1103.0,1.76136
25.8333,1117.0,1.76136
25.9167,1117.0,5.05682
26.0,1137.0,6.42045
26.1667,1138.0,6.42045
26.3333,1133.0,5.51136
26.4167,1076.0,5.79545
26.5833,1005.0,6.70454
26.75,993.0,6.70454
26.9167,1113.0,6.02273
27.0833,1456.0,5.45454
27.25,1497.0,5.45454
27.4167,1392.0,5.45454
27.4167,1210.0,5.11364
27.5,1001.0,5.11364
27.5,1032.0,1.76136
27.5833,1132.0,1.70455
27.75,1207.0,2.44318
27.9167,1218.0,5.0
28.0833,1225.0,5.51136
28.25,1320.0,5.51136
28.3333,1335.0,5.34091
28.4167,1233.0,5.11364
28.5,1072.0,2.72727
28.5,1159.0,2.72727
28.6667,1228.0,2.72727
28.6667,1218.0,5.11364
28.8333,1151.0,5.11364
28.9167,1069.0,5.28409
29.0833,999.0,5.28409
29.25,968.0,5.28409
29.4167,956.0,5.28409
29.5833,941.0,5.28409
29.75,940.0,5.28409
29.9167,1047.0,5.28409
30.0,1138.0,5.51136
30.1667,1143.0,5.51136
30.25,1027.0,5.51136
30.3333,890.0,4.94318
30.4167,792.0,2.78409
30.5833,803.0,2.78409
30.75,907.0,5.11364
30.9167,953.0,5.34091
30.9167,980.0,5.0
31.0,1022.0,1.81818
31.0833,1022.0,2.72727
31.25,1122.0,5.11364
31.4167,1138.0,5.11364
31.5833,1138.0,5.11364
31.5833,1106.0,5.17045
31.6667,1043.0,5.17045
31.6667,1030.0,1.30682
31.8333,1063.0,2.55682
32.0,1062.0,2.55682
32.1667,1032.0,4.48864
32.25,1118.0,5.68182
32.4167,1186.0,5.68182
32.5,1178.0,5.17045
32.5833,1095.0,5.17045
32.75,983.0,5.39773
32.8333,998.0,4.88636
32.8333,1000.0,4.88636
32.9167,1000.0,1.30682
32.9167,847.0,1.30682
33.0,754.0,1.30682
33.1667,779.0,4.82954
33.3333,846.0,5.0
33.5,914.0,4.71591
33.5833,934.0,5.68182
33.75,885.0,5.68182
33.8333,836.0,4.88636
33.9167,786.0,4.88636
34.0,765.0,5.34091
34.0,850.0,5.34091
34.0833,893.0,1.25
34.1667,928.0,1.25
34.25,943.0,1.81818
34.3333,1011.0,5.90909
34.4167,967.0,2.72727
34.5833,841.0,2.72727
34.75,729.0,5.625
34.9167,731.0,5.51136
35.0,824.0,4.65909
35.0833,884.0,5.56818
35.0833,891.0,5.56818
35.0833,887.0,5.56818
35.1667,921.0,5.56818
35.3333,948.0,5.56818
35.4167,948.0,5.17045
35.5833,943.0,5.17045
35.75,886.0,5.34091
35.8333,791.0,4.88636
35.9167,780.0,5.34091
36.0833,864.0,5.34091
36.25,990.0,5.34091
36.4167,1188.0,5.34091
36.4167,1216.0,5.17045
36.5,1151.0,5.17045
36.6667,1096.0,5.17045
36.8333,1097.0,5.17045
37.0,1174.0,5.22727
37.1667,1185.0,5.28409
37.1667,1148.0,4.43182
37.3333,1118.0,4.43182
37.5,1079.0,5.34091
37.5,1036.0,4.94318
37.6667,999.0,4.94318
37.75,968.0,4.94318
37.75,1013.0,4.94318
37.75,1112.0,4.94318
37.8333,1222.0,0.852273
38.0,1318.0,2.78409
38.0833,1318.0,5.39773
38.25,1107.0,5.22727
38.4167,1018.0,5.45454
38.5833,1009.0,5.34091
38.75,1038.0,5.34091
38.9167,1050.0,5.34091
39.0,1049.0,5.05682
39.0,1038.0,4.43182
39.0833,1053.0,1.81818
39.1667,1144.0,1.81818
39.1667,1293.0,1.70455
39.3333,1355.0,1.93182
39.5,1359.0,5.05682
39.6667,1312.0,5.05682
39.75,1211.0,5.79545
39.9167,1174.0,5.17045
40.0833,1163.0,5.39773
40.25,1187.0,5.39773
40.4167,1187.0,5.45454
40.5,1223.0,4.94318
40.5,1211.0,4.94318
40.5,1210.0,4.94318
40.6667,1187.0,4.94318
40.75,1201.0,5.45454
40.9167,1235.0,5.11364
41.0,1192.0,5.0
41.0833,997.0,2.55682
41.25,791.0,2.55682
41.3333,679.0,4.77273
41.3333,865.0,4.77273
41.4167,1041.0,1.76136
41.5,1121.0,1.76136
41.5,1174.0,1.59091
41.5833,1339.0,1.59091
41.75,1376.0,1.70455
41.9167,1375.0,5.22727
42.0833,1162.0,5.39773
42.25,824.0,5.39773
42.4167,770.0,5.39773
42.5833,798.0,5.39773
42.75,853.0,5.39773
42.8333,1064.0,5.625
43.0,1223.0,5.0
43.1667,1286.0,5.0
43.25,1341.0,4.71591
43.25,1352.0,4.71591
43.4167,1127.0,4.71591
43.5833,1026.0,4.71591
43.75,888.0,5.0
43.9167,888.0,5.0
44.0,1116.0,5.0
44.1667,1357.0,4.54545
44.25,1499.0,4.20454
44.4167,1495.0,4.20454
44.5833,1274.0,5.0
44.6667,1056.0,4.88636
44.75,992.0,4.88636
44.8333,981.0,5.28409
44.8333,1026.0,5.28409
45.0,1118.0,5.28409
45.1667,1112.0,5.28409
45.3333,1112.0,5.17045
45.4167,1068.0,4.88636
45.5833,1068.0,4.88636
45.6667,1172.0,5.0
45.8333,1286.0,5.0
45.9167,1290.0,5.68182
46.0833,1216.0,5.68182
46.25,1117.0,4.94318
46.3333,1136.0,4.94318
46.3333,1211.0,4.94318
46.5,1254.0,4.94318
46.6667,1247.0,4.94318
46.8333,1155.0,5.17045
47.0,1135.0,5.17045
47.0833,1128.0,4.94318
47.25,1117.0,4.94318
47.4167,1071.0,4.94318
47.4167,994.0,4.77273
47.5,969.0,4.77273
47.6667,1032.0,4.77273
47.75,1105.0,4.94318
47.75,1108.0,4.94318
47.75,1047.0,4.94318
47.9167,984.0,4.94318
48.0833,954.0,4.71591
48.1667,1005.0,5.05682
48.3333,1073.0,4.60227
48.5,1105.0,4.94318
48.6667,1109.0,5.34091
48.8333,1126.0,5.28409
49.0,1163.0,5.28409
49.0833,1229.0,5.22727
49.25,1263.0,5.17045
49.25,1283.0,5.11364
49.25,1168.0,5.11364
49.4167,1042.0,5.11364
49.5,965.0,5.79545
49.6667,971.0,5.56818
49.8333,1096.0,5.56818
49.9167,1306.0,4.77273
50.0833,1413.0,4.77273
50.0833,1419.0,6.30682
50.1667,1315.0,6.30682
50.3333,1315.0,5.45454
50.5,1086.0,5.39773
50.5,1073.0,4.48864
50.5,1102.0,4.48864
50.6667,1167.0,4.48864
50.75,1119.0,5.22727
50.9167,1045.0,5.22727
51.0833,1049.0,5.22727
51.1667,1146.0,5.34091
51.25,1298.0,5.34091
51.3333,1322.0,4.71591
51.5,1274.0,4.71591
51.5833,1201.0,5.22727
51.6667,1044.0,5.22727
51.6667,944.0,1.70455
51.6667,1102.0,1.70455
51.8333,1103.0,1.70455
52.0,1205.0,5.05682
52.0833,1083.0,5.56818
52.25,953.0,5.56818
52.4167,972.0,5.05682
52.5833,1061.0,5.05682
52.75,1161.0,5.05682
52.9167,1176.0,5.11364
52.9167,1083.0,4.65909
53.0833,998.0,4.65909
53.1667,967.0,5.0
53.1667,1050.0,5.0
53.3333,1110.0,5.0
53.4167,1218.0,5.05682
53.5,1218.0,5.625
53.6667,1253.0,5.625
53.8333,1156.0,5.625
54.0,1083.0,5.45454
54.1667,1007.0,5.45454
54.1667,936.0,4.65909
54.3333,977.0,6.19318
54.5,1024.0,5.11364
54.5833,1053.0,5.17045
54.5833,1103.0,5.17045
54.6667,1192.0,5.17045
54.75,1181.0,1.07955
54.8333,1181.0,5.05682
55.0,1144.0,6.53409
55.1667,1086.0,6.53409
55.3333,1072.0,5.45454
55.5,980.0,5.28409
55.5833,1008.0,5.39773
55.6667,1069.0,5.39773
55.75,1142.0,4.88636
55.75,1197.0,4.88636
55.75,1159.0,4.88636
55.8333,1098.0,4.88636
56.0,1100.0,5.28409
56.1667,1234.0,5.17045
56.3333,1408.0,5.34091
56.5,1417.0,5.34091
56.5833,1406.0,5.85227
56.75,1374.0,5.85227
56.9167,1241.0,5.85227
57.0833,1125.0,5.34091
57.0833,1055.0,4.82954
57.25,1047.0,4.82954
57.3333,1194.0,5.17045
57.4167,1321.0,5.17045
57.5833,1387.0,5.17045
57.6667,1425.0,5.90909
57.8333,1429.0,5.90909
58.0,1292.0,5.68182
58.1667,1175.0,5.68182
58.25,1119.0,5.28409
58.3333,1067.0,4.94318
58.4167,984.0,2.5
58.5833,1112.0,2.55682
58.6667,1345.0,5.11364
58.8333,1544.0,5.11364
58.8333,1610.0,6.07954
59.0,1466.0,6.07954
59.1667,1305.0,5.56818
59.3333,1169.0,5.56818
59.5,1083.0,5.51136
59.6667,1090.0,5.05682
59.75,1231.0,5.0
59.9167,1367.0,5.85227
60.0833,1384.0,5.85227
60.25,1384.0,5.39773
60.25,1383.0,5.85227
60.25,1392.0,5.85227
60.3333,1550.0,1.25
60.3333,1530.0,1.25
60.4167,1447.0,1.25
60.5,1268.0,4.77273
60.6667,1133.0,4.77273
60.8333,1108.0,4.77273
61.0,1194.0,4.77273
61.0833,1085.0,5.05682
61.25,1009.0,5.05682
61.4167,1057.0,5.05682
61.5833,1184.0,4.77273
61.5833,1338.0,4.60227
61.6667,1352.0,4.60227
61.8333,1352.0,4.60227
62.0,1118.0,4.60227
62.0833,1074.0,5.0
62.25,1138.0,5.0
62.4167,1127.0,4.94318
62.5,1092.0,5.05682
62.5833,1056.0,4.71591
62.6667,1072.0,2.44318
62.6667,1101.0,2.44318
62.8333,1044.0,2.44318
63.0,950.0,4.31818
63.0833,877.0,5.17045
63.1667,866.0,5.28409
63.3333,854.0,5.28409
63.5,852.0,5.22727
63.5833,896.0,4.375
63.75,919.0,4.60227
63.8333,882.0,4.54545
63.8333,838.0,4.54545
64.0,763.0,4.54545
64.1667,803.0,5.05682
64.25,871.0,5.34091
64.25,853.0,5.34091
64.25,774.0,5.34091
64.25,649.0,5.34091
64.3333,548.0,5.34091
64.3333,690.0,0.681818
64.5,690.0,1.64773
64.5833,897.0,4.82954
64.75,898.0,4.82954
64.75,905.0,4.31818
64.75,810.0,4.31818
64.9167,763.0,4.31818
65.0833,778.0,4.31818
65.1667,821.0,5.73864
65.25,873.0,4.77273
65.3333,909.0,2.32954
65.3333,948.0,2.32954
65.4167,978.0,2.32954
65.5,1043.0,1.19318
65.5833,1079.0,4.20454
65.6667,1085.0,4.60227
65.75,1108.0,2.55682
65.8333,1134.0,2.44318
65.9167,1169.0,2.44318
66.0833,1210.0,4.26136
66.1667,1292.0,4.82954
66.25,1388.0,4.82954
66.4167,1436.0,4.82954
66.5,1404.0,4.77273
66.5,1337.0,4.77273
66.5833,1255.0,4.77273
66.75,1287.0,4.77273
66.75,1289.0,4.88636
66.9167,1271.0,4.88636
67.0833,1276.0,5.17045
67.25,1304.0,4.94318
67.3333,1279.0,5.11364
67.5,1249.0,4.94318
67.6667,1250.0,4.94318
67.8333,1249.0,4.94318
67.9167,1177.0,4.94318
68.0,1165.0,4.82954
68.0,1177.0,4.82954
68.0,1218.0,4.82954
68.0833,1271.0,4.82954
68.25,1233.0,4.48864
68.3333,1196.0,5.05682
68.5,1180.0,5.05682
68.5833,1180.0,4.20454
68.6667,1173.0,4.20454
68.8333,1157.0,4.54545
68.8333,1203.0,5.625
68.8333,1251.0,5.625
68.9167,1309.0,1.19318
69.0,1298.0,2.38636
69.0,1234.0,2.38636
69.1667,1172.0,2.38636
69.25,1111.0,4.94318
69.4167,1036.0,4.94318
69.5,1048.0,4.88636
69.6667,1104.0,5.17045
69.8333,1145.0,5.0
69.9167,1178.0,6.70454
70.0,1169.0,2.38636
70.0833,1168.0,4.77273
70.25,1181.0,4.77273
70.25,1211.0,6.13636
70.25,1205.0,6.13636
70.25,1134.0,6.13636
70.3333,1101.0,0.795454
70.4167,1199.0,0.795454
70.5833,1357.0,4.94318
70.75,1275.0,4.94318
70.8333,1171.0,5.51136
70.9167,1152.0,5.22727
71.0833,1271.0,5.22727
71.0833,1441.0,5.56818
71.1667,1386.0,5.56818
71.1667,1383.0,1.64773
71.1667,1154.0,1.64773
71.25,1164.0,1.13636
71.3333,1222.0,1.13636
71.5,1234.0,4.71591
71.5833,1281.0,4.94318
71.75,1304.0,5.0
71.9167,1226.0,5.0
72.0,1193.0,4.26136
72.0833,1204.0,4.65909
72.1667,1230.0,4.65909
72.3333,1243.0,4.65909
72.4167,1193.0,5.73864
72.5,1193.0,4.77273
72.5833,1142.0,2.5
72.5833,1143.0,2.5
72.5833,1237.0,2.5
72.6667,1298.0,2.5
72.75,1280.0,0.795454
72.75,1251.0,2.38636
72.9167,1218.0,2.55682
73.0833,1188.0,4.48864
73.25,1210.0,4.48864
73.3333,1258.0,4.88636
73.5,1303.0,4.82954
73.6667,1247.0,4.82954
73.75,1141.0,4.94318
73.9167,1142.0,4.88636
73.9167,1176.0,4.71591
74.0,1188.0,1.64773
74.0833,1383.0,2.67045
74.1667,1312.0,2.67045
74.3333,1125.0,2.67045
74.5,963.0,4.94318
74.5833,1023.0,4.375
74.75,1262.0,4.48864
74.9167,1398.0,4.48864
75.0833,1381.0,4.71591
75.25,1180.0,4.71591
75.3333,908.0,4.54545
75.4167,984.0,4.09091
75.5,1187.0,4.09091
75.5833,1358.0,1.70455
75.75,1294.0,4.375
75.9167,1150.0,4.65909
76.0833,1061.0,4.65909
76.1667,1081.0,5.34091
76.25,1240.0,4.48864
76.4167,1333.0,4.48864
76.5833,1240.0,5.11364
76.6667,1090.0,5.11364
76.8333,1013.0,4.94318
76.9167,1151.0,4.77273
77.0,1238.0,5.17045
77.0,1242.0,5.17045
77.1667,1207.0,5.17045
77.3333,1207.0,5.17045
77.4167,1175.0,5.85227
77.5833,1266.0,5.85227
77.75,1405.0,5.85227
77.9167,1387.0,5.11364
78.0833,1240.0,5.11364
78.1667,1084.0,5.51136
78.3333,1106.0,4.65909
78.4167,1160.0,5.05682
78.5,1210.0,2.38636
78.5,1209.0,2.38636
78.6667,1167.0,2.38636
78.8333,1131.0,2.38636
79.0,1191.0,5.0
79.0833,1376.0,5.34091
79.25,1436.0,5.34091
79.4167,1381.0,5.34091
79.5833,1376.0,5.34091
79.6667,1317.0,4.88636
79.8333,1216.0,4.88636
80.0,1259.0,4.48864
80.0,1305.0,5.34091
80.0833,1303.0,5.34091
80.0833,1253.0,1.59091
80.25,1319.0,1.59091
80.25,1393.0,6.02273
80.4167,1416.0,6.02273
80.5833,1432.0,5.05682
80.6667,1428.0,6.53409
80.75,1429.0,6.53409
80.9167,1394.0,5.625
81.0833,1277.0,5.39773
81.25,1264.0,5.05682
81.25,1350.0,4.71591
81.3333,1336.0,2.21591
81.3333,1231.0,2.21591
81.3333,1205.0,2.21591
81.4167,1347.0,0.965909
81.5,1482.0,0.965909
81.5833,1541.0,1.64773
81.75,1446.0,4.31818
81.9167,1249.0,4.31818
82.0,1249.0,4.375
82.1667,1213.0,4.375
82.3333,1213.0,4.43182
82.3333,1160.0,5.96591
82.3333,1062.0,5.96591
82.3333,1173.0,5.96591
82.3333,1358.0,5.96591
82.3333,1494.0,5.96591
82.5,1472.0,5.96591
82.6667,1307.0,5.0
82.75,1278.0,4.77273
82.9167,1245.0,4.77273
83.0,1164.0,4.48864
83.0833,1106.0,4.48864
83.25,1147.0,4.48864
83.3333,1294.0,4.77273
83.4167,1294.0,5.0
83.4167,1619.0,5.0
83.5,1631.0,5.0
83.5833,1544.0,5.17045
83.5833,1486.0,5.17045
83.6667,1414.0,1.53409
83.75,1151.0,1.53409
83.75,1012.0,1.53409
83.9167,1044.0,2.21591
84.0833,1244.0,4.43182
84.1667,1603.0,4.48864
84.3333,1661.0,4.26136
84.4167,1585.0,5.05682
84.5833,1472.0,4.71591
84.6667,1449.0,4.54545
84.8333,1385.0,4.54545
84.8333,1381.0,4.65909
84.9167,1403.0,2.21591
84.9167,1412.0,2.21591
84.9167,1352.0,2.21591
85.0,1357.0,0.909091
85.1667,1444.0,2.32954
85.25,1525.0,4.82954
85.4167,1467.0,4.82954
85.4167,1342.0,4.48864
85.5833,1270.0,4.48864
85.6667,1248.0,5.11364
85.8333,1248.0,5.11364
86.0,1235.0,4.88636
86.0833,1214.0,4.26136
86.25,1120.0,4.26136
86.25,1054.0,3.97727
86.3333,1032.0,2.10227
86.3333,1026.0,2.10227
86.5,1005.0,2.10227
86.5833,1018.0,4.14773
86.75,1043.0,4.14773
86.9167,1066.0,4.14773
87.0,1077.0,4.71591
87.1667,1032.0,4.14773
87.25,1010.0,5.22727
87.4167,1017.0,5.0
87.5,968.0,4.54545
87.6667,879.0,4.54545
87.8333,860.0,4.82954
87.8333,888.0,4.48864
87.8333,1031.0,4.48864
87.9167,1166.0,4.48864
88.0,1231.0,1.02273
88.0833,1229.0,2.27273
88.25,1192.0,4.03409
88.3333,1238.0,4.43182
88.5,1310.0,4.71591
88.5,1333.0,3.97727
88.6667,1278.0,3.97727
88.8333,1225.0,4.48864
88.9167,1223.0,4.54545
89.0,1237.0,4.09091
89.0,1262.0,2.21591
89.1667,1292.0,2.21591
89.25,1309.0,5.05682
89.3333,1336.0,5.05682
89.4167,1340.0,2.27273
89.5833,1282.0,4.31818
89.6667,1184.0,3.97727
89.8333,1195.0,4.43182
90.0,1253.0,4.43182
90.0,1324.0,4.09091
90.0833,1286.0,2.32954
90.1667,1135.0,2.15909
90.3333,1135.0,2.15909
90.3333,1133.0,4.09091
90.5,1087.0,4.09091
90.5833,1176.0,4.48864
90.6667,1381.0,4.09091
90.8333,1365.0,4.09091
90.9167,1231.0,4.77273
91.0833,1090.0,4.71591
91.1667,1109.0,3.97727
91.3333,1286.0,4.54545
91.5,1418.0,4.54545
91.5833,1409.0,4.20454
91.75,1154.0,4.20454
91.8333,1074.0,5.05682
92.0,1064.0,4.43182
92.0,1064.0,3.97727
92.0833,1080.0,2.21591
92.1667,1266.0,2.15909
92.1667,1368.0,2.15909
92.25,1379.0,1.42045
92.4167,1328.0,1.42045
92.5833,1196.0,4.60227
92.6667,1209.0,4.77273
92.8333,1273.0,4.77273
92.9167,1277.0,4.71591
93.0833,1160.0,4.03409
93.25,1128.0,4.03409
93.3333,1210.0,4.09091
93.5,1291.0,4.48864
93.5833,1294.0,4.14773
93.75,1334.0,4.14773
93.8333,1371.0,4.48864
93.9167,1402.0,4.03409
94.0,1368.0,2.32954
94.0833,1142.0,2.32954
94.25,935.0,2.32954
94.3333,994.0,4.60227
94.5,1226.0,4.60227
94.5833,1435.0,4.94318
94.6667,1377.0,3.92045
94.6667,1188.0,3.92045
94.8333,1131.0,3.92045
95.0,1131.0,3.92045
95.0833,1139.0,4.26136
95.0833,1183.0,4.26136
95.1667,1226.0,1.42045
95.25,1340.0,5.05682
95.4167,1357.0,5.05682
95.5,1151.0,4.82954
95.5833,907.0,4.54545
95.6667,1033.0,5.625
95.8333,1259.0,5.625
95.9167,1420.0,4.88636
96.0,1237.0,4.88636
96.1667,1044.0,4.65909
96.1667,1019.0,4.14773
96.3333,1178.0,4.14773
96.3333,1365.0,4.54545
96.4167,1396.0,2.10227
96.4167,1378.0,2.10227
96.5,1321.0,1.53409
96.5,1264.0,1.53409
96.6667,1355.0,1.53409
96.8333,1393.0,4.375
96.9167,1350.0,4.60227
97.0833,1273.0,4.60227
97.1667,1318.0,5.05682
97.25,1445.0,3.97727
97.3333,1533.0,2.32954
97.4167,1535.0,2.32954
97.5,1483.0,4.60227
97.5833,1445.0,3.97727
97.75,1331.0,3.97727
97.8333,1266.0,4.65909
97.8333,1161.0,4.31818
97.9167,1153.0,4.31818
98.0833,1339.0,4.31818
98.1667,1453.0,4.375
98.25,1416.0,4.48864
98.3333,1162.0,2.15909
98.5,1150.0,3.97727
98.5833,1229.0,4.77273
98.75,1293.0,4.77273
98.9167,1228.0,4.77273
99.0,1053.0,5.28409
99.0833,1053.0,4.31818
99.25,1049.0,4.31818
99.4167,1056.0,4.82954
99.4167,1141.0,4.20454
99.4167,1343.0,4.20454
99.5,1339.0,4.20454
99.6667,1237.0,4.20454
99.6667,1130.0,4.94318
99.8333,1090.0,4.94318
99.9167,1136.0,4.26136
100.083,1135.0,4.26136
100.083,1143.0,4.03409
100.167,1185.0,4.03409
100.25,1266.0,4.43182
100.333,1319.0,4.48864
100.417,1319.0,4.48864
100.583,1395.0,4.48864
100.667,1357.0,4.54545
100.75,1260.0,4.26136
100.833,1182.0,2.04545
100.917,1179.0,4.20454
101.0,1298.0,2.15909
101.167,1370.0,3.63636
101.25,1282.0,4.94318
101.25,1193.0,3.80682
101.333,1143.0,2.15909
101.5,1221.0,2.15909
101.583,1299.0,5.17045
101.75,1306.0,4.71591
101.833,1308.0,4.26136
101.833,1216.0,3.86364
102.0,1216.0,3.86364
102.083,1227.0,3.97727
102.083,1261.0,3.97727
102.083,1303.0,3.97727
102.167,1323.0,3.97727
102.25,1322.0,0.852273
102.333,1301.0,3.63636
102.5,1261.0,4.09091
102.667,1254.0,4.09091
102.75,1271.0,4.26136
102.917,1301.0,3.75
103.0,1349.0,6.30682
103.083,1349.0,5.17045
103.25,1350.0,4.43182
103.25,1333.0,3.80682
103.417,1338.0,3.80682
103.5,1346.0,4.375
103.5,1306.0,4.09091
103.583,1249.0,4.09091
103.667,1326.0,4.31818
103.75,1363.0,4.31818
103.833,1330.0,3.80682
104.0,1279.0,3.80682
104.083,1257.0,4.20454
104.25,1329.0,4.14773
104.333,1414.0,3.92045
104.5,1456.0,3.92045
104.583,1422.0,4.375
104.667,1368.0,4.03409
104.75,1310.0,3.63636
104.833,1281.0,2.10227
104.917,1250.0,3.63636
105.083,1258.0,3.63636
105.083,1286.0,4.26136
105.25,1305.0,4.26136
105.333,1356.0,4.14773
105.5,1412.0,4.09091
105.583,1423.0,3.69318
105.667,1424.0,3.57954
105.833,1414.0,3.57954
105.917,1390.0,4.03409
106.0,1346.0,3.63636
106.0,1284.0,2.04545
106.083,1258.0,1.98864
106.25,1335.0,1.98864
106.25,1393.0,3.52273
106.333,1403.0,2.04545
106.5,1374.0,3.57954
106.5,1317.0,3.69318
106.5,1502.0,3.69318
106.667,1675.0,3.69318
106.667,1641.0,3.80682
106.75,1446.0,2.10227
106.833,1367.0,3.63636
106.917,1367.0,3.63636
107.0,1379.0,3.18182
107.167,1581.0,3.18182
107.25,1678.0,3.75
107.333,1642.0,3.40909
107.5,1650.0,3.40909
107.583,1710.0,3.69318
107.583,1663.0,3.35227
107.583,1546.0,3.35227
107.667,1597.0,1.19318
107.75,1642.0,1.19318
107.75,1560.0,1.59091
107.833,1439.0,1.59091
107.917,1400.0,4.03409
108.083,1460.0,3.57954
108.167,1460.0,3.52273
108.25,1602.0,3.92045
108.333,1580.0,3.63636
108.5,1444.0,3.63636
108.583,1390.0,3.63636
108.667,1389.0,3.52273
108.75,1449.0,2.95454
108.917,1585.0,2.95454
109.0,1581.0,3.57954
109.083,1580.0,3.40909
109.083,1598.0,3.40909
109.083,1628.0,3.40909
109.25,1620.0,3.40909
109.333,1570.0,3.35227
109.333,1571.0,3.29545
109.333,1492.0,3.29545
109.417,1471.0,1.13636
109.5,1436.0,3.46591
109.583,1426.0,3.46591
109.667,1460.0,1.70455
109.75,1443.0,2.89773
109.833,1359.0,3.86364
110.0,1303.0,3.86364
110.083,1279.0,3.52273
110.167,1407.0,3.40909
110.25,1688.0,2.78409
110.25,1689.0,3.40909
110.333,1644.0,1.70455
110.5,1644.0,1.70455
110.5,1645.0,2.95454
110.583,1277.0,2.95454
110.583,1253.0,1.53409
110.667,1339.0,1.53409
110.667,1430.0,1.53409
110.667,1486.0,1.53409
110.833,1528.0,1.53409
110.917,1533.0,3.18182
110.917,1506.0,3.125
111.0,1491.0,3.125
111.083,1469.0,3.29545
111.167,1429.0,3.29545
111.25,1381.0,3.18182
111.333,1362.0,3.06818
111.5,1448.0,3.06818
111.583,1553.0,3.01136
111.667,1581.0,3.23864
111.75,1575.0,3.01136
111.833,1501.0,2.89773
111.917,1394.0,3.01136
112.0,1356.0,3.06818
112.083,1330.0,3.06818
112.167,1312.0,2.95454
112.25,1263.0,2.95454
112.25,1217.0,2.95454
112.333,1163.0,1.59091
112.5,1157.0,2.89773
112.5,1195.0,3.125
112.5,1362.0,3.125
112.583,1434.0,3.125
112.667,1462.0,0.909091
112.75,1464.0,3.75
112.833,1332.0,2.95454
112.917,1228.0,3.29545
113.0,1219.0,3.125
113.083,1309.0,2.89773
113.167,1506.0,2.89773
113.25,1527.0,3.125
113.333,1437.0,3.125
113.417,1346.0,3.35227
113.5,1352.0,3.29545
113.583,1416.0,2.84091
113.667,1416.0,2.84091
113.667,1451.0,2.84091
113.667,1376.0,2.84091
113.667,1287.0,2.84091
113.75,1240.0,0.681818
113.833,1250.0,2.78409
113.917,1279.0,3.35227
113.917,1332.0,3.35227
114.0,1332.0,1.42045
114.083,1284.0,2.44318
114.167,1279.0,3.01136
114.25,1302.0,2.95454
114.333,1324.0,2.61364
114.417,1357.0,3.69318
114.5,1359.0,2.27273
114.5,1437.0,2.27273
114.583,1439.0,1.53409
114.667,1409.0,3.01136
114.667,1464.0,3.01136
114.75,1526.0,1.36364
114.75,1547.0,1.36364
114.75,1529.0,1.36364
114.833,1486.0,0.909091
114.833,1416.0,0.909091
114.917,1349.0,1.30682
114.917,1360.0,1.30682
114.917,1508.0,1.30682
115.0,1556.0,1.30682
115.083,1554.0,0.909091
115.167,1555.0,2.89773
115.25,1493.0,2.38636
115.333,1392.0,3.29545
115.417,1343.0,2.38636
115.5,1314.0,3.18182
115.583,1288.0,3.23864
115.667,1316.0,2.15909
115.75,1403.0,3.29545
115.75,1462.0,2.38636
115.917,1472.0,2.55682
116.0,1451.0,3.80682
116.0,1452.0,2.38636
116.0,1461.0,2.38636
116.0,1461.0,2.38636
116.083,1461.0,0.909091
116.167,1439.0,2.95454
116.167,1420.0,2.95454
116.167,1437.0,2.95454
116.25,1464.0,0.852273
116.25,1501.0,0.852273
116.333,1600.0,1.47727
116.417,1564.0,2.61364
116.5,1482.0,2.78409
116.583,1413.0,2.61364
116.583,1422.0,2.61364
116.667,1473.0,2.61364
116.75,1513.0,1.30682
116.833,1545.0,3.29545
116.917,1537.0,2.61364
117.0,1510.0,2.72727
117.0,1510.0,2.55682
117.083,1485.0,2.55682
117.167,1433.0,1.30682
117.167,1371.0,2.78409
117.25,1344.0,2.61364
117.333,1359.0,2.55682
117.417,1445.0,3.18182
117.5,1572.0,2.55682
117.5,1602.0,2.55682
117.583,1549.0,1.30682
117.583,1534.0,1.30682
117.667,1529.0,1.30682
117.75,1521.0,1.25
117.833,1502.0,2.38636
117.833,1440.0,2.72727
117.917,1390.0,2.67045
118.0,1338.0,2.5
118.083,1348.0,2.55682
118.167,1359.0,2.61364
118.25,1345.0,2.67045
118.333,1343.0,2.67045
118.417,1330.0,2.55682
118.5,1282.0,2.5
118.583,1270.0,2.61364
118.583,1329.0,2.44318
118.583,1430.0,2.44318
118.583,1430.0,2.44318
118.583,1460.0,2.44318
118.667,1443.0,0.625
118.75,1387.0,0.625
118.833,1311.0,1.98864
118.917,1374.0,2.67045
118.917,1444.0,2.72727
119.0,1432.0,2.27273
119.0,1329.0,2.27273
119.0,1239.0,2.27273
119.0,1321.0,2.27273
119.083,1405.0,0.681818
119.083,1420.0,0.681818
119.167,1378.0,0.681818
119.25,1365.0,1.19318
119.25,1349.0,2.21591
119.333,1365.0,2.04545
119.417,1420.0,2.32954
119.417,1557.0,2.32954
119.417,1582.0,2.32954
119.5,1599.0,1.02273
119.583,1615.0,2.27273
119.667,1684.0,2.27273
119.667,1678.0,2.21591
119.75,1616.0,1.98864
119.833,1519.0,2.44318
119.833,1427.0,2.44318
119.833,1503.0,2.44318
119.833,1504.0,2.44318
119.917,1642.0,0.681818
120.0,1651.0,0.681818
120.0,1590.0,1.875
120.083,1586.0,2.10227
120.167,1565.0,2.10227
120.167,1526.0,2.21591
120.25,1506.0,1.93182
120.333,1561.0,1.93182
120.417,1600.0,2.04545
120.417,1581.0,2.21591
120.417,1551.0,2.21591
120.5,1556.0,2.21591
120.5,1547.0,0.909091
120.5,1547.0,0.909091
120.583,1547.0,0.909091
120.583,1530.0,1.02273
120.667,1572.0,1.93182
120.75,1591.0,1.93182
120.75,1596.0,1.98864
120.75,1603.0,1.98864
120.75,1619.0,1.98864
120.75,1585.0,1.98864
120.833,1548.0,0.625
120.917,1547.0,0.625
120.917,1574.0,1.70455
121.0,1628.0,1.875
121.083,1674.0,1.875
121.083,1682.0,1.76136
121.167,1683.0,2.15909
121.167,1575.0,2.15909
121.167,1510.0,2.15909
121.167,1446.0,2.15909
121.167,1395.0,2.15909
121.25,1354.0,0.568182
121.333,1388.0,0.568182
121.333,1478.0,1.76136
121.417,1577.0,1.70455
121.417,1613.0,1.70455
121.417,1510.0,1.70455
121.5,1423.0,1.70455
121.5,1391.0,0.852273
121.583,1376.0,1.59091
121.583,1389.0,1.59091
121.583,1423.0,1.59091
121.583,1524.0,1.59091
121.583,1626.0,1.59091
121.667,1668.0,1.59091
121.667,1613.0,0.511364
121.667,1545.0,0.511364
121.667,1491.0,0.511364
121.75,1492.0,0.795454
121.75,1551.0,0.795454
121.75,1603.0,0.795454
121.75,1626.0,0.795454
121.75,1626.0,0.795454
121.833,1622.0,0.795454
121.833,1622.0,0.511364
121.833,1615.0,0.511364
121.833,1585.0,0.511364
121.917,1556.0,0.852273
121.917,1535.0,0.852273
122.0,1500.0,1.30682
122.083,1496.0,1.30682
122.083,1511.0,1.93182
122.083,1526.0,1.93182
122.167,1593.0,1.30682
122.25,1627.0,1.30682
122.25,1590.0,1.81818
122.25,1530.0,1.81818
122.333,1512.0,1.25
122.333,1506.0,1.25
122.417,1521.0,1.36364
122.5,1550.0,1.36364
122.5,1580.0,1.64773
122.583,1582.0,1.64773
122.583,1569.0,1.42045
122.667,1561.0,1.42045
122.667,1558.0,1.53409
122.667,1553.0,1.53409
122.667,1559.0,1.53409
122.667,1584.0,1.53409
122.75,1602.0,0.625
122.75,1608.0,0.625
122.833,1610.0,1.25
122.833,1610.0,1.25
122.833,1609.0,1.25
122.833,1608.0,1.25
122.833,1607.0,1.25
122.833,1609.0,1.25
122.833,1607.0,1.25
122.917,1604.0,0.397727
122.917,1619.0,0.397727
123.0,1748.0,0.397727
123.0,1773.0,1.07955
123.0,1728.0,1.07955
123.0,1676.0,1.07955
123.0,1651.0,1.07955
123.0,1634.0,1.07955
123.083,1633.0,0.511364
123.083,1633.0,0.511364
123.167,1555.0,0.511364
123.167,1516.0,1.02273
123.167,1532.0,1.02273
123.167,1597.0,1.02273
123.25,1635.0,0.852273
123.25,1568.0,0.852273
123.25,1484.0,0.852273
123.333,1539.0,0.852273
123.333,1597.0,0.795454
123.333,1637.0,0.795454
123.333,1673.0,0.795454
123.333,1641.0,0.795454
123.333,1626.0,0.795454
123.333,1626.0,0.795454
123.417,1657.0,0.795454
123.417,1589.0,0.397727
123.417,1539.0,0.397727
123.417,1534.0,0.397727
123.5,1580.0,0.397727
123.5,1629.0,0.681818
123.5,1620.0,0.681818
123.5,1606.0,0.681818
123.5,1583.0,0.681818
123.583,1541.0,0.681818
123.583,1551.0,0.681818
123.583,1553.0,0.681818
123.583,1539.0,0.681818
123.583,1533.0,0.681818
123.583,1507.0,0.681818
123.667,1538.0,0.454545
123.667,1561.0,0.454545
123.667,1554.0,0.454545
123.667,1529.0,0.454545
123.667,1560.0,0.454545
123.667,1585.0,0.454545
123.75,1581.0,0.454545
123.75,1543.0,0.454545
123.75,1457.0,0.454545
123.75,1407.0,0.454545
123.75,1380.0,0.454545
123.75,1407.0,0.454545
123.75,1471.0,0.454545
123.75,1471.0,0.454545
123.75,1475.0,0.454545
123.833,1444.0,0.454545
123.833,1419.0,0.340909
123.833,1412.0,0.340909
123.833,1384.0,0.340909
123.833,1337.0,0.340909
123.833,1305.0,0.340909
123.833,1302.0,0.340909
123.833,1304.0,0.340909
123.833,1325.0,0.340909
123.833,1374.0,0.340909
123.833,1395.0,0.340909
123.833,1398.0,0.340909
123.833,1380.0,0.340909
123.833,1374.0,0.340909
123.833,1377.0,0.340909
123.833,1367.0,0.340909
123.833,1352.0,0.340909
123.833,1350.0,0.340909
123.833,1359.0,0.340909
123.833,1373.0,0.340909
123.833,1402.0,0.340909
123.833,1384.0,0.340909
123.833,1341.0,0.340909
123.833,1244.0,0.340909
123.833,1234.0,0.340909
123.833,1241.0,0.340909
123.833,1313.0,0.340909
123.833,1341.0,0.340909
123.833,1344.0,0.340909
123.833,1357.0,0.340909
123.833,1348.0,0.340909
123.833,1311.0,0.340909
123.833,1262.0,0.340909
123.833,1245.0,0.340909
123.833,1312.0,0.340909
123.833,1409.0,0.340909
123.833,1486.0,0.340909
123.833,1478.0,0.340909
123.833,1420.0,0.340909
123.833,1420.0,0.340909
123.833,1420.0,0.340909
123.833,1380.0,0.340909
123.833,1359.0,0.340909
123.833,1349.0,0.340909
123.833,1402.0,0.340909
123.833,1444.0,0.340909
123.833,1434.0,0.340909
123.833,1372.0,0.340909
123.833,1317.0,0.340909
123.833,1249.0,0.340909
123.833,1209.0,0.340909
123.833,1270.0,0.340909
123.833,1429.0,0.340909
123.833,1485.0,0.340909
123.833,1485.0,0.340909
123.833,1442.0,0.340909
123.833,1299.0,0.340909
123.833,1258.0,0.340909
123.833,1264.0,0.340909
123.833,1300.0,0.340909
123.833,1392.0,0.0
123.833,1470.0,0.0
123.833,1470.0,0.0
123.833,1414.0,0.0
123.833,1346.0,0.0
123.833,1345.0,0.0
123.833,1360.0,0.0
123.833,1378.0,0.0
123.833,1378.0,0.0
123.833,1370.0,0.0
123.833,1333.0,0.0
123.833,1299.0,0.0
123.833,1248.0,0.0
123.833,1223.0,0.0
123.833,1240.0,0.0
123.833,1273.0,0.0
123.833,1324.0,0.0
123.833,1385.0,0.0
123.833,1407.0,0.0
123.833,1332.0,0.0
123.833,1244.0,0.0
123.833,1194.0,0.0
123.833,1246.0,0.0
123.833,1246.0,0.0
123.833,1368.0,0.0
123.833,1420.0,0.0
123.833,1410.0,0.0
123.833,1356.0,0.0
123.833,1291.0,0.0
123.833,1282.0,0.0
123.833,1279.0,0.0
123.833,1277.0,0.0
123.833,1296.0,0.0
123.833,1325.0,0.0
123.833,1341.0,0.0
123.833,1338.0,0.0
123.833,1322.0,0.0
123.833,1295.0,0.0
123.833,1278.0,0.0
123.833,1275.0,0.0
123.833,1281.0,0.0
123.833,1289.0,0.0
123.833,1282.0,0.0
123.833,1271.0,0.0
123.833,1258.0,0.0
123.833,1236.0,0.0
123.833,1225.0,0.0
123.833,1213.0,0.0
123.833,1208.0,0.0
123.833,1201.0,0.0
123.833,1187.0,0.0
123.833,1154.0,0.0
123.833,1122.0,0.0
123.833,1082.0,0.0
123.833,981.0,0.0
123.833,907.0,0.0
123.833,856.0,0.0
123.833,810.0,0.0
123.833,746.0,0.0
123.833,670.0,0.0
123.833,615.0,0.0
123.833,561.0,0.0
123.833,514.0,0.0
123.833,476.0,0.0
123.833,473.0,0.0
123.833,421.0,0.0
123.833,421.0,0.0
123.833,382.0,0.0
123.833,322.0,0.0
123.833,284.0,0.0
123.833,258.0,0.0
123.833,237.0,0.0
123.833,215.0,0.0
123.833,188.0,0.0
123.833,171.0,0.0
123.833,156.0,0.0
123.833,142.0,0.0
123.833,119.0,0.0
123.833,108.0,0.0
123.833,109.0,0.0
123.833,93.0,0.0
123.833,76.0,0.0
123.833,61.0,0.0
123.833,51.0,0.0
123.833,42.0,0.0
123.833,33.0,0.0
123.833,19.0,0.0
123.833,9.0,0.0
123.833,2.0,0.0
123.833,0.0,0.0
123.833,0.0,0.0
123.833,0.0,0.0
123.833,0.0,0.0
123.833,0.0,0.0
123.833,0.0,0.0
123.833,0.0,0.0
123.833,0.0,0.0
