0.0,0.0,0.0
0.0,0.0,0.0
0.0,0.0,0.0
0.0,0.0,0.0
0.0,0.0,0.0
0.0,0.0,0.0
0.0,1.0,0.0
0.0,0.0,0.0
0.0,0.0,0.0
0.0,0.0,0.0
0.0,0.0,0.0
0.0,0.0,0.0
0.0,0.0,0.0
0.0,0.0,0.0
0.0,0.0,0.0
0.0,1.0,0.0
0.0,0.0,0.0
0.0,0.0,0.0
0.0,0.0,0.0
0.0,0.0,0.0
0.0,0.0,0.0
0.0,0.0,0.0
0.0,0.0,0.0
0.0,0.0,0.0
0.0,0.0,0.0
0.0,0.0,0.0
0.0,0.0,0.0
0.0,0.0,0.0
0.0,0.0,0.0
0.0,0.0,0.0
0.0,0.0,0.0
0.0,1.0,0.0
0.0,0.0,0.0
0.0,0.0,0.0
0.0,0.0,0.0
0.0,0.0,0.0
0.0,0.0,0.0
0.0,0.0,0.0
0.0,0.0,0.0
0.0,0.0,0.0
0.0,0.0,0.0
0.0,0.0,0.0
0.0,0.0,0.0
0.0,0.0,0.0
0.0,0.0,0.0
0.0,0.0,0.0
0.0,0.0,0.0
0.0,0.0,0.0
0.0,0.0,0.0
0.0,0.0,0.0
0.0,0.0,0.0
0.0,0.0,0.0
0.0,0.0,0.0
0.0,0.0,0.0
0.0,0.0,0.0
0.0,0.0,0.0
0.0,0.0,0.0
0.0,0.0,0.0
0.0,0.0,0.0
0.0,0.0,0.0
0.0,0.0,0.0
0.0,0.0,0.0
0.0,0.0,0.0
0.0,0.0,0.0
0.0,0.0,0.0
0.0,0.0,0.0
0.0,0.0,0.0
0.0,0.0,0.0
0.0,0.0,0.0
0.0,0.0,0.0
0.0,0.0,0.0
0.0,0.0,0.0
0.0,0.0,0.0
0.0,0.0,0.0
0.0,0.0,0.0
0.0,0.0,0.0
0.0,0.0,0.0
0.0,0.0,0.0
0.0,0.0,0.0
0.0,0.0,0.0
0.0,0.0,0.0
0.0,0.0,0.0
0.0,0.0,0.0
0.0,0.0,0.0
0.0,0.0,0.0
0.0,0.0,0.0
0.0,0.0,0.0
0.0,0.0,0.0
0.0,0.0,0.0
0.0,0.0,0.0
0.0,0.0,0.0
0.0,0.0,0.0
0.0,0.0,0.0
0.0,0.0,0.0
0.0,0.0,0.0
0.0,0.0,0.0
0.0,0.0,0.0
0.0,0.0,0.0
0.0,0.0,0.0
0.0,0.0,0.0
0.0,0.0,0.0
0.0,0.0,0.0
0.0,0.0,0.0
0.0,0.0,0.0
0.0,0.0,0.0
0.0,0.0,0.0
0.0,0.0,0.0
0.0,0.0,0.0
0.0,0.0,0.0
0.0,0.0,0.0
0.0,0.0,0.0
0.0,0.0,0.0
0.0,0.0,0.0
0.0,0.0,0.0
0.0,0.0,0.0
0.0,0.0,0.0
0.0,0.0,0.0
0.0,0.0,0.0
0.0,0.0,0.0
0.0,0.0,0.0
0.0,1.0,0.0
0.0,0.0,0.0
0.0,0.0,0.0
0.0,0.0,0.0
0.0,0.0,0.0
0.0,0.0,0.0
0.0,0.0,0.0
0.0,0.0,0.0
0.0,0.0,0.0
0.0,0.0,0.0
0.0,0.0,0.0
0.0,0.0,0.0
0.0,0.0,0.0
0.0,0.0,0.0
0.0,0.0,0.0
0.0,0.0,0.0
0.0,0.0,0.0
0.0,0.0,0.0
0.0,0.0,0.0
0.0,0.0,0.0
0.0,0.0,0.0
0.0,0.0,0.0
0.0,0.0,0.0
0.0,0.0,0.0
0.0,0.0,0.0
0.0,0.0,0.0
0.0,0.0,0.0
0.0,0.0,0.0
0.0,0.0,0.0
0.0,0.0,0.0
0.0,0.0,0.0
0.0,0.0,0.0
0.0,0.0,0.0
0.0,0.0,0.0
0.0,0.0,0.0
0.0,0.0,0.0
0.0,0.0,0.0
0.0,0.0,0.0
0.0,0.0,0.0
0.0,0.0,0.0
0.0,0.0,0.0
0.0,0.0,0.0
0.0,0.0,0.0
0.0,0.0,0.0
0.0,0.0,0.0
0.0,0.0,0.0
0.0,0.0,0.0
0.0,0.0,0.0
0.0,0.0,0.0
0.0,0.0,0.0
0.0,0.0,0.0
0.0,0.0,0.0
0.0,0.0,0.0
0.0,0.0,0.0
0.0,0.0,0.0
0.0,0.0,0.0
0.0,0.0,0.0
0.0,0.0,0.0
0.0,0.0,0.0
0.0,0.0,0.0
0.0,0.0,0.0
0.0,0.0,0.0
0.0,0.0,0.0
0.0,0.0,0.0
0.0,0.0,0.0
0.0,0.0,0.0
0.0,0.0,0.0
0.0,0.0,0.0
0.0,0.0,0.0
0.0,0.0,0.0
0.0,0.0,0.0
0.0,0.0,0.0
0.0,0.0,0.0
0.0,0.0,0.0
0.0,0.0,0.0
0.0,0.0,0.0
0.0,0.0,0.0
0.0,0.0,0.0
0.0,0.0,0.0
0.0,0.0,0.0
0.0,0.0,0.0
0.0,0.0,0.0
0.0,0.0,0.0
0.0,0.0,0.0
0.0,0.0,0.0
0.0,0.0,0.0
0.0,0.0,0.0
0.0,1.0,0.0
0.0,0.0,0.0
0.0,0.0,0.0
0.0,0.0,0.0
0.0,0.0,0.0
0.0,0.0,0.0
0.0,0.0,0.0
0.0,0.0,0.0
0.0,0.0,0.0
0.0,0.0,0.0
0.0,0.0,0.0
0.0,0.0,0.0
0.0,0.0,0.0
0.0,0.0,0.0
0.0,0.0,0.0
0.0,0.0,0.0
0.0,0.0,0.0
0.0,0.0,0.0
0.0,0.0,0.0
0.0,0.0,0.0
0.0,0.0,0.0
0.0,0.0,0.0
0.0,0.0,0.0
0.0,1.0,0.0
0.0,0.0,0.0
0.0,0.0,0.0
0.0,0.0,0.0
0.0,0.0,0.0
0.0,0.0,0.0
0.0,0.0,0.0
0.0,0.0,0.0
0.0,0.0,0.0
0.0,0.0,0.0
0.0,0.0,0.0
0.0,0.0,0.0
0.0,0.0,0.0
0.0,0.0,0.0
0.0,0.0,0.0
0.0,0.0,0.0
0.0,0.0,0.0
0.0,0.0,0.0
0.0,0.0,0.0
0.0,0.0,0.0
0.0,0.0,0.0
0.0,0.0,0.0
0.0,0.0,0.0
0.0,0.0,0.0
0.0,0.0,0.0
0.0,0.0,0.0
0.0,0.0,0.0
0.0,0.0,0.0
0.0,0.0,0.0
0.0,0.0,0.0
0.0,0.0,0.0
0.0,0.0,0.0
0.0,0.0,0.0
0.0,0.0,0.0
0.0,0.0,0.0
0.0,0.0,0.0
0.0,0.0,0.0
0.0,0.0,0.0
0.0,0.0,0.0
0.0,0.0,0.0
0.0,0.0,0.0
0.0,0.0,0.0
0.0,0.0,0.0
0.0,0.0,0.0
0.0,0.0,0.0
0.0,0.0,0.0
0.0,0.0,0.0
0.0,0.0,0.0
0.0,0.0,0.0
0.0,0.0,0.0
0.0,0.0,0.0
0.0,0.0,0.0
0.0,0.0,0.0
0.0,0.0,0.0
0.0,0.0,0.0
0.0,0.0,0.0
0.0,0.0,0.0
0.0,0.0,0.0
0.0,0.0,0.0
0.0,0.0,0.0
0.0,0.0,0.0
0.0,0.0,0.0
0.0,0.0,0.0
0.0,0.0,0.0
0.0,0.0,0.0
0.0,0.0,0.0
0.0,0.0,0.0
0.0,0.0,0.0
0.0,0.0,0.0
0.0,0.0,0.0
0.0,0.0,0.0
0.0,0.0,0.0
0.0,0.0,0.0
0.0,0.0,0.0
0.0,0.0,0.0
0.0,0.0,0.0
0.0,0.0,0.0
0.0,0.0,0.0
0.0,0.0,0.0
0.0,0.0,0.0
0.0,0.0,0.0
0.0,0.0,0.0
0.0,0.0,0.0
0.0,39.0,0.0
0.0833333,558.0,0.0
0.0833333,1347.0,0.0
0.0833333,1797.0,0.0
0.0833333,1291.0,0.0
0.0833333,824.0,0.0
0.0833333,603.0,0.0
0.0833333,729.0,0.0
0.0833333,922.0,0.0
0.0833333,958.0,0.0
0.0833333,938.0,0.0
0.0833333,1037.0,0.0
0.0833333,1374.0,0.0
0.0833333,1469.0,0.0
0.0833333,1459.0,0.0
0.166667,1413.0,0.227273
0.166667,1445.0,0.227273
0.166667,1450.0,0.227273
0.166667,1496.0,0.227273
0.166667,1545.0,0.227273
0.166667,1587.0,0.227273
0.166667,1625.0,0.227273
0.166667,1639.0,0.227273
0.166667,1647.0,0.227273
0.166667,1672.0,0.227273
0.166667,1673.0,0.227273
0.166667,1646.0,0.227273
0.166667,1630.0,0.227273
0.166667,1650.0,0.227273
0.166667,1775.0,0.227273
0.166667,1820.0,0.227273
0.25,1821.0,0.227273
0.25,1821.0,0.170455
0.25,1760.0,0.170455
0.25,1709.0,0.170455
0.333333,1742.0,0.738636
0.333333,1773.0,0.738636
0.333333,1763.0,0.738636
0.416667,1720.0,0.738636
0.416667,1686.0,0.852273
0.416667,1723.0,0.852273
0.5,1749.0,0.852273
0.5,1741.0,0.909091
0.5,1685.0,0.909091
0.583333,1667.0,1.07955
0.583333,1674.0,1.07955
0.583333,1674.0,1.07955
0.666667,1695.0,1.07955
0.666667,1679.0,1.07955
0.75,1673.0,1.07955
0.75,1680.0,1.13636
0.833333,1694.0,1.13636
0.833333,1686.0,1.25
0.833333,1662.0,1.25
0.916667,1638.0,1.25
0.916667,1621.0,1.07955
1.0,1613.0,1.07955
1.0,1559.0,1.36364
1.08333,1505.0,1.36364
1.08333,1461.0,1.25
1.08333,1460.0,1.25
1.16667,1434.0,1.25
1.16667,1456.0,1.25
1.25,1489.0,1.30682
1.25,1500.0,1.30682
1.33333,1463.0,1.36364
1.33333,1429.0,1.36364
1.41667,1399.0,1.36364
1.41667,1354.0,1.36364
1.5,1300.0,1.42045
1.5,1320.0,1.42045
1.58333,1385.0,1.42045
1.58333,1403.0,1.42045
1.66667,1402.0,1.42045
1.66667,1402.0,1.42045
1.75,1387.0,1.42045
1.75,1390.0,1.42045
1.83333,1402.0,1.42045
1.83333,1400.0,1.36364
1.91667,1364.0,1.59091
1.91667,1324.0,1.59091
2.0,1285.0,1.47727
2.0,1248.0,1.47727
2.08333,1201.0,1.47727
2.16667,1144.0,1.47727
2.16667,1152.0,1.53409
2.25,1169.0,1.53409
2.25,1181.0,1.59091
2.33333,1198.0,1.59091
2.33333,1209.0,1.64773
2.41667,1173.0,1.70455
2.5,1108.0,1.70455
2.5,1051.0,1.81818
2.58333,1055.0,1.76136
2.58333,1098.0,1.76136
2.66667,1112.0,1.70455
2.75,1069.0,1.70455
2.75,1009.0,1.875
2.83333,1056.0,1.98864
2.91667,1086.0,1.98864
2.91667,1029.0,1.64773
3.0,901.0,1.81818
3.08333,779.0,1.81818
3.08333,685.0,2.15909
3.16667,655.0,1.93182
3.25,640.0,1.93182
3.25,608.0,1.53409
3.33333,606.0,2.32954
3.41667,604.0,2.32954
3.41667,577.0,1.93182
3.5,450.0,1.875
3.58333,345.0,1.875
3.58333,271.0,1.875
3.66667,234.0,1.875
3.75,220.0,1.875
3.75,213.0,1.875
3.83333,211.0,1.76136
3.91667,211.0,1.76136
3.91667,170.0,1.76136
4.0,124.0,1.76136
4.0,65.0,1.81818
4.08333,53.0,1.76136
4.16667,46.0,1.76136
4.16667,45.0,1.70455
4.25,50.0,1.875
4.33333,56.0,1.875
4.33333,79.0,1.70455
4.41667,112.0,1.93182
4.5,144.0,1.93182
4.5,210.0,1.875
4.58333,222.0,1.875
4.58333,219.0,1.81818
4.66667,237.0,1.76136
4.75,327.0,1.76136
4.75,393.0,1.93182
4.83333,431.0,2.04545
4.83333,450.0,2.04545
4.83333,487.0,2.04545
4.91667,568.0,0.852273
5.0,621.0,0.852273
5.0,644.0,1.875
5.08333,622.0,1.875
5.08333,521.0,1.875
5.08333,490.0,1.875
5.16667,489.0,1.875
5.16667,490.0,0.795454
5.25,551.0,2.27273
5.33333,530.0,2.27273
5.33333,489.0,1.875
5.33333,466.0,1.875
5.33333,498.0,1.875
5.33333,631.0,1.875
5.41667,668.0,1.875
5.41667,649.0,0.568182
5.41667,602.0,0.568182
5.41667,583.0,0.568182
5.41667,635.0,0.568182
5.41667,652.0,0.568182
5.5,648.0,0.511364
5.5,633.0,0.511364
5.5,633.0,0.511364
5.5,577.0,0.511364
5.58333,568.0,0.511364
5.58333,572.0,0.681818
5.66667,567.0,1.81818
5.75,517.0,1.81818
5.75,492.0,2.15909
5.83333,490.0,1.81818
5.91667,508.0,1.81818
6.0,541.0,2.10227
6.0,526.0,1.93182
6.08333,483.0,1.875
6.16667,397.0,1.875
6.16667,384.0,1.93182
6.25,461.0,1.93182
6.33333,494.0,1.93182
6.33333,465.0,1.875
6.41667,412.0,1.93182
6.41667,399.0,1.93182
6.5,470.0,1.53409
6.58333,547.0,1.53409
6.58333,573.0,1.93182
6.66667,500.0,1.76136
6.66667,413.0,1.76136
6.66667,414.0,1.76136
6.66667,466.0,1.76136
6.75,499.0,1.76136
6.75,520.0,0.681818
6.83333,506.0,2.04545
6.83333,495.0,2.04545
6.83333,501.0,2.04545
6.91667,537.0,0.965909
7.0,569.0,1.98864
7.0,579.0,1.98864
7.0,591.0,1.98864
7.08333,617.0,0.965909
7.08333,700.0,0.965909
7.16667,719.0,1.70455
7.25,697.0,2.32954
7.33333,657.0,2.32954
7.33333,682.0,1.98864
7.41667,690.0,1.875
7.5,690.0,1.875
7.5,826.0,1.93182
7.58333,887.0,1.93182
7.66667,865.0,1.93182
7.75,818.0,2.04545
7.75,820.0,2.10227
7.83333,844.0,2.10227
7.83333,844.0,2.10227
7.91667,716.0,2.10227
7.91667,640.0,1.02273
8.0,611.0,2.10227
8.0,621.0,2.10227
8.0,605.0,2.10227
8.08333,559.0,1.02273
8.16667,558.0,2.10227
8.16667,487.0,2.10227
8.16667,495.0,2.10227
8.16667,543.0,2.10227
8.25,538.0,0.738636
8.33333,498.0,0.738636
8.33333,453.0,1.76136
8.41667,425.0,2.55682
8.41667,456.0,2.55682
8.41667,488.0,2.55682
8.41667,505.0,2.55682
8.5,558.0,2.55682
8.58333,624.0,0.625
8.66667,639.0,2.72727
8.66667,641.0,2.04545
8.75,606.0,2.04545
8.75,617.0,1.64773
8.75,649.0,1.64773
8.75,665.0,1.64773
8.75,668.0,1.64773
8.75,659.0,1.64773
8.75,650.0,1.64773
8.83333,640.0,1.64773
8.83333,623.0,0.397727
8.83333,585.0,0.397727
8.91667,549.0,0.397727
8.91667,560.0,0.909091
9.0,589.0,1.93182
9.08333,587.0,2.55682
9.16667,587.0,2.55682
9.16667,624.0,2.10227
9.16667,613.0,2.10227
9.25,598.0,2.10227
9.25,598.0,0.965909
9.33333,629.0,1.875
9.41667,655.0,1.875
9.41667,652.0,1.93182
9.5,651.0,1.875
9.58333,662.0,2.04545
9.58333,803.0,2.04545
9.66667,878.0,1.81818
9.75,879.0,2.21591
9.83333,845.0,2.21591
9.83333,859.0,1.875
9.91667,899.0,1.93182
10.0,913.0,1.93182
10.0,894.0,2.10227
10.0833,861.0,2.10227
10.1667,885.0,2.10227
10.1667,941.0,2.10227
10.1667,982.0,2.10227
10.25,981.0,2.10227
10.25,941.0,0.852273
10.3333,947.0,2.27273
10.4167,967.0,2.44318
10.5,971.0,2.44318
10.5,964.0,1.93182
10.5833,960.0,1.98864
10.6667,964.0,1.98864
10.6667,969.0,1.98864
10.75,979.0,1.81818
10.8333,1002.0,1.81818
10.9167,1018.0,1.93182
10.9167,1031.0,1.98864
11.0,1041.0,1.98864
11.0833,1039.0,1.98864
11.0833,1029.0,2.04545
11.1667,1036.0,1.98864
11.25,1060.0,1.98864
11.3333,1091.0,1.98864
11.3333,1096.0,2.15909
11.3333,1045.0,2.15909
11.4167,1045.0,2.15909
11.4167,1009.0,1.07955
11.5,1006.0,1.70455
11.5833,1048.0,2.21591
11.6667,1065.0,2.21591
11.6667,1058.0,2.10227
11.75,1038.0,1.93182
11.8333,1038.0,1.93182
11.8333,1075.0,2.10227
11.9167,1099.0,1.81818
12.0,1090.0,1.81818
12.0,1054.0,1.98864
12.0,1023.0,1.98864
12.0833,1023.0,1.19318
12.0833,1058.0,1.19318
12.0833,1099.0,1.19318
12.1667,1273.0,0.965909
12.25,1346.0,2.04545
12.25,1356.0,2.04545
12.25,1323.0,2.04545
12.3333,1223.0,0.965909
12.4167,1155.0,0.965909
12.4167,1188.0,1.98864
12.5,1255.0,1.93182
12.5833,1303.0,2.15909
12.5833,1258.0,2.15909
12.5833,1240.0,2.15909
12.5833,1240.0,2.15909
12.5833,1313.0,2.15909
12.5833,1356.0,2.15909
12.6667,1351.0,0.454545
12.75,1367.0,0.454545
12.75,1410.0,1.81818
12.8333,1465.0,1.875
12.8333,1487.0,1.875
12.9167,1485.0,1.76136
13.0,1503.0,2.38636
13.0,1549.0,2.38636
13.0833,1647.0,1.53409
13.1667,1652.0,2.04545
13.1667,1630.0,2.04545
13.25,1630.0,1.76136
13.3333,1630.0,1.76136
13.3333,1554.0,1.81818
13.4167,1479.0,1.76136
13.5,1502.0,1.76136
13.5,1510.0,1.76136
13.5833,1459.0,1.76136
13.5833,1361.0,1.70455
13.6667,1372.0,1.64773
13.6667,1402.0,1.64773
13.75,1415.0,1.64773
13.8333,1364.0,1.64773
13.8333,1313.0,1.70455
13.9167,1294.0,1.64773
13.9167,1312.0,1.64773
14.0,1328.0,1.76136
14.0833,1363.0,1.76136
14.0833,1322.0,1.76136
14.1667,1286.0,1.76136
14.25,1273.0,1.76136
14.25,1276.0,1.81818
14.3333,1311.0,1.81818
14.4167,1361.0,1.81818
14.4167,1380.0,1.875
14.5,1318.0,1.81818
14.5833,1210.0,1.81818
14.5833,1136.0,1.98864
14.6667,1118.0,1.93182
14.75,1109.0,1.93182
14.75,1100.0,1.875
14.8333,1088.0,1.875
14.8333,1061.0,1.875
14.9167,1034.0,1.64773
14.9167,969.0,1.64773
14.9167,942.0,1.64773
15.0,932.0,0.909091
15.0833,922.0,2.44318
15.1667,907.0,2.44318
15.1667,921.0,1.93182
15.25,969.0,1.875
15.3333,1020.0,1.875
15.3333,1044.0,1.98864
15.4167,1042.0,1.875
15.5,1028.0,2.21591
15.5833,1028.0,2.21591
15.5833,1030.0,1.875
15.6667,1047.0,1.98864
15.75,1074.0,1.98864
15.75,1058.0,1.98864
15.8333,1031.0,1.98864
15.9167,1019.0,1.98864
15.9167,1038.0,1.98864
16.0,1056.0,2.04545
16.0833,1009.0,2.04545
16.1667,943.0,2.04545
16.1667,875.0,2.10227
16.1667,840.0,2.10227
16.1667,836.0,2.10227
16.25,843.0,2.10227
16.25,846.0,0.738636
16.3333,853.0,2.04545
16.4167,881.0,2.04545
16.5,898.0,2.04545
16.5,915.0,2.04545
16.5,961.0,2.04545
16.5833,1071.0,2.04545
16.5833,1143.0,1.02273
16.6667,1185.0,2.10227
16.75,1189.0,2.15909
16.8333,1183.0,2.15909
16.9167,1201.0,2.27273
17.0,1202.0,2.67045
17.0,1146.0,2.15909
17.0833,1079.0,2.10227
17.1667,1106.0,2.10227
17.1667,1160.0,2.15909
17.25,1160.0,2.04545
17.3333,1094.0,2.15909
17.4167,979.0,2.15909
17.5,981.0,2.21591
17.5,957.0,2.27273
17.5,857.0,2.27273
17.5833,700.0,2.27273
17.6667,595.0,1.07955
17.75,558.0,2.10227
17.75,558.0,2.55682
17.8333,485.0,2.55682
17.9167,485.0,1.81818
17.9167,317.0,2.38636
18.0,253.0,1.81818
18.0833,228.0,2.67045
18.1667,221.0,2.67045
18.1667,208.0,1.98864
18.25,179.0,1.93182
18.25,155.0,1.93182
18.25,144.0,1.93182
18.3333,188.0,1.02273
18.4167,352.0,2.04545
18.4167,391.0,2.04545
18.5,367.0,1.64773
18.5833,366.0,1.64773
18.5833,448.0,1.81818
18.6667,575.0,2.27273
18.75,684.0,1.98864
18.75,749.0,1.98864
18.75,806.0,1.98864
18.8333,914.0,0.965909
18.8333,975.0,0.965909
18.8333,1038.0,0.965909
18.9167,1127.0,1.02273
19.0,1268.0,1.02273
19.0,1327.0,1.93182
19.0,1343.0,1.93182
19.0,1354.0,1.93182
19.0833,1417.0,1.93182
19.1667,1519.0,0.681818
19.1667,1574.0,2.21591
19.25,1597.0,1.98864
19.3333,1598.0,1.98864
19.4167,1583.0,2.04545
19.5,1564.0,3.06818
19.5,1534.0,2.27273
19.5833,1508.0,1.93182
19.6667,1515.0,2.78409
19.6667,1522.0,2.78409
19.75,1516.0,2.78409
19.8333,1506.0,1.19318
19.8333,1491.0,2.38636
19.9167,1428.0,2.44318
20.0,1428.0,2.44318
20.0833,1380.0,2.5
20.1667,1354.0,2.5
20.25,1328.0,2.38636
20.25,1299.0,2.72727
20.25,1296.0,2.72727
20.3333,1297.0,1.19318
20.4167,1290.0,2.55682
20.5,1290.0,2.67045
20.5833,1289.0,2.55682
20.6667,1273.0,2.78409
20.6667,1249.0,2.78409
20.75,1229.0,2.78409
20.8333,1218.0,1.30682
20.9167,1195.0,2.61364
21.0,1143.0,2.44318
21.0833,1095.0,3.35227
21.1667,1003.0,2.5
21.1667,920.0,2.95454
21.1667,850.0,2.95454
21.25,810.0,1.25
21.3333,762.0,2.67045
21.4167,694.0,2.61364
21.5,695.0,2.67045
21.5833,739.0,2.5
21.6667,758.0,2.5
21.75,699.0,2.38636
21.75,696.0,2.61364
21.8333,692.0,2.61364
21.9167,654.0,1.42045
21.9167,515.0,2.44318
21.9167,415.0,2.44318
21.9167,359.0,2.44318
22.0,356.0,0.852273
22.0833,405.0,2.27273
22.1667,513.0,3.125
22.25,573.0,2.61364
22.3333,590.0,2.61364
22.4167,566.0,2.61364
22.5,558.0,2.27273
22.5833,600.0,2.61364
22.6667,600.0,3.23864
22.6667,690.0,2.67045
22.75,690.0,2.38636
22.8333,734.0,2.21591
22.8333,757.0,2.21591
22.9167,774.0,1.42045
23.0,796.0,3.18182
23.0833,828.0,2.95454
23.1667,870.0,2.44318
23.25,875.0,2.95454
23.25,885.0,2.95454
23.3333,921.0,1.30682
23.4167,965.0,3.01136
23.4167,938.0,3.01136
23.4167,894.0,3.01136
23.4167,892.0,3.01136
23.5,882.0,0.681818
23.5833,877.0,3.06818
23.6667,913.0,2.84091
23.75,971.0,2.95454
23.8333,994.0,2.84091
23.9167,912.0,2.5
24.0,890.0,2.5
24.0833,916.0,2.67045
24.1667,930.0,3.06818
24.25,864.0,3.06818
24.3333,809.0,3.06818
24.3333,808.0,2.21591
24.4167,801.0,1.53409
24.5,809.0,3.52273
24.5833,886.0,3.23864
24.6667,926.0,2.89773
24.75,867.0,3.01136
24.75,784.0,3.01136
24.75,736.0,3.01136
24.75,722.0,3.01136
24.8333,692.0,0.681818
24.9167,667.0,2.89773
24.9167,638.0,2.89773
25.0,568.0,1.42045
25.0833,564.0,3.01136
25.1667,617.0,2.89773
25.25,669.0,2.61364
25.3333,664.0,2.84091
25.5,661.0,3.29545
25.5,661.0,3.29545
25.5,663.0,3.29545
25.5833,678.0,1.30682
25.75,733.0,3.06818
25.75,731.0,4.03409
25.8333,653.0,4.03409
25.9167,561.0,1.42045
26.0,522.0,3.35227
26.0,561.0,3.01136
26.0,559.0,3.01136
26.0833,537.0,3.01136
26.0833,516.0,0.909091
26.0833,490.0,0.909091
26.1667,483.0,0.965909
26.1667,489.0,0.965909
26.25,507.0,1.59091
26.3333,528.0,2.67045
26.4167,566.0,3.01136
26.5,635.0,2.67045
26.5833,677.0,3.52273
26.6667,685.0,2.95454
26.75,700.0,2.89773
26.8333,696.0,3.06818
26.8333,674.0,3.06818
27.0,681.0,3.06818
27.0833,784.0,3.52273
27.1667,816.0,2.95454
27.1667,786.0,3.01136
27.1667,732.0,3.01136
27.25,673.0,1.30682
27.3333,586.0,2.95454
27.4167,561.0,2.95454
27.4167,587.0,1.47727
27.4167,640.0,1.47727
27.4167,682.0,1.47727
27.5,692.0,1.47727
27.5833,715.0,0.681818
27.6667,721.0,2.95454
27.6667,692.0,3.01136
27.6667,668.0,3.01136
27.8333,670.0,3.01136
27.9167,628.0,3.46591
28.0,628.0,2.78409
28.0,608.0,2.72727
28.0,714.0,2.72727
28.0,748.0,2.72727
28.1667,728.0,2.72727
28.25,673.0,3.35227
28.3333,572.0,2.72727
28.4167,517.0,2.61364
28.4167,521.0,3.01136
28.5,600.0,2.55682
28.5833,713.0,2.72727
28.5833,744.0,2.72727
28.6667,694.0,1.25
28.75,692.0,3.125
28.8333,669.0,3.125
28.8333,657.0,3.125
28.8333,620.0,3.125
28.9167,584.0,0.909091
29.0,562.0,2.44318
29.0833,581.0,2.44318
29.1667,641.0,2.89773
29.25,724.0,2.89773
29.3333,783.0,2.89773
29.4167,779.0,2.78409
29.5,743.0,2.95454
29.5,752.0,2.95454
29.5833,767.0,1.36364
29.6667,764.0,1.36364
29.75,788.0,2.44318
29.8333,794.0,2.38636
29.9167,770.0,3.52273
30.0,740.0,2.89773
30.0833,734.0,2.27273
30.1667,775.0,2.84091
30.25,794.0,2.55682
30.25,815.0,3.40909
30.25,867.0,3.40909
30.3333,866.0,1.25
30.4167,800.0,2.78409
30.4167,809.0,2.78409
30.5,873.0,1.42045
30.5,876.0,1.42045
30.5,883.0,1.42045
30.5,883.0,1.42045
30.5833,914.0,1.42045
30.6667,932.0,3.01136
30.75,873.0,3.01136
30.75,727.0,2.61364
30.75,734.0,2.61364
30.75,805.0,2.61364
30.8333,860.0,2.61364
30.9167,913.0,0.681818
31.0,1001.0,2.67045
31.0,1064.0,2.89773
31.0,1052.0,2.89773
31.0833,1014.0,1.25
31.1667,904.0,2.5
31.25,834.0,3.125
31.25,783.0,3.125
31.25,777.0,3.125
31.25,866.0,3.125
31.25,891.0,3.125
31.3333,880.0,0.568182
31.3333,889.0,0.568182
31.3333,947.0,0.568182
31.4167,930.0,0.568182
31.5,876.0,0.909091
31.5833,851.0,2.38636
31.6667,872.0,2.95454
31.75,898.0,2.84091
31.8333,974.0,2.78409
31.8333,1093.0,2.78409
31.9167,1196.0,2.15909
31.9167,1136.0,2.15909
32.0,1066.0,1.53409
32.0833,1048.0,2.67045
32.1667,1035.0,2.44318
32.25,987.0,2.67045
32.3333,980.0,2.78409
32.3333,991.0,2.78409
32.3333,949.0,2.78409
32.3333,883.0,2.78409
32.3333,940.0,2.78409
32.4167,944.0,2.78409
32.5,1049.0,0.511364
32.5833,1050.0,2.95454
32.6667,1050.0,3.01136
32.75,1075.0,2.95454
32.8333,1058.0,2.44318
32.9167,994.0,2.61364
33.0,973.0,2.61364
33.0833,1043.0,3.01136
33.1667,1050.0,3.06818
33.25,1001.0,2.5
33.25,1018.0,3.57954
33.25,1089.0,3.57954
33.3333,1087.0,3.57954
33.4167,1047.0,0.909091
33.5,1049.0,2.95454
33.5833,1099.0,2.78409
33.5833,1096.0,3.01136
33.6667,1101.0,3.01136
33.6667,1108.0,1.36364
33.75,1049.0,2.67045
33.75,949.0,2.67045
33.8333,889.0,1.42045
33.9167,880.0,2.67045
33.9167,823.0,2.67045
34.0,798.0,1.30682
34.0833,921.0,3.125
34.1667,955.0,3.125
34.1667,941.0,3.125
34.25,940.0,1.30682
34.3333,961.0,3.40909
34.4167,966.0,2.84091
34.5,946.0,2.95454
34.5,946.0,2.95454
34.5,964.0,2.95454
34.6667,961.0,2.95454
34.75,978.0,3.75
34.8333,1008.0,2.89773
34.9167,1027.0,3.01136
35.0,1031.0,2.89773
35.0833,1017.0,2.89773
35.0833,981.0,2.67045
35.25,941.0,2.67045
35.3333,941.0,3.29545
35.4167,960.0,2.61364
35.5,960.0,3.01136
35.5,948.0,2.89773
35.5,942.0,2.89773
35.5833,961.0,2.89773
35.5833,988.0,0.965909
35.6667,990.0,0.965909
35.75,1010.0,1.36364
35.8333,1043.0,3.23864
35.9167,1060.0,3.23864
35.9167,1071.0,3.18182
35.9167,1088.0,3.18182
36.0,1073.0,3.18182
36.0833,1014.0,3.52273
36.1667,960.0,3.125
36.25,940.0,2.95454
36.3333,907.0,2.84091
36.3333,887.0,2.84091
36.4167,914.0,1.47727
36.5,857.0,3.06818
36.5,776.0,3.06818
36.5833,748.0,3.06818
36.5833,754.0,1.02273
36.6667,660.0,1.02273
36.75,583.0,1.47727
36.75,548.0,2.89773
36.8333,532.0,2.38636
37.0,499.0,2.89773
37.0833,471.0,2.95454
37.1667,450.0,3.57954
37.25,417.0,2.89773
37.25,412.0,3.18182
37.3333,526.0,3.18182
37.3333,590.0,1.30682
37.3333,590.0,1.30682
37.4167,564.0,1.30682
37.5,596.0,1.02273
37.5833,620.0,3.23864
37.6667,630.0,2.84091
37.6667,652.0,2.67045
37.75,631.0,2.67045
37.8333,607.0,1.36364
37.9167,430.0,2.72727
38.0,339.0,2.84091
38.0833,339.0,3.01136
38.1667,301.0,2.55682
38.25,315.0,2.89773
38.3333,353.0,3.01136
38.4167,402.0,2.5
38.4167,421.0,2.55682
38.5833,385.0,2.72727
38.6667,388.0,3.23864
38.75,416.0,2.67045
38.75,449.0,2.72727
38.8333,489.0,2.32954
38.9167,586.0,2.95454
39.0,583.0,2.5
39.0833,665.0,3.23864
39.1667,718.0,2.38636
39.25,888.0,2.84091
39.3333,930.0,2.95454
39.4167,876.0,2.55682
39.4167,784.0,2.55682
39.5,757.0,2.55682
39.5833,815.0,1.19318
39.5833,830.0,3.06818
39.5833,820.0,3.06818
39.5833,854.0,3.06818
39.75,903.0,3.06818
39.75,891.0,3.125
39.8333,890.0,2.27273
39.9167,881.0,2.44318
39.9167,881.0,2.44318
40.0,843.0,1.47727
40.0833,806.0,2.72727
40.1667,778.0,2.72727
40.25,826.0,3.29545
40.25,869.0,3.29545
40.3333,884.0,3.29545
40.4167,914.0,1.13636
40.5,939.0,2.55682
40.5833,916.0,3.46591
40.6667,947.0,2.44318
40.75,1031.0,3.125
40.75,1029.0,2.72727
40.8333,1087.0,2.55682
40.9167,1141.0,2.55682
40.9167,1141.0,2.55682
41.0,1241.0,1.42045
41.0833,1293.0,2.84091
41.1667,1219.0,2.72727
41.1667,1138.0,2.72727
41.25,1146.0,1.30682
41.3333,1136.0,2.95454
41.4167,1116.0,2.95454
41.4167,1157.0,2.95454
41.5,1122.0,2.95454
41.5833,1077.0,1.19318
41.6667,992.0,3.18182
41.75,987.0,2.78409
41.75,914.0,2.78409
41.75,833.0,2.78409
41.8333,819.0,2.78409
41.9167,868.0,0.909091
42.0,935.0,2.95454
42.0833,953.0,2.95454
42.1667,968.0,2.61364
42.25,928.0,2.95454
42.3333,768.0,2.55682
42.4167,719.0,3.01136
42.5,732.0,2.5
42.5,732.0,2.84091
42.5,730.0,2.84091
42.5,799.0,2.84091
42.5,835.0,2.84091
42.5,832.0,2.84091
42.5833,856.0,0.511364
42.6667,1021.0,2.67045
42.75,1047.0,2.61364
42.8333,1004.0,2.67045
42.9167,988.0,2.78409
43.0,1058.0,2.78409
43.0833,1077.0,3.125
43.1667,1059.0,2.5
43.25,1051.0,2.67045
43.25,1053.0,2.67045
43.3333,1041.0,1.42045
43.4167,1017.0,1.42045
43.5,1031.0,2.67045
43.5833,1031.0,2.95454
43.5833,1054.0,2.78409
43.5833,1011.0,2.78409
43.5833,963.0,2.78409
43.6667,967.0,2.78409
43.75,988.0,0.681818
43.8333,1048.0,2.61364
43.8333,1152.0,2.61364
43.8333,1150.0,2.61364
43.9167,1086.0,2.61364
44.0,1034.0,0.909091
44.0,1059.0,3.125
44.0,1061.0,3.125
44.0833,1020.0,1.19318
44.1667,1015.0,3.29545
44.25,1082.0,2.89773
44.3333,1052.0,2.84091
44.3333,1008.0,2.84091
44.3333,1015.0,2.84091
44.4167,1043.0,0.909091
44.4167,1019.0,0.909091
44.5,1038.0,1.30682
44.5833,1057.0,2.89773
44.5833,1033.0,2.89773
44.6667,989.0,2.89773
44.6667,1004.0,1.30682
44.75,1006.0,1.47727
44.75,1040.0,1.47727
44.8333,1048.0,1.47727
44.9167,1033.0,1.25
45.0,1017.0,3.23864
45.0833,1012.0,2.78409
45.1667,1031.0,2.78409
45.25,1100.0,2.72727
45.3333,1108.0,2.84091
45.4167,1118.0,2.95454
45.5,1138.0,2.95454
45.5833,1112.0,2.5
45.6667,1077.0,3.29545
45.75,1092.0,2.95454
45.75,1094.0,2.89773
45.75,1087.0,2.89773
45.8333,1105.0,1.02273
45.8333,1105.0,1.02273
45.9167,1121.0,1.36364
46.0,1085.0,3.23864
46.0833,1007.0,2.78409
46.1667,1009.0,2.89773
46.1667,1046.0,2.89773
46.1667,1002.0,2.89773
46.25,919.0,0.909091
46.3333,867.0,0.909091
46.4167,842.0,3.40909
46.4167,828.0,3.40909
46.4167,844.0,3.40909
46.5,844.0,3.40909
46.5833,943.0,3.57954
46.6667,974.0,2.84091
46.75,1010.0,3.125
46.8333,1017.0,2.84091
46.9167,916.0,2.89773
47.0,880.0,3.01136
47.0833,889.0,2.5
47.1667,870.0,3.75
47.25,882.0,2.72727
47.25,1016.0,2.72727
47.3333,1065.0,1.25
47.4167,1051.0,2.95454
47.5,1015.0,2.84091
47.5833,961.0,3.57954
47.6667,911.0,2.72727
47.6667,942.0,2.72727
47.6667,1034.0,2.72727
47.6667,1081.0,2.72727
47.6667,1030.0,2.72727
47.6667,1034.0,2.72727
47.75,1070.0,0.454545
47.8333,1085.0,2.95454
47.8333,1034.0,2.95454
47.9167,1015.0,2.95454
47.9167,977.0,0.965909
48.0833,952.0,2.78409
48.1667,942.0,3.06818
48.1667,988.0,3.06818
48.25,1011.0,3.06818
48.3333,1001.0,1.42045
48.4167,1001.0,3.01136
48.5,980.0,2.5
48.5833,949.0,3.86364
48.6667,967.0,2.84091
48.75,1018.0,2.95454
48.8333,1142.0,2.84091
48.9167,1119.0,2.84091
49.0,1022.0,2.89773
49.0833,975.0,2.72727
49.1667,971.0,2.78409
49.25,1003.0,3.125
49.3333,1017.0,3.125
49.4167,1070.0,3.06818
49.5,1045.0,3.06818
49.5833,948.0,2.55682
49.6667,768.0,3.46591
49.75,689.0,2.84091
49.8333,663.0,3.125
49.9167,710.0,3.01136
50.0,845.0,2.72727
50.0833,933.0,3.06818
50.1667,980.0,3.06818
50.25,1010.0,2.84091
50.3333,1020.0,3.01136
50.4167,983.0,2.72727
50.5,980.0,2.5
50.5833,941.0,3.23864
50.6667,852.0,3.06818
50.6667,844.0,3.06818
50.75,903.0,1.47727
50.8333,951.0,2.67045
50.8333,965.0,2.67045
50.8333,928.0,2.67045
50.9167,890.0,0.965909
51.0,866.0,2.78409
51.1667,873.0,2.78409
51.1667,955.0,3.80682
51.3333,1072.0,3.80682
51.4167,1057.0,3.29545
51.4167,1058.0,2.67045
51.5,1060.0,2.61364
51.5,1004.0,2.61364
51.6667,1004.0,2.61364
51.75,953.0,3.75
51.8333,965.0,2.44318
51.8333,1001.0,2.84091
51.9167,1012.0,2.84091
52.0,1030.0,1.53409
52.0833,1037.0,2.67045
52.1667,1008.0,3.06818
52.25,982.0,2.95454
52.25,1018.0,2.44318
52.3333,1030.0,2.44318
52.4167,1035.0,1.47727
52.5,1032.0,2.61364
52.5833,1058.0,3.125
52.6667,1037.0,2.55682
52.75,1008.0,3.29545
52.8333,988.0,2.55682
52.9167,942.0,3.125
53.0,830.0,3.18182
53.0833,825.0,2.84091
53.1667,877.0,2.55682
53.25,922.0,2.5
53.3333,895.0,4.20454
53.4167,866.0,2.84091
53.5,857.0,2.72727
53.5,851.0,3.18182
53.5,872.0,3.18182
53.5833,939.0,3.18182
53.6667,948.0,0.909091
53.6667,930.0,3.18182
53.6667,908.0,3.18182
53.6667,907.0,3.18182
53.75,933.0,3.18182
53.8333,959.0,0.681818
53.9167,984.0,2.95454
54.0,934.0,2.72727
54.0,860.0,2.95454
54.0833,841.0,2.95454
54.1667,853.0,1.42045
54.25,869.0,2.5
54.3333,857.0,3.29545
54.4167,848.0,3.125
54.5,831.0,2.38636
54.5833,831.0,3.01136
54.6667,809.0,2.78409
54.75,818.0,2.95454
54.8333,840.0,2.89773
54.8333,821.0,2.78409
54.9167,765.0,2.78409
54.9167,696.0,1.30682
55.0,689.0,1.30682
55.0,639.0,1.47727
55.0,598.0,1.47727
55.0833,612.0,1.47727
55.0833,647.0,0.909091
55.0833,593.0,0.909091
55.25,548.0,1.30682
55.25,539.0,2.89773
55.3333,501.0,2.72727
55.4167,443.0,2.21591
55.5,398.0,3.23864
55.5833,405.0,2.61364
55.6667,467.0,3.18182
55.75,532.0,2.55682
55.8333,550.0,2.61364
55.8333,562.0,2.61364
55.8333,563.0,2.61364
55.9167,587.0,2.61364
56.0,589.0,0.852273
56.0833,688.0,3.01136
56.1667,755.0,2.72727
56.1667,784.0,2.55682
56.25,847.0,2.21591
56.3333,918.0,2.67045
56.3333,957.0,2.67045
56.3333,974.0,2.67045
56.4167,989.0,0.852273
56.5,973.0,0.852273
56.5,983.0,1.98864
56.5833,1050.0,1.98864
56.6667,1173.0,1.36364
56.6667,1224.0,2.55682
56.75,1222.0,2.21591
56.8333,1179.0,2.72727
56.9167,1226.0,2.78409
57.0,1413.0,2.78409
57.0833,1413.0,2.21591
57.1667,1435.0,2.84091
57.1667,1366.0,2.32954
57.1667,1334.0,2.32954
57.1667,1361.0,2.32954
57.25,1324.0,0.852273
57.3333,1300.0,2.84091
57.4167,1320.0,2.78409
57.5,1378.0,2.72727
57.5833,1386.0,2.38636
57.6667,1372.0,2.38636
57.75,1369.0,2.5
57.8333,1388.0,3.23864
57.8333,1433.0,3.23864
57.8333,1423.0,3.23864
57.9167,1393.0,3.23864
57.9167,1362.0,0.852273
57.9167,1302.0,0.852273
58.0,1305.0,0.852273
58.0,1300.0,0.909091
58.0833,1270.0,2.67045
58.1667,1226.0,2.32954
58.25,1241.0,2.55682
58.3333,1261.0,3.125
58.4167,1266.0,2.95454
58.5,1265.0,2.78409
58.5833,1237.0,3.125
58.6667,1172.0,2.44318
58.75,1156.0,2.89773
58.8333,1216.0,2.61364
58.9167,1263.0,3.125
59.0,1209.0,2.55682
59.0833,1188.0,2.78409
59.1667,1202.0,2.78409
59.1667,1168.0,2.55682
59.25,1062.0,2.55682
59.3333,1100.0,1.36364
59.4167,1145.0,2.44318
59.5,1221.0,3.35227
59.5833,1304.0,2.61364
59.6667,1364.0,2.38636
59.6667,1326.0,3.01136
59.75,1326.0,2.61364
59.75,1262.0,2.61364
59.8333,1292.0,1.19318
59.9167,1432.0,3.35227
60.0,1473.0,2.78409
60.0833,1463.0,2.78409
60.1667,1455.0,3.18182
60.25,1431.0,3.18182
60.3333,1394.0,2.44318
60.4167,1387.0,2.78409
60.5,1419.0,2.95454
60.5833,1400.0,2.44318
60.5833,1259.0,2.95454
60.5833,1241.0,2.95454
60.75,1302.0,2.95454
60.75,1341.0,3.57954
60.8333,1342.0,2.32954
60.9167,1344.0,2.72727
61.0,1305.0,2.61364
61.0833,1214.0,2.78409
61.1667,1138.0,2.61364
61.25,1180.0,2.44318
61.3333,1212.0,2.44318
61.4167,1213.0,3.18182
61.5,1222.0,3.18182
61.5833,1236.0,2.27273
61.6667,1188.0,3.01136
61.75,1150.0,2.89773
61.8333,1115.0,2.44318
61.9167,1116.0,3.06818
62.0,1151.0,2.67045
62.0833,1212.0,2.78409
62.0833,1250.0,2.61364
62.1667,1248.0,2.32954
62.25,1270.0,2.32954
62.25,1313.0,2.32954
62.3333,1346.0,1.53409
62.4167,1335.0,2.67045
62.5,1299.0,2.84091
62.5833,1296.0,2.84091
62.5833,1335.0,2.04545
62.5833,1366.0,2.04545
62.5833,1363.0,2.04545
62.5833,1363.0,2.04545
62.5833,1340.0,2.04545
62.5833,1330.0,2.04545
62.6667,1326.0,0.397727
62.75,1300.0,2.72727
62.8333,1270.0,2.72727
62.9167,1260.0,2.72727
63.0,1259.0,2.61364
63.0833,1261.0,2.21591
63.1667,1288.0,2.55682
63.25,1281.0,3.23864
63.3333,1281.0,2.55682
63.4167,1215.0,3.01136
63.4167,1175.0,2.72727
63.5,1221.0,2.21591
63.5,1220.0,2.21591
63.5833,1203.0,1.47727
63.6667,1216.0,2.61364
63.75,1161.0,2.55682
63.8333,1088.0,2.55682
63.8333,1058.0,2.27273
63.8333,1061.0,2.27273
63.8333,1043.0,2.27273
63.9167,1075.0,2.27273
64.0,1149.0,0.681818
64.0,1151.0,2.55682
64.0833,1115.0,2.55682
64.1667,1155.0,1.42045
64.1667,1246.0,2.67045
64.25,1280.0,2.15909
64.3333,1244.0,3.40909
64.4167,1268.0,2.04545
64.5,1296.0,3.35227
64.5833,1250.0,2.61364
64.6667,1185.0,3.18182
64.6667,1184.0,3.18182
64.6667,1166.0,3.18182
64.75,1135.0,3.18182
64.8333,1116.0,3.46591
64.9167,1116.0,2.78409
64.9167,1018.0,2.78409
65.0,939.0,2.78409
65.0833,940.0,1.36364
65.0833,940.0,2.84091
65.1667,973.0,2.84091
65.1667,936.0,1.36364
65.1667,939.0,1.36364
65.1667,1004.0,1.36364
65.25,1065.0,1.36364
65.3333,1023.0,0.681818
65.4167,953.0,3.06818
65.4167,943.0,3.01136
65.4167,939.0,3.01136
65.5,941.0,3.01136
65.5833,1030.0,0.909091
65.6667,1098.0,3.40909
65.75,1089.0,2.89773
65.8333,1039.0,2.89773
65.8333,994.0,2.55682
65.8333,980.0,2.55682
65.9167,958.0,2.55682
66.0,934.0,0.909091
66.0833,941.0,3.125
66.1667,995.0,2.89773
66.25,1005.0,2.89773
66.25,1034.0,2.72727
66.25,1072.0,2.72727
66.3333,1154.0,2.72727
66.3333,1110.0,0.909091
66.3333,1082.0,0.909091
66.3333,1086.0,0.909091
66.4167,1043.0,0.909091
66.5,975.0,0.738636
66.5833,964.0,2.61364
66.6667,969.0,2.95454
66.75,957.0,3.18182
66.8333,1004.0,2.55682
66.9167,1058.0,3.01136
67.0,1061.0,3.01136
67.0833,1021.0,2.84091
67.1667,993.0,2.84091
67.25,995.0,2.67045
67.3333,989.0,3.18182
67.4167,981.0,2.95454
67.5,998.0,2.67045
67.5,998.0,2.72727
67.5833,977.0,2.72727
67.6667,950.0,1.36364
67.75,964.0,3.35227
67.75,1007.0,2.89773
67.75,976.0,2.89773
67.8333,947.0,2.89773
67.9167,982.0,0.909091
67.9167,1025.0,2.78409
68.0,1008.0,2.78409
68.0833,998.0,1.47727
68.1667,998.0,2.67045
68.25,992.0,2.61364
68.3333,953.0,3.18182
68.4167,914.0,2.55682
68.5,937.0,3.57954
68.5833,939.0,2.89773
68.5833,945.0,3.125
68.6667,980.0,3.125
68.75,934.0,1.25
68.8333,867.0,3.06818
68.9167,847.0,3.35227
69.0,907.0,2.67045
69.0833,927.0,2.67045
69.0833,890.0,3.18182
69.0833,888.0,3.18182
69.0833,888.0,3.18182
69.0833,824.0,3.18182
69.1667,813.0,3.18182
69.1667,871.0,0.568182
69.25,936.0,0.568182
69.3333,922.0,1.30682
69.4167,910.0,2.95454
69.5,951.0,2.89773
69.5833,983.0,2.78409
69.6667,980.0,2.5
69.75,1008.0,3.125
69.8333,1011.0,3.18182
69.8333,1004.0,2.95454
69.9167,1005.0,2.04545
70.0,1018.0,2.04545
70.0833,1043.0,1.59091
70.1667,1049.0,2.72727
70.25,1049.0,2.95454
70.3333,1048.0,3.01136
70.4167,1051.0,2.84091
70.5,1061.0,2.5
70.5,1046.0,3.18182
70.5,1029.0,3.18182
70.5,1033.0,3.18182
70.5833,1038.0,3.18182
70.5833,1038.0,0.681818
70.5833,1054.0,0.681818
70.6667,1078.0,0.681818
70.6667,1070.0,0.965909
70.6667,1052.0,0.965909
70.75,1057.0,0.965909
70.8333,1077.0,1.02273
70.9167,1103.0,2.61364
71.0,1144.0,3.23864
71.0833,1162.0,2.84091
71.1667,1124.0,2.89773
71.25,1076.0,2.44318
71.3333,1096.0,3.40909
71.3333,1112.0,2.72727
71.4167,1108.0,2.72727
71.5,1116.0,1.47727
71.5,1130.0,3.18182
71.5833,1104.0,3.18182
71.6667,1092.0,1.36364
71.6667,1104.0,2.84091
71.6667,1115.0,2.84091
71.6667,1094.0,2.84091
71.75,1078.0,2.84091
71.8333,1052.0,0.681818
71.8333,982.0,3.01136
71.9167,1018.0,3.01136
72.0,1122.0,1.36364
72.0833,1139.0,2.67045
72.1667,1073.0,2.84091
72.25,1018.0,3.23864
72.3333,1020.0,2.84091
72.4167,1016.0,2.89773
72.4167,1009.0,3.01136
72.5,1018.0,3.01136
72.5833,999.0,3.06818
72.6667,999.0,2.84091
72.75,996.0,2.95454
72.75,1061.0,2.95454
72.8333,1149.0,2.95454
72.9167,1161.0,3.125
72.9167,1116.0,3.125
73.0,1111.0,1.36364
73.0,1094.0,1.36364
73.0,1043.0,1.36364
73.0833,990.0,0.965909
73.1667,988.0,2.89773
73.25,961.0,3.01136
73.25,954.0,3.01136
73.3333,1026.0,1.47727
73.4167,1067.0,1.47727
73.5,1060.0,3.06818
73.5833,1054.0,3.35227
73.6667,1114.0,2.84091
73.6667,1158.0,2.84091
73.75,1137.0,1.47727
73.75,1135.0,1.47727
73.8333,1155.0,1.47727
73.9167,1140.0,4.48864
74.0,1170.0,2.72727
74.0833,1170.0,2.61364
74.1667,1229.0,3.18182
74.25,1191.0,3.01136
74.3333,1138.0,2.44318
74.3333,1107.0,2.44318
74.4167,1095.0,1.47727
74.5,1114.0,2.95454
74.5,1141.0,2.95454
74.5,1126.0,2.95454
74.5833,1105.0,0.965909
74.6667,1098.0,2.67045
74.75,1113.0,2.72727
74.75,1116.0,2.72727
74.8333,1109.0,1.53409
74.9167,1108.0,2.95454
74.9167,1100.0,2.95454
75.0,1083.0,1.36364
75.1667,1099.0,3.06818
75.25,1099.0,3.23864
75.25,1136.0,2.55682
75.4167,1157.0,2.84091
75.4167,1137.0,3.57954
75.5,1127.0,3.57954
75.5,1118.0,1.30682
75.5,1109.0,1.30682
75.5,1103.0,1.30682
75.5833,1099.0,1.30682
75.6667,1085.0,0.738636
75.6667,1072.0,2.61364
75.75,1075.0,2.61364
75.8333,1090.0,1.53409
75.9167,1059.0,2.78409
75.9167,1034.0,3.18182
76.0,1041.0,3.18182
76.0833,1055.0,1.42045
76.1667,1044.0,2.95454
76.25,1036.0,3.01136
76.3333,1018.0,2.84091
76.4167,982.0,2.89773
76.5,993.0,2.89773
76.5833,1030.0,2.89773
76.6667,1031.0,3.23864
76.75,998.0,3.125
76.75,980.0,3.125
76.8333,969.0,1.42045
76.9167,952.0,2.84091
77.0,941.0,2.95454
77.0833,964.0,2.32954
77.1667,965.0,3.06818
77.25,958.0,3.06818
77.3333,980.0,2.95454
77.3333,1046.0,2.95454
77.4167,1084.0,1.47727
77.5,1063.0,2.5
77.5833,1063.0,3.18182
77.6667,1055.0,2.61364
77.75,1045.0,3.52273
77.8333,1106.0,2.89773
77.9167,1120.0,2.89773
77.9167,1081.0,2.89773
78.0,1043.0,2.89773
78.0833,1043.0,0.965909
78.0833,1065.0,2.84091
78.1667,1053.0,2.78409
78.25,1027.0,2.84091
78.3333,1034.0,2.84091
78.3333,1127.0,2.84091
78.5,1154.0,2.84091
78.5,1155.0,3.40909
78.5,1173.0,3.40909
78.5,1172.0,3.40909
78.6667,1168.0,3.40909
78.75,1139.0,3.125
78.8333,1129.0,2.78409
78.8333,1134.0,3.01136
78.9167,1142.0,2.55682
79.0,1158.0,2.55682
79.0,1178.0,1.47727
79.1667,1181.0,2.61364
79.25,1188.0,3.46591
79.25,1217.0,2.84091
79.25,1222.0,2.84091
79.3333,1196.0,1.25
79.5,1150.0,3.18182
79.5833,1095.0,3.29545
79.5833,1095.0,3.18182
79.6667,1105.0,3.18182
79.75,1120.0,1.36364
79.8333,1004.0,2.72727
79.9167,916.0,2.67045
80.0,896.0,3.125
80.0833,928.0,2.67045
80.0833,1017.0,3.06818
80.0833,1095.0,3.06818
80.0833,1138.0,3.06818
80.25,1127.0,3.06818
80.3333,1069.0,3.35227
80.3333,1089.0,2.72727
80.4167,1145.0,2.44318
80.5833,1142.0,2.89773
80.6667,1161.0,3.06818
80.75,1133.0,3.23864
80.75,1113.0,2.55682
80.75,1092.0,2.55682
80.75,1092.0,2.55682
80.9167,1131.0,2.55682
81.0,1235.0,3.35227
81.0833,1201.0,2.95454
81.0833,1139.0,2.84091
81.1667,1112.0,2.32954
81.25,1094.0,2.89773
81.3333,1034.0,2.72727
81.4167,1005.0,3.06818
81.5,980.0,2.78409
81.5833,977.0,2.44318
81.6667,1058.0,2.95454
81.6667,1136.0,2.95454
81.75,1178.0,1.30682
81.8333,1172.0,3.23864
81.9167,1088.0,2.38636
81.9167,1069.0,2.38636
82.0,1118.0,1.53409
82.0833,1153.0,2.72727
82.1667,1178.0,2.84091
82.25,1265.0,2.78409
82.25,1251.0,2.78409
82.25,1224.0,2.78409
82.3333,1210.0,2.78409
82.4167,1211.0,0.909091
82.5,1195.0,2.78409
82.5833,1197.0,2.72727
82.6667,1224.0,2.78409
82.75,1271.0,2.61364
82.75,1332.0,2.21591
82.75,1325.0,2.21591
82.8333,1356.0,1.36364
82.9167,1384.0,2.67045
83.0,1313.0,2.95454
83.0833,1289.0,2.84091
83.0833,1315.0,2.84091
83.0833,1332.0,2.84091
83.1667,1316.0,0.852273
83.25,1331.0,2.78409
83.3333,1338.0,2.78409
83.4167,1314.0,2.32954
83.5,1292.0,2.67045
83.5833,1292.0,3.35227
83.6667,1315.0,2.38636
83.6667,1322.0,2.89773
83.75,1299.0,2.89773
83.8333,1292.0,1.30682
83.8333,1384.0,3.01136
83.9167,1403.0,2.38636
84.0,1348.0,2.38636
84.0,1306.0,1.42045
84.0833,1298.0,2.55682
84.1667,1285.0,2.5
84.25,1275.0,2.61364
84.25,1289.0,2.61364
84.25,1305.0,2.61364
84.25,1284.0,2.61364
84.25,1284.0,2.61364
84.3333,1299.0,2.61364
84.3333,1308.0,0.511364
84.3333,1330.0,0.511364
84.4167,1436.0,0.511364
84.4167,1451.0,0.852273
84.5,1417.0,1.875
84.5833,1412.0,1.875
84.6667,1545.0,3.125
84.75,1551.0,2.95454
84.8333,1543.0,2.95454
84.9167,1497.0,1.98864
85.0,1488.0,2.89773
85.0,1515.0,2.67045
85.0833,1544.0,2.15909
85.1667,1610.0,2.67045
85.25,1682.0,2.72727
85.3333,1652.0,2.38636
85.4167,1587.0,2.38636
85.4167,1544.0,1.98864
85.5,1539.0,2.44318
85.5833,1575.0,2.67045
85.6667,1572.0,2.95454
85.6667,1572.0,2.95454
85.75,1553.0,1.19318
85.75,1566.0,1.19318
85.75,1592.0,1.19318
85.75,1579.0,1.19318
85.8333,1579.0,0.795454
85.9167,1555.0,2.78409
86.0,1540.0,2.21591
86.0833,1531.0,2.21591
86.1667,1533.0,3.125
86.25,1542.0,3.125
86.3333,1549.0,2.38636
86.3333,1530.0,2.38636
86.3333,1502.0,2.38636
86.4167,1509.0,1.25
86.4167,1509.0,1.25
86.5,1532.0,1.25
86.5833,1540.0,1.19318
86.6667,1547.0,2.95454
86.75,1546.0,2.95454
86.8333,1526.0,2.32954
86.8333,1513.0,2.5
86.9167,1535.0,2.21591
87.0,1550.0,2.78409
87.0833,1544.0,2.84091
87.0833,1546.0,2.84091
87.1667,1591.0,1.25
87.25,1608.0,1.25
87.25,1596.0,2.55682
87.25,1592.0,2.55682
87.3333,1578.0,2.55682
87.4167,1578.0,0.852273
87.4167,1578.0,2.44318
87.5,1581.0,2.21591
87.5833,1575.0,2.89773
87.6667,1561.0,2.84091
87.75,1557.0,2.72727
87.8333,1557.0,2.61364
87.9167,1548.0,2.61364
88.0,1519.0,2.5
88.0,1509.0,2.04545
88.0833,1510.0,2.04545
88.1667,1503.0,1.47727
88.25,1465.0,2.61364
88.25,1421.0,2.61364
88.3333,1353.0,2.15909
88.3333,1331.0,2.15909
88.4167,1366.0,1.42045
88.5,1366.0,2.72727
88.5,1381.0,2.72727
88.5,1351.0,2.72727
88.5833,1314.0,2.72727
88.5833,1297.0,0.852273
88.6667,1315.0,0.852273
88.75,1294.0,1.30682
88.8333,1231.0,2.78409
88.8333,1207.0,2.5
88.9167,1197.0,2.55682
89.0,1218.0,2.78409
89.0833,1230.0,2.84091
89.1667,1228.0,2.72727
89.25,1199.0,2.55682
89.3333,1153.0,2.78409
89.4167,1116.0,2.38636
89.5,1107.0,2.95454
89.5833,1094.0,2.72727
89.6667,1108.0,2.78409
89.75,1130.0,2.78409
89.8333,1130.0,2.67045
89.9167,1108.0,2.61364
90.0,1081.0,2.55682
90.0,1082.0,2.67045
90.0833,1052.0,2.67045
90.1667,1024.0,1.36364
90.1667,1034.0,2.55682
90.25,1061.0,2.67045
90.3333,1058.0,2.78409
90.4167,1081.0,2.78409
90.4167,1129.0,2.78409
90.5,1155.0,1.36364
90.5833,1108.0,2.32954
90.6667,1073.0,2.61364
90.75,1067.0,3.35227
90.8333,1110.0,2.67045
90.9167,1227.0,2.67045
91.0,1231.0,2.55682
91.0833,1295.0,2.72727
91.1667,1277.0,2.55682
91.25,1138.0,2.44318
91.3333,1110.0,3.23864
91.4167,1110.0,2.61364
91.4167,1139.0,2.78409
91.5833,1188.0,2.78409
91.5833,1180.0,2.89773
91.6667,1143.0,2.44318
91.75,1137.0,2.84091
91.8333,1141.0,2.21591
91.9167,1134.0,2.95454
92.0,1139.0,2.84091
92.0833,1137.0,2.84091
92.1667,1135.0,2.67045
92.25,1062.0,2.44318
92.3333,1028.0,3.01136
92.4167,1039.0,2.67045
92.5,1036.0,2.32954
92.5833,1037.0,2.72727
92.6667,1095.0,3.125
92.75,1154.0,2.61364
92.75,1138.0,2.72727
92.8333,1126.0,2.55682
92.9167,1135.0,2.44318
92.9167,1139.0,2.44318
93.0,1131.0,1.36364
93.0833,1129.0,2.89773
93.1667,1129.0,2.61364
93.25,1122.0,2.61364
93.3333,1129.0,2.61364
93.4167,1153.0,2.61364
93.5,1188.0,2.61364
93.5,1195.0,2.55682
93.6667,1183.0,2.55682
93.6667,1187.0,3.06818
93.75,1191.0,2.67045
93.75,1171.0,2.67045
93.8333,1142.0,1.30682
93.9167,1146.0,2.61364
94.0,1144.0,2.55682
94.0,1137.0,2.55682
94.0833,1148.0,2.55682
94.1667,1179.0,1.30682
94.25,1173.0,2.84091
94.3333,1148.0,2.78409
94.4167,1121.0,2.72727
94.4167,1121.0,2.44318
94.4167,1111.0,2.44318
94.5833,1105.0,2.44318
94.6667,1093.0,3.23864
94.6667,1099.0,2.67045
94.75,1134.0,2.55682
94.8333,1138.0,2.44318
94.9167,1135.0,2.78409
95.0,1140.0,2.38636
95.0833,1154.0,2.89773
95.0833,1151.0,2.89773
95.1667,1139.0,2.89773
95.25,1142.0,1.30682
95.25,1153.0,2.67045
95.25,1153.0,2.67045
95.3333,1159.0,2.67045
95.4167,1185.0,0.909091
95.4167,1208.0,2.67045
95.5,1207.0,2.32954
95.5833,1204.0,2.84091
95.6667,1214.0,2.89773
95.75,1221.0,2.72727
95.8333,1212.0,2.32954
95.9167,1191.0,3.01136
96.0,1183.0,3.01136
96.0,1163.0,2.44318
96.0833,1136.0,2.44318
96.1667,1083.0,1.30682
96.25,1097.0,3.35227
96.3333,1123.0,2.61364
96.4167,1135.0,2.21591
96.5,1114.0,3.23864
96.5,1104.0,2.44318
96.5833,1132.0,2.61364
96.5833,1186.0,2.61364
96.6667,1251.0,1.30682
96.75,1299.0,2.61364
96.8333,1300.0,2.61364
96.9167,1279.0,2.61364
97.0,1262.0,2.55682
97.0833,1257.0,2.61364
97.1667,1262.0,2.72727
97.25,1272.0,2.61364
97.3333,1272.0,2.32954
97.4167,1280.0,3.18182
97.5,1270.0,2.61364
97.5,1230.0,2.67045
97.5,1225.0,2.67045
97.5833,1237.0,1.25
97.6667,1230.0,2.78409
97.75,1193.0,2.32954
97.8333,1202.0,2.32954
97.9167,1200.0,2.61364
98.0,1207.0,2.61364
98.0,1214.0,2.84091
98.0,1238.0,2.84091
98.0,1237.0,2.84091
98.0833,1204.0,0.795454
98.1667,1169.0,2.84091
98.1667,1187.0,2.84091
98.25,1198.0,1.30682
98.25,1174.0,1.30682
98.3333,1140.0,1.30682
98.4167,1148.0,1.30682
98.5,1174.0,2.61364
98.5833,1151.0,2.32954
98.5833,1151.0,2.5
98.6667,1200.0,2.38636
98.75,1272.0,2.84091
98.8333,1184.0,2.72727
98.9167,1102.0,2.38636
98.9167,1093.0,2.38636
99.0,1125.0,1.36364
99.0833,1087.0,2.67045
99.1667,1070.0,2.67045
99.25,1076.0,2.5
99.3333,1014.0,2.55682
99.4167,913.0,2.32954
99.4167,916.0,2.78409
99.5,974.0,2.5
99.5833,974.0,2.32954
99.6667,994.0,2.84091
99.6667,979.0,2.84091
99.6667,983.0,2.84091
99.75,997.0,2.84091
99.75,997.0,0.795454
99.75,1014.0,0.795454
99.8333,1026.0,1.19318
99.9167,1042.0,2.55682
100.0,1061.0,2.55682
100.083,1074.0,2.27273
100.083,1082.0,2.44318
100.25,1105.0,2.44318
100.25,1126.0,3.40909
100.333,1180.0,2.44318
100.417,1219.0,2.44318
100.5,1262.0,2.44318
100.583,1298.0,2.27273
100.667,1327.0,2.04545
100.667,1339.0,3.46591
100.75,1339.0,2.32954
100.833,1328.0,2.5
100.917,1314.0,2.32954
101.0,1316.0,2.32954
101.083,1343.0,2.44318
101.083,1355.0,2.44318
101.083,1369.0,2.44318
101.083,1374.0,2.44318
101.167,1354.0,0.795454
101.25,1353.0,2.44318
101.333,1385.0,2.44318
101.333,1422.0,2.32954
101.333,1430.0,2.32954
101.417,1402.0,1.07955
101.5,1373.0,1.07955
101.5,1346.0,2.44318
101.583,1356.0,2.44318
101.667,1429.0,1.25
101.75,1424.0,2.32954
101.75,1359.0,2.84091
101.833,1287.0,2.38636
101.917,1296.0,2.44318
102.0,1314.0,2.44318
102.0,1326.0,2.44318
102.083,1315.0,1.81818
102.167,1296.0,2.78409
102.25,1271.0,2.67045
102.333,1251.0,2.55682
102.333,1251.0,2.55682
102.417,1235.0,2.55682
102.5,1243.0,1.07955
102.5,1281.0,3.29545
102.5,1271.0,3.29545
102.583,1248.0,1.07955
102.667,1254.0,2.55682
102.75,1299.0,2.55682
102.75,1317.0,2.44318
102.75,1317.0,2.44318
102.75,1276.0,2.44318
102.833,1268.0,0.795454
102.917,1270.0,2.55682
102.917,1257.0,2.55682
103.0,1253.0,2.55682
103.0,1262.0,1.13636
103.083,1238.0,2.27273
103.167,1195.0,2.78409
103.25,1180.0,2.78409
103.333,1186.0,2.04545
103.417,1207.0,2.72727
103.417,1211.0,2.44318
103.417,1200.0,2.44318
103.5,1200.0,1.13636
103.583,1212.0,2.38636
103.667,1223.0,2.38636
103.75,1229.0,2.55682
103.75,1243.0,2.32954
103.75,1256.0,2.32954
103.833,1246.0,1.07955
103.917,1229.0,1.07955
104.0,1235.0,2.55682
104.0,1250.0,2.38636
104.083,1261.0,2.21591
104.167,1236.0,2.38636
104.25,1209.0,2.38636
104.333,1197.0,2.38636
104.417,1197.0,1.875
104.417,1229.0,2.61364
104.5,1218.0,2.44318
104.583,1193.0,2.44318
104.667,1188.0,1.875
104.667,1214.0,2.72727
104.75,1214.0,2.21591
104.833,1269.0,2.61364
104.917,1264.0,2.27273
105.0,1243.0,2.27273
105.083,1235.0,2.27273
105.083,1255.0,2.15909
105.083,1251.0,2.15909
105.167,1227.0,1.13636
105.25,1203.0,1.13636
105.333,1208.0,2.21591
105.333,1231.0,2.10227
105.417,1240.0,2.32954
105.417,1239.0,2.32954
105.5,1239.0,2.32954
105.5,1231.0,1.02273
105.583,1230.0,2.44318
105.667,1242.0,2.27273
105.667,1264.0,2.27273
105.667,1282.0,2.27273
105.667,1271.0,2.27273
105.75,1257.0,0.738636
105.75,1254.0,0.738636
105.833,1262.0,0.738636
105.833,1264.0,1.07955
105.917,1264.0,2.44318
106.0,1261.0,1.98864
106.0,1255.0,1.98864
106.0,1242.0,1.98864
106.083,1250.0,1.07955
106.167,1266.0,2.55682
106.25,1276.0,2.21591
106.333,1251.0,2.21591
106.333,1190.0,1.875
106.333,1131.0,1.875
106.417,1139.0,1.875
106.417,1151.0,1.07955
106.417,1157.0,1.07955
106.5,1137.0,1.13636
106.583,1132.0,2.5
106.583,1149.0,2.5
106.667,1178.0,2.5
106.667,1172.0,1.02273
106.75,1172.0,2.10227
106.833,1164.0,2.10227
106.917,1175.0,2.04545
106.917,1200.0,2.32954
106.917,1200.0,2.32954
106.917,1189.0,2.32954
106.917,1199.0,2.32954
107.0,1239.0,0.681818
107.0,1320.0,0.681818
107.083,1328.0,0.681818
107.167,1318.0,1.07955
107.167,1336.0,2.27273
107.25,1357.0,1.81818
107.333,1346.0,2.72727
107.333,1353.0,2.72727
107.417,1380.0,1.875
107.5,1400.0,2.5
107.583,1351.0,2.27273
107.667,1331.0,2.27273
107.667,1351.0,1.93182
107.75,1380.0,2.04545
107.75,1385.0,2.04545
107.833,1367.0,2.04545
107.833,1367.0,1.13636
107.917,1363.0,1.93182
108.0,1374.0,1.93182
108.083,1388.0,1.98864
108.083,1378.0,2.5
108.167,1370.0,2.21591
108.25,1369.0,2.21591
108.333,1369.0,1.93182
108.417,1359.0,2.27273
108.417,1349.0,2.38636
108.417,1343.0,2.38636
108.5,1354.0,2.38636
108.5,1371.0,1.07955
108.5,1389.0,1.07955
108.583,1387.0,1.07955
108.667,1394.0,1.07955
108.75,1382.0,1.98864
108.75,1389.0,2.38636
108.833,1402.0,1.98864
108.917,1416.0,1.98864
108.917,1416.0,2.10227
109.0,1412.0,1.93182
109.083,1389.0,2.5
109.167,1377.0,2.5
109.167,1377.0,2.10227
109.25,1375.0,1.875
109.333,1366.0,2.61364
109.417,1381.0,2.61364
109.417,1407.0,2.15909
109.5,1408.0,1.93182
109.583,1403.0,2.15909
109.583,1408.0,2.15909
109.583,1418.0,2.15909
109.667,1414.0,1.02273
109.75,1376.0,2.15909
109.75,1369.0,2.15909
109.75,1399.0,2.15909
109.833,1431.0,1.02273
109.917,1431.0,1.02273
109.917,1382.0,2.04545
110.0,1382.0,1.64773
110.083,1401.0,2.32954
110.167,1413.0,2.32954
110.167,1414.0,2.04545
110.167,1441.0,2.04545
110.25,1511.0,2.04545
110.333,1519.0,0.965909
110.333,1476.0,2.61364
110.417,1468.0,2.61364
110.5,1472.0,1.70455
110.5,1455.0,2.32954
110.583,1419.0,1.81818
110.667,1390.0,1.81818
110.667,1417.0,2.38636
110.75,1438.0,1.98864
110.833,1435.0,1.98864
110.833,1431.0,1.98864
110.833,1440.0,1.98864
110.917,1431.0,1.98864
111.0,1410.0,0.909091
111.0,1379.0,2.27273
111.083,1387.0,2.32954
111.167,1418.0,2.32954
111.167,1418.0,1.70455
111.25,1436.0,1.98864
111.333,1429.0,2.27273
111.417,1421.0,2.27273
111.417,1444.0,1.98864
111.5,1471.0,1.98864
111.583,1480.0,1.98864
111.583,1466.0,1.93182
111.583,1454.0,1.93182
111.583,1464.0,1.93182
111.583,1474.0,1.93182
111.667,1476.0,0.625
111.75,1476.0,0.625
111.75,1465.0,2.04545
111.75,1441.0,2.04545
111.833,1417.0,2.04545
111.833,1412.0,0.965909
111.917,1423.0,1.98864
112.0,1419.0,2.04545
112.0,1404.0,2.04545
112.083,1413.0,1.59091
112.167,1554.0,2.44318
112.25,1558.0,2.44318
112.25,1485.0,1.93182
112.333,1391.0,1.93182
112.417,1458.0,1.53409
112.417,1522.0,2.67045
112.5,1496.0,1.93182
112.583,1430.0,1.93182
112.583,1434.0,1.93182
112.583,1511.0,1.93182
112.667,1521.0,1.93182
112.667,1481.0,0.965909
112.75,1434.0,1.98864
112.833,1455.0,1.98864
112.833,1467.0,1.875
112.917,1468.0,1.53409
113.0,1434.0,1.53409
113.0,1447.0,2.27273
113.083,1447.0,1.875
113.083,1429.0,1.875
113.083,1424.0,1.875
113.167,1424.0,0.909091
113.25,1468.0,0.909091
113.25,1534.0,2.10227
113.25,1503.0,2.10227
113.333,1446.0,2.10227
113.333,1433.0,0.909091
113.417,1554.0,1.98864
113.5,1577.0,1.98864
113.5,1549.0,1.875
113.5,1549.0,1.875
113.583,1494.0,1.875
113.583,1500.0,0.909091
113.667,1498.0,1.93182
113.75,1478.0,1.93182
113.75,1470.0,1.64773
113.75,1480.0,1.64773
113.833,1484.0,1.64773
113.833,1480.0,0.965909
113.917,1475.0,0.965909
114.0,1507.0,1.59091
114.0,1552.0,2.04545
114.083,1557.0,1.875
114.167,1530.0,1.875
114.167,1521.0,1.98864
114.167,1516.0,1.98864
114.167,1547.0,1.98864
114.25,1575.0,0.852273
114.333,1587.0,0.852273
114.333,1584.0,1.875
114.417,1597.0,1.81818
114.5,1612.0,1.81818
114.5,1611.0,1.70455
114.583,1579.0,1.81818
114.583,1565.0,1.81818
114.667,1577.0,1.81818
114.75,1592.0,1.81818
114.75,1593.0,1.76136
114.833,1582.0,1.76136
114.917,1597.0,1.76136
114.917,1636.0,1.98864
115.0,1667.0,1.875
115.083,1649.0,1.875
115.083,1627.0,1.70455
115.167,1627.0,1.98864
115.25,1627.0,1.98864
115.25,1628.0,1.81818
115.333,1609.0,1.81818
115.417,1581.0,1.81818
115.417,1582.0,1.875
115.5,1598.0,1.875
115.5,1610.0,1.875
115.5,1612.0,1.875
115.583,1613.0,1.875
115.583,1615.0,0.909091
115.667,1602.0,1.93182
115.667,1552.0,1.93182
115.75,1529.0,1.42045
115.833,1549.0,2.67045
115.833,1580.0,2.67045
115.833,1589.0,2.67045
115.833,1541.0,2.67045
115.917,1537.0,2.67045
115.917,1554.0,0.625
116.0,1558.0,1.93182
116.083,1507.0,1.93182
116.083,1498.0,1.93182
116.083,1528.0,1.93182
116.167,1548.0,1.93182
116.167,1527.0,0.909091
116.25,1499.0,1.81818
116.25,1526.0,1.81818
116.25,1547.0,1.81818
116.333,1528.0,0.909091
116.417,1472.0,0.909091
116.417,1505.0,1.93182
116.5,1553.0,1.93182
116.5,1581.0,1.76136
116.583,1499.0,1.70455
116.667,1516.0,2.38636
116.75,1517.0,2.38636
116.75,1549.0,2.04545
116.833,1487.0,2.04545
116.833,1448.0,1.53409
116.917,1513.0,1.98864
117.0,1557.0,1.98864
117.0,1529.0,1.875
117.083,1529.0,1.70455
117.167,1401.0,1.70455
117.167,1414.0,2.15909
117.25,1471.0,1.875
117.333,1488.0,1.875
117.333,1374.0,1.93182
117.417,1302.0,1.81818
117.5,1326.0,1.81818
117.5,1328.0,1.875
117.583,1359.0,1.875
117.583,1339.0,1.875
117.583,1363.0,1.875
117.667,1410.0,1.875
117.667,1425.0,0.852273
117.667,1363.0,0.852273
117.75,1354.0,0.852273
117.75,1394.0,0.795454
117.833,1423.0,2.27273
117.917,1393.0,2.27273
117.917,1349.0,1.93182
118.0,1385.0,1.81818
118.083,1427.0,1.81818
118.083,1425.0,1.64773
118.167,1368.0,1.64773
118.167,1388.0,1.81818
118.25,1430.0,1.47727
118.333,1441.0,1.47727
118.333,1385.0,2.32954
118.417,1357.0,1.76136
118.5,1392.0,1.76136
118.5,1434.0,1.81818
118.583,1437.0,1.81818
118.583,1390.0,1.47727
118.583,1414.0,1.47727
118.667,1461.0,1.47727
118.667,1479.0,0.965909
118.75,1438.0,1.98864
118.75,1393.0,1.98864
118.833,1398.0,1.98864
118.833,1419.0,1.25
118.917,1410.0,1.93182
119.0,1360.0,2.27273
119.083,1360.0,2.27273
119.083,1360.0,1.76136
119.083,1385.0,1.76136
119.083,1407.0,1.76136
119.167,1369.0,0.852273
119.25,1340.0,0.852273
119.25,1340.0,1.70455
119.25,1354.0,1.70455
119.25,1371.0,1.70455
119.333,1365.0,0.795454
119.333,1366.0,0.795454
119.417,1392.0,1.70455
119.417,1425.0,1.70455
119.417,1411.0,1.70455
119.5,1353.0,0.852273
119.5,1275.0,0.852273
119.5,1317.0,0.852273
119.583,1395.0,0.852273
119.583,1338.0,0.852273
119.667,1325.0,0.852273
119.667,1406.0,1.59091
119.75,1467.0,2.04545
119.833,1509.0,2.04545
119.833,1388.0,1.64773
119.917,1323.0,1.64773
119.917,1348.0,1.47727
120.0,1432.0,1.875
120.083,1413.0,1.875
120.083,1414.0,1.76136
120.167,1483.0,1.76136
120.167,1573.0,1.59091
120.25,1495.0,1.59091
120.333,1390.0,1.59091
120.333,1354.0,2.15909
120.417,1429.0,2.15909
120.417,1517.0,1.47727
120.5,1518.0,1.70455
120.5,1446.0,1.70455
120.583,1445.0,1.64773
120.667,1612.0,1.64773
120.667,1669.0,1.81818
120.75,1625.0,1.59091
120.833,1558.0,1.59091
120.833,1558.0,1.76136
120.917,1555.0,1.76136
120.917,1605.0,1.42045
121.0,1587.0,1.98864
121.0,1528.0,1.98864
121.083,1470.0,1.47727
121.167,1465.0,1.47727
121.167,1493.0,1.81818
121.25,1493.0,1.875
121.25,1501.0,1.875
121.333,1511.0,1.42045
121.417,1531.0,1.42045
121.417,1536.0,1.70455
121.417,1522.0,1.70455
121.417,1513.0,1.70455
121.5,1510.0,0.909091
121.583,1495.0,0.909091
121.583,1473.0,1.70455
121.667,1461.0,1.70455
121.667,1457.0,1.47727
121.75,1457.0,1.875
121.833,1463.0,1.875
121.833,1463.0,1.76136
121.917,1493.0,1.76136
121.917,1530.0,1.70455
122.0,1527.0,1.81818
122.0,1507.0,1.81818
122.0,1494.0,1.81818
122.083,1505.0,1.81818
122.083,1507.0,0.795454
122.167,1489.0,1.64773
122.167,1455.0,1.64773
122.25,1427.0,1.59091
122.333,1456.0,1.59091
122.333,1485.0,1.64773
122.333,1489.0,1.64773
122.333,1485.0,1.64773
122.417,1465.0,0.852273
122.5,1474.0,0.852273
122.5,1476.0,1.70455
122.5,1461.0,1.70455
122.5,1329.0,1.70455
122.583,1270.0,0.795454
122.667,1270.0,0.795454
122.667,1317.0,1.81818
122.75,1414.0,1.81818
122.75,1432.0,1.42045
122.833,1333.0,1.42045
122.833,1328.0,1.59091
122.917,1381.0,1.53409
122.917,1410.0,1.53409
122.917,1324.0,1.53409
123.0,1271.0,0.965909
123.0,1316.0,0.965909
123.083,1431.0,1.42045
123.083,1555.0,1.42045
123.167,1497.0,1.76136
123.167,1419.0,1.76136
123.25,1391.0,1.42045
123.333,1396.0,1.42045
123.333,1343.0,1.59091
123.417,1283.0,1.98864
123.417,1259.0,1.98864
123.5,1286.0,1.47727
123.5,1339.0,1.47727
123.583,1349.0,1.47727
123.667,1321.0,1.47727
123.667,1292.0,1.93182
123.75,1305.0,1.59091
123.75,1334.0,1.59091
123.833,1313.0,1.59091
123.833,1265.0,1.30682
123.917,1244.0,1.59091
124.0,1302.0,1.59091
124.0,1332.0,1.76136
124.083,1322.0,1.76136
124.083,1303.0,1.59091
124.167,1325.0,1.59091
124.167,1334.0,1.36364
124.25,1317.0,1.36364
124.25,1272.0,1.47727
124.333,1248.0,1.47727
124.333,1311.0,1.59091
124.417,1415.0,1.59091
124.417,1394.0,1.42045
124.5,1394.0,1.70455
124.5,1277.0,1.70455
124.583,1171.0,1.36364
124.583,1284.0,1.36364
124.667,1415.0,1.42045
124.667,1478.0,1.42045
124.75,1445.0,1.42045
124.75,1415.0,1.25
124.833,1416.0,1.64773
124.833,1450.0,1.64773
124.917,1459.0,1.47727
124.917,1290.0,1.47727
125.0,1207.0,1.36364
125.0,1237.0,1.36364
125.083,1342.0,1.53409
125.083,1440.0,1.53409
125.167,1379.0,1.42045
125.167,1308.0,1.42045
125.25,1293.0,1.53409
125.25,1369.0,1.53409
125.25,1405.0,1.53409
125.25,1349.0,1.53409
125.333,1350.0,0.681818
125.417,1278.0,0.681818
125.417,1356.0,1.59091
125.5,1431.0,1.59091
125.5,1430.0,1.36364
125.5,1359.0,1.36364
125.5,1262.0,1.36364
125.583,1269.0,1.36364
125.583,1328.0,0.738636
125.667,1385.0,0.738636
125.667,1404.0,1.53409
125.667,1346.0,1.53409
125.75,1329.0,1.13636
125.75,1340.0,1.13636
125.75,1339.0,1.13636
125.75,1367.0,1.13636
125.833,1342.0,0.738636
125.833,1320.0,0.738636
125.917,1328.0,1.42045
125.917,1396.0,1.42045
126.0,1506.0,1.30682
126.0,1506.0,1.30682
126.083,1463.0,1.53409
126.083,1396.0,1.53409
126.167,1358.0,1.36364
126.167,1441.0,1.36364
126.167,1524.0,1.36364
126.167,1541.0,1.36364
126.25,1471.0,1.36364
126.25,1443.0,0.625
126.333,1488.0,1.64773
126.333,1544.0,1.64773
126.417,1533.0,1.36364
126.417,1466.0,1.36364
126.5,1436.0,1.47727
126.5,1479.0,1.47727
126.583,1513.0,1.47727
126.583,1502.0,1.19318
126.583,1410.0,1.19318
126.583,1407.0,1.19318
126.667,1431.0,1.19318
126.667,1432.0,0.681818
126.667,1416.0,0.681818
126.667,1418.0,0.681818
126.667,1449.0,0.681818
126.75,1472.0,0.681818
126.75,1444.0,0.681818
126.833,1262.0,1.36364
126.833,1213.0,1.36364
126.833,1245.0,1.36364
126.833,1321.0,1.36364
126.833,1423.0,1.36364
126.833,1454.0,1.36364
126.833,1446.0,1.36364
126.917,1432.0,0.397727
126.917,1436.0,0.397727
127.0,1470.0,0.397727
127.0,1525.0,1.19318
127.083,1516.0,1.19318
127.083,1493.0,1.25
127.083,1579.0,1.25
127.167,1667.0,1.30682
127.167,1725.0,1.30682
127.25,1736.0,1.30682
127.25,1736.0,1.13636
127.333,1664.0,1.13636
127.333,1599.0,1.30682
127.333,1610.0,1.30682
127.417,1621.0,1.19318
127.417,1566.0,1.19318
127.417,1387.0,1.19318
127.417,1374.0,1.19318
127.5,1361.0,1.19318
127.5,1396.0,0.625
127.5,1419.0,0.625
127.583,1375.0,1.02273
127.583,1322.0,1.02273
127.583,1295.0,1.02273
127.667,1335.0,0.965909
127.667,1409.0,0.965909
127.75,1415.0,1.36364
127.75,1397.0,1.36364
127.833,1380.0,1.36364
127.833,1409.0,1.13636
127.833,1447.0,1.13636
127.917,1448.0,1.13636
127.917,1431.0,1.07955
127.917,1431.0,1.07955
128.0,1499.0,1.07955
128.0,1544.0,1.07955
128.0,1534.0,1.07955
128.083,1463.0,0.909091
128.083,1367.0,0.909091
128.167,1393.0,1.47727
128.167,1453.0,1.47727
128.167,1494.0,1.47727
128.167,1439.0,1.47727
128.167,1406.0,1.47727
128.25,1390.0,1.47727
128.25,1390.0,0.511364
128.25,1434.0,0.511364
128.333,1528.0,0.511364
128.333,1522.0,1.02273
128.333,1483.0,1.02273
128.417,1476.0,1.02273
128.417,1590.0,0.965909
128.417,1590.0,0.965909
128.5,1630.0,1.07955
128.5,1613.0,1.07955
128.583,1567.0,1.07955
128.583,1513.0,1.02273
128.583,1521.0,1.02273
128.583,1553.0,1.02273
128.583,1581.0,1.02273
128.583,1586.0,1.02273
128.583,1636.0,1.02273
128.667,1637.0,0.454545
128.667,1624.0,0.454545
128.667,1608.0,0.454545
128.75,1578.0,0.454545
128.75,1567.0,0.852273
128.75,1576.0,0.852273
128.833,1595.0,1.02273
128.833,1616.0,1.02273
128.833,1633.0,1.02273
128.917,1647.0,1.02273
128.917,1647.0,0.909091
128.917,1624.0,0.909091
129.0,1586.0,0.909091
129.0,1567.0,0.909091
129.0,1572.0,0.909091
129.083,1586.0,0.909091
129.083,1620.0,0.909091
129.083,1650.0,0.909091
129.167,1644.0,0.909091
129.167,1622.0,0.909091
129.167,1616.0,0.909091
129.167,1660.0,0.909091
129.25,1666.0,0.852273
129.25,1639.0,0.852273
129.25,1593.0,0.852273
129.333,1542.0,0.852273
129.333,1641.0,0.852273
129.333,1698.0,0.852273
129.333,1691.0,0.852273
129.417,1646.0,0.852273
129.417,1584.0,0.852273
129.417,1559.0,0.852273
129.5,1573.0,0.852273
129.5,1573.0,0.852273
129.5,1610.0,0.852273
129.583,1631.0,0.852273
129.583,1617.0,0.795454
129.583,1611.0,0.795454
129.583,1637.0,0.795454
129.667,1662.0,0.795454
129.667,1671.0,0.795454
129.667,1674.0,0.795454
129.667,1672.0,0.795454
129.75,1674.0,0.738636
129.75,1722.0,0.738636
129.75,1829.0,0.738636
129.75,1877.0,0.738636
129.833,1839.0,0.681818
129.833,1730.0,0.681818
129.833,1752.0,0.681818
129.833,1803.0,0.681818
129.917,1832.0,0.681818
129.917,1841.0,0.625
129.917,1880.0,0.625
129.917,1878.0,0.625
129.917,1926.0,0.625
130.0,1944.0,0.625
130.0,1895.0,0.625
130.0,1862.0,0.625
130.0,1855.0,0.625
130.0,1869.0,0.625
130.0,1896.0,0.625
130.083,1913.0,0.511364
130.083,1914.0,0.511364
130.083,1927.0,0.511364
130.083,1952.0,0.511364
130.083,1973.0,0.511364
130.167,1965.0,0.511364
130.167,1964.0,0.511364
130.167,1942.0,0.511364
130.167,1951.0,0.511364
130.167,1968.0,0.511364
130.167,1984.0,0.511364
130.167,1996.0,0.511364
130.25,1981.0,0.454545
130.25,1949.0,0.454545
130.25,1949.0,0.454545
130.25,1958.0,0.454545
130.25,1975.0,0.454545
130.25,1981.0,0.454545
130.25,1937.0,0.454545
130.333,1898.0,0.397727
130.333,1863.0,0.397727
130.333,1862.0,0.397727
130.333,1948.0,0.397727
130.333,1939.0,0.397727
130.333,1883.0,0.397727
130.333,1824.0,0.397727
130.417,1833.0,0.397727
130.417,1900.0,0.397727
130.417,1878.0,0.397727
130.417,1815.0,0.397727
130.417,1768.0,0.397727
130.417,1807.0,0.397727
130.417,1819.0,0.397727
130.417,1807.0,0.397727
130.417,1797.0,0.397727
130.5,1796.0,0.397727
130.5,1786.0,0.340909
130.5,1770.0,0.340909
130.5,1751.0,0.340909
130.5,1726.0,0.340909
130.5,1672.0,0.340909
130.5,1685.0,0.340909
130.5,1701.0,0.340909
130.5,1700.0,0.340909
130.5,1669.0,0.340909
130.5,1646.0,0.340909
130.5,1636.0,0.340909
130.5,1636.0,0.340909
130.583,1644.0,0.227273
130.583,1627.0,0.227273
130.583,1581.0,0.227273
