0.0,0.0,0.0
0.0,0.0,0.0
0.0,0.0,0.0
0.0,0.0,0.0
0.0,0.0,0.0
0.0,0.0,0.0
0.0,0.0,0.0
0.0,0.0,0.0
0.0,0.0,0.0
0.0,0.0,0.0
0.0,0.0,0.0
0.0,0.0,0.0
0.0,0.0,0.0
0.0,0.0,0.0
0.0,0.0,0.0
0.0,0.0,0.0
0.0,0.0,0.0
0.0,0.0,0.0
0.0,0.0,0.0
0.0,0.0,0.0
0.0,0.0,0.0
0.0,0.0,0.0
0.0,0.0,0.0
0.0,0.0,0.0
0.0,0.0,0.0
0.0,0.0,0.0
0.0,0.0,0.0
0.0,0.0,0.0
0.0,0.0,0.0
0.0,0.0,0.0
0.0,0.0,0.0
0.0,0.0,0.0
0.0,0.0,0.0
0.0,0.0,0.0
0.0,0.0,0.0
0.0,0.0,0.0
0.0,0.0,0.0
0.0,0.0,0.0
0.0,0.0,0.0
0.0,0.0,0.0
0.0,0.0,0.0
0.0,0.0,0.0
0.0,0.0,0.0
0.0,0.0,0.0
0.0,0.0,0.0
0.0,0.0,0.0
0.0,0.0,0.0
0.0,0.0,0.0
0.0,0.0,0.0
0.0,0.0,0.0
0.0,0.0,0.0
0.0,0.0,0.0
0.0,0.0,0.0
0.0,0.0,0.0
0.0,0.0,0.0
0.0,0.0,0.0
0.0,0.0,0.0
0.0,0.0,0.0
0.0,0.0,0.0
0.0,0.0,0.0
0.0,0.0,0.0
0.0,0.0,0.0
0.0,0.0,0.0
0.0,0.0,0.0
0.0,0.0,0.0
0.0,0.0,0.0
0.0,0.0,0.0
0.0,0.0,0.0
0.0,0.0,0.0
0.0,0.0,0.0
0.0,0.0,0.0
0.0,0.0,0.0
0.0,0.0,0.0
0.0,0.0,0.0
0.0,0.0,0.0
0.0,0.0,0.0
0.0,0.0,0.0
0.0,0.0,0.0
0.0,0.0,0.0
0.0,0.0,0.0
0.0,0.0,0.0
0.0,0.0,0.0
0.0,0.0,0.0
0.0,0.0,0.0
0.0,0.0,0.0
0.0,0.0,0.0
0.0,0.0,0.0
0.0,0.0,0.0
0.0,0.0,0.0
0.0,0.0,0.0
0.166667,1265.0,0.227273
0.166667,1247.0,0.227273
0.166667,1267.0,0.227273
0.166667,1280.0,0.227273
0.166667,1265.0,0.227273
0.25,1208.0,0.227273
0.25,1095.0,0.397727
0.333333,1079.0,0.454545
0.416667,1106.0,0.454545
0.416667,1109.0,0.454545
0.416667,1059.0,0.454545
0.416667,958.0,0.454545
0.416667,942.0,0.454545
0.5,953.0,0.454545
0.5,916.0,0.511364
0.5,988.0,0.511364
0.5,1000.0,0.511364
0.583333,990.0,0.568182
0.583333,995.0,0.568182
0.583333,1008.0,0.568182
0.583333,1067.0,0.568182
0.666667,1108.0,0.568182
0.666667,1142.0,0.625
0.75,1031.0,0.738636
0.833333,1031.0,0.738636
0.833333,1040.0,0.568182
0.833333,1060.0,0.568182
0.833333,1075.0,0.568182
0.916667,1099.0,0.795454
0.916667,1118.0,0.795454
0.916667,1162.0,0.795454
1.0,1172.0,0.852273
1.0,1137.0,0.852273
1.0,1084.0,0.852273
1.08333,1087.0,0.852273
1.08333,1109.0,0.852273
1.08333,1115.0,0.852273
1.08333,1184.0,0.852273
1.16667,1162.0,0.795454
1.16667,1139.0,0.795454
1.16667,1136.0,0.795454
1.16667,1210.0,0.795454
1.16667,1289.0,0.795454
1.16667,1287.0,0.795454
1.25,1214.0,0.511364
1.25,1109.0,0.511364
1.33333,979.0,0.511364
1.33333,953.0,0.965909
1.33333,952.0,0.965909
1.33333,958.0,0.965909
1.41667,997.0,0.852273
1.41667,1110.0,0.852273
1.41667,1131.0,0.852273
1.41667,1057.0,0.852273
1.41667,943.0,0.852273
1.41667,816.0,0.852273
1.41667,830.0,0.852273
1.41667,879.0,0.852273
1.41667,987.0,0.852273
1.41667,1111.0,0.852273
1.41667,1140.0,0.852273
1.41667,1119.0,0.852273
1.41667,1124.0,0.852273
1.41667,1083.0,0.852273
1.41667,1083.0,0.852273
1.41667,1015.0,0.852273
1.41667,983.0,0.852273
1.5,1008.0,0.170455
1.5,1078.0,0.170455
1.5,1214.0,0.170455
1.5,1274.0,0.170455
1.58333,1292.0,0.170455
1.58333,1282.0,0.681818
1.66667,1208.0,0.681818
1.66667,1164.0,1.30682
1.75,1174.0,1.30682
1.75,1211.0,1.36364
1.83333,1243.0,1.36364
1.83333,1274.0,1.59091
1.91667,1312.0,1.64773
1.91667,1303.0,1.64773
1.91667,1262.0,1.64773
1.91667,1205.0,1.64773
2.0,1237.0,1.64773
2.0,1304.0,0.681818
2.08333,1375.0,1.64773
2.08333,1409.0,1.64773
2.08333,1406.0,1.64773
2.16667,1383.0,1.64773
2.16667,1349.0,0.795454
2.25,1268.0,0.795454
2.25,1153.0,1.30682
2.33333,1146.0,1.98864
2.33333,1139.0,1.98864
2.33333,1169.0,1.98864
2.41667,1313.0,1.98864
2.41667,1414.0,0.852273
2.41667,1430.0,0.852273
2.41667,1378.0,0.852273
2.5,1287.0,0.795454
2.58333,1249.0,0.795454
2.58333,1238.0,1.70455
2.58333,1247.0,1.70455
2.58333,1238.0,1.70455
3.66667,1201.0,1.875
3.66667,1129.0,1.875
3.75,1056.0,1.93182
3.75,1031.0,1.93182
3.83333,1072.0,1.76136
3.91667,1169.0,2.15909
4.0,1196.0,2.15909
4.0,1209.0,1.875
4.08333,1230.0,2.15909
4.16667,1226.0,2.15909
4.5,1095.0,2.55682
4.5,1083.0,2.55682
4.58333,1103.0,1.13636
4.66667,1250.0,2.27273
4.75,1245.0,2.27273
4.83333,1149.0,2.04545
4.91667,1068.0,2.67045
5.08333,1182.0,2.84091
5.16667,1222.0,2.84091
5.25,1222.0,1.19318
5.25,1263.0,2.72727
5.33333,1270.0,2.72727
5.33333,1243.0,1.25
5.33333,1238.0,1.25
5.41667,1261.0,1.25
5.5,1277.0,2.44318
5.58333,1219.0,2.5
5.58333,1154.0,2.5
5.58333,1114.0,2.5
5.66667,1147.0,2.5
5.75,1171.0,0.852273
5.83333,1228.0,2.5
5.91667,1275.0,2.78409
5.91667,1321.0,2.89773
5.91667,1312.0,2.89773
6.08333,1280.0,2.89773
6.16667,1278.0,3.18182
6.25,1301.0,3.125
6.33333,1341.0,2.55682
6.41667,1319.0,3.18182
6.5,1265.0,3.06818
6.58333,1143.0,2.95454
6.66667,1073.0,3.01136
6.66667,1044.0,2.84091
6.75,1005.0,2.84091
6.83333,984.0,1.53409
6.91667,997.0,2.89773
6.91667,1000.0,2.89773
6.91667,1100.0,2.89773
6.91667,1150.0,2.89773
6.91667,1168.0,2.89773
6.91667,1211.0,2.89773
7.0,1260.0,2.89773
7.08333,1302.0,3.29545
7.16667,1296.0,3.40909
7.25,1232.0,3.46591
7.41667,1220.0,3.46591
7.5,1224.0,3.29545
7.58333,1206.0,3.23864
7.66667,1184.0,3.92045
7.66667,1226.0,3.92045
7.75,1225.0,1.42045
7.91667,1225.0,1.42045
8.0,1256.0,3.29545
8.0,1227.0,3.35227
8.0,1117.0,3.35227
8.08333,1137.0,1.07955
8.08333,1207.0,1.07955
8.08333,1237.0,1.07955
8.08333,1178.0,1.07955
8.08333,1172.0,1.07955
8.08333,1180.0,1.07955
8.16667,1173.0,0.454545
8.16667,1169.0,0.454545
8.33333,1245.0,1.76136
8.41667,1238.0,3.86364
8.5,1238.0,3.23864
8.58333,1054.0,3.40909
8.75,1031.0,3.40909
8.83333,1135.0,3.92045
8.91667,1136.0,3.80682
9.0,1074.0,3.35227
9.16667,1089.0,3.35227
9.25,1065.0,3.35227
9.33333,1057.0,3.80682
9.33333,1125.0,3.80682
9.41667,1208.0,1.64773
9.41667,1063.0,1.64773
9.41667,990.0,1.64773
9.5,866.0,1.64773
9.5,863.0,0.738636
9.58333,1018.0,0.738636
9.66667,1025.0,3.75
9.83333,940.0,3.75
9.91667,899.0,4.14773
10.0,955.0,3.75
10.1667,1031.0,3.75
10.25,1009.0,3.69318
10.3333,949.0,3.52273
10.5,887.0,3.57954
10.5833,961.0,4.03409
10.6667,1007.0,3.86364
10.75,1010.0,3.80682
10.8333,968.0,3.75
10.8333,918.0,3.75
10.8333,918.0,3.75
10.8333,884.0,3.75
10.9167,859.0,3.75
11.0,794.0,3.69318
11.0,748.0,3.69318
11.1667,786.0,3.69318
11.25,842.0,4.20454
11.3333,861.0,3.63636
11.5,853.0,3.57954
11.5833,828.0,3.52273
11.5833,825.0,3.35227
11.75,806.0,3.35227
11.8333,771.0,3.52273
11.8333,677.0,3.63636
11.8333,692.0,3.63636
11.9167,744.0,3.63636
11.9167,805.0,0.909091
12.0,826.0,1.76136
12.0833,904.0,4.31818
12.1667,873.0,4.31818
12.25,794.0,4.03409
12.4167,763.0,4.03409
12.5,694.0,3.80682
12.5833,624.0,3.63636
12.75,715.0,3.63636
12.8333,890.0,3.52273
12.9167,1049.0,5.0
12.9167,1086.0,5.0
13.0833,1028.0,5.0
13.0833,1030.0,3.40909
13.1667,1070.0,3.40909
13.25,1060.0,3.63636
13.25,1006.0,3.63636
13.25,975.0,3.63636
13.3333,1008.0,3.63636
13.3333,1053.0,0.909091
13.4167,1064.0,0.909091
13.5,1064.0,3.69318
13.5833,1095.0,3.35227
13.75,1144.0,3.86364
13.8333,1172.0,3.75
14.0,1170.0,3.80682
14.0833,1170.0,3.86364
14.0833,1167.0,3.52273
14.1667,1157.0,1.76136
14.3333,1119.0,3.97727
14.4167,1087.0,3.86364
14.5,1081.0,3.40909
14.6667,1086.0,3.40909
14.75,1095.0,3.52273
14.75,1095.0,3.29545
14.9167,1130.0,3.29545
15.0,1273.0,3.75
15.0833,1427.0,3.69318
15.25,1422.0,3.69318
15.3333,1319.0,4.26136
15.5,1315.0,3.97727
15.5833,1304.0,3.92045
15.6667,1276.0,3.46591
15.75,995.0,3.46591
15.8333,794.0,5.0
16.0,788.0,5.0
16.0833,972.0,4.54545
16.1667,1408.0,3.63636
16.3333,1421.0,3.80682
16.3333,1272.0,3.86364
16.3333,1145.0,3.86364
16.4167,1065.0,3.86364
16.5,1035.0,0.965909
16.5,952.0,3.92045
16.6667,953.0,3.92045
16.75,961.0,3.69318
16.8333,1113.0,4.31818
17.0,1227.0,4.31818
17.0833,1274.0,3.75
17.25,1219.0,4.375
17.25,1168.0,4.43182
17.4167,1192.0,4.43182
17.5,1087.0,4.31818
17.5,931.0,3.80682
17.5833,867.0,3.80682
17.6667,1004.0,1.30682
17.75,1160.0,4.20454
17.8333,1246.0,4.20454
17.9167,1231.0,3.69318
18.0833,1231.0,3.69318
18.0833,1010.0,3.29545
18.25,1014.0,3.29545
18.3333,1116.0,4.09091
18.5,1228.0,4.14773
18.5833,1165.0,3.86364
18.6667,1029.0,3.97727
18.8333,974.0,4.03409
18.8333,999.0,4.88636
19.0,1043.0,4.88636
19.0833,1044.0,4.43182
19.25,1043.0,4.14773
19.25,1054.0,3.97727
19.3333,1080.0,2.15909
19.3333,1188.0,2.15909
19.4167,1211.0,2.15909
19.5,1123.0,4.60227
19.6667,977.0,4.60227
19.8333,862.0,4.60227
19.9167,956.0,4.65909
20.0833,1132.0,4.54545
20.1667,1263.0,4.43182
20.25,1277.0,4.20454
20.3333,1158.0,4.20454
20.5,1089.0,4.20454
20.5833,1037.0,4.43182
20.5833,993.0,4.43182
20.6667,947.0,4.43182
20.75,943.0,1.30682
20.8333,994.0,4.77273
20.9167,1066.0,4.77273
21.0833,1148.0,4.31818
21.1667,1094.0,4.26136
21.3333,984.0,4.65909
21.5,905.0,4.48864
21.5833,916.0,4.31818
21.75,1048.0,4.88636
21.8333,1092.0,4.26136
21.9167,1091.0,4.65909
22.0,1058.0,4.65909
22.0833,1033.0,1.53409
22.1667,1037.0,4.14773
22.3333,1022.0,4.14773
22.4167,1022.0,4.65909
22.5833,996.0,4.65909
22.75,944.0,4.65909
22.75,1017.0,4.77273
22.9167,1069.0,4.77273
23.0,1046.0,4.26136
23.1667,961.0,4.26136
23.3333,851.0,4.77273
23.3333,861.0,4.82954
23.5,867.0,4.82954
23.5833,881.0,4.48864
23.6667,924.0,4.88636
23.75,976.0,4.31818
23.9167,974.0,4.31818
24.0,816.0,4.77273
24.1667,695.0,4.77273
24.3333,653.0,4.77273
24.5,719.0,5.11364
24.5833,774.0,5.45454
24.75,779.0,5.45454
24.75,720.0,4.77273
24.9167,708.0,4.77273
25.0833,737.0,4.77273
25.1667,741.0,4.71591
25.1667,714.0,4.71591
25.25,712.0,4.71591
25.3333,736.0,4.65909
25.4167,736.0,4.65909
25.5833,784.0,4.65909
25.75,878.0,4.77273
25.75,818.0,4.20454
25.9167,736.0,4.20454
26.0833,685.0,4.82954
26.0833,747.0,5.34091
26.1667,838.0,2.38636
26.25,855.0,2.38636
26.3333,848.0,5.05682
26.3333,822.0,5.05682
26.3333,773.0,5.05682
26.5,749.0,5.05682
26.5833,737.0,4.60227
26.75,737.0,4.71591
26.9167,737.0,4.71591
27.0833,730.0,4.71591
27.0833,765.0,4.82954
27.25,784.0,4.82954
27.4167,780.0,4.82954
27.5,771.0,4.82954
27.5,799.0,4.48864
27.5,854.0,4.48864
27.5,889.0,4.48864
27.5833,888.0,0.795454
27.6667,869.0,2.32954
27.75,923.0,5.05682
27.9167,940.0,5.05682
28.0,915.0,4.71591
28.1667,899.0,4.71591
28.25,908.0,4.88636
28.4167,965.0,4.88636
28.4167,1026.0,5.625
28.5,988.0,5.625
28.5,864.0,1.53409
28.5833,870.0,1.53409
28.5833,924.0,1.64773
28.75,971.0,1.64773
28.8333,924.0,4.60227
29.0,925.0,4.60227
29.1667,965.0,4.60227
29.3333,985.0,5.05682
29.4167,961.0,4.88636
29.5833,946.0,4.88636
29.6667,944.0,4.82954
29.8333,920.0,7.15909
30.0,907.0,4.60227
30.0833,952.0,4.14773
30.1667,983.0,4.14773
30.25,971.0,4.65909
30.4167,884.0,4.65909
30.4167,732.0,5.05682
30.5833,679.0,5.05682
30.75,728.0,5.05682
30.8333,814.0,4.82954
31.0,855.0,4.82954
31.1667,991.0,4.82954
31.25,1016.0,4.82954
31.3333,1016.0,5.45454
31.5,980.0,5.45454
31.5833,956.0,6.30682
31.6667,983.0,4.82954
31.75,1019.0,4.88636
31.9167,1067.0,4.65909
32.0,1118.0,4.20454
32.0,1125.0,2.44318
32.1667,1049.0,2.44318
32.3333,984.0,4.31818
32.4167,983.0,6.02273
32.5,997.0,2.44318
32.6667,962.0,4.20454
32.75,959.0,4.65909
32.8333,979.0,4.65909
32.9167,990.0,4.77273
32.9167,1007.0,4.77273
32.9167,1030.0,4.77273
33.0,985.0,0.965909
33.0,911.0,0.965909
33.0833,830.0,1.53409
33.25,760.0,2.32954
33.3333,772.0,5.45454
33.5,807.0,5.45454
33.6667,846.0,5.45454
33.75,962.0,4.48864
33.9167,1099.0,4.48864
34.0833,1093.0,4.60227
34.1667,1023.0,4.71591
34.25,949.0,4.71591
34.3333,938.0,4.48864
34.4167,971.0,2.38636
34.5833,971.0,4.65909
34.75,951.0,4.65909
34.9167,1008.0,4.65909
35.0,1088.0,4.48864
35.0833,1099.0,5.05682
35.25,1038.0,5.05682
35.25,954.0,4.88636
35.4167,944.0,4.88636
35.5,940.0,4.65909
35.5,942.0,4.65909
35.5833,874.0,1.59091
35.5833,874.0,1.59091
35.6667,858.0,1.59091
35.75,906.0,1.13636
35.9167,981.0,5.45454
36.0,1075.0,5.68182
36.1667,1177.0,4.48864
36.25,1103.0,4.375
36.3333,975.0,2.67045
36.5,876.0,4.14773
36.5833,874.0,4.48864
36.75,964.0,5.0
36.8333,984.0,5.11364
36.9167,992.0,4.65909
37.0833,991.0,4.71591
37.0833,1100.0,4.77273
37.1667,1065.0,4.77273
37.25,1008.0,4.65909
37.3333,956.0,4.65909
37.5,954.0,4.65909
37.6667,1032.0,4.77273
37.75,1102.0,4.77273
37.8333,1112.0,4.77273
37.9167,1037.0,2.55682
38.0,995.0,5.56818
38.1667,1052.0,5.56818
38.25,1067.0,5.11364
38.25,1011.0,4.48864
38.4167,933.0,4.48864
38.5,1002.0,5.0
38.5833,1137.0,5.0
38.6667,1206.0,5.39773
38.8333,1146.0,5.39773
38.9167,1053.0,5.79545
39.0833,1005.0,5.11364
39.0833,952.0,4.82954
39.25,920.0,4.82954
39.3333,880.0,5.34091
39.5,910.0,4.82954
39.5,963.0,5.22727
39.5,990.0,5.22727
39.6667,1046.0,5.22727
39.75,1076.0,4.65909
39.8333,1076.0,2.5
40.0,1055.0,2.5
40.1667,1019.0,4.375
40.3333,997.0,4.375
40.3333,983.0,4.43182
40.5,947.0,4.43182
40.5833,937.0,4.88636
40.6667,963.0,4.48864
40.6667,1039.0,4.48864
40.75,999.0,1.53409
40.75,919.0,1.53409
40.9167,828.0,1.53409
40.9167,776.0,5.17045
41.0833,780.0,5.17045
41.25,833.0,5.17045
41.4167,844.0,5.17045
41.5,870.0,5.68182
41.5833,983.0,3.75
41.6667,1018.0,2.38636
41.75,1006.0,5.51136
41.8333,938.0,5.51136
41.8333,782.0,2.21591
41.8333,699.0,2.21591
42.0,734.0,2.21591
42.0833,812.0,4.43182
42.1667,880.0,4.43182
42.3333,876.0,5.05682
42.4167,881.0,5.05682
42.5833,876.0,5.05682
42.6667,872.0,4.88636
42.6667,828.0,4.88636
42.8333,728.0,4.88636
42.9167,700.0,4.60227
43.0,757.0,4.60227
43.1667,933.0,4.60227
43.25,1030.0,4.60227
43.3333,1044.0,4.71591
43.3333,1083.0,4.71591
43.3333,1090.0,4.71591
43.4167,900.0,4.71591
43.5833,711.0,4.71591
43.6667,711.0,4.65909
43.8333,727.0,4.65909
43.9167,727.0,5.17045
43.9167,858.0,5.17045
44.0833,875.0,5.17045
44.1667,867.0,5.34091
44.3333,918.0,5.34091
44.4167,1025.0,4.48864
44.4167,948.0,4.48864
44.5,830.0,1.47727
44.5,771.0,1.47727
44.5833,789.0,1.19318
44.75,957.0,4.14773
44.9167,988.0,4.14773
45.0,992.0,4.26136
45.1667,994.0,4.77273
45.3333,1052.0,4.71591
45.4167,1022.0,4.71591
45.5833,931.0,4.71591
45.6667,869.0,4.60227
45.6667,922.0,2.38636
45.6667,1061.0,2.38636
45.75,1041.0,2.38636
45.75,971.0,1.07955
45.8333,950.0,1.53409
46.0,1079.0,1.53409
46.0833,1115.0,4.43182
46.1667,1083.0,2.32954
46.3333,1011.0,3.92045
46.4167,989.0,5.11364
46.5833,985.0,4.65909
46.6667,1060.0,4.14773
46.75,1101.0,4.14773
46.9167,1031.0,4.14773
47.0833,793.0,4.26136
47.0833,755.0,4.60227
47.0833,843.0,4.60227
47.0833,1007.0,4.60227
47.25,1007.0,4.60227
47.25,859.0,4.60227
47.4167,855.0,4.60227
47.5833,913.0,4.60227
47.6667,1126.0,4.82954
47.75,1187.0,3.92045
47.9167,1104.0,3.92045
48.0,1104.0,5.73864
48.1667,1023.0,5.73864
48.25,1023.0,5.11364
48.3333,1071.0,3.92045
48.3333,1055.0,2.27273
48.3333,995.0,2.27273
48.3333,964.0,2.27273
48.5,1015.0,2.27273
48.6667,1138.0,4.20454
48.6667,1178.0,4.60227
48.8333,1172.0,4.60227
48.9167,1119.0,4.60227
49.0,1076.0,4.54545
49.0,1120.0,4.54545
49.1667,1142.0,4.54545
49.3333,1142.0,4.54545
49.4167,1101.0,4.43182
49.5833,1094.0,4.43182
49.6667,1110.0,4.65909
49.6667,1084.0,4.14773
49.75,996.0,1.47727
49.9167,875.0,4.375
50.0,880.0,4.43182
50.0833,912.0,2.27273
50.25,955.0,4.26136
50.3333,975.0,3.92045
50.5,980.0,4.03409
50.5833,1036.0,4.54545
50.75,1066.0,4.54545
50.8333,1080.0,4.94318
51.0,1077.0,4.65909
51.0,1042.0,4.375
51.0,1008.0,4.375
51.0833,984.0,4.375
51.1667,975.0,0.852273
51.3333,980.0,4.375
51.3333,1020.0,4.48864
51.5,1058.0,4.48864
51.5833,1000.0,4.20454
51.75,955.0,4.20454
51.75,950.0,4.375
51.9167,957.0,4.375
51.9167,957.0,5.0
52.0833,998.0,5.0
52.1667,1059.0,4.60227
52.1667,1062.0,4.60227
52.25,1068.0,1.36364
52.25,1115.0,1.36364
52.3333,1184.0,1.47727
52.3333,1173.0,1.47727
52.5,1160.0,1.53409
52.5833,1120.0,4.60227
52.75,1042.0,4.60227
52.9167,1002.0,4.71591
53.0,988.0,4.71591
53.1667,989.0,4.60227
53.1667,988.0,4.09091
53.3333,1063.0,4.09091
53.4167,1181.0,4.82954
53.5833,1210.0,4.82954
53.6667,1153.0,4.65909
53.75,1114.0,4.88636
53.75,1163.0,4.88636
53.8333,1175.0,4.88636
53.8333,1144.0,1.07955
53.9167,1149.0,1.07955
54.0,1201.0,4.54545
54.1667,1223.0,4.54545
54.3333,1205.0,4.31818
54.4167,1205.0,4.31818
54.5833,1039.0,4.31818
54.5833,968.0,4.03409
54.75,943.0,4.03409
54.8333,989.0,5.90909
54.9167,1169.0,3.92045
55.0,1365.0,2.04545
55.0,1417.0,4.65909
55.0,1400.0,4.65909
55.0833,1353.0,4.65909
55.0833,1389.0,0.852273
55.25,1333.0,2.10227
55.3333,1252.0,4.26136
55.5,1079.0,4.20454
55.5833,1064.0,4.54545
55.75,1087.0,4.26136
55.75,1087.0,4.43182
55.75,1137.0,4.43182
55.9167,1179.0,4.43182
56.0,1245.0,4.09091
56.0,1206.0,4.09091
56.0,1125.0,4.09091
56.0833,1033.0,0.965909
56.25,996.0,3.75
56.25,1044.0,4.20454
56.3333,1095.0,1.98864
56.4167,1150.0,1.98864
56.5833,1200.0,1.98864
56.6667,1207.0,4.14773
56.75,1178.0,4.09091
56.9167,1208.0,4.09091
57.0,1264.0,4.03409
57.1667,1269.0,3.97727
57.25,1149.0,3.75
57.3333,1115.0,4.71591
57.5,1145.0,4.71591
57.5833,1215.0,4.03409
57.6667,1334.0,3.18182
57.8333,1256.0,3.18182
57.9167,1156.0,3.57954
58.0,1104.0,4.14773
58.1667,1139.0,4.14773
58.25,1164.0,4.03409
58.4167,1174.0,4.03409
58.5,1159.0,4.03409
58.5833,1168.0,3.69318
58.75,1244.0,3.69318
58.8333,1297.0,3.80682
58.9167,1278.0,3.69318
58.9167,1248.0,3.69318
59.0833,1264.0,3.69318
59.1667,1289.0,3.52273
59.25,1241.0,3.52273
59.4167,1233.0,3.52273
59.5,1278.0,3.63636
59.5833,1249.0,3.52273
59.6667,1248.0,3.57954
59.8333,1245.0,3.57954
59.9167,1289.0,3.63636
60.0,1289.0,3.52273
60.0833,1391.0,3.35227
60.25,1405.0,3.92045
60.3333,1354.0,3.97727
60.4167,1250.0,3.52273
60.5,1166.0,3.86364
60.5833,1289.0,3.86364
60.6667,1323.0,1.64773
60.75,1311.0,3.86364
60.9167,1307.0,3.75
61.0,1333.0,3.57954
61.0833,1334.0,3.57954
61.1667,1330.0,3.40909
61.25,1343.0,3.57954
61.25,1366.0,3.57954
61.3333,1376.0,3.57954
61.4167,1361.0,3.69318
61.5,1319.0,3.63636
61.6667,1240.0,3.63636
61.75,1248.0,3.06818
61.8333,1348.0,4.14773
61.9167,1428.0,3.57954
62.0833,1413.0,3.57954
62.1667,1097.0,3.57954
62.1667,973.0,3.75
62.25,1019.0,1.59091
62.4167,1019.0,1.59091
62.5,1131.0,3.35227
62.5833,1130.0,3.80682
62.6667,1012.0,2.89773
62.8333,963.0,2.89773
62.9167,1028.0,3.40909
62.9167,1217.0,3.52273
63.0,1262.0,1.70455
63.0,1259.0,1.70455
63.0833,1198.0,1.70455
63.1667,1026.0,1.13636
63.25,932.0,3.57954
63.3333,935.0,3.35227
63.4167,961.0,3.29545
63.5833,969.0,3.29545
63.6667,1019.0,3.52273
63.75,1019.0,3.46591
63.9167,1047.0,3.46591
64.0,1070.0,3.52273
64.0833,1064.0,3.23864
64.0833,982.0,3.63636
64.0833,934.0,3.63636
64.25,959.0,3.63636
64.25,996.0,3.86364
64.25,1061.0,3.86364
64.4167,1103.0,3.86364
64.5,1135.0,3.57954
64.5833,1165.0,3.46591
64.6667,1135.0,3.80682
64.8333,1114.0,3.80682
64.9167,1092.0,4.14773
65.0,1075.0,3.63636
65.0,1008.0,3.29545
65.0833,996.0,3.29545
65.0833,1007.0,1.19318
65.1667,1000.0,1.19318
65.25,1018.0,4.09091
65.25,1097.0,4.09091
65.3333,1141.0,4.09091
65.4167,1166.0,1.13636
65.4167,1184.0,3.63636
65.5,1200.0,3.63636
65.5833,1159.0,1.19318
65.6667,1021.0,3.75
65.6667,894.0,3.75
65.8333,922.0,3.75
65.9167,1119.0,4.14773
66.0,1243.0,4.14773
66.1667,1308.0,4.14773
66.1667,1306.0,3.92045
66.25,1234.0,1.81818
66.3333,1188.0,3.69318
66.4167,1168.0,3.69318
66.5,1136.0,4.31818
66.5833,1059.0,3.52273
66.75,1059.0,3.52273
66.75,1131.0,4.03409
66.75,1206.0,4.03409
66.75,1206.0,4.03409
66.8333,1234.0,4.03409
66.8333,1173.0,0.738636
66.9167,1130.0,1.875
67.0833,1135.0,3.46591
67.1667,1154.0,4.20454
67.25,1169.0,2.84091
67.25,1192.0,2.84091
67.3333,1228.0,2.84091
67.3333,1254.0,1.30682
67.4167,1244.0,1.81818
67.5,1214.0,1.81818
67.5833,1216.0,3.69318
67.75,1183.0,3.69318
67.8333,1167.0,3.29545
67.9167,1159.0,3.46591
67.9167,1138.0,3.97727
68.0,1142.0,1.875
68.0833,1160.0,1.98864
68.1667,1152.0,3.125
68.25,1106.0,3.125
68.3333,1058.0,1.875
68.4167,1016.0,4.20454
68.5833,1048.0,3.92045
68.6667,1071.0,3.86364
68.8333,1081.0,3.86364
68.8333,1082.0,4.88636
68.9167,1221.0,1.875
69.0,1329.0,3.69318
69.0833,1203.0,3.69318
69.0833,1035.0,1.93182
69.1667,953.0,1.70455
69.3333,1059.0,1.70455
69.3333,1103.0,3.80682
69.4167,1043.0,3.80682
69.4167,987.0,1.30682
69.5,1019.0,1.30682
69.6667,1242.0,1.76136
69.75,1278.0,4.20454
69.75,1257.0,3.57954
69.8333,1258.0,2.10227
69.9167,1165.0,2.10227
70.0,1179.0,3.46591
70.0833,1179.0,3.40909
70.0833,1142.0,3.40909
70.1667,1092.0,1.36364
70.25,1089.0,3.52273
70.25,1112.0,3.52273
70.25,1095.0,3.52273
70.4167,1077.0,3.52273
70.5,1058.0,4.48864
70.5833,1114.0,3.18182
70.6667,1174.0,3.18182
70.75,1215.0,2.04545
70.8333,1208.0,3.69318
71.0,1168.0,4.09091
71.0,1044.0,4.31818
71.0833,944.0,1.70455
71.25,903.0,1.70455
71.25,969.0,3.86364
71.3333,1116.0,1.93182
71.4167,1202.0,1.93182
71.4167,1240.0,2.04545
71.5,1224.0,1.70455
71.5,1146.0,1.70455
71.5,1115.0,1.70455
71.5833,1123.0,1.70455
71.6667,1120.0,0.795454
71.75,1107.0,3.69318
71.9167,1082.0,3.69318
72.0,1092.0,3.80682
72.0833,1119.0,3.97727
72.25,1151.0,3.97727
72.3333,1158.0,3.29545
72.4167,1149.0,4.14773
72.5833,1138.0,4.14773
72.5833,1138.0,3.80682
72.75,1150.0,3.80682
72.75,1150.0,4.65909
72.75,1137.0,4.65909
72.8333,1149.0,4.65909
72.9167,1179.0,0.965909
72.9167,1204.0,3.57954
73.0833,1214.0,3.57954
73.1667,1197.0,4.43182
73.25,1197.0,3.80682
73.4167,1204.0,3.80682
73.5,1235.0,5.11364
73.6667,1226.0,4.09091
73.75,1209.0,4.03409
73.75,1206.0,4.26136
73.9167,1189.0,4.26136
74.0,1151.0,4.31818
74.0833,1087.0,4.20454
74.25,1047.0,3.86364
74.3333,1022.0,3.69318
74.4167,1044.0,3.63636
74.5833,1048.0,3.63636
74.5833,1066.0,3.86364
74.75,1075.0,3.86364
74.75,1069.0,3.80682
74.8333,1066.0,1.81818
75.0,1060.0,1.81818
75.0833,1059.0,4.94318
75.25,1070.0,3.97727
75.3333,1112.0,3.75
75.4167,1113.0,4.03409
75.5833,1107.0,4.03409
75.6667,1102.0,4.94318
75.8333,1118.0,3.92045
75.9167,1144.0,3.92045
76.0,1143.0,3.86364
76.1667,1154.0,3.86364
76.25,1151.0,4.26136
76.3333,1148.0,3.97727
76.5,1153.0,3.97727
76.5833,1169.0,3.92045
76.6667,1196.0,4.09091
76.8333,1221.0,4.09091
76.9167,1221.0,3.92045
77.0833,1194.0,3.92045
77.1667,1166.0,4.03409
77.3333,1133.0,4.03409
77.4167,1148.0,3.86364
77.5,1161.0,4.09091
77.6667,1160.0,3.92045
77.75,1168.0,3.86364
77.8333,1163.0,3.97727
78.0,1163.0,3.92045
78.0833,1160.0,3.69318
78.25,1152.0,4.03409
78.3333,1150.0,4.03409
78.4167,1186.0,3.80682
78.5833,1218.0,3.80682
78.6667,1223.0,5.28409
78.8333,1201.0,5.28409
78.9167,1106.0,4.03409
79.0,1078.0,3.92045
79.1667,1100.0,3.92045
79.25,1101.0,4.26136
79.4167,1101.0,4.03409
79.5,1096.0,3.97727
79.5833,1071.0,3.75
79.75,1069.0,3.75
79.8333,1081.0,3.92045
79.8333,1143.0,3.57954
79.9167,1256.0,3.57954
80.0,1344.0,4.26136
80.0833,1333.0,4.03409
80.25,1216.0,4.03409
80.3333,1168.0,4.375
80.5,1205.0,4.375
80.5833,1241.0,4.20454
80.6667,1278.0,3.80682
80.8333,1254.0,3.80682
80.9167,1221.0,3.92045
81.0,1235.0,3.69318
81.1667,1311.0,3.69318
81.25,1455.0,3.63636
81.3333,1295.0,3.29545
81.4167,1104.0,4.09091
81.5,1048.0,3.52273
81.6667,1131.0,3.52273
81.75,1229.0,3.92045
81.8333,1233.0,3.69318
82.0,1278.0,3.69318
82.0833,1353.0,3.57954
82.1667,1403.0,3.97727
82.3333,1212.0,3.57954
82.4167,1083.0,3.57954
82.5,1052.0,3.69318
82.5833,1052.0,3.35227
82.6667,1098.0,3.63636
82.8333,1188.0,3.63636
82.9167,1239.0,4.09091
83.0,1206.0,3.46591
83.0833,1098.0,3.29545
83.1667,1093.0,3.29545
83.25,1227.0,1.76136
83.3333,1325.0,3.75
83.4167,1319.0,2.95454
83.5833,1207.0,2.95454
83.5833,1153.0,3.57954
83.6667,1184.0,3.57954
83.75,1264.0,3.63636
83.9167,1259.0,3.63636
84.0,1200.0,3.97727
84.0833,1252.0,3.46591
84.1667,1263.0,3.46591
84.25,1234.0,3.23864
84.4167,1188.0,3.23864
84.5,1232.0,3.23864
84.5833,1288.0,3.40909
84.6667,1317.0,3.40909
84.6667,1291.0,3.40909
84.6667,1222.0,3.40909
84.75,1225.0,1.02273
84.9167,1136.0,3.125
85.0,1133.0,3.18182
85.0833,1294.0,3.46591
85.1667,1383.0,3.125
85.25,1410.0,3.01136
85.3333,1405.0,3.57954
85.4167,1336.0,2.84091
85.5833,1291.0,3.06818
85.6667,1300.0,3.80682
85.75,1316.0,2.84091
85.8333,1266.0,3.23864
85.9167,1197.0,3.06818
86.0,1215.0,3.125
86.0833,1210.0,3.23864
86.1667,1376.0,3.06818
86.25,1374.0,3.01136
86.3333,1374.0,2.89773
86.4167,1262.0,2.78409
86.5,1160.0,2.89773
86.5833,1150.0,3.06818
86.6667,1284.0,2.61364
86.75,1284.0,3.125
86.8333,1208.0,3.06818
86.9167,1182.0,2.95454
86.9167,1198.0,2.95454
87.0,1266.0,1.36364
87.0833,1308.0,3.29545
87.1667,1323.0,2.84091
87.25,1320.0,3.01136
87.4167,1247.0,3.01136
87.5,1201.0,3.52273
87.5833,1152.0,2.95454
87.6667,1119.0,2.89773
87.75,1160.0,2.95454
87.8333,1313.0,2.67045
87.9167,1405.0,3.06818
88.0,1437.0,2.72727
88.0833,1391.0,3.06818
88.0833,1335.0,2.67045
88.1667,1377.0,2.67045
88.25,1404.0,1.36364
88.25,1397.0,2.84091
88.3333,1355.0,2.55682
88.4167,1229.0,2.78409
88.5,1193.0,3.06818
88.5833,1196.0,2.84091
88.6667,1176.0,2.44318
88.75,1134.0,3.01136
88.75,1123.0,3.01136
88.8333,1111.0,1.42045
88.9167,1112.0,2.78409
89.0,1203.0,2.72727
89.0833,1288.0,3.01136
89.1667,1296.0,2.27273
89.25,1259.0,3.23864
89.3333,1241.0,2.67045
89.4167,1282.0,3.18182
89.5,1264.0,2.61364
89.5833,1199.0,3.125
89.6667,1199.0,2.78409
89.75,1130.0,2.89773
89.75,1173.0,2.89773
89.8333,1218.0,1.30682
89.8333,1199.0,1.30682
89.8333,1132.0,1.30682
89.9167,1131.0,0.909091
90.0,1253.0,3.23864
90.0833,1328.0,2.78409
90.1667,1277.0,2.95454
90.25,1212.0,2.89773
90.3333,1123.0,2.5
90.4167,1235.0,2.84091
90.5,1326.0,3.125
90.5833,1312.0,3.40909
90.6667,1183.0,2.32954
90.75,1180.0,3.63636
90.8333,1193.0,2.95454
90.9167,1221.0,2.95454
91.0,1162.0,2.72727
91.1667,1103.0,2.72727
91.1667,1100.0,3.46591
91.1667,1102.0,3.46591
91.25,1080.0,1.30682
91.25,1023.0,1.30682
91.3333,1026.0,1.47727
91.3333,1091.0,1.47727
91.3333,1188.0,1.47727
91.4167,1267.0,1.47727
91.5,1235.0,0.738636
91.5833,1197.0,2.89773
91.6667,1162.0,2.84091
91.75,1087.0,2.89773
91.8333,1013.0,3.01136
91.9167,1058.0,2.89773
92.0,1150.0,2.72727
92.0833,1246.0,3.18182
92.1667,1301.0,3.06818
92.25,1280.0,2.55682
92.3333,1278.0,3.29545
92.4167,1267.0,2.72727
92.4167,1253.0,2.89773
92.5,1254.0,2.89773
92.5833,1254.0,1.47727
92.6667,1256.0,2.72727
92.6667,1262.0,3.06818
92.75,1242.0,3.06818
92.8333,1057.0,3.125
92.9167,944.0,3.125
93.0,940.0,2.55682
93.0,1008.0,2.89773
93.0833,1184.0,1.53409
93.1667,1295.0,3.23864
93.25,1310.0,2.89773
93.25,1310.0,2.89773
93.3333,1231.0,1.47727
93.5,1124.0,2.78409
93.5833,1086.0,4.03409
93.6667,1076.0,2.67045
93.75,1059.0,2.72727
93.8333,1079.0,3.125
93.9167,1092.0,2.55682
94.0,1104.0,3.57954
94.0833,1081.0,3.125
94.1667,1069.0,3.125
94.25,1095.0,3.80682
94.25,1124.0,3.80682
94.3333,1145.0,1.42045
94.4167,1149.0,3.18182
94.5,1133.0,2.72727
94.5833,1089.0,3.18182
94.75,991.0,3.18182
94.8333,965.0,3.57954
94.8333,1053.0,3.29545
94.9167,1132.0,3.29545
95.0,1165.0,1.42045
95.0833,1141.0,3.92045
95.1667,1032.0,2.78409
95.25,970.0,3.40909
95.3333,986.0,3.125
95.4167,1041.0,3.125
95.5,1088.0,3.125
95.5833,1088.0,1.59091
95.6667,1087.0,3.23864
95.75,1099.0,3.18182
95.8333,1099.0,2.95454
95.8333,1127.0,3.06818
95.9167,1150.0,1.53409
96.0,1140.0,3.29545
96.0,1107.0,3.29545
96.0833,1101.0,3.29545
96.1667,1098.0,1.07955
96.25,1061.0,3.125
96.3333,1033.0,3.125
96.4167,1049.0,3.01136
96.5,1061.0,3.35227
96.5833,1080.0,3.46591
96.6667,1083.0,3.52273
96.8333,1083.0,3.52273
96.9167,1087.0,3.23864
96.9167,1076.0,3.18182
97.0,1080.0,3.18182
97.0,1108.0,1.59091
97.0833,1144.0,1.53409
97.1667,1190.0,3.01136
97.25,1136.0,3.40909
97.25,1103.0,3.40909
97.4167,1090.0,3.40909
97.5,1114.0,3.18182
97.5833,1131.0,3.125
97.6667,1124.0,2.95454
97.75,1060.0,3.06818
97.8333,1036.0,3.06818
97.9167,1034.0,3.35227
98.0,1059.0,2.67045
98.0833,1038.0,3.23864
98.25,992.0,3.23864
98.3333,964.0,3.40909
98.4167,1022.0,3.06818
98.5,1116.0,2.95454
98.5833,1175.0,3.18182
98.6667,1230.0,3.40909
98.75,1274.0,4.03409
98.8333,1310.0,2.95454
98.9167,1305.0,2.95454
99.0,1228.0,1.59091
99.0833,1065.0,3.18182
99.0833,1072.0,3.06818
99.1667,1072.0,3.06818
99.25,1132.0,3.23864
99.25,1173.0,3.23864
99.3333,1179.0,1.64773
99.5,1225.0,3.125
99.5833,1224.0,3.52273
99.6667,1165.0,2.72727
99.75,1114.0,3.80682
99.8333,1071.0,3.57954
99.9167,1079.0,3.35227
100.0,1101.0,2.95454
100.083,1098.0,3.29545
100.167,1108.0,3.29545
100.25,1140.0,1.53409
100.333,1202.0,3.01136
100.417,1270.0,4.14773
100.5,1303.0,3.23864
100.5,1279.0,3.23864
100.583,1223.0,1.59091
100.583,1228.0,1.59091
100.583,1260.0,1.59091
100.667,1278.0,1.59091
100.75,1205.0,0.795454
100.75,1178.0,3.01136
100.833,1156.0,3.01136
100.917,1160.0,3.46591
101.0,1134.0,2.95454
101.167,1218.0,2.95454
101.25,1344.0,3.35227
101.333,1436.0,3.23864
101.417,1441.0,3.23864
101.5,1359.0,3.18182
101.5,1273.0,3.18182
101.583,1200.0,1.64773
101.667,1161.0,3.29545
101.833,1116.0,3.29545
101.833,1123.0,3.29545
101.833,1165.0,3.29545
101.917,1208.0,3.29545
101.917,1207.0,1.07955
101.917,1178.0,1.07955
102.0,1175.0,1.07955
102.167,1207.0,1.07955
102.25,1207.0,3.23864
102.333,1238.0,3.63636
102.417,1195.0,2.95454
102.5,1110.0,3.52273
102.583,1031.0,3.29545
102.75,977.0,3.29545
102.833,1018.0,3.29545
102.833,1108.0,2.84091
102.917,1176.0,2.84091
103.0,1191.0,3.18182
103.083,1220.0,3.125
103.167,1232.0,2.89773
103.25,1256.0,3.40909
103.333,1233.0,3.40909
103.333,1178.0,1.70455
103.333,1088.0,1.70455
103.333,1051.0,1.70455
103.417,1045.0,0.795454
103.5,1051.0,3.63636
103.583,1112.0,3.57954
103.75,1112.0,3.57954
103.833,1116.0,3.35227
103.917,1138.0,3.29545
104.0,1201.0,3.40909
104.083,1264.0,3.23864
104.167,1297.0,3.29545
104.333,1279.0,3.18182
104.417,1240.0,2.95454
104.5,1172.0,3.69318
104.583,1186.0,3.52273
104.667,1214.0,3.23864
104.75,1226.0,3.23864
104.75,1160.0,3.23864
104.917,1127.0,3.23864
104.917,1142.0,3.29545
104.917,1155.0,3.29545
105.0,1158.0,3.29545
105.083,1160.0,3.125
105.167,1168.0,3.63636
105.167,1181.0,3.63636
105.333,1199.0,3.63636
105.417,1203.0,2.89773
105.5,1203.0,3.75
105.583,1203.0,3.29545
105.667,1203.0,3.06818
105.75,1188.0,3.40909
105.75,1168.0,3.40909
105.917,1137.0,3.40909
106.0,1150.0,3.63636
106.083,1175.0,3.01136
106.167,1182.0,3.125
106.167,1155.0,3.125
106.167,1119.0,3.125
106.25,1124.0,1.07955
106.417,1118.0,3.125
106.417,1079.0,3.29545
106.5,1017.0,3.29545
106.583,1018.0,1.59091
106.667,1078.0,3.125
106.75,1172.0,2.89773
106.833,1344.0,3.125
107.0,1313.0,3.125
107.083,1189.0,3.29545
107.167,1072.0,3.01136
107.167,1076.0,3.01136
107.167,1112.0,3.01136
107.25,1116.0,1.07955
107.333,1115.0,3.18182
107.417,1142.0,3.06818
107.5,1258.0,3.18182
107.583,1236.0,3.125
107.75,1159.0,3.125
107.833,1087.0,3.46591
107.917,1087.0,3.01136
108.0,1129.0,3.06818
108.083,1205.0,2.89773
108.167,1260.0,3.29545
108.25,1231.0,2.84091
108.333,1160.0,3.29545
108.417,1165.0,3.29545
108.5,1229.0,3.06818
108.583,1240.0,2.89773
108.667,1378.0,3.29545
108.75,1367.0,2.84091
108.833,1309.0,3.125
108.917,1309.0,2.67045
109.0,1252.0,3.01136
109.083,1272.0,3.01136
109.167,1195.0,3.06818
109.25,1086.0,2.72727
109.333,1015.0,2.72727
109.417,1075.0,2.72727
109.417,1257.0,2.72727
109.5,1288.0,1.36364
109.583,1262.0,2.72727
109.667,1216.0,2.84091
109.75,1230.0,2.84091
109.833,1270.0,3.18182
109.917,1307.0,2.89773
110.0,1342.0,2.67045
110.083,1359.0,2.67045
110.167,1325.0,2.67045
110.25,1295.0,2.32954
110.333,1244.0,3.125
110.417,1233.0,2.5
110.5,1266.0,2.95454
110.583,1245.0,2.67045
110.583,1226.0,2.67045
110.667,1257.0,2.10227
110.75,1313.0,2.67045
110.833,1301.0,3.01136
110.917,1326.0,2.55682
111.0,1369.0,2.72727
111.083,1361.0,2.72727
111.167,1244.0,2.44318
111.167,1167.0,2.55682
111.167,1135.0,2.55682
111.25,1148.0,1.19318
111.25,1171.0,1.19318
111.25,1187.0,1.19318
111.333,1247.0,1.19318
111.417,1342.0,0.795454
111.417,1370.0,2.5
111.417,1379.0,2.5
111.5,1332.0,1.19318
111.583,1309.0,2.10227
111.667,1318.0,2.10227
111.667,1382.0,2.04545
111.75,1382.0,2.10227
111.833,1398.0,2.78409
111.917,1375.0,2.15909
112.0,1357.0,2.15909
112.0,1371.0,1.98864
112.083,1369.0,1.98864
112.167,1352.0,1.76136
112.167,1338.0,2.21591
112.25,1367.0,2.10227
112.333,1435.0,2.10227
112.333,1432.0,1.875
112.417,1425.0,1.76136
112.417,1423.0,1.76136
112.417,1450.0,1.76136
112.5,1486.0,0.909091
112.5,1474.0,0.909091
112.583,1420.0,1.53409
112.583,1259.0,1.53409
112.583,1253.0,1.53409
112.667,1333.0,1.53409
112.667,1433.0,0.852273
112.667,1479.0,0.852273
112.667,1487.0,0.852273
112.75,1459.0,0.852273
112.75,1458.0,0.681818
112.75,1431.0,0.681818
112.833,1416.0,1.07955
112.833,1365.0,1.07955
112.917,1311.0,1.64773
112.917,1287.0,1.64773
113.0,1334.0,1.19318
113.0,1366.0,1.19318
113.083,1354.0,1.19318
113.083,1332.0,1.25
113.083,1318.0,1.25
113.167,1435.0,1.19318
113.167,1473.0,1.19318
113.25,1470.0,1.19318
113.25,1469.0,1.19318
113.333,1346.0,1.19318
113.333,1344.0,1.25
113.333,1348.0,1.25
113.417,1348.0,1.25
113.417,1316.0,0.909091
113.417,1245.0,0.909091
113.5,1175.0,0.909091
113.5,1201.0,0.965909
113.5,1207.0,0.965909
113.5,1229.0,0.965909
113.583,1276.0,0.852273
113.583,1337.0,0.852273
113.583,1368.0,0.852273
113.667,1389.0,0.852273
113.667,1377.0,0.909091
113.667,1353.0,0.909091
113.667,1330.0,0.909091
113.75,1306.0,0.909091
113.75,1299.0,0.681818
113.75,1315.0,0.681818
113.833,1357.0,0.681818
113.833,1388.0,0.852273
113.833,1436.0,0.852273
113.833,1441.0,0.852273
113.833,1400.0,0.852273
113.917,1368.0,0.852273
113.917,1352.0,0.625
113.917,1342.0,0.625
113.917,1345.0,0.625
113.917,1333.0,0.625
113.917,1287.0,0.625
114.0,1252.0,0.511364
114.0,1293.0,0.511364
114.0,1355.0,0.511364
114.0,1362.0,0.511364
114.0,1309.0,0.511364
114.0,1263.0,0.511364
114.083,1265.0,0.511364
114.083,1289.0,0.397727
114.083,1301.0,0.397727
114.083,1297.0,0.397727
114.083,1291.0,0.397727
114.083,1284.0,0.397727
114.083,1273.0,0.397727
114.083,1271.0,0.397727
114.083,1293.0,0.397727
114.083,1293.0,0.397727
114.083,1315.0,0.397727
114.167,1306.0,0.397727
114.167,1291.0,0.227273
114.167,1268.0,0.227273
114.167,1257.0,0.227273
114.167,1262.0,0.227273
114.167,1282.0,0.227273
114.167,1309.0,0.227273
114.167,1389.0,0.227273
114.167,1400.0,0.227273
114.167,1386.0,0.227273
114.167,1363.0,0.227273
114.167,1308.0,0.227273
114.167,1243.0,0.227273
114.167,1197.0,0.227273
114.167,1200.0,0.227273
114.167,1260.0,0.227273
114.167,1372.0,0.227273
114.167,1358.0,0.227273
114.167,1282.0,0.227273
114.167,1208.0,0.227273
114.167,1189.0,0.227273
114.167,1238.0,0.227273
114.167,1240.0,0.227273
114.167,1306.0,0.227273
114.167,1266.0,0.227273
114.167,1221.0,0.227273
114.167,1268.0,0.227273
114.167,1321.0,0.227273
114.167,1332.0,0.227273
114.167,1289.0,0.227273
114.167,1247.0,0.227273
114.167,1206.0,0.227273
114.167,1180.0,0.227273
114.167,1209.0,0.227273
114.167,1305.0,0.227273
114.167,1380.0,0.227273
114.167,1380.0,0.227273
114.167,1312.0,0.227273
114.167,1175.0,0.227273
114.167,1186.0,0.227273
114.167,1271.0,0.227273
114.167,1271.0,0.227273
114.167,1369.0,0.227273
114.167,1364.0,0.227273
114.167,1249.0,0.227273
114.167,1154.0,0.227273
114.167,1119.0,0.227273
114.167,1184.0,0.227273
114.167,1270.0,0.227273
114.167,1271.0,0.227273
114.167,1249.0,0.227273
114.167,1248.0,0.0
114.167,1236.0,0.0
114.167,1247.0,0.0
114.167,1233.0,0.0
114.167,1208.0,0.0
114.167,1184.0,0.0
114.167,1236.0,0.0
114.167,1360.0,0.0
114.167,1383.0,0.0
114.167,1278.0,0.0
114.167,1096.0,0.0
114.167,1115.0,0.0
114.167,1213.0,0.0
114.167,1318.0,0.0
114.167,1285.0,0.0
114.167,1185.0,0.0
114.167,1106.0,0.0
114.167,1100.0,0.0
114.167,1175.0,0.0
114.167,1231.0,0.0
114.167,1204.0,0.0
114.167,1142.0,0.0
114.167,1076.0,0.0
114.167,963.0,0.0
114.167,922.0,0.0
114.167,932.0,0.0
114.167,958.0,0.0
114.167,1006.0,0.0
114.167,1090.0,0.0
114.167,1101.0,0.0
114.167,1069.0,0.0
114.167,1026.0,0.0
114.167,1026.0,0.0
114.167,1033.0,0.0
114.167,1081.0,0.0
114.167,1130.0,0.0
114.167,1177.0,0.0
114.167,1179.0,0.0
114.167,1111.0,0.0
114.167,1065.0,0.0
114.167,1076.0,0.0
114.167,1140.0,0.0
114.167,1184.0,0.0
114.167,1202.0,0.0
114.167,1168.0,0.0
114.167,1148.0,0.0
114.167,1195.0,0.0
114.167,1239.0,0.0
114.167,1238.0,0.0
114.167,1200.0,0.0
114.167,1146.0,0.0
114.167,1189.0,0.0
114.167,1245.0,0.0
114.167,1277.0,0.0
114.167,1261.0,0.0
114.167,1205.0,0.0
114.167,1204.0,0.0
114.167,1178.0,0.0
114.167,1141.0,0.0
114.167,1142.0,0.0
114.167,1158.0,0.0
114.167,1177.0,0.0
114.167,1178.0,0.0
114.167,1179.0,0.0
114.167,1179.0,0.0
114.167,1175.0,0.0
114.167,1171.0,0.0
114.167,1159.0,0.0
114.167,1144.0,0.0
114.167,1133.0,0.0
114.167,1133.0,0.0
114.167,1130.0,0.0
114.167,1102.0,0.0
114.167,1076.0,0.0
114.167,1065.0,0.0
114.167,1065.0,0.0
114.167,1066.0,0.0
114.167,1068.0,0.0
114.167,1029.0,0.0
114.167,980.0,0.0
114.167,925.0,0.0
114.167,874.0,0.0
114.167,771.0,0.0
114.167,741.0,0.0
114.167,706.0,0.0
114.167,702.0,0.0
114.167,588.0,0.0
114.167,510.0,0.0
114.167,465.0,0.0
114.167,422.0,0.0
114.167,385.0,0.0
114.167,327.0,0.0
114.167,295.0,0.0
114.167,268.0,0.0
114.167,245.0,0.0
114.167,208.0,0.0
114.167,187.0,0.0
114.167,169.0,0.0
114.167,151.0,0.0
114.167,144.0,0.0
114.167,108.0,0.0
114.167,92.0,0.0
114.167,76.0,0.0
114.167,61.0,0.0
114.167,40.0,0.0
114.167,31.0,0.0
114.167,23.0,0.0
114.167,15.0,0.0
114.167,5.0,0.0
114.167,0.0,0.0
114.167,0.0,0.0
114.167,0.0,0.0
114.167,0.0,0.0
114.167,0.0,0.0
114.167,0.0,0.0
114.167,0.0,0.0
114.167,0.0,0.0
114.167,0.0,0.0
114.167,0.0,0.0
114.167,0.0,0.0
114.167,0.0,0.0
114.167,0.0,0.0
114.167,0.0,0.0
114.167,0.0,0.0
114.167,0.0,0.0
114.167,0.0,0.0
114.167,0.0,0.0
114.167,0.0,0.0
