0.0,0.0,0.0
0.0,0.0,0.0
0.0,0.0,0.0
0.0,0.0,0.0
0.0,0.0,0.0
0.0,0.0,0.0
0.0,0.0,0.0
0.0,0.0,0.0
0.0,0.0,0.0
0.0,0.0,0.0
0.0,0.0,0.0
0.0,0.0,0.0
0.0,0.0,0.0
0.0,0.0,0.0
0.0,0.0,0.0
0.0,0.0,0.0
0.0,0.0,0.0
0.0,0.0,0.0
0.0,0.0,0.0
0.0,0.0,0.0
0.0,0.0,0.0
0.0,0.0,0.0
0.0,0.0,0.0
0.0,0.0,0.0
0.0,0.0,0.0
0.0,0.0,0.0
0.0,0.0,0.0
0.0,0.0,0.0
0.0,0.0,0.0
0.0,0.0,0.0
0.0,0.0,0.0
0.0,0.0,0.0
0.0,0.0,0.0
0.0,0.0,0.0
0.0,0.0,0.0
0.0,0.0,0.0
0.0,0.0,0.0
0.0,0.0,0.0
0.0,0.0,0.0
0.0,0.0,0.0
0.0,0.0,0.0
0.0,0.0,0.0
0.0,0.0,0.0
0.0,0.0,0.0
0.0,0.0,0.0
0.0,0.0,0.0
0.0,0.0,0.0
0.0,0.0,0.0
0.0,0.0,0.0
0.0,0.0,0.0
0.0,0.0,0.0
0.0,0.0,0.0
0.0,0.0,0.0
0.0,0.0,0.0
0.0,0.0,0.0
0.0,0.0,0.0
0.0,0.0,0.0
0.0,0.0,0.0
0.0,0.0,0.0
0.0,0.0,0.0
0.0,0.0,0.0
0.0,0.0,0.0
0.0,0.0,0.0
0.0,0.0,0.0
0.0,0.0,0.0
0.0,0.0,0.0
0.0,0.0,0.0
0.0,0.0,0.0
0.0,0.0,0.0
0.0,0.0,0.0
0.0,0.0,0.0
0.0,0.0,0.0
0.0,0.0,0.0
0.0,0.0,0.0
0.0,0.0,0.0
0.0,0.0,0.0
0.0,0.0,0.0
0.0,0.0,0.0
0.0,0.0,0.0
0.0,0.0,0.0
0.0,0.0,0.0
0.0,0.0,0.0
0.0,0.0,0.0
0.0,0.0,0.0
0.0,0.0,0.0
0.0,0.0,0.0
0.0,0.0,0.0
0.0,0.0,0.0
0.0,0.0,0.0
0.0,0.0,0.0
0.0,0.0,0.0
0.0,0.0,0.0
0.0,0.0,0.0
0.0,0.0,0.0
0.0,0.0,0.0
0.0,0.0,0.0
0.0,0.0,0.0
0.0,0.0,0.0
0.0,0.0,0.0
0.0,0.0,0.0
0.0,0.0,0.0
0.0,0.0,0.0
0.0,0.0,0.0
0.0,0.0,0.0
0.0,0.0,0.0
0.0,0.0,0.0
0.0,0.0,0.0
0.0,0.0,0.0
0.0,0.0,0.0
0.0,0.0,0.0
0.0,0.0,0.0
0.0,0.0,0.0
0.0,0.0,0.0
0.0,0.0,0.0
0.0,0.0,0.0
0.0,0.0,0.0
0.0,0.0,0.0
0.0,0.0,0.0
0.0,0.0,0.0
0.0,0.0,0.0
0.0,0.0,0.0
0.0,0.0,0.0
0.0,0.0,0.0
0.0,0.0,0.0
0.0,0.0,0.0
0.0,0.0,0.0
0.0,0.0,0.0
0.0,0.0,0.0
0.0,0.0,0.0
0.0,0.0,0.0
0.0,0.0,0.0
0.0,0.0,0.0
0.0,0.0,0.0
0.0,0.0,0.0
0.0,0.0,0.0
0.0,0.0,0.0
0.0,0.0,0.0
0.0,0.0,0.0
0.0,0.0,0.0
0.0,0.0,0.0
0.0,0.0,0.0
0.0,0.0,0.0
0.0,0.0,0.0
0.0,0.0,0.0
0.0,0.0,0.0
0.0,0.0,0.0
0.0,0.0,0.0
0.0,0.0,0.0
0.0,0.0,0.0
0.0,0.0,0.0
0.0,0.0,0.0
0.0,0.0,0.0
0.0,0.0,0.0
0.0,0.0,0.0
0.0,0.0,0.0
0.0,0.0,0.0
0.0,0.0,0.0
0.0,0.0,0.0
0.0,0.0,0.0
0.0,0.0,0.0
0.0,0.0,0.0
0.0,0.0,0.0
0.0,0.0,0.0
0.0,0.0,0.0
0.0,0.0,0.0
0.0,0.0,0.0
0.0,0.0,0.0
0.0,0.0,0.0
0.0,0.0,0.0
0.0,0.0,0.0
0.0,0.0,0.0
0.0,0.0,0.0
0.0,0.0,0.0
0.0,0.0,0.0
0.0,0.0,0.0
0.0,0.0,0.0
0.0,0.0,0.0
0.0,0.0,0.0
0.0,0.0,0.0
0.0,0.0,0.0
0.0,0.0,0.0
0.0,0.0,0.0
0.0,0.0,0.0
0.0,0.0,0.0
0.0,0.0,0.0
0.0,0.0,0.0
0.0,0.0,0.0
0.0,0.0,0.0
0.0,0.0,0.0
0.0,0.0,0.0
0.0,0.0,0.0
0.0,0.0,0.0
0.0,0.0,0.0
0.0,0.0,0.0
0.0,0.0,0.0
0.0,0.0,0.0
0.0,0.0,0.0
0.0,0.0,0.0
0.0,0.0,0.0
0.0,0.0,0.0
0.0,0.0,0.0
0.0,0.0,0.0
0.0,0.0,0.0
0.0,0.0,0.0
0.0,0.0,0.0
0.0,0.0,0.0
0.0,0.0,0.0
0.0,0.0,0.0
0.0,0.0,0.0
0.0,0.0,0.0
0.0,0.0,0.0
0.0,0.0,0.0
0.0,0.0,0.0
0.0,0.0,0.0
0.0,0.0,0.0
0.0,0.0,0.0
0.0,0.0,0.0
0.0,0.0,0.0
0.0,0.0,0.0
0.0,0.0,0.0
0.0,0.0,0.0
0.0,0.0,0.0
0.0,0.0,0.0
0.0,0.0,0.0
0.0,0.0,0.0
0.0,0.0,0.0
0.0,0.0,0.0
0.0,0.0,0.0
0.0,0.0,0.0
0.0,0.0,0.0
0.0,0.0,0.0
0.0,0.0,0.0
0.0,0.0,0.0
0.0,0.0,0.0
0.0,0.0,0.0
0.0,0.0,0.0
0.0,0.0,0.0
0.0,0.0,0.0
0.0,0.0,0.0
0.0,0.0,0.0
0.0,0.0,0.0
0.0,0.0,0.0
0.0,0.0,0.0
0.0,0.0,0.0
0.0,0.0,0.0
0.0,0.0,0.0
0.0,0.0,0.0
0.0,0.0,0.0
0.0,0.0,0.0
0.0,0.0,0.0
0.0,0.0,0.0
0.0,0.0,0.0
0.0,0.0,0.0
0.0,0.0,0.0
0.0,0.0,0.0
0.0,0.0,0.0
0.0,0.0,0.0
0.0,0.0,0.0
0.0,0.0,0.0
0.0,0.0,0.0
0.0,0.0,0.0
0.0,0.0,0.0
0.0,0.0,0.0
0.0,0.0,0.0
0.0,0.0,0.0
0.0,0.0,0.0
0.0,0.0,0.0
0.0,0.0,0.0
0.0,0.0,0.0
0.0,0.0,0.0
0.0,0.0,0.0
0.0,0.0,0.0
0.0,0.0,0.0
0.0,0.0,0.0
0.0,0.0,0.0
0.0,0.0,0.0
0.0,0.0,0.0
0.0,0.0,0.0
0.0,0.0,0.0
0.0,0.0,0.0
0.0,0.0,0.0
0.0,0.0,0.0
0.0,0.0,0.0
0.0,0.0,0.0
0.0,0.0,0.0
0.0,0.0,0.0
0.0,0.0,0.0
0.0,0.0,0.0
0.0,0.0,0.0
0.0,0.0,0.0
0.0,0.0,0.0
0.0,0.0,0.0
0.0,0.0,0.0
0.0,0.0,0.0
0.0,0.0,0.0
0.0,0.0,0.0
0.0,0.0,0.0
0.0,0.0,0.0
0.0,0.0,0.0
0.0,0.0,0.0
0.0,0.0,0.0
0.0,0.0,0.0
0.0,0.0,0.0
0.0,0.0,0.0
0.0,0.0,0.0
0.0,0.0,0.0
0.0,0.0,0.0
0.0,0.0,0.0
0.0,0.0,0.0
0.0,0.0,0.0
0.0,0.0,0.0
0.0,0.0,0.0
0.0,0.0,0.0
0.0,0.0,0.0
0.0,0.0,0.0
0.0,0.0,0.0
0.0,0.0,0.0
0.0,0.0,0.0
0.0,0.0,0.0
0.0,0.0,0.0
0.0,0.0,0.0
0.0,0.0,0.0
0.0,0.0,0.0
0.0,0.0,0.0
0.0,0.0,0.0
0.0,0.0,0.0
0.0,0.0,0.0
0.0,0.0,0.0
0.0,0.0,0.0
0.0,0.0,0.0
0.0,0.0,0.0
0.0,0.0,0.0
0.0,0.0,0.0
0.0,0.0,0.0
0.0,0.0,0.0
0.0,0.0,0.0
0.0,0.0,0.0
0.0,0.0,0.0
0.0,0.0,0.0
0.0,0.0,0.0
0.0,0.0,0.0
0.0,0.0,0.0
0.0,0.0,0.0
0.0,0.0,0.0
0.0,0.0,0.0
0.0,0.0,0.0
0.0,0.0,0.0
0.0,0.0,0.0
0.0,0.0,0.0
0.0,0.0,0.0
0.0,0.0,0.0
0.0,0.0,0.0
0.0,0.0,0.0
0.0,0.0,0.0
0.0,0.0,0.0
0.0,0.0,0.0
0.0,0.0,0.0
0.0,0.0,0.0
0.0,0.0,0.0
0.0,0.0,0.0
0.0,0.0,0.0
0.0,0.0,0.0
0.0,0.0,0.0
0.0,0.0,0.0
0.0,0.0,0.0
0.0,0.0,0.0
0.0,0.0,0.0
0.0,0.0,0.0
0.0,0.0,0.0
0.0,0.0,0.0
0.0,0.0,0.0
0.0,0.0,0.0
0.0,0.0,0.0
0.0,0.0,0.0
0.0,0.0,0.0
0.0,0.0,0.0
0.0,0.0,0.0
0.0,0.0,0.0
0.0,0.0,0.0
0.0,0.0,0.0
0.0,0.0,0.0
0.0,0.0,0.0
0.0,0.0,0.0
0.0,0.0,0.0
0.0,0.0,0.0
0.0,0.0,0.0
0.0,0.0,0.0
0.0,0.0,0.0
0.0,0.0,0.0
0.0,0.0,0.0
0.0,0.0,0.0
0.0,0.0,0.0
0.0,0.0,0.0
0.0,0.0,0.0
0.0,0.0,0.0
0.0,0.0,0.0
0.0,0.0,0.0
0.0,0.0,0.0
0.0,0.0,0.0
0.0,0.0,0.0
0.0,30.0,0.0
0.0,70.0,0.0
0.0,84.0,0.0
0.0,58.0,0.0
0.0,38.0,0.0
0.0,26.0,0.0
0.0,19.0,0.0
0.0,20.0,0.0
0.0,23.0,0.0
0.0,30.0,0.0
0.0,34.0,0.0
0.0,39.0,0.0
0.0,42.0,0.0
0.0,45.0,0.0
0.0,53.0,0.0
0.0,62.0,0.0
0.0,77.0,0.0
0.0,85.0,0.0
0.0,92.0,0.0
0.0,102.0,0.0
0.0,120.0,0.0
0.0,144.0,0.0
0.0,163.0,0.0
0.0,192.0,0.0
0.0,219.0,0.0
0.0,247.0,0.0
0.0,264.0,0.0
0.0,267.0,0.0
0.0,269.0,0.0
0.0,285.0,0.0
0.0,300.0,0.0
0.0,302.0,0.0
0.0,299.0,0.0
0.0,284.0,0.0
0.0,298.0,0.0
0.0,326.0,0.0
0.0,357.0,0.0
0.0,374.0,0.0
0.0,388.0,0.0
0.0,389.0,0.0
0.0,399.0,0.0
0.0,399.0,0.0
0.0,407.0,0.0
0.0,405.0,0.0
0.0,406.0,0.0
0.0,413.0,0.0
0.0,426.0,0.0
0.0,440.0,0.0
0.0,470.0,0.0
0.0,481.0,0.0
0.0,513.0,0.0
0.0,553.0,0.0
0.0,666.0,0.0
0.0,746.0,0.0
0.0,747.0,0.0
0.0,741.0,0.0
0.0,726.0,0.0
0.0,752.0,0.0
0.0,798.0,0.0
0.0,830.0,0.0
0.0,830.0,0.22727266666666668
0.0,797.0,0.22727266666666668
0.0,816.0,0.22727266666666668
0.0,843.0,0.22727266666666668
0.0,857.0,0.22727266666666668
0.0,852.0,0.22727266666666668
0.0,856.0,0.22727266666666668
0.0,869.0,0.22727266666666668
0.0,868.0,0.22727266666666668
0.0,906.0,0.22727266666666668
0.08333333333333333,1091.0,0.22727266666666668
0.08333333333333333,1169.0,0.22727266666666668
0.08333333333333333,1224.0,0.22727266666666668
0.08333333333333333,1275.0,0.22727266666666668
0.08333333333333333,1360.0,0.22727266666666668
0.08333333333333333,1393.0,0.22727266666666668
0.08333333333333333,1388.0,0.22727266666666668
0.08333333333333333,1366.0,0.22727266666666668
0.08333333333333333,1364.0,0.22727266666666668
0.08333333333333333,1385.0,0.22727266666666668
0.16666666666666666,1374.0,0.22727266666666668
0.16666666666666666,1347.0,0.28409083333333335
0.16666666666666666,1347.0,0.28409083333333335
0.16666666666666666,1347.0,0.28409083333333335
0.16666666666666666,1287.0,0.28409083333333335
0.16666666666666666,1286.0,0.28409083333333335
0.16666666666666666,1308.0,0.28409083333333335
0.16666666666666666,1322.0,0.28409083333333335
0.16666666666666666,1351.0,0.28409083333333335
0.25,1412.0,0.340909
0.25,1470.0,0.340909
0.25,1535.0,0.340909
0.25,1593.0,0.340909
0.25,1628.0,0.340909
0.25,1644.0,0.340909
0.3333333333333333,1657.0,0.340909
0.3333333333333333,1651.0,0.45454533333333336
0.3333333333333333,1631.0,0.45454533333333336
0.3333333333333333,1627.0,0.45454533333333336
0.3333333333333333,1651.0,0.45454533333333336
0.3333333333333333,1666.0,0.45454533333333336
0.4166666666666667,1681.0,0.45454533333333336
0.4166666666666667,1676.0,0.45454533333333336
0.4166666666666667,1680.0,0.45454533333333336
0.4166666666666667,1687.0,0.45454533333333336
0.4166666666666667,1689.0,0.45454533333333336
0.4166666666666667,1618.0,0.45454533333333336
0.5,1504.0,0.45454533333333336
0.5,1478.0,0.5113635000000001
0.5,1571.0,0.5113635000000001
0.5,1689.0,0.5113635000000001
0.5,1587.0,0.5113635000000001
0.5833333333333334,1496.0,0.5681816666666667
0.5833333333333334,1506.0,0.5681816666666667
0.5833333333333334,1574.0,0.5681816666666667
0.5833333333333334,1464.0,0.5681816666666667
0.6666666666666666,1364.0,0.5681816666666667
0.6666666666666666,1359.0,0.6249998333333333
0.6666666666666666,1370.0,0.6249998333333333
0.6666666666666666,1434.0,0.6249998333333333
0.6666666666666666,1526.0,0.6249998333333333
0.75,1528.0,0.6249998333333333
0.75,1518.0,0.6249998333333333
0.75,1521.0,0.6249998333333333
0.75,1526.0,0.6249998333333333
0.8333333333333334,1485.0,0.6249998333333333
0.8333333333333334,1485.0,0.681818
0.8333333333333334,1455.0,0.681818
0.8333333333333334,1448.0,0.681818
0.9166666666666666,1354.0,0.7386361666666666
0.9166666666666666,1346.0,0.7386361666666666
0.9166666666666666,1321.0,0.7386361666666666
0.9166666666666666,1338.0,0.7386361666666666
1.0,1358.0,0.7386361666666666
1.0,1337.0,0.7386361666666666
1.0,1317.0,0.7386361666666666
1.0833333333333333,1297.0,0.7386361666666666
1.0833333333333333,1368.0,0.7954543333333334
1.0833333333333333,1354.0,0.7954543333333334
1.0833333333333333,1352.0,0.7954543333333334
1.1666666666666667,1276.0,0.7954543333333334
1.1666666666666667,1283.0,0.7954543333333334
1.1666666666666667,1386.0,0.7954543333333334
1.1666666666666667,1292.0,0.7954543333333334
1.25,1134.0,0.7954543333333334
1.25,1121.0,0.7954543333333334
1.25,1250.0,0.7954543333333334
1.3333333333333333,1386.0,0.8522725
1.3333333333333333,1487.0,0.8522725
1.3333333333333333,1563.0,0.8522725
1.4166666666666667,1501.0,0.8522725
1.4166666666666667,1325.0,0.8522725
1.4166666666666667,1235.0,0.8522725
1.5,1234.0,0.8522725
1.5,1210.0,0.9090906666666667
1.5,1190.0,0.9090906666666667
1.5833333333333333,1218.0,0.9090906666666667
1.5833333333333333,1324.0,0.9659088333333334
1.5833333333333333,1392.0,0.9659088333333334
1.6666666666666667,1354.0,1.0795451666666667
1.6666666666666667,1292.0,1.0795451666666667
1.6666666666666667,1313.0,1.0795451666666667
1.75,1373.0,1.0795451666666667
1.75,1389.0,1.0795451666666667
1.8333333333333333,1313.0,1.1931815000000001
1.8333333333333333,1342.0,1.1931815000000001
1.9166666666666667,1367.0,1.1931815000000001
1.9166666666666667,1365.0,1.1931815000000001
1.9166666666666667,1276.0,1.1931815000000001
2.0,1276.0,1.3068178333333333
2.0,1259.0,1.3068178333333333
2.0833333333333335,1284.0,1.4204541666666668
2.0833333333333335,1307.0,1.4204541666666668
2.1666666666666665,1294.0,1.4204541666666668
2.25,1343.0,1.4204541666666668
2.25,1372.0,1.5340905
2.3333333333333335,1354.0,1.5340905
2.3333333333333335,1319.0,1.5340905
2.4166666666666665,1287.0,1.5340905
2.4166666666666665,1300.0,1.6477268333333333
2.5,1265.0,1.6477268333333333
2.5833333333333335,1237.0,1.6477268333333333
2.5833333333333335,1248.0,1.704545
2.6666666666666665,1397.0,1.704545
2.6666666666666665,1512.0,1.704545
2.6666666666666665,1617.0,1.704545
2.75,1627.0,1.704545
2.75,1399.0,0.9090906666666667
2.8333333333333335,1350.0,1.9318176666666669
2.9166666666666665,1318.0,1.9318176666666669
3.0,1314.0,2.272726666666667
3.0,1297.0,2.102272166666667
3.0,1285.0,2.102272166666667
3.0,1246.0,2.102272166666667
3.0,1224.0,2.102272166666667
3.0833333333333335,1267.0,0.6249998333333333
3.0833333333333335,1357.0,0.6249998333333333
3.0833333333333335,1368.0,0.6249998333333333
3.0833333333333335,1370.0,0.6249998333333333
3.1666666666666665,1383.0,0.6249998333333333
3.25,1481.0,0.681818
3.25,1491.0,2.102272166666667
3.3333333333333335,1466.0,2.0454540000000003
3.4166666666666665,1434.0,2.0454540000000003
3.4166666666666665,1393.0,2.3863630000000002
3.5,1465.0,2.3863630000000002
3.5,1522.0,1.1363633333333334
3.5833333333333335,1548.0,2.5568175
3.6666666666666665,1559.0,2.5568175
3.75,1601.0,2.272726666666667
3.8333333333333335,1632.0,2.272726666666667
3.9166666666666665,1632.0,2.3863630000000002
4.0,1623.0,2.3295448333333333
4.083333333333333,1550.0,3.068181
4.083333333333333,1404.0,2.5568175
4.166666666666667,1357.0,2.4999993333333332
4.25,1387.0,2.670453833333333
4.333333333333333,1388.0,2.4999993333333332
4.416666666666667,1385.0,2.7840901666666666
4.5,1395.0,2.6136356666666667
4.583333333333333,1416.0,2.727272
4.666666666666667,1348.0,2.727272
4.75,1268.0,2.7840901666666666
4.833333333333333,1226.0,2.8409083333333336
4.833333333333333,1235.0,2.8409083333333336
4.916666666666667,1293.0,1.4204541666666668
5.0,1288.0,3.0113628333333335
5.083333333333333,1296.0,2.7840901666666666
5.166666666666667,1305.0,3.1818173333333335
5.25,1317.0,2.727272
5.333333333333333,1333.0,3.522726333333334
5.416666666666667,1424.0,2.8977265
5.583333333333333,1539.0,3.1818173333333335
5.666666666666667,1503.0,3.40909
5.75,1491.0,3.2386355
5.75,1534.0,2.9545446666666666
5.833333333333333,1562.0,2.9545446666666666
5.833333333333333,1496.0,1.4772723333333333
5.916666666666667,1495.0,1.5909086666666667
6.0,1386.0,3.5795445000000004
6.0,1386.0,3.5795445000000004
6.083333333333333,1395.0,3.5795445000000004
6.166666666666667,1367.0,1.0227270000000002
6.25,1419.0,3.40909
6.25,1469.0,2.8977265
6.333333333333333,1485.0,2.8977265
6.416666666666667,1480.0,3.8636353333333338
6.5,1511.0,3.2386355
6.666666666666667,1519.0,3.1818173333333335
6.75,1410.0,3.1818173333333335
6.916666666666667,1477.0,3.1818173333333335
6.916666666666667,1477.0,3.1818173333333335
7.0,1586.0,3.1818173333333335
7.083333333333333,1586.0,1.1363633333333334
7.166666666666667,1374.0,3.1249991666666666
7.166666666666667,1333.0,3.2954536666666665
7.333333333333333,1376.0,3.2954536666666665
7.416666666666667,1406.0,3.2954536666666665
7.5,1387.0,3.522726333333334
7.583333333333333,1381.0,3.068181
7.583333333333333,1405.0,3.068181
7.583333333333333,1399.0,3.068181
7.666666666666667,1407.0,3.068181
7.75,1392.0,3.7499990000000003
7.916666666666667,1371.0,3.7499990000000003
7.916666666666667,1333.0,4.147726166666667
8.0,1335.0,1.8749995000000002
8.166666666666666,1226.0,3.522726333333334
8.25,1320.0,4.261362500000001
8.333333333333334,1341.0,3.8636353333333338
8.416666666666666,1259.0,3.636362666666667
8.5,1187.0,3.636362666666667
8.583333333333334,1258.0,4.261362500000001
8.666666666666666,1355.0,4.261362500000001
8.666666666666666,1428.0,1.761363166666667
8.666666666666666,1444.0,1.761363166666667
8.75,1442.0,1.2499996666666666
8.75,1377.0,1.2499996666666666
8.75,1312.0,1.2499996666666666
8.916666666666666,1277.0,1.2499996666666666
9.0,1247.0,3.4659081666666665
9.083333333333334,1212.0,3.40909
9.25,1257.0,3.5795445000000004
9.333333333333334,1291.0,4.8863623333333335
9.416666666666666,1304.0,3.693180833333334
9.583333333333334,1387.0,3.9204535000000003
9.666666666666666,1397.0,3.9204535000000003
9.833333333333334,1405.0,3.9204535000000003
9.833333333333334,1384.0,4.8863623333333335
9.833333333333334,1309.0,4.8863623333333335
10.0,1283.0,4.8863623333333335
10.083333333333334,1323.0,3.7499990000000003
10.166666666666666,1345.0,3.40909
10.25,1372.0,3.40909
10.25,1374.0,1.8749995000000002
10.333333333333334,1335.0,1.8749995000000002
10.416666666666666,1335.0,4.318180666666667
10.5,1312.0,4.318180666666667
10.583333333333334,1317.0,4.488635166666667
10.75,1333.0,4.488635166666667
10.75,1325.0,4.374998833333334
10.833333333333334,1308.0,4.374998833333334
10.833333333333334,1310.0,1.363636
10.916666666666666,1423.0,1.9318176666666669
11.083333333333334,1448.0,3.693180833333334
11.166666666666666,1365.0,4.545453333333334
11.333333333333334,1262.0,4.545453333333334
11.416666666666666,1230.0,4.488635166666667
11.5,1264.0,4.090908000000001
11.5,1263.0,4.090908000000001
11.583333333333334,1242.0,4.090908000000001
11.75,1201.0,4.090908000000001
11.833333333333334,1102.0,4.318180666666667
12.0,1058.0,4.034089833333334
12.083333333333334,1078.0,4.488635166666667
12.166666666666666,1162.0,3.9772716666666668
12.25,1271.0,3.9772716666666668
12.333333333333334,1343.0,2.2159085000000003
12.416666666666666,1459.0,3.9204535000000003
12.5,1538.0,3.9204535000000003
12.666666666666666,1495.0,4.318180666666667
12.75,1490.0,3.9204535000000003
12.833333333333334,1489.0,4.374998833333334
12.833333333333334,1488.0,4.374998833333334
12.833333333333334,1441.0,4.374998833333334
12.916666666666666,1195.0,0.8522725
13.0,1147.0,0.8522725
13.083333333333334,1120.0,4.9999986666666665
13.166666666666666,1102.0,3.2954536666666665
13.333333333333334,1103.0,3.9772716666666668
13.416666666666666,1220.0,4.261362500000001
13.583333333333334,1291.0,3.636362666666667
13.666666666666666,1228.0,5.2840895
13.833333333333334,1112.0,4.374998833333334
13.833333333333334,1206.0,4.090908000000001
13.916666666666666,1294.0,2.2159085000000003
14.0,1293.0,2.0454540000000003
14.083333333333334,1160.0,2.0454540000000003
14.166666666666666,1160.0,4.659089666666667
14.333333333333334,1116.0,4.659089666666667
14.5,1175.0,4.659089666666667
14.583333333333334,1186.0,4.659089666666667
14.666666666666666,1201.0,4.374998833333334
14.833333333333334,1279.0,4.374998833333334
15.0,1325.0,4.488635166666667
15.083333333333334,1231.0,4.545453333333334
15.25,1157.0,4.545453333333334
15.25,1177.0,4.6022715000000005
15.416666666666666,1315.0,4.6022715000000005
15.416666666666666,1316.0,4.318180666666667
15.583333333333334,1294.0,4.318180666666667
15.666666666666666,1295.0,4.034089833333334
15.75,1257.0,4.204544333333334
15.833333333333334,1311.0,2.102272166666667
15.916666666666666,1334.0,4.7727260000000005
16.083333333333332,1327.0,4.7727260000000005
16.166666666666668,1335.0,4.8863623333333335
16.333333333333332,1323.0,4.318180666666667
16.416666666666668,1304.0,6.079543833333333
16.583333333333332,1292.0,6.079543833333333
16.75,1286.0,6.079543833333333
16.833333333333332,1270.0,4.545453333333334
16.833333333333332,1110.0,4.318180666666667
16.916666666666668,988.0,4.318180666666667
17.083333333333332,961.0,4.318180666666667
17.166666666666668,987.0,4.090908000000001
17.166666666666668,1112.0,2.3863630000000002
17.25,1073.0,2.3863630000000002
17.333333333333332,1036.0,5.113635
17.5,1031.0,5.113635
17.666666666666668,1018.0,5.113635
17.75,1042.0,4.545453333333334
17.916666666666668,1054.0,4.545453333333334
17.916666666666668,1022.0,4.7727260000000005
18.0,1011.0,4.7727260000000005
18.083333333333332,1081.0,1.5909086666666667
18.166666666666668,1163.0,5.568180333333333
18.333333333333332,1167.0,5.568180333333333
18.5,1141.0,5.340907666666666
18.583333333333332,1138.0,4.7159078333333335
18.666666666666668,1162.0,4.7159078333333335
18.833333333333332,1162.0,4.7159078333333335
18.916666666666668,1177.0,4.261362500000001
19.0,1135.0,5.397725833333334
19.083333333333332,1016.0,2.4999993333333332
19.166666666666668,1059.0,4.8295441666666665
19.333333333333332,1112.0,4.8863623333333335
19.416666666666668,1111.0,4.6022715000000005
19.5,1063.0,4.6022715000000005
19.5,1041.0,1.5909086666666667
19.666666666666668,1003.0,2.1590903333333333
19.666666666666668,977.0,5.6249985
19.833333333333332,967.0,5.6249985
19.833333333333332,977.0,5.397725833333334
19.916666666666668,1060.0,5.397725833333334
19.916666666666668,1131.0,1.1931815000000001
20.083333333333332,1091.0,2.4999993333333332
20.25,985.0,5.056816833333333
20.416666666666668,925.0,4.7727260000000005
20.583333333333332,974.0,4.7727260000000005
20.666666666666668,1019.0,5.056816833333333
20.833333333333332,1043.0,4.8863623333333335
21.0,984.0,4.8863623333333335
21.166666666666668,944.0,4.8863623333333335
21.25,909.0,5.227271333333333
21.416666666666668,939.0,4.9431805
21.416666666666668,1000.0,4.8863623333333335
21.5,1015.0,1.704545
21.583333333333332,1003.0,4.318180666666667
21.75,977.0,4.318180666666667
21.916666666666668,951.0,4.8295441666666665
22.083333333333332,957.0,5.511362166666667
22.166666666666668,980.0,4.659089666666667
22.25,1005.0,5.397725833333334
22.416666666666668,1007.0,5.397725833333334
22.583333333333332,986.0,4.9431805
22.583333333333332,975.0,4.7727260000000005
22.666666666666668,973.0,4.7727260000000005
22.666666666666668,993.0,1.704545
22.666666666666668,992.0,1.704545
22.75,958.0,1.704545
22.833333333333332,955.0,0.9659088333333334
22.916666666666668,949.0,2.3295448333333333
23.083333333333332,956.0,2.7840901666666666
23.166666666666668,956.0,5.568180333333333
23.166666666666668,980.0,5.568180333333333
23.25,973.0,1.761363166666667
23.416666666666668,943.0,2.7840901666666666
23.5,913.0,4.9431805
23.583333333333332,900.0,2.4431811666666667
23.666666666666668,908.0,2.4431811666666667
23.75,925.0,5.397725833333334
23.833333333333332,925.0,5.397725833333334
24.0,923.0,5.738634833333333
24.166666666666668,966.0,5.738634833333333
24.333333333333332,999.0,5.738634833333333
24.416666666666668,1000.0,5.795453
24.5,990.0,5.511362166666667
24.583333333333332,966.0,5.511362166666667
24.666666666666668,966.0,6.477271
24.75,961.0,6.477271
24.916666666666668,967.0,6.477271
25.0,1004.0,5.227271333333333
25.083333333333332,1003.0,6.81818
25.083333333333332,970.0,6.81818
25.25,940.0,6.81818
25.416666666666668,920.0,5.852271166666667
25.583333333333332,959.0,4.659089666666667
25.583333333333332,972.0,6.363634666666667
25.583333333333332,975.0,6.363634666666667
25.75,973.0,6.363634666666667
25.916666666666668,1059.0,5.2840895
26.0,1120.0,5.170453166666666
26.0,1057.0,2.5568175
26.0,954.0,2.5568175
26.0,882.0,2.5568175
26.083333333333332,957.0,0.8522725
26.25,1034.0,2.5568175
26.333333333333332,1052.0,5.056816833333333
26.5,1022.0,5.056816833333333
26.666666666666668,989.0,5.056816833333333
26.833333333333332,1020.0,5.056816833333333
26.833333333333332,1019.0,4.659089666666667
27.0,1020.0,6.761361833333333
27.166666666666668,1042.0,5.113635
27.166666666666668,1082.0,4.261362500000001
27.166666666666668,1082.0,4.261362500000001
27.333333333333332,1101.0,4.261362500000001
27.333333333333332,1093.0,5.9659075
27.5,1062.0,5.9659075
27.666666666666668,951.0,5.454544
27.833333333333332,893.0,5.454544
28.0,841.0,5.454544
28.083333333333332,800.0,5.340907666666666
28.166666666666668,766.0,5.170453166666666
28.25,803.0,2.3295448333333333
28.333333333333332,864.0,2.3295448333333333
28.5,924.0,2.3295448333333333
28.583333333333332,946.0,4.7159078333333335
28.666666666666668,947.0,4.8863623333333335
28.666666666666668,971.0,4.8863623333333335
28.833333333333332,998.0,4.8863623333333335
28.916666666666668,1013.0,5.6249985
29.083333333333332,946.0,5.909089333333333
29.25,930.0,5.909089333333333
29.416666666666668,959.0,4.9431805
29.583333333333332,979.0,4.9431805
29.666666666666668,953.0,5.340907666666666
29.75,923.0,5.340907666666666
29.916666666666668,948.0,5.340907666666666
30.083333333333332,1021.0,5.056816833333333
30.166666666666668,1064.0,5.227271333333333
30.333333333333332,1093.0,5.227271333333333
30.416666666666668,956.0,5.170453166666666
30.583333333333332,851.0,5.170453166666666
30.75,825.0,5.170453166666666
30.916666666666668,1055.0,5.056816833333333
31.083333333333332,1110.0,5.170453166666666
31.166666666666668,976.0,5.909089333333333
31.25,853.0,5.909089333333333
31.416666666666668,914.0,5.909089333333333
31.5,1030.0,7.272725333333334
31.583333333333332,1008.0,7.272725333333334
31.583333333333332,983.0,1.6477268333333333
31.666666666666668,982.0,1.6477268333333333
31.75,998.0,6.079543833333333
31.916666666666668,999.0,6.079543833333333
32.083333333333336,983.0,6.079543833333333
32.25,985.0,5.2840895
32.333333333333336,985.0,5.6249985
32.5,1028.0,5.6249985
32.666666666666664,993.0,5.6249985
32.666666666666664,930.0,6.022725666666667
32.833333333333336,904.0,6.3068165
33.0,963.0,6.3068165
33.0,1021.0,4.8295441666666665
33.0,991.0,4.8295441666666665
33.0,955.0,4.8295441666666665
33.166666666666664,946.0,4.8295441666666665
33.333333333333336,895.0,5.227271333333333
33.5,822.0,5.227271333333333
33.666666666666664,820.0,5.113635
33.75,816.0,4.659089666666667
33.916666666666664,867.0,5.113635
34.0,912.0,4.659089666666667
34.166666666666664,946.0,4.659089666666667
34.166666666666664,942.0,4.7159078333333335
34.166666666666664,949.0,4.7159078333333335
34.25,993.0,4.7159078333333335
34.333333333333336,1002.0,1.0227270000000002
34.5,998.0,2.3863630000000002
34.5,957.0,4.374998833333334
34.666666666666664,962.0,4.374998833333334
34.833333333333336,1018.0,4.7727260000000005
35.0,1051.0,4.7727260000000005
35.083333333333336,1052.0,5.340907666666666
35.25,951.0,6.3068165
35.333333333333336,938.0,6.3068165
35.5,1008.0,5.681816666666667
35.583333333333336,1027.0,4.6022715000000005
35.583333333333336,963.0,2.4999993333333332
35.583333333333336,917.0,2.4999993333333332
35.75,1038.0,2.4999993333333332
35.833333333333336,1092.0,5.2840895
36.0,1056.0,5.2840895
36.083333333333336,934.0,4.659089666666667
36.25,916.0,4.659089666666667
36.416666666666664,927.0,5.056816833333333
36.5,934.0,4.6022715000000005
36.666666666666664,936.0,4.6022715000000005
36.75,988.0,4.9999986666666665
36.75,992.0,4.9999986666666665
36.916666666666664,992.0,4.9999986666666665
36.916666666666664,982.0,4.8863623333333335
36.916666666666664,990.0,4.8863623333333335
37.0,1031.0,1.0227270000000002
37.083333333333336,1029.0,5.170453166666666
37.25,1017.0,5.170453166666666
37.416666666666664,1016.0,5.170453166666666
37.583333333333336,1015.0,5.170453166666666
37.666666666666664,1027.0,5.738634833333333
37.75,1063.0,4.488635166666667
37.833333333333336,1103.0,2.670453833333333
37.833333333333336,1087.0,2.6136356666666667
38.0,1068.0,2.6136356666666667
38.0,1118.0,4.7727260000000005
38.0,1247.0,4.7727260000000005
38.166666666666664,1234.0,4.7727260000000005
38.25,1037.0,4.659089666666667
38.416666666666664,988.0,4.9431805
38.583333333333336,1050.0,5.056816833333333
38.75,1091.0,5.056816833333333
38.833333333333336,1041.0,4.659089666666667
38.916666666666664,906.0,2.5568175
39.0,906.0,5.2840895
39.083333333333336,963.0,2.1590903333333333
39.25,993.0,2.727272
39.25,1012.0,4.659089666666667
39.25,996.0,4.659089666666667
39.416666666666664,1017.0,4.659089666666667
39.5,1062.0,4.659089666666667
39.583333333333336,1151.0,4.659089666666667
39.75,1094.0,5.170453166666666
39.916666666666664,1027.0,5.227271333333333
40.0,1005.0,4.9431805
40.166666666666664,1040.0,4.9431805
40.25,1073.0,4.659089666666667
40.416666666666664,997.0,4.659089666666667
40.5,932.0,4.9999986666666665
40.666666666666664,961.0,4.9999986666666665
40.833333333333336,1082.0,4.8295441666666665
40.916666666666664,1117.0,4.7727260000000005
41.0,1090.0,4.6022715000000005
41.166666666666664,1036.0,4.6022715000000005
41.333333333333336,1036.0,4.6022715000000005
41.416666666666664,969.0,4.488635166666667
41.583333333333336,933.0,5.170453166666666
41.666666666666664,954.0,5.170453166666666
41.75,983.0,2.1590903333333333
41.916666666666664,1005.0,2.1590903333333333
42.0,951.0,4.8863623333333335
42.166666666666664,914.0,4.8863623333333335
42.25,885.0,4.7159078333333335
42.416666666666664,909.0,4.7159078333333335
42.5,993.0,5.340907666666666
42.583333333333336,1020.0,5.795453
42.75,1019.0,4.659089666666667
42.916666666666664,1091.0,4.9431805
43.083333333333336,1119.0,4.9431805
43.166666666666664,1032.0,4.8295441666666665
43.25,1044.0,4.488635166666667
43.333333333333336,1070.0,2.5568175
43.416666666666664,1059.0,4.7727260000000005
43.583333333333336,946.0,4.7727260000000005
43.666666666666664,924.0,4.9431805
43.75,947.0,4.9431805
43.75,1023.0,2.2159085000000003
43.75,1116.0,2.2159085000000003
43.833333333333336,1052.0,2.2159085000000003
44.0,1038.0,2.2159085000000003
44.166666666666664,1036.0,4.318180666666667
44.25,1010.0,4.545453333333334
44.416666666666664,888.0,4.7159078333333335
44.583333333333336,965.0,4.8863623333333335
44.583333333333336,1080.0,4.318180666666667
44.75,1103.0,4.318180666666667
44.833333333333336,1027.0,4.488635166666667
45.0,1121.0,4.488635166666667
45.166666666666664,1187.0,4.6022715000000005
45.166666666666664,1127.0,5.056816833333333
45.166666666666664,1038.0,5.056816833333333
45.25,1055.0,5.056816833333333
45.416666666666664,1055.0,5.056816833333333
45.5,1038.0,4.8295441666666665
45.666666666666664,1039.0,4.8295441666666665
45.833333333333336,1021.0,4.8295441666666665
45.916666666666664,971.0,4.7727260000000005
46.083333333333336,971.0,4.659089666666667
46.25,912.0,4.659089666666667
46.25,922.0,5.227271333333333
46.416666666666664,997.0,5.227271333333333
46.583333333333336,1140.0,5.113635
46.583333333333336,1180.0,4.545453333333334
46.583333333333336,1163.0,4.545453333333334
46.666666666666664,1114.0,1.1363633333333334
46.666666666666664,1168.0,1.1363633333333334
46.833333333333336,1270.0,1.704545
47.0,1304.0,4.6022715000000005
47.166666666666664,1249.0,4.6022715000000005
47.25,1240.0,4.8295441666666665
47.416666666666664,1212.0,4.8295441666666665
47.5,1129.0,4.431817000000001
47.666666666666664,1077.0,4.374998833333334
47.666666666666664,1040.0,4.090908000000001
47.75,1054.0,4.090908000000001
47.75,1108.0,1.5340905
47.75,1131.0,1.5340905
47.75,1122.0,1.5340905
47.833333333333336,1139.0,1.5340905
47.916666666666664,1146.0,5.056816833333333
48.083333333333336,1125.0,5.056816833333333
48.25,1116.0,4.7159078333333335
48.416666666666664,1110.0,4.7159078333333335
48.5,1089.0,4.8295441666666665
48.666666666666664,1086.0,4.659089666666667
48.833333333333336,1092.0,4.659089666666667
48.833333333333336,1096.0,4.659089666666667
48.833333333333336,1099.0,4.659089666666667
48.916666666666664,1110.0,4.659089666666667
49.0,1112.0,0.9659088333333334
49.166666666666664,1091.0,4.659089666666667
49.333333333333336,1083.0,4.8863623333333335
49.416666666666664,1080.0,4.8295441666666665
49.583333333333336,1091.0,4.8295441666666665
49.75,1127.0,5.113635
49.833333333333336,1145.0,4.488635166666667
50.0,1156.0,4.8295441666666665
50.083333333333336,1158.0,4.8295441666666665
50.083333333333336,1218.0,2.1590903333333333
50.25,1254.0,2.5568175
50.25,1254.0,4.8295441666666665
50.333333333333336,1176.0,1.5909086666666667
50.416666666666664,1168.0,4.545453333333334
50.5,1235.0,4.545453333333334
50.5,1325.0,1.5340905
50.666666666666664,1308.0,2.4999993333333332
50.833333333333336,1132.0,4.8295441666666665
51.0,1042.0,4.8295441666666665
51.083333333333336,1071.0,4.8863623333333335
51.25,1183.0,4.8863623333333335
51.416666666666664,1238.0,4.545453333333334
51.5,1242.0,5.227271333333333
51.583333333333336,1210.0,4.545453333333334
51.75,1159.0,4.545453333333334
51.833333333333336,1145.0,4.7159078333333335
51.916666666666664,1195.0,4.545453333333334
52.0,1201.0,2.4431811666666667
52.083333333333336,1274.0,2.4431811666666667
52.166666666666664,1251.0,1.5909086666666667
52.333333333333336,1152.0,4.147726166666667
52.5,1218.0,4.431817000000001
52.583333333333336,1270.0,5.2840895
52.75,1271.0,4.9999986666666665
52.916666666666664,1230.0,4.488635166666667
53.0,1211.0,5.738634833333333
53.083333333333336,1210.0,4.261362500000001
53.083333333333336,1199.0,4.261362500000001
53.166666666666664,1249.0,4.261362500000001
53.25,1166.0,5.227271333333333
53.416666666666664,1081.0,5.227271333333333
53.416666666666664,1048.0,4.7727260000000005
53.5,1094.0,2.3295448333333333
53.583333333333336,1248.0,2.272726666666667
53.75,1249.0,4.7727260000000005
53.916666666666664,1223.0,4.8863623333333335
54.0,1222.0,4.318180666666667
54.166666666666664,1347.0,4.488635166666667
54.25,1332.0,4.659089666666667
54.25,1152.0,2.3863630000000002
54.333333333333336,1154.0,2.3863630000000002
54.416666666666664,1117.0,2.3863630000000002
54.5,1255.0,1.4772723333333333
54.5,1255.0,4.374998833333334
54.5,1314.0,4.374998833333334
54.666666666666664,1305.0,4.374998833333334
54.833333333333336,1261.0,4.374998833333334
54.916666666666664,1191.0,4.374998833333334
55.083333333333336,1175.0,4.374998833333334
55.166666666666664,1163.0,4.7159078333333335
55.333333333333336,1167.0,4.7159078333333335
55.5,1124.0,4.659089666666667
55.583333333333336,1123.0,3.9772716666666668
55.75,1145.0,4.261362500000001
55.75,1197.0,4.374998833333334
55.833333333333336,1196.0,4.374998833333334
55.916666666666664,1163.0,4.9431805
55.916666666666664,1081.0,4.9431805
56.083333333333336,1077.0,4.9431805
56.166666666666664,1117.0,4.8863623333333335
56.333333333333336,1122.0,4.8863623333333335
56.5,1142.0,4.7727260000000005
56.583333333333336,1185.0,4.659089666666667
56.75,1125.0,4.6022715000000005
56.833333333333336,1025.0,4.488635166666667
56.916666666666664,1207.0,4.659089666666667
57.0,1431.0,2.2159085000000003
57.166666666666664,1507.0,2.2159085000000003
57.25,1568.0,4.488635166666667
57.416666666666664,1393.0,4.488635166666667
57.5,1292.0,4.261362500000001
57.5,1300.0,4.261362500000001
57.666666666666664,1363.0,4.261362500000001
57.75,1361.0,4.374998833333334
57.833333333333336,1242.0,4.374998833333334
57.916666666666664,1230.0,1.9886358333333334
58.083333333333336,1278.0,1.9886358333333334
58.166666666666664,1269.0,4.6022715000000005
58.25,1228.0,4.6022715000000005
58.333333333333336,1272.0,5.681816666666667
58.5,1286.0,5.681816666666667
58.666666666666664,1232.0,4.659089666666667
58.75,1184.0,4.431817000000001
58.916666666666664,1271.0,4.147726166666667
59.0,1360.0,5.170453166666666
59.0,1388.0,4.034089833333334
59.0,1388.0,4.034089833333334
59.166666666666664,1361.0,4.034089833333334
59.25,1270.0,4.659089666666667
59.416666666666664,1264.0,4.659089666666667
59.5,1360.0,4.090908000000001
59.666666666666664,1476.0,4.090908000000001
59.666666666666664,1301.0,4.374998833333334
59.75,1189.0,2.0454540000000003
59.833333333333336,1197.0,2.0454540000000003
60.0,1344.0,2.0454540000000003
60.083333333333336,1434.0,3.636362666666667
60.083333333333336,1491.0,4.261362500000001
60.166666666666664,1270.0,4.261362500000001
60.333333333333336,1083.0,4.261362500000001
60.333333333333336,986.0,4.374998833333334
60.416666666666664,1159.0,4.374998833333334
60.5,1258.0,1.363636
60.666666666666664,1285.0,1.363636
60.75,1250.0,4.545453333333334
60.916666666666664,1228.0,4.545453333333334
61.0,1252.0,4.261362500000001
61.166666666666664,1250.0,4.431817000000001
61.25,1215.0,4.034089833333334
61.333333333333336,1247.0,4.034089833333334
61.416666666666664,1261.0,4.8295441666666665
61.5,1261.0,4.8295441666666665
61.583333333333336,1291.0,4.545453333333334
61.75,1312.0,4.545453333333334
61.75,1337.0,4.431817000000001
61.833333333333336,1366.0,2.1590903333333333
61.916666666666664,1282.0,2.1590903333333333
62.0,1137.0,1.5340905
62.166666666666664,1006.0,1.5340905
62.25,1049.0,4.9999986666666665
62.416666666666664,1095.0,4.9999986666666665
62.583333333333336,1111.0,4.318180666666667
62.583333333333336,1124.0,4.147726166666667
62.666666666666664,1255.0,2.2159085000000003
62.666666666666664,1292.0,2.2159085000000003
62.833333333333336,1291.0,2.2159085000000003
62.833333333333336,1271.0,4.7727260000000005
63.0,1275.0,4.7727260000000005
63.0,1293.0,5.2840895
63.0,1293.0,5.2840895
63.166666666666664,1282.0,5.2840895
63.25,1239.0,4.374998833333334
63.416666666666664,1154.0,4.374998833333334
63.583333333333336,1094.0,4.431817000000001
63.666666666666664,1005.0,4.7727260000000005
63.833333333333336,942.0,4.204544333333334
64.0,1012.0,4.204544333333334
64.08333333333333,1177.0,4.431817000000001
64.16666666666667,1166.0,4.374998833333334
64.25,1194.0,4.374998833333334
64.25,1194.0,2.0454540000000003
64.33333333333333,1152.0,1.5909086666666667
64.41666666666667,1120.0,4.034089833333334
64.58333333333333,1137.0,4.034089833333334
64.66666666666667,1169.0,4.431817000000001
64.83333333333333,1182.0,4.431817000000001
65.0,1132.0,4.431817000000001
65.08333333333333,1089.0,4.9999986666666665
65.25,1093.0,4.7159078333333335
65.33333333333333,1117.0,4.488635166666667
65.41666666666667,1086.0,4.488635166666667
65.58333333333333,1068.0,4.488635166666667
65.58333333333333,1073.0,4.488635166666667
65.66666666666667,1065.0,4.488635166666667
65.75,1077.0,4.545453333333334
65.75,1093.0,4.545453333333334
65.83333333333333,1069.0,1.5340905
66.0,1058.0,2.272726666666667
66.08333333333333,1072.0,4.8863623333333335
66.25,1248.0,4.659089666666667
66.41666666666667,1316.0,4.659089666666667
66.5,1277.0,4.8295441666666665
66.66666666666667,1160.0,4.7159078333333335
66.75,969.0,6.3068165
66.91666666666667,851.0,4.659089666666667
67.0,858.0,4.431817000000001
67.08333333333333,920.0,4.431817000000001
67.25,957.0,4.431817000000001
67.33333333333333,924.0,4.9431805
67.41666666666667,1051.0,4.9431805
67.58333333333333,1278.0,4.9431805
67.66666666666667,1278.0,4.318180666666667
67.83333333333333,1381.0,4.318180666666667
68.0,1123.0,4.318180666666667
68.08333333333333,967.0,4.8863623333333335
68.25,927.0,4.8863623333333335
68.41666666666667,971.0,4.6022715000000005
68.5,1118.0,4.8863623333333335
68.66666666666667,1110.0,4.7159078333333335
68.83333333333333,1018.0,4.8863623333333335
68.91666666666667,1029.0,4.318180666666667
69.0,1073.0,4.6022715000000005
69.0,1108.0,4.6022715000000005
69.08333333333333,1110.0,4.6022715000000005
69.25,1086.0,4.6022715000000005
69.41666666666667,1066.0,4.6022715000000005
69.5,1093.0,3.9772716666666668
69.66666666666667,1123.0,4.7727260000000005
69.75,1119.0,4.7727260000000005
69.83333333333333,1113.0,4.7727260000000005
69.91666666666667,1095.0,5.738634833333333
70.08333333333333,1061.0,5.738634833333333
70.16666666666667,1073.0,4.659089666666667
70.16666666666667,1086.0,4.034089833333334
70.16666666666667,1098.0,4.034089833333334
70.16666666666667,1195.0,4.034089833333334
70.25,1209.0,4.034089833333334
70.33333333333333,1111.0,5.056816833333333
70.5,1076.0,4.8295441666666665
70.66666666666667,1112.0,4.659089666666667
70.75,1126.0,5.056816833333333
70.91666666666667,1158.0,5.056816833333333
71.08333333333333,1172.0,4.374998833333334
71.08333333333333,1187.0,4.204544333333334
71.25,1177.0,4.204544333333334
71.41666666666667,1198.0,4.8295441666666665
71.41666666666667,1178.0,4.545453333333334
71.5,1128.0,4.545453333333334
71.5,1185.0,1.4772723333333333
71.5,1283.0,1.4772723333333333
71.66666666666667,1287.0,1.4772723333333333
71.75,1248.0,4.431817000000001
71.91666666666667,1255.0,4.431817000000001
72.08333333333333,1226.0,4.431817000000001
72.16666666666667,1226.0,4.545453333333334
72.33333333333333,1178.0,4.659089666666667
72.5,1180.0,4.8863623333333335
72.58333333333333,1227.0,4.9999986666666665
72.75,1162.0,4.374998833333334
72.91666666666667,1118.0,4.374998833333334
73.0,1137.0,4.8863623333333335
73.08333333333333,1216.0,4.8295441666666665
73.08333333333333,1272.0,4.8295441666666665
73.16666666666667,1226.0,4.8295441666666665
73.25,1228.0,1.1931815000000001
73.33333333333333,1225.0,4.431817000000001
73.5,1281.0,4.659089666666667
73.66666666666667,1271.0,4.659089666666667
73.75,1243.0,4.659089666666667
73.91666666666667,1176.0,4.7159078333333335
74.08333333333333,1075.0,4.7159078333333335
74.16666666666667,981.0,4.7159078333333335
74.25,1096.0,4.7727260000000005
74.41666666666667,1256.0,4.7727260000000005
74.5,1335.0,4.8863623333333335
74.5,1284.0,4.204544333333334
74.5,1262.0,4.204544333333334
74.66666666666667,1294.0,4.204544333333334
74.83333333333333,1309.0,4.374998833333334
74.91666666666667,1313.0,4.7159078333333335
75.08333333333333,1248.0,4.7159078333333335
75.25,1172.0,4.7159078333333335
75.33333333333333,1137.0,4.9431805
75.5,1128.0,4.9431805
75.66666666666667,1130.0,4.8863623333333335
75.75,1145.0,4.147726166666667
75.91666666666667,1150.0,4.147726166666667
76.0,1150.0,4.9431805
76.16666666666667,1173.0,4.9431805
76.16666666666667,1168.0,4.204544333333334
76.25,1149.0,1.5909086666666667
76.41666666666667,1178.0,4.659089666666667
76.58333333333333,1194.0,4.659089666666667
76.66666666666667,1193.0,4.9999986666666665
76.83333333333333,1202.0,4.9999986666666665
76.91666666666667,1218.0,5.6249985
76.91666666666667,1200.0,2.102272166666667
77.08333333333333,1200.0,2.4999993333333332
77.25,1153.0,3.9204535000000003
77.33333333333333,1167.0,4.318180666666667
77.41666666666667,1164.0,5.340907666666666
77.5,1135.0,5.113635
77.5,1112.0,5.113635
77.66666666666667,1179.0,5.113635
77.75,1168.0,5.6249985
77.91666666666667,1145.0,5.568180333333333
78.08333333333333,1136.0,4.9999986666666665
78.16666666666667,1131.0,4.318180666666667
78.33333333333333,1118.0,4.9431805
78.5,1090.0,4.6022715000000005
78.5,1083.0,4.6022715000000005
78.66666666666667,1124.0,4.6022715000000005
78.83333333333333,1212.0,4.7159078333333335
78.91666666666667,1170.0,4.7159078333333335
79.08333333333333,1132.0,4.545453333333334
79.16666666666667,1095.0,4.374998833333334
79.16666666666667,1088.0,4.374998833333334
79.16666666666667,1109.0,4.374998833333334
79.25,1200.0,4.374998833333334
79.41666666666667,1320.0,4.374998833333334
79.5,1315.0,5.397725833333334
79.66666666666667,1273.0,4.659089666666667
79.75,1163.0,4.147726166666667
79.83333333333333,1194.0,2.3295448333333333
80.0,1232.0,4.431817000000001
80.08333333333333,1070.0,4.659089666666667
80.16666666666667,1011.0,2.5568175
80.25,1013.0,4.7159078333333335
80.25,1064.0,4.7159078333333335
80.33333333333333,1130.0,4.7159078333333335
80.33333333333333,1176.0,1.0795451666666667
80.41666666666667,1198.0,1.0795451666666667
80.5,1191.0,1.4204541666666668
80.66666666666667,1200.0,4.6022715000000005
80.83333333333333,1228.0,4.6022715000000005
80.91666666666667,1227.0,4.147726166666667
81.08333333333333,1200.0,4.431817000000001
81.16666666666667,1167.0,5.454544
81.33333333333333,1079.0,5.454544
81.5,1079.0,4.8863623333333335
81.5,1086.0,4.261362500000001
81.66666666666667,1085.0,4.261362500000001
81.66666666666667,1137.0,4.034089833333334
81.66666666666667,1214.0,4.034089833333334
81.75,1178.0,4.034089833333334
81.83333333333333,1173.0,1.0227270000000002
81.91666666666667,1204.0,4.7727260000000005
82.08333333333333,1248.0,4.7727260000000005
82.16666666666667,1333.0,4.545453333333334
82.33333333333333,1363.0,4.545453333333334
82.5,1363.0,4.545453333333334
82.58333333333333,1282.0,4.7727260000000005
82.75,1228.0,4.7727260000000005
82.83333333333333,1219.0,4.7159078333333335
82.91666666666667,1220.0,4.318180666666667
82.91666666666667,1181.0,4.318180666666667
83.0,1141.0,4.318180666666667
83.0,1174.0,0.9659088333333334
83.08333333333333,1218.0,1.9886358333333334
83.25,1198.0,3.806817166666667
83.33333333333333,1189.0,4.374998833333334
83.5,1254.0,4.374998833333334
83.58333333333333,1257.0,4.374998833333334
83.75,1227.0,4.374998833333334
83.83333333333333,1227.0,4.431817000000001
84.0,1238.0,4.431817000000001
84.08333333333333,1307.0,3.9772716666666668
84.16666666666667,1357.0,3.9772716666666668
84.25,1265.0,3.8636353333333338
84.33333333333333,1134.0,4.6022715000000005
84.33333333333333,1191.0,4.6022715000000005
84.5,1286.0,4.6022715000000005
84.5,1315.0,3.7499990000000003
84.5,1321.0,3.7499990000000003
84.66666666666667,1190.0,3.7499990000000003
84.75,1084.0,4.9431805
84.91666666666667,1099.0,4.261362500000001
85.0,1187.0,4.034089833333334
85.16666666666667,1210.0,4.034089833333334
85.25,1226.0,3.9772716666666668
85.41666666666667,1180.0,3.9772716666666668
85.5,1167.0,4.147726166666667
85.58333333333333,1167.0,3.7499990000000003
85.75,1192.0,4.034089833333334
85.83333333333333,1213.0,3.9772716666666668
86.0,1240.0,3.9772716666666668
86.08333333333333,1312.0,3.9204535000000003
86.16666666666667,1329.0,4.147726166666667
86.25,1176.0,4.147726166666667
86.41666666666667,1072.0,4.147726166666667
86.41666666666667,1125.0,5.113635
86.58333333333333,1157.0,5.113635
86.66666666666667,1159.0,4.204544333333334
86.83333333333333,1134.0,4.204544333333334
86.91666666666667,1157.0,4.6022715000000005
87.08333333333333,1182.0,4.488635166666667
87.16666666666667,1172.0,4.204544333333334
87.16666666666667,1150.0,4.374998833333334
87.33333333333333,1184.0,4.374998833333334
87.41666666666667,1227.0,4.034089833333334
87.5,1308.0,3.9204535000000003
87.58333333333333,1341.0,2.102272166666667
87.75,1218.0,2.102272166666667
87.83333333333333,1200.0,4.147726166666667
88.0,1206.0,4.147726166666667
88.08333333333333,1252.0,4.431817000000001
88.25,1277.0,4.261362500000001
88.33333333333333,1222.0,4.090908000000001
88.5,1246.0,4.090908000000001
88.58333333333333,1291.0,4.204544333333334
88.66666666666667,1223.0,4.090908000000001
88.83333333333333,1238.0,6.022725666666667
89.0,1253.0,6.022725666666667
89.08333333333333,1178.0,4.034089833333334
89.25,1074.0,4.034089833333334
89.33333333333333,1062.0,4.034089833333334
89.5,1159.0,4.147726166666667
89.58333333333333,1250.0,3.9772716666666668
89.66666666666667,1287.0,4.147726166666667
89.75,1264.0,4.147726166666667
89.83333333333333,1258.0,4.374998833333334
89.91666666666667,1245.0,4.204544333333334
90.0,1246.0,2.102272166666667
90.16666666666667,1233.0,4.204544333333334
90.33333333333333,1057.0,4.204544333333334
90.41666666666667,1057.0,4.261362500000001
90.58333333333333,1061.0,4.261362500000001
90.66666666666667,1171.0,4.034089833333334
90.83333333333333,1278.0,4.431817000000001
90.91666666666667,1261.0,3.8636353333333338
90.91666666666667,1211.0,4.488635166666667
91.0,1231.0,4.488635166666667
91.16666666666667,1279.0,4.488635166666667
91.25,1315.0,4.318180666666667
91.33333333333333,1235.0,3.9772716666666668
91.41666666666667,1234.0,2.2159085000000003
91.58333333333333,1210.0,3.636362666666667
91.66666666666667,1214.0,4.9999986666666665
91.83333333333333,1217.0,4.9999986666666665
91.91666666666667,1196.0,3.636362666666667
92.08333333333333,1152.0,4.261362500000001
92.16666666666667,1075.0,4.545453333333334
92.33333333333333,1041.0,4.545453333333334
92.41666666666667,1059.0,4.374998833333334
92.5,1078.0,4.7727260000000005
92.5,1118.0,4.7727260000000005
92.66666666666667,1155.0,4.7727260000000005
92.75,1165.0,4.659089666666667
92.75,1174.0,4.374998833333334
92.83333333333333,1176.0,1.4204541666666668
93.0,1220.0,4.261362500000001
93.08333333333333,1238.0,4.204544333333334
93.16666666666667,1206.0,4.204544333333334
93.25,1210.0,4.488635166666667
93.41666666666667,1175.0,4.488635166666667
93.5,1194.0,4.034089833333334
93.66666666666667,1257.0,4.261362500000001
93.75,1215.0,4.431817000000001
93.91666666666667,1142.0,4.431817000000001
93.91666666666667,1129.0,4.659089666666667
94.0,1187.0,4.659089666666667
94.16666666666667,1209.0,4.318180666666667
94.25,1248.0,4.204544333333334
94.41666666666667,1247.0,4.261362500000001
94.5,1242.0,4.545453333333334
94.58333333333333,1344.0,4.374998833333334
94.75,1373.0,4.374998833333334
94.91666666666667,1373.0,4.374998833333334
95.0,1331.0,4.204544333333334
95.16666666666667,1170.0,4.261362500000001
95.16666666666667,1111.0,3.806817166666667
95.33333333333333,1124.0,3.806817166666667
95.41666666666667,1237.0,4.374998833333334
95.58333333333333,1330.0,4.261362500000001
95.66666666666667,1182.0,3.806817166666667
95.83333333333333,1144.0,4.090908000000001
95.91666666666667,1178.0,4.488635166666667
96.0,1226.0,4.488635166666667
96.0,1250.0,1.9318176666666669
96.16666666666667,1222.0,2.3295448333333333
96.25,1192.0,4.488635166666667
96.41666666666667,1163.0,4.488635166666667
96.5,1092.0,4.431817000000001
96.66666666666667,1186.0,4.204544333333334
96.75,1308.0,4.261362500000001
96.91666666666667,1346.0,4.261362500000001
97.0,1309.0,4.318180666666667
97.16666666666667,1327.0,4.318180666666667
97.16666666666667,1391.0,4.431817000000001
97.25,1341.0,4.431817000000001
97.33333333333333,1270.0,1.363636
97.5,1180.0,4.034089833333334
97.58333333333333,1131.0,4.374998833333334
97.58333333333333,1238.0,4.090908000000001
97.75,1415.0,4.090908000000001
97.83333333333333,1542.0,3.9772716666666668
98.0,1362.0,3.9772716666666668
98.08333333333333,1243.0,4.147726166666667
98.16666666666667,1278.0,4.204544333333334
98.25,1407.0,4.204544333333334
98.33333333333333,1330.0,4.204544333333334
98.41666666666667,1119.0,4.204544333333334
98.5,1095.0,2.102272166666667
98.5,1205.0,2.272726666666667
98.58333333333333,1237.0,1.9318176666666669
98.66666666666667,1242.0,4.431817000000001
98.75,1243.0,2.0454540000000003
98.83333333333333,1263.0,3.522726333333334
98.83333333333333,1337.0,3.522726333333334
99.0,1458.0,3.522726333333334
99.08333333333333,1458.0,5.056816833333333
99.25,1401.0,5.056816833333333
99.33333333333333,1334.0,5.170453166666666
99.5,1362.0,4.6022715000000005
99.58333333333333,1370.0,4.318180666666667
99.75,1246.0,4.318180666666667
99.83333333333333,1203.0,4.318180666666667
99.91666666666667,1235.0,4.204544333333334
100.0,1308.0,4.488635166666667
100.0,1319.0,4.488635166666667
100.08333333333333,1318.0,4.488635166666667
100.08333333333333,1327.0,0.9659088333333334
100.16666666666667,1373.0,0.9659088333333334
100.25,1337.0,1.4204541666666668
100.33333333333333,1230.0,4.7727260000000005
100.5,1137.0,4.090908000000001
100.58333333333333,1083.0,4.659089666666667
100.75,1143.0,4.431817000000001
100.83333333333333,1265.0,4.090908000000001
100.91666666666667,1286.0,3.9204535000000003
101.0,1246.0,3.9204535000000003
101.16666666666667,1211.0,3.9772716666666668
101.25,1258.0,4.374998833333334
101.33333333333333,1282.0,3.5795445000000004
101.5,1283.0,3.5795445000000004
101.58333333333333,1264.0,3.806817166666667
101.58333333333333,1291.0,3.806817166666667
101.66666666666667,1318.0,3.806817166666667
101.75,1295.0,3.8636353333333338
101.83333333333333,1282.0,3.8636353333333338
101.91666666666667,1296.0,3.806817166666667
102.08333333333333,1299.0,3.806817166666667
102.16666666666667,1261.0,4.204544333333334
102.33333333333333,1235.0,4.204544333333334
102.41666666666667,1242.0,3.8636353333333338
102.58333333333333,1250.0,3.8636353333333338
102.58333333333333,1233.0,3.4659081666666665
102.75,1204.0,3.4659081666666665
102.83333333333333,1204.0,4.374998833333334
102.91666666666667,1181.0,4.7159078333333335
103.08333333333333,1224.0,4.7159078333333335
103.16666666666667,1334.0,4.204544333333334
103.25,1377.0,4.090908000000001
103.25,1377.0,4.090908000000001
103.41666666666667,1339.0,4.090908000000001
103.5,1390.0,3.693180833333334
103.58333333333333,1456.0,4.659089666666667
103.75,1428.0,4.659089666666667
103.83333333333333,1292.0,4.318180666666667
104.0,1147.0,4.318180666666667
104.08333333333333,1105.0,3.9204535000000003
104.25,1117.0,3.9204535000000003
104.33333333333333,1163.0,4.545453333333334
104.41666666666667,1184.0,3.4659081666666665
104.5,1274.0,4.6022715000000005
104.58333333333333,1277.0,4.6022715000000005
104.75,1335.0,4.6022715000000005
104.83333333333333,1380.0,3.9772716666666668
104.83333333333333,1337.0,4.034089833333334
104.91666666666667,1280.0,4.034089833333334
105.0,1250.0,4.034089833333334
105.16666666666667,1275.0,4.034089833333334
105.25,1307.0,4.374998833333334
105.41666666666667,1297.0,4.374998833333334
105.5,1252.0,4.261362500000001
105.58333333333333,1170.0,3.7499990000000003
105.58333333333333,1103.0,1.9318176666666669
105.66666666666667,1194.0,1.9886358333333334
105.83333333333333,1237.0,1.9886358333333334
105.91666666666667,1312.0,4.034089833333334
106.0,1399.0,3.40909
106.08333333333333,1365.0,3.40909
106.08333333333333,1305.0,2.102272166666667
106.08333333333333,1336.0,2.102272166666667
106.16666666666667,1427.0,2.102272166666667
106.25,1472.0,3.9772716666666668
106.33333333333333,1370.0,3.9772716666666668
106.41666666666667,1296.0,2.0454540000000003
106.58333333333333,1323.0,3.2954536666666665
106.66666666666667,1359.0,4.545453333333334
106.75,1355.0,3.636362666666667
106.91666666666667,1361.0,3.8636353333333338
106.91666666666667,1367.0,3.9204535000000003
107.0,1384.0,3.9204535000000003
107.08333333333333,1449.0,1.761363166666667
107.16666666666667,1449.0,1.9886358333333334
107.16666666666667,1574.0,3.4659081666666665
107.16666666666667,1542.0,3.4659081666666665
107.25,1492.0,1.1931815000000001
107.25,1467.0,1.1931815000000001
107.25,1567.0,1.1931815000000001
107.33333333333333,1649.0,0.8522725
107.5,1591.0,3.806817166666667
107.58333333333333,1470.0,3.806817166666667
107.66666666666667,1391.0,3.4659081666666665
107.75,1381.0,4.431817000000001
107.91666666666667,1393.0,4.431817000000001
108.0,1387.0,3.4659081666666665
108.08333333333333,1361.0,3.7499990000000003
108.16666666666667,1242.0,4.261362500000001
108.33333333333333,1174.0,4.261362500000001
108.41666666666667,1198.0,3.9772716666666668
108.5,1303.0,3.2954536666666665
108.58333333333333,1562.0,3.5795445000000004
108.66666666666667,1628.0,3.0113628333333335
108.75,1537.0,3.0113628333333335
108.75,1467.0,1.704545
108.75,1522.0,1.704545
108.75,1616.0,1.704545
108.75,1615.0,1.704545
108.75,1546.0,1.704545
108.75,1538.0,1.704545
108.75,1659.0,1.704545
108.83333333333333,1632.0,0.3977271666666667
108.91666666666667,1517.0,4.034089833333334
109.08333333333333,1431.0,4.034089833333334
109.16666666666667,1445.0,3.693180833333334
109.16666666666667,1419.0,2.727272
109.25,1410.0,2.727272
109.33333333333333,1405.0,1.5340905
109.41666666666667,1430.0,3.068181
109.5,1445.0,3.352271833333334
109.58333333333333,1473.0,3.0113628333333335
109.66666666666667,1472.0,2.9545446666666666
109.66666666666667,1526.0,2.9545446666666666
109.75,1470.0,1.5909086666666667
109.75,1420.0,1.5909086666666667
109.75,1422.0,1.5909086666666667
109.83333333333333,1422.0,0.9659088333333334
109.83333333333333,1451.0,0.9659088333333334
109.83333333333333,1561.0,0.9659088333333334
109.91666666666667,1470.0,0.9659088333333334
110.0,1336.0,2.8409083333333336
110.08333333333333,1317.0,2.7840901666666666
110.25,1437.0,2.7840901666666666
110.25,1436.0,3.693180833333334
110.41666666666667,1367.0,3.693180833333334
110.5,1351.0,3.522726333333334
110.58333333333333,1352.0,2.6136356666666667
110.66666666666667,1393.0,3.0113628333333335
110.66666666666667,1324.0,2.6136356666666667
110.75,1219.0,2.7840901666666666
110.83333333333333,1218.0,2.7840901666666666
110.83333333333333,1315.0,1.4772723333333333
110.91666666666667,1516.0,1.4772723333333333
111.0,1568.0,1.5340905
111.0,1505.0,2.727272
111.0,1379.0,2.727272
111.08333333333333,1307.0,2.727272
111.08333333333333,1324.0,0.9090906666666667
111.08333333333333,1306.0,0.9090906666666667
111.08333333333333,1243.0,0.9090906666666667
111.16666666666667,1247.0,0.9090906666666667
111.25,1428.0,3.0113628333333335
111.33333333333333,1600.0,2.8977265
111.33333333333333,1538.0,2.8977265
111.41666666666667,1353.0,1.3068178333333333
111.5,1281.0,3.0113628333333335
111.58333333333333,1312.0,3.0113628333333335
111.66666666666667,1288.0,2.272726666666667
111.75,1206.0,3.636362666666667
111.83333333333333,1353.0,2.6136356666666667
111.91666666666667,1451.0,2.7840901666666666
112.0,1355.0,2.9545446666666666
112.08333333333333,1294.0,2.8409083333333336
112.16666666666667,1280.0,2.4999993333333332
112.16666666666667,1339.0,2.4999993333333332
112.25,1444.0,1.363636
112.33333333333333,1410.0,2.8977265
112.41666666666667,1375.0,2.6136356666666667
112.5,1393.0,2.6136356666666667
112.5,1393.0,2.6136356666666667
112.58333333333333,1420.0,2.6136356666666667
112.58333333333333,1361.0,1.4204541666666668
112.58333333333333,1350.0,1.4204541666666668
112.66666666666667,1387.0,1.4204541666666668
112.66666666666667,1439.0,0.9090906666666667
112.75,1421.0,0.9090906666666667
112.83333333333333,1342.0,1.3068178333333333
112.91666666666667,1322.0,2.9545446666666666
113.0,1381.0,3.1249991666666666
113.08333333333333,1355.0,2.4431811666666667
113.16666666666667,1305.0,2.8409083333333336
113.25,1265.0,2.7840901666666666
113.25,1256.0,2.7840901666666666
113.25,1262.0,2.7840901666666666
113.33333333333333,1258.0,1.363636
113.41666666666667,1294.0,2.3295448333333333
113.5,1356.0,3.352271833333334
113.58333333333333,1489.0,2.6136356666666667
113.66666666666667,1550.0,2.6136356666666667
113.75,1537.0,2.670453833333333
113.83333333333333,1469.0,2.8409083333333336
113.83333333333333,1450.0,2.8409083333333336
113.83333333333333,1453.0,2.8409083333333336
113.83333333333333,1466.0,2.8409083333333336
113.83333333333333,1473.0,2.8409083333333336
113.91666666666667,1413.0,2.8409083333333336
114.0,1337.0,0.5113635000000001
114.08333333333333,1290.0,2.8409083333333336
114.16666666666667,1289.0,2.727272
114.25,1215.0,2.5568175
114.33333333333333,1136.0,3.068181
114.41666666666667,1201.0,2.670453833333333
114.5,1266.0,2.8409083333333336
114.58333333333333,1350.0,2.727272
114.58333333333333,1329.0,2.670453833333333
114.75,1279.0,2.670453833333333
114.75,1278.0,3.1249991666666666
114.83333333333333,1291.0,2.727272
114.91666666666667,1293.0,2.5568175
115.0,1268.0,2.7840901666666666
115.08333333333333,1243.0,2.4431811666666667
115.16666666666667,1243.0,2.670453833333333
115.16666666666667,1279.0,2.670453833333333
115.25,1319.0,1.363636
115.33333333333333,1338.0,2.670453833333333
115.33333333333333,1259.0,2.670453833333333
115.41666666666667,1181.0,2.670453833333333
115.5,1138.0,1.363636
115.5,1192.0,2.727272
115.58333333333333,1210.0,2.727272
115.66666666666667,1213.0,1.363636
115.75,1215.0,2.727272
115.83333333333333,1271.0,2.727272
115.91666666666667,1284.0,2.6136356666666667
116.0,1270.0,3.0113628333333335
116.08333333333333,1289.0,2.8977265
116.16666666666667,1390.0,2.727272
116.16666666666667,1491.0,2.7840901666666666
116.16666666666667,1368.0,2.7840901666666666
116.33333333333333,1278.0,2.7840901666666666
116.33333333333333,1235.0,3.522726333333334
116.41666666666667,1327.0,2.4431811666666667
116.5,1371.0,2.4431811666666667
116.5,1355.0,2.4431811666666667
116.58333333333333,1305.0,1.4772723333333333
116.66666666666667,1304.0,2.5568175
116.75,1342.0,2.8409083333333336
116.83333333333333,1426.0,2.670453833333333
116.83333333333333,1523.0,2.670453833333333
116.91666666666667,1483.0,2.670453833333333
117.0,1340.0,3.1818173333333335
117.0,1358.0,3.1818173333333335
117.08333333333333,1400.0,3.1818173333333335
117.16666666666667,1402.0,1.363636
117.16666666666667,1408.0,2.727272
117.25,1406.0,2.727272
117.33333333333333,1385.0,1.363636
117.41666666666667,1380.0,2.8409083333333336
117.5,1374.0,2.9545446666666666
117.58333333333333,1368.0,2.6136356666666667
117.66666666666667,1352.0,2.272726666666667
117.66666666666667,1339.0,3.522726333333334
117.66666666666667,1334.0,3.522726333333334
117.75,1361.0,3.522726333333334
117.75,1361.0,0.9090906666666667
117.83333333333333,1360.0,2.4999993333333332
117.83333333333333,1337.0,2.4999993333333332
117.91666666666667,1330.0,1.363636
118.0,1362.0,2.3295448333333333
118.08333333333333,1475.0,2.7840901666666666
118.16666666666667,1478.0,2.8977265
118.25,1525.0,2.4999993333333332
118.33333333333333,1580.0,2.727272
118.41666666666667,1629.0,2.727272
118.5,1538.0,2.4431811666666667
118.58333333333333,1478.0,2.6136356666666667
118.66666666666667,1439.0,3.0113628333333335
118.66666666666667,1444.0,2.2159085000000003
118.75,1495.0,2.2159085000000003
118.75,1550.0,1.5340905
118.83333333333333,1567.0,2.3295448333333333
118.91666666666667,1595.0,2.7840901666666666
118.91666666666667,1588.0,2.7840901666666666
119.0,1521.0,1.363636
119.0,1393.0,1.363636
119.08333333333333,1237.0,1.363636
119.16666666666667,1228.0,2.5568175
119.16666666666667,1237.0,2.5568175
119.25,1245.0,2.5568175
119.33333333333333,1288.0,1.1363633333333334
119.41666666666667,1364.0,2.670453833333333
119.5,1430.0,2.8409083333333336
119.5,1374.0,2.8409083333333336
119.5,1302.0,2.8409083333333336
119.58333333333333,1303.0,1.1363633333333334
119.58333333333333,1458.0,1.1363633333333334
119.66666666666667,1547.0,1.1363633333333334
119.75,1542.0,1.3068178333333333
119.75,1520.0,2.5568175
119.83333333333333,1473.0,2.5568175
119.91666666666667,1512.0,1.2499996666666666
119.91666666666667,1516.0,2.6136356666666667
119.91666666666667,1533.0,2.6136356666666667
120.0,1487.0,1.3068178333333333
120.08333333333333,1479.0,2.4431811666666667
120.16666666666667,1502.0,3.1249991666666666
120.25,1484.0,3.1249991666666666
120.33333333333333,1484.0,2.2159085000000003
120.41666666666667,1497.0,2.5568175
120.5,1372.0,2.4999993333333332
120.5,1327.0,2.4431811666666667
120.58333333333333,1347.0,2.4431811666666667
120.66666666666667,1376.0,2.4431811666666667
120.75,1386.0,2.4431811666666667
120.83333333333333,1345.0,1.9886358333333334
120.91666666666667,1362.0,2.727272
120.91666666666667,1364.0,2.3863630000000002
121.0,1420.0,2.3863630000000002
121.08333333333333,1397.0,2.4431811666666667
121.16666666666667,1393.0,2.3863630000000002
121.25,1407.0,2.3863630000000002
121.33333333333333,1416.0,2.3863630000000002
121.33333333333333,1444.0,2.1590903333333333
121.41666666666667,1476.0,2.102272166666667
121.5,1458.0,2.8977265
121.58333333333333,1434.0,2.8977265
121.66666666666667,1446.0,2.272726666666667
121.75,1469.0,2.3295448333333333
121.75,1453.0,2.272726666666667
121.83333333333333,1401.0,2.6136356666666667
121.91666666666667,1400.0,2.102272166666667
122.0,1442.0,2.670453833333333
122.08333333333333,1465.0,2.670453833333333
122.08333333333333,1486.0,2.272726666666667
122.08333333333333,1536.0,2.272726666666667
122.08333333333333,1622.0,2.272726666666667
122.16666666666667,1708.0,2.272726666666667
122.25,1680.0,0.681818
122.25,1691.0,2.6136356666666667
122.33333333333333,1672.0,2.2159085000000003
122.41666666666667,1582.0,2.2159085000000003
122.5,1532.0,1.8181813333333334
122.5,1505.0,2.8409083333333336
122.58333333333333,1470.0,1.9318176666666669
122.58333333333333,1458.0,1.9318176666666669
122.58333333333333,1456.0,1.9318176666666669
122.58333333333333,1466.0,1.9318176666666669
122.58333333333333,1474.0,1.9318176666666669
122.66666666666667,1481.0,1.9318176666666669
122.66666666666667,1481.0,0.5113635000000001
122.75,1648.0,1.9886358333333334
122.75,1672.0,1.9886358333333334
122.75,1599.0,1.9886358333333334
122.75,1568.0,1.9886358333333334
122.83333333333333,1569.0,1.9886358333333334
122.83333333333333,1556.0,0.5681816666666667
122.91666666666667,1503.0,1.8749995000000002
122.91666666666667,1501.0,1.8749995000000002
122.91666666666667,1559.0,1.8749995000000002
123.0,1565.0,1.0227270000000002
123.08333333333333,1556.0,1.0227270000000002
123.08333333333333,1506.0,1.5340905
123.16666666666667,1463.0,1.9886358333333334
123.16666666666667,1406.0,1.9886358333333334
123.25,1437.0,1.4772723333333333
123.25,1486.0,1.4772723333333333
123.33333333333333,1554.0,1.5909086666666667
123.33333333333333,1584.0,1.5909086666666667
123.41666666666667,1618.0,1.4204541666666668
123.41666666666667,1687.0,1.4204541666666668
123.41666666666667,1729.0,1.4204541666666668
123.5,1749.0,1.4204541666666668
123.5,1743.0,0.8522725
123.5,1725.0,0.8522725
123.5,1700.0,0.8522725
123.58333333333333,1681.0,0.8522725
123.58333333333333,1592.0,0.6249998333333333
123.58333333333333,1536.0,0.6249998333333333
123.66666666666667,1526.0,1.3068178333333333
123.75,1537.0,1.3068178333333333
123.75,1489.0,1.8181813333333334
123.75,1428.0,1.8181813333333334
123.83333333333333,1447.0,1.0227270000000002
123.83333333333333,1480.0,1.0227270000000002
123.91666666666667,1491.0,1.0227270000000002
123.91666666666667,1405.0,1.1363633333333334
123.91666666666667,1402.0,1.1363633333333334
124.0,1396.0,1.3068178333333333
124.0,1431.0,1.3068178333333333
124.08333333333333,1462.0,1.3068178333333333
124.08333333333333,1468.0,1.0227270000000002
124.08333333333333,1463.0,1.0227270000000002
124.16666666666667,1463.0,1.0227270000000002
124.16666666666667,1478.0,1.0227270000000002
124.16666666666667,1489.0,1.0227270000000002
124.25,1386.0,1.0227270000000002
124.25,1342.0,0.9090906666666667
124.25,1336.0,0.9090906666666667
124.25,1395.0,0.9090906666666667
124.33333333333333,1428.0,0.7954543333333334
124.33333333333333,1413.0,0.7954543333333334
124.33333333333333,1413.0,0.7954543333333334
124.33333333333333,1442.0,0.7954543333333334
124.33333333333333,1468.0,0.7954543333333334
124.33333333333333,1485.0,0.7954543333333334
124.33333333333333,1486.0,0.7954543333333334
124.33333333333333,1491.0,0.7954543333333334
124.33333333333333,1525.0,0.7954543333333334
124.33333333333333,1497.0,0.7954543333333334
124.33333333333333,1503.0,0.7954543333333334
124.33333333333333,1478.0,0.7954543333333334
124.33333333333333,1408.0,0.7954543333333334
124.33333333333333,1415.0,0.7954543333333334
124.33333333333333,1416.0,0.7954543333333334
124.33333333333333,1402.0,0.7954543333333334
124.33333333333333,1402.0,0.7954543333333334
124.33333333333333,1397.0,0.7954543333333334
124.33333333333333,1478.0,0.7954543333333334
124.41666666666667,1506.0,0.1704545
124.41666666666667,1453.0,0.1704545
124.41666666666667,1378.0,0.1704545
124.41666666666667,1382.0,0.1704545
124.41666666666667,1467.0,0.1704545
124.41666666666667,1516.0,0.1704545
124.41666666666667,1472.0,0.1704545
124.41666666666667,1450.0,0.1704545
124.41666666666667,1501.0,0.1704545
124.41666666666667,1493.0,0.1704545
124.41666666666667,1447.0,0.1704545
124.41666666666667,1442.0,0.1704545
124.41666666666667,1357.0,0.1704545
124.41666666666667,1323.0,0.1704545
124.41666666666667,1310.0,0.1704545
124.41666666666667,1348.0,0.1704545
124.41666666666667,1472.0,0.1704545
124.41666666666667,1472.0,0.1704545
124.41666666666667,1446.0,0.1704545
124.41666666666667,1336.0,0.1704545
124.41666666666667,1293.0,0.1704545
124.41666666666667,1313.0,0.1704545
124.41666666666667,1378.0,0.1704545
124.41666666666667,1394.0,0.1704545
124.41666666666667,1454.0,0.1704545
124.41666666666667,1463.0,0.1704545
124.41666666666667,1372.0,0.1704545
124.41666666666667,1373.0,0.1704545
124.41666666666667,1463.0,0.1704545
124.41666666666667,1514.0,0.1704545
124.41666666666667,1404.0,0.1704545
124.41666666666667,1304.0,0.1704545
124.41666666666667,1388.0,0.1704545
124.41666666666667,1464.0,0.1704545
124.41666666666667,1445.0,0.1704545
124.41666666666667,1234.0,0.1704545
124.41666666666667,1216.0,0.1704545
124.41666666666667,1202.0,0.1704545
124.41666666666667,1115.0,0.1704545
124.41666666666667,708.0,0.1704545
124.41666666666667,304.0,0.1704545
124.41666666666667,102.0,0.1704545
124.41666666666667,0.0,0.1704545
124.41666666666667,0.0,0.1704545
124.41666666666667,0.0,0.1704545
124.41666666666667,0.0,0.1704545
124.41666666666667,0.0,0.1704545
124.41666666666667,0.0,0.1704545
124.41666666666667,0.0,0.1704545
124.41666666666667,0.0,0.1704545
124.41666666666667,0.0,0.0
124.41666666666667,0.0,0.0
124.41666666666667,0.0,0.0
124.41666666666667,0.0,0.0
124.41666666666667,0.0,0.0
124.41666666666667,0.0,0.0
124.41666666666667,0.0,0.0
124.41666666666667,0.0,0.0
124.41666666666667,0.0,0.0
124.41666666666667,0.0,0.0
124.41666666666667,0.0,0.0
124.41666666666667,0.0,0.0
124.41666666666667,0.0,0.0
124.41666666666667,0.0,0.0
124.41666666666667,0.0,0.0
124.41666666666667,0.0,0.0
124.41666666666667,0.0,0.0
124.41666666666667,0.0,0.0
124.41666666666667,0.0,0.0
124.41666666666667,0.0,0.0
124.41666666666667,0.0,0.0
124.41666666666667,0.0,0.0
124.41666666666667,0.0,0.0
124.41666666666667,0.0,0.0
124.41666666666667,0.0,0.0
124.41666666666667,0.0,0.0
124.41666666666667,0.0,0.0
124.41666666666667,0.0,0.0
124.41666666666667,0.0,0.0
124.41666666666667,0.0,0.0
124.41666666666667,0.0,0.0
124.41666666666667,0.0,0.0
124.41666666666667,0.0,0.0
124.41666666666667,0.0,0.0
124.41666666666667,0.0,0.0
124.41666666666667,0.0,0.0
124.41666666666667,0.0,0.0
124.41666666666667,0.0,0.0
124.41666666666667,0.0,0.0
124.41666666666667,0.0,0.0
124.41666666666667,0.0,0.0
124.41666666666667,0.0,0.0
124.41666666666667,0.0,0.0
124.41666666666667,0.0,0.0
124.41666666666667,0.0,0.0
124.41666666666667,0.0,0.0
124.41666666666667,0.0,0.0
124.41666666666667,0.0,0.0
124.41666666666667,0.0,0.0
124.41666666666667,0.0,0.0
124.41666666666667,0.0,0.0
124.41666666666667,0.0,0.0
124.41666666666667,0.0,0.0
124.41666666666667,0.0,0.0
124.41666666666667,0.0,0.0
124.41666666666667,0.0,0.0
124.41666666666667,0.0,0.0
124.41666666666667,0.0,0.0
124.41666666666667,0.0,0.0
124.41666666666667,0.0,0.0
124.41666666666667,0.0,0.0
124.41666666666667,0.0,0.0
124.41666666666667,0.0,0.0
124.41666666666667,0.0,0.0
124.41666666666667,0.0,0.0
124.41666666666667,0.0,0.0
124.41666666666667,0.0,0.0
124.41666666666667,0.0,0.0
124.41666666666667,0.0,0.0
124.41666666666667,0.0,0.0
124.41666666666667,0.0,0.0
124.41666666666667,0.0,0.0
124.41666666666667,0.0,0.0
124.41666666666667,0.0,0.0
124.41666666666667,0.0,0.0
124.41666666666667,0.0,0.0
124.41666666666667,0.0,0.0
124.41666666666667,0.0,0.0
124.41666666666667,0.0,0.0
124.41666666666667,0.0,0.0
124.41666666666667,0.0,0.0
