0.0,77.0,0.0
0.0,80.0,0.0
0.0,84.0,0.0
0.0,83.0,0.0
0.0,85.0,0.0
0.0,83.0,0.0
0.0,82.0,0.0
0.0,80.0,0.0
0.0,80.0,0.0
0.0,83.0,0.0
0.0,80.0,0.0
0.0,80.0,0.0
0.0,81.0,0.0
0.0,81.0,0.0
0.0,80.0,0.0
0.0,79.0,0.0
0.0,80.0,0.0
0.0,76.0,0.0
0.0,76.0,0.0
0.0,76.0,0.0
0.0,78.0,0.0
0.0,78.0,0.0
0.0,80.0,0.0
0.0,80.0,0.0
0.0,82.0,0.0
0.0,81.0,0.0
0.0,80.0,0.0
0.0,80.0,0.0
0.0,80.0,0.0
0.0,79.0,0.0
0.0,79.0,0.0
0.0,79.0,0.0
0.0,79.0,0.0
0.0,78.0,0.0
0.0,79.0,0.0
0.0,80.0,0.0
0.0,81.0,0.0
0.0,80.0,0.0
0.0,79.0,0.0
0.0,78.0,0.0
0.0,77.0,0.0
0.0,78.0,0.0
0.0,81.0,0.0
0.0,80.0,0.0
0.0,81.0,0.0
0.0,81.0,0.0
0.0,79.0,0.0
0.0,78.0,0.0
0.0,77.0,0.0
0.0,78.0,0.0
0.0,77.0,0.0
0.0,78.0,0.0
0.0,78.0,0.0
0.0,78.0,0.0
0.0,79.0,0.0
0.0,83.0,0.0
0.0,84.0,0.0
0.0,81.0,0.0
0.0,81.0,0.0
0.0,80.0,0.0
0.0,79.0,0.0
0.0,79.0,0.0
0.0,78.0,0.0
0.0,79.0,0.0
0.0,78.0,0.0
0.0,77.0,0.0
0.0,77.0,0.0
0.0,79.0,0.0
0.0,80.0,0.0
0.0,80.0,0.0
0.0,80.0,0.0
0.0,80.0,0.0
0.0,80.0,0.0
0.0,79.0,0.0
0.0,79.0,0.0
0.0,80.0,0.0
0.0,80.0,0.0
0.0,80.0,0.0
0.0,80.0,0.0
0.0,79.0,0.0
0.0,76.0,0.0
0.0,76.0,0.0
0.0,77.0,0.0
0.0,76.0,0.0
0.0,77.0,0.0
0.0,77.0,0.0
0.0,79.0,0.0
0.0,75.0,0.0
0.0,76.0,0.0
0.0,77.0,0.0
0.0,78.0,0.0
0.0,76.0,0.0
0.0,76.0,0.0
0.0,78.0,0.0
0.0,78.0,0.0
0.0,76.0,0.0
0.0,77.0,0.0
0.0,76.0,0.0
0.0,75.0,0.0
0.0,77.0,0.0
0.0,78.0,0.0
0.0,77.0,0.0
0.0,76.0,0.0
0.0,76.0,0.0
0.0,75.0,0.0
0.0,74.0,0.0
0.0,75.0,0.0
0.0,77.0,0.0
0.0,76.0,0.0
0.0,77.0,0.0
0.0,75.0,0.0
0.0,74.0,0.0
0.0,75.0,0.0
0.0,76.0,0.0
0.0,76.0,0.0
0.0,76.0,0.0
0.0,77.0,0.0
0.0,76.0,0.0
0.0,77.0,0.0
0.0,76.0,0.0
0.0,75.0,0.0
0.0,76.0,0.0
0.0,75.0,0.0
0.0,75.0,0.0
0.0,76.0,0.0
0.0,75.0,0.0
0.0,76.0,0.0
0.0,76.0,0.0
0.0,77.0,0.0
0.0,76.0,0.0
0.0,78.0,0.0
0.0,76.0,0.0
0.0,76.0,0.0
0.0,77.0,0.0
0.0,77.0,0.0
0.0,76.0,0.0
0.0,77.0,0.0
0.0,77.0,0.0
0.0,76.0,0.0
0.0,76.0,0.0
0.0,75.0,0.0
0.0,76.0,0.0
0.0,77.0,0.0
0.0,77.0,0.0
0.0,76.0,0.0
0.0,76.0,0.0
0.0,76.0,0.0
0.0,76.0,0.0
0.0,75.0,0.0
0.0,76.0,0.0
0.0,75.0,0.0
0.0,76.0,0.0
0.0,76.0,0.0
0.0,76.0,0.0
0.0,76.0,0.0
0.0,75.0,0.0
0.0,75.0,0.0
0.0,74.0,0.0
0.0,74.0,0.0
0.0,74.0,0.0
0.0,74.0,0.0
0.0,75.0,0.0
0.0,74.0,0.0
0.0,74.0,0.0
0.0,74.0,0.0
0.0,74.0,0.0
0.0,74.0,0.0
0.0,74.0,0.0
0.0,74.0,0.0
0.0,72.0,0.0
0.0,72.0,0.0
0.0,73.0,0.0
0.0,72.0,0.0
0.0,72.0,0.0
0.0,74.0,0.0
0.0,73.0,0.0
0.0,75.0,0.0
0.0,74.0,0.0
0.0,74.0,0.0
0.0,74.0,0.0
0.0,75.0,0.0
0.0,75.0,0.0
0.0,76.0,0.0
0.0,77.0,0.0
0.0,76.0,0.0
0.0,75.0,0.0
0.0,76.0,0.0
0.0,77.0,0.0
0.0,77.0,0.0
0.0,77.0,0.0
0.0,77.0,0.0
0.0,77.0,0.0
0.0,76.0,0.0
0.0,76.0,0.0
0.0,74.0,0.0
0.0,76.0,0.0
0.0,76.0,0.0
0.0,75.0,0.0
0.0,76.0,0.0
0.0,77.0,0.0
0.0,77.0,0.0
0.0,75.0,0.0
0.0,76.0,0.0
0.0,76.0,0.0
0.0,74.0,0.0
0.0,75.0,0.0
0.0,76.0,0.0
0.0,75.0,0.0
0.0,76.0,0.0
0.0,76.0,0.0
0.0,76.0,0.0
0.0,75.0,0.0
0.0,76.0,0.0
0.0,77.0,0.0
0.0,75.0,0.0
0.0,75.0,0.0
0.0,75.0,0.0
0.0,76.0,0.0
0.0,75.0,0.0
0.0,75.0,0.0
0.0,75.0,0.0
0.0,75.0,0.0
0.0,76.0,0.0
0.0,76.0,0.0
0.0,78.0,0.0
0.0,76.0,0.0
0.0,75.0,0.0
0.0,77.0,0.0
0.0,77.0,0.0
0.0,75.0,0.0
0.0,75.0,0.0
0.0,75.0,0.0
0.0,76.0,0.0
0.0,75.0,0.0
0.0,76.0,0.0
0.0,77.0,0.0
0.0,77.0,0.0
0.0,77.0,0.0
0.0,77.0,0.0
0.0,80.0,0.0
0.0,80.0,0.0
0.0,78.0,0.0
0.0,76.0,0.0
0.0,75.0,0.0
0.0,72.0,0.0
0.0,73.0,0.0
0.0,73.0,0.0
0.0,73.0,0.0
0.0,73.0,0.0
0.0,75.0,0.0
0.0,77.0,0.0
0.0,76.0,0.0
0.0,78.0,0.0
0.0,80.0,0.0
0.0,80.0,0.0
0.0,80.0,0.0
0.0,79.0,0.0
0.0,78.0,0.0
0.0,79.0,0.0
0.0,79.0,0.0
0.0,96.0,0.0
0.0,122.0,0.0
0.0,114.0,0.0
0.0,100.0,0.0
0.0,94.0,0.0
0.0,96.0,0.0
0.0,118.0,0.0
0.0,144.0,0.0
0.0,153.0,0.0
0.0,145.0,0.0
0.0,128.0,0.0
0.0,128.0,0.0
0.0,134.0,0.0
0.0,134.0,0.0
0.0,133.0,0.0
0.0,141.0,0.0
0.0,137.0,0.0
0.0,134.0,0.0
0.0,135.0,0.0
0.0,140.0,0.0
0.0,149.0,0.0
0.0,148.0,0.0
0.0,148.0,0.0
0.0,147.0,0.0
0.0,144.0,0.0
0.0,142.0,0.0
0.0,141.0,0.0
0.0,134.0,0.0
0.0,130.0,0.0
0.0,112.0,0.0
0.0,107.0,0.0
0.0,104.0,0.0
0.0,101.0,0.0
0.0,94.0,0.0
0.0,92.0,0.0
0.0,90.0,0.0
0.0,89.0,0.0
0.0,88.0,0.0
0.0,87.0,0.0
0.0,83.0,0.0
0.0,81.0,0.0
0.0,82.0,0.0
0.0,85.0,0.0
0.0,84.0,0.0
0.0,84.0,0.0
0.0,82.0,0.0
0.0,82.0,0.0
0.0,85.0,0.0
0.0,85.0,0.0
0.0,86.0,0.0
0.0,85.0,0.0
0.0,83.0,0.0
0.0,84.0,0.0
0.0,86.0,0.0
0.0,87.0,0.0
0.0,88.0,0.0
0.0,88.0,0.0
0.0,86.0,0.0
0.0,85.0,0.0
0.0,85.0,0.0
0.0,87.0,0.0
0.0,85.0,0.0
0.0,85.0,0.0
0.0,85.0,0.0
0.0,85.0,0.0
0.0,85.0,0.0
0.0,85.0,0.0
0.0,83.0,0.0
0.0,83.0,0.0
0.0,82.0,0.0
0.0,82.0,0.0
0.0,82.0,0.0
0.0,81.0,0.0
0.0,80.0,0.0
0.0,79.0,0.0
0.0,80.0,0.0
0.0,80.0,0.0
0.0,79.0,0.0
0.0,78.0,0.0
0.0,79.0,0.0
0.0,79.0,0.0
0.0,79.0,0.0
0.0,80.0,0.0
0.0,79.0,0.0
0.0,79.0,0.0
0.0,78.0,0.0
0.0,77.0,0.0
0.0,76.0,0.0
0.0,75.0,0.0
0.0,75.0,0.0
0.0,74.0,0.0
0.0,75.0,0.0
0.0,74.0,0.0
0.0,74.0,0.0
0.0,74.0,0.0
0.0,75.0,0.0
0.0,74.0,0.0
0.0,74.0,0.0
0.0,74.0,0.0
0.0,74.0,0.0
0.0,74.0,0.0
0.0,73.0,0.0
0.0,73.0,0.0
0.0,73.0,0.0
0.0,72.0,0.0
0.0,72.0,0.0
0.0,72.0,0.0
0.0,72.0,0.0
0.0,72.0,0.0
0.0,71.0,0.0
0.0,71.0,0.0
0.0,72.0,0.0
0.0,72.0,0.0
0.0,72.0,0.0
0.0,71.0,0.0
0.0,72.0,0.0
0.0,71.0,0.0
0.0,70.0,0.0
0.0,71.0,0.0
0.0,73.0,0.0
0.0,72.0,0.0
0.0,72.0,0.0
0.0,72.0,0.0
0.0,72.0,0.0
0.0,71.0,0.0
0.0,72.0,0.0
0.0,72.0,0.0
0.0,72.0,0.0
0.0,71.0,0.0
0.0,71.0,0.0
0.0,71.0,0.0
0.0,72.0,0.0
0.0,70.0,0.0
0.0,71.0,0.0
0.0,70.0,0.0
0.0,71.0,0.0
0.0,72.0,0.0
0.0,72.0,0.0
0.0,74.0,0.0
0.0,73.0,0.0
0.0,72.0,0.0
0.0,72.0,0.0
0.0,73.0,0.0
0.0,73.0,0.0
0.0,73.0,0.0
0.0,73.0,0.0
0.0,73.0,0.0
0.0,72.0,0.0
0.0,72.0,0.0
0.0,71.0,0.0
0.0,74.0,0.0
0.0,74.0,0.0
0.0,72.0,0.0
0.0,71.0,0.0
0.0,71.0,0.0
0.0,70.0,0.0
0.0,71.0,0.0
0.0,72.0,0.0
0.0,72.0,0.0
0.0,71.0,0.0
0.0,77.0,0.0
0.0,104.0,0.0
0.0,226.0,0.0
0.0,494.0,0.0
0.0,789.0,0.0
0.0,945.0,0.0
0.0,1083.0,0.0
0.0,1221.0,0.0
0.08333333333333333,1481.0,0.11363633333333334
0.08333333333333333,1489.0,0.11363633333333334
0.08333333333333333,1614.0,0.11363633333333334
0.08333333333333333,1695.0,0.11363633333333334
0.08333333333333333,1877.0,0.11363633333333334
0.08333333333333333,2000.0,0.11363633333333334
0.08333333333333333,2042.0,0.11363633333333334
0.08333333333333333,2059.0,0.11363633333333334
0.08333333333333333,2051.0,0.11363633333333334
0.16666666666666666,1984.0,0.11363633333333334
0.16666666666666666,1925.0,0.11363633333333334
0.16666666666666666,1882.0,0.11363633333333334
0.16666666666666666,1860.0,0.11363633333333334
0.16666666666666666,1854.0,0.11363633333333334
0.25,1862.0,0.11363633333333334
0.25,1862.0,0.5113635000000001
0.25,1862.0,0.5113635000000001
0.25,1869.0,0.5113635000000001
0.3333333333333333,1843.0,0.5113635000000001
0.3333333333333333,1811.0,0.7386361666666666
0.3333333333333333,1780.0,0.7386361666666666
0.3333333333333333,1700.0,0.7386361666666666
0.4166666666666667,1632.0,0.7954543333333334
0.4166666666666667,1623.0,0.7954543333333334
0.4166666666666667,1650.0,0.7954543333333334
0.5,1666.0,0.7954543333333334
0.5,1652.0,0.7954543333333334
0.5,1559.0,0.7954543333333334
0.5,1511.0,0.7954543333333334
0.5,1496.0,0.7954543333333334
0.5,1496.0,0.7954543333333334
0.5833333333333334,1410.0,0.7954543333333334
0.5833333333333334,1327.0,0.45454533333333336
0.5833333333333334,1322.0,0.45454533333333336
0.5833333333333334,1351.0,0.45454533333333336
0.5833333333333334,1386.0,0.45454533333333336
0.5833333333333334,1386.0,0.45454533333333336
0.5833333333333334,1363.0,0.45454533333333336
0.5833333333333334,1352.0,0.45454533333333336
0.5833333333333334,1334.0,0.45454533333333336
0.5833333333333334,1305.0,0.45454533333333336
0.5833333333333334,1304.0,0.45454533333333336
0.5833333333333334,1309.0,0.45454533333333336
0.5833333333333334,1310.0,0.45454533333333336
0.5833333333333334,1302.0,0.45454533333333336
0.6666666666666666,1256.0,0.22727266666666668
0.6666666666666666,1244.0,0.22727266666666668
0.6666666666666666,1247.0,0.22727266666666668
0.6666666666666666,1255.0,0.22727266666666668
0.6666666666666666,1256.0,0.22727266666666668
0.75,1264.0,0.5681816666666667
0.8333333333333334,1280.0,0.5681816666666667
0.8333333333333334,1304.0,1.5909086666666667
0.8333333333333334,1347.0,1.5909086666666667
0.9166666666666666,1416.0,1.5909086666666667
0.9166666666666666,1448.0,1.1363633333333334
1.0,1475.0,1.761363166666667
1.0,1507.0,1.761363166666667
1.0833333333333333,1507.0,1.4204541666666668
1.0833333333333333,1579.0,1.4204541666666668
1.1666666666666667,1651.0,1.2499996666666666
1.25,1698.0,1.2499996666666666
1.25,1729.0,1.761363166666667
1.3333333333333333,1776.0,1.761363166666667
1.3333333333333333,1792.0,1.5340905
1.4166666666666667,1736.0,1.5340905
1.4166666666666667,1636.0,1.4772723333333333
1.4166666666666667,1530.0,1.4772723333333333
1.4166666666666667,1557.0,1.4772723333333333
1.5,1608.0,0.7954543333333334
1.5833333333333333,1565.0,0.7954543333333334
1.5833333333333333,1522.0,1.761363166666667
1.5833333333333333,1451.0,1.761363166666667
1.6666666666666667,1492.0,1.1931815000000001
1.75,1539.0,1.1931815000000001
1.75,1545.0,1.761363166666667
1.8333333333333333,1371.0,1.761363166666667
1.8333333333333333,1186.0,1.761363166666667
1.9166666666666667,1152.0,1.5909086666666667
1.9166666666666667,1181.0,1.5909086666666667
2.0,1189.0,1.4772723333333333
2.0833333333333335,1099.0,1.4772723333333333
2.0833333333333335,1069.0,1.5909086666666667
2.1666666666666665,1064.0,1.5909086666666667
2.1666666666666665,1042.0,1.6477268333333333
2.1666666666666665,963.0,1.6477268333333333
2.1666666666666665,944.0,1.6477268333333333
2.25,871.0,0.7954543333333334
2.3333333333333335,792.0,0.7954543333333334
2.3333333333333335,647.0,1.704545
2.4166666666666665,488.0,1.704545
2.4166666666666665,426.0,1.6477268333333333
2.5,362.0,1.5340905
2.5,288.0,1.5340905
2.5833333333333335,205.0,1.4772723333333333
2.5833333333333335,170.0,1.4772723333333333
2.6666666666666665,117.0,1.6477268333333333
2.6666666666666665,46.0,1.6477268333333333
2.75,0.0,1.363636
2.8333333333333335,0.0,1.363636
2.8333333333333335,0.0,1.761363166666667
2.9166666666666665,0.0,1.761363166666667
2.9166666666666665,0.0,1.5340905
3.0,0.0,1.5340905
3.0,0.0,1.363636
3.0833333333333335,0.0,1.363636
3.0833333333333335,0.0,1.363636
3.1666666666666665,0.0,1.363636
3.1666666666666665,0.0,1.4204541666666668
3.1666666666666665,0.0,1.4204541666666668
3.25,0.0,1.1363633333333334
3.3333333333333335,0.0,1.1363633333333334
3.3333333333333335,41.0,1.9886358333333334
3.4166666666666665,298.0,1.9886358333333334
3.4166666666666665,435.0,1.5340905
3.5,436.0,1.5340905
3.5,635.0,1.2499996666666666
3.5833333333333335,869.0,1.2499996666666666
3.5833333333333335,911.0,1.5340905
3.6666666666666665,951.0,1.761363166666667
3.6666666666666665,1014.0,1.761363166666667
3.6666666666666665,1118.0,1.761363166666667
3.6666666666666665,1172.0,1.761363166666667
3.75,1190.0,0.7386361666666666
3.75,1190.0,0.7386361666666666
3.75,1177.0,0.7386361666666666
3.75,1189.0,0.7386361666666666
3.75,1206.0,0.7386361666666666
3.8333333333333335,1219.0,0.5681816666666667
3.8333333333333335,1220.0,0.5681816666666667
3.8333333333333335,1207.0,0.5681816666666667
3.8333333333333335,1190.0,0.5681816666666667
3.9166666666666665,1178.0,0.5681816666666667
3.9166666666666665,1177.0,0.6249998333333333
4.0,1196.0,1.9318176666666669
4.083333333333333,1215.0,1.9318176666666669
4.083333333333333,1205.0,2.1590903333333333
4.166666666666667,1199.0,1.5909086666666667
4.25,1203.0,1.5909086666666667
4.25,1213.0,2.102272166666667
4.333333333333333,1194.0,1.8181813333333334
4.416666666666667,1175.0,1.8181813333333334
4.416666666666667,1151.0,2.1590903333333333
4.5,1080.0,1.8749995000000002
4.583333333333333,1080.0,2.272726666666667
4.666666666666667,987.0,2.272726666666667
4.666666666666667,952.0,2.0454540000000003
4.75,936.0,2.0454540000000003
4.833333333333333,909.0,2.1590903333333333
4.916666666666667,814.0,2.1590903333333333
4.916666666666667,720.0,1.9886358333333334
5.0,613.0,1.8749995000000002
5.083333333333333,515.0,1.8749995000000002
5.083333333333333,388.0,2.2159085000000003
5.166666666666667,328.0,1.9318176666666669
5.166666666666667,291.0,1.9318176666666669
5.166666666666667,296.0,1.9318176666666669
5.166666666666667,313.0,1.9318176666666669
5.25,301.0,1.9318176666666669
5.333333333333333,254.0,0.6249998333333333
5.333333333333333,160.0,1.9886358333333334
5.416666666666667,110.0,1.9886358333333334
5.416666666666667,94.0,1.9886358333333334
5.416666666666667,107.0,1.9886358333333334
5.5,127.0,1.0795451666666667
5.583333333333333,117.0,1.0795451666666667
5.666666666666667,49.0,1.9318176666666669
5.666666666666667,9.0,2.1590903333333333
5.75,0.0,2.0454540000000003
5.833333333333333,0.0,2.0454540000000003
5.916666666666667,0.0,2.1590903333333333
5.916666666666667,0.0,2.0454540000000003
6.0,51.0,1.8181813333333334
6.0,150.0,1.8181813333333334
6.0,239.0,1.8181813333333334
6.083333333333333,401.0,1.1363633333333334
6.166666666666667,532.0,2.102272166666667
6.25,638.0,2.102272166666667
6.25,727.0,2.102272166666667
6.333333333333333,832.0,2.1590903333333333
6.416666666666667,886.0,2.1590903333333333
6.5,911.0,1.9318176666666669
6.5,959.0,2.3295448333333333
6.583333333333333,982.0,1.9318176666666669
6.666666666666667,938.0,2.3295448333333333
6.75,936.0,2.3295448333333333
6.75,936.0,2.102272166666667
6.833333333333333,951.0,1.9886358333333334
6.916666666666667,974.0,2.2159085000000003
7.0,959.0,2.2159085000000003
7.0,934.0,2.0454540000000003
7.0,918.0,2.0454540000000003
7.0,902.0,2.0454540000000003
7.083333333333333,860.0,2.0454540000000003
7.083333333333333,827.0,0.7386361666666666
7.166666666666667,805.0,1.8181813333333334
7.25,786.0,2.9545446666666666
7.333333333333333,773.0,2.9545446666666666
7.416666666666667,755.0,2.2159085000000003
7.416666666666667,751.0,2.272726666666667
7.5,751.0,2.2159085000000003
7.583333333333333,822.0,2.4431811666666667
7.583333333333333,905.0,2.4431811666666667
7.666666666666667,961.0,2.4431811666666667
7.75,991.0,1.1363633333333334
7.75,994.0,2.3295448333333333
7.833333333333333,948.0,2.2159085000000003
7.916666666666667,890.0,2.2159085000000003
8.0,886.0,2.1590903333333333
8.083333333333334,875.0,2.102272166666667
8.083333333333334,836.0,2.727272
8.166666666666666,754.0,2.272726666666667
8.25,719.0,2.272726666666667
8.333333333333334,653.0,2.1590903333333333
8.333333333333334,653.0,2.272726666666667
8.333333333333334,618.0,2.272726666666667
8.333333333333334,605.0,2.272726666666667
8.416666666666666,600.0,0.7386361666666666
8.416666666666666,610.0,0.7386361666666666
8.416666666666666,653.0,0.7386361666666666
8.5,723.0,1.0795451666666667
8.583333333333334,752.0,2.4999993333333332
8.583333333333334,749.0,2.4999993333333332
8.666666666666666,705.0,2.4999993333333332
8.75,646.0,1.1931815000000001
8.833333333333334,665.0,2.6136356666666667
8.833333333333334,716.0,2.4999993333333332
8.916666666666666,785.0,2.3295448333333333
8.916666666666666,802.0,2.3295448333333333
8.916666666666666,802.0,2.3295448333333333
9.0,973.0,0.8522725
9.083333333333334,1055.0,2.4999993333333332
9.166666666666666,1111.0,2.4999993333333332
9.25,1133.0,2.5568175
9.333333333333334,1088.0,2.670453833333333
9.416666666666666,1062.0,2.4431811666666667
9.416666666666666,1050.0,2.4431811666666667
9.5,1036.0,2.4431811666666667
9.583333333333334,1024.0,2.3863630000000002
9.666666666666666,1038.0,2.5568175
9.666666666666666,1070.0,2.5568175
9.666666666666666,1081.0,2.5568175
9.75,1075.0,2.5568175
9.833333333333334,1037.0,0.8522725
9.833333333333334,1009.0,2.7840901666666666
9.833333333333334,993.0,2.7840901666666666
9.833333333333334,975.0,2.7840901666666666
9.916666666666666,917.0,0.7954543333333334
10.0,893.0,2.670453833333333
10.083333333333334,916.0,2.8977265
10.166666666666666,923.0,2.7840901666666666
10.25,882.0,2.6136356666666667
10.333333333333334,876.0,2.7840901666666666
10.416666666666666,890.0,3.1249991666666666
10.5,869.0,2.6136356666666667
10.583333333333334,823.0,2.6136356666666667
10.666666666666666,810.0,2.727272
10.75,836.0,2.3295448333333333
10.833333333333334,818.0,3.40909
10.833333333333334,786.0,2.6136356666666667
10.916666666666666,789.0,2.6136356666666667
11.0,849.0,1.1931815000000001
11.083333333333334,859.0,3.1818173333333335
11.083333333333334,827.0,2.670453833333333
11.166666666666666,806.0,2.5568175
11.166666666666666,817.0,2.5568175
11.166666666666666,824.0,2.5568175
11.25,801.0,0.9090906666666667
11.333333333333334,775.0,2.7840901666666666
11.416666666666666,758.0,2.7840901666666666
11.5,750.0,2.1590903333333333
11.583333333333334,727.0,2.727272
11.666666666666666,727.0,2.3863630000000002
11.75,713.0,3.40909
11.833333333333334,694.0,2.4999993333333332
11.916666666666666,652.0,2.727272
11.916666666666666,665.0,3.1249991666666666
11.916666666666666,692.0,3.1249991666666666
12.083333333333334,729.0,3.1249991666666666
12.166666666666666,726.0,3.522726333333334
12.25,725.0,2.8409083333333336
12.25,739.0,2.670453833333333
12.25,756.0,2.670453833333333
12.333333333333334,768.0,1.1931815000000001
12.416666666666666,808.0,2.9545446666666666
12.5,808.0,3.1818173333333335
12.583333333333334,874.0,2.7840901666666666
12.666666666666666,951.0,2.727272
12.75,1018.0,2.727272
12.833333333333334,1013.0,2.8409083333333336
12.916666666666666,1008.0,3.1249991666666666
13.0,1022.0,2.8409083333333336
13.083333333333334,1059.0,2.5568175
13.166666666666666,1075.0,3.2386355
13.25,1086.0,2.8409083333333336
13.333333333333334,1101.0,2.727272
13.416666666666666,1171.0,3.1249991666666666
13.5,1260.0,2.9545446666666666
13.583333333333334,1276.0,2.727272
13.666666666666666,1277.0,2.8409083333333336
13.666666666666666,1288.0,2.8409083333333336
13.833333333333334,1284.0,2.8409083333333336
13.833333333333334,1270.0,3.693180833333334
13.916666666666666,1260.0,3.693180833333334
13.916666666666666,1257.0,1.4204541666666668
13.916666666666666,1256.0,1.4204541666666668
14.0,1222.0,1.4204541666666668
14.083333333333334,1210.0,1.0227270000000002
14.166666666666666,1225.0,3.40909
14.25,1245.0,3.068181
14.333333333333334,1224.0,3.1249991666666666
14.333333333333334,1214.0,3.1249991666666666
14.416666666666666,1212.0,1.5340905
14.583333333333334,1213.0,1.5340905
14.666666666666666,1213.0,3.068181
14.75,1201.0,3.2954536666666665
14.833333333333334,1209.0,3.2386355
14.916666666666666,1216.0,3.1249991666666666
15.0,1214.0,3.1249991666666666
15.083333333333334,1179.0,3.1249991666666666
15.083333333333334,1145.0,3.1249991666666666
15.25,1150.0,3.1249991666666666
15.333333333333334,1161.0,3.7499990000000003
15.416666666666666,1172.0,3.352271833333334
15.5,1155.0,2.9545446666666666
15.5,1159.0,2.8409083333333336
15.5,1180.0,2.8409083333333336
15.5,1196.0,2.8409083333333336
15.5,1198.0,2.8409083333333336
15.5,1210.0,2.8409083333333336
15.5,1207.0,2.8409083333333336
15.583333333333334,1179.0,2.8409083333333336
15.583333333333334,1129.0,0.3977271666666667
15.583333333333334,1051.0,0.3977271666666667
15.75,1051.0,1.2499996666666666
15.833333333333334,1030.0,3.352271833333334
15.916666666666666,955.0,3.352271833333334
16.0,857.0,3.636362666666667
16.083333333333332,823.0,3.40909
16.25,770.0,3.40909
16.333333333333332,721.0,3.40909
16.416666666666668,715.0,3.1249991666666666
16.416666666666668,765.0,3.352271833333334
16.416666666666668,783.0,3.352271833333334
16.5,791.0,1.0795451666666667
16.666666666666668,858.0,3.2386355
16.666666666666668,909.0,3.7499990000000003
16.666666666666668,810.0,3.7499990000000003
16.666666666666668,753.0,3.7499990000000003
16.666666666666668,752.0,3.7499990000000003
16.666666666666668,790.0,3.7499990000000003
16.833333333333332,836.0,3.7499990000000003
16.916666666666668,826.0,3.2954536666666665
17.0,802.0,3.5795445000000004
17.083333333333332,775.0,3.5795445000000004
17.166666666666668,760.0,3.352271833333334
17.333333333333332,680.0,3.7499990000000003
17.333333333333332,680.0,3.8636353333333338
17.416666666666668,652.0,1.704545
17.5,683.0,3.522726333333334
17.583333333333332,714.0,3.522726333333334
17.583333333333332,739.0,1.704545
17.666666666666668,771.0,1.704545
17.75,783.0,1.5340905
17.833333333333332,815.0,3.806817166666667
17.916666666666668,822.0,4.374998833333334
18.083333333333332,842.0,3.4659081666666665
18.166666666666668,892.0,3.1249991666666666
18.25,924.0,3.4659081666666665
18.333333333333332,891.0,3.522726333333334
18.5,887.0,3.522726333333334
18.583333333333332,900.0,3.522726333333334
18.666666666666668,902.0,3.522726333333334
18.75,769.0,3.636362666666667
18.916666666666668,741.0,3.636362666666667
19.0,794.0,3.5795445000000004
19.083333333333332,834.0,3.5795445000000004
19.25,840.0,3.5795445000000004
19.333333333333332,809.0,3.352271833333334
19.416666666666668,793.0,3.693180833333334
19.5,781.0,3.40909
19.666666666666668,789.0,3.636362666666667
19.75,782.0,3.636362666666667
19.833333333333332,782.0,3.9204535000000003
19.916666666666668,779.0,3.8636353333333338
20.083333333333332,787.0,3.8636353333333338
20.166666666666668,824.0,3.636362666666667
20.25,917.0,3.522726333333334
20.416666666666668,912.0,3.522726333333334
20.5,884.0,3.636362666666667
20.583333333333332,846.0,4.090908000000001
20.75,706.0,3.7499990000000003
20.75,642.0,3.693180833333334
20.833333333333332,626.0,1.704545
21.0,655.0,1.704545
21.083333333333332,709.0,3.7499990000000003
21.083333333333332,682.0,3.522726333333334
21.25,705.0,3.522726333333334
21.333333333333332,705.0,3.806817166666667
21.416666666666668,684.0,3.2954536666666665
21.5,684.0,3.8636353333333338
21.583333333333332,599.0,3.522726333333334
21.666666666666668,574.0,2.102272166666667
21.833333333333332,547.0,3.636362666666667
21.916666666666668,526.0,3.806817166666667
22.0,535.0,3.40909
22.166666666666668,560.0,3.806817166666667
22.25,563.0,3.9772716666666668
22.333333333333332,527.0,3.9204535000000003
22.333333333333332,511.0,3.4659081666666665
22.416666666666668,561.0,3.4659081666666665
22.5,550.0,1.1931815000000001
22.583333333333332,525.0,4.204544333333334
22.75,525.0,3.8636353333333338
22.75,450.0,3.636362666666667
22.75,408.0,3.636362666666667
22.75,366.0,3.636362666666667
22.833333333333332,346.0,3.636362666666667
22.916666666666668,388.0,0.7386361666666666
23.0,394.0,4.034089833333334
23.083333333333332,397.0,4.034089833333334
23.166666666666668,401.0,1.761363166666667
23.333333333333332,386.0,4.090908000000001
23.416666666666668,368.0,4.374998833333334
23.5,366.0,3.8636353333333338
23.666666666666668,362.0,3.8636353333333338
23.75,349.0,3.9204535000000003
23.833333333333332,347.0,3.2954536666666665
24.0,389.0,3.40909
24.083333333333332,428.0,4.488635166666667
24.166666666666668,421.0,3.4659081666666665
24.166666666666668,421.0,3.806817166666667
24.166666666666668,451.0,3.806817166666667
24.25,443.0,3.806817166666667
24.25,400.0,0.9090906666666667
24.333333333333332,376.0,0.9090906666666667
24.416666666666668,386.0,1.2499996666666666
24.416666666666668,433.0,3.5795445000000004
24.583333333333332,458.0,3.5795445000000004
24.666666666666668,446.0,3.806817166666667
24.75,420.0,3.7499990000000003
24.833333333333332,385.0,3.9772716666666668
24.916666666666668,385.0,3.9772716666666668
25.0,317.0,1.704545
25.166666666666668,281.0,3.693180833333334
25.166666666666668,307.0,3.8636353333333338
25.166666666666668,360.0,3.8636353333333338
25.25,384.0,1.2499996666666666
25.333333333333332,393.0,3.7499990000000003
25.333333333333332,400.0,3.7499990000000003
25.416666666666668,443.0,1.1931815000000001
25.5,478.0,1.1931815000000001
25.5,507.0,1.8181813333333334
25.583333333333332,491.0,1.8749995000000002
25.666666666666668,475.0,1.8749995000000002
25.75,509.0,1.9318176666666669
25.833333333333332,678.0,4.261362500000001
26.0,631.0,4.261362500000001
26.0,569.0,4.034089833333334
26.0,554.0,4.034089833333334
26.083333333333332,559.0,1.1931815000000001
26.083333333333332,583.0,1.1931815000000001
26.166666666666668,590.0,1.6477268333333333
26.166666666666668,597.0,1.6477268333333333
26.25,612.0,1.3068178333333333
26.333333333333332,612.0,3.40909
26.416666666666668,633.0,3.40909
26.416666666666668,683.0,1.8749995000000002
26.416666666666668,768.0,1.8749995000000002
26.5,772.0,1.1931815000000001
26.5,756.0,1.1931815000000001
26.583333333333332,749.0,1.2499996666666666
26.666666666666668,828.0,1.2499996666666666
26.75,800.0,1.8181813333333334
26.833333333333332,776.0,3.40909
26.833333333333332,804.0,3.40909
26.916666666666668,854.0,3.40909
27.0,858.0,1.1363633333333334
27.083333333333332,850.0,4.545453333333334
27.166666666666668,872.0,3.068181
27.166666666666668,942.0,1.9886358333333334
27.166666666666668,906.0,1.9886358333333334
27.25,806.0,1.2499996666666666
27.416666666666668,808.0,3.4659081666666665
27.5,873.0,3.636362666666667
27.5,873.0,3.5795445000000004
27.583333333333332,954.0,3.5795445000000004
27.666666666666668,919.0,1.2499996666666666
27.75,909.0,3.4659081666666665
27.833333333333332,933.0,3.1249991666666666
28.0,932.0,3.8636353333333338
28.083333333333332,825.0,3.9204535000000003
28.166666666666668,790.0,3.5795445000000004
28.25,819.0,4.090908000000001
28.416666666666668,872.0,4.090908000000001
28.5,910.0,3.5795445000000004
28.583333333333332,901.0,3.5795445000000004
28.666666666666668,892.0,1.8181813333333334
28.666666666666668,893.0,4.034089833333334
28.666666666666668,920.0,4.034089833333334
28.75,920.0,1.1363633333333334
28.833333333333332,921.0,1.1363633333333334
28.916666666666668,920.0,4.090908000000001
29.0,924.0,4.090908000000001
29.083333333333332,965.0,1.8181813333333334
29.166666666666668,982.0,3.693180833333334
29.25,995.0,4.545453333333334
29.333333333333332,1010.0,4.545453333333334
29.416666666666668,1015.0,4.261362500000001
29.416666666666668,1030.0,4.261362500000001
29.5,1017.0,4.261362500000001
29.5,967.0,1.1363633333333334
29.666666666666668,944.0,1.761363166666667
29.75,890.0,5.340907666666666
29.833333333333332,863.0,2.9545446666666666
29.916666666666668,859.0,3.5795445000000004
29.916666666666668,864.0,3.5795445000000004
30.083333333333332,905.0,3.5795445000000004
30.083333333333332,897.0,4.431817000000001
30.166666666666668,876.0,1.8181813333333334
30.25,873.0,1.8181813333333334
30.333333333333332,879.0,1.704545
30.416666666666668,852.0,3.5795445000000004
30.5,869.0,3.1818173333333335
30.666666666666668,890.0,3.352271833333334
30.75,910.0,4.659089666666667
30.916666666666668,916.0,4.659089666666667
31.0,948.0,4.8863623333333335
31.083333333333332,948.0,3.1249991666666666
31.166666666666668,1042.0,3.693180833333334
31.333333333333332,1091.0,3.693180833333334
31.416666666666668,1031.0,3.636362666666667
32.416666666666664,1063.0,4.431817000000001
32.5,1082.0,3.9772716666666668
32.583333333333336,1133.0,3.636362666666667
32.75,1197.0,3.636362666666667
32.833333333333336,1243.0,3.8636353333333338
33.0,1248.0,4.318180666666667
33.083333333333336,1198.0,4.374998833333334
33.166666666666664,1111.0,4.034089833333334
33.333333333333336,1040.0,4.034089833333334
33.416666666666664,1014.0,3.9204535000000003
33.416666666666664,1034.0,3.7499990000000003
33.5,1094.0,3.7499990000000003
33.583333333333336,1134.0,4.147726166666667
33.666666666666664,1136.0,4.147726166666667
33.75,1127.0,1.9318176666666669
33.833333333333336,1133.0,3.5795445000000004
34.0,1154.0,3.5795445000000004
34.083333333333336,1184.0,4.034089833333334
34.166666666666664,1210.0,3.8636353333333338
34.25,1213.0,3.8636353333333338
34.333333333333336,1181.0,4.261362500000001
34.5,1081.0,4.261362500000001
34.583333333333336,1049.0,3.9772716666666668
34.75,1037.0,4.090908000000001
34.75,1028.0,4.374998833333334
34.833333333333336,974.0,1.8749995000000002
35.0,945.0,4.431817000000001
35.083333333333336,946.0,4.431817000000001
35.083333333333336,946.0,1.3068178333333333
35.166666666666664,964.0,1.9886358333333334
35.333333333333336,891.0,1.9886358333333334
35.416666666666664,815.0,4.7159078333333335
35.5,741.0,3.636362666666667
35.666666666666664,658.0,3.636362666666667
35.75,577.0,3.693180833333334
35.916666666666664,604.0,3.693180833333334
36.25,632.0,1.8749995000000002
36.25,630.0,1.8749995000000002
36.25,610.0,1.8749995000000002
36.333333333333336,597.0,1.8749995000000002
36.333333333333336,591.0,0.7386361666666666
36.5,606.0,1.761363166666667
36.583333333333336,663.0,4.488635166666667
36.75,709.0,4.488635166666667
36.833333333333336,767.0,4.7727260000000005
36.916666666666664,813.0,3.8636353333333338
37.083333333333336,809.0,3.8636353333333338
37.166666666666664,844.0,4.318180666666667
37.333333333333336,872.0,3.9204535000000003
37.416666666666664,883.0,4.147726166666667
37.5,883.0,3.636362666666667
37.666666666666664,923.0,3.8636353333333338
37.75,994.0,3.7499990000000003
37.833333333333336,1026.0,3.7499990000000003
37.916666666666664,997.0,3.7499990000000003
37.916666666666664,960.0,2.0454540000000003
38.0,969.0,1.9886358333333334
38.166666666666664,983.0,3.7499990000000003
38.25,1034.0,4.261362500000001
38.416666666666664,1099.0,4.034089833333334
38.5,977.0,4.204544333333334
38.583333333333336,918.0,3.352271833333334
38.75,928.0,3.9204535000000003
38.833333333333336,950.0,4.090908000000001
39.0,986.0,4.090908000000001
39.0,1039.0,3.5795445000000004
39.166666666666664,1039.0,3.5795445000000004
39.25,1059.0,3.9772716666666668
39.333333333333336,1091.0,4.318180666666667
39.5,1179.0,4.318180666666667
39.583333333333336,1191.0,4.090908000000001
39.666666666666664,1162.0,3.9772716666666668
39.833333333333336,1173.0,3.9772716666666668
39.916666666666664,1150.0,4.034089833333334
40.083333333333336,1024.0,4.034089833333334
40.166666666666664,982.0,3.8636353333333338
40.25,998.0,3.8636353333333338
40.333333333333336,1050.0,2.0454540000000003
40.416666666666664,1102.0,3.8636353333333338
40.5,1112.0,2.1590903333333333
40.583333333333336,1117.0,4.147726166666667
40.75,1133.0,4.147726166666667
40.75,1168.0,4.488635166666667
40.75,1200.0,4.488635166666667
40.916666666666664,1103.0,4.488635166666667
41.0,1020.0,4.488635166666667
41.083333333333336,1001.0,3.9204535000000003
41.083333333333336,1040.0,3.9204535000000003
41.25,1063.0,3.9204535000000003
41.333333333333336,1060.0,3.9772716666666668
41.5,1031.0,3.9772716666666668
41.583333333333336,1038.0,3.8636353333333338
41.666666666666664,1056.0,3.9204535000000003
41.75,1061.0,3.9204535000000003
41.75,1046.0,1.9318176666666669
41.916666666666664,1043.0,2.102272166666667
42.0,1036.0,3.9204535000000003
42.0,1006.0,3.636362666666667
42.0,988.0,3.636362666666667
42.083333333333336,979.0,3.636362666666667
42.166666666666664,991.0,4.374998833333334
42.333333333333336,1038.0,4.034089833333334
42.416666666666664,1115.0,3.9204535000000003
42.416666666666664,1130.0,4.488635166666667
42.583333333333336,1076.0,4.488635166666667
42.666666666666664,996.0,4.545453333333334
42.833333333333336,996.0,3.9772716666666668
42.916666666666664,978.0,3.9772716666666668
43.0,1062.0,3.806817166666667
43.083333333333336,1062.0,1.9886358333333334
43.166666666666664,1195.0,4.261362500000001
43.166666666666664,1193.0,4.261362500000001
43.166666666666664,1188.0,4.261362500000001
43.333333333333336,1158.0,4.261362500000001
43.333333333333336,1048.0,4.034089833333334
43.416666666666664,1019.0,1.9318176666666669
43.583333333333336,1019.0,3.693180833333334
43.583333333333336,958.0,5.056816833333333
43.583333333333336,874.0,5.056816833333333
43.75,865.0,5.056816833333333
43.833333333333336,890.0,4.034089833333334
44.0,894.0,3.806817166666667
44.083333333333336,930.0,3.806817166666667
44.166666666666664,1107.0,3.5795445000000004
44.25,1153.0,3.5795445000000004
44.333333333333336,1133.0,4.9999986666666665
44.416666666666664,1154.0,3.5795445000000004
44.5,1119.0,3.4659081666666665
44.583333333333336,964.0,2.2159085000000003
44.75,913.0,3.5795445000000004
44.833333333333336,960.0,3.9772716666666668
44.916666666666664,1043.0,3.9204535000000003
45.083333333333336,1085.0,3.9204535000000003
45.166666666666664,1086.0,4.204544333333334
45.333333333333336,1066.0,4.204544333333334
45.416666666666664,1066.0,4.090908000000001
45.5,1048.0,3.7499990000000003
45.666666666666664,946.0,3.9772716666666668
45.75,930.0,3.9772716666666668
45.833333333333336,967.0,4.090908000000001
45.916666666666664,926.0,4.090908000000001
45.916666666666664,817.0,1.8749995000000002
46.083333333333336,871.0,1.9318176666666669
46.166666666666664,917.0,4.374998833333334
46.25,929.0,3.806817166666667
46.416666666666664,865.0,3.806817166666667
46.416666666666664,834.0,3.2954536666666665
46.416666666666664,843.0,3.2954536666666665
46.5,897.0,3.2954536666666665
46.583333333333336,920.0,0.9659088333333334
46.666666666666664,934.0,4.261362500000001
46.833333333333336,934.0,4.261362500000001
46.916666666666664,948.0,4.374998833333334
47.083333333333336,994.0,3.9204535000000003
47.166666666666664,971.0,3.9204535000000003
47.25,1100.0,3.7499990000000003
47.416666666666664,1118.0,3.7499990000000003
47.5,1062.0,3.8636353333333338
47.583333333333336,1001.0,3.8636353333333338
47.666666666666664,1037.0,3.1249991666666666
47.75,1069.0,4.147726166666667
47.75,954.0,4.147726166666667
47.75,880.0,4.147726166666667
47.916666666666664,866.0,4.147726166666667
47.916666666666664,866.0,3.7499990000000003
47.916666666666664,853.0,3.7499990000000003
48.083333333333336,818.0,3.7499990000000003
48.166666666666664,756.0,3.8636353333333338
48.25,702.0,3.9772716666666668
48.333333333333336,682.0,3.8636353333333338
48.5,678.0,3.8636353333333338
48.583333333333336,678.0,3.636362666666667
48.75,665.0,3.636362666666667
48.833333333333336,799.0,3.7499990000000003
48.916666666666664,799.0,3.806817166666667
49.0,724.0,3.352271833333334
49.166666666666664,688.0,3.352271833333334
49.25,633.0,3.522726333333334
49.333333333333336,666.0,3.522726333333334
49.416666666666664,686.0,3.5795445000000004
49.583333333333336,712.0,3.5795445000000004
49.666666666666664,744.0,3.522726333333334
49.75,710.0,3.693180833333334
49.916666666666664,726.0,3.693180833333334
50.0,771.0,3.693180833333334
50.083333333333336,833.0,3.693180833333334
50.166666666666664,923.0,3.5795445000000004
50.333333333333336,912.0,3.5795445000000004
50.416666666666664,886.0,3.5795445000000004
50.5,920.0,3.5795445000000004
50.583333333333336,958.0,3.636362666666667
50.75,957.0,3.636362666666667
50.833333333333336,989.0,3.636362666666667
50.916666666666664,1025.0,3.522726333333334
51.0,1025.0,3.636362666666667
51.166666666666664,1042.0,3.636362666666667
51.25,1114.0,3.636362666666667
51.333333333333336,1139.0,3.7499990000000003
51.333333333333336,1139.0,3.7499990000000003
51.416666666666664,1128.0,3.7499990000000003
51.5,1076.0,1.1363633333333334
51.583333333333336,1133.0,3.5795445000000004
51.666666666666664,1180.0,3.4659081666666665
51.833333333333336,1178.0,3.522726333333334
51.916666666666664,1194.0,3.522726333333334
52.0,1202.0,3.5795445000000004
52.083333333333336,1201.0,3.636362666666667
52.25,1189.0,3.636362666666667
52.25,1198.0,3.9204535000000003
52.25,1201.0,3.9204535000000003
52.25,1192.0,3.9204535000000003
52.416666666666664,1187.0,3.9204535000000003
52.5,1178.0,3.40909
52.5,1126.0,3.9204535000000003
52.5,1084.0,3.9204535000000003
52.666666666666664,1067.0,3.9204535000000003
52.75,1057.0,3.522726333333334
52.833333333333336,1023.0,3.693180833333334
52.916666666666664,1011.0,3.7499990000000003
53.083333333333336,1045.0,3.7499990000000003
53.166666666666664,1046.0,3.693180833333334
53.25,1080.0,4.034089833333334
53.333333333333336,1010.0,3.522726333333334
53.5,983.0,3.522726333333334
53.583333333333336,947.0,3.5795445000000004
53.666666666666664,911.0,3.2386355
53.833333333333336,975.0,3.9772716666666668
53.833333333333336,1010.0,4.488635166666667
53.916666666666664,1072.0,1.704545
54.0,1137.0,1.704545
54.083333333333336,1118.0,1.8749995000000002
54.083333333333336,1154.0,3.352271833333334
54.083333333333336,1185.0,3.352271833333334
54.166666666666664,1210.0,3.352271833333334
54.25,1209.0,0.9090906666666667
54.25,1222.0,3.522726333333334
54.25,1244.0,3.522726333333334
54.416666666666664,1244.0,3.522726333333334
54.5,1227.0,3.5795445000000004
54.583333333333336,1203.0,3.693180833333334
54.75,1213.0,3.693180833333334
54.833333333333336,1210.0,3.7499990000000003
54.916666666666664,1199.0,3.7499990000000003
55.083333333333336,1217.0,3.7499990000000003
55.166666666666664,1240.0,3.522726333333334
55.25,1259.0,3.522726333333334
55.333333333333336,1274.0,3.693180833333334
55.333333333333336,1271.0,3.693180833333334
55.416666666666664,1253.0,1.1931815000000001
55.5,1239.0,3.8636353333333338
55.5,1220.0,3.8636353333333338
55.5,1203.0,3.8636353333333338
55.583333333333336,1204.0,0.9659088333333334
55.75,1222.0,0.9659088333333334
55.833333333333336,1256.0,3.522726333333334
56.0,1259.0,3.522726333333334
56.083333333333336,1239.0,3.8636353333333338
56.083333333333336,1240.0,4.431817000000001
56.083333333333336,1254.0,4.431817000000001
56.166666666666664,1239.0,1.1363633333333334
56.25,1224.0,2.102272166666667
56.333333333333336,1203.0,3.8636353333333338
56.5,1206.0,3.8636353333333338
56.583333333333336,1206.0,4.261362500000001
56.666666666666664,1203.0,4.147726166666667
56.75,1207.0,3.4659081666666665
56.75,1219.0,3.4659081666666665
56.75,1199.0,3.4659081666666665
56.833333333333336,1174.0,3.4659081666666665
56.916666666666664,1150.0,0.7386361666666666
56.916666666666664,1146.0,3.9204535000000003
57.083333333333336,1115.0,3.9204535000000003
57.166666666666664,1155.0,3.7499990000000003
57.25,1187.0,4.261362500000001
57.333333333333336,1161.0,3.5795445000000004
57.416666666666664,1160.0,3.40909
57.416666666666664,1205.0,3.40909
57.583333333333336,1235.0,3.40909
57.666666666666664,1232.0,3.9772716666666668
57.75,1232.0,3.636362666666667
57.75,1244.0,3.522726333333334
57.916666666666664,1345.0,3.522726333333334
57.916666666666664,1375.0,3.5795445000000004
57.916666666666664,1351.0,3.5795445000000004
57.916666666666664,1328.0,3.5795445000000004
58.083333333333336,1326.0,3.5795445000000004
58.166666666666664,1290.0,3.806817166666667
58.166666666666664,1271.0,3.806817166666667
58.333333333333336,1242.0,3.806817166666667
58.416666666666664,1193.0,3.8636353333333338
58.5,1186.0,3.5795445000000004
58.583333333333336,1186.0,3.9204535000000003
58.666666666666664,1195.0,3.9204535000000003
58.75,1204.0,1.5340905
58.833333333333336,1211.0,4.488635166666667
59.0,1210.0,3.806817166666667
59.083333333333336,1197.0,3.7499990000000003
59.166666666666664,1198.0,3.693180833333334
59.25,1221.0,3.4659081666666665
59.416666666666664,1238.0,3.4659081666666665
59.5,1233.0,3.636362666666667
59.583333333333336,1227.0,3.693180833333334
59.666666666666664,1243.0,3.5795445000000004
59.833333333333336,1303.0,3.5795445000000004
59.916666666666664,1336.0,3.5795445000000004
60.0,1336.0,3.352271833333334
60.166666666666664,1326.0,3.352271833333334
60.25,1327.0,3.636362666666667
60.333333333333336,1309.0,3.693180833333334
60.416666666666664,1337.0,3.522726333333334
60.583333333333336,1378.0,3.522726333333334
60.666666666666664,1358.0,3.693180833333334
60.75,1209.0,3.693180833333334
60.916666666666664,1124.0,3.693180833333334
61.0,1130.0,3.40909
61.083333333333336,1235.0,3.7499990000000003
61.166666666666664,1435.0,3.522726333333334
61.333333333333336,1457.0,3.522726333333334
61.333333333333336,1438.0,3.5795445000000004
61.416666666666664,1434.0,3.5795445000000004
61.5,1346.0,3.636362666666667
61.583333333333336,1391.0,3.636362666666667
61.666666666666664,1391.0,1.8181813333333334
61.75,1450.0,3.40909
61.833333333333336,1419.0,4.090908000000001
62.0,1326.0,4.090908000000001
62.083333333333336,1293.0,3.8636353333333338
62.166666666666664,1400.0,4.318180666666667
62.25,1430.0,3.522726333333334
62.333333333333336,1396.0,3.522726333333334
62.333333333333336,1433.0,3.522726333333334
62.416666666666664,1474.0,3.522726333333334
62.5,1433.0,3.2954536666666665
62.583333333333336,1352.0,3.636362666666667
62.75,1359.0,3.522726333333334
62.833333333333336,1386.0,3.1249991666666666
62.916666666666664,1387.0,3.9204535000000003
63.0,1383.0,3.8636353333333338
63.166666666666664,1340.0,3.8636353333333338
63.25,1277.0,3.40909
63.333333333333336,1289.0,3.806817166666667
63.416666666666664,1304.0,3.636362666666667
63.583333333333336,1304.0,3.636362666666667
63.666666666666664,1328.0,3.522726333333334
63.75,1343.0,3.0113628333333335
63.833333333333336,1349.0,3.5795445000000004
63.916666666666664,1378.0,3.5795445000000004
64.0,1394.0,1.761363166666667
64.08333333333333,1346.0,3.5795445000000004
64.08333333333333,1308.0,3.40909
64.16666666666667,1271.0,1.761363166666667
64.33333333333333,1287.0,3.4659081666666665
64.41666666666667,1350.0,3.636362666666667
64.41666666666667,1387.0,3.40909
64.41666666666667,1416.0,3.40909
64.5,1420.0,1.1931815000000001
64.58333333333333,1333.0,1.1931815000000001
64.66666666666667,1228.0,3.522726333333334
64.83333333333333,1260.0,3.522726333333334
64.91666666666667,1282.0,3.5795445000000004
65.0,1311.0,3.9204535000000003
65.08333333333333,1363.0,3.5795445000000004
65.08333333333333,1304.0,3.5795445000000004
65.16666666666667,1285.0,3.5795445000000004
65.25,1322.0,3.806817166666667
65.41666666666667,1322.0,3.806817166666667
65.41666666666667,1387.0,4.147726166666667
65.5,1367.0,4.147726166666667
65.58333333333333,1355.0,1.5340905
65.66666666666667,1369.0,4.6022715000000005
65.66666666666667,1374.0,4.6022715000000005
65.75,1416.0,4.6022715000000005
65.91666666666667,1376.0,4.6022715000000005
66.0,1331.0,4.204544333333334
66.08333333333333,1330.0,3.4659081666666665
66.08333333333333,1335.0,3.522726333333334
66.25,1339.0,3.522726333333334
66.33333333333333,1322.0,4.090908000000001
66.41666666666667,1321.0,3.8636353333333338
66.66666666666667,1379.0,4.261362500000001
66.83333333333333,1388.0,4.034089833333334
66.91666666666667,1397.0,3.9772716666666668
66.91666666666667,1389.0,3.693180833333334
67.0,1438.0,1.761363166666667
67.0,1538.0,1.761363166666667
67.0,1514.0,1.761363166666667
67.08333333333333,1456.0,1.761363166666667
67.16666666666667,1445.0,0.7954543333333334
67.33333333333333,1462.0,3.9772716666666668
67.41666666666667,1465.0,3.9772716666666668
67.5,1447.0,4.261362500000001
67.66666666666667,1482.0,4.261362500000001
67.75,1511.0,4.204544333333334
67.91666666666667,1449.0,4.204544333333334
68.0,1450.0,4.090908000000001
68.08333333333333,1475.0,4.204544333333334
68.25,1438.0,4.204544333333334
68.33333333333333,1386.0,4.034089833333334
68.5,1351.0,4.034089833333334
68.58333333333333,1293.0,3.806817166666667
68.75,1323.0,3.9772716666666668
68.83333333333333,1363.0,3.806817166666667
68.91666666666667,1382.0,4.431817000000001
68.91666666666667,1383.0,4.431817000000001
69.0,1376.0,1.363636
69.16666666666667,1375.0,1.363636
69.25,1375.0,3.806817166666667
69.41666666666667,1430.0,3.8636353333333338
69.5,1505.0,4.204544333333334
69.66666666666667,1473.0,4.204544333333334
69.75,1402.0,4.034089833333334
69.91666666666667,1387.0,4.034089833333334
70.0,1376.0,4.7727260000000005
70.16666666666667,1331.0,4.431817000000001
70.25,1287.0,4.147726166666667
70.41666666666667,1362.0,4.318180666666667
70.41666666666667,1367.0,4.034089833333334
70.41666666666667,1330.0,4.034089833333334
70.5,1328.0,1.0795451666666667
70.66666666666667,1367.0,1.0795451666666667
70.75,1411.0,6.079543833333333
70.91666666666667,1459.0,6.079543833333333
71.0,1485.0,4.204544333333334
71.16666666666667,1473.0,4.147726166666667
71.33333333333333,1528.0,4.147726166666667
71.41666666666667,1588.0,4.545453333333334
71.58333333333333,1556.0,4.488635166666667
71.58333333333333,1455.0,4.261362500000001
71.66666666666667,1425.0,4.261362500000001
71.75,1457.0,1.4772723333333333
71.91666666666667,1454.0,4.318180666666667
71.91666666666667,1456.0,4.147726166666667
72.0,1451.0,4.147726166666667
72.08333333333333,1420.0,1.5340905
72.16666666666667,1366.0,2.272726666666667
72.33333333333333,1284.0,3.7499990000000003
72.41666666666667,1287.0,5.340907666666666
72.5,1328.0,5.795453
72.58333333333333,1267.0,2.102272166666667
72.75,1204.0,4.6022715000000005
72.91666666666667,1192.0,4.6022715000000005
73.0,1188.0,5.113635
73.16666666666667,1168.0,4.261362500000001
73.16666666666667,1161.0,4.034089833333334
73.25,1199.0,2.3863630000000002
73.25,1208.0,2.3863630000000002
73.33333333333333,1188.0,2.3863630000000002
73.5,1161.0,2.3863630000000002
73.58333333333333,1106.0,4.545453333333334
73.75,1106.0,4.6022715000000005
73.83333333333333,1094.0,4.659089666666667
73.91666666666667,1210.0,4.659089666666667
74.0,1240.0,4.7727260000000005
74.08333333333333,1232.0,4.7727260000000005
74.25,1229.0,4.7727260000000005
74.41666666666667,1205.0,4.7727260000000005
74.5,1228.0,4.8295441666666665
74.5,1202.0,4.318180666666667
74.58333333333333,1156.0,4.318180666666667
74.58333333333333,1151.0,1.4772723333333333
74.66666666666667,1154.0,1.4772723333333333
74.75,1170.0,1.4772723333333333
74.91666666666667,1172.0,4.147726166666667
75.0,1167.0,5.227271333333333
75.16666666666667,1207.0,4.261362500000001
75.25,1221.0,4.6022715000000005
75.41666666666667,1205.0,4.318180666666667
75.58333333333333,1182.0,4.318180666666667
75.66666666666667,1209.0,4.9431805
75.83333333333333,1337.0,4.318180666666667
75.83333333333333,1336.0,4.261362500000001
75.91666666666667,1269.0,4.261362500000001
76.0,1206.0,4.6022715000000005
76.0,1222.0,4.6022715000000005
76.16666666666667,1224.0,4.6022715000000005
76.25,1255.0,4.7727260000000005
76.41666666666667,1237.0,4.7727260000000005
76.5,1178.0,5.113635
76.66666666666667,1227.0,5.113635
76.83333333333333,1252.0,5.113635
76.83333333333333,1295.0,4.488635166666667
77.0,1391.0,4.488635166666667
77.08333333333333,1446.0,4.431817000000001
77.16666666666667,1412.0,4.431817000000001
77.25,1403.0,4.659089666666667
77.25,1405.0,4.659089666666667
77.33333333333333,1360.0,4.659089666666667
77.41666666666667,1362.0,1.0795451666666667
77.58333333333333,1363.0,4.7727260000000005
77.66666666666667,1330.0,4.204544333333334
77.75,1305.0,4.204544333333334
77.91666666666667,1305.0,4.431817000000001
77.91666666666667,1305.0,4.659089666666667
78.08333333333333,1331.0,4.659089666666667
78.25,1359.0,4.545453333333334
78.33333333333333,1343.0,4.318180666666667
78.41666666666667,1358.0,4.374998833333334
78.41666666666667,1389.0,2.4431811666666667
78.41666666666667,1398.0,2.4431811666666667
78.41666666666667,1412.0,2.4431811666666667
78.41666666666667,1533.0,2.4431811666666667
78.58333333333333,1504.0,2.4431811666666667
78.58333333333333,1404.0,4.374998833333334
78.75,1406.0,4.374998833333334
78.83333333333333,1341.0,5.227271333333333
78.91666666666667,1322.0,4.090908000000001
79.0,1303.0,4.090908000000001
79.08333333333333,1344.0,1.5340905
79.25,1409.0,4.6022715000000005
79.25,1296.0,5.2840895
79.41666666666667,1250.0,5.2840895
79.41666666666667,1278.0,4.147726166666667
79.5,1304.0,2.4999993333333332
79.58333333333333,1282.0,2.4999993333333332
79.66666666666667,1340.0,1.4204541666666668
79.83333333333333,1349.0,1.4204541666666668
79.83333333333333,1326.0,4.431817000000001
79.91666666666667,1324.0,4.431817000000001
80.08333333333333,1284.0,4.545453333333334
80.16666666666667,1180.0,4.8295441666666665
80.33333333333333,1123.0,4.6022715000000005
80.33333333333333,1091.0,4.9431805
80.5,1003.0,4.9431805
80.5,974.0,5.568180333333333
80.58333333333333,965.0,5.568180333333333
80.66666666666667,955.0,3.693180833333334
80.66666666666667,973.0,3.693180833333334
80.66666666666667,936.0,3.693180833333334
80.75,889.0,3.693180833333334
80.91666666666667,881.0,4.431817000000001
81.0,888.0,4.659089666666667
81.08333333333333,920.0,4.659089666666667
81.16666666666667,963.0,4.034089833333334
81.33333333333333,988.0,4.034089833333334
81.41666666666667,988.0,4.8295441666666665
81.41666666666667,1005.0,4.8295441666666665
81.58333333333333,1024.0,4.8295441666666665
81.66666666666667,1043.0,6.6477255
81.83333333333333,1091.0,4.261362500000001
81.83333333333333,1135.0,4.204544333333334
81.91666666666667,1165.0,2.272726666666667
82.0,1231.0,2.272726666666667
82.16666666666667,1203.0,2.272726666666667
82.25,1155.0,4.545453333333334
82.41666666666667,1147.0,4.545453333333334
82.5,1164.0,4.431817000000001
82.58333333333333,1193.0,2.272726666666667
82.66666666666667,1314.0,3.7499990000000003
82.83333333333333,1468.0,3.7499990000000003
82.91666666666667,1507.0,5.2840895
83.0,1398.0,5.2840895
83.08333333333333,1357.0,3.9772716666666668
83.25,1359.0,3.9772716666666668
83.33333333333333,1374.0,5.340907666666666
83.5,1275.0,5.340907666666666
83.5,1188.0,4.488635166666667
83.58333333333333,1203.0,4.488635166666667
83.66666666666667,1323.0,4.8295441666666665
83.83333333333333,1340.0,4.8295441666666665
83.91666666666667,1331.0,4.545453333333334
84.0,1405.0,3.8636353333333338
84.08333333333333,1388.0,2.102272166666667
84.25,1327.0,4.488635166666667
84.41666666666667,1298.0,4.488635166666667
84.5,1313.0,4.318180666666667
84.58333333333333,1416.0,4.034089833333334
84.66666666666667,1467.0,2.2159085000000003
84.83333333333333,1388.0,3.8636353333333338
84.91666666666667,1430.0,4.147726166666667
84.91666666666667,1468.0,3.7499990000000003
85.0,1506.0,3.7499990000000003
85.08333333333333,1575.0,4.9431805
85.25,1561.0,4.9431805
85.25,1557.0,4.545453333333334
85.41666666666667,1562.0,4.545453333333334
85.5,1627.0,4.545453333333334
85.66666666666667,1634.0,4.545453333333334
85.75,1634.0,4.204544333333334
85.91666666666667,1592.0,4.204544333333334
86.0,1609.0,4.204544333333334
86.0,1657.0,4.204544333333334
86.08333333333333,1671.0,4.204544333333334
86.25,1639.0,4.204544333333334
86.33333333333333,1597.0,4.431817000000001
86.41666666666667,1539.0,3.8636353333333338
86.5,1551.0,3.8636353333333338
86.58333333333333,1486.0,1.8749995000000002
86.66666666666667,1421.0,4.034089833333334
86.75,1421.0,2.0454540000000003
86.91666666666667,1463.0,4.431817000000001
87.0,1437.0,4.147726166666667
87.16666666666667,1411.0,4.204544333333334
87.25,1403.0,4.9431805
87.33333333333333,1516.0,4.374998833333334
87.5,1730.0,3.9204535000000003
87.58333333333333,1742.0,4.9431805
87.75,1651.0,4.9431805
87.83333333333333,1584.0,4.090908000000001
88.0,1586.0,4.090908000000001
88.08333333333333,1641.0,4.034089833333334
88.08333333333333,1610.0,3.9204535000000003
88.16666666666667,1565.0,3.9204535000000003
88.25,1568.0,4.6022715000000005
88.33333333333333,1546.0,4.090908000000001
88.41666666666667,1493.0,2.1590903333333333
88.58333333333333,1461.0,3.2954536666666665
88.66666666666667,1519.0,4.431817000000001
88.83333333333333,1544.0,4.261362500000001
88.91666666666667,1607.0,3.636362666666667
89.08333333333333,1665.0,4.147726166666667
89.16666666666667,1682.0,4.147726166666667
89.33333333333333,1633.0,4.147726166666667
89.41666666666667,1496.0,4.488635166666667
89.58333333333333,1459.0,4.431817000000001
89.66666666666667,1421.0,4.034089833333334
89.75,1367.0,3.7499990000000003
89.75,1362.0,3.693180833333334
89.83333333333333,1359.0,3.693180833333334
89.91666666666667,1354.0,3.9204535000000003
90.0,1360.0,3.9204535000000003
90.16666666666667,1360.0,3.9204535000000003
90.25,1398.0,4.090908000000001
90.41666666666667,1386.0,4.090908000000001
90.5,1382.0,4.9431805
90.66666666666667,1395.0,4.261362500000001
90.75,1385.0,4.261362500000001
90.91666666666667,1325.0,4.261362500000001
91.0,1280.0,4.431817000000001
91.16666666666667,1228.0,4.431817000000001
91.25,1214.0,4.431817000000001
91.25,1188.0,3.9772716666666668
91.33333333333333,1150.0,1.9886358333333334
91.33333333333333,1139.0,1.9886358333333334
91.41666666666667,1127.0,1.363636
91.5,1132.0,2.102272166666667
91.58333333333333,1086.0,2.102272166666667
91.66666666666667,1054.0,3.693180833333334
91.83333333333333,1045.0,4.204544333333334
91.91666666666667,1050.0,3.8636353333333338
92.08333333333333,1113.0,3.8636353333333338
92.16666666666667,1115.0,6.022725666666667
92.25,1058.0,3.7499990000000003
92.33333333333333,1009.0,2.102272166666667
92.41666666666667,970.0,4.034089833333334
92.5,927.0,2.1590903333333333
92.5,874.0,3.806817166666667
92.58333333333333,832.0,1.9318176666666669
92.58333333333333,836.0,1.9318176666666669
92.75,861.0,1.9318176666666669
92.83333333333333,877.0,4.261362500000001
93.0,916.0,4.261362500000001
93.08333333333333,937.0,3.5795445000000004
93.25,984.0,4.374998833333334
93.33333333333333,1057.0,4.374998833333334
93.5,1092.0,4.204544333333334
93.58333333333333,1107.0,4.147726166666667
93.75,1145.0,4.090908000000001
93.83333333333333,1191.0,4.6022715000000005
94.0,1192.0,4.318180666666667
94.08333333333333,1234.0,4.6022715000000005
94.08333333333333,1300.0,3.7499990000000003
94.08333333333333,1316.0,3.7499990000000003
94.16666666666667,1316.0,1.0227270000000002
94.25,1323.0,1.0227270000000002
94.33333333333333,1311.0,1.9886358333333334
94.5,1286.0,4.034089833333334
94.58333333333333,1270.0,3.4659081666666665
94.75,1287.0,3.4659081666666665
94.83333333333333,1274.0,4.147726166666667
94.83333333333333,1250.0,3.9204535000000003
95.0,1255.0,3.9204535000000003
95.0,1288.0,4.7159078333333335
95.08333333333333,1254.0,4.7159078333333335
95.16666666666667,1256.0,4.8295441666666665
95.25,1296.0,4.8295441666666665
95.33333333333333,1385.0,2.0454540000000003
95.41666666666667,1447.0,4.090908000000001
95.5,1472.0,4.090908000000001
95.66666666666667,1469.0,4.204544333333334
95.75,1441.0,4.374998833333334
95.91666666666667,1395.0,4.374998833333334
96.0,1420.0,4.090908000000001
96.16666666666667,1452.0,4.545453333333334
96.25,1437.0,4.431817000000001
96.33333333333333,1340.0,4.431817000000001
96.41666666666667,1348.0,2.0454540000000003
96.58333333333333,1384.0,3.806817166666667
96.58333333333333,1386.0,5.2840895
96.75,1439.0,5.2840895
96.83333333333333,1519.0,3.8636353333333338
97.0,1536.0,4.147726166666667
97.0,1578.0,4.204544333333334
97.0,1617.0,4.204544333333334
97.08333333333333,1523.0,4.204544333333334
97.16666666666667,1454.0,0.9090906666666667
97.33333333333333,1373.0,3.8636353333333338
97.41666666666667,1275.0,5.2840895
97.58333333333333,1249.0,4.374998833333334
97.58333333333333,1279.0,4.147726166666667
97.75,1313.0,4.147726166666667
97.75,1344.0,5.397725833333334
97.83333333333333,1346.0,2.102272166666667
97.91666666666667,1364.0,2.102272166666667
98.08333333333333,1392.0,2.102272166666667
98.08333333333333,1445.0,4.147726166666667
98.25,1445.0,4.147726166666667
98.25,1534.0,4.204544333333334
98.25,1539.0,4.204544333333334
98.33333333333333,1490.0,1.0795451666666667
98.5,1455.0,1.0795451666666667
98.58333333333333,1462.0,4.545453333333334
98.75,1502.0,4.6022715000000005
98.83333333333333,1485.0,4.147726166666667
99.0,1475.0,4.147726166666667
99.16666666666667,1477.0,4.374998833333334
99.25,1474.0,4.8863623333333335
99.41666666666667,1504.0,4.374998833333334
99.5,1555.0,4.318180666666667
99.5,1623.0,4.374998833333334
99.5,1617.0,4.374998833333334
99.58333333333333,1533.0,1.0227270000000002
99.75,1523.0,1.0227270000000002
99.75,1623.0,3.9204535000000003
99.83333333333333,1701.0,3.9204535000000003
99.91666666666667,1743.0,4.374998833333334
100.08333333333333,1778.0,4.374998833333334
100.16666666666667,1762.0,5.2840895
100.33333333333333,1698.0,5.2840895
100.41666666666667,1633.0,4.090908000000001
100.58333333333333,1618.0,4.374998833333334
100.66666666666667,1600.0,4.374998833333334
100.66666666666667,1556.0,3.8636353333333338
100.75,1521.0,1.9886358333333334
100.75,1522.0,1.9886358333333334
100.83333333333333,1526.0,1.9886358333333334
100.83333333333333,1601.0,1.0227270000000002
100.83333333333333,1621.0,1.0227270000000002
101.0,1568.0,1.3068178333333333
101.08333333333333,1462.0,4.261362500000001
101.08333333333333,1437.0,4.261362500000001
101.16666666666667,1414.0,4.261362500000001
101.33333333333333,1416.0,4.261362500000001
101.41666666666667,1431.0,4.090908000000001
101.5,1435.0,4.034089833333334
101.66666666666667,1455.0,4.034089833333334
101.75,1463.0,4.204544333333334
101.91666666666667,1478.0,3.9204535000000003
101.91666666666667,1505.0,3.5795445000000004
102.08333333333333,1505.0,3.5795445000000004
102.08333333333333,1507.0,4.8295441666666665
102.16666666666667,1507.0,1.8749995000000002
102.16666666666667,1502.0,1.8749995000000002
102.25,1457.0,1.4204541666666668
102.33333333333333,1447.0,1.4204541666666668
102.33333333333333,1466.0,2.102272166666667
102.5,1487.0,2.102272166666667
102.58333333333333,1509.0,4.261362500000001
102.75,1530.0,4.204544333333334
102.83333333333333,1529.0,4.147726166666667
102.91666666666667,1524.0,3.9204535000000003
103.0,1528.0,3.9204535000000003
103.08333333333333,1537.0,3.2386355
103.08333333333333,1547.0,3.2386355
103.16666666666667,1556.0,1.4204541666666668
103.33333333333333,1556.0,1.4204541666666668
103.41666666666667,1566.0,3.9204535000000003
103.41666666666667,1587.0,4.090908000000001
103.5,1583.0,4.090908000000001
103.58333333333333,1561.0,1.363636
103.66666666666667,1513.0,2.2159085000000003
103.83333333333333,1406.0,3.9772716666666668
103.91666666666667,1430.0,4.7159078333333335
104.08333333333333,1430.0,4.7159078333333335
104.16666666666667,1455.0,4.318180666666667
104.25,1442.0,3.8636353333333338
104.33333333333333,1426.0,4.204544333333334
104.41666666666667,1429.0,2.0454540000000003
104.58333333333333,1459.0,4.261362500000001
104.66666666666667,1485.0,4.147726166666667
104.83333333333333,1485.0,4.147726166666667
104.83333333333333,1475.0,4.204544333333334
105.0,1482.0,4.204544333333334
105.0,1488.0,4.7159078333333335
105.16666666666667,1514.0,4.7159078333333335
105.25,1513.0,4.6022715000000005
105.41666666666667,1502.0,4.6022715000000005
105.5,1501.0,4.7159078333333335
105.66666666666667,1495.0,4.7159078333333335
105.75,1490.0,4.204544333333334
105.91666666666667,1504.0,4.204544333333334
106.0,1504.0,5.397725833333334
106.16666666666667,1515.0,3.9772716666666668
106.16666666666667,1527.0,3.8636353333333338
106.16666666666667,1529.0,3.8636353333333338
106.25,1528.0,1.363636
106.33333333333333,1509.0,1.9886358333333334
106.5,1500.0,1.9886358333333334
106.58333333333333,1458.0,3.8636353333333338
106.66666666666667,1363.0,4.488635166666667
106.75,1350.0,2.2159085000000003
106.91666666666667,1361.0,4.318180666666667
107.08333333333333,1394.0,4.318180666666667
107.16666666666667,1533.0,4.659089666666667
107.25,1577.0,4.090908000000001
107.41666666666667,1559.0,4.090908000000001
107.58333333333333,1503.0,4.488635166666667
107.66666666666667,1351.0,4.034089833333334
107.75,1353.0,4.545453333333334
107.75,1374.0,2.2159085000000003
107.75,1397.0,2.2159085000000003
107.83333333333333,1465.0,2.2159085000000003
108.0,1463.0,2.2159085000000003
108.08333333333333,1401.0,4.431817000000001
108.16666666666667,1377.0,4.147726166666667
108.25,1450.0,4.6022715000000005
108.41666666666667,1480.0,4.6022715000000005
108.5,1495.0,4.8295441666666665
108.58333333333333,1481.0,3.9772716666666668
108.66666666666667,1471.0,2.2159085000000003
108.75,1473.0,2.2159085000000003
108.83333333333333,1483.0,4.374998833333334
109.0,1524.0,3.8636353333333338
109.0,1592.0,3.806817166666667
109.16666666666667,1682.0,3.806817166666667
109.16666666666667,1674.0,4.204544333333334
109.16666666666667,1649.0,4.204544333333334
109.25,1649.0,4.204544333333334
109.25,1642.0,0.9659088333333334
109.33333333333333,1610.0,2.0454540000000003
109.5,1580.0,3.522726333333334
109.58333333333333,1556.0,3.693180833333334
109.75,1549.0,4.090908000000001
109.83333333333333,1593.0,4.318180666666667
109.91666666666667,1593.0,4.034089833333334
110.0,1631.0,4.034089833333334
110.08333333333333,1681.0,4.431817000000001
110.16666666666667,1738.0,3.806817166666667
110.33333333333333,1759.0,3.806817166666667
110.41666666666667,1660.0,3.7499990000000003
110.5,1594.0,3.636362666666667
110.58333333333333,1593.0,3.636362666666667
110.58333333333333,1550.0,3.636362666666667
110.66666666666667,1501.0,3.636362666666667
110.75,1500.0,3.636362666666667
110.91666666666667,1581.0,3.636362666666667
111.0,1585.0,3.636362666666667
111.08333333333333,1484.0,3.9204535000000003
111.16666666666667,1440.0,4.431817000000001
111.33333333333333,1402.0,4.431817000000001
111.41666666666667,1384.0,3.8636353333333338
111.5,1427.0,3.636362666666667
111.5,1589.0,3.636362666666667
111.58333333333333,1596.0,1.5909086666666667
111.75,1605.0,3.1818173333333335
111.83333333333333,1647.0,4.090908000000001
111.91666666666667,1685.0,3.40909
112.0,1667.0,3.2954536666666665
112.08333333333333,1667.0,3.2954536666666665
112.16666666666667,1639.0,3.352271833333334
112.16666666666667,1484.0,3.352271833333334
112.25,1325.0,3.352271833333334
112.33333333333333,1317.0,1.0227270000000002
112.41666666666667,1375.0,4.034089833333334
112.41666666666667,1414.0,3.2954536666666665
112.5,1446.0,1.4772723333333333
112.58333333333333,1467.0,3.522726333333334
112.75,1487.0,3.522726333333334
112.83333333333333,1516.0,3.693180833333334
112.83333333333333,1501.0,3.1249991666666666
112.83333333333333,1481.0,3.1249991666666666
112.83333333333333,1437.0,3.1249991666666666
112.91666666666667,1437.0,0.7386361666666666
113.0,1382.0,3.068181
113.08333333333333,1391.0,3.068181
113.16666666666667,1347.0,3.1249991666666666
113.25,1276.0,3.352271833333334
113.33333333333333,1276.0,3.0113628333333335
113.41666666666667,1203.0,2.727272
113.41666666666667,1176.0,2.727272
113.5,1225.0,1.363636
113.5,1198.0,1.363636
113.5,1169.0,1.363636
113.58333333333333,1180.0,1.0227270000000002
113.66666666666667,1220.0,2.3863630000000002
113.75,1244.0,3.40909
113.83333333333333,1279.0,2.8977265
114.0,1278.0,2.8977265
114.0,1250.0,4.090908000000001
114.16666666666667,1214.0,4.090908000000001
114.16666666666667,1186.0,3.2386355
114.33333333333333,1193.0,3.2386355
114.33333333333333,1222.0,3.693180833333334
114.41666666666667,1232.0,3.693180833333334
114.41666666666667,1239.0,1.4204541666666668
114.5,1254.0,2.5568175
114.66666666666667,1346.0,3.0113628333333335
114.66666666666667,1376.0,3.068181
114.66666666666667,1355.0,3.068181
114.66666666666667,1392.0,3.068181
114.75,1463.0,0.8522725
114.83333333333333,1313.0,3.1249991666666666
114.91666666666667,1151.0,2.727272
115.0,1133.0,2.727272
115.08333333333333,1221.0,2.670453833333333
115.16666666666667,1230.0,2.8977265
115.25,1094.0,2.7840901666666666
115.33333333333333,1092.0,2.8977265
115.41666666666667,1158.0,2.8977265
115.5,1184.0,3.693180833333334
115.58333333333333,1136.0,2.6136356666666667
115.66666666666667,1129.0,2.7840901666666666
115.75,1139.0,2.7840901666666666
115.83333333333333,1162.0,2.727272
115.91666666666667,1172.0,2.670453833333333
116.0,1173.0,2.727272
116.08333333333333,1183.0,2.670453833333333
116.16666666666667,1185.0,2.7840901666666666
116.25,1166.0,2.5568175
116.33333333333333,1166.0,2.8977265
116.41666666666667,1145.0,2.4999993333333332
116.41666666666667,1174.0,2.8409083333333336
116.5,1204.0,2.5568175
116.58333333333333,1208.0,2.3295448333333333
116.58333333333333,1190.0,2.3295448333333333
116.66666666666667,1194.0,1.3068178333333333
116.75,1198.0,2.727272
116.75,1168.0,2.727272
116.83333333333333,1162.0,2.727272
116.91666666666667,1189.0,1.2499996666666666
117.0,1240.0,2.6136356666666667
117.08333333333333,1310.0,2.6136356666666667
117.16666666666667,1318.0,2.7840901666666666
117.16666666666667,1348.0,2.6136356666666667
117.25,1370.0,2.5568175
117.33333333333333,1355.0,2.3295448333333333
117.41666666666667,1350.0,2.6136356666666667
117.5,1352.0,2.8977265
117.5,1263.0,2.8977265
117.58333333333333,1226.0,2.8977265
117.66666666666667,1247.0,1.1931815000000001
117.75,1326.0,3.2954536666666665
117.83333333333333,1348.0,2.670453833333333
117.91666666666667,1348.0,2.4999993333333332
117.91666666666667,1386.0,2.5568175
117.91666666666667,1388.0,2.5568175
118.0,1410.0,1.3068178333333333
118.08333333333333,1392.0,2.3863630000000002
118.16666666666667,1372.0,2.6136356666666667
118.25,1351.0,2.6136356666666667
118.25,1302.0,2.3863630000000002
118.33333333333333,1277.0,2.3863630000000002
118.33333333333333,1305.0,1.3068178333333333
118.33333333333333,1341.0,1.3068178333333333
118.41666666666667,1347.0,1.3068178333333333
118.41666666666667,1308.0,0.9090906666666667
118.5,1241.0,2.1590903333333333
118.58333333333333,1243.0,3.1249991666666666
118.66666666666667,1256.0,2.6136356666666667
118.75,1267.0,2.3295448333333333
118.83333333333333,1270.0,2.8977265
118.91666666666667,1279.0,2.4999993333333332
118.91666666666667,1279.0,2.4999993333333332
119.0,1322.0,2.4999993333333332
119.08333333333333,1436.0,1.1931815000000001
119.16666666666667,1453.0,3.2386355
119.16666666666667,1407.0,3.068181
119.16666666666667,1425.0,3.068181
119.25,1454.0,1.1363633333333334
119.33333333333333,1304.0,3.1249991666666666
119.41666666666667,1262.0,2.4431811666666667
119.41666666666667,1246.0,2.4431811666666667
119.5,1247.0,1.2499996666666666
119.58333333333333,1165.0,1.2499996666666666
119.66666666666667,1137.0,2.727272
119.75,1222.0,2.670453833333333
119.83333333333333,1271.0,2.4999993333333332
119.91666666666667,1185.0,2.8977265
120.0,1091.0,2.727272
120.08333333333333,1107.0,2.3863630000000002
120.08333333333333,1121.0,2.727272
120.16666666666667,1131.0,2.1590903333333333
120.25,1167.0,3.1818173333333335
120.33333333333333,1151.0,2.4999993333333332
120.41666666666667,1132.0,2.7840901666666666
120.5,1138.0,2.7840901666666666
120.5,1143.0,2.3863630000000002
120.58333333333333,1148.0,2.3863630000000002
120.66666666666667,1120.0,1.3068178333333333
120.75,1124.0,2.4999993333333332
120.75,1219.0,2.670453833333333
120.83333333333333,1299.0,2.5568175
120.91666666666667,1246.0,2.5568175
120.91666666666667,1210.0,2.5568175
120.91666666666667,1191.0,2.5568175
121.0,1170.0,2.5568175
121.08333333333333,1139.0,0.7954543333333334
121.08333333333333,1138.0,2.5568175
121.16666666666667,1166.0,2.4431811666666667
121.25,1182.0,2.1590903333333333
121.25,1142.0,2.1590903333333333
121.33333333333333,1106.0,1.4204541666666668
121.41666666666667,1089.0,1.4204541666666668
121.5,1112.0,2.3863630000000002
121.58333333333333,1143.0,2.670453833333333
121.66666666666667,1143.0,2.3295448333333333
121.66666666666667,1134.0,2.5568175
121.75,1151.0,2.4431811666666667
121.83333333333333,1182.0,2.3863630000000002
121.91666666666667,1244.0,3.1818173333333335
122.0,1400.0,2.3295448333333333
122.0,1365.0,2.3295448333333333
122.08333333333333,1306.0,2.3295448333333333
122.16666666666667,1266.0,1.1931815000000001
122.16666666666667,1249.0,2.727272
122.16666666666667,1308.0,2.727272
122.25,1284.0,1.1931815000000001
122.25,1233.0,1.1931815000000001
122.33333333333333,1179.0,1.1931815000000001
122.33333333333333,1224.0,1.1931815000000001
122.33333333333333,1328.0,1.1931815000000001
122.41666666666667,1401.0,1.0795451666666667
122.41666666666667,1376.0,1.0795451666666667
122.41666666666667,1271.0,1.0795451666666667
122.41666666666667,1272.0,1.0795451666666667
122.5,1311.0,1.0795451666666667
122.58333333333333,1293.0,0.6249998333333333
122.58333333333333,1259.0,2.2159085000000003
122.58333333333333,1258.0,2.2159085000000003
122.66666666666667,1274.0,1.1931815000000001
122.75,1289.0,1.1931815000000001
122.83333333333333,1309.0,1.9318176666666669
122.91666666666667,1436.0,2.7840901666666666
122.91666666666667,1506.0,2.8977265
123.0,1477.0,2.1590903333333333
123.08333333333333,1409.0,2.8409083333333336
123.16666666666667,1297.0,2.4431811666666667
123.16666666666667,1321.0,2.4431811666666667
123.25,1296.0,2.4431811666666667
123.25,1288.0,1.1931815000000001
123.25,1337.0,1.1931815000000001
123.25,1281.0,1.1931815000000001
123.33333333333333,1282.0,0.7954543333333334
123.33333333333333,1233.0,0.7954543333333334
123.33333333333333,1338.0,0.7954543333333334
123.33333333333333,1415.0,0.7954543333333334
123.41666666666667,1398.0,0.7954543333333334
123.5,1398.0,2.1590903333333333
123.5,1388.0,2.1590903333333333
123.5,1350.0,2.1590903333333333
123.5,1386.0,2.1590903333333333
123.58333333333333,1461.0,2.1590903333333333
123.58333333333333,1480.0,0.6249998333333333
123.66666666666667,1418.0,2.3863630000000002
123.66666666666667,1278.0,2.3863630000000002
123.75,1252.0,2.3863630000000002
123.75,1299.0,1.1363633333333334
123.83333333333333,1297.0,2.0454540000000003
123.91666666666667,1428.0,2.6136356666666667
124.0,1452.0,2.3863630000000002
124.08333333333333,1394.0,2.3863630000000002
124.16666666666667,1386.0,1.9318176666666669
124.16666666666667,1469.0,2.6136356666666667
124.25,1520.0,2.102272166666667
124.25,1413.0,2.102272166666667
124.33333333333333,1357.0,2.102272166666667
124.33333333333333,1327.0,1.1363633333333334
124.41666666666667,1229.0,1.9886358333333334
124.5,1203.0,2.4431811666666667
124.58333333333333,1299.0,2.4431811666666667
124.58333333333333,1429.0,2.2159085000000003
124.66666666666667,1429.0,1.8749995000000002
124.75,1500.0,2.3295448333333333
124.83333333333333,1500.0,2.3295448333333333
124.83333333333333,1452.0,2.0454540000000003
124.91666666666667,1395.0,1.704545
125.0,1433.0,1.704545
125.0,1439.0,2.3863630000000002
125.0,1370.0,2.3863630000000002
125.0,1336.0,2.3863630000000002
125.0,1388.0,2.3863630000000002
125.0,1436.0,2.3863630000000002
125.08333333333333,1394.0,0.5113635000000001
125.16666666666667,1395.0,0.5113635000000001
125.16666666666667,1422.0,1.761363166666667
125.25,1425.0,2.1590903333333333
125.33333333333333,1405.0,2.1590903333333333
125.41666666666667,1384.0,2.0454540000000003
125.41666666666667,1371.0,2.0454540000000003
125.5,1366.0,1.9886358333333334
125.5,1366.0,1.9886358333333334
125.58333333333333,1402.0,1.6477268333333333
125.66666666666667,1409.0,2.4999993333333332
125.66666666666667,1390.0,2.4999993333333332
125.75,1378.0,1.5340905
125.83333333333333,1397.0,1.5340905
125.91666666666667,1389.0,1.761363166666667
125.91666666666667,1362.0,2.5568175
126.0,1342.0,1.9318176666666669
126.08333333333333,1339.0,1.9318176666666669
126.08333333333333,1330.0,1.9318176666666669
126.16666666666667,1311.0,1.8749995000000002
126.16666666666667,1312.0,1.8749995000000002
126.16666666666667,1334.0,1.8749995000000002
126.25,1326.0,0.9090906666666667
126.25,1322.0,0.9090906666666667
126.25,1340.0,0.9090906666666667
126.33333333333333,1359.0,0.9090906666666667
126.33333333333333,1341.0,0.9090906666666667
126.33333333333333,1326.0,0.9090906666666667
126.41666666666667,1346.0,0.9090906666666667
126.41666666666667,1362.0,0.8522725
126.5,1349.0,1.9318176666666669
126.5,1342.0,1.9318176666666669
126.5,1377.0,1.9318176666666669
126.58333333333333,1398.0,0.9090906666666667
126.58333333333333,1397.0,0.9090906666666667
126.58333333333333,1403.0,0.9090906666666667
126.66666666666667,1435.0,0.9090906666666667
126.66666666666667,1455.0,0.9090906666666667
126.66666666666667,1447.0,0.9090906666666667
126.75,1452.0,0.9090906666666667
126.75,1495.0,0.9090906666666667
126.83333333333333,1510.0,1.6477268333333333
126.91666666666667,1488.0,1.6477268333333333
126.91666666666667,1438.0,1.8181813333333334
127.0,1293.0,1.9318176666666669
127.08333333333333,1293.0,1.9318176666666669
127.08333333333333,1259.0,1.9886358333333334
127.16666666666667,1241.0,1.9886358333333334
127.16666666666667,1282.0,1.363636
127.25,1318.0,2.102272166666667
127.33333333333333,1303.0,2.102272166666667
127.33333333333333,1303.0,1.761363166666667
127.41666666666667,1303.0,1.761363166666667
127.41666666666667,1360.0,1.761363166666667
127.5,1360.0,1.761363166666667
127.58333333333333,1377.0,1.761363166666667
127.58333333333333,1359.0,1.704545
127.66666666666667,1370.0,1.704545
127.66666666666667,1438.0,1.704545
127.75,1456.0,1.704545
127.75,1455.0,1.704545
127.83333333333333,1549.0,1.4204541666666668
127.91666666666667,1521.0,1.4204541666666668
127.91666666666667,1500.0,1.8749995000000002
128.0,1539.0,1.761363166666667
128.08333333333334,1554.0,1.761363166666667
128.08333333333334,1551.0,1.704545
128.16666666666666,1443.0,1.704545
128.16666666666666,1442.0,1.761363166666667
128.25,1505.0,1.704545
128.33333333333334,1543.0,1.704545
128.33333333333334,1555.0,1.761363166666667
128.41666666666666,1526.0,1.761363166666667
128.41666666666666,1487.0,1.704545
128.5,1488.0,1.6477268333333333
128.58333333333334,1479.0,1.6477268333333333
128.58333333333334,1441.0,1.6477268333333333
128.66666666666666,1447.0,1.6477268333333333
128.66666666666666,1469.0,1.6477268333333333
128.75,1492.0,1.6477268333333333
128.75,1500.0,1.6477268333333333
128.83333333333334,1503.0,1.5340905
128.83333333333334,1527.0,1.5340905
128.83333333333334,1555.0,1.5340905
128.91666666666666,1514.0,1.5340905
128.91666666666666,1420.0,0.7386361666666666
129.0,1409.0,0.7386361666666666
129.0,1411.0,1.5340905
129.08333333333334,1412.0,1.5340905
129.08333333333334,1385.0,1.4204541666666668
129.16666666666666,1383.0,1.4204541666666668
129.16666666666666,1408.0,1.4772723333333333
129.25,1432.0,1.4772723333333333
129.25,1432.0,1.4204541666666668
129.33333333333334,1388.0,1.4204541666666668
129.33333333333334,1378.0,1.4204541666666668
129.41666666666666,1387.0,1.4204541666666668
129.41666666666666,1407.0,1.4204541666666668
129.41666666666666,1431.0,1.4204541666666668
129.5,1462.0,1.1931815000000001
129.5,1525.0,1.1931815000000001
129.58333333333334,1579.0,1.4772723333333333
129.58333333333334,1604.0,1.4772723333333333
129.66666666666666,1636.0,1.3068178333333333
129.66666666666666,1635.0,1.3068178333333333
129.75,1593.0,1.2499996666666666
129.75,1566.0,1.2499996666666666
129.83333333333334,1535.0,1.4204541666666668
129.83333333333334,1548.0,1.4204541666666668
129.91666666666666,1568.0,1.5340905
129.91666666666666,1573.0,1.5340905
130.0,1592.0,1.5340905
130.0,1625.0,1.5340905
130.0,1671.0,1.5340905
130.0,1717.0,1.5340905
130.0,1717.0,1.5340905
130.08333333333334,1702.0,0.5681816666666667
130.08333333333334,1710.0,0.5681816666666667
130.16666666666666,1689.0,0.5681816666666667
130.16666666666666,1649.0,1.1363633333333334
130.16666666666666,1661.0,1.1363633333333334
130.25,1795.0,1.0795451666666667
130.25,1802.0,1.0795451666666667
130.25,1726.0,1.0795451666666667
130.33333333333334,1719.0,1.0227270000000002
130.33333333333334,1744.0,1.0227270000000002
130.41666666666666,1704.0,1.0227270000000002
130.41666666666666,1669.0,1.1363633333333334
130.41666666666666,1623.0,1.1363633333333334
130.5,1618.0,1.1363633333333334
130.5,1621.0,0.8522725
130.5,1630.0,0.8522725
130.58333333333334,1664.0,1.3068178333333333
130.58333333333334,1704.0,1.3068178333333333
130.66666666666666,1648.0,1.3068178333333333
130.66666666666666,1561.0,1.0795451666666667
130.66666666666666,1561.0,1.0795451666666667
130.75,1545.0,1.0227270000000002
130.75,1599.0,1.0227270000000002
130.75,1545.0,1.0227270000000002
130.83333333333334,1488.0,1.0227270000000002
130.83333333333334,1501.0,1.0227270000000002
130.91666666666666,1533.0,1.0227270000000002
130.91666666666666,1519.0,1.0227270000000002
130.91666666666666,1535.0,1.0227270000000002
131.0,1535.0,1.0227270000000002
131.0,1559.0,0.9659088333333334
131.0,1548.0,0.9659088333333334
131.08333333333334,1539.0,1.0227270000000002
131.08333333333334,1546.0,1.0227270000000002
131.08333333333334,1542.0,1.0227270000000002
131.16666666666666,1531.0,1.0227270000000002
131.16666666666666,1539.0,1.0227270000000002
131.16666666666666,1559.0,1.0227270000000002
131.25,1553.0,1.0227270000000002
131.25,1540.0,0.8522725
131.25,1546.0,0.8522725
131.33333333333334,1533.0,0.8522725
131.33333333333334,1505.0,0.9659088333333334
131.33333333333334,1505.0,0.9659088333333334
131.41666666666666,1508.0,0.9659088333333334
131.41666666666666,1497.0,0.9090906666666667
131.41666666666666,1500.0,0.9090906666666667
131.41666666666666,1521.0,0.9090906666666667
131.5,1528.0,0.8522725
131.5,1480.0,0.8522725
131.5,1453.0,0.8522725
131.58333333333334,1474.0,0.8522725
131.58333333333334,1493.0,0.8522725
131.58333333333334,1486.0,0.8522725
131.58333333333334,1470.0,0.8522725
131.66666666666666,1475.0,0.7954543333333334
131.66666666666666,1489.0,0.7954543333333334
131.66666666666666,1488.0,0.7954543333333334
131.66666666666666,1502.0,0.7954543333333334
131.75,1508.0,0.7386361666666666
131.75,1509.0,0.7386361666666666
131.75,1521.0,0.7386361666666666
131.75,1534.0,0.7386361666666666
131.83333333333334,1534.0,0.7386361666666666
131.83333333333334,1527.0,0.6249998333333333
131.83333333333334,1534.0,0.6249998333333333
131.83333333333334,1546.0,0.6249998333333333
131.91666666666666,1547.0,0.6249998333333333
131.91666666666666,1531.0,0.6249998333333333
131.91666666666666,1540.0,0.6249998333333333
131.91666666666666,1551.0,0.6249998333333333
131.91666666666666,1549.0,0.6249998333333333
131.91666666666666,1543.0,0.6249998333333333
132.0,1543.0,0.6249998333333333
132.0,1542.0,0.5113635000000001
132.0,1521.0,0.5113635000000001
132.0,1490.0,0.5113635000000001
132.0,1459.0,0.5113635000000001
132.0,1454.0,0.5113635000000001
132.08333333333334,1442.0,0.5113635000000001
132.08333333333334,1445.0,0.5113635000000001
132.08333333333334,1459.0,0.5113635000000001
132.08333333333334,1436.0,0.5113635000000001
132.08333333333334,1441.0,0.5113635000000001
132.08333333333334,1438.0,0.5113635000000001
132.16666666666666,1430.0,0.5113635000000001
132.16666666666666,1423.0,0.45454533333333336
132.16666666666666,1434.0,0.45454533333333336
132.16666666666666,1458.0,0.45454533333333336
132.16666666666666,1468.0,0.45454533333333336
132.16666666666666,1447.0,0.45454533333333336
132.16666666666666,1419.0,0.45454533333333336
132.25,1385.0,0.3977271666666667
132.25,1325.0,0.3977271666666667
132.25,1298.0,0.3977271666666667
132.25,1328.0,0.3977271666666667
132.25,1355.0,0.3977271666666667
132.25,1363.0,0.3977271666666667
132.25,1339.0,0.3977271666666667
132.25,1329.0,0.3977271666666667
132.33333333333334,1334.0,0.3977271666666667
132.33333333333334,1319.0,0.3977271666666667
132.33333333333334,1288.0,0.3977271666666667
132.33333333333334,1261.0,0.3977271666666667
132.33333333333334,1286.0,0.3977271666666667
132.33333333333334,1286.0,0.3977271666666667
132.33333333333334,1330.0,0.3977271666666667
132.33333333333334,1345.0,0.3977271666666667
132.41666666666666,1339.0,0.340909
132.41666666666666,1363.0,0.340909
132.41666666666666,1393.0,0.340909
132.41666666666666,1416.0,0.340909
132.41666666666666,1392.0,0.340909
132.41666666666666,1376.0,0.340909
132.41666666666666,1376.0,0.340909
132.41666666666666,1367.0,0.340909
132.41666666666666,1365.0,0.340909
132.5,1362.0,0.28409083333333335
132.5,1374.0,0.28409083333333335
132.5,1389.0,0.28409083333333335
132.5,1393.0,0.28409083333333335
132.5,1396.0,0.28409083333333335
132.5,1391.0,0.28409083333333335
132.5,1392.0,0.28409083333333335
132.5,1382.0,0.28409083333333335
132.5,1372.0,0.28409083333333335
132.5,1380.0,0.28409083333333335
132.58333333333334,1380.0,0.28409083333333335
132.58333333333334,1380.0,0.28409083333333335
132.58333333333334,1378.0,0.28409083333333335
132.58333333333334,1395.0,0.28409083333333335
132.58333333333334,1413.0,0.28409083333333335
132.58333333333334,1419.0,0.28409083333333335
132.58333333333334,1422.0,0.28409083333333335
132.58333333333334,1419.0,0.28409083333333335
132.58333333333334,1419.0,0.28409083333333335
132.58333333333334,1406.0,0.28409083333333335
132.58333333333334,1398.0,0.28409083333333335
132.58333333333334,1409.0,0.28409083333333335
132.66666666666666,1435.0,0.22727266666666668
132.66666666666666,1457.0,0.22727266666666668
132.66666666666666,1477.0,0.22727266666666668
132.66666666666666,1478.0,0.22727266666666668
132.66666666666666,1468.0,0.22727266666666668
132.66666666666666,1424.0,0.22727266666666668
132.66666666666666,1405.0,0.22727266666666668
132.66666666666666,1403.0,0.22727266666666668
132.66666666666666,1408.0,0.22727266666666668
132.66666666666666,1408.0,0.22727266666666668
132.66666666666666,1434.0,0.22727266666666668
132.66666666666666,1448.0,0.22727266666666668
132.66666666666666,1447.0,0.22727266666666668
132.66666666666666,1439.0,0.22727266666666668
132.66666666666666,1409.0,0.22727266666666668
132.66666666666666,1363.0,0.22727266666666668
132.75,1299.0,0.1704545
132.75,1253.0,0.1704545
132.75,1250.0,0.1704545
132.75,1218.0,0.1704545
132.75,1184.0,0.1704545
132.75,1165.0,0.1704545
132.75,1163.0,0.1704545
132.75,1139.0,0.1704545
132.75,1139.0,0.1704545
132.75,1152.0,0.1704545
132.75,1141.0,0.1704545
132.75,1110.0,0.1704545
132.75,1078.0,0.1704545
132.75,1090.0,0.1704545
132.75,1108.0,0.1704545
132.75,1117.0,0.1704545
132.75,1112.0,0.1704545
132.75,1095.0,0.1704545
132.75,1058.0,0.1704545
132.75,968.0,0.1704545
132.75,876.0,0.1704545
132.75,808.0,0.1704545
132.75,780.0,0.1704545
132.75,772.0,0.1704545
132.75,749.0,0.1704545
132.75,686.0,0.1704545
132.75,647.0,0.1704545
132.75,594.0,0.1704545
132.75,562.0,0.1704545
132.75,571.0,0.1704545
132.75,607.0,0.1704545
132.75,615.0,0.1704545
132.75,601.0,0.1704545
132.75,590.0,0.1704545
132.75,587.0,0.1704545
132.75,583.0,0.1704545
132.75,583.0,0.1704545
132.75,573.0,0.1704545
132.75,568.0,0.1704545
132.75,549.0,0.1704545
132.75,507.0,0.1704545
132.75,483.0,0.1704545
132.75,482.0,0.1704545
132.75,486.0,0.1704545
132.75,486.0,0.1704545
132.75,491.0,0.1704545
132.75,495.0,0.1704545
132.75,494.0,0.1704545
132.75,494.0,0.1704545
132.75,488.0,0.1704545
132.75,480.0,0.0
132.75,472.0,0.0
132.75,466.0,0.0
132.75,462.0,0.0
132.75,457.0,0.0
132.75,451.0,0.0
132.75,445.0,0.0
132.75,439.0,0.0
132.75,439.0,0.0
132.75,436.0,0.0
132.75,433.0,0.0
132.75,424.0,0.0
132.75,415.0,0.0
132.75,399.0,0.0
132.75,391.0,0.0
132.75,387.0,0.0
132.75,378.0,0.0
132.75,376.0,0.0
132.75,381.0,0.0
132.75,381.0,0.0
132.75,378.0,0.0
132.75,379.0,0.0
132.75,379.0,0.0
132.75,376.0,0.0
132.75,369.0,0.0
132.75,367.0,0.0
132.75,364.0,0.0
132.75,362.0,0.0
132.75,362.0,0.0
132.75,359.0,0.0
132.75,357.0,0.0
132.75,355.0,0.0
132.75,354.0,0.0
132.75,353.0,0.0
132.75,350.0,0.0
132.75,349.0,0.0
132.75,348.0,0.0
132.75,348.0,0.0
132.75,349.0,0.0
132.75,350.0,0.0
132.75,349.0,0.0
132.75,350.0,0.0
132.75,349.0,0.0
132.75,349.0,0.0
132.75,349.0,0.0
132.75,349.0,0.0
132.75,348.0,0.0
132.75,348.0,0.0
132.75,347.0,0.0
132.75,347.0,0.0
132.75,346.0,0.0
132.75,346.0,0.0
132.75,345.0,0.0
132.75,345.0,0.0
132.75,343.0,0.0
132.75,341.0,0.0
132.75,340.0,0.0
132.75,338.0,0.0
132.75,338.0,0.0
132.75,336.0,0.0
132.75,335.0,0.0
132.75,333.0,0.0
132.75,333.0,0.0
132.75,333.0,0.0
132.75,332.0,0.0
132.75,331.0,0.0
132.75,330.0,0.0
132.75,328.0,0.0
132.75,326.0,0.0
132.75,326.0,0.0
