0.0,0.0,0.0
0.0,0.0,0.0
0.0,0.0,0.0
0.0,0.0,0.0
0.0,0.0,0.0
0.0,0.0,0.0
0.0,0.0,0.0
0.0,0.0,0.0
0.0,0.0,0.0
0.0,0.0,0.0
0.0,0.0,0.0
0.0,0.0,0.0
0.0,0.0,0.0
0.0,0.0,0.0
0.0,0.0,0.0
0.0,0.0,0.0
0.0,0.0,0.0
0.0,0.0,0.0
0.0,0.0,0.0
0.0,0.0,0.0
0.0,0.0,0.0
0.0,0.0,0.0
0.0,0.0,0.0
0.0,0.0,0.0
0.0,0.0,0.0
0.0,0.0,0.0
0.0,0.0,0.0
0.0,0.0,0.0
0.0,0.0,0.0
0.0,0.0,0.0
0.0,0.0,0.0
0.0,0.0,0.0
0.0,0.0,0.0
0.0,0.0,0.0
0.0,0.0,0.0
0.0,0.0,0.0
0.0,0.0,0.0
0.0,0.0,0.0
0.0,0.0,0.0
0.0,0.0,0.0
0.0,0.0,0.0
0.0,0.0,0.0
0.0,0.0,0.0
0.0,0.0,0.0
0.0,0.0,0.0
0.0,0.0,0.0
0.0,0.0,0.0
0.0,0.0,0.0
0.0,0.0,0.0
0.0,0.0,0.0
0.0,0.0,0.0
0.0,0.0,0.0
0.0,0.0,0.0
0.0,0.0,0.0
0.0,0.0,0.0
0.0,0.0,0.0
0.0,0.0,0.0
0.0,0.0,0.0
0.0,0.0,0.0
0.0,0.0,0.0
0.0,0.0,0.0
0.0,0.0,0.0
0.0,0.0,0.0
0.0,0.0,0.0
0.0,0.0,0.0
0.0,0.0,0.0
0.0,0.0,0.0
0.0,0.0,0.0
0.0,0.0,0.0
0.0,0.0,0.0
0.0,0.0,0.0
0.0,0.0,0.0
0.0,0.0,0.0
0.0,0.0,0.0
0.0,0.0,0.0
0.0,0.0,0.0
0.0,0.0,0.0
0.0,0.0,0.0
0.0,0.0,0.0
0.0,0.0,0.0
0.0,0.0,0.0
0.0,0.0,0.0
0.0,0.0,0.0
0.0,0.0,0.0
0.0,0.0,0.0
0.0,0.0,0.0
0.0,0.0,0.0
0.0,0.0,0.0
0.0,0.0,0.0
0.0,0.0,0.0
0.0,0.0,0.0
0.0,0.0,0.0
0.0,0.0,0.0
0.0,0.0,0.0
0.0,0.0,0.0
0.0,0.0,0.0
0.0,0.0,0.0
0.0,0.0,0.0
0.0,0.0,0.0
0.0,0.0,0.0
0.0,0.0,0.0
0.0,0.0,0.0
0.0,0.0,0.0
0.0,0.0,0.0
0.0,0.0,0.0
0.0,0.0,0.0
0.0,0.0,0.0
0.0,0.0,0.0
0.0,0.0,0.0
0.0,0.0,0.0
0.0,0.0,0.0
0.0,0.0,0.0
0.0,0.0,0.0
0.0,0.0,0.0
0.0,0.0,0.0
0.0,0.0,0.0
0.0,0.0,0.0
0.0,0.0,0.0
0.0,0.0,0.0
0.0,0.0,0.0
0.0,0.0,0.0
0.0,0.0,0.0
0.0,0.0,0.0
0.0,0.0,0.0
0.0,0.0,0.0
0.0,0.0,0.0
0.0,0.0,0.0
0.0,0.0,0.0
0.0,0.0,0.0
0.0,0.0,0.0
0.0,0.0,0.0
0.0,0.0,0.0
0.0,0.0,0.0
0.0,0.0,0.0
0.0,0.0,0.0
0.0,0.0,0.0
0.0,0.0,0.0
0.0,0.0,0.0
0.0,0.0,0.0
0.0,0.0,0.0
0.0,0.0,0.0
0.0,0.0,0.0
0.0,0.0,0.0
0.0,0.0,0.0
0.0,0.0,0.0
0.0,0.0,0.0
0.0,0.0,0.0
0.0,0.0,0.0
0.0,0.0,0.0
0.0,0.0,0.0
0.0,0.0,0.0
0.0,0.0,0.0
0.0,0.0,0.0
0.0,0.0,0.0
0.0,0.0,0.0
0.0,0.0,0.0
0.0,0.0,0.0
0.0,0.0,0.0
0.0,0.0,0.0
0.0,0.0,0.0
0.0,0.0,0.0
0.0,0.0,0.0
0.0,0.0,0.0
0.0,0.0,0.0
0.0,0.0,0.0
0.0,0.0,0.0
0.0,0.0,0.0
0.0,0.0,0.0
0.0,0.0,0.0
0.0,0.0,0.0
0.0,0.0,0.0
0.0,0.0,0.0
0.0,0.0,0.0
0.0,0.0,0.0
0.0,0.0,0.0
0.0,0.0,0.0
0.0,0.0,0.0
0.0,0.0,0.0
0.0,0.0,0.0
0.0,0.0,0.0
0.0,0.0,0.0
0.0,0.0,0.0
0.0,0.0,0.0
0.0,0.0,0.0
0.0,0.0,0.0
0.0,0.0,0.0
0.0,0.0,0.0
0.0,0.0,0.0
0.0,0.0,0.0
0.0,0.0,0.0
0.0,0.0,0.0
0.0,0.0,0.0
0.0,0.0,0.0
0.0,0.0,0.0
0.0,0.0,0.0
0.0,0.0,0.0
0.0,0.0,0.0
0.0,0.0,0.0
0.0,0.0,0.0
0.0,0.0,0.0
0.0,0.0,0.0
0.0,0.0,0.0
0.0,0.0,0.0
0.0,0.0,0.0
0.0,0.0,0.0
0.0,0.0,0.0
0.0,0.0,0.0
0.0,0.0,0.0
0.0,0.0,0.0
0.0,0.0,0.0
0.0,0.0,0.0
0.0,0.0,0.0
0.0,0.0,0.0
0.0,0.0,0.0
0.0,0.0,0.0
0.0,0.0,0.0
0.0,0.0,0.0
0.0,0.0,0.0
0.0,0.0,0.0
0.0,0.0,0.0
0.0,0.0,0.0
0.0,0.0,0.0
0.0,0.0,0.0
0.0,0.0,0.0
0.0,0.0,0.0
0.0,0.0,0.0
0.0,0.0,0.0
0.0,0.0,0.0
0.0,0.0,0.0
0.0,0.0,0.0
0.0,0.0,0.0
0.0,0.0,0.0
0.0,0.0,0.0
0.0,0.0,0.0
0.0,0.0,0.0
0.0,0.0,0.0
0.0,0.0,0.0
0.0,0.0,0.0
0.0,0.0,0.0
0.0,0.0,0.0
0.0,0.0,0.0
0.0,0.0,0.0
0.0,0.0,0.0
0.0,0.0,0.0
0.0,0.0,0.0
0.0,0.0,0.0
0.0,0.0,0.0
0.0,0.0,0.0
0.0,0.0,0.0
0.0,0.0,0.0
0.0,0.0,0.0
0.0,0.0,0.0
0.0,0.0,0.0
0.0,0.0,0.0
0.0,0.0,0.0
0.0,0.0,0.0
0.0,0.0,0.0
0.0,0.0,0.0
0.0,0.0,0.0
0.0,0.0,0.0
0.0,0.0,0.0
0.0,0.0,0.0
0.0,0.0,0.0
0.0,0.0,0.0
0.0,0.0,0.0
0.0,0.0,0.0
0.0,0.0,0.0
0.0,0.0,0.0
0.0,0.0,0.0
0.0,0.0,0.0
0.0,0.0,0.0
0.0,0.0,0.0
0.0,0.0,0.0
0.0,0.0,0.0
0.0,0.0,0.0
0.0,0.0,0.0
0.0,0.0,0.0
0.0,0.0,0.0
0.0,0.0,0.0
0.0,0.0,0.0
0.0,0.0,0.0
0.0,0.0,0.0
0.0,0.0,0.0
0.0,0.0,0.0
0.0,0.0,0.0
0.0,0.0,0.0
0.0,0.0,0.0
0.0,0.0,0.0
0.0,0.0,0.0
0.0,0.0,0.0
0.0,0.0,0.0
0.0,0.0,0.0
0.0,0.0,0.0
0.0,0.0,0.0
0.0,0.0,0.0
0.0,0.0,0.0
0.0,0.0,0.0
0.0,0.0,0.0
0.0,0.0,0.0
0.0,0.0,0.0
0.0,0.0,0.0
0.0,0.0,0.0
0.0,0.0,0.0
0.0,0.0,0.0
0.0,0.0,0.0
0.0,0.0,0.0
0.0,0.0,0.0
0.0,0.0,0.0
0.0,0.0,0.0
0.0,0.0,0.0
0.0,0.0,0.0
0.0,0.0,0.0
0.0,0.0,0.0
0.0,0.0,0.0
0.0,0.0,0.0
0.0,0.0,0.0
0.0,0.0,0.0
0.0,0.0,0.0
0.0,0.0,0.0
0.0,0.0,0.0
0.0,0.0,0.0
0.0,0.0,0.0
0.0,0.0,0.0
0.0,0.0,0.0
0.0,0.0,0.0
0.0,0.0,0.0
0.0,0.0,0.0
0.0,0.0,0.0
0.0,0.0,0.0
0.0,0.0,0.0
0.0,0.0,0.0
0.0,0.0,0.0
0.0,0.0,0.0
0.0,0.0,0.0
0.0,0.0,0.0
0.0,0.0,0.0
0.0,0.0,0.0
0.0,0.0,0.0
0.0,0.0,0.0
0.0,0.0,0.0
0.0,0.0,0.0
0.0,0.0,0.0
0.0,0.0,0.0
0.0,0.0,0.0
0.0,0.0,0.0
0.0,0.0,0.0
0.0,0.0,0.0
0.0,0.0,0.0
0.0,0.0,0.0
0.0,0.0,0.0
0.0,0.0,0.0
0.0,0.0,0.0
0.0,0.0,0.0
0.0,0.0,0.0
0.0,0.0,0.0
0.0,0.0,0.0
0.0,0.0,0.0
0.0,0.0,0.0
0.0,0.0,0.0
0.0,0.0,0.0
0.0,0.0,0.0
0.0,0.0,0.0
0.0,0.0,0.0
0.0,0.0,0.0
0.0,0.0,0.0
0.0,0.0,0.0
0.0,0.0,0.0
0.0,0.0,0.0
0.0,0.0,0.0
0.0,0.0,0.0
0.0,0.0,0.0
0.0,0.0,0.0
0.0,0.0,0.0
0.0,0.0,0.0
0.0,0.0,0.0
0.0,0.0,0.0
0.0,0.0,0.0
0.0,0.0,0.0
0.0,0.0,0.0
0.0,0.0,0.0
0.0,0.0,0.0
0.0,0.0,0.0
0.0,0.0,0.0
0.0,0.0,0.0
0.0,0.0,0.0
0.0,0.0,0.0
0.0,0.0,0.0
0.0,0.0,0.0
0.0,0.0,0.0
0.0,0.0,0.0
0.0,0.0,0.0
0.0,0.0,0.0
0.0,0.0,0.0
0.0,0.0,0.0
0.0,0.0,0.0
0.0,0.0,0.0
0.0,0.0,0.0
0.0,0.0,0.0
0.0,0.0,0.0
0.0,0.0,0.0
0.0,0.0,0.0
0.0,0.0,0.0
0.0,0.0,0.0
0.0,0.0,0.0
0.0,0.0,0.0
0.0,0.0,0.0
0.0,0.0,0.0
0.0,0.0,0.0
0.0,0.0,0.0
0.0,0.0,0.0
0.0,0.0,0.0
0.0,0.0,0.0
0.0,0.0,0.0
0.0,0.0,0.0
0.0,0.0,0.0
0.0,0.0,0.0
0.0,0.0,0.0
0.0,0.0,0.0
0.0,0.0,0.0
0.0,0.0,0.0
0.0,0.0,0.0
0.0,0.0,0.0
0.0,0.0,0.0
0.0,0.0,0.0
0.0,0.0,0.0
0.0,0.0,0.0
0.0,0.0,0.0
0.0,0.0,0.0
0.0,0.0,0.0
0.0,0.0,0.0
0.0,2.0,0.0
0.0,72.0,0.0
0.0,146.0,0.0
0.0,195.0,0.0
0.0,195.0,0.0
0.0,176.0,0.0
0.0,144.0,0.0
0.0,144.0,0.0
0.0,146.0,0.0
0.0,158.0,0.0
0.0,157.0,0.0
0.0,165.0,0.0
0.0,193.0,0.0
0.0,283.0,0.0
0.0,376.0,0.0
0.0,521.0,0.0
0.0,663.0,0.0
0.0,726.0,0.0
0.0,729.0,0.0
0.0,756.0,0.0
0.08333333333333333,784.0,0.0
0.08333333333333333,784.0,0.0
0.08333333333333333,801.0,0.0
0.08333333333333333,841.0,0.0
0.08333333333333333,873.0,0.0
0.08333333333333333,908.0,0.0
0.08333333333333333,929.0,0.0
0.08333333333333333,936.0,0.0
0.08333333333333333,968.0,0.0
0.08333333333333333,992.0,0.0
0.08333333333333333,986.0,0.0
0.08333333333333333,1001.0,0.0
0.08333333333333333,995.0,0.0
0.08333333333333333,980.0,0.0
0.08333333333333333,965.0,0.0
0.08333333333333333,974.0,0.0
0.16666666666666666,977.0,0.0
0.16666666666666666,982.0,0.0
0.16666666666666666,998.0,0.0
0.16666666666666666,1034.0,0.0
0.16666666666666666,1031.0,0.0
0.16666666666666666,1030.0,0.0
0.16666666666666666,1032.0,0.0
0.16666666666666666,1036.0,0.0
0.16666666666666666,1029.0,0.0
0.16666666666666666,1029.0,0.0
0.25,1039.0,0.28409083333333335
0.25,1039.0,0.28409083333333335
0.25,1034.0,0.28409083333333335
0.25,1027.0,0.28409083333333335
0.25,1030.0,0.28409083333333335
0.25,1042.0,0.28409083333333335
0.25,1045.0,0.28409083333333335
0.3333333333333333,1047.0,0.3977271666666667
0.3333333333333333,1049.0,0.3977271666666667
0.3333333333333333,1047.0,0.3977271666666667
0.3333333333333333,1050.0,0.3977271666666667
0.3333333333333333,1048.0,0.3977271666666667
0.3333333333333333,1058.0,0.3977271666666667
0.3333333333333333,1090.0,0.3977271666666667
0.4166666666666667,1125.0,0.3977271666666667
0.4166666666666667,1156.0,0.3977271666666667
0.4166666666666667,1164.0,0.3977271666666667
0.4166666666666667,1172.0,0.3977271666666667
0.4166666666666667,1178.0,0.3977271666666667
0.5,1167.0,0.3977271666666667
0.5,1146.0,0.5113635000000001
0.5,1209.0,0.5113635000000001
0.5,1289.0,0.5113635000000001
0.5,1358.0,0.5113635000000001
0.5833333333333334,1391.0,0.6249998333333333
0.5833333333333334,1370.0,0.6249998333333333
0.5833333333333334,1357.0,0.6249998333333333
0.5833333333333334,1368.0,0.6249998333333333
0.6666666666666666,1423.0,0.6249998333333333
0.6666666666666666,1524.0,0.681818
0.6666666666666666,1539.0,0.681818
0.6666666666666666,1540.0,0.681818
0.75,1527.0,0.7386361666666666
0.75,1551.0,0.7386361666666666
0.75,1681.0,0.7386361666666666
0.75,1703.0,0.7386361666666666
0.8333333333333334,1685.0,0.7386361666666666
0.8333333333333334,1698.0,0.7386361666666666
0.8333333333333334,1779.0,0.7386361666666666
0.9166666666666666,1838.0,1.0227270000000002
0.9166666666666666,1795.0,1.0227270000000002
1.0,1643.0,1.0227270000000002
1.0,1448.0,0.9659088333333334
1.0,1378.0,0.9659088333333334
1.0833333333333333,1378.0,0.9659088333333334
1.0833333333333333,1437.0,0.9090906666666667
1.0833333333333333,1436.0,0.9090906666666667
1.1666666666666667,1496.0,0.9090906666666667
1.1666666666666667,1458.0,1.0795451666666667
1.25,1545.0,1.0795451666666667
1.25,1656.0,1.1931815000000001
1.25,1690.0,1.1931815000000001
1.25,1544.0,1.1931815000000001
1.25,1514.0,1.1931815000000001
1.3333333333333333,1587.0,1.1931815000000001
1.3333333333333333,1642.0,0.5681816666666667
1.3333333333333333,1645.0,0.5681816666666667
1.3333333333333333,1613.0,0.5681816666666667
1.4166666666666667,1592.0,0.5681816666666667
1.4166666666666667,1590.0,0.681818
1.4166666666666667,1590.0,0.681818
1.4166666666666667,1503.0,0.681818
1.4166666666666667,1389.0,0.681818
1.4166666666666667,1399.0,0.681818
1.5,1458.0,0.681818
1.5,1474.0,0.5113635000000001
1.5833333333333333,1577.0,0.5113635000000001
1.5833333333333333,1548.0,1.5909086666666667
1.6666666666666667,1486.0,1.6477268333333333
1.6666666666666667,1588.0,1.6477268333333333
1.75,1635.0,1.5340905
1.8333333333333333,1619.0,1.5340905
1.8333333333333333,1631.0,1.9318176666666669
1.9166666666666667,1638.0,2.0454540000000003
1.9166666666666667,1704.0,2.0454540000000003
1.9166666666666667,1698.0,2.0454540000000003
2.0,1672.0,2.0454540000000003
2.0833333333333335,1699.0,0.7954543333333334
2.0833333333333335,1705.0,2.3863630000000002
2.1666666666666665,1676.0,2.1590903333333333
2.25,1571.0,2.1590903333333333
2.25,1483.0,1.8749995000000002
2.3333333333333335,1493.0,1.8181813333333334
2.3333333333333335,1610.0,1.8181813333333334
2.3333333333333335,1673.0,1.8181813333333334
2.3333333333333335,1662.0,1.8181813333333334
2.3333333333333335,1662.0,1.8181813333333334
2.4166666666666665,1663.0,1.8181813333333334
2.5,1699.0,0.5113635000000001
2.5,1668.0,2.3863630000000002
2.5,1644.0,2.3863630000000002
2.5,1620.0,2.3863630000000002
2.5833333333333335,1615.0,2.3863630000000002
2.5833333333333335,1655.0,0.681818
2.5833333333333335,1650.0,0.681818
2.5833333333333335,1671.0,0.681818
2.6666666666666665,1671.0,0.681818
2.6666666666666665,1633.0,0.7386361666666666
2.75,1599.0,2.3295448333333333
2.8333333333333335,1598.0,2.1590903333333333
2.9166666666666665,1612.0,2.1590903333333333
2.9166666666666665,1566.0,2.102272166666667
3.0,1546.0,2.2159085000000003
3.0,1608.0,2.2159085000000003
3.0833333333333335,1741.0,2.2159085000000003
3.1666666666666665,1740.0,1.0795451666666667
3.1666666666666665,1717.0,2.5568175
3.25,1635.0,1.8749995000000002
3.3333333333333335,1568.0,2.4999993333333332
3.4166666666666665,1522.0,2.4999993333333332
3.5,1501.0,2.6136356666666667
3.5833333333333335,1504.0,2.2159085000000003
3.5833333333333335,1492.0,2.6136356666666667
3.5833333333333335,1473.0,2.6136356666666667
3.6666666666666665,1429.0,1.1931815000000001
3.75,1449.0,3.1249991666666666
3.8333333333333335,1451.0,2.7840901666666666
3.9166666666666665,1448.0,2.6136356666666667
3.9166666666666665,1448.0,2.6136356666666667
3.9166666666666665,1481.0,2.6136356666666667
3.9166666666666665,1480.0,2.6136356666666667
4.0,1430.0,0.7386361666666666
4.083333333333333,1400.0,2.8409083333333336
4.166666666666667,1420.0,3.068181
4.25,1596.0,2.4431811666666667
4.416666666666667,1619.0,2.4431811666666667
4.5,1626.0,3.1249991666666666
4.5,1657.0,3.352271833333334
4.5,1601.0,3.352271833333334
4.583333333333333,1601.0,3.352271833333334
4.666666666666667,1531.0,1.0227270000000002
4.666666666666667,1530.0,2.7840901666666666
4.75,1541.0,1.8181813333333334
4.916666666666667,1545.0,2.5568175
4.916666666666667,1530.0,4.090908000000001
4.916666666666667,1495.0,4.090908000000001
4.916666666666667,1474.0,4.090908000000001
5.0,1487.0,4.090908000000001
5.083333333333333,1575.0,0.7386361666666666
5.166666666666667,1630.0,3.4659081666666665
5.25,1754.0,3.522726333333334
5.416666666666667,1905.0,3.522726333333334
5.5,1860.0,3.693180833333334
5.583333333333333,1799.0,3.1249991666666666
5.666666666666667,1728.0,3.2386355
5.75,1727.0,4.147726166666667
5.916666666666667,1508.0,4.147726166666667
6.0,1261.0,3.7499990000000003
6.083333333333333,1164.0,3.40909
6.25,1146.0,3.40909
6.333333333333333,1208.0,3.522726333333334
6.333333333333333,1282.0,3.693180833333334
6.416666666666667,1253.0,1.761363166666667
6.416666666666667,1317.0,1.761363166666667
6.5,1377.0,1.761363166666667
6.5,1381.0,1.1931815000000001
6.583333333333333,1364.0,1.761363166666667
6.666666666666667,1370.0,1.761363166666667
6.666666666666667,1437.0,2.0454540000000003
6.75,1445.0,2.0454540000000003
6.833333333333333,1507.0,1.2499996666666666
7.0,1419.0,4.147726166666667
7.083333333333333,1329.0,4.204544333333334
7.166666666666667,1289.0,3.636362666666667
7.333333333333333,1255.0,3.636362666666667
7.416666666666667,1258.0,4.090908000000001
7.583333333333333,1323.0,4.090908000000001
7.666666666666667,1370.0,3.8636353333333338
7.666666666666667,1337.0,3.8636353333333338
7.833333333333333,1295.0,3.8636353333333338
7.916666666666667,1256.0,4.090908000000001
8.0,1253.0,3.9772716666666668
8.083333333333334,1253.0,1.9318176666666669
8.25,1299.0,4.261362500000001
8.333333333333334,1402.0,4.261362500000001
8.416666666666666,1418.0,4.147726166666667
8.583333333333334,1377.0,4.147726166666667
8.666666666666666,1361.0,4.545453333333334
8.833333333333334,1369.0,4.147726166666667
8.916666666666666,1368.0,3.2954536666666665
9.083333333333334,1346.0,4.6022715000000005
9.166666666666666,1310.0,4.204544333333334
9.333333333333334,1317.0,4.204544333333334
9.416666666666666,1277.0,4.147726166666667
9.5,1262.0,4.545453333333334
9.5,1244.0,4.545453333333334
9.5,1243.0,4.545453333333334
9.5,1268.0,4.545453333333334
9.583333333333334,1274.0,4.545453333333334
9.75,1267.0,4.545453333333334
9.833333333333334,1241.0,4.488635166666667
9.916666666666666,1243.0,4.374998833333334
10.083333333333334,1238.0,4.374998833333334
10.25,1191.0,4.374998833333334
10.25,1186.0,4.7159078333333335
10.416666666666666,1223.0,4.7159078333333335
10.5,1323.0,4.659089666666667
10.583333333333334,1315.0,4.659089666666667
10.75,1282.0,4.659089666666667
10.75,1265.0,4.488635166666667
10.75,1273.0,4.488635166666667
10.833333333333334,1279.0,1.1363633333333334
10.916666666666666,1277.0,1.1363633333333334
11.083333333333334,1259.0,4.318180666666667
11.166666666666666,1243.0,4.488635166666667
11.333333333333334,1262.0,4.318180666666667
11.416666666666666,1297.0,5.056816833333333
11.583333333333334,1376.0,5.056816833333333
11.666666666666666,1429.0,4.204544333333334
11.75,1573.0,4.204544333333334
11.833333333333334,1570.0,4.431817000000001
11.833333333333334,1453.0,4.431817000000001
12.0,1349.0,4.431817000000001
12.0,1245.0,4.431817000000001
12.0,1245.0,4.431817000000001
12.0,1253.0,4.431817000000001
12.083333333333334,1253.0,4.431817000000001
12.25,1043.0,4.431817000000001
12.333333333333334,970.0,4.090908000000001
12.5,1197.0,4.8863623333333335
12.583333333333334,1303.0,4.6022715000000005
12.75,1303.0,4.6022715000000005
12.75,1264.0,4.488635166666667
12.833333333333334,1250.0,2.4999993333333332
12.833333333333334,1304.0,2.4999993333333332
12.916666666666666,1311.0,2.4999993333333332
13.0,1240.0,1.1363633333333334
13.083333333333334,1162.0,5.511362166666667
13.25,1194.0,5.511362166666667
13.25,1225.0,4.659089666666667
13.333333333333334,1225.0,4.659089666666667
13.5,1191.0,4.659089666666667
13.666666666666666,1121.0,4.8295441666666665
13.75,1190.0,4.659089666666667
13.833333333333334,1308.0,4.431817000000001
14.0,1383.0,4.431817000000001
14.083333333333334,1226.0,4.9431805
14.166666666666666,1082.0,4.9431805
14.166666666666666,1093.0,2.5568175
14.166666666666666,1135.0,2.5568175
14.25,1212.0,2.5568175
14.416666666666666,1182.0,4.659089666666667
14.416666666666666,1127.0,5.056816833333333
14.5,1153.0,5.056816833333333
14.666666666666666,1152.0,5.056816833333333
14.833333333333334,1199.0,5.056816833333333
14.916666666666666,1116.0,5.852271166666667
15.083333333333334,1036.0,5.852271166666667
15.25,1023.0,5.113635
15.333333333333334,1065.0,4.659089666666667
15.333333333333334,1023.0,4.659089666666667
15.416666666666666,964.0,1.704545
15.5,994.0,1.704545
15.5,1081.0,1.5340905
15.666666666666666,1114.0,2.5568175
15.75,1110.0,4.8295441666666665
15.833333333333334,1109.0,4.8295441666666665
16.0,1109.0,5.340907666666666
16.083333333333332,1123.0,5.6249985
16.083333333333332,1141.0,2.272726666666667
16.25,1169.0,2.3295448333333333
16.25,1172.0,5.2840895
16.416666666666668,1164.0,5.2840895
16.416666666666668,1156.0,4.431817000000001
16.583333333333332,1148.0,4.431817000000001
16.75,1163.0,4.431817000000001
16.75,1138.0,4.7159078333333335
16.916666666666668,1091.0,4.7159078333333335
17.0,1028.0,4.8295441666666665
17.166666666666668,1056.0,4.8295441666666665
17.333333333333332,1107.0,4.9431805
17.5,1104.0,5.113635
17.666666666666668,1061.0,5.2840895
17.75,1086.0,5.738634833333333
17.916666666666668,1135.0,5.738634833333333
18.0,1191.0,5.2840895
18.083333333333332,1198.0,2.3863630000000002
18.25,1143.0,2.727272
18.25,1123.0,4.8863623333333335
18.416666666666668,1083.0,4.8863623333333335
18.583333333333332,1011.0,4.8863623333333335
18.75,923.0,5.340907666666666
18.916666666666668,874.0,5.340907666666666
19.083333333333332,894.0,5.340907666666666
19.166666666666668,992.0,4.9431805
19.333333333333332,1027.0,5.340907666666666
19.5,1017.0,5.568180333333333
19.666666666666668,961.0,5.568180333333333
19.833333333333332,1005.0,5.340907666666666
19.833333333333332,1162.0,6.534089166666668
20.0,1066.0,6.534089166666668
20.166666666666668,919.0,5.511362166666667
20.25,921.0,5.397725833333334
20.333333333333332,983.0,5.397725833333334
20.5,966.0,5.397725833333334
20.666666666666668,874.0,5.397725833333334
20.833333333333332,906.0,5.113635
21.0,965.0,5.454544
21.166666666666668,982.0,5.454544
21.333333333333332,884.0,5.170453166666666
21.333333333333332,884.0,5.9659075
21.333333333333332,873.0,5.9659075
21.416666666666668,885.0,1.3068178333333333
21.5,896.0,1.3068178333333333
21.666666666666668,809.0,5.113635
21.833333333333332,779.0,5.2840895
22.0,785.0,5.2840895
22.083333333333332,788.0,5.454544
22.25,783.0,5.454544
22.416666666666668,734.0,5.511362166666667
22.5,759.0,5.568180333333333
22.5,800.0,5.568180333333333
22.5,855.0,5.568180333333333
22.583333333333332,820.0,1.0795451666666667
22.666666666666668,678.0,1.0795451666666667
22.833333333333332,678.0,5.6249985
22.916666666666668,731.0,6.249998333333333
23.083333333333332,854.0,6.249998333333333
23.25,888.0,5.568180333333333
23.333333333333332,801.0,5.2840895
23.5,726.0,5.2840895
23.666666666666668,711.0,5.2840895
23.833333333333332,763.0,5.454544
23.833333333333332,797.0,5.568180333333333
23.833333333333332,832.0,5.568180333333333
23.916666666666668,838.0,5.568180333333333
24.0,787.0,5.6249985
24.083333333333332,763.0,5.6249985
24.25,780.0,5.6249985
24.333333333333332,779.0,5.9659075
24.5,761.0,5.909089333333333
24.583333333333332,659.0,5.2840895
24.666666666666668,684.0,5.2840895
24.75,750.0,5.397725833333334
24.75,784.0,5.397725833333334
24.916666666666668,711.0,5.397725833333334
25.0,698.0,5.909089333333333
25.0,758.0,5.909089333333333
25.0,849.0,5.909089333333333
25.166666666666668,948.0,5.909089333333333
25.333333333333332,890.0,5.511362166666667
25.416666666666668,834.0,5.454544
25.583333333333332,834.0,5.454544
25.666666666666668,753.0,4.8295441666666665
25.75,755.0,5.454544
25.833333333333332,792.0,5.454544
25.833333333333332,688.0,1.8181813333333334
25.916666666666668,616.0,1.761363166666667
25.916666666666668,646.0,1.761363166666667
26.0,733.0,1.3068178333333333
26.083333333333332,738.0,2.7840901666666666
26.25,708.0,2.7840901666666666
26.416666666666668,698.0,4.9431805
26.583333333333332,740.0,4.9431805
26.666666666666668,818.0,5.454544
26.75,797.0,3.068181
26.833333333333332,754.0,2.670453833333333
26.916666666666668,730.0,2.670453833333333
26.916666666666668,822.0,2.670453833333333
26.916666666666668,888.0,2.670453833333333
26.916666666666668,887.0,2.670453833333333
27.083333333333332,856.0,2.670453833333333
27.416666666666668,824.0,5.2840895
27.583333333333332,850.0,5.397725833333334
27.666666666666668,920.0,5.852271166666667
27.833333333333332,1010.0,5.852271166666667
28.0,1072.0,5.852271166666667
28.166666666666668,996.0,5.511362166666667
28.333333333333332,860.0,5.511362166666667
28.333333333333332,808.0,5.2840895
28.416666666666668,806.0,5.2840895
28.5,847.0,5.568180333333333
28.666666666666668,823.0,5.568180333333333
28.833333333333332,772.0,5.568180333333333
29.0,744.0,5.568180333333333
29.0,887.0,5.340907666666666
29.083333333333332,867.0,1.9318176666666669
29.166666666666668,778.0,1.9318176666666669
29.25,743.0,5.852271166666667
29.25,916.0,5.852271166666667
29.333333333333332,999.0,1.761363166666667
29.333333333333332,963.0,1.761363166666667
29.416666666666668,908.0,1.761363166666667
29.5,941.0,4.6022715000000005
29.666666666666668,941.0,4.6022715000000005
29.75,958.0,5.6249985
29.916666666666668,919.0,5.6249985
30.083333333333332,853.0,5.6249985
30.25,906.0,5.454544
30.333333333333332,1074.0,5.795453
30.416666666666668,966.0,2.8409083333333336
30.5,824.0,2.8409083333333336
30.583333333333332,783.0,4.659089666666667
30.583333333333332,962.0,4.659089666666667
30.583333333333332,1058.0,4.659089666666667
30.666666666666668,977.0,4.659089666666667
30.833333333333332,885.0,4.659089666666667
31.0,852.0,4.659089666666667
31.083333333333332,872.0,5.170453166666666
31.25,871.0,5.170453166666666
31.416666666666668,857.0,5.170453166666666
31.583333333333332,839.0,5.397725833333334
31.583333333333332,858.0,5.454544
31.666666666666668,996.0,5.454544
31.833333333333332,1081.0,5.454544
32.0,1084.0,5.227271333333333
32.083333333333336,1063.0,6.363634666666667
32.25,1008.0,6.363634666666667
32.333333333333336,955.0,5.056816833333333
32.583333333333336,905.0,5.056816833333333
32.666666666666664,842.0,5.511362166666667
32.75,832.0,5.170453166666666
32.916666666666664,839.0,5.170453166666666
33.083333333333336,840.0,5.170453166666666
33.25,873.0,5.170453166666666
33.416666666666664,904.0,5.170453166666666
33.416666666666664,875.0,5.227271333333333
33.5,903.0,5.227271333333333
33.666666666666664,978.0,5.227271333333333
33.75,1039.0,5.2840895
33.916666666666664,1010.0,5.2840895
34.083333333333336,1001.0,5.2840895
34.166666666666664,989.0,4.9999986666666665
34.333333333333336,982.0,4.9999986666666665
34.416666666666664,928.0,6.249998333333333
34.5,912.0,2.4431811666666667
34.583333333333336,928.0,6.477271
34.583333333333336,928.0,6.477271
34.583333333333336,929.0,6.477271
34.583333333333336,922.0,6.477271
34.75,912.0,6.477271
34.916666666666664,905.0,5.9659075
35.083333333333336,899.0,5.170453166666666
35.25,895.0,5.170453166666666
35.416666666666664,867.0,5.170453166666666
35.583333333333336,880.0,5.056816833333333
35.666666666666664,899.0,6.874998166666668
35.666666666666664,899.0,6.874998166666668
35.75,834.0,1.704545
35.833333333333336,828.0,2.7840901666666666
35.833333333333336,871.0,2.7840901666666666
35.916666666666664,911.0,2.7840901666666666
36.0,890.0,1.0795451666666667
36.166666666666664,822.0,2.7840901666666666
36.333333333333336,815.0,4.659089666666667
36.5,875.0,5.2840895
36.666666666666664,928.0,5.2840895
36.833333333333336,898.0,5.681816666666667
36.833333333333336,871.0,5.454544
36.916666666666664,886.0,2.4999993333333332
36.916666666666664,943.0,2.4999993333333332
37.0,1034.0,1.3068178333333333
37.083333333333336,993.0,1.3068178333333333
37.083333333333336,998.0,1.761363166666667
37.25,988.0,1.8749995000000002
37.416666666666664,958.0,5.170453166666666
37.583333333333336,939.0,5.170453166666666
37.666666666666664,952.0,5.738634833333333
37.833333333333336,991.0,5.738634833333333
38.0,1028.0,5.738634833333333
38.083333333333336,993.0,5.511362166666667
38.166666666666664,955.0,2.727272
38.25,973.0,2.727272
38.25,999.0,1.6477268333333333
38.416666666666664,973.0,1.8749995000000002
38.583333333333336,811.0,5.227271333333333
38.75,814.0,5.227271333333333
38.833333333333336,899.0,5.227271333333333
39.0,979.0,5.681816666666667
39.083333333333336,979.0,4.7727260000000005
39.166666666666664,984.0,4.7727260000000005
39.333333333333336,930.0,4.7727260000000005
39.5,981.0,5.056816833333333
39.666666666666664,1040.0,5.056816833333333
39.75,931.0,5.454544
39.75,810.0,5.454544
39.916666666666664,826.0,5.454544
40.083333333333336,932.0,5.454544
40.25,1043.0,5.170453166666666
40.416666666666664,869.0,5.568180333333333
40.583333333333336,797.0,5.113635
40.666666666666664,855.0,5.511362166666667
40.833333333333336,926.0,5.511362166666667
41.0,857.0,5.170453166666666
41.166666666666664,847.0,5.170453166666666
41.25,882.0,5.227271333333333
41.333333333333336,1048.0,2.727272
41.333333333333336,1054.0,2.727272
41.5,750.0,2.727272
41.666666666666664,698.0,5.340907666666666
41.833333333333336,801.0,5.340907666666666
42.0,860.0,5.340907666666666
42.166666666666664,826.0,5.340907666666666
42.166666666666664,801.0,4.659089666666667
42.25,845.0,2.4999993333333332
42.25,880.0,2.4999993333333332
42.333333333333336,907.0,1.3068178333333333
42.5,898.0,2.670453833333333
42.5,898.0,5.681816666666667
42.5,905.0,5.681816666666667
42.583333333333336,969.0,5.681816666666667
42.75,1062.0,5.340907666666666
42.916666666666664,1054.0,5.113635
43.083333333333336,1089.0,5.113635
43.25,1142.0,5.113635
43.333333333333336,1028.0,5.568180333333333
43.5,1019.0,5.227271333333333
43.666666666666664,1027.0,5.170453166666666
43.833333333333336,941.0,4.9431805
44.0,929.0,4.9431805
44.083333333333336,1014.0,4.8863623333333335
44.083333333333336,1051.0,5.113635
44.166666666666664,1051.0,5.113635
44.333333333333336,1049.0,5.113635
44.416666666666664,982.0,5.568180333333333
44.583333333333336,883.0,5.568180333333333
44.75,949.0,5.397725833333334
44.916666666666664,1063.0,5.227271333333333
45.083333333333336,1041.0,5.227271333333333
45.083333333333336,890.0,5.397725833333334
45.166666666666664,900.0,5.397725833333334
45.25,962.0,1.5909086666666667
45.416666666666664,997.0,2.727272
45.416666666666664,971.0,4.9431805
45.5,1035.0,2.4431811666666667
45.583333333333336,1123.0,2.4431811666666667
45.75,1084.0,4.8295441666666665
45.916666666666664,1081.0,4.8295441666666665
46.0,1075.0,5.511362166666667
46.166666666666664,1214.0,4.9431805
46.333333333333336,1203.0,4.659089666666667
46.5,1039.0,4.659089666666667
46.583333333333336,1018.0,4.659089666666667
46.75,1230.0,4.659089666666667
46.75,1304.0,4.374998833333334
46.75,1279.0,4.374998833333334
46.833333333333336,1129.0,4.374998833333334
46.833333333333336,903.0,1.0227270000000002
46.916666666666664,943.0,1.6477268333333333
47.083333333333336,1011.0,2.4431811666666667
47.166666666666664,1123.0,5.511362166666667
47.333333333333336,967.0,4.8863623333333335
47.5,799.0,4.7727260000000005
47.666666666666664,790.0,5.397725833333334
47.75,914.0,4.8863623333333335
47.916666666666664,1095.0,4.8863623333333335
47.916666666666664,1063.0,4.7159078333333335
47.916666666666664,960.0,4.7159078333333335
48.0,954.0,4.7159078333333335
48.166666666666664,1014.0,4.7159078333333335
48.333333333333336,1131.0,4.7159078333333335
48.416666666666664,1126.0,5.2840895
48.5,1100.0,5.2840895
48.583333333333336,1103.0,2.3863630000000002
48.75,1123.0,2.3863630000000002
48.75,1123.0,4.659089666666667
48.916666666666664,1148.0,4.659089666666667
49.0,1154.0,4.9431805
49.0,1165.0,2.5568175
49.0,1139.0,2.5568175
49.166666666666664,1159.0,2.5568175
49.25,1319.0,4.6022715000000005
49.25,1343.0,2.4999993333333332
49.416666666666664,1218.0,2.4999993333333332
49.583333333333336,1042.0,2.4999993333333332
49.666666666666664,1034.0,5.2840895
49.833333333333336,1057.0,5.2840895
50.0,1078.0,5.056816833333333
50.166666666666664,1100.0,5.056816833333333
50.25,1116.0,5.2840895
50.416666666666664,1179.0,4.9999986666666665
50.5,1183.0,4.9431805
50.5,1146.0,2.1590903333333333
50.583333333333336,1206.0,2.670453833333333
50.666666666666664,1258.0,2.670453833333333
50.75,1216.0,4.431817000000001
50.833333333333336,1124.0,4.431817000000001
51.0,1180.0,4.431817000000001
51.166666666666664,1276.0,4.7159078333333335
51.25,1254.0,5.113635
51.416666666666664,1218.0,5.113635
51.583333333333336,1229.0,5.056816833333333
51.75,1233.0,5.056816833333333
51.833333333333336,1232.0,4.9431805
52.0,1176.0,4.9431805
52.083333333333336,1147.0,4.8863623333333335
52.083333333333336,1120.0,2.4431811666666667
52.166666666666664,1061.0,2.4431811666666667
52.333333333333336,1044.0,2.4431811666666667
52.5,1119.0,4.9431805
52.666666666666664,1236.0,4.9431805
52.75,1217.0,4.6022715000000005
52.916666666666664,1114.0,4.8295441666666665
53.083333333333336,1079.0,4.8295441666666665
53.25,1140.0,4.8295441666666665
53.333333333333336,1218.0,4.8295441666666665
53.416666666666664,1223.0,4.9431805
53.5,1223.0,4.9431805
53.5,1223.0,1.5340905
53.583333333333336,1219.0,1.5340905
53.75,1333.0,1.704545
53.916666666666664,1426.0,4.431817000000001
54.0,1353.0,5.056816833333333
54.166666666666664,1292.0,4.7727260000000005
54.333333333333336,1325.0,4.7727260000000005
54.416666666666664,1289.0,4.7727260000000005
54.583333333333336,1213.0,4.7727260000000005
54.75,1173.0,4.659089666666667
54.833333333333336,1227.0,4.431817000000001
55.0,1379.0,4.431817000000001
55.0,1384.0,4.204544333333334
55.083333333333336,1311.0,2.0454540000000003
55.166666666666664,1312.0,2.2159085000000003
55.166666666666664,1176.0,2.2159085000000003
55.333333333333336,1177.0,2.2159085000000003
55.416666666666664,1182.0,4.488635166666667
55.5,1157.0,4.488635166666667
55.666666666666664,1124.0,4.488635166666667
55.75,1219.0,4.318180666666667
55.916666666666664,1235.0,4.318180666666667
56.0,1206.0,3.9204535000000003
56.083333333333336,1179.0,5.397725833333334
56.083333333333336,1222.0,5.397725833333334
56.25,1297.0,5.397725833333334
56.333333333333336,1334.0,4.8863623333333335
56.333333333333336,1366.0,4.488635166666667
56.333333333333336,1354.0,4.488635166666667
56.416666666666664,1296.0,4.488635166666667
56.5,1235.0,4.8863623333333335
56.666666666666664,1161.0,4.8863623333333335
56.833333333333336,1055.0,4.7727260000000005
56.916666666666664,908.0,3.806817166666667
57.083333333333336,1063.0,4.374998833333334
57.166666666666664,1338.0,4.9431805
57.333333333333336,1458.0,4.9431805
57.333333333333336,1429.0,4.7727260000000005
57.5,1474.0,4.7727260000000005
57.583333333333336,1508.0,4.488635166666667
57.583333333333336,1432.0,4.488635166666667
57.583333333333336,1359.0,4.488635166666667
57.583333333333336,1359.0,4.488635166666667
57.583333333333336,1322.0,4.488635166666667
57.75,1194.0,4.488635166666667
57.833333333333336,1071.0,4.374998833333334
58.0,1031.0,4.374998833333334
58.083333333333336,1120.0,5.511362166666667
58.25,1168.0,5.511362166666667
58.333333333333336,1131.0,4.6022715000000005
58.5,1090.0,4.6022715000000005
58.666666666666664,1193.0,4.6022715000000005
58.75,1496.0,4.7159078333333335
58.833333333333336,1499.0,3.8636353333333338
58.833333333333336,1380.0,3.8636353333333338
59.0,1341.0,3.8636353333333338
59.0,1381.0,4.488635166666667
59.083333333333336,1370.0,4.488635166666667
59.25,1347.0,4.488635166666667
59.25,1367.0,4.8863623333333335
59.416666666666664,1367.0,4.8863623333333335
59.5,1207.0,4.488635166666667
59.666666666666664,1248.0,4.488635166666667
59.75,1355.0,4.488635166666667
59.833333333333336,1386.0,4.488635166666667
60.0,1239.0,4.488635166666667
60.083333333333336,1156.0,4.545453333333334
60.25,1139.0,4.545453333333334
60.25,1216.0,4.545453333333334
60.416666666666664,1329.0,4.545453333333334
60.416666666666664,1336.0,5.056816833333333
60.416666666666664,1266.0,5.056816833333333
60.583333333333336,1254.0,5.056816833333333
60.666666666666664,1197.0,4.9999986666666665
60.833333333333336,1154.0,4.374998833333334
61.0,1123.0,4.374998833333334
61.083333333333336,1062.0,4.318180666666667
61.25,1062.0,4.659089666666667
61.416666666666664,1191.0,4.659089666666667
61.5,1202.0,4.6022715000000005
61.583333333333336,1218.0,4.488635166666667
61.666666666666664,1263.0,2.1590903333333333
61.666666666666664,1272.0,4.7727260000000005
61.666666666666664,1221.0,4.7727260000000005
61.666666666666664,1222.0,4.7727260000000005
61.833333333333336,1222.0,4.7727260000000005
61.916666666666664,1202.0,4.9999986666666665
62.0,1204.0,4.9999986666666665
62.166666666666664,1205.0,4.9999986666666665
62.25,1148.0,5.511362166666667
62.416666666666664,1032.0,4.431817000000001
62.583333333333336,1079.0,4.431817000000001
62.666666666666664,1256.0,4.8863623333333335
62.833333333333336,1251.0,4.8863623333333335
63.0,1251.0,4.545453333333334
63.083333333333336,1237.0,4.431817000000001
63.166666666666664,1207.0,4.204544333333334
63.25,1229.0,2.4999993333333332
63.333333333333336,1178.0,2.4999993333333332
63.333333333333336,1179.0,2.3863630000000002
63.416666666666664,1069.0,1.5340905
63.583333333333336,1191.0,3.9772716666666668
63.75,1256.0,4.545453333333334
63.833333333333336,1255.0,4.7727260000000005
63.916666666666664,1253.0,4.545453333333334
64.08333333333333,1288.0,4.545453333333334
64.16666666666667,1371.0,4.545453333333334
64.25,1418.0,4.8295441666666665
64.41666666666667,1383.0,4.8295441666666665
64.5,1225.0,4.7159078333333335
64.5,1132.0,4.8863623333333335
64.58333333333333,1150.0,1.5340905
64.58333333333333,1152.0,1.5340905
64.75,1153.0,1.6477268333333333
64.91666666666667,1168.0,4.431817000000001
65.0,1168.0,4.204544333333334
65.16666666666667,1186.0,4.7727260000000005
65.33333333333333,1236.0,4.7727260000000005
65.41666666666667,1326.0,4.7727260000000005
65.58333333333333,1228.0,5.170453166666666
65.75,1211.0,4.8863623333333335
65.83333333333333,1234.0,4.374998833333334
65.83333333333333,1261.0,5.056816833333333
66.0,1229.0,5.056816833333333
66.0,1150.0,5.738634833333333
66.08333333333333,1133.0,2.3295448333333333
66.16666666666667,1187.0,2.4431811666666667
66.33333333333333,1187.0,2.4431811666666667
66.41666666666667,1164.0,5.681816666666667
66.41666666666667,1163.0,4.374998833333334
66.58333333333333,1196.0,4.374998833333334
66.58333333333333,1226.0,4.659089666666667
66.75,1220.0,4.659089666666667
66.91666666666667,1113.0,4.9431805
67.08333333333333,1056.0,4.9431805
67.16666666666667,1077.0,5.340907666666666
67.16666666666667,1167.0,4.261362500000001
67.25,1258.0,1.6477268333333333
67.25,1240.0,1.6477268333333333
67.41666666666667,1173.0,1.6477268333333333
67.58333333333333,1115.0,1.6477268333333333
67.75,985.0,5.113635
67.83333333333333,1139.0,5.738634833333333
68.0,1220.0,5.738634833333333
68.16666666666667,1129.0,5.170453166666666
68.25,1017.0,4.8295441666666665
68.33333333333333,1097.0,4.8295441666666665
68.41666666666667,1270.0,5.170453166666666
68.41666666666667,1327.0,5.170453166666666
68.5,1227.0,1.5340905
68.58333333333333,1068.0,1.5340905
68.75,1176.0,4.659089666666667
68.83333333333333,1306.0,4.9999986666666665
69.0,1321.0,4.9999986666666665
69.08333333333333,1172.0,4.9431805
69.16666666666667,1101.0,4.9431805
69.16666666666667,1154.0,1.704545
69.33333333333333,1197.0,2.3295448333333333
69.5,1187.0,4.261362500000001
69.5,1152.0,5.170453166666666
69.66666666666667,1135.0,5.170453166666666
69.83333333333333,1116.0,5.2840895
69.83333333333333,1089.0,5.056816833333333
69.91666666666667,1106.0,5.056816833333333
70.08333333333333,1127.0,5.056816833333333
70.41666666666667,1063.0,4.8863623333333335
70.5,1062.0,5.227271333333333
70.66666666666667,1211.0,5.227271333333333
70.83333333333333,1217.0,4.9999986666666665
71.0,1217.0,4.9999986666666665
71.08333333333333,1248.0,5.170453166666666
71.16666666666667,1207.0,4.9431805
71.25,1230.0,2.3863630000000002
71.25,1288.0,2.3863630000000002
71.41666666666667,1257.0,2.3863630000000002
71.58333333333333,1146.0,4.659089666666667
71.75,1004.0,4.7727260000000005
71.83333333333333,1100.0,4.8863623333333335
72.0,1256.0,4.8863623333333335
72.16666666666667,1318.0,4.8863623333333335
72.33333333333333,1265.0,4.8863623333333335
72.41666666666667,1119.0,5.170453166666666
72.58333333333333,1195.0,5.056816833333333
72.66666666666667,1194.0,4.659089666666667
72.75,1209.0,2.3295448333333333
72.91666666666667,1155.0,5.9659075
72.91666666666667,1127.0,5.9659075
73.0,1113.0,1.5909086666666667
73.08333333333333,1088.0,1.5909086666666667
73.25,1073.0,1.704545
73.33333333333333,1131.0,4.9431805
73.5,1206.0,4.9431805
73.66666666666667,1291.0,5.056816833333333
73.75,1324.0,5.056816833333333
73.91666666666667,1282.0,4.6022715000000005
74.08333333333333,1313.0,5.170453166666666
74.08333333333333,1338.0,5.6249985
74.16666666666667,1338.0,5.6249985
74.25,1206.0,5.056816833333333
74.33333333333333,1070.0,2.272726666666667
74.41666666666667,1206.0,2.6136356666666667
74.5,1277.0,4.9999986666666665
74.66666666666667,1201.0,4.9999986666666665
74.83333333333333,1099.0,4.9999986666666665
75.0,1158.0,4.9999986666666665
75.08333333333333,1264.0,5.113635
75.16666666666667,1313.0,4.659089666666667
75.33333333333333,1174.0,4.659089666666667
75.5,1118.0,4.659089666666667
75.58333333333333,1194.0,4.374998833333334
75.58333333333333,1261.0,4.374998833333334
75.58333333333333,1242.0,4.374998833333334
75.66666666666667,1242.0,0.9659088333333334
75.75,1111.0,2.7840901666666666
75.83333333333333,1173.0,2.7840901666666666
76.0,1236.0,4.431817000000001
76.0,1177.0,4.9431805
76.16666666666667,990.0,4.9431805
76.25,1029.0,4.9999986666666665
76.41666666666667,1132.0,4.9999986666666665
76.58333333333333,1203.0,4.7159078333333335
76.75,1149.0,4.7159078333333335
76.91666666666667,1048.0,4.7727260000000005
77.0,1091.0,5.227271333333333
77.0,1113.0,5.113635
77.16666666666667,1153.0,5.113635
77.25,1224.0,5.170453166666666
77.33333333333333,1221.0,4.374998833333334
77.5,1199.0,5.454544
77.66666666666667,1203.0,5.454544
77.83333333333333,1159.0,4.7159078333333335
78.0,1128.0,4.7159078333333335
78.08333333333333,1138.0,5.056816833333333
78.25,1116.0,4.9431805
78.33333333333333,1050.0,4.8863623333333335
78.41666666666667,1207.0,4.431817000000001
78.41666666666667,1395.0,4.431817000000001
78.5,1460.0,1.704545
78.66666666666667,1379.0,2.2159085000000003
78.75,1297.0,5.2840895
78.83333333333333,1320.0,5.2840895
79.0,1330.0,5.2840895
79.08333333333333,1252.0,5.113635
79.25,1014.0,6.363634666666667
79.33333333333333,1065.0,6.363634666666667
79.5,1285.0,5.9659075
79.5,1320.0,4.7727260000000005
79.58333333333333,1214.0,2.1590903333333333
79.75,1236.0,2.6136356666666667
79.75,1249.0,4.7159078333333335
79.83333333333333,1209.0,4.7159078333333335
80.0,1192.0,4.7727260000000005
80.08333333333333,1178.0,4.8295441666666665
80.16666666666667,1185.0,4.8295441666666665
80.33333333333333,1185.0,4.8295441666666665
80.5,1205.0,4.9431805
80.58333333333333,1151.0,4.7159078333333335
80.75,1060.0,4.7159078333333335
80.91666666666667,1257.0,4.7159078333333335
80.91666666666667,1377.0,5.113635
81.08333333333333,1442.0,5.113635
81.25,1445.0,4.8863623333333335
81.25,1390.0,4.8295441666666665
81.25,1423.0,4.8295441666666665
81.33333333333333,1473.0,1.1363633333333334
81.41666666666667,1415.0,1.1363633333333334
81.5,1176.0,2.4431811666666667
81.58333333333333,1030.0,2.102272166666667
81.75,1029.0,2.102272166666667
81.83333333333333,1237.0,4.147726166666667
82.0,1273.0,4.147726166666667
82.08333333333333,1303.0,4.6022715000000005
82.16666666666667,1472.0,2.4999993333333332
82.25,1577.0,2.4999993333333332
82.33333333333333,1502.0,4.7159078333333335
82.5,1112.0,4.7159078333333335
82.5,1057.0,4.6022715000000005
82.58333333333333,1235.0,4.6022715000000005
82.66666666666667,1361.0,1.5340905
82.75,1291.0,5.568180333333333
82.91666666666667,1227.0,5.568180333333333
83.08333333333333,1436.0,5.454544
83.16666666666667,1437.0,5.056816833333333
83.25,1359.0,4.8863623333333335
83.33333333333333,1156.0,2.1590903333333333
83.5,1432.0,3.9204535000000003
83.58333333333333,1612.0,5.170453166666666
83.66666666666667,1496.0,5.170453166666666
83.75,1287.0,1.9886358333333334
83.75,1292.0,4.090908000000001
83.75,1395.0,4.090908000000001
83.91666666666667,1516.0,4.090908000000001
84.08333333333333,1455.0,4.431817000000001
84.16666666666667,1259.0,4.374998833333334
84.33333333333333,1316.0,4.374998833333334
84.41666666666667,1400.0,4.8863623333333335
84.58333333333333,1402.0,4.6022715000000005
84.66666666666667,1402.0,4.659089666666667
84.83333333333333,964.0,4.659089666666667
85.0,833.0,4.488635166666667
85.08333333333333,979.0,4.034089833333334
85.25,1198.0,4.034089833333334
85.25,1357.0,4.659089666666667
85.41666666666667,1315.0,4.659089666666667
85.41666666666667,1296.0,4.431817000000001
85.5,1343.0,4.431817000000001
85.66666666666667,1466.0,4.431817000000001
85.75,1467.0,4.6022715000000005
85.91666666666667,1339.0,4.6022715000000005
86.0,1317.0,4.488635166666667
86.16666666666667,1313.0,4.488635166666667
86.33333333333333,1292.0,4.488635166666667
86.41666666666667,1191.0,4.034089833333334
86.58333333333333,1095.0,4.7159078333333335
86.66666666666667,1030.0,4.7727260000000005
86.75,1095.0,4.7727260000000005
86.83333333333333,1178.0,4.431817000000001
86.91666666666667,1155.0,3.9772716666666668
86.91666666666667,1200.0,3.9772716666666668
87.0,1261.0,3.9772716666666668
87.16666666666667,1400.0,4.8863623333333335
87.25,1417.0,3.9204535000000003
87.41666666666667,1290.0,4.431817000000001
87.58333333333333,1204.0,4.431817000000001
87.66666666666667,1205.0,4.7159078333333335
87.83333333333333,1257.0,4.659089666666667
88.0,1253.0,4.659089666666667
88.08333333333333,1196.0,4.8863623333333335
88.25,1172.0,4.8295441666666665
88.33333333333333,1274.0,3.9204535000000003
88.5,1221.0,4.6022715000000005
88.58333333333333,1112.0,4.8295441666666665
88.75,1029.0,4.8295441666666665
88.91666666666667,1123.0,4.8295441666666665
88.91666666666667,1235.0,4.488635166666667
89.0,1254.0,4.488635166666667
89.16666666666667,1225.0,4.488635166666667
89.25,1210.0,4.6022715000000005
89.41666666666667,1209.0,4.7727260000000005
89.5,1214.0,4.374998833333334
89.58333333333333,1214.0,4.488635166666667
89.75,1193.0,4.488635166666667
89.83333333333333,1150.0,4.318180666666667
90.0,1047.0,4.318180666666667
90.08333333333333,1066.0,4.7727260000000005
90.08333333333333,1066.0,4.7727260000000005
90.08333333333333,1093.0,4.7727260000000005
90.16666666666667,1141.0,0.9090906666666667
90.25,1227.0,0.9090906666666667
90.41666666666667,1262.0,3.8636353333333338
90.5,1254.0,4.9431805
90.5,1236.0,4.9431805
90.66666666666667,1226.0,4.9431805
90.83333333333333,1225.0,4.9431805
90.91666666666667,1171.0,5.568180333333333
91.0,1134.0,4.8295441666666665
91.08333333333333,1117.0,4.8295441666666665
91.25,1135.0,4.8295441666666665
91.25,1145.0,6.477271
91.33333333333333,1145.0,1.5909086666666667
91.5,1106.0,4.090908000000001
91.66666666666667,1034.0,4.090908000000001
91.66666666666667,1104.0,4.9431805
91.83333333333333,1252.0,4.9431805
91.91666666666667,1304.0,5.227271333333333
92.0,1168.0,4.318180666666667
92.16666666666667,1095.0,4.9431805
92.33333333333333,1093.0,4.9431805
92.41666666666667,1204.0,4.9431805
92.5,1189.0,4.9431805
92.58333333333333,1113.0,5.056816833333333
92.66666666666667,1129.0,2.3295448333333333
92.66666666666667,1216.0,2.3295448333333333
92.83333333333333,1259.0,2.3295448333333333
92.91666666666667,1141.0,4.8863623333333335
93.08333333333333,1056.0,4.8863623333333335
93.25,1025.0,4.6022715000000005
93.33333333333333,1042.0,4.8863623333333335
93.5,1072.0,4.8863623333333335
93.66666666666667,1033.0,4.545453333333334
93.75,1017.0,4.488635166666667
93.91666666666667,1015.0,5.340907666666666
94.0,1015.0,5.397725833333334
94.16666666666667,1143.0,5.170453166666666
94.25,1257.0,4.6022715000000005
94.25,1198.0,4.431817000000001
94.41666666666667,1154.0,4.431817000000001
94.5,1177.0,5.056816833333333
94.66666666666667,1109.0,5.056816833333333
94.83333333333333,1033.0,5.056816833333333
94.91666666666667,1043.0,4.7727260000000005
95.08333333333333,1083.0,4.8295441666666665
95.08333333333333,1210.0,4.8295441666666665
95.25,1322.0,4.8295441666666665
95.33333333333333,1301.0,5.568180333333333
95.41666666666667,1269.0,4.545453333333334
95.58333333333333,1270.0,4.545453333333334
95.66666666666667,1260.0,4.545453333333334
95.83333333333333,1210.0,4.545453333333334
95.91666666666667,1119.0,4.374998833333334
96.0,1136.0,2.3295448333333333
96.16666666666667,1251.0,4.261362500000001
96.25,1279.0,5.9659075
96.41666666666667,1236.0,5.9659075
96.5,1145.0,5.909089333333333
96.58333333333333,1194.0,5.397725833333334
96.58333333333333,1349.0,5.397725833333334
96.66666666666667,1358.0,1.5909086666666667
96.66666666666667,1298.0,1.5909086666666667
96.75,1210.0,1.5909086666666667
96.75,1220.0,1.1363633333333334
96.83333333333333,1224.0,1.1363633333333334
96.83333333333333,1172.0,1.1931815000000001
97.0,1102.0,2.4431811666666667
97.16666666666667,1179.0,4.374998833333334
97.25,1239.0,4.8863623333333335
97.41666666666667,1229.0,5.056816833333333
97.58333333333333,1269.0,5.056816833333333
97.66666666666667,1332.0,4.8295441666666665
97.83333333333333,1262.0,4.8295441666666665
98.0,1140.0,4.9431805
98.08333333333333,1086.0,4.8863623333333335
98.25,1110.0,4.8863623333333335
98.41666666666667,1164.0,4.8863623333333335
98.41666666666667,1207.0,4.6022715000000005
98.41666666666667,1207.0,4.6022715000000005
98.5,1231.0,4.6022715000000005
98.66666666666667,1264.0,4.6022715000000005
98.75,1254.0,4.8295441666666665
98.91666666666667,1237.0,4.8295441666666665
99.08333333333333,1255.0,4.8295441666666665
99.16666666666667,1298.0,4.374998833333334
99.33333333333333,1315.0,4.374998833333334
99.5,1137.0,4.545453333333334
99.58333333333333,1107.0,4.8295441666666665
99.75,1193.0,4.8295441666666665
99.91666666666667,1282.0,4.8295441666666665
99.91666666666667,1338.0,4.9431805
100.0,1334.0,4.9431805
100.16666666666667,1261.0,4.7727260000000005
100.25,1275.0,4.9431805
100.41666666666667,1267.0,4.9431805
100.58333333333333,1108.0,4.9431805
100.66666666666667,1091.0,4.7727260000000005
100.83333333333333,1151.0,4.659089666666667
101.0,1177.0,4.659089666666667
101.08333333333333,1183.0,5.738634833333333
101.25,1183.0,5.738634833333333
101.33333333333333,1180.0,5.056816833333333
101.33333333333333,1188.0,5.056816833333333
101.5,1190.0,5.056816833333333
101.66666666666667,1217.0,5.056816833333333
101.75,1215.0,4.9431805
101.75,1242.0,2.3295448333333333
101.91666666666667,1271.0,2.4431811666666667
102.08333333333333,1244.0,4.374998833333334
102.16666666666667,1200.0,4.488635166666667
102.25,1155.0,4.8863623333333335
102.41666666666667,1198.0,4.8863623333333335
102.5,1279.0,4.8295441666666665
102.66666666666667,1227.0,4.659089666666667
102.75,1203.0,4.545453333333334
102.83333333333333,1264.0,2.2159085000000003
102.91666666666667,1335.0,4.545453333333334
102.91666666666667,1295.0,4.545453333333334
103.0,1280.0,4.545453333333334
103.08333333333333,1283.0,1.1931815000000001
103.16666666666667,1354.0,4.318180666666667
103.33333333333333,1354.0,4.318180666666667
103.5,1435.0,4.318180666666667
103.58333333333333,1474.0,4.261362500000001
103.58333333333333,1475.0,4.261362500000001
103.75,1445.0,4.261362500000001
103.83333333333333,1353.0,5.454544
103.91666666666667,1298.0,4.659089666666667
103.91666666666667,1277.0,4.659089666666667
104.08333333333333,1261.0,4.659089666666667
104.08333333333333,1312.0,4.147726166666667
104.16666666666667,1294.0,4.147726166666667
104.25,1299.0,1.5909086666666667
104.33333333333333,1331.0,2.2159085000000003
104.5,1332.0,3.8636353333333338
104.58333333333333,1338.0,4.431817000000001
104.75,1373.0,4.7159078333333335
104.83333333333333,1408.0,4.318180666666667
105.0,1394.0,4.318180666666667
105.08333333333333,1207.0,4.488635166666667
105.16666666666667,1152.0,4.488635166666667
105.33333333333333,1265.0,4.488635166666667
105.33333333333333,1307.0,4.488635166666667
105.33333333333333,1340.0,4.488635166666667
105.41666666666667,1423.0,4.488635166666667
105.5,1491.0,4.034089833333334
105.58333333333333,1467.0,4.6022715000000005
105.66666666666667,1416.0,2.102272166666667
105.83333333333333,1383.0,4.318180666666667
105.91666666666667,1268.0,4.488635166666667
106.08333333333333,1213.0,4.488635166666667
106.16666666666667,1199.0,4.7159078333333335
106.25,1274.0,4.7159078333333335
106.33333333333333,1384.0,1.8749995000000002
106.5,1354.0,3.693180833333334
106.58333333333333,1305.0,3.693180833333334
106.66666666666667,1312.0,3.9772716666666668
106.75,1417.0,3.2386355
106.83333333333333,1459.0,2.2159085000000003
106.91666666666667,1460.0,3.9772716666666668
106.91666666666667,1471.0,3.9772716666666668
107.0,1485.0,3.9772716666666668
107.16666666666667,1473.0,3.9772716666666668
107.25,1473.0,3.9204535000000003
107.33333333333333,1446.0,4.204544333333334
107.5,1418.0,3.9204535000000003
107.58333333333333,1422.0,3.352271833333334
107.75,1567.0,3.8636353333333338
107.83333333333333,1551.0,3.8636353333333338
107.91666666666667,1455.0,4.659089666666667
108.0,1425.0,3.693180833333334
108.0,1551.0,3.693180833333334
108.0,1570.0,3.693180833333334
108.08333333333333,1510.0,0.9659088333333334
108.16666666666667,1467.0,0.9659088333333334
108.25,1491.0,1.8749995000000002
108.25,1513.0,3.693180833333334
108.33333333333333,1416.0,3.693180833333334
108.33333333333333,1393.0,1.1931815000000001
108.41666666666667,1479.0,1.761363166666667
108.58333333333333,1523.0,1.761363166666667
108.66666666666667,1407.0,3.8636353333333338
108.75,1326.0,3.5795445000000004
108.91666666666667,1314.0,3.693180833333334
108.91666666666667,1399.0,3.9204535000000003
109.0,1371.0,3.9204535000000003
109.0,1299.0,1.5909086666666667
109.16666666666667,1291.0,2.0454540000000003
109.25,1367.0,3.522726333333334
109.33333333333333,1464.0,3.2386355
109.41666666666667,1471.0,4.7727260000000005
109.58333333333333,1458.0,3.40909
109.66666666666667,1466.0,3.352271833333334
109.75,1505.0,3.9772716666666668
109.83333333333333,1428.0,3.5795445000000004
109.91666666666667,1342.0,3.522726333333334
109.91666666666667,1282.0,3.522726333333334
110.0,1340.0,1.1931815000000001
110.16666666666667,1456.0,3.4659081666666665
110.25,1514.0,4.090908000000001
110.33333333333333,1548.0,3.2954536666666665
110.41666666666667,1529.0,3.1818173333333335
110.5,1455.0,3.352271833333334
110.66666666666667,1428.0,3.693180833333334
110.75,1426.0,3.693180833333334
110.83333333333333,1468.0,3.8636353333333338
110.91666666666667,1468.0,3.40909
111.0,1536.0,3.2954536666666665
111.08333333333333,1545.0,3.1249991666666666
111.08333333333333,1502.0,3.1249991666666666
111.16666666666667,1489.0,1.1931815000000001
111.25,1501.0,3.522726333333334
111.33333333333333,1549.0,3.522726333333334
111.41666666666667,1570.0,3.522726333333334
111.41666666666667,1518.0,1.704545
111.5,1449.0,1.704545
111.58333333333333,1472.0,3.0113628333333335
111.75,1491.0,3.522726333333334
111.83333333333333,1497.0,3.636362666666667
111.91666666666667,1495.0,3.0113628333333335
112.0,1456.0,3.2386355
112.08333333333333,1424.0,3.068181
112.16666666666667,1470.0,3.8636353333333338
112.25,1508.0,3.8636353333333338
112.33333333333333,1517.0,1.704545
112.41666666666667,1477.0,3.2954536666666665
112.5,1459.0,3.352271833333334
112.5,1533.0,3.352271833333334
112.58333333333333,1557.0,3.352271833333334
112.66666666666667,1349.0,1.0795451666666667
112.66666666666667,1141.0,3.1818173333333335
112.66666666666667,1109.0,3.1818173333333335
112.75,1170.0,1.0795451666666667
112.75,1176.0,1.0795451666666667
112.83333333333333,1276.0,1.6477268333333333
113.0,1247.0,3.1249991666666666
113.08333333333333,1258.0,3.5795445000000004
113.16666666666667,1339.0,4.7159078333333335
113.25,1441.0,4.7159078333333335
113.33333333333333,1423.0,4.374998833333334
113.5,1410.0,4.374998833333334
113.58333333333333,1405.0,4.090908000000001
113.58333333333333,1382.0,3.1818173333333335
113.66666666666667,1303.0,3.1818173333333335
113.66666666666667,1203.0,1.5340905
113.75,1203.0,1.8181813333333334
113.75,1216.0,1.8181813333333334
113.91666666666667,1233.0,1.8181813333333334
113.91666666666667,1279.0,3.806817166666667
113.91666666666667,1279.0,3.806817166666667
114.0,1319.0,1.0795451666666667
114.0,1266.0,1.0795451666666667
114.08333333333333,1250.0,1.5909086666666667
114.16666666666667,1270.0,3.5795445000000004
114.33333333333333,1273.0,3.5795445000000004
114.41666666666667,1304.0,3.9772716666666668
114.5,1319.0,3.4659081666666665
114.58333333333333,1369.0,3.4659081666666665
114.66666666666667,1438.0,3.1249991666666666
114.75,1440.0,3.1249991666666666
114.83333333333333,1460.0,1.6477268333333333
114.83333333333333,1470.0,3.8636353333333338
114.91666666666667,1410.0,1.5909086666666667
114.91666666666667,1425.0,1.5909086666666667
115.0,1437.0,1.5909086666666667
115.16666666666667,1337.0,3.2386355
115.16666666666667,1300.0,3.2954536666666665
115.16666666666667,1307.0,3.2954536666666665
115.25,1382.0,3.2954536666666665
115.33333333333333,1449.0,1.0795451666666667
115.33333333333333,1410.0,3.068181
115.41666666666667,1418.0,1.8181813333333334
115.58333333333333,1408.0,2.727272
115.66666666666667,1409.0,3.693180833333334
115.75,1445.0,2.8977265
115.83333333333333,1458.0,3.352271833333334
115.91666666666667,1448.0,3.1818173333333335
115.91666666666667,1434.0,3.1818173333333335
116.08333333333333,1438.0,3.1818173333333335
116.16666666666667,1395.0,3.2386355
116.25,1366.0,3.0113628333333335
116.33333333333333,1372.0,3.806817166666667
116.41666666666667,1375.0,3.1249991666666666
116.41666666666667,1371.0,3.068181
116.41666666666667,1427.0,3.068181
116.41666666666667,1407.0,3.068181
116.58333333333333,1355.0,3.068181
116.66666666666667,1278.0,3.1249991666666666
116.66666666666667,1317.0,3.1818173333333335
116.75,1318.0,3.1818173333333335
116.83333333333333,1318.0,1.5340905
116.91666666666667,1318.0,3.1249991666666666
117.0,1378.0,3.352271833333334
117.08333333333333,1574.0,2.9545446666666666
117.25,1784.0,2.9545446666666666
117.25,1772.0,2.9545446666666666
117.25,1648.0,2.9545446666666666
117.33333333333333,1589.0,2.9545446666666666
117.41666666666667,1651.0,1.0227270000000002
117.41666666666667,1735.0,3.2386355
117.5,1744.0,1.6477268333333333
117.5,1634.0,1.6477268333333333
117.5,1573.0,1.6477268333333333
117.58333333333333,1611.0,1.6477268333333333
117.66666666666667,1611.0,3.068181
117.75,1621.0,3.068181
117.75,1618.0,3.068181
117.75,1611.0,3.068181
117.83333333333333,1607.0,0.9090906666666667
117.83333333333333,1602.0,0.9090906666666667
117.83333333333333,1605.0,0.9090906666666667
117.91666666666667,1548.0,0.9659088333333334
118.0,1480.0,0.9659088333333334
118.08333333333333,1525.0,3.40909
118.16666666666667,1569.0,2.8409083333333336
118.25,1584.0,2.670453833333333
118.33333333333333,1583.0,3.0113628333333335
118.41666666666667,1589.0,2.8409083333333336
118.41666666666667,1589.0,2.8409083333333336
118.5,1571.0,2.8409083333333336
118.58333333333333,1524.0,1.3068178333333333
118.66666666666667,1466.0,2.727272
118.75,1392.0,2.1590903333333333
118.83333333333333,1408.0,3.5795445000000004
118.83333333333333,1648.0,2.4999993333333332
118.83333333333333,1700.0,2.4999993333333332
118.91666666666667,1748.0,1.2499996666666666
119.0,1799.0,2.7840901666666666
119.08333333333333,1807.0,2.670453833333333
119.08333333333333,1877.0,2.670453833333333
119.08333333333333,1854.0,2.670453833333333
119.16666666666667,1699.0,0.8522725
119.25,1610.0,0.8522725
119.33333333333333,1479.0,2.5568175
119.41666666666667,1479.0,2.4999993333333332
119.5,1524.0,2.8409083333333336
119.58333333333333,1502.0,2.7840901666666666
119.66666666666667,1443.0,2.4431811666666667
119.75,1499.0,3.352271833333334
119.83333333333333,1554.0,2.6136356666666667
119.91666666666667,1592.0,2.8977265
119.91666666666667,1606.0,2.5568175
120.0,1528.0,2.4431811666666667
120.08333333333333,1510.0,3.1818173333333335
120.16666666666667,1535.0,2.4431811666666667
120.25,1582.0,2.3863630000000002
120.33333333333333,1565.0,3.0113628333333335
120.41666666666667,1549.0,3.1249991666666666
120.5,1569.0,3.1249991666666666
120.58333333333333,1492.0,1.9886358333333334
120.66666666666667,1379.0,2.670453833333333
120.75,1401.0,3.0113628333333335
120.83333333333333,1506.0,2.6136356666666667
120.83333333333333,1497.0,2.8977265
120.91666666666667,1459.0,2.8977265
120.91666666666667,1408.0,1.3068178333333333
120.91666666666667,1363.0,1.3068178333333333
121.0,1459.0,1.3068178333333333
121.08333333333333,1578.0,2.8409083333333336
121.08333333333333,1595.0,2.8409083333333336
121.16666666666667,1608.0,1.3068178333333333
121.25,1751.0,3.2386355
121.33333333333333,1825.0,2.8409083333333336
121.41666666666667,1794.0,2.3295448333333333
121.5,1639.0,2.8977265
121.58333333333333,1564.0,2.7840901666666666
121.66666666666667,1541.0,2.7840901666666666
121.75,1522.0,3.068181
121.83333333333333,1471.0,3.068181
121.91666666666667,1502.0,2.727272
122.0,1524.0,2.8409083333333336
122.08333333333333,1523.0,2.727272
122.16666666666667,1499.0,2.6136356666666667
122.16666666666667,1385.0,2.8977265
122.25,1367.0,2.8977265
122.25,1442.0,1.3068178333333333
122.25,1428.0,1.3068178333333333
122.33333333333333,1428.0,1.3068178333333333
122.33333333333333,1452.0,0.9090906666666667
122.33333333333333,1526.0,0.9090906666666667
122.41666666666667,1530.0,1.3068178333333333
122.5,1541.0,2.8977265
122.58333333333333,1523.0,2.8409083333333336
122.66666666666667,1489.0,2.3295448333333333
122.75,1508.0,3.2954536666666665
122.83333333333333,1451.0,2.8977265
122.91666666666667,1439.0,3.0113628333333335
123.0,1519.0,2.6136356666666667
123.08333333333333,1544.0,2.670453833333333
123.16666666666667,1543.0,2.5568175
123.25,1554.0,2.6136356666666667
123.33333333333333,1531.0,2.8409083333333336
123.41666666666667,1527.0,2.9545446666666666
123.5,1545.0,2.670453833333333
123.58333333333333,1534.0,2.8977265
123.58333333333333,1517.0,2.8977265
123.58333333333333,1534.0,2.8977265
123.66666666666667,1500.0,2.8977265
123.75,1467.0,0.8522725
123.75,1406.0,2.8409083333333336
123.83333333333333,1332.0,2.8409083333333336
123.83333333333333,1323.0,1.2499996666666666
123.91666666666667,1385.0,1.2499996666666666
124.0,1385.0,1.4204541666666668
124.08333333333333,1290.0,2.9545446666666666
124.08333333333333,1273.0,2.670453833333333
124.16666666666667,1324.0,2.727272
124.25,1390.0,2.7840901666666666
124.33333333333333,1402.0,2.9545446666666666
124.41666666666667,1301.0,2.272726666666667
124.5,1351.0,3.4659081666666665
124.5,1424.0,3.4659081666666665
124.58333333333333,1418.0,1.363636
124.58333333333333,1306.0,1.363636
124.66666666666667,1207.0,1.363636
124.75,1236.0,3.068181
124.75,1295.0,3.068181
124.83333333333333,1296.0,1.4204541666666668
124.83333333333333,1248.0,1.4204541666666668
124.83333333333333,1248.0,1.4204541666666668
124.83333333333333,1206.0,1.4204541666666668
124.83333333333333,1256.0,1.4204541666666668
124.83333333333333,1474.0,1.4204541666666668
124.91666666666667,1463.0,1.4204541666666668
124.91666666666667,1356.0,0.45454533333333336
125.0,1385.0,0.45454533333333336
125.0,1405.0,1.3068178333333333
125.0,1413.0,1.3068178333333333
125.0,1402.0,1.3068178333333333
125.08333333333333,1436.0,0.9090906666666667
125.16666666666667,1480.0,2.670453833333333
125.25,1508.0,3.068181
125.25,1506.0,3.068181
125.25,1472.0,3.068181
125.25,1506.0,3.068181
125.25,1517.0,3.068181
125.25,1507.0,3.068181
125.33333333333333,1511.0,3.068181
125.41666666666667,1510.0,0.45454533333333336
125.5,1487.0,2.8409083333333336
125.58333333333333,1450.0,2.8977265
125.58333333333333,1515.0,2.8977265
125.58333333333333,1566.0,2.8977265
125.66666666666667,1542.0,2.8977265
125.66666666666667,1489.0,0.8522725
125.83333333333333,1367.0,2.3863630000000002
125.83333333333333,1329.0,3.068181
125.83333333333333,1338.0,3.068181
125.83333333333333,1390.0,3.068181
125.91666666666667,1388.0,0.8522725
126.0,1300.0,2.5568175
126.08333333333333,1301.0,2.727272
126.16666666666667,1304.0,2.727272
126.25,1275.0,2.2159085000000003
126.33333333333333,1258.0,2.670453833333333
126.41666666666667,1210.0,2.9545446666666666
126.5,1248.0,3.068181
126.5,1336.0,2.4999993333333332
126.58333333333333,1338.0,2.4999993333333332
126.66666666666667,1320.0,1.3068178333333333
126.66666666666667,1277.0,2.9545446666666666
126.75,1270.0,2.3863630000000002
126.83333333333333,1270.0,2.727272
126.91666666666667,1346.0,2.9545446666666666
127.0,1572.0,2.4999993333333332
127.08333333333333,1574.0,2.272726666666667
127.16666666666667,1558.0,2.8409083333333336
127.16666666666667,1572.0,2.8409083333333336
127.16666666666667,1529.0,2.8409083333333336
127.25,1410.0,2.8409083333333336
127.25,1277.0,0.8522725
127.25,1187.0,0.8522725
127.25,1249.0,0.8522725
127.25,1367.0,0.8522725
127.33333333333333,1373.0,0.6249998333333333
127.33333333333333,1354.0,0.6249998333333333
127.41666666666667,1337.0,1.4204541666666668
127.5,1457.0,1.4204541666666668
127.58333333333333,1503.0,2.3295448333333333
127.66666666666667,1484.0,2.9545446666666666
127.75,1480.0,2.8977265
127.83333333333333,1456.0,2.2159085000000003
127.91666666666667,1568.0,2.9545446666666666
128.0,1578.0,2.670453833333333
128.0,1538.0,2.4999993333333332
128.08333333333334,1456.0,2.2159085000000003
128.16666666666666,1362.0,2.6136356666666667
128.25,1422.0,3.1249991666666666
128.33333333333334,1421.0,2.4431811666666667
128.33333333333334,1446.0,2.4431811666666667
128.41666666666666,1490.0,2.4431811666666667
128.5,1516.0,1.2499996666666666
128.5,1507.0,2.5568175
128.58333333333334,1493.0,2.5568175
128.58333333333334,1448.0,1.2499996666666666
128.66666666666666,1375.0,2.670453833333333
128.75,1437.0,2.4999993333333332
128.75,1528.0,2.4999993333333332
128.83333333333334,1545.0,1.2499996666666666
128.91666666666666,1488.0,2.727272
129.0,1488.0,2.727272
129.08333333333334,1487.0,2.4431811666666667
129.16666666666666,1489.0,2.670453833333333
129.25,1442.0,2.5568175
129.25,1403.0,2.670453833333333
129.25,1403.0,2.670453833333333
129.25,1405.0,2.670453833333333
129.33333333333334,1438.0,0.7954543333333334
129.41666666666666,1465.0,0.7954543333333334
129.5,1435.0,3.522726333333334
129.58333333333334,1411.0,3.522726333333334
129.66666666666666,1407.0,2.3295448333333333
129.66666666666666,1415.0,2.3863630000000002
129.75,1420.0,2.3863630000000002
129.75,1260.0,1.363636
129.83333333333334,1193.0,2.3295448333333333
129.83333333333334,1291.0,2.3295448333333333
129.83333333333334,1333.0,2.3295448333333333
129.83333333333334,1372.0,2.3295448333333333
129.91666666666666,1329.0,2.3295448333333333
130.0,1393.0,0.6249998333333333
130.0,1444.0,2.5568175
130.0,1442.0,2.5568175
130.08333333333334,1327.0,1.1931815000000001
130.16666666666666,1310.0,2.6136356666666667
130.25,1363.0,2.6136356666666667
130.33333333333334,1436.0,2.272726666666667
130.41666666666666,1451.0,2.4431811666666667
130.41666666666666,1415.0,2.7840901666666666
130.5,1401.0,2.0454540000000003
130.58333333333334,1435.0,2.6136356666666667
130.58333333333334,1475.0,2.6136356666666667
130.66666666666666,1460.0,2.6136356666666667
130.66666666666666,1426.0,1.1931815000000001
130.75,1424.0,1.1931815000000001
130.83333333333334,1418.0,1.3068178333333333
130.83333333333334,1359.0,2.3863630000000002
130.91666666666666,1287.0,2.4999993333333332
131.0,1228.0,2.102272166666667
131.0,1266.0,2.102272166666667
131.08333333333334,1481.0,2.102272166666667
131.08333333333334,1560.0,1.1931815000000001
131.16666666666666,1546.0,2.2159085000000003
131.16666666666666,1463.0,2.2159085000000003
131.25,1414.0,2.2159085000000003
131.33333333333334,1488.0,1.1363633333333334
131.33333333333334,1549.0,2.272726666666667
131.41666666666666,1549.0,2.2159085000000003
131.5,1576.0,2.0454540000000003
131.58333333333334,1530.0,2.7840901666666666
131.66666666666666,1539.0,2.7840901666666666
131.66666666666666,1554.0,2.2159085000000003
131.75,1559.0,1.8749995000000002
131.83333333333334,1502.0,2.8409083333333336
131.91666666666666,1444.0,2.8409083333333336
131.91666666666666,1415.0,1.9318176666666669
132.0,1407.0,2.1590903333333333
132.08333333333334,1400.0,2.6136356666666667
132.16666666666666,1389.0,2.1590903333333333
132.25,1387.0,2.1590903333333333
132.25,1406.0,2.0454540000000003
132.33333333333334,1460.0,2.272726666666667
132.41666666666666,1417.0,2.102272166666667
132.5,1349.0,2.102272166666667
132.5,1408.0,2.0454540000000003
132.5,1441.0,2.0454540000000003
132.58333333333334,1511.0,1.1931815000000001
132.58333333333334,1465.0,1.1931815000000001
132.58333333333334,1418.0,1.1931815000000001
132.58333333333334,1469.0,1.1931815000000001
132.66666666666666,1506.0,0.681818
132.66666666666666,1378.0,0.681818
132.66666666666666,1261.0,0.681818
132.75,1260.0,0.9659088333333334
132.75,1303.0,0.9659088333333334
132.83333333333334,1351.0,0.9659088333333334
132.83333333333334,1413.0,1.0795451666666667
132.91666666666666,1393.0,2.102272166666667
133.0,1415.0,2.1590903333333333
133.0,1499.0,2.1590903333333333
133.08333333333334,1587.0,1.6477268333333333
133.16666666666666,1601.0,2.1590903333333333
133.25,1541.0,2.1590903333333333
133.33333333333334,1474.0,2.5568175
133.33333333333334,1514.0,2.3295448333333333
133.41666666666666,1557.0,1.761363166666667
133.5,1563.0,1.761363166666667
133.5,1563.0,2.2159085000000003
133.58333333333334,1505.0,1.9318176666666669
133.66666666666666,1373.0,1.9318176666666669
133.66666666666666,1373.0,1.8181813333333334
133.75,1333.0,1.8749995000000002
133.83333333333334,1324.0,2.4431811666666667
133.83333333333334,1338.0,2.4431811666666667
133.91666666666666,1422.0,1.6477268333333333
134.0,1453.0,2.102272166666667
134.08333333333334,1504.0,2.102272166666667
134.08333333333334,1534.0,1.9886358333333334
134.08333333333334,1569.0,1.9886358333333334
134.08333333333334,1629.0,1.9886358333333334
134.16666666666666,1693.0,0.8522725
134.25,1659.0,0.8522725
134.25,1659.0,1.9886358333333334
134.33333333333334,1563.0,1.704545
134.33333333333334,1578.0,1.704545
134.33333333333334,1548.0,1.704545
134.33333333333334,1510.0,1.704545
134.41666666666666,1538.0,1.704545
134.41666666666666,1510.0,0.6249998333333333
134.5,1517.0,0.6249998333333333
134.5,1496.0,1.761363166666667
134.58333333333334,1553.0,1.6477268333333333
134.58333333333334,1541.0,1.6477268333333333
134.58333333333334,1521.0,1.6477268333333333
134.66666666666666,1557.0,1.6477268333333333
134.66666666666666,1610.0,0.9090906666666667
134.75,1600.0,1.8181813333333334
134.83333333333334,1616.0,1.8181813333333334
134.83333333333334,1664.0,1.761363166666667
134.91666666666666,1809.0,1.6477268333333333
134.91666666666666,1864.0,1.6477268333333333
135.0,1647.0,1.6477268333333333
135.08333333333334,1574.0,1.6477268333333333
135.08333333333334,1603.0,1.761363166666667
135.16666666666666,1638.0,1.761363166666667
135.16666666666666,1534.0,1.6477268333333333
135.25,1383.0,1.9318176666666669
135.33333333333334,1314.0,1.9318176666666669
135.33333333333334,1321.0,1.5340905
135.41666666666666,1353.0,1.8181813333333334
135.41666666666666,1369.0,1.8181813333333334
135.5,1328.0,1.5909086666666667
135.58333333333334,1317.0,1.5909086666666667
135.58333333333334,1317.0,1.704545
135.66666666666666,1402.0,1.704545
135.66666666666666,1636.0,1.4204541666666668
135.75,1683.0,1.8749995000000002
135.75,1624.0,1.8749995000000002
135.83333333333334,1540.0,1.4772723333333333
135.83333333333334,1567.0,1.4772723333333333
135.91666666666666,1588.0,1.5340905
135.91666666666666,1561.0,1.5340905
136.0,1556.0,1.4772723333333333
136.0,1525.0,1.4772723333333333
136.08333333333334,1507.0,1.5340905
136.16666666666666,1550.0,1.5340905
136.16666666666666,1551.0,1.5340905
136.25,1556.0,1.5340905
136.25,1578.0,1.5340905
136.33333333333334,1629.0,1.6477268333333333
136.33333333333334,1642.0,1.6477268333333333
136.41666666666666,1578.0,1.5909086666666667
136.41666666666666,1561.0,1.5909086666666667
136.5,1565.0,1.4772723333333333
136.5,1524.0,1.4772723333333333
136.58333333333334,1543.0,1.4204541666666668
136.66666666666666,1525.0,1.4204541666666668
136.66666666666666,1445.0,1.704545
136.75,1443.0,1.704545
136.75,1452.0,1.4772723333333333
136.83333333333334,1474.0,1.4772723333333333
136.83333333333334,1443.0,1.4204541666666668
136.91666666666666,1475.0,1.4204541666666668
136.91666666666666,1553.0,1.4204541666666668
137.0,1576.0,1.4204541666666668
137.0,1505.0,1.4204541666666668
137.08333333333334,1506.0,1.4204541666666668
137.08333333333334,1617.0,1.5909086666666667
137.16666666666666,1666.0,1.4204541666666668
137.16666666666666,1657.0,1.4204541666666668
137.16666666666666,1683.0,1.4204541666666668
137.16666666666666,1618.0,1.4204541666666668
137.25,1617.0,0.7386361666666666
137.25,1535.0,0.7386361666666666
137.33333333333334,1472.0,0.7386361666666666
137.33333333333334,1472.0,1.4204541666666668
137.41666666666666,1410.0,1.4204541666666668
137.41666666666666,1378.0,1.363636
137.5,1391.0,1.363636
137.5,1407.0,1.2499996666666666
137.58333333333334,1407.0,1.2499996666666666
137.58333333333334,1390.0,1.363636
137.58333333333334,1325.0,1.363636
137.66666666666666,1311.0,1.2499996666666666
137.66666666666666,1408.0,1.2499996666666666
137.75,1392.0,1.2499996666666666
137.75,1391.0,1.2499996666666666
137.83333333333334,1391.0,1.2499996666666666
137.83333333333334,1391.0,1.1931815000000001
137.83333333333334,1445.0,1.1931815000000001
137.91666666666666,1447.0,1.1931815000000001
137.91666666666666,1385.0,1.1931815000000001
138.0,1346.0,1.1931815000000001
138.0,1346.0,1.1931815000000001
138.0,1439.0,1.1931815000000001
138.08333333333334,1484.0,1.1931815000000001
138.08333333333334,1439.0,1.1931815000000001
138.16666666666666,1419.0,1.1931815000000001
138.16666666666666,1475.0,1.1931815000000001
138.25,1463.0,1.1931815000000001
138.25,1440.0,1.1931815000000001
138.25,1440.0,1.1931815000000001
138.33333333333334,1415.0,1.1931815000000001
138.33333333333334,1407.0,1.1931815000000001
138.41666666666666,1457.0,1.1931815000000001
138.41666666666666,1560.0,1.0795451666666667
138.5,1478.0,1.0795451666666667
138.5,1542.0,1.2499996666666666
138.5,1619.0,1.2499996666666666
138.58333333333334,1570.0,1.1363633333333334
138.58333333333334,1438.0,1.1363633333333334
138.66666666666666,1450.0,1.1363633333333334
138.66666666666666,1466.0,1.1363633333333334
138.66666666666666,1472.0,1.1363633333333334
138.75,1483.0,1.1363633333333334
138.75,1505.0,1.1363633333333334
138.83333333333334,1495.0,1.1363633333333334
138.83333333333334,1521.0,1.2499996666666666
138.83333333333334,1521.0,1.2499996666666666
138.91666666666666,1599.0,1.1931815000000001
138.91666666666666,1581.0,1.1931815000000001
139.0,1517.0,1.1931815000000001
139.0,1501.0,1.1931815000000001
139.08333333333334,1518.0,1.1931815000000001
139.08333333333334,1500.0,1.2499996666666666
139.08333333333334,1434.0,1.2499996666666666
139.16666666666666,1452.0,1.1363633333333334
139.16666666666666,1503.0,1.1363633333333334
139.25,1521.0,1.1363633333333334
139.25,1524.0,1.1931815000000001
139.25,1481.0,1.1931815000000001
139.33333333333334,1365.0,1.1931815000000001
139.33333333333334,1324.0,1.1931815000000001
139.41666666666666,1323.0,1.1931815000000001
139.41666666666666,1293.0,1.1931815000000001
139.5,1291.0,1.1931815000000001
139.5,1333.0,1.2499996666666666
139.5,1393.0,1.2499996666666666
139.58333333333334,1432.0,1.0795451666666667
139.58333333333334,1416.0,1.0795451666666667
139.58333333333334,1394.0,1.0795451666666667
139.66666666666666,1342.0,1.0227270000000002
139.66666666666666,1308.0,1.0227270000000002
139.75,1315.0,1.363636
139.75,1332.0,1.363636
139.83333333333334,1352.0,1.363636
139.83333333333334,1450.0,1.1931815000000001
139.83333333333334,1617.0,1.1931815000000001
139.91666666666666,1565.0,1.1363633333333334
139.91666666666666,1468.0,1.1363633333333334
140.0,1407.0,1.2499996666666666
140.0,1380.0,1.2499996666666666
140.08333333333334,1362.0,1.2499996666666666
140.08333333333334,1343.0,1.1363633333333334
140.08333333333334,1348.0,1.1363633333333334
140.16666666666666,1359.0,1.1931815000000001
140.16666666666666,1407.0,1.1931815000000001
140.25,1408.0,1.1931815000000001
140.25,1429.0,1.1363633333333334
140.25,1421.0,1.1363633333333334
140.33333333333334,1387.0,1.1363633333333334
140.33333333333334,1387.0,1.1363633333333334
140.41666666666666,1406.0,1.1363633333333334
140.41666666666666,1425.0,1.1931815000000001
140.41666666666666,1432.0,1.1931815000000001
140.5,1397.0,1.0227270000000002
140.5,1390.0,1.0227270000000002
140.58333333333334,1399.0,1.0227270000000002
140.58333333333334,1397.0,1.1363633333333334
140.58333333333334,1380.0,1.1363633333333334
140.66666666666666,1349.0,1.0795451666666667
140.66666666666666,1348.0,1.0795451666666667
140.66666666666666,1348.0,1.0795451666666667
140.75,1362.0,1.0227270000000002
140.75,1347.0,1.0227270000000002
140.83333333333334,1304.0,1.0227270000000002
140.83333333333334,1226.0,1.0227270000000002
140.83333333333334,1238.0,1.0227270000000002
140.91666666666666,1296.0,1.0227270000000002
140.91666666666666,1306.0,1.0227270000000002
140.91666666666666,1358.0,1.0227270000000002
141.0,1421.0,1.0227270000000002
141.0,1428.0,1.0227270000000002
141.0,1355.0,1.0227270000000002
141.08333333333334,1311.0,0.9659088333333334
141.08333333333334,1237.0,0.9659088333333334
141.08333333333334,1238.0,0.9659088333333334
141.16666666666666,1175.0,0.9090906666666667
141.16666666666666,1181.0,0.9090906666666667
141.16666666666666,1184.0,0.9090906666666667
141.25,1196.0,0.9090906666666667
141.25,1234.0,0.8522725
141.25,1228.0,0.8522725
141.33333333333334,1196.0,0.8522725
141.33333333333334,1206.0,0.8522725
141.33333333333334,1243.0,0.8522725
141.33333333333334,1257.0,0.8522725
141.41666666666666,1246.0,0.8522725
141.41666666666666,1210.0,0.8522725
141.41666666666666,1202.0,0.8522725
141.41666666666666,1214.0,0.8522725
141.5,1186.0,0.7386361666666666
141.5,1156.0,0.7386361666666666
141.5,1156.0,0.7386361666666666
141.58333333333334,1182.0,0.8522725
141.58333333333334,1257.0,0.8522725
141.58333333333334,1299.0,0.8522725
141.66666666666666,1333.0,0.8522725
141.66666666666666,1370.0,0.7954543333333334
141.66666666666666,1341.0,0.7954543333333334
141.66666666666666,1301.0,0.7954543333333334
141.75,1303.0,0.7954543333333334
141.75,1298.0,0.7954543333333334
141.75,1311.0,0.7954543333333334
141.75,1329.0,0.7954543333333334
141.83333333333334,1336.0,0.7386361666666666
141.83333333333334,1335.0,0.7386361666666666
141.83333333333334,1321.0,0.7386361666666666
141.83333333333334,1287.0,0.7386361666666666
141.91666666666666,1209.0,0.7386361666666666
141.91666666666666,1217.0,0.7386361666666666
141.91666666666666,1180.0,0.7386361666666666
141.91666666666666,1202.0,0.7386361666666666
142.0,1299.0,0.7386361666666666
142.0,1282.0,0.7386361666666666
142.0,1276.0,0.7386361666666666
142.0,1308.0,0.7386361666666666
142.0,1334.0,0.7386361666666666
142.08333333333334,1328.0,0.5681816666666667
142.08333333333334,1362.0,0.5681816666666667
142.08333333333334,1367.0,0.5681816666666667
142.08333333333334,1347.0,0.5681816666666667
142.08333333333334,1346.0,0.5681816666666667
142.16666666666666,1348.0,0.5681816666666667
142.16666666666666,1285.0,0.5113635000000001
142.16666666666666,1270.0,0.5113635000000001
142.16666666666666,1269.0,0.5113635000000001
142.16666666666666,1266.0,0.5113635000000001
142.16666666666666,1319.0,0.5113635000000001
142.25,1375.0,0.5113635000000001
142.25,1367.0,0.45454533333333336
142.25,1393.0,0.45454533333333336
142.25,1393.0,0.45454533333333336
142.25,1362.0,0.45454533333333336
142.25,1331.0,0.45454533333333336
142.25,1352.0,0.45454533333333336
142.25,1352.0,0.45454533333333336
142.33333333333334,1416.0,0.3977271666666667
142.33333333333334,1419.0,0.3977271666666667
142.33333333333334,1452.0,0.3977271666666667
142.33333333333334,1498.0,0.3977271666666667
142.33333333333334,1441.0,0.3977271666666667
142.33333333333334,1340.0,0.3977271666666667
142.33333333333334,1269.0,0.3977271666666667
142.33333333333334,1211.0,0.3977271666666667
142.33333333333334,1220.0,0.3977271666666667
142.41666666666666,1366.0,0.3977271666666667
142.41666666666666,1367.0,0.28409083333333335
142.41666666666666,1366.0,0.28409083333333335
142.41666666666666,1421.0,0.28409083333333335
142.41666666666666,1575.0,0.28409083333333335
142.41666666666666,1604.0,0.28409083333333335
142.41666666666666,1477.0,0.28409083333333335
142.41666666666666,1415.0,0.28409083333333335
142.41666666666666,1562.0,0.28409083333333335
142.41666666666666,1525.0,0.28409083333333335
142.41666666666666,1465.0,0.28409083333333335
142.41666666666666,1473.0,0.28409083333333335
142.41666666666666,1379.0,0.28409083333333335
142.5,1354.0,0.28409083333333335
142.5,1379.0,0.22727266666666668
142.5,1379.0,0.22727266666666668
142.5,1355.0,0.22727266666666668
142.5,1371.0,0.22727266666666668
142.5,1435.0,0.22727266666666668
142.5,1500.0,0.22727266666666668
142.5,1421.0,0.22727266666666668
142.5,1391.0,0.22727266666666668
142.5,1448.0,0.22727266666666668
142.5,1439.0,0.22727266666666668
142.5,1448.0,0.22727266666666668
142.5,1413.0,0.22727266666666668
142.5,1417.0,0.22727266666666668
142.5,1533.0,0.22727266666666668
142.5,1599.0,0.22727266666666668
142.5,1583.0,0.22727266666666668
142.5,1404.0,0.22727266666666668
142.5,1377.0,0.22727266666666668
142.5,1430.0,0.22727266666666668
142.5,1430.0,0.22727266666666668
142.5,1548.0,0.22727266666666668
142.5,1617.0,0.22727266666666668
142.5,1617.0,0.22727266666666668
142.5,1635.0,0.22727266666666668
142.5,1691.0,0.22727266666666668
142.5,1717.0,0.22727266666666668
142.5,1559.0,0.22727266666666668
142.5,1503.0,0.22727266666666668
142.5,1490.0,0.22727266666666668
142.5,1489.0,0.22727266666666668
142.5,1478.0,0.22727266666666668
142.5,1450.0,0.22727266666666668
142.5,1407.0,0.22727266666666668
142.5,1344.0,0.22727266666666668
142.5,1350.0,0.22727266666666668
142.5,1389.0,0.22727266666666668
142.5,1362.0,0.22727266666666668
142.5,1309.0,0.22727266666666668
142.5,1362.0,0.22727266666666668
142.5,1410.0,0.22727266666666668
142.5,1314.0,0.22727266666666668
142.5,1224.0,0.22727266666666668
142.5,1171.0,0.22727266666666668
142.5,1005.0,0.22727266666666668
142.5,479.0,0.22727266666666668
142.5,197.0,0.22727266666666668
142.5,48.0,0.22727266666666668
142.5,0.0,0.22727266666666668
142.5,0.0,0.22727266666666668
142.5,0.0,0.22727266666666668
142.5,0.0,0.22727266666666668
142.5,0.0,0.22727266666666668
142.5,0.0,0.22727266666666668
142.5,0.0,0.22727266666666668
142.5,0.0,0.22727266666666668
142.5,0.0,0.22727266666666668
142.5,0.0,0.22727266666666668
142.5,0.0,0.22727266666666668
142.5,26.0,0.22727266666666668
142.5,62.0,0.22727266666666668
142.5,40.0,0.22727266666666668
142.5,40.0,0.22727266666666668
142.5,0.0,0.22727266666666668
142.5,0.0,0.22727266666666668
142.5,0.0,0.0
142.5,0.0,0.0
142.5,0.0,0.0
142.5,0.0,0.0
142.5,0.0,0.0
142.5,0.0,0.0
142.5,0.0,0.0
142.5,0.0,0.0
142.5,0.0,0.0
142.5,0.0,0.0
142.5,0.0,0.0
142.5,0.0,0.0
142.5,0.0,0.0
142.5,0.0,0.0
142.5,0.0,0.0
142.5,0.0,0.0
142.5,0.0,0.0
142.5,0.0,0.0
142.5,0.0,0.0
142.5,0.0,0.0
142.5,0.0,0.0
142.5,0.0,0.0
142.5,0.0,0.0
142.5,0.0,0.0
142.5,0.0,0.0
142.5,0.0,0.0
142.5,0.0,0.0
142.5,0.0,0.0
142.5,0.0,0.0
142.5,0.0,0.0
142.5,0.0,0.0
142.5,0.0,0.0
142.5,0.0,0.0
142.5,0.0,0.0
142.5,0.0,0.0
142.5,0.0,0.0
142.5,0.0,0.0
142.5,0.0,0.0
142.5,0.0,0.0
142.5,0.0,0.0
142.5,0.0,0.0
142.5,0.0,0.0
142.5,0.0,0.0
142.5,0.0,0.0
142.5,0.0,0.0
142.5,0.0,0.0
142.5,0.0,0.0
142.5,0.0,0.0
142.5,0.0,0.0
142.5,0.0,0.0
142.5,0.0,0.0
142.5,0.0,0.0
142.5,0.0,0.0
142.5,0.0,0.0
142.5,0.0,0.0
142.5,0.0,0.0
142.5,0.0,0.0
142.5,0.0,0.0
142.5,0.0,0.0
142.5,0.0,0.0
142.5,0.0,0.0
142.5,0.0,0.0
142.5,0.0,0.0
142.5,0.0,0.0
142.5,0.0,0.0
142.5,0.0,0.0
142.5,0.0,0.0
142.5,0.0,0.0
142.5,0.0,0.0
142.5,0.0,0.0
142.5,0.0,0.0
142.5,0.0,0.0
142.5,0.0,0.0
142.5,0.0,0.0
142.5,0.0,0.0
142.5,0.0,0.0
142.5,0.0,0.0
142.5,0.0,0.0
142.5,0.0,0.0
142.5,0.0,0.0
142.5,0.0,0.0
142.5,0.0,0.0
142.5,0.0,0.0
142.5,0.0,0.0
142.5,0.0,0.0
142.5,0.0,0.0
142.5,0.0,0.0
142.5,0.0,0.0
142.5,0.0,0.0
142.5,0.0,0.0
142.5,0.0,0.0
142.5,0.0,0.0
142.5,0.0,0.0
142.5,0.0,0.0
142.5,0.0,0.0
142.5,0.0,0.0
142.5,0.0,0.0
142.5,0.0,0.0
142.5,0.0,0.0
142.5,0.0,0.0
142.5,0.0,0.0
142.5,0.0,0.0
142.5,0.0,0.0
142.5,0.0,0.0
142.5,0.0,0.0
142.5,0.0,0.0
142.5,0.0,0.0
142.5,0.0,0.0
142.5,0.0,0.0
142.5,0.0,0.0
142.5,0.0,0.0
142.5,0.0,0.0
142.5,0.0,0.0
142.5,0.0,0.0
142.5,0.0,0.0
142.5,0.0,0.0
142.5,0.0,0.0
142.5,0.0,0.0
142.5,0.0,0.0
142.5,0.0,0.0
142.5,0.0,0.0
142.5,0.0,0.0
142.5,0.0,0.0
142.5,0.0,0.0
142.5,0.0,0.0
142.5,0.0,0.0
142.5,0.0,0.0
142.5,0.0,0.0
142.5,0.0,0.0
142.5,0.0,0.0
142.5,0.0,0.0
142.5,0.0,0.0
142.5,0.0,0.0
142.5,0.0,0.0
142.5,0.0,0.0
142.5,0.0,0.0
142.5,0.0,0.0
142.5,0.0,0.0
142.5,0.0,0.0
142.5,0.0,0.0
142.5,0.0,0.0
142.5,0.0,0.0
142.5,0.0,0.0
142.5,0.0,0.0
142.5,0.0,0.0
142.5,0.0,0.0
142.5,0.0,0.0
142.5,0.0,0.0
142.5,0.0,0.0
142.5,0.0,0.0
142.5,0.0,0.0
142.5,0.0,0.0
142.5,0.0,0.0
142.5,0.0,0.0
142.5,0.0,0.0
142.5,0.0,0.0
142.5,0.0,0.0
142.5,0.0,0.0
142.5,0.0,0.0
142.5,0.0,0.0
142.5,0.0,0.0
142.5,0.0,0.0
142.5,0.0,0.0
142.5,0.0,0.0
142.5,0.0,0.0
142.5,0.0,0.0
142.5,0.0,0.0
142.5,0.0,0.0
142.5,0.0,0.0
142.5,0.0,0.0
142.5,0.0,0.0
142.5,0.0,0.0
142.5,0.0,0.0
142.5,0.0,0.0
142.5,0.0,0.0
142.5,0.0,0.0
142.5,0.0,0.0
142.5,0.0,0.0
142.5,0.0,0.0
142.5,0.0,0.0
142.5,0.0,0.0
142.5,0.0,0.0
142.5,0.0,0.0
142.5,0.0,0.0
142.5,0.0,0.0
142.5,0.0,0.0
142.5,0.0,0.0
142.5,0.0,0.0
142.5,0.0,0.0
142.5,0.0,0.0
142.5,0.0,0.0
142.5,0.0,0.0
142.5,0.0,0.0
142.5,0.0,0.0
142.5,0.0,0.0
142.5,0.0,0.0
142.5,0.0,0.0
142.5,0.0,0.0
142.5,0.0,0.0
142.5,0.0,0.0
142.5,0.0,0.0
142.5,0.0,0.0
142.5,0.0,0.0
142.5,0.0,0.0
142.5,0.0,0.0
142.5,0.0,0.0
142.5,0.0,0.0
142.5,0.0,0.0
142.5,0.0,0.0
142.5,0.0,0.0
142.5,0.0,0.0
142.5,0.0,0.0
142.5,0.0,0.0
142.5,0.0,0.0
142.5,0.0,0.0
142.5,0.0,0.0
142.5,0.0,0.0
142.5,0.0,0.0
142.5,0.0,0.0
142.5,0.0,0.0
142.5,0.0,0.0
142.5,0.0,0.0
142.5,0.0,0.0
142.5,0.0,0.0
142.5,0.0,0.0
142.5,0.0,0.0
142.5,0.0,0.0
142.5,0.0,0.0
142.5,0.0,0.0
142.5,0.0,0.0
142.5,0.0,0.0
142.5,0.0,0.0
142.5,0.0,0.0
142.5,0.0,0.0
142.5,0.0,0.0
142.5,0.0,0.0
142.5,0.0,0.0
142.5,0.0,0.0
142.5,0.0,0.0
142.5,0.0,0.0
142.5,0.0,0.0
142.5,0.0,0.0
142.5,0.0,0.0
142.5,0.0,0.0
142.5,0.0,0.0
142.5,0.0,0.0
142.5,0.0,0.0
142.5,0.0,0.0
142.5,0.0,0.0
142.5,0.0,0.0
142.5,0.0,0.0
142.5,0.0,0.0
142.5,0.0,0.0
142.5,0.0,0.0
142.5,0.0,0.0
142.5,0.0,0.0
142.5,0.0,0.0
142.5,0.0,0.0
142.5,0.0,0.0
142.5,0.0,0.0
142.5,0.0,0.0
142.5,0.0,0.0
142.5,0.0,0.0
142.5,0.0,0.0
142.5,0.0,0.0
142.5,0.0,0.0
142.5,0.0,0.0
142.5,0.0,0.0
142.5,0.0,0.0
142.5,0.0,0.0
142.5,0.0,0.0
142.5,0.0,0.0
142.5,0.0,0.0
142.5,0.0,0.0
142.5,0.0,0.0
142.5,0.0,0.0
142.5,0.0,0.0
142.5,0.0,0.0
142.5,0.0,0.0
142.5,0.0,0.0
142.5,0.0,0.0
142.5,0.0,0.0
142.5,0.0,0.0
142.5,0.0,0.0
142.5,0.0,0.0
142.5,0.0,0.0
142.5,0.0,0.0
142.5,0.0,0.0
142.5,0.0,0.0
142.5,0.0,0.0
142.5,0.0,0.0
142.5,0.0,0.0
142.5,0.0,0.0
142.5,0.0,0.0
142.5,0.0,0.0
142.5,0.0,0.0
142.5,0.0,0.0
142.5,0.0,0.0
142.5,0.0,0.0
142.5,0.0,0.0
142.5,0.0,0.0
142.5,0.0,0.0
142.5,0.0,0.0
142.5,0.0,0.0
142.5,0.0,0.0
142.5,0.0,0.0
142.5,0.0,0.0
142.5,0.0,0.0
142.5,0.0,0.0
142.5,0.0,0.0
142.5,0.0,0.0
142.5,0.0,0.0
142.5,0.0,0.0
142.5,0.0,0.0
142.5,0.0,0.0
142.5,0.0,0.0
142.5,0.0,0.0
142.5,0.0,0.0
142.5,0.0,0.0
142.5,0.0,0.0
142.5,0.0,0.0
142.5,0.0,0.0
142.5,0.0,0.0
142.5,0.0,0.0
142.5,0.0,0.0
142.5,0.0,0.0
142.5,0.0,0.0
142.5,0.0,0.0
142.5,0.0,0.0
142.5,0.0,0.0
142.5,0.0,0.0
142.5,0.0,0.0
142.5,0.0,0.0
142.5,0.0,0.0
142.5,0.0,0.0
142.5,0.0,0.0
142.5,0.0,0.0
142.5,0.0,0.0
142.5,0.0,0.0
142.5,0.0,0.0
142.5,0.0,0.0
142.5,0.0,0.0
142.5,0.0,0.0
142.5,0.0,0.0
142.5,0.0,0.0
142.5,0.0,0.0
142.5,0.0,0.0
142.5,0.0,0.0
142.5,0.0,0.0
142.5,0.0,0.0
142.5,0.0,0.0
142.5,0.0,0.0
142.5,0.0,0.0
142.5,0.0,0.0
142.5,0.0,0.0
142.5,0.0,0.0
142.5,0.0,0.0
142.5,0.0,0.0
142.5,0.0,0.0
142.5,0.0,0.0
142.5,0.0,0.0
142.5,0.0,0.0
142.5,0.0,0.0
142.5,0.0,0.0
142.5,0.0,0.0
142.5,0.0,0.0
142.5,0.0,0.0
142.5,0.0,0.0
142.5,0.0,0.0
142.5,0.0,0.0
142.5,0.0,0.0
142.5,0.0,0.0
142.5,0.0,0.0
142.5,0.0,0.0
142.5,0.0,0.0
142.5,0.0,0.0
142.5,0.0,0.0
142.5,0.0,0.0
142.5,0.0,0.0
142.5,0.0,0.0
142.5,0.0,0.0
142.5,0.0,0.0
142.5,0.0,0.0
142.5,0.0,0.0
142.5,0.0,0.0
142.5,0.0,0.0
142.5,0.0,0.0
142.5,0.0,0.0
142.5,0.0,0.0
142.5,0.0,0.0
142.5,0.0,0.0
142.5,0.0,0.0
142.5,0.0,0.0
142.5,0.0,0.0
142.5,0.0,0.0
142.5,0.0,0.0
142.5,0.0,0.0
142.5,0.0,0.0
142.5,0.0,0.0
142.5,0.0,0.0
142.5,0.0,0.0
142.5,0.0,0.0
142.5,0.0,0.0
142.5,0.0,0.0
142.5,0.0,0.0
142.5,0.0,0.0
142.5,0.0,0.0
142.5,0.0,0.0
142.5,0.0,0.0
142.5,0.0,0.0
142.5,0.0,0.0
142.5,0.0,0.0
142.5,0.0,0.0
142.5,0.0,0.0
142.5,0.0,0.0
142.5,0.0,0.0
142.5,0.0,0.0
142.5,0.0,0.0
142.5,0.0,0.0
142.5,0.0,0.0
142.5,0.0,0.0
142.5,0.0,0.0
142.5,0.0,0.0
142.5,0.0,0.0
142.5,0.0,0.0
142.5,0.0,0.0
142.5,0.0,0.0
142.5,0.0,0.0
142.5,0.0,0.0
142.5,0.0,0.0
142.5,0.0,0.0
142.5,0.0,0.0
142.5,0.0,0.0
142.5,0.0,0.0
142.5,0.0,0.0
142.5,0.0,0.0
142.5,0.0,0.0
142.5,0.0,0.0
142.5,0.0,0.0
142.5,0.0,0.0
142.5,0.0,0.0
142.5,0.0,0.0
142.5,0.0,0.0
142.5,0.0,0.0
142.5,0.0,0.0
142.5,0.0,0.0
142.5,0.0,0.0
142.5,0.0,0.0
142.5,0.0,0.0
142.5,0.0,0.0
142.5,0.0,0.0
142.5,0.0,0.0
142.5,0.0,0.0
142.5,0.0,0.0
142.5,0.0,0.0
142.5,0.0,0.0
142.5,0.0,0.0
142.5,0.0,0.0
142.5,0.0,0.0
142.5,0.0,0.0
142.5,0.0,0.0
142.5,0.0,0.0
142.5,0.0,0.0
142.5,0.0,0.0
142.5,0.0,0.0
142.5,0.0,0.0
142.5,0.0,0.0
142.5,0.0,0.0
142.5,0.0,0.0
142.5,0.0,0.0
142.5,0.0,0.0
142.5,0.0,0.0
142.5,0.0,0.0
142.5,0.0,0.0
142.5,0.0,0.0
142.5,0.0,0.0
142.5,0.0,0.0
142.5,0.0,0.0
142.5,0.0,0.0
142.5,0.0,0.0
142.5,0.0,0.0
142.5,0.0,0.0
142.5,0.0,0.0
142.5,0.0,0.0
142.5,0.0,0.0
142.5,0.0,0.0
142.5,0.0,0.0
142.5,0.0,0.0
142.5,0.0,0.0
142.5,0.0,0.0
142.5,0.0,0.0
142.5,0.0,0.0
142.5,0.0,0.0
142.5,0.0,0.0
142.5,0.0,0.0
142.5,0.0,0.0
142.5,0.0,0.0
142.5,0.0,0.0
142.5,0.0,0.0
142.5,0.0,0.0
142.5,0.0,0.0
142.5,0.0,0.0
142.5,0.0,0.0
142.5,0.0,0.0
142.5,0.0,0.0
142.5,0.0,0.0
142.5,0.0,0.0
142.5,0.0,0.0
142.5,0.0,0.0
142.5,0.0,0.0
142.5,0.0,0.0
142.5,0.0,0.0
142.5,0.0,0.0
142.5,0.0,0.0
142.5,0.0,0.0
142.5,0.0,0.0
142.5,0.0,0.0
142.5,0.0,0.0
142.5,0.0,0.0
142.5,0.0,0.0
142.5,0.0,0.0
142.5,0.0,0.0
142.5,0.0,0.0
142.5,0.0,0.0
142.5,0.0,0.0
142.5,0.0,0.0
142.5,0.0,0.0
142.5,0.0,0.0
142.5,0.0,0.0
142.5,0.0,0.0
142.5,0.0,0.0
142.5,0.0,0.0
142.5,0.0,0.0
142.5,0.0,0.0
142.5,0.0,0.0
142.5,0.0,0.0
142.5,0.0,0.0
142.5,0.0,0.0
142.5,0.0,0.0
142.5,0.0,0.0
142.5,0.0,0.0
142.5,0.0,0.0
142.5,0.0,0.0
142.5,0.0,0.0
142.5,0.0,0.0
142.5,0.0,0.0
142.5,0.0,0.0
142.5,0.0,0.0
142.5,0.0,0.0
142.5,0.0,0.0
142.5,0.0,0.0
142.5,0.0,0.0
142.5,0.0,0.0
142.5,0.0,0.0
142.5,0.0,0.0
142.5,0.0,0.0
142.5,0.0,0.0
142.5,0.0,0.0
142.5,0.0,0.0
142.5,0.0,0.0
142.5,0.0,0.0
142.5,0.0,0.0
142.5,0.0,0.0
142.5,0.0,0.0
142.5,0.0,0.0
142.5,0.0,0.0
142.5,0.0,0.0
142.5,0.0,0.0
142.5,0.0,0.0
142.5,0.0,0.0
142.5,0.0,0.0
142.5,0.0,0.0
142.5,0.0,0.0
142.5,0.0,0.0
142.5,0.0,0.0
142.5,0.0,0.0
142.5,0.0,0.0
142.5,0.0,0.0
142.5,0.0,0.0
142.5,0.0,0.0
142.5,0.0,0.0
142.5,0.0,0.0
142.5,0.0,0.0
142.5,0.0,0.0
142.5,0.0,0.0
142.5,0.0,0.0
142.5,0.0,0.0
142.5,0.0,0.0
142.5,0.0,0.0
142.5,0.0,0.0
142.5,0.0,0.0
142.5,0.0,0.0
142.5,0.0,0.0
142.5,0.0,0.0
142.5,0.0,0.0
142.5,0.0,0.0
142.5,0.0,0.0
142.5,0.0,0.0
142.5,0.0,0.0
142.5,0.0,0.0
142.5,0.0,0.0
142.5,0.0,0.0
142.5,0.0,0.0
142.5,0.0,0.0
142.5,0.0,0.0
142.5,0.0,0.0
142.5,0.0,0.0
142.5,0.0,0.0
142.5,0.0,0.0
142.5,0.0,0.0
142.5,0.0,0.0
142.5,0.0,0.0
142.5,0.0,0.0
142.5,0.0,0.0
142.5,0.0,0.0
142.5,0.0,0.0
142.5,0.0,0.0
142.5,0.0,0.0
142.5,0.0,0.0
142.5,0.0,0.0
142.5,0.0,0.0
142.5,0.0,0.0
142.5,0.0,0.0
142.5,0.0,0.0
142.5,0.0,0.0
142.5,0.0,0.0
142.5,0.0,0.0
142.5,0.0,0.0
142.5,0.0,0.0
142.5,0.0,0.0
142.5,0.0,0.0
142.5,0.0,0.0
142.5,0.0,0.0
142.5,0.0,0.0
142.5,0.0,0.0
142.5,0.0,0.0
142.5,0.0,0.0
142.5,0.0,0.0
142.5,0.0,0.0
142.5,0.0,0.0
142.5,0.0,0.0
142.5,0.0,0.0
142.5,0.0,0.0
142.5,0.0,0.0
142.5,0.0,0.0
142.5,0.0,0.0
142.5,0.0,0.0
142.5,0.0,0.0
142.5,0.0,0.0
142.5,0.0,0.0
142.5,0.0,0.0
142.5,0.0,0.0
142.5,0.0,0.0
142.5,0.0,0.0
142.5,0.0,0.0
142.5,0.0,0.0
142.5,0.0,0.0
142.5,0.0,0.0
142.5,0.0,0.0
142.5,0.0,0.0
142.5,0.0,0.0
142.5,0.0,0.0
142.5,0.0,0.0
142.5,0.0,0.0
142.5,0.0,0.0
142.5,0.0,0.0
142.5,0.0,0.0
142.5,0.0,0.0
142.5,0.0,0.0
142.5,0.0,0.0
142.5,0.0,0.0
142.5,0.0,0.0
142.5,0.0,0.0
142.5,0.0,0.0
142.5,0.0,0.0
142.5,0.0,0.0
142.5,0.0,0.0
142.5,0.0,0.0
142.5,0.0,0.0
142.5,0.0,0.0
142.5,0.0,0.0
142.5,0.0,0.0
142.5,0.0,0.0
142.5,0.0,0.0
142.5,0.0,0.0
142.5,0.0,0.0
142.5,0.0,0.0
142.5,0.0,0.0
142.5,0.0,0.0
142.5,0.0,0.0
142.5,0.0,0.0
0.0,0.0,0.0
0.0,0.0,0.0
0.0,0.0,0.0
0.0,0.0,0.0
0.0,0.0,0.0
0.0,0.0,0.0
0.0,0.0,0.0
0.0,0.0,0.0
0.0,0.0,0.0
0.0,0.0,0.0
0.0,0.0,0.0
0.0,0.0,0.0
0.0,0.0,0.0
0.0,0.0,0.0
0.0,0.0,0.0
0.0,0.0,0.0
0.0,0.0,0.0
0.0,0.0,0.0
0.0,0.0,0.0
0.0,0.0,0.0
0.0,0.0,0.0
0.0,0.0,0.0
0.0,0.0,0.0
0.0,0.0,0.0
0.0,0.0,0.0
0.0,0.0,0.0
0.0,0.0,0.0
0.0,0.0,0.0
0.0,0.0,0.0
0.0,0.0,0.0
0.0,0.0,0.0
0.0,0.0,0.0
0.0,0.0,0.0
0.0,0.0,0.0
0.0,0.0,0.0
0.0,0.0,0.0
0.0,0.0,0.0
0.0,0.0,0.0
0.0,0.0,0.0
0.0,0.0,0.0
0.0,0.0,0.0
0.0,0.0,0.0
0.0,0.0,0.0
0.0,0.0,0.0
0.0,0.0,0.0
0.0,0.0,0.0
0.0,0.0,0.0
0.0,0.0,0.0
0.0,0.0,0.0
0.0,0.0,0.0
0.0,0.0,0.0
0.0,0.0,0.0
0.0,0.0,0.0
0.0,0.0,0.0
0.0,0.0,0.0
0.0,0.0,0.0
0.0,0.0,0.0
0.0,0.0,0.0
0.0,0.0,0.0
0.0,0.0,0.0
0.0,0.0,0.0
0.0,0.0,0.0
0.0,0.0,0.0
0.0,0.0,0.0
0.0,0.0,0.0
0.0,0.0,0.0
0.0,0.0,0.0
0.0,0.0,0.0
0.0,0.0,0.0
0.0,0.0,0.0
0.0,0.0,0.0
0.0,0.0,0.0
0.0,0.0,0.0
0.0,0.0,0.0
0.0,0.0,0.0
0.0,0.0,0.0
0.0,0.0,0.0
0.0,0.0,0.0
0.0,0.0,0.0
0.0,0.0,0.0
0.0,0.0,0.0
0.0,0.0,0.0
0.0,0.0,0.0
0.0,0.0,0.0
0.0,0.0,0.0
0.0,0.0,0.0
0.0,0.0,0.0
0.0,0.0,0.0
0.0,0.0,0.0
0.0,0.0,0.0
0.0,0.0,0.0
0.0,0.0,0.0
0.0,0.0,0.0
0.0,0.0,0.0
0.0,0.0,0.0
0.0,0.0,0.0
0.0,0.0,0.0
0.0,0.0,0.0
0.0,0.0,0.0
0.0,0.0,0.0
0.0,0.0,0.0
0.0,0.0,0.0
0.0,0.0,0.0
0.0,0.0,0.0
0.0,0.0,0.0
0.0,0.0,0.0
0.0,0.0,0.0
0.0,0.0,0.0
0.0,0.0,0.0
0.0,0.0,0.0
0.0,0.0,0.0
0.0,0.0,0.0
0.0,0.0,0.0
0.0,0.0,0.0
0.0,0.0,0.0
0.0,0.0,0.0
0.0,0.0,0.0
0.0,0.0,0.0
0.0,0.0,0.0
0.0,0.0,0.0
0.0,0.0,0.0
0.0,0.0,0.0
0.0,0.0,0.0
0.0,0.0,0.0
0.0,0.0,0.0
0.0,0.0,0.0
0.0,0.0,0.0
0.0,0.0,0.0
0.0,0.0,0.0
0.0,0.0,0.0
0.0,0.0,0.0
0.0,0.0,0.0
0.0,0.0,0.0
0.0,0.0,0.0
0.0,0.0,0.0
0.0,0.0,0.0
0.0,0.0,0.0
0.0,0.0,0.0
0.0,0.0,0.0
0.0,0.0,0.0
0.0,0.0,0.0
0.0,0.0,0.0
0.0,0.0,0.0
0.0,0.0,0.0
0.0,0.0,0.0
0.0,0.0,0.0
0.0,0.0,0.0
0.0,0.0,0.0
0.0,0.0,0.0
0.0,0.0,0.0
0.0,0.0,0.0
0.0,0.0,0.0
0.0,0.0,0.0
0.0,0.0,0.0
0.0,0.0,0.0
0.0,0.0,0.0
0.0,0.0,0.0
0.0,0.0,0.0
0.0,0.0,0.0
0.0,0.0,0.0
0.0,0.0,0.0
0.0,0.0,0.0
0.0,0.0,0.0
0.0,0.0,0.0
0.0,0.0,0.0
0.0,0.0,0.0
0.0,0.0,0.0
0.0,0.0,0.0
0.0,0.0,0.0
0.0,0.0,0.0
0.0,0.0,0.0
0.0,0.0,0.0
0.0,0.0,0.0
0.0,0.0,0.0
0.0,0.0,0.0
0.0,0.0,0.0
0.0,0.0,0.0
0.0,0.0,0.0
0.0,0.0,0.0
0.0,0.0,0.0
0.0,0.0,0.0
0.0,0.0,0.0
0.0,0.0,0.0
0.0,0.0,0.0
0.0,0.0,0.0
0.0,0.0,0.0
0.0,0.0,0.0
0.0,0.0,0.0
0.0,0.0,0.0
0.0,0.0,0.0
0.0,0.0,0.0
0.0,0.0,0.0
0.0,0.0,0.0
0.0,0.0,0.0
0.0,0.0,0.0
0.0,0.0,0.0
0.0,0.0,0.0
0.0,0.0,0.0
0.0,0.0,0.0
0.0,0.0,0.0
0.0,0.0,0.0
0.0,0.0,0.0
0.0,0.0,0.0
0.0,0.0,0.0
0.0,0.0,0.0
0.0,0.0,0.0
0.0,0.0,0.0
0.0,0.0,0.0
0.0,0.0,0.0
0.0,0.0,0.0
0.0,0.0,0.0
0.0,0.0,0.0
0.0,0.0,0.0
0.0,0.0,0.0
0.0,0.0,0.0
0.0,0.0,0.0
0.0,0.0,0.0
0.0,0.0,0.0
0.0,0.0,0.0
0.0,0.0,0.0
0.0,0.0,0.0
0.0,0.0,0.0
0.0,0.0,0.0
0.0,0.0,0.0
0.0,0.0,0.0
0.0,0.0,0.0
0.0,0.0,0.0
0.0,0.0,0.0
0.0,0.0,0.0
0.0,0.0,0.0
0.0,0.0,0.0
0.0,0.0,0.0
0.0,0.0,0.0
0.0,0.0,0.0
0.0,0.0,0.0
0.0,0.0,0.0
0.0,0.0,0.0
0.0,0.0,0.0
0.0,0.0,0.0
0.0,0.0,0.0
0.0,0.0,0.0
0.0,0.0,0.0
0.0,0.0,0.0
0.0,0.0,0.0
0.0,0.0,0.0
0.0,0.0,0.0
0.0,0.0,0.0
0.0,0.0,0.0
0.0,0.0,0.0
0.0,0.0,0.0
0.0,0.0,0.0
0.0,0.0,0.0
0.0,0.0,0.0
