0.0,0.0,0.0
0.0,0.0,0.0
0.0,0.0,0.0
0.0,0.0,0.0
0.0,0.0,0.0
0.0,0.0,0.0
0.0,0.0,0.0
0.0,0.0,0.0
0.0,0.0,0.0
0.0,0.0,0.0
0.0,0.0,0.0
0.0,0.0,0.0
0.0,0.0,0.0
0.0,0.0,0.0
0.0,0.0,0.0
0.0,0.0,0.0
0.0,0.0,0.0
0.0,0.0,0.0
0.0,0.0,0.0
0.0,0.0,0.0
0.0,0.0,0.0
0.0,0.0,0.0
0.0,0.0,0.0
0.0,0.0,0.0
0.0,0.0,0.0
0.0,0.0,0.0
0.0,0.0,0.0
0.0,0.0,0.0
0.0,0.0,0.0
0.0,0.0,0.0
0.0,0.0,0.0
0.0,0.0,0.0
0.0,0.0,0.0
0.0,0.0,0.0
0.0,0.0,0.0
0.0,0.0,0.0
0.0,0.0,0.0
0.0,0.0,0.0
0.0,0.0,0.0
0.0,0.0,0.0
0.0,0.0,0.0
0.0,0.0,0.0
0.0,0.0,0.0
0.0,0.0,0.0
0.0,0.0,0.0
0.0,0.0,0.0
0.0,0.0,0.0
0.0,0.0,0.0
0.0,0.0,0.0
0.0,0.0,0.0
0.0,0.0,0.0
0.0,0.0,0.0
0.0,0.0,0.0
0.0,0.0,0.0
0.0,0.0,0.0
0.0,0.0,0.0
0.0,0.0,0.0
0.0,0.0,0.0
0.0,0.0,0.0
0.0,0.0,0.0
0.0,0.0,0.0
0.0,0.0,0.0
0.0,0.0,0.0
0.0,0.0,0.0
0.0,0.0,0.0
0.0,0.0,0.0
0.0,0.0,0.0
0.0,0.0,0.0
0.0,0.0,0.0
0.0,0.0,0.0
0.0,0.0,0.0
0.0,0.0,0.0
0.0,0.0,0.0
0.0,0.0,0.0
0.0,0.0,0.0
0.0,0.0,0.0
0.0,0.0,0.0
0.0,0.0,0.0
0.0,0.0,0.0
0.0,0.0,0.0
0.0,0.0,0.0
0.0,0.0,0.0
0.0,0.0,0.0
0.0,0.0,0.0
0.0,0.0,0.0
0.0,0.0,0.0
0.0,0.0,0.0
0.0,0.0,0.0
0.0,0.0,0.0
0.0,0.0,0.0
0.0,0.0,0.0
0.0,0.0,0.0
0.0,0.0,0.0
0.0,0.0,0.0
0.0,0.0,0.0
0.0,0.0,0.0
0.0,0.0,0.0
0.0,0.0,0.0
0.0,0.0,0.0
0.0,0.0,0.0
0.0,0.0,0.0
0.0,0.0,0.0
0.0,0.0,0.0
0.0,0.0,0.0
0.0,0.0,0.0
0.0,0.0,0.0
0.0,0.0,0.0
0.0,0.0,0.0
0.0,0.0,0.0
0.0,0.0,0.0
0.0,0.0,0.0
0.0,0.0,0.0
0.0,0.0,0.0
0.0,0.0,0.0
0.0,0.0,0.0
0.0,0.0,0.0
0.0,0.0,0.0
0.0,0.0,0.0
0.0,0.0,0.0
0.0,0.0,0.0
0.0,0.0,0.0
0.0,0.0,0.0
0.0,0.0,0.0
0.0,0.0,0.0
0.0,0.0,0.0
0.0,0.0,0.0
0.0,0.0,0.0
0.0,0.0,0.0
0.0,0.0,0.0
0.0,0.0,0.0
0.0,0.0,0.0
0.0,0.0,0.0
0.0,0.0,0.0
0.0,0.0,0.0
0.0,0.0,0.0
0.0,0.0,0.0
0.0,0.0,0.0
0.0,0.0,0.0
0.0,0.0,0.0
0.0,0.0,0.0
0.0,0.0,0.0
0.0,0.0,0.0
0.0,0.0,0.0
0.0,0.0,0.0
0.0,0.0,0.0
0.0,0.0,0.0
0.0,0.0,0.0
0.0,0.0,0.0
0.0,0.0,0.0
0.0,0.0,0.0
0.0,0.0,0.0
0.0,0.0,0.0
0.0,0.0,0.0
0.0,0.0,0.0
0.0,0.0,0.0
0.0,0.0,0.0
0.0,0.0,0.0
0.0,0.0,0.0
0.0,0.0,0.0
0.0,0.0,0.0
0.0,0.0,0.0
0.0,0.0,0.0
0.0,0.0,0.0
0.0,0.0,0.0
0.0,0.0,0.0
0.0,0.0,0.0
0.0,0.0,0.0
0.0,0.0,0.0
0.0,0.0,0.0
0.0,0.0,0.0
0.0,0.0,0.0
0.0,0.0,0.0
0.0,0.0,0.0
0.0,0.0,0.0
0.0,0.0,0.0
0.0,0.0,0.0
0.0,0.0,0.0
0.0,0.0,0.0
0.0,0.0,0.0
0.0,0.0,0.0
0.0,0.0,0.0
0.0,0.0,0.0
0.0,0.0,0.0
0.0,0.0,0.0
0.0,0.0,0.0
0.0,0.0,0.0
0.0,0.0,0.0
0.0,0.0,0.0
0.0,0.0,0.0
0.0,0.0,0.0
0.0,0.0,0.0
0.0,0.0,0.0
0.0,0.0,0.0
0.0,0.0,0.0
0.0,0.0,0.0
0.0,0.0,0.0
0.0,0.0,0.0
0.0,0.0,0.0
0.0,0.0,0.0
0.0,0.0,0.0
0.0,0.0,0.0
0.0,0.0,0.0
0.0,0.0,0.0
0.0,0.0,0.0
0.0,0.0,0.0
0.0,0.0,0.0
0.0,0.0,0.0
0.0,0.0,0.0
0.0,0.0,0.0
0.0,61.0,0.0
0.0,229.0,0.0
0.0,447.0,0.0
0.0,420.0,0.0
0.0,383.0,0.0
0.0,375.0,0.0
0.0,411.0,0.0
0.0,396.0,0.0
0.0,368.0,0.0
0.0,363.0,0.0
0.0,376.0,0.0
0.0,371.0,0.0
0.0,371.0,0.0
0.0,367.0,0.0
0.0,375.0,0.0
0.0,387.0,0.0
0.0,386.0,0.0
0.0,391.0,0.0
0.0,406.0,0.0
0.0,427.0,0.0
0.0,439.0,0.0
0.0,444.0,0.0
0.0,444.0,0.0
0.0,448.0,0.0
0.0,457.0,0.0
0.0,461.0,0.0
0.0,463.0,0.0
0.0,462.0,0.0
0.0,471.0,0.0
0.0,491.0,0.0
0.0,507.0,0.0
0.0,532.0,0.0
0.0,556.0,0.0
0.0,585.0,0.0
0.0,595.0,0.0
0.0,598.0,0.0
0.0,621.0,0.0
0.0,676.0,0.0
0.0,771.0,0.0
0.0,783.0,0.0
0.0,786.0,0.0
0.0,785.0,0.0
0.0,878.0,0.0
0.0,929.0,0.0
0.0,960.0,0.0
0.0,974.0,0.0
0.0,993.0,0.0
0.0,981.0,0.0
0.0,945.0,0.0
0.08333333333333333,934.0,0.0
0.08333333333333333,969.0,0.0
0.08333333333333333,1012.0,0.0
0.08333333333333333,1048.0,0.0
0.08333333333333333,1059.0,0.0
0.08333333333333333,1056.0,0.0
0.08333333333333333,1055.0,0.0
0.08333333333333333,1055.0,0.0
0.08333333333333333,1087.0,0.0
0.08333333333333333,1137.0,0.0
0.08333333333333333,1239.0,0.0
0.08333333333333333,1475.0,0.0
0.16666666666666666,1569.0,0.0
0.16666666666666666,1565.0,0.0
0.16666666666666666,1420.0,0.0
0.16666666666666666,1255.0,0.0
0.16666666666666666,1255.0,0.0
0.16666666666666666,1286.0,0.0
0.16666666666666666,1278.0,0.0
0.16666666666666666,1288.0,0.0
0.25,1295.0,0.340909
0.25,1294.0,0.340909
0.25,1346.0,0.340909
0.25,1431.0,0.340909
0.25,1559.0,0.340909
0.25,1609.0,0.340909
0.3333333333333333,1437.0,0.45454533333333336
0.3333333333333333,1377.0,0.45454533333333336
0.3333333333333333,1393.0,0.45454533333333336
0.3333333333333333,1364.0,0.45454533333333336
0.4166666666666667,1319.0,0.45454533333333336
0.4166666666666667,1305.0,0.5681816666666667
0.4166666666666667,1415.0,0.5681816666666667
0.4166666666666667,1527.0,0.5681816666666667
0.4166666666666667,1703.0,0.5681816666666667
0.5,1597.0,0.6249998333333333
0.5,1446.0,0.6249998333333333
0.5,1361.0,0.6249998333333333
0.5,1570.0,0.6249998333333333
0.5833333333333334,1675.0,0.7386361666666666
0.5833333333333334,1616.0,0.7386361666666666
0.5833333333333334,1571.0,0.7386361666666666
0.6666666666666666,1501.0,0.7386361666666666
0.6666666666666666,1553.0,0.7954543333333334
0.6666666666666666,1687.0,0.7954543333333334
0.6666666666666666,1705.0,0.7954543333333334
0.75,1548.0,0.8522725
0.75,1343.0,0.8522725
0.75,1338.0,0.8522725
0.8333333333333334,1463.0,0.8522725
0.8333333333333334,1548.0,0.8522725
0.8333333333333334,1647.0,0.8522725
0.9166666666666666,1785.0,0.8522725
0.9166666666666666,1869.0,0.9090906666666667
0.9166666666666666,1945.0,0.9090906666666667
1.0,2025.0,0.9090906666666667
1.0,2041.0,0.9659088333333334
1.0,2034.0,0.9659088333333334
1.0833333333333333,2034.0,1.0227270000000002
1.0833333333333333,2047.0,1.0227270000000002
1.0833333333333333,2005.0,1.0227270000000002
1.1666666666666667,1893.0,1.0795451666666667
1.1666666666666667,1868.0,1.0795451666666667
1.25,1868.0,1.1363633333333334
1.25,1847.0,1.1363633333333334
1.3333333333333333,1842.0,1.1363633333333334
1.3333333333333333,1810.0,1.1363633333333334
1.3333333333333333,1796.0,1.1363633333333334
1.4166666666666667,1816.0,1.1363633333333334
1.4166666666666667,1836.0,1.1363633333333334
1.5,1821.0,1.1363633333333334
1.5,1789.0,1.3068178333333333
1.5833333333333333,1735.0,1.3068178333333333
1.5833333333333333,1706.0,1.2499996666666666
1.5833333333333333,1741.0,1.2499996666666666
1.6666666666666667,1730.0,1.1931815000000001
1.6666666666666667,1691.0,1.1931815000000001
1.75,1692.0,1.363636
1.75,1701.0,1.363636
1.8333333333333333,1675.0,1.4204541666666668
1.8333333333333333,1647.0,1.4204541666666668
1.8333333333333333,1636.0,1.4204541666666668
1.8333333333333333,1629.0,1.4204541666666668
1.9166666666666667,1619.0,0.681818
1.9166666666666667,1627.0,0.681818
1.9166666666666667,1655.0,0.681818
1.9166666666666667,1685.0,0.681818
1.9166666666666667,1670.0,0.681818
2.0,1670.0,0.681818
2.0,1662.0,0.5681816666666667
2.0833333333333335,1644.0,1.8181813333333334
2.1666666666666665,1645.0,1.8181813333333334
2.1666666666666665,1643.0,1.704545
2.25,1616.0,1.704545
2.3333333333333335,1581.0,1.704545
2.3333333333333335,1512.0,2.0454540000000003
2.4166666666666665,1457.0,1.9318176666666669
2.5,1440.0,1.9318176666666669
2.5,1446.0,2.0454540000000003
2.5833333333333335,1497.0,2.0454540000000003
2.6666666666666665,1580.0,2.1590903333333333
2.75,1580.0,2.1590903333333333
2.8333333333333335,1700.0,2.2159085000000003
2.8333333333333335,1725.0,2.3295448333333333
2.9166666666666665,1706.0,1.9886358333333334
3.0,1695.0,2.8409083333333336
3.0833333333333335,1652.0,2.8409083333333336
3.1666666666666665,1570.0,2.3863630000000002
3.25,1530.0,2.3295448333333333
3.3333333333333335,1536.0,2.8409083333333336
3.3333333333333335,1571.0,2.5568175
3.3333333333333335,1653.0,2.5568175
3.3333333333333335,1698.0,2.5568175
3.3333333333333335,1679.0,2.5568175
3.4166666666666665,1636.0,2.5568175
3.5,1660.0,0.6249998333333333
3.5833333333333335,1678.0,2.4431811666666667
3.5833333333333335,1657.0,3.1249991666666666
3.6666666666666665,1630.0,3.1249991666666666
3.75,1599.0,1.3068178333333333
3.75,1586.0,2.3863630000000002
3.8333333333333335,1552.0,2.5568175
3.9166666666666665,1550.0,3.0113628333333335
4.0,1554.0,2.8977265
4.0,1536.0,2.8977265
4.083333333333333,1554.0,1.2499996666666666
4.166666666666667,1593.0,3.4659081666666665
4.333333333333333,1622.0,3.4659081666666665
4.416666666666667,1642.0,3.1249991666666666
4.416666666666667,1669.0,3.0113628333333335
4.583333333333333,1681.0,3.0113628333333335
4.666666666666667,1675.0,3.2386355
4.75,1676.0,3.40909
4.833333333333333,1674.0,3.068181
4.916666666666667,1615.0,3.2954536666666665
5.0,1567.0,3.636362666666667
5.083333333333333,1531.0,3.2386355
5.25,1480.0,3.40909
5.333333333333333,1422.0,3.40909
5.416666666666667,1337.0,3.5795445000000004
5.5,1282.0,3.2386355
5.583333333333333,1235.0,3.40909
5.666666666666667,1184.0,3.40909
5.666666666666667,1158.0,3.40909
5.75,1158.0,3.40909
5.75,1154.0,1.1363633333333334
5.916666666666667,1168.0,1.9886358333333334
6.0,1171.0,3.40909
6.083333333333333,1171.0,3.40909
6.083333333333333,1169.0,3.2386355
6.25,1178.0,3.2386355
6.333333333333333,1176.0,3.5795445000000004
6.416666666666667,1183.0,3.5795445000000004
6.5,1194.0,3.636362666666667
6.583333333333333,1217.0,3.806817166666667
6.666666666666667,1249.0,3.806817166666667
6.75,1234.0,3.7499990000000003
6.916666666666667,1180.0,3.7499990000000003
7.0,1018.0,3.40909
7.083333333333333,993.0,3.9772716666666668
7.166666666666667,1020.0,3.806817166666667
7.333333333333333,948.0,3.806817166666667
7.416666666666667,950.0,3.9772716666666668
7.416666666666667,939.0,3.1818173333333335
7.583333333333333,901.0,3.1818173333333335
7.666666666666667,882.0,3.9772716666666668
7.666666666666667,857.0,3.693180833333334
7.833333333333333,826.0,3.693180833333334
7.833333333333333,788.0,3.9204535000000003
7.916666666666667,735.0,3.9204535000000003
7.916666666666667,704.0,1.704545
8.083333333333334,664.0,1.9318176666666669
8.166666666666666,633.0,3.7499990000000003
8.333333333333334,623.0,3.7499990000000003
8.416666666666666,645.0,4.147726166666667
8.5,680.0,3.40909
8.583333333333334,682.0,3.5795445000000004
8.666666666666666,666.0,3.5795445000000004
8.75,704.0,3.9772716666666668
8.833333333333334,727.0,3.9772716666666668
8.916666666666666,720.0,4.147726166666667
9.083333333333334,711.0,4.147726166666667
9.166666666666666,686.0,4.431817000000001
9.25,683.0,3.7499990000000003
9.333333333333334,687.0,3.806817166666667
9.333333333333334,681.0,3.806817166666667
9.416666666666666,681.0,3.806817166666667
9.416666666666666,653.0,1.1931815000000001
9.583333333333334,637.0,1.9318176666666669
9.666666666666666,630.0,4.374998833333334
9.833333333333334,635.0,3.8636353333333338
9.916666666666666,624.0,3.806817166666667
10.0,597.0,3.636362666666667
10.166666666666666,613.0,3.636362666666667
10.25,618.0,4.374998833333334
10.333333333333334,612.0,3.8636353333333338
10.416666666666666,612.0,3.8636353333333338
10.5,638.0,4.090908000000001
10.666666666666666,669.0,4.090908000000001
10.75,677.0,3.7499990000000003
10.833333333333334,633.0,3.7499990000000003
10.833333333333334,548.0,3.7499990000000003
11.0,554.0,3.7499990000000003
11.0,558.0,4.374998833333334
11.083333333333334,541.0,1.9318176666666669
11.25,514.0,3.806817166666667
11.333333333333334,496.0,3.9204535000000003
11.416666666666666,500.0,3.806817166666667
11.583333333333334,545.0,3.806817166666667
11.583333333333334,661.0,3.4659081666666665
11.666666666666666,701.0,1.9318176666666669
11.833333333333334,767.0,1.9318176666666669
11.916666666666666,835.0,4.090908000000001
11.916666666666666,818.0,4.090908000000001
12.0,701.0,4.090908000000001
12.083333333333334,748.0,1.1931815000000001
12.166666666666666,889.0,4.8863623333333335
12.166666666666666,911.0,4.8863623333333335
12.25,806.0,4.8863623333333335
12.333333333333334,828.0,3.9204535000000003
12.333333333333334,892.0,3.9204535000000003
12.5,889.0,3.9204535000000003
12.583333333333334,866.0,3.9772716666666668
12.916666666666666,894.0,3.8636353333333338
12.916666666666666,900.0,3.2386355
13.0,881.0,1.8181813333333334
13.0,888.0,1.8181813333333334
13.083333333333334,888.0,1.3068178333333333
13.25,873.0,3.1818173333333335
13.333333333333334,832.0,4.261362500000001
13.416666666666666,824.0,3.522726333333334
13.5,822.0,3.806817166666667
13.75,907.0,3.8636353333333338
13.833333333333334,967.0,4.147726166666667
14.0,977.0,4.147726166666667
14.083333333333334,1039.0,4.488635166666667
14.166666666666666,1039.0,3.693180833333334
14.25,1005.0,3.2386355
14.416666666666666,964.0,3.2386355
14.5,912.0,3.352271833333334
14.5,892.0,3.9204535000000003
14.583333333333334,871.0,1.5909086666666667
14.75,869.0,1.5909086666666667
14.833333333333334,866.0,3.352271833333334
14.916666666666666,905.0,3.5795445000000004
15.083333333333334,920.0,3.5795445000000004
15.083333333333334,888.0,3.40909
15.083333333333334,846.0,3.40909
15.25,825.0,3.40909
15.333333333333334,815.0,4.318180666666667
15.416666666666666,795.0,3.9772716666666668
15.5,782.0,3.40909
15.666666666666666,747.0,3.693180833333334
15.75,679.0,3.9204535000000003
15.833333333333334,655.0,3.522726333333334
16.0,654.0,3.522726333333334
16.083333333333332,653.0,3.2386355
16.166666666666668,661.0,4.090908000000001
16.333333333333332,653.0,4.090908000000001
16.416666666666668,663.0,3.522726333333334
16.416666666666668,664.0,4.204544333333334
16.5,654.0,1.9318176666666669
16.5,678.0,1.9318176666666669
16.583333333333332,683.0,1.2499996666666666
16.666666666666668,684.0,3.1249991666666666
16.666666666666668,715.0,3.1249991666666666
16.75,782.0,3.1249991666666666
16.75,782.0,1.3068178333333333
16.916666666666668,804.0,1.761363166666667
17.0,800.0,3.693180833333334
17.083333333333332,833.0,4.261362500000001
17.25,833.0,4.261362500000001
17.333333333333332,819.0,4.545453333333334
17.5,791.0,3.9772716666666668
17.583333333333332,743.0,3.9204535000000003
17.666666666666668,700.0,3.8636353333333338
17.833333333333332,708.0,3.8636353333333338
17.833333333333332,700.0,4.034089833333334
17.833333333333332,697.0,4.034089833333334
17.833333333333332,714.0,4.034089833333334
17.916666666666668,720.0,0.9090906666666667
18.0,752.0,0.9090906666666667
18.083333333333332,774.0,4.034089833333334
18.166666666666668,771.0,3.522726333333334
18.25,772.0,1.9318176666666669
18.333333333333332,781.0,3.2386355
18.5,774.0,3.5795445000000004
18.583333333333332,759.0,3.636362666666667
18.583333333333332,760.0,3.9204535000000003
18.75,761.0,3.9204535000000003
18.833333333333332,751.0,3.806817166666667
18.916666666666668,735.0,4.488635166666667
19.0,706.0,4.488635166666667
19.083333333333332,639.0,1.761363166666667
19.333333333333332,663.0,5.227271333333333
19.416666666666668,649.0,3.9772716666666668
19.5,624.0,4.090908000000001
19.666666666666668,609.0,3.9204535000000003
19.75,660.0,3.9772716666666668
19.833333333333332,685.0,3.7499990000000003
19.916666666666668,670.0,3.7499990000000003
20.0,631.0,1.9886358333333334
20.416666666666668,505.0,3.7499990000000003
20.416666666666668,444.0,4.374998833333334
20.416666666666668,429.0,4.374998833333334
20.583333333333332,429.0,4.374998833333334
20.666666666666668,407.0,4.431817000000001
20.666666666666668,400.0,4.431817000000001
20.666666666666668,401.0,4.431817000000001
20.75,409.0,0.9659088333333334
20.833333333333332,395.0,0.9659088333333334
20.916666666666668,390.0,1.9318176666666669
21.0,395.0,4.090908000000001
21.166666666666668,401.0,4.090908000000001
21.25,397.0,3.8636353333333338
21.333333333333332,393.0,4.9431805
21.333333333333332,406.0,4.9431805
21.416666666666668,423.0,4.9431805
21.5,441.0,3.693180833333334
21.833333333333332,450.0,4.204544333333334
21.916666666666668,484.0,4.204544333333334
21.916666666666668,487.0,4.204544333333334
22.0,493.0,1.2499996666666666
22.083333333333332,500.0,3.8636353333333338
22.166666666666668,500.0,3.8636353333333338
22.166666666666668,508.0,1.9318176666666669
22.166666666666668,514.0,1.9318176666666669
22.583333333333332,534.0,1.761363166666667
22.666666666666668,531.0,1.761363166666667
22.75,543.0,3.1818173333333335
22.833333333333332,545.0,4.090908000000001
22.916666666666668,547.0,4.090908000000001
23.0,556.0,4.090908000000001
23.166666666666668,567.0,3.9772716666666668
23.25,554.0,4.374998833333334
23.416666666666668,540.0,3.9204535000000003
23.5,504.0,1.9318176666666669
23.583333333333332,462.0,1.9318176666666669
23.666666666666668,430.0,1.9318176666666669
23.75,426.0,3.352271833333334
23.916666666666668,421.0,3.352271833333334
23.916666666666668,421.0,3.9772716666666668
24.083333333333332,404.0,3.9772716666666668
24.166666666666668,398.0,4.7727260000000005
24.25,389.0,3.9772716666666668
24.416666666666668,393.0,3.9772716666666668
24.5,418.0,4.8863623333333335
24.583333333333332,433.0,3.9204535000000003
24.75,413.0,3.9204535000000003
24.75,375.0,3.7499990000000003
24.75,363.0,3.7499990000000003
24.916666666666668,396.0,3.7499990000000003
25.0,383.0,4.488635166666667
25.083333333333332,417.0,4.147726166666667
25.166666666666668,497.0,4.147726166666667
25.25,521.0,3.9204535000000003
25.416666666666668,519.0,3.9204535000000003
25.5,519.0,4.090908000000001
25.583333333333332,533.0,2.9545446666666666
25.666666666666668,547.0,4.090908000000001
25.833333333333332,593.0,4.090908000000001
25.916666666666668,580.0,3.1818173333333335
26.0,575.0,4.8863623333333335
26.0,576.0,4.8863623333333335
26.083333333333332,590.0,1.1931815000000001
26.166666666666668,597.0,1.1931815000000001
26.166666666666668,617.0,2.1590903333333333
26.166666666666668,633.0,2.1590903333333333
26.166666666666668,663.0,2.1590903333333333
26.25,686.0,2.1590903333333333
26.333333333333332,676.0,3.9772716666666668
26.416666666666668,669.0,3.9772716666666668
26.5,653.0,1.9886358333333334
26.583333333333332,668.0,4.261362500000001
26.75,669.0,4.261362500000001
26.833333333333332,672.0,4.090908000000001
26.916666666666668,682.0,3.1818173333333335
26.916666666666668,692.0,3.1818173333333335
27.0,690.0,3.1818173333333335
27.083333333333332,683.0,3.636362666666667
27.166666666666668,689.0,3.636362666666667
27.25,690.0,1.8749995000000002
27.25,718.0,3.806817166666667
27.25,735.0,3.806817166666667
27.25,735.0,3.806817166666667
27.333333333333332,752.0,0.7386361666666666
27.333333333333332,761.0,0.7386361666666666
27.416666666666668,774.0,0.7386361666666666
27.5,771.0,4.147726166666667
27.583333333333332,780.0,3.40909
27.75,782.0,3.40909
27.833333333333332,781.0,3.636362666666667
28.0,778.0,3.9772716666666668
28.0,779.0,4.488635166666667
28.083333333333332,785.0,1.9318176666666669
28.166666666666668,795.0,3.0113628333333335
28.25,803.0,3.0113628333333335
28.25,801.0,2.1590903333333333
28.25,793.0,2.1590903333333333
28.333333333333332,799.0,1.1931815000000001
28.333333333333332,848.0,1.1931815000000001
28.416666666666668,856.0,1.2499996666666666
28.5,849.0,3.5795445000000004
28.583333333333332,856.0,3.5795445000000004
28.666666666666668,874.0,3.2954536666666665
28.833333333333332,889.0,3.2954536666666665
28.916666666666668,895.0,3.4659081666666665
29.0,893.0,4.090908000000001
29.083333333333332,887.0,4.090908000000001
29.166666666666668,913.0,1.8181813333333334
29.25,911.0,3.40909
29.333333333333332,912.0,4.431817000000001
29.416666666666668,911.0,4.431817000000001
29.5,898.0,4.034089833333334
29.583333333333332,884.0,3.4659081666666665
29.75,885.0,3.4659081666666665
29.833333333333332,878.0,4.261362500000001
29.833333333333332,869.0,3.5795445000000004
30.0,866.0,3.5795445000000004
30.083333333333332,849.0,4.090908000000001
30.166666666666668,846.0,3.5795445000000004
30.25,856.0,3.5795445000000004
30.333333333333332,871.0,1.8181813333333334
30.583333333333332,900.0,4.488635166666667
30.666666666666668,923.0,3.693180833333334
30.666666666666668,923.0,3.1818173333333335
30.833333333333332,933.0,3.1818173333333335
30.916666666666668,943.0,4.318180666666667
31.0,973.0,2.9545446666666666
31.166666666666668,975.0,2.9545446666666666
31.25,988.0,3.522726333333334
31.333333333333332,993.0,3.806817166666667
31.5,1000.0,3.806817166666667
31.583333333333332,998.0,3.8636353333333338
31.666666666666668,982.0,4.034089833333334
31.833333333333332,938.0,4.034089833333334
31.833333333333332,860.0,4.034089833333334
31.916666666666668,830.0,1.9318176666666669
32.083333333333336,818.0,3.1249991666666666
32.166666666666664,830.0,4.9431805
32.166666666666664,841.0,3.522726333333334
32.333333333333336,855.0,3.522726333333334
32.416666666666664,875.0,3.2954536666666665
32.5,877.0,3.4659081666666665
32.583333333333336,876.0,3.4659081666666665
32.666666666666664,873.0,4.034089833333334
32.75,865.0,3.806817166666667
32.833333333333336,848.0,3.522726333333334
32.833333333333336,810.0,3.522726333333334
32.833333333333336,799.0,3.522726333333334
32.916666666666664,812.0,3.522726333333334
33.0,808.0,0.7386361666666666
33.083333333333336,809.0,4.261362500000001
33.25,829.0,4.261362500000001
33.333333333333336,835.0,3.9204535000000003
33.5,824.0,4.034089833333334
33.5,833.0,4.204544333333334
33.583333333333336,838.0,1.8749995000000002
33.666666666666664,832.0,3.693180833333334
33.833333333333336,822.0,3.693180833333334
33.916666666666664,814.0,3.9772716666666668
34.0,820.0,3.352271833333334
34.083333333333336,809.0,3.352271833333334
34.083333333333336,809.0,1.8181813333333334
34.166666666666664,815.0,1.9886358333333334
34.166666666666664,813.0,1.9886358333333334
34.25,795.0,1.9886358333333334
34.25,772.0,1.1931815000000001
34.416666666666664,772.0,1.9318176666666669
34.5,742.0,3.7499990000000003
34.583333333333336,728.0,4.204544333333334
34.75,721.0,3.8636353333333338
34.833333333333336,738.0,4.261362500000001
35.0,758.0,3.9204535000000003
35.083333333333336,761.0,3.7499990000000003
35.166666666666664,756.0,3.522726333333334
35.333333333333336,768.0,3.9772716666666668
35.416666666666664,781.0,4.261362500000001
35.5,812.0,3.9204535000000003
35.5,832.0,3.9204535000000003
35.583333333333336,768.0,3.9204535000000003
35.583333333333336,783.0,1.1363633333333334
35.666666666666664,828.0,1.1363633333333334
35.666666666666664,826.0,1.363636
35.75,796.0,1.363636
35.833333333333336,809.0,3.693180833333334
35.916666666666664,842.0,3.693180833333334
36.0,852.0,1.761363166666667
36.083333333333336,857.0,3.9772716666666668
36.25,812.0,3.8636353333333338
36.333333333333336,775.0,3.40909
36.416666666666664,739.0,3.40909
36.5,724.0,3.40909
36.583333333333336,784.0,1.9886358333333334
36.666666666666664,818.0,3.40909
36.75,803.0,3.40909
36.833333333333336,791.0,2.0454540000000003
36.916666666666664,813.0,3.636362666666667
37.0,809.0,3.693180833333334
37.0,807.0,3.693180833333334
37.083333333333336,797.0,1.2499996666666666
37.166666666666664,792.0,3.806817166666667
37.25,797.0,3.806817166666667
37.333333333333336,805.0,3.352271833333334
37.5,816.0,3.352271833333334
37.583333333333336,815.0,3.9772716666666668
37.666666666666664,793.0,4.034089833333334
37.833333333333336,761.0,3.806817166666667
37.916666666666664,751.0,3.806817166666667
38.0,730.0,3.693180833333334
38.083333333333336,674.0,3.693180833333334
38.166666666666664,674.0,3.8636353333333338
38.333333333333336,648.0,3.8636353333333338
38.416666666666664,661.0,4.034089833333334
38.416666666666664,660.0,3.522726333333334
38.416666666666664,692.0,3.522726333333334
38.5,760.0,3.522726333333334
38.583333333333336,813.0,0.9090906666666667
38.583333333333336,801.0,4.147726166666667
38.75,809.0,4.147726166666667
38.833333333333336,828.0,4.374998833333334
39.0,808.0,4.374998833333334
39.083333333333336,814.0,3.8636353333333338
39.166666666666664,831.0,3.5795445000000004
39.25,842.0,3.2954536666666665
39.333333333333336,863.0,2.102272166666667
39.416666666666664,876.0,3.693180833333334
39.5,880.0,3.522726333333334
39.5,882.0,3.522726333333334
39.583333333333336,905.0,1.2499996666666666
39.75,914.0,1.2499996666666666
39.75,929.0,3.693180833333334
39.75,933.0,3.693180833333334
39.833333333333336,914.0,1.2499996666666666
40.0,879.0,3.352271833333334
40.083333333333336,861.0,4.034089833333334
40.166666666666664,860.0,3.7499990000000003
40.333333333333336,877.0,4.034089833333334
40.416666666666664,911.0,4.204544333333334
40.416666666666664,932.0,3.9204535000000003
40.5,929.0,3.9204535000000003
40.583333333333336,922.0,1.1931815000000001
40.666666666666664,915.0,3.693180833333334
40.833333333333336,874.0,3.693180833333334
40.916666666666664,859.0,3.40909
41.0,861.0,3.068181
41.0,873.0,3.693180833333334
41.083333333333336,878.0,1.8181813333333334
41.083333333333336,888.0,1.8181813333333334
41.083333333333336,906.0,1.8181813333333334
41.25,927.0,1.8181813333333334
41.25,919.0,3.9772716666666668
41.333333333333336,936.0,3.9772716666666668
41.5,936.0,3.9772716666666668
41.583333333333336,931.0,4.261362500000001
41.666666666666664,916.0,3.8636353333333338
41.75,891.0,3.693180833333334
41.833333333333336,869.0,3.693180833333334
41.916666666666664,846.0,4.090908000000001
42.0,807.0,3.4659081666666665
42.166666666666664,778.0,3.4659081666666665
42.25,777.0,4.147726166666667
42.416666666666664,785.0,3.5795445000000004
42.5,811.0,3.5795445000000004
42.583333333333336,871.0,3.636362666666667
42.666666666666664,924.0,3.8636353333333338
42.666666666666664,870.0,3.8636353333333338
42.75,849.0,1.2499996666666666
42.916666666666664,864.0,1.2499996666666666
43.0,878.0,3.5795445000000004
43.083333333333336,912.0,3.352271833333334
43.25,925.0,3.9772716666666668
43.333333333333336,917.0,3.4659081666666665
43.333333333333336,916.0,3.5795445000000004
43.5,938.0,3.5795445000000004
43.583333333333336,979.0,4.659089666666667
43.666666666666664,967.0,3.8636353333333338
43.75,929.0,5.056816833333333
43.916666666666664,894.0,3.693180833333334
44.0,992.0,3.636362666666667
44.083333333333336,1024.0,3.9772716666666668
44.166666666666664,998.0,3.40909
44.25,988.0,3.40909
44.333333333333336,979.0,4.431817000000001
44.5,976.0,4.431817000000001
44.583333333333336,954.0,4.034089833333334
44.666666666666664,920.0,4.147726166666667
44.833333333333336,895.0,4.147726166666667
44.916666666666664,879.0,3.7499990000000003
44.916666666666664,873.0,3.806817166666667
45.083333333333336,857.0,3.806817166666667
45.166666666666664,835.0,3.9772716666666668
45.25,796.0,4.6022715000000005
45.333333333333336,787.0,3.4659081666666665
45.5,749.0,3.8636353333333338
45.583333333333336,726.0,3.806817166666667
45.75,726.0,3.806817166666667
45.833333333333336,761.0,3.636362666666667
45.916666666666664,826.0,3.8636353333333338
46.0,828.0,3.522726333333334
46.166666666666664,780.0,3.693180833333334
46.25,770.0,4.147726166666667
46.333333333333336,771.0,3.2386355
46.5,781.0,3.636362666666667
46.583333333333336,846.0,3.8636353333333338
46.666666666666664,886.0,3.7499990000000003
46.833333333333336,881.0,3.7499990000000003
46.833333333333336,925.0,3.693180833333334
46.916666666666664,970.0,3.693180833333334
47.0,971.0,4.147726166666667
47.166666666666664,978.0,4.147726166666667
47.25,1003.0,4.659089666666667
47.333333333333336,981.0,3.40909
47.416666666666664,979.0,3.522726333333334
47.583333333333336,969.0,3.522726333333334
47.666666666666664,965.0,3.522726333333334
47.666666666666664,970.0,3.2954536666666665
47.833333333333336,977.0,3.2954536666666665
47.916666666666664,953.0,3.5795445000000004
48.0,924.0,3.7499990000000003
48.166666666666664,900.0,3.7499990000000003
48.25,827.0,4.8863623333333335
48.333333333333336,814.0,3.693180833333334
48.416666666666664,910.0,3.693180833333334
48.583333333333336,977.0,3.693180833333334
48.666666666666664,960.0,4.261362500000001
48.75,954.0,3.9204535000000003
48.916666666666664,951.0,3.9204535000000003
49.0,965.0,4.431817000000001
49.083333333333336,942.0,3.2954536666666665
49.166666666666664,928.0,3.352271833333334
49.25,933.0,3.522726333333334
49.25,931.0,3.522726333333334
49.333333333333336,967.0,3.522726333333334
49.416666666666664,986.0,3.7499990000000003
49.583333333333336,983.0,3.7499990000000003
49.666666666666664,993.0,3.636362666666667
49.75,986.0,3.522726333333334
49.916666666666664,990.0,3.522726333333334
50.0,990.0,4.374998833333334
50.0,996.0,3.352271833333334
50.166666666666664,1007.0,3.352271833333334
50.25,1010.0,4.488635166666667
50.333333333333336,995.0,3.636362666666667
50.416666666666664,996.0,3.40909
50.583333333333336,1025.0,3.40909
50.666666666666664,1042.0,3.7499990000000003
50.75,1022.0,3.4659081666666665
50.75,1042.0,3.40909
50.75,1052.0,3.40909
50.75,1023.0,3.40909
50.833333333333336,977.0,3.40909
50.916666666666664,990.0,3.636362666666667
51.0,1022.0,3.636362666666667
51.166666666666664,1038.0,3.636362666666667
51.25,1026.0,3.7499990000000003
51.416666666666664,1012.0,3.7499990000000003
51.5,982.0,3.9204535000000003
51.583333333333336,953.0,3.522726333333334
51.666666666666664,938.0,3.5795445000000004
51.833333333333336,978.0,3.5795445000000004
51.916666666666664,973.0,3.522726333333334
52.0,969.0,3.068181
52.083333333333336,995.0,3.068181
52.083333333333336,1087.0,3.068181
52.166666666666664,1099.0,3.068181
52.166666666666664,1067.0,1.2499996666666666
52.166666666666664,1010.0,1.2499996666666666
52.333333333333336,999.0,1.2499996666666666
52.333333333333336,1015.0,3.636362666666667
52.416666666666664,1008.0,1.8181813333333334
52.583333333333336,1012.0,3.5795445000000004
52.666666666666664,1038.0,3.8636353333333338
52.75,1072.0,3.7499990000000003
52.833333333333336,1082.0,3.693180833333334
53.0,1078.0,3.806817166666667
53.083333333333336,1054.0,3.9204535000000003
53.166666666666664,1031.0,3.8636353333333338
53.333333333333336,1028.0,3.8636353333333338
53.416666666666664,1019.0,4.659089666666667
53.5,1018.0,4.034089833333334
53.666666666666664,1018.0,4.034089833333334
53.75,1036.0,3.693180833333334
53.75,1060.0,3.5795445000000004
53.75,1059.0,3.5795445000000004
53.833333333333336,1053.0,3.5795445000000004
53.916666666666664,1059.0,0.9090906666666667
53.916666666666664,1053.0,3.5795445000000004
53.916666666666664,1035.0,3.5795445000000004
54.083333333333336,1033.0,3.5795445000000004
54.166666666666664,1018.0,3.693180833333334
54.25,999.0,3.693180833333334
54.333333333333336,1006.0,3.693180833333334
54.416666666666664,1018.0,3.806817166666667
54.5,1025.0,3.0113628333333335
54.583333333333336,1038.0,3.0113628333333335
54.583333333333336,1078.0,2.0454540000000003
54.583333333333336,1095.0,2.0454540000000003
54.666666666666664,1093.0,1.1931815000000001
54.833333333333336,1101.0,1.1931815000000001
54.833333333333336,1101.0,3.636362666666667
54.833333333333336,1093.0,3.636362666666667
54.833333333333336,1108.0,3.636362666666667
54.916666666666664,1152.0,3.636362666666667
55.0,1183.0,0.7386361666666666
55.083333333333336,1172.0,3.352271833333334
55.25,1191.0,3.806817166666667
55.333333333333336,1205.0,3.8636353333333338
55.416666666666664,1230.0,3.352271833333334
55.416666666666664,1226.0,3.352271833333334
55.416666666666664,1180.0,3.352271833333334
55.416666666666664,1180.0,3.352271833333334
55.5,1177.0,0.7386361666666666
55.666666666666664,1185.0,0.7386361666666666
55.75,1204.0,3.5795445000000004
55.833333333333336,1197.0,3.693180833333334
55.916666666666664,1207.0,4.374998833333334
55.916666666666664,1205.0,4.374998833333334
55.916666666666664,1188.0,4.374998833333334
56.0,1176.0,0.9090906666666667
56.166666666666664,1172.0,0.9090906666666667
56.25,1225.0,3.5795445000000004
56.333333333333336,1253.0,3.522726333333334
56.416666666666664,1209.0,3.352271833333334
56.583333333333336,1209.0,3.352271833333334
56.666666666666664,1212.0,3.693180833333334
56.75,1215.0,3.5795445000000004
56.833333333333336,1215.0,3.806817166666667
56.833333333333336,1238.0,3.806817166666667
56.916666666666664,1246.0,3.806817166666667
57.0,1244.0,3.5795445000000004
57.083333333333336,1247.0,3.4659081666666665
57.166666666666664,1266.0,3.636362666666667
57.166666666666664,1269.0,3.636362666666667
57.166666666666664,1261.0,3.636362666666667
57.166666666666664,1258.0,3.636362666666667
57.25,1273.0,0.681818
57.416666666666664,1291.0,0.681818
57.5,1283.0,3.522726333333334
57.583333333333336,1264.0,3.40909
57.666666666666664,1252.0,3.5795445000000004
57.833333333333336,1273.0,3.5795445000000004
57.916666666666664,1283.0,3.40909
58.0,1267.0,3.693180833333334
58.083333333333336,1240.0,3.2954536666666665
58.25,1231.0,3.352271833333334
58.333333333333336,1239.0,3.7499990000000003
58.416666666666664,1215.0,3.2954536666666665
58.5,1192.0,3.636362666666667
58.583333333333336,1186.0,3.2954536666666665
58.666666666666664,1185.0,3.2954536666666665
58.75,1166.0,3.2954536666666665
58.833333333333336,1169.0,1.6477268333333333
58.916666666666664,1189.0,3.693180833333334
59.0,1187.0,3.2954536666666665
59.166666666666664,1191.0,3.2954536666666665
59.25,1213.0,3.40909
59.333333333333336,1227.0,3.40909
59.416666666666664,1227.0,3.522726333333334
59.5,1226.0,4.374998833333334
59.666666666666664,1248.0,4.374998833333334
59.75,1270.0,3.4659081666666665
59.833333333333336,1281.0,3.4659081666666665
59.916666666666664,1349.0,3.2386355
60.0,1410.0,3.352271833333334
60.166666666666664,1434.0,3.352271833333334
60.25,1392.0,4.261362500000001
60.333333333333336,1392.0,3.352271833333334
60.416666666666664,1275.0,3.4659081666666665
60.5,1263.0,3.068181
60.583333333333336,1246.0,3.522726333333334
60.583333333333336,1267.0,3.522726333333334
60.666666666666664,1359.0,3.522726333333334
60.75,1489.0,1.0795451666666667
60.75,1521.0,3.352271833333334
60.833333333333336,1568.0,1.6477268333333333
60.916666666666664,1580.0,3.522726333333334
61.0,1486.0,3.522726333333334
61.083333333333336,1505.0,1.5909086666666667
61.166666666666664,1552.0,3.693180833333334
61.25,1544.0,2.8409083333333336
61.333333333333336,1495.0,3.5795445000000004
61.416666666666664,1451.0,3.2954536666666665
61.5,1449.0,3.2954536666666665
61.583333333333336,1457.0,1.704545
61.666666666666664,1470.0,3.352271833333334
61.75,1489.0,3.2386355
61.833333333333336,1491.0,3.2954536666666665
61.916666666666664,1477.0,3.4659081666666665
62.0,1463.0,3.4659081666666665
62.166666666666664,1466.0,3.4659081666666665
62.166666666666664,1462.0,3.40909
62.166666666666664,1448.0,3.40909
62.166666666666664,1437.0,3.40909
62.25,1449.0,3.40909
62.333333333333336,1491.0,3.2386355
62.416666666666664,1477.0,3.40909
62.5,1476.0,2.8977265
62.666666666666664,1476.0,2.8977265
62.75,1489.0,3.352271833333334
62.833333333333336,1491.0,3.2954536666666665
62.833333333333336,1494.0,3.1818173333333335
62.916666666666664,1507.0,1.6477268333333333
63.0,1517.0,3.352271833333334
63.083333333333336,1492.0,3.352271833333334
63.166666666666664,1487.0,1.5909086666666667
63.166666666666664,1493.0,3.5795445000000004
63.25,1488.0,1.704545
63.25,1478.0,1.704545
63.25,1478.0,1.704545
63.25,1474.0,1.704545
63.333333333333336,1465.0,1.704545
63.333333333333336,1465.0,0.6249998333333333
63.416666666666664,1471.0,0.6249998333333333
63.5,1474.0,3.352271833333334
63.583333333333336,1455.0,3.636362666666667
63.75,1440.0,3.636362666666667
63.833333333333336,1449.0,3.1818173333333335
63.916666666666664,1470.0,3.5795445000000004
64.0,1457.0,3.40909
64.08333333333333,1457.0,3.522726333333334
64.16666666666667,1462.0,3.522726333333334
64.16666666666667,1451.0,1.704545
64.25,1455.0,1.704545
64.25,1451.0,1.5909086666666667
64.33333333333333,1433.0,1.6477268333333333
64.41666666666667,1407.0,1.6477268333333333
64.5,1312.0,1.9318176666666669
64.5,1279.0,3.2386355
64.5,1293.0,3.2386355
64.58333333333333,1319.0,1.1931815000000001
64.66666666666667,1369.0,1.1931815000000001
64.75,1394.0,1.761363166666667
64.83333333333333,1396.0,3.1818173333333335
64.91666666666667,1383.0,2.8977265
65.0,1347.0,2.7840901666666666
65.08333333333333,1289.0,3.5795445000000004
65.25,1256.0,3.5795445000000004
65.33333333333333,1248.0,3.4659081666666665
65.41666666666667,1233.0,3.7499990000000003
65.5,1218.0,3.5795445000000004
65.5,1212.0,3.5795445000000004
65.58333333333333,1204.0,3.5795445000000004
65.58333333333333,1199.0,1.1363633333333334
65.75,1191.0,2.0454540000000003
65.83333333333333,1179.0,3.806817166666667
65.91666666666667,1184.0,3.8636353333333338
65.91666666666667,1195.0,3.8636353333333338
65.91666666666667,1187.0,3.8636353333333338
66.0,1240.0,3.8636353333333338
66.08333333333333,1317.0,4.659089666666667
66.16666666666667,1324.0,4.659089666666667
66.25,1324.0,1.8181813333333334
66.33333333333333,1300.0,4.090908000000001
66.5,1292.0,4.090908000000001
66.58333333333333,1240.0,4.261362500000001
66.66666666666667,1208.0,3.9772716666666668
66.83333333333333,1180.0,3.9772716666666668
66.91666666666667,1074.0,3.806817166666667
67.0,1056.0,3.636362666666667
67.08333333333333,1051.0,3.636362666666667
67.16666666666667,1025.0,1.9318176666666669
67.16666666666667,997.0,3.5795445000000004
67.33333333333333,1013.0,3.5795445000000004
67.41666666666667,1014.0,4.6022715000000005
67.41666666666667,1034.0,3.7499990000000003
67.41666666666667,1055.0,3.7499990000000003
67.5,1022.0,3.7499990000000003
67.58333333333333,1023.0,4.261362500000001
67.75,1028.0,4.261362500000001
67.83333333333333,1032.0,4.090908000000001
67.91666666666667,1031.0,3.1818173333333335
68.08333333333333,1036.0,3.40909
68.16666666666667,1037.0,3.7499990000000003
68.25,1024.0,3.522726333333334
68.41666666666667,1006.0,3.522726333333334
68.5,1000.0,4.374998833333334
68.58333333333333,979.0,3.9204535000000003
68.66666666666667,964.0,3.522726333333334
68.66666666666667,962.0,3.522726333333334
68.75,947.0,1.2499996666666666
68.83333333333333,950.0,1.2499996666666666
68.91666666666667,949.0,4.488635166666667
69.08333333333333,961.0,4.488635166666667
69.16666666666667,980.0,3.7499990000000003
69.25,994.0,3.40909
69.41666666666667,994.0,3.9204535000000003
69.5,1004.0,3.9204535000000003
69.5,1015.0,3.8636353333333338
69.58333333333333,996.0,3.8636353333333338
69.66666666666667,982.0,1.3068178333333333
69.66666666666667,985.0,3.5795445000000004
69.83333333333333,976.0,3.5795445000000004
69.91666666666667,941.0,4.374998833333334
70.0,907.0,3.522726333333334
70.0,907.0,3.522726333333334
70.0,864.0,3.522726333333334
70.0,861.0,3.522726333333334
70.0,837.0,3.522726333333334
70.16666666666667,825.0,3.522726333333334
70.25,839.0,4.034089833333334
70.41666666666667,847.0,4.034089833333334
70.5,830.0,4.090908000000001
70.58333333333333,854.0,3.40909
70.66666666666667,891.0,4.090908000000001
70.75,890.0,4.090908000000001
70.83333333333333,873.0,1.8749995000000002
70.83333333333333,869.0,3.636362666666667
71.0,867.0,3.636362666666667
71.0,874.0,4.261362500000001
71.08333333333333,880.0,1.8749995000000002
71.08333333333333,882.0,1.8749995000000002
71.08333333333333,886.0,1.8749995000000002
71.16666666666667,899.0,0.9090906666666667
71.25,899.0,0.9090906666666667
71.33333333333333,905.0,1.9886358333333334
71.41666666666667,957.0,4.147726166666667
71.5,983.0,4.147726166666667
71.58333333333333,1023.0,2.102272166666667
71.75,1066.0,3.2954536666666665
71.83333333333333,1065.0,3.806817166666667
71.91666666666667,1065.0,3.7499990000000003
72.0,1083.0,3.4659081666666665
72.08333333333333,1074.0,3.4659081666666665
72.16666666666667,1063.0,4.8863623333333335
72.25,1059.0,3.2386355
72.33333333333333,1037.0,3.2386355
72.33333333333333,1007.0,1.8181813333333334
72.33333333333333,1006.0,1.8181813333333334
72.41666666666667,1023.0,1.8181813333333334
72.41666666666667,1014.0,0.9659088333333334
72.41666666666667,1022.0,0.9659088333333334
72.58333333333333,1036.0,1.2499996666666666
72.66666666666667,1039.0,3.7499990000000003
72.75,1041.0,3.522726333333334
72.91666666666667,1057.0,3.806817166666667
73.0,1071.0,4.090908000000001
73.08333333333333,1071.0,3.806817166666667
73.16666666666667,1081.0,3.806817166666667
73.25,1095.0,1.8181813333333334
73.33333333333333,1090.0,3.8636353333333338
73.5,1105.0,3.8636353333333338
73.58333333333333,1129.0,4.034089833333334
73.66666666666667,1122.0,4.034089833333334
73.66666666666667,1116.0,4.034089833333334
73.75,1115.0,4.034089833333334
73.75,1100.0,1.1931815000000001
73.75,1099.0,1.1931815000000001
73.91666666666667,1116.0,1.1931815000000001
74.0,1095.0,4.261362500000001
74.08333333333333,1092.0,3.522726333333334
74.25,1112.0,3.522726333333334
74.33333333333333,1121.0,3.693180833333334
74.41666666666667,1121.0,3.9204535000000003
74.5,1157.0,3.40909
74.58333333333333,1180.0,3.40909
74.66666666666667,1174.0,1.8749995000000002
74.75,1153.0,4.261362500000001
74.91666666666667,1153.0,4.261362500000001
75.0,1149.0,4.261362500000001
75.08333333333333,1141.0,4.034089833333334
75.25,1134.0,4.034089833333334
75.25,1139.0,3.522726333333334
75.33333333333333,1159.0,3.522726333333334
75.41666666666667,1161.0,4.204544333333334
75.5,1128.0,4.204544333333334
75.58333333333333,1094.0,3.7499990000000003
75.66666666666667,1094.0,3.806817166666667
75.83333333333333,1036.0,3.693180833333334
75.91666666666667,1008.0,3.522726333333334
76.0,1013.0,3.2954536666666665
76.0,1040.0,3.2954536666666665
76.08333333333333,1048.0,3.2954536666666665
76.08333333333333,1067.0,1.363636
76.16666666666667,1132.0,1.761363166666667
76.16666666666667,1151.0,1.761363166666667
76.25,1137.0,1.3068178333333333
76.33333333333333,1100.0,3.352271833333334
76.33333333333333,1071.0,3.352271833333334
76.41666666666667,1052.0,3.352271833333334
76.5,1052.0,1.0227270000000002
76.5,1050.0,4.090908000000001
76.58333333333333,1051.0,4.090908000000001
76.58333333333333,1086.0,1.363636
76.75,1162.0,1.9318176666666669
76.83333333333333,1135.0,3.522726333333334
76.91666666666667,1100.0,4.261362500000001
77.08333333333333,1092.0,4.261362500000001
77.16666666666667,1078.0,3.806817166666667
77.25,1046.0,3.522726333333334
77.41666666666667,1040.0,3.522726333333334
77.5,1063.0,5.113635
77.58333333333333,1085.0,3.693180833333334
77.75,1116.0,3.693180833333334
77.83333333333333,1131.0,4.204544333333334
77.91666666666667,1116.0,3.636362666666667
78.0,1119.0,3.5795445000000004
78.08333333333333,1077.0,3.5795445000000004
78.16666666666667,1038.0,1.8749995000000002
78.25,1000.0,3.693180833333334
78.33333333333333,974.0,3.9772716666666668
78.41666666666667,962.0,3.9772716666666668
78.5,967.0,3.068181
78.66666666666667,960.0,3.068181
78.75,958.0,3.2954536666666665
78.83333333333333,965.0,3.636362666666667
79.0,953.0,3.636362666666667
79.08333333333333,948.0,3.9204535000000003
79.25,966.0,3.9204535000000003
79.33333333333333,979.0,4.431817000000001
79.41666666666667,975.0,3.352271833333334
79.5,970.0,4.034089833333334
79.58333333333333,978.0,3.4659081666666665
79.58333333333333,989.0,3.4659081666666665
79.66666666666667,987.0,3.4659081666666665
79.75,984.0,3.7499990000000003
79.83333333333333,980.0,3.9204535000000003
79.91666666666667,982.0,3.9204535000000003
80.0,980.0,4.431817000000001
80.16666666666667,998.0,4.431817000000001
80.25,1016.0,3.693180833333334
80.41666666666667,1018.0,3.693180833333334
80.5,1018.0,3.806817166666667
80.58333333333333,1018.0,3.693180833333334
80.66666666666667,1025.0,3.7499990000000003
80.75,1062.0,3.522726333333334
80.83333333333333,1086.0,3.522726333333334
80.91666666666667,1144.0,4.261362500000001
81.08333333333333,1216.0,4.261362500000001
81.08333333333333,1247.0,3.5795445000000004
81.16666666666667,1185.0,3.5795445000000004
81.25,1167.0,3.9204535000000003
81.33333333333333,1200.0,3.9204535000000003
81.41666666666667,1249.0,1.8181813333333334
81.5,1224.0,3.8636353333333338
81.58333333333333,1181.0,3.8636353333333338
81.66666666666667,1176.0,1.8749995000000002
81.75,1201.0,3.9772716666666668
81.75,1233.0,3.068181
81.83333333333333,1236.0,1.8181813333333334
81.91666666666667,1230.0,1.8181813333333334
82.0,1234.0,3.522726333333334
82.16666666666667,1261.0,3.522726333333334
82.25,1249.0,3.806817166666667
82.25,1246.0,2.9545446666666666
82.25,1262.0,2.9545446666666666
82.33333333333333,1270.0,1.1363633333333334
82.41666666666667,1267.0,1.1363633333333334
82.41666666666667,1277.0,1.9886358333333334
82.41666666666667,1277.0,1.9886358333333334
82.5,1277.0,1.1931815000000001
82.58333333333333,1322.0,1.1931815000000001
82.66666666666667,1328.0,1.704545
82.75,1311.0,4.431817000000001
82.83333333333333,1293.0,3.352271833333334
82.91666666666667,1281.0,3.352271833333334
83.0,1252.0,1.9318176666666669
83.08333333333333,1235.0,3.4659081666666665
83.16666666666667,1257.0,3.693180833333334
83.25,1285.0,3.693180833333334
83.25,1274.0,1.761363166666667
83.33333333333333,1300.0,1.8181813333333334
83.5,1333.0,3.522726333333334
83.5,1333.0,3.8636353333333338
83.58333333333333,1344.0,3.8636353333333338
83.66666666666667,1344.0,3.636362666666667
83.66666666666667,1395.0,3.636362666666667
83.75,1394.0,3.636362666666667
83.83333333333333,1362.0,1.1363633333333334
83.91666666666667,1349.0,3.9772716666666668
84.0,1417.0,3.4659081666666665
84.16666666666667,1487.0,3.4659081666666665
84.25,1512.0,3.8636353333333338
84.33333333333333,1515.0,4.261362500000001
84.33333333333333,1529.0,4.261362500000001
84.41666666666667,1500.0,1.704545
84.5,1448.0,1.704545
84.5,1438.0,1.704545
84.58333333333333,1369.0,1.8749995000000002
84.66666666666667,1321.0,3.2386355
84.83333333333333,1365.0,3.2954536666666665
84.91666666666667,1364.0,3.5795445000000004
85.0,1419.0,3.40909
85.08333333333333,1372.0,3.40909
85.16666666666667,1347.0,3.1249991666666666
85.25,1368.0,3.806817166666667
85.33333333333333,1429.0,3.806817166666667
85.41666666666667,1446.0,1.761363166666667
85.5,1448.0,3.40909
85.58333333333333,1464.0,3.806817166666667
85.66666666666667,1448.0,3.4659081666666665
85.75,1429.0,3.4659081666666665
85.83333333333333,1473.0,1.761363166666667
85.91666666666667,1478.0,3.352271833333334
85.91666666666667,1471.0,3.352271833333334
86.0,1472.0,3.352271833333334
86.08333333333333,1477.0,1.1363633333333334
86.16666666666667,1434.0,3.1249991666666666
86.25,1412.0,3.5795445000000004
86.33333333333333,1417.0,2.8977265
86.33333333333333,1468.0,3.068181
86.41666666666667,1544.0,1.6477268333333333
86.58333333333333,1537.0,1.6477268333333333
86.58333333333333,1515.0,3.2954536666666665
86.66666666666667,1480.0,3.2954536666666665
86.66666666666667,1407.0,1.704545
86.75,1463.0,1.761363166666667
86.91666666666667,1485.0,1.761363166666667
87.0,1485.0,3.1249991666666666
87.08333333333333,1435.0,3.352271833333334
87.16666666666667,1429.0,4.147726166666667
87.25,1465.0,3.068181
87.41666666666667,1512.0,3.068181
87.5,1527.0,3.2954536666666665
87.58333333333333,1557.0,3.0113628333333335
87.66666666666667,1624.0,3.2954536666666665
87.75,1602.0,3.2386355
87.83333333333333,1516.0,3.2386355
87.91666666666667,1430.0,1.704545
88.0,1386.0,3.1249991666666666
88.08333333333333,1362.0,3.40909
88.08333333333333,1321.0,3.352271833333334
88.16666666666667,1307.0,1.6477268333333333
88.25,1299.0,1.6477268333333333
88.33333333333333,1326.0,1.8181813333333334
88.41666666666667,1359.0,2.8977265
88.5,1385.0,4.545453333333334
88.58333333333333,1391.0,3.2954536666666665
88.75,1409.0,3.2954536666666665
88.83333333333333,1427.0,4.090908000000001
88.91666666666667,1432.0,3.5795445000000004
88.91666666666667,1430.0,3.1818173333333335
89.08333333333333,1413.0,3.1818173333333335
89.16666666666667,1409.0,3.352271833333334
89.25,1399.0,3.40909
89.25,1383.0,3.2954536666666665
89.33333333333333,1364.0,1.8181813333333334
89.5,1358.0,3.522726333333334
89.58333333333333,1355.0,3.522726333333334
89.58333333333333,1380.0,3.40909
89.58333333333333,1377.0,3.40909
89.75,1349.0,3.40909
89.83333333333333,1347.0,3.806817166666667
89.91666666666667,1335.0,3.806817166666667
90.0,1352.0,3.636362666666667
90.16666666666667,1367.0,3.636362666666667
90.25,1316.0,3.4659081666666665
90.33333333333333,1301.0,4.488635166666667
90.41666666666667,1321.0,3.636362666666667
90.58333333333333,1326.0,3.40909
90.66666666666667,1323.0,2.9545446666666666
90.75,1323.0,4.147726166666667
90.91666666666667,1325.0,4.147726166666667
91.0,1322.0,3.8636353333333338
91.08333333333333,1318.0,3.40909
91.16666666666667,1295.0,3.40909
91.33333333333333,1265.0,3.40909
91.41666666666667,1249.0,4.090908000000001
91.5,1240.0,3.4659081666666665
91.58333333333333,1188.0,4.545453333333334
91.75,1201.0,4.545453333333334
91.83333333333333,1246.0,3.5795445000000004
92.08333333333333,1284.0,4.034089833333334
92.16666666666667,1287.0,4.034089833333334
92.25,1235.0,3.8636353333333338
92.33333333333333,1236.0,3.7499990000000003
92.5,1218.0,3.7499990000000003
92.58333333333333,1172.0,4.374998833333334
92.66666666666667,1163.0,3.636362666666667
92.75,1151.0,3.636362666666667
92.75,1135.0,1.704545
92.75,1121.0,1.704545
92.75,1119.0,1.704545
92.83333333333333,1148.0,1.704545
92.83333333333333,1173.0,0.7386361666666666
92.91666666666667,1150.0,1.8749995000000002
93.08333333333333,1117.0,3.5795445000000004
93.16666666666667,1116.0,4.147726166666667
93.25,1107.0,3.636362666666667
93.33333333333333,1106.0,3.4659081666666665
93.5,1120.0,3.4659081666666665
93.58333333333333,1110.0,3.806817166666667
93.66666666666667,1082.0,3.40909
93.83333333333333,1066.0,3.40909
93.91666666666667,1071.0,3.7499990000000003
94.0,1095.0,3.693180833333334
94.08333333333333,1094.0,3.693180833333334
94.16666666666667,1093.0,1.761363166666667
94.25,1099.0,3.40909
94.41666666666667,1082.0,3.40909
94.5,1073.0,3.693180833333334
94.58333333333333,1064.0,3.5795445000000004
94.75,1064.0,3.806817166666667
94.83333333333333,1046.0,3.806817166666667
94.91666666666667,1043.0,5.056816833333333
95.08333333333333,1024.0,3.693180833333334
95.16666666666667,1011.0,3.636362666666667
95.25,1005.0,4.147726166666667
95.41666666666667,994.0,4.147726166666667
95.5,996.0,3.7499990000000003
95.58333333333333,1015.0,4.090908000000001
95.66666666666667,1039.0,3.4659081666666665
95.75,1073.0,3.2954536666666665
95.75,1123.0,3.2954536666666665
95.83333333333333,1125.0,1.3068178333333333
96.0,1086.0,3.5795445000000004
96.0,1064.0,4.034089833333334
96.08333333333333,1059.0,1.8181813333333334
96.25,1054.0,3.5795445000000004
96.33333333333333,1047.0,3.7499990000000003
96.33333333333333,1042.0,3.9204535000000003
96.5,1043.0,3.9204535000000003
96.58333333333333,1068.0,4.034089833333334
96.66666666666667,1070.0,4.261362500000001
96.83333333333333,1067.0,4.261362500000001
96.91666666666667,1061.0,4.147726166666667
97.0,1048.0,3.693180833333334
97.08333333333333,1081.0,4.6022715000000005
97.25,1104.0,4.6022715000000005
97.25,1102.0,3.693180833333334
97.33333333333333,1097.0,1.8749995000000002
97.5,1097.0,1.8749995000000002
97.58333333333333,1110.0,3.5795445000000004
97.58333333333333,1123.0,3.806817166666667
97.66666666666667,1125.0,1.8181813333333334
97.75,1109.0,1.8181813333333334
97.83333333333333,1090.0,1.9318176666666669
97.91666666666667,1083.0,4.374998833333334
98.08333333333333,1085.0,4.374998833333334
98.16666666666667,1080.0,3.636362666666667
98.25,1079.0,4.090908000000001
98.33333333333333,1096.0,4.090908000000001
98.41666666666667,1127.0,1.9318176666666669
98.5,1154.0,3.352271833333334
98.66666666666667,1182.0,3.352271833333334
98.75,1182.0,3.636362666666667
98.75,1187.0,3.4659081666666665
98.75,1142.0,3.4659081666666665
98.83333333333333,1121.0,3.4659081666666665
98.91666666666667,1124.0,0.9090906666666667
99.0,1168.0,3.40909
99.08333333333333,1268.0,3.40909
99.16666666666667,1308.0,1.8749995000000002
99.25,1294.0,3.636362666666667
99.33333333333333,1340.0,4.7727260000000005
99.5,1351.0,4.7727260000000005
99.58333333333333,1290.0,3.9772716666666668
99.66666666666667,1224.0,4.147726166666667
99.83333333333333,1241.0,3.693180833333334
99.91666666666667,1277.0,3.5795445000000004
100.0,1279.0,3.40909
100.08333333333333,1288.0,3.9204535000000003
100.25,1279.0,3.522726333333334
100.25,1339.0,3.352271833333334
100.33333333333333,1395.0,3.352271833333334
100.33333333333333,1383.0,1.8181813333333334
100.5,1317.0,1.8181813333333334
100.5,1272.0,4.090908000000001
100.58333333333333,1273.0,4.090908000000001
100.66666666666667,1284.0,4.204544333333334
100.75,1300.0,3.4659081666666665
100.91666666666667,1295.0,3.636362666666667
101.0,1305.0,3.7499990000000003
101.08333333333333,1332.0,3.522726333333334
101.25,1330.0,3.522726333333334
101.33333333333333,1333.0,3.7499990000000003
101.33333333333333,1299.0,3.693180833333334
101.41666666666667,1296.0,1.704545
101.58333333333333,1294.0,1.704545
101.66666666666667,1282.0,3.2954536666666665
101.75,1281.0,3.806817166666667
101.75,1296.0,3.2954536666666665
101.91666666666667,1317.0,3.2954536666666665
102.0,1355.0,3.7499990000000003
102.08333333333333,1429.0,3.40909
102.16666666666667,1373.0,3.4659081666666665
102.25,1312.0,3.522726333333334
102.33333333333333,1271.0,3.522726333333334
102.41666666666667,1271.0,1.761363166666667
102.5,1268.0,4.7159078333333335
102.66666666666667,1303.0,4.7159078333333335
102.75,1278.0,3.5795445000000004
102.83333333333333,1267.0,3.2386355
102.91666666666667,1276.0,3.9204535000000003
103.0,1331.0,3.2954536666666665
103.08333333333333,1393.0,3.2954536666666665
103.16666666666667,1400.0,1.761363166666667
103.25,1391.0,3.806817166666667
103.33333333333333,1363.0,3.7499990000000003
103.41666666666667,1289.0,3.7499990000000003
103.5,1335.0,1.761363166666667
103.58333333333333,1356.0,3.068181
103.66666666666667,1363.0,3.5795445000000004
103.75,1362.0,3.352271833333334
103.83333333333333,1362.0,3.352271833333334
103.83333333333333,1363.0,1.761363166666667
103.91666666666667,1366.0,1.761363166666667
104.0,1349.0,3.2954536666666665
104.16666666666667,1307.0,3.2954536666666665
104.16666666666667,1310.0,3.1249991666666666
104.25,1323.0,3.1249991666666666
104.33333333333333,1320.0,3.522726333333334
104.41666666666667,1335.0,3.352271833333334
104.5,1351.0,3.352271833333334
104.58333333333333,1342.0,1.761363166666667
104.66666666666667,1322.0,3.5795445000000004
104.75,1316.0,3.522726333333334
104.91666666666667,1303.0,3.522726333333334
105.0,1298.0,3.8636353333333338
105.08333333333333,1302.0,3.5795445000000004
105.16666666666667,1310.0,3.40909
105.16666666666667,1346.0,3.40909
105.25,1360.0,3.40909
105.33333333333333,1355.0,1.1363633333333334
105.33333333333333,1347.0,3.40909
105.41666666666667,1328.0,1.6477268333333333
105.58333333333333,1313.0,1.6477268333333333
105.66666666666667,1311.0,3.4659081666666665
105.75,1308.0,3.40909
105.83333333333333,1290.0,3.4659081666666665
105.91666666666667,1290.0,3.1818173333333335
106.0,1282.0,3.1818173333333335
106.08333333333333,1281.0,1.8749995000000002
106.16666666666667,1289.0,3.522726333333334
106.25,1309.0,3.522726333333334
106.41666666666667,1310.0,3.522726333333334
106.5,1304.0,4.261362500000001
106.58333333333333,1299.0,3.1249991666666666
106.66666666666667,1294.0,3.693180833333334
106.75,1300.0,3.522726333333334
106.91666666666667,1316.0,3.522726333333334
107.0,1321.0,4.545453333333334
107.08333333333333,1329.0,3.1249991666666666
107.16666666666667,1325.0,3.2386355
107.33333333333333,1303.0,3.2386355
107.41666666666667,1301.0,3.5795445000000004
107.5,1313.0,3.0113628333333335
107.58333333333333,1327.0,3.636362666666667
107.66666666666667,1336.0,3.2386355
107.75,1343.0,4.204544333333334
107.83333333333333,1344.0,4.204544333333334
107.83333333333333,1335.0,1.761363166666667
107.91666666666667,1306.0,1.704545
108.0,1347.0,2.670453833333333
108.08333333333333,1384.0,3.7499990000000003
108.08333333333333,1426.0,3.7499990000000003
108.08333333333333,1467.0,3.7499990000000003
108.16666666666667,1394.0,3.7499990000000003
108.25,1388.0,3.2386355
108.25,1389.0,3.2386355
108.33333333333333,1426.0,1.6477268333333333
108.5,1422.0,3.0113628333333335
108.58333333333333,1413.0,3.806817166666667
108.66666666666667,1409.0,3.636362666666667
108.75,1395.0,3.068181
108.83333333333333,1387.0,3.4659081666666665
108.91666666666667,1406.0,3.0113628333333335
109.08333333333333,1408.0,3.1818173333333335
109.16666666666667,1395.0,4.261362500000001
109.25,1395.0,3.5795445000000004
109.25,1435.0,2.670453833333333
109.33333333333333,1451.0,1.8181813333333334
109.33333333333333,1442.0,1.8181813333333334
109.33333333333333,1442.0,1.8181813333333334
109.41666666666667,1442.0,1.8181813333333334
109.5,1432.0,0.7954543333333334
109.58333333333333,1474.0,3.40909
109.58333333333333,1489.0,3.1249991666666666
109.66666666666667,1511.0,1.5909086666666667
109.75,1531.0,3.2954536666666665
109.83333333333333,1490.0,3.0113628333333335
110.0,1512.0,3.0113628333333335
110.08333333333333,1550.0,3.8636353333333338
110.16666666666667,1587.0,3.068181
110.25,1568.0,3.1818173333333335
110.33333333333333,1541.0,3.2954536666666665
110.41666666666667,1556.0,3.068181
110.5,1586.0,3.0113628333333335
110.58333333333333,1593.0,3.4659081666666665
110.75,1652.0,3.4659081666666665
110.83333333333333,1646.0,3.1249991666666666
110.83333333333333,1621.0,2.9545446666666666
110.91666666666667,1610.0,2.9545446666666666
111.0,1585.0,1.5340905
111.08333333333333,1567.0,3.068181
111.16666666666667,1582.0,3.0113628333333335
111.25,1619.0,3.0113628333333335
111.25,1641.0,2.7840901666666666
111.25,1568.0,2.7840901666666666
111.33333333333333,1504.0,0.9659088333333334
111.41666666666667,1498.0,3.2954536666666665
111.5,1552.0,3.352271833333334
111.58333333333333,1568.0,2.670453833333333
111.66666666666667,1574.0,3.522726333333334
111.83333333333333,1566.0,3.522726333333334
111.91666666666667,1551.0,3.522726333333334
112.0,1534.0,3.0113628333333335
112.08333333333333,1564.0,3.0113628333333335
112.16666666666667,1612.0,3.068181
112.25,1644.0,3.068181
112.33333333333333,1643.0,3.068181
112.41666666666667,1646.0,3.0113628333333335
112.41666666666667,1625.0,3.0113628333333335
112.5,1581.0,1.4204541666666668
112.58333333333333,1566.0,2.9545446666666666
112.66666666666667,1566.0,3.068181
112.75,1566.0,2.9545446666666666
112.75,1584.0,2.9545446666666666
112.83333333333333,1598.0,1.4204541666666668
112.91666666666667,1609.0,2.7840901666666666
113.0,1631.0,3.068181
113.08333333333333,1646.0,3.0113628333333335
113.16666666666667,1650.0,2.8409083333333336
113.25,1657.0,3.068181
113.41666666666667,1652.0,3.068181
113.5,1598.0,2.9545446666666666
113.5,1588.0,3.0113628333333335
113.5,1601.0,3.0113628333333335
113.58333333333333,1596.0,3.0113628333333335
113.66666666666667,1531.0,0.9659088333333334
113.75,1515.0,2.8409083333333336
113.83333333333333,1556.0,3.068181
113.91666666666667,1679.0,2.4999993333333332
114.0,1711.0,3.068181
114.08333333333333,1610.0,2.8409083333333336
114.16666666666667,1558.0,2.8977265
114.25,1542.0,2.8409083333333336
114.33333333333333,1550.0,2.7840901666666666
114.33333333333333,1612.0,2.727272
114.41666666666667,1629.0,2.727272
114.41666666666667,1663.0,1.363636
114.41666666666667,1698.0,1.363636
114.5,1717.0,1.363636
114.5,1710.0,0.9659088333333334
114.58333333333333,1709.0,2.3295448333333333
114.75,1728.0,2.9545446666666666
114.75,1736.0,3.0113628333333335
114.91666666666667,1698.0,3.0113628333333335
114.91666666666667,1685.0,3.068181
115.0,1694.0,2.670453833333333
115.08333333333333,1719.0,2.727272
115.16666666666667,1759.0,2.670453833333333
115.25,1751.0,2.7840901666666666
115.33333333333333,1736.0,2.7840901666666666
115.41666666666667,1730.0,2.727272
115.5,1729.0,2.727272
115.58333333333333,1716.0,2.4999993333333332
115.58333333333333,1699.0,2.4999993333333332
115.58333333333333,1699.0,2.4999993333333332
115.66666666666667,1697.0,2.4999993333333332
115.75,1700.0,0.8522725
115.83333333333333,1701.0,2.7840901666666666
115.91666666666667,1708.0,2.727272
115.91666666666667,1709.0,2.6136356666666667
115.91666666666667,1685.0,2.6136356666666667
115.91666666666667,1637.0,2.6136356666666667
116.0,1625.0,0.9090906666666667
116.16666666666667,1633.0,2.6136356666666667
116.25,1643.0,3.40909
116.25,1653.0,2.7840901666666666
116.33333333333333,1677.0,2.3863630000000002
116.41666666666667,1698.0,3.1818173333333335
116.5,1718.0,2.4431811666666667
116.58333333333333,1717.0,2.6136356666666667
116.66666666666667,1754.0,2.9545446666666666
116.75,1697.0,2.5568175
116.83333333333333,1678.0,3.068181
116.91666666666667,1700.0,2.670453833333333
117.0,1787.0,2.670453833333333
117.0,1862.0,2.4999993333333332
117.08333333333333,1813.0,2.4999993333333332
117.16666666666667,1762.0,1.2499996666666666
117.25,1746.0,2.727272
117.25,1827.0,2.6136356666666667
117.33333333333333,1875.0,2.4999993333333332
117.41666666666667,1854.0,2.4999993333333332
117.5,1841.0,2.670453833333333
117.58333333333333,1856.0,2.5568175
117.66666666666667,1849.0,2.8409083333333336
117.75,1836.0,2.8977265
117.83333333333333,1797.0,2.6136356666666667
117.91666666666667,1729.0,2.6136356666666667
118.0,1725.0,2.6136356666666667
118.08333333333333,1702.0,2.727272
118.16666666666667,1662.0,2.272726666666667
118.25,1614.0,2.9545446666666666
118.33333333333333,1562.0,2.727272
118.33333333333333,1560.0,2.6136356666666667
118.41666666666667,1568.0,2.4431811666666667
118.5,1571.0,2.670453833333333
118.58333333333333,1574.0,2.6136356666666667
118.66666666666667,1574.0,2.7840901666666666
118.75,1582.0,2.6136356666666667
118.83333333333333,1587.0,2.4431811666666667
118.91666666666667,1594.0,2.7840901666666666
119.0,1613.0,2.7840901666666666
119.08333333333333,1609.0,2.6136356666666667
119.16666666666667,1585.0,2.5568175
119.25,1571.0,2.6136356666666667
119.33333333333333,1564.0,2.727272
119.33333333333333,1591.0,2.6136356666666667
119.41666666666667,1615.0,2.6136356666666667
119.58333333333333,1627.0,2.7840901666666666
119.58333333333333,1633.0,2.9545446666666666
119.66666666666667,1632.0,2.670453833333333
119.75,1624.0,2.7840901666666666
119.83333333333333,1623.0,2.7840901666666666
119.91666666666667,1612.0,2.4999993333333332
120.0,1603.0,3.0113628333333335
120.08333333333333,1618.0,2.7840901666666666
120.16666666666667,1625.0,2.3863630000000002
120.25,1622.0,3.5795445000000004
120.33333333333333,1633.0,2.5568175
120.33333333333333,1654.0,2.5568175
120.33333333333333,1642.0,2.5568175
120.41666666666667,1630.0,0.9659088333333334
120.5,1636.0,3.0113628333333335
120.58333333333333,1646.0,2.7840901666666666
120.58333333333333,1631.0,2.7840901666666666
120.58333333333333,1628.0,2.7840901666666666
120.66666666666667,1636.0,0.9090906666666667
120.75,1656.0,3.1818173333333335
120.83333333333333,1657.0,2.8977265
120.91666666666667,1644.0,2.8409083333333336
121.0,1662.0,3.0113628333333335
121.08333333333333,1693.0,2.8409083333333336
121.16666666666667,1702.0,3.068181
121.25,1709.0,2.9545446666666666
121.33333333333333,1701.0,2.9545446666666666
121.41666666666667,1677.0,2.9545446666666666
121.58333333333333,1662.0,2.9545446666666666
121.66666666666667,1633.0,2.9545446666666666
121.75,1619.0,2.9545446666666666
121.83333333333333,1620.0,3.068181
121.91666666666667,1620.0,2.8409083333333336
122.0,1640.0,3.2954536666666665
122.08333333333333,1686.0,2.7840901666666666
122.08333333333333,1705.0,2.8409083333333336
122.16666666666667,1683.0,2.8409083333333336
122.16666666666667,1668.0,1.4772723333333333
122.25,1653.0,1.6477268333333333
122.33333333333333,1628.0,1.6477268333333333
122.33333333333333,1632.0,2.4431811666666667
122.41666666666667,1641.0,1.5909086666666667
122.41666666666667,1657.0,1.5909086666666667
122.5,1700.0,1.4772723333333333
122.58333333333333,1746.0,2.670453833333333
122.66666666666667,1782.0,3.0113628333333335
122.75,1782.0,3.2954536666666665
122.91666666666667,1843.0,3.2954536666666665
123.0,1861.0,3.40909
123.0,1853.0,3.1249991666666666
123.08333333333333,1827.0,3.1249991666666666
123.16666666666667,1798.0,1.3068178333333333
123.25,1765.0,3.40909
125.0,1475.0,2.8409083333333336
125.0,1438.0,2.8409083333333336
125.08333333333333,1446.0,2.8409083333333336
125.16666666666667,1440.0,0.8522725
125.25,1461.0,2.727272
125.33333333333333,1511.0,2.670453833333333
125.41666666666667,1558.0,2.670453833333333
125.5,1571.0,2.727272
125.5,1556.0,2.727272
125.5,1578.0,2.727272
125.58333333333333,1653.0,1.363636
125.75,1733.0,2.7840901666666666
125.75,1784.0,2.9545446666666666
125.83333333333333,1784.0,2.6136356666666667
125.91666666666667,1762.0,2.6136356666666667
126.0,1728.0,2.727272
126.0,1725.0,2.727272
126.08333333333333,1724.0,1.363636
126.16666666666667,1730.0,2.727272
126.25,1735.0,2.5568175
126.33333333333333,1732.0,2.8409083333333336
126.41666666666667,1753.0,2.8409083333333336
126.5,1771.0,2.727272
126.5,1774.0,2.5568175
126.58333333333333,1754.0,2.5568175
126.58333333333333,1741.0,1.1931815000000001
126.66666666666667,1693.0,2.727272
126.75,1642.0,2.670453833333333
126.83333333333333,1610.0,2.6136356666666667
126.91666666666667,1605.0,2.4431811666666667
127.0,1645.0,2.4999993333333332
127.08333333333333,1671.0,2.4999993333333332
127.16666666666667,1696.0,2.6136356666666667
127.25,1666.0,2.8409083333333336
127.33333333333333,1644.0,2.4999993333333332
127.41666666666667,1628.0,2.7840901666666666
127.5,1602.0,2.5568175
127.5,1578.0,2.4999993333333332
127.58333333333333,1570.0,2.4999993333333332
127.66666666666667,1568.0,2.4431811666666667
127.75,1568.0,2.670453833333333
127.83333333333333,1529.0,2.4999993333333332
127.91666666666667,1543.0,2.4999993333333332
127.91666666666667,1616.0,2.4431811666666667
128.0,1653.0,2.4431811666666667
128.08333333333334,1673.0,1.3068178333333333
128.08333333333334,1672.0,2.4999993333333332
128.16666666666666,1649.0,2.6136356666666667
128.16666666666666,1608.0,2.6136356666666667
128.25,1557.0,2.6136356666666667
128.33333333333334,1510.0,1.1363633333333334
128.41666666666666,1486.0,2.7840901666666666
128.5,1491.0,2.1590903333333333
128.5,1506.0,2.8977265
128.58333333333334,1504.0,2.3863630000000002
128.66666666666666,1547.0,2.3863630000000002
128.75,1614.0,2.4431811666666667
128.83333333333334,1629.0,2.4431811666666667
128.91666666666666,1594.0,2.1590903333333333
129.0,1537.0,2.8977265
129.08333333333334,1518.0,2.3863630000000002
129.08333333333334,1560.0,2.670453833333333
129.16666666666666,1591.0,2.3863630000000002
129.25,1599.0,2.4431811666666667
129.33333333333334,1607.0,2.4431811666666667
129.41666666666666,1643.0,2.1590903333333333
129.5,1653.0,2.8409083333333336
129.5,1665.0,2.3863630000000002
129.58333333333334,1666.0,2.4431811666666667
129.58333333333334,1675.0,2.4431811666666667
129.66666666666666,1645.0,1.1931815000000001
129.75,1631.0,2.4431811666666667
129.83333333333334,1617.0,2.4431811666666667
129.83333333333334,1624.0,2.4431811666666667
129.83333333333334,1621.0,2.4431811666666667
129.91666666666666,1620.0,1.1931815000000001
130.0,1663.0,2.3863630000000002
130.0,1688.0,2.3863630000000002
130.0,1633.0,2.3863630000000002
130.08333333333334,1574.0,2.3863630000000002
130.08333333333334,1560.0,0.7954543333333334
130.08333333333334,1573.0,0.7954543333333334
130.16666666666666,1594.0,1.1931815000000001
130.16666666666666,1594.0,1.1931815000000001
130.25,1700.0,1.1931815000000001
130.33333333333334,1744.0,1.1363633333333334
130.41666666666666,1718.0,2.3295448333333333
130.41666666666666,1670.0,2.7840901666666666
130.5,1664.0,2.2159085000000003
130.58333333333334,1691.0,2.3863630000000002
130.66666666666666,1716.0,2.3863630000000002
130.75,1717.0,2.1590903333333333
130.75,1684.0,2.1590903333333333
130.83333333333334,1666.0,2.6136356666666667
130.91666666666666,1649.0,2.2159085000000003
131.0,1633.0,2.2159085000000003
131.08333333333334,1616.0,2.2159085000000003
131.16666666666666,1566.0,2.4999993333333332
131.16666666666666,1555.0,2.272726666666667
131.25,1561.0,2.3863630000000002
131.33333333333334,1570.0,2.3863630000000002
131.41666666666666,1589.0,1.704545
131.41666666666666,1606.0,2.727272
131.5,1630.0,2.272726666666667
131.5,1642.0,2.272726666666667
131.5,1588.0,2.272726666666667
131.58333333333334,1541.0,0.9659088333333334
131.66666666666666,1520.0,2.5568175
131.75,1511.0,2.5568175
131.83333333333334,1512.0,2.102272166666667
131.83333333333334,1513.0,2.2159085000000003
131.83333333333334,1511.0,2.2159085000000003
131.91666666666666,1523.0,2.2159085000000003
131.91666666666666,1538.0,1.0227270000000002
132.0,1559.0,1.761363166666667
132.08333333333334,1585.0,2.8409083333333336
132.16666666666666,1597.0,2.8409083333333336
132.25,1594.0,1.9886358333333334
132.25,1603.0,2.272726666666667
132.33333333333334,1620.0,1.8749995000000002
132.41666666666666,1626.0,1.8749995000000002
132.5,1640.0,2.272726666666667
132.5,1657.0,2.102272166666667
132.58333333333334,1707.0,1.9886358333333334
132.58333333333334,1710.0,1.9886358333333334
132.58333333333334,1710.0,1.9886358333333334
132.66666666666666,1690.0,1.0227270000000002
132.75,1696.0,1.0227270000000002
132.75,1619.0,1.9886358333333334
132.83333333333334,1592.0,1.9886358333333334
132.83333333333334,1639.0,1.9886358333333334
132.91666666666666,1672.0,1.9886358333333334
132.91666666666666,1663.0,0.9659088333333334
133.0,1650.0,0.9659088333333334
133.0,1662.0,1.8181813333333334
133.0,1685.0,1.8181813333333334
133.08333333333334,1696.0,1.8181813333333334
133.08333333333334,1701.0,0.9090906666666667
133.16666666666666,1716.0,1.8749995000000002
133.16666666666666,1715.0,1.8749995000000002
133.16666666666666,1699.0,1.8749995000000002
133.25,1692.0,0.9659088333333334
133.25,1673.0,0.9659088333333334
133.25,1678.0,0.9659088333333334
133.33333333333334,1713.0,0.9090906666666667
133.33333333333334,1748.0,0.9090906666666667
133.41666666666666,1762.0,1.4204541666666668
133.5,1736.0,1.4204541666666668
133.5,1695.0,1.8181813333333334
133.58333333333334,1634.0,1.8181813333333334
133.58333333333334,1614.0,1.5909086666666667
133.66666666666666,1594.0,1.5909086666666667
133.66666666666666,1608.0,1.5909086666666667
133.75,1610.0,1.5340905
133.75,1711.0,1.5340905
133.83333333333334,1812.0,1.704545
133.91666666666666,1787.0,1.704545
133.91666666666666,1756.0,1.6477268333333333
134.0,1741.0,1.6477268333333333
134.0,1640.0,1.5909086666666667
134.0,1611.0,1.5909086666666667
134.0,1603.0,1.5909086666666667
134.08333333333334,1583.0,0.7386361666666666
134.08333333333334,1582.0,0.7386361666666666
134.16666666666666,1603.0,1.4204541666666668
134.16666666666666,1629.0,1.4204541666666668
134.25,1660.0,1.4204541666666668
134.25,1665.0,1.3068178333333333
134.25,1665.0,1.3068178333333333
134.25,1732.0,1.3068178333333333
134.33333333333334,1721.0,1.3068178333333333
134.33333333333334,1729.0,0.681818
134.33333333333334,1757.0,0.681818
134.33333333333334,1739.0,0.681818
134.33333333333334,1693.0,0.681818
134.33333333333334,1674.0,0.681818
134.33333333333334,1691.0,0.681818
134.41666666666666,1680.0,0.681818
134.41666666666666,1618.0,0.3977271666666667
134.41666666666666,1608.0,0.3977271666666667
134.5,1610.0,1.0795451666666667
134.5,1641.0,1.0795451666666667
134.5,1706.0,1.0795451666666667
134.5,1776.0,1.0795451666666667
134.5,1824.0,1.0795451666666667
134.58333333333334,1815.0,1.0795451666666667
134.58333333333334,1779.0,0.5113635000000001
134.58333333333334,1751.0,0.5113635000000001
134.66666666666666,1727.0,1.1931815000000001
134.66666666666666,1732.0,1.1931815000000001
134.66666666666666,1728.0,1.1931815000000001
134.66666666666666,1729.0,1.1931815000000001
134.66666666666666,1746.0,1.1931815000000001
134.66666666666666,1740.0,1.1931815000000001
134.75,1740.0,0.45454533333333336
134.75,1749.0,0.45454533333333336
134.75,1753.0,0.45454533333333336
134.83333333333334,1755.0,0.45454533333333336
134.83333333333334,1752.0,0.8522725
134.83333333333334,1738.0,0.8522725
134.83333333333334,1700.0,0.8522725
134.91666666666666,1670.0,0.7954543333333334
134.91666666666666,1649.0,0.7954543333333334
134.91666666666666,1659.0,0.7954543333333334
134.91666666666666,1668.0,0.7954543333333334
135.0,1697.0,0.7386361666666666
135.0,1716.0,0.7386361666666666
135.0,1712.0,0.7386361666666666
135.0,1686.0,0.7386361666666666
135.08333333333334,1676.0,0.7386361666666666
135.08333333333334,1636.0,0.7386361666666666
135.08333333333334,1636.0,0.7386361666666666
135.08333333333334,1635.0,0.7386361666666666
135.16666666666666,1631.0,0.7386361666666666
135.16666666666666,1624.0,0.5681816666666667
135.16666666666666,1630.0,0.5681816666666667
135.16666666666666,1627.0,0.5681816666666667
135.16666666666666,1642.0,0.5681816666666667
135.16666666666666,1652.0,0.5681816666666667
135.25,1637.0,0.5681816666666667
135.25,1632.0,0.5113635000000001
135.25,1616.0,0.5113635000000001
135.25,1596.0,0.5113635000000001
135.25,1598.0,0.5113635000000001
135.25,1598.0,0.5113635000000001
135.25,1588.0,0.5113635000000001
135.33333333333334,1595.0,0.45454533333333336
135.33333333333334,1604.0,0.45454533333333336
135.33333333333334,1594.0,0.45454533333333336
135.33333333333334,1573.0,0.45454533333333336
135.33333333333334,1555.0,0.45454533333333336
135.33333333333334,1575.0,0.45454533333333336
135.33333333333334,1605.0,0.45454533333333336
135.33333333333334,1617.0,0.45454533333333336
135.41666666666666,1625.0,0.340909
135.41666666666666,1614.0,0.340909
135.41666666666666,1579.0,0.340909
135.41666666666666,1567.0,0.340909
135.41666666666666,1566.0,0.340909
135.41666666666666,1569.0,0.340909
135.41666666666666,1600.0,0.340909
135.41666666666666,1638.0,0.340909
135.41666666666666,1692.0,0.340909
135.41666666666666,1676.0,0.340909
135.41666666666666,1631.0,0.340909
135.41666666666666,1597.0,0.340909
135.5,1585.0,0.22727266666666668
135.5,1591.0,0.22727266666666668
135.5,1608.0,0.22727266666666668
135.5,1695.0,0.22727266666666668
135.5,1718.0,0.22727266666666668
135.5,1722.0,0.22727266666666668
135.5,1722.0,0.22727266666666668
135.5,1722.0,0.22727266666666668
135.5,1709.0,0.22727266666666668
135.5,1673.0,0.22727266666666668
135.5,1662.0,0.22727266666666668
135.5,1669.0,0.22727266666666668
135.5,1681.0,0.22727266666666668
135.5,1699.0,0.22727266666666668
135.5,1701.0,0.22727266666666668
135.5,1706.0,0.22727266666666668
135.5,1720.0,0.22727266666666668
135.5,1729.0,0.22727266666666668
135.5,1724.0,0.22727266666666668
135.5,1727.0,0.22727266666666668
135.5,1714.0,0.22727266666666668
135.5,1716.0,0.22727266666666668
135.5,1754.0,0.22727266666666668
135.5,1798.0,0.22727266666666668
135.5,1740.0,0.22727266666666668
135.5,1251.0,0.22727266666666668
135.5,424.0,0.22727266666666668
135.5,180.0,0.22727266666666668
135.5,54.0,0.22727266666666668
135.5,0.0,0.22727266666666668
135.5,0.0,0.22727266666666668
135.5,0.0,0.22727266666666668
135.5,0.0,0.22727266666666668
135.5,0.0,0.22727266666666668
135.5,0.0,0.22727266666666668
135.5,0.0,0.22727266666666668
135.5,0.0,0.22727266666666668
135.5,0.0,0.22727266666666668
135.5,0.0,0.22727266666666668
135.5,0.0,0.22727266666666668
135.5,0.0,0.22727266666666668
135.5,0.0,0.22727266666666668
135.5,0.0,0.22727266666666668
135.5,0.0,0.22727266666666668
135.5,0.0,0.22727266666666668
135.5,0.0,0.22727266666666668
135.5,0.0,0.22727266666666668
135.5,0.0,0.22727266666666668
135.5,0.0,0.22727266666666668
135.5,0.0,0.22727266666666668
135.5,0.0,0.0
135.5,0.0,0.0
135.5,0.0,0.0
135.5,0.0,0.0
135.5,0.0,0.0
135.5,0.0,0.0
135.5,0.0,0.0
135.5,0.0,0.0
135.5,0.0,0.0
135.5,0.0,0.0
135.5,0.0,0.0
135.5,0.0,0.0
135.5,0.0,0.0
135.5,0.0,0.0
135.5,0.0,0.0
135.5,0.0,0.0
135.5,0.0,0.0
135.5,0.0,0.0
135.5,0.0,0.0
135.5,0.0,0.0
135.5,0.0,0.0
135.5,0.0,0.0
135.5,0.0,0.0
135.5,0.0,0.0
135.5,0.0,0.0
135.5,0.0,0.0
135.5,0.0,0.0
135.5,0.0,0.0
135.5,0.0,0.0
135.5,0.0,0.0
135.5,0.0,0.0
135.5,0.0,0.0
135.5,0.0,0.0
135.5,0.0,0.0
135.5,0.0,0.0
135.5,0.0,0.0
135.5,0.0,0.0
135.5,0.0,0.0
135.5,0.0,0.0
135.5,0.0,0.0
135.5,0.0,0.0
135.5,0.0,0.0
135.5,0.0,0.0
135.5,0.0,0.0
135.5,0.0,0.0
135.5,0.0,0.0
135.5,3.0,0.0
135.5,35.0,0.0
135.5,61.0,0.0
135.5,62.0,0.0
135.5,49.0,0.0
135.5,21.0,0.0
135.5,0.0,0.0
135.5,0.0,0.0
135.5,0.0,0.0
135.5,0.0,0.0
135.5,0.0,0.0
135.5,0.0,0.0
135.5,0.0,0.0
135.5,0.0,0.0
135.5,0.0,0.0
135.5,0.0,0.0
135.5,0.0,0.0
135.5,0.0,0.0
135.5,0.0,0.0
135.5,0.0,0.0
135.5,0.0,0.0
135.5,0.0,0.0
135.5,0.0,0.0
135.5,0.0,0.0
135.5,0.0,0.0
135.5,82.0,0.0
135.5,374.0,0.0
135.5,486.0,0.0
135.5,272.0,0.0
135.5,138.0,0.0
135.5,209.0,0.0
135.5,292.0,0.0
135.5,285.0,0.0
135.5,150.0,0.0
135.5,108.0,0.0
135.5,79.0,0.0
135.5,40.0,0.0
135.5,0.0,0.0
135.5,0.0,0.0
135.5,0.0,0.0
135.5,0.0,0.0
135.5,0.0,0.0
135.5,0.0,0.0
135.5,0.0,0.0
135.5,0.0,0.0
135.5,0.0,0.0
135.5,0.0,0.0
135.5,0.0,0.0
135.5,0.0,0.0
135.5,0.0,0.0
135.5,0.0,0.0
135.5,0.0,0.0
135.5,0.0,0.0
135.5,0.0,0.0
135.5,0.0,0.0
135.5,0.0,0.0
135.5,0.0,0.0
135.5,0.0,0.0
135.5,0.0,0.0
135.5,0.0,0.0
135.5,0.0,0.0
135.5,151.0,0.0
135.5,180.0,0.0
135.5,105.0,0.0
135.5,25.0,0.0
135.5,0.0,0.0
135.5,0.0,0.0
135.5,0.0,0.0
135.5,0.0,0.0
135.5,0.0,0.0
135.5,0.0,0.0
135.5,0.0,0.0
135.5,0.0,0.0
135.5,0.0,0.0
135.5,46.0,0.0
135.5,132.0,0.0
135.5,159.0,0.0
135.5,112.0,0.0
135.5,41.0,0.0
135.5,27.0,0.0
135.5,26.0,0.0
135.5,14.0,0.0
135.5,14.0,0.0
135.5,0.0,0.0
135.5,0.0,0.0
135.5,0.0,0.0
135.5,0.0,0.0
135.5,0.0,0.0
135.5,0.0,0.0
135.5,0.0,0.0
135.5,0.0,0.0
135.5,0.0,0.0
135.5,0.0,0.0
135.5,0.0,0.0
135.5,0.0,0.0
135.5,0.0,0.0
135.5,0.0,0.0
135.5,0.0,0.0
135.5,0.0,0.0
135.5,0.0,0.0
135.5,0.0,0.0
135.5,371.0,0.0
135.5,517.0,0.0
135.5,350.0,0.0
135.5,178.0,0.0
135.5,57.0,0.0
135.5,92.0,0.0
135.5,101.0,0.0
135.5,85.0,0.0
135.5,70.0,0.0
135.5,0.0,0.0
135.5,0.0,0.0
135.5,0.0,0.0
135.5,0.0,0.0
135.5,0.0,0.0
135.5,0.0,0.0
135.5,0.0,0.0
135.5,0.0,0.0
135.5,0.0,0.0
135.5,0.0,0.0
135.5,0.0,0.0
135.5,0.0,0.0
135.5,0.0,0.0
135.5,0.0,0.0
135.5,0.0,0.0
135.5,0.0,0.0
135.5,0.0,0.0
135.5,0.0,0.0
135.5,0.0,0.0
135.5,0.0,0.0
135.5,0.0,0.0
135.5,0.0,0.0
135.5,7.0,0.0
135.5,16.0,0.0
135.5,0.0,0.0
135.5,0.0,0.0
135.5,0.0,0.0
135.5,0.0,0.0
135.5,0.0,0.0
135.5,0.0,0.0
135.5,0.0,0.0
135.5,0.0,0.0
135.5,0.0,0.0
135.5,0.0,0.0
