0.0,0.0,0.0
0.0,0.0,0.0
0.0,0.0,0.0
0.0,0.0,0.0
0.0,0.0,0.0
0.0,0.0,0.0
0.0,0.0,0.0
0.0,0.0,0.0
0.0,0.0,0.0
0.0,0.0,0.0
0.0,0.0,0.0
0.0,0.0,0.0
0.0,0.0,0.0
0.0,0.0,0.0
0.0,0.0,0.0
0.0,0.0,0.0
0.0,0.0,0.0
0.0,0.0,0.0
0.0,0.0,0.0
0.0,0.0,0.0
0.0,0.0,0.0
0.0,0.0,0.0
0.0,0.0,0.0
0.0,0.0,0.0
0.0,0.0,0.0
0.0,0.0,0.0
0.0,0.0,0.0
0.0,0.0,0.0
0.0,0.0,0.0
0.0,0.0,0.0
0.0,0.0,0.0
0.0,0.0,0.0
0.0,0.0,0.0
0.0,0.0,0.0
0.0,0.0,0.0
0.0,0.0,0.0
0.0,0.0,0.0
0.0,0.0,0.0
0.0,0.0,0.0
0.0,0.0,0.0
0.0,0.0,0.0
0.0,0.0,0.0
0.0,0.0,0.0
0.0,0.0,0.0
0.0,0.0,0.0
0.0,0.0,0.0
0.0,0.0,0.0
0.0,0.0,0.0
0.0,0.0,0.0
0.0,0.0,0.0
0.0,0.0,0.0
0.0,0.0,0.0
0.0,0.0,0.0
0.0,0.0,0.0
0.0,0.0,0.0
0.0,0.0,0.0
0.0,0.0,0.0
0.0,0.0,0.0
0.0,0.0,0.0
0.0,0.0,0.0
0.0,0.0,0.0
0.0,0.0,0.0
0.0,0.0,0.0
0.0,0.0,0.0
0.0,0.0,0.0
0.0,0.0,0.0
0.0,0.0,0.0
0.0,0.0,0.0
0.0,0.0,0.0
0.0,0.0,0.0
0.0,0.0,0.0
0.0,0.0,0.0
0.0,0.0,0.0
0.0,0.0,0.0
0.0,0.0,0.0
0.0,0.0,0.0
0.0,0.0,0.0
0.0,0.0,0.0
0.0,0.0,0.0
0.0,0.0,0.0
0.0,0.0,0.0
0.0,0.0,0.0
0.0,0.0,0.0
0.0,0.0,0.0
0.0,0.0,0.0
0.0,0.0,0.0
0.0,0.0,0.0
0.0,0.0,0.0
0.0,0.0,0.0
0.0,0.0,0.0
0.0,0.0,0.0
0.0,0.0,0.0
0.0,0.0,0.0
0.0,0.0,0.0
0.0,0.0,0.0
0.0,0.0,0.0
0.0,0.0,0.0
0.0,0.0,0.0
0.0,0.0,0.0
0.0,0.0,0.0
0.0,0.0,0.0
0.0,0.0,0.0
0.0,0.0,0.0
0.0,0.0,0.0
0.0,0.0,0.0
0.0,0.0,0.0
0.0,0.0,0.0
0.0,0.0,0.0
0.0,0.0,0.0
0.0,0.0,0.0
0.0,0.0,0.0
0.0,0.0,0.0
0.0,0.0,0.0
0.0,0.0,0.0
0.0,0.0,0.0
0.0,0.0,0.0
0.0,0.0,0.0
0.0,0.0,0.0
0.0,0.0,0.0
0.0,0.0,0.0
0.0,0.0,0.0
0.0,0.0,0.0
0.0,0.0,0.0
0.0,0.0,0.0
0.0,0.0,0.0
0.0,0.0,0.0
0.0,0.0,0.0
0.0,0.0,0.0
0.0,0.0,0.0
0.0,0.0,0.0
0.0,0.0,0.0
0.0,0.0,0.0
0.0,0.0,0.0
0.0,0.0,0.0
0.0,0.0,0.0
0.0,0.0,0.0
0.0,0.0,0.0
0.0,0.0,0.0
0.0,0.0,0.0
0.0,0.0,0.0
0.0,0.0,0.0
0.0,0.0,0.0
0.0,0.0,0.0
0.0,0.0,0.0
0.0,0.0,0.0
0.0,0.0,0.0
0.0,0.0,0.0
0.0,0.0,0.0
0.0,0.0,0.0
0.0,0.0,0.0
0.0,0.0,0.0
0.0,0.0,0.0
0.0,0.0,0.0
0.0,0.0,0.0
0.0,0.0,0.0
0.0,0.0,0.0
0.0,0.0,0.0
0.0,0.0,0.0
0.0,0.0,0.0
0.0,0.0,0.0
0.0,0.0,0.0
0.0,0.0,0.0
0.0,0.0,0.0
0.0,0.0,0.0
0.0,0.0,0.0
0.0,0.0,0.0
0.0,0.0,0.0
0.0,0.0,0.0
0.0,0.0,0.0
0.0,0.0,0.0
0.0,0.0,0.0
0.0,0.0,0.0
0.0,0.0,0.0
0.0,0.0,0.0
0.0,0.0,0.0
0.0,0.0,0.0
0.0,0.0,0.0
0.0,0.0,0.0
0.0,0.0,0.0
0.0,0.0,0.0
0.0,0.0,0.0
0.0,0.0,0.0
0.0,0.0,0.0
0.0,0.0,0.0
0.0,0.0,0.0
0.0,0.0,0.0
0.0,0.0,0.0
0.0,0.0,0.0
0.0,0.0,0.0
0.0,0.0,0.0
0.0,0.0,0.0
0.0,0.0,0.0
0.0,0.0,0.0
0.0,0.0,0.0
0.0,0.0,0.0
0.0,0.0,0.0
0.0,0.0,0.0
0.0,0.0,0.0
0.0,0.0,0.0
0.0,0.0,0.0
0.0,0.0,0.0
0.0,0.0,0.0
0.0,0.0,0.0
0.0,0.0,0.0
0.0,0.0,0.0
0.0,0.0,0.0
0.0,0.0,0.0
0.0,0.0,0.0
0.0,0.0,0.0
0.0,0.0,0.0
0.0,0.0,0.0
0.0,0.0,0.0
0.0,0.0,0.0
0.0,0.0,0.0
0.0,0.0,0.0
0.0,0.0,0.0
0.0,0.0,0.0
0.0,0.0,0.0
0.0,0.0,0.0
0.0,0.0,0.0
0.0,0.0,0.0
0.0,0.0,0.0
0.0,0.0,0.0
0.0,0.0,0.0
0.0,0.0,0.0
0.0,0.0,0.0
0.0,0.0,0.0
0.0,0.0,0.0
0.0,0.0,0.0
0.0,0.0,0.0
0.0,0.0,0.0
0.0,0.0,0.0
0.0,0.0,0.0
0.0,0.0,0.0
0.0,0.0,0.0
0.0,0.0,0.0
0.0,0.0,0.0
0.0,0.0,0.0
0.0,0.0,0.0
0.0,0.0,0.0
0.0,0.0,0.0
0.0,0.0,0.0
0.0,0.0,0.0
0.0,0.0,0.0
0.0,0.0,0.0
0.0,0.0,0.0
0.0,0.0,0.0
0.0,0.0,0.0
0.0,0.0,0.0
0.0,0.0,0.0
0.0,0.0,0.0
0.0,0.0,0.0
0.0,0.0,0.0
0.0,0.0,0.0
0.0,0.0,0.0
0.0,0.0,0.0
0.0,0.0,0.0
0.0,0.0,0.0
0.0,0.0,0.0
0.0,0.0,0.0
0.0,0.0,0.0
0.0,0.0,0.0
0.0,0.0,0.0
0.0,0.0,0.0
0.0,0.0,0.0
0.0,0.0,0.0
0.0,0.0,0.0
0.0,0.0,0.0
0.0,0.0,0.0
0.0,0.0,0.0
0.0,0.0,0.0
0.0,0.0,0.0
0.0,0.0,0.0
0.0,0.0,0.0
0.0,0.0,0.0
0.0,0.0,0.0
0.0,0.0,0.0
0.0,0.0,0.0
0.0,0.0,0.0
0.0,0.0,0.0
0.0,0.0,0.0
0.0,0.0,0.0
0.0,0.0,0.0
0.0,0.0,0.0
0.0,0.0,0.0
0.0,0.0,0.0
0.0,164.0,0.0
0.0,568.0,0.0
0.0,581.0,0.0
0.0,426.0,0.0
0.0,265.0,0.0
0.0,203.0,0.0
0.0,251.0,0.0
0.0,287.0,0.0
0.0,295.0,0.0
0.0,253.0,0.0
0.0,215.0,0.0
0.0,197.0,0.0
0.0,198.0,0.0
0.0,198.0,0.0
0.0,257.0,0.0
0.0,269.0,0.0
0.0,273.0,0.0
0.0,294.0,0.0
0.0,375.0,0.0
0.0,511.0,0.0
0.0,665.0,0.0
0.0,833.0,0.0
0.08333333333333333,1092.0,0.0
0.08333333333333333,1558.0,0.0
0.08333333333333333,1674.0,0.0
0.08333333333333333,1784.0,0.0
0.08333333333333333,1783.0,0.0
0.08333333333333333,1793.0,0.0
0.08333333333333333,2085.0,0.0
0.08333333333333333,2426.0,0.0
0.08333333333333333,2426.0,0.0
0.16666666666666666,2619.0,0.0
0.16666666666666666,2463.0,0.0
0.16666666666666666,2203.0,0.0
0.16666666666666666,2193.0,0.0
0.16666666666666666,2269.0,0.0
0.25,2284.0,0.6249998333333333
0.25,2032.0,0.6249998333333333
0.25,1939.0,0.6249998333333333
0.3333333333333333,1988.0,0.6249998333333333
0.3333333333333333,2074.0,0.7954543333333334
0.3333333333333333,2105.0,0.7954543333333334
0.3333333333333333,2076.0,0.7954543333333334
0.4166666666666667,2057.0,0.7954543333333334
0.4166666666666667,2128.0,0.681818
0.4166666666666667,2199.0,0.681818
0.5,2037.0,0.681818
0.5,1957.0,1.0795451666666667
0.5,1999.0,1.0795451666666667
0.5833333333333334,2069.0,0.9659088333333334
0.5833333333333334,2008.0,0.9659088333333334
0.5833333333333334,1901.0,0.9659088333333334
0.6666666666666666,1856.0,1.0795451666666667
0.6666666666666666,1879.0,1.0795451666666667
0.75,1916.0,1.0795451666666667
0.75,1868.0,1.0795451666666667
0.75,1823.0,1.0795451666666667
0.8333333333333334,1777.0,1.0795451666666667
0.8333333333333334,1773.0,1.0795451666666667
0.8333333333333334,1788.0,1.0795451666666667
0.8333333333333334,1757.0,1.0795451666666667
0.9166666666666666,1709.0,1.0795451666666667
0.9166666666666666,1686.0,0.6249998333333333
1.0,1713.0,0.6249998333333333
1.0,1749.0,1.2499996666666666
1.0,1742.0,1.2499996666666666
1.0,1714.0,1.2499996666666666
1.0,1773.0,1.2499996666666666
1.0,1833.0,1.2499996666666666
1.0833333333333333,1867.0,1.2499996666666666
1.0833333333333333,1963.0,0.5113635000000001
1.1666666666666667,2051.0,1.761363166666667
1.1666666666666667,2051.0,1.761363166666667
1.1666666666666667,1994.0,1.761363166666667
1.25,2025.0,0.8522725
1.3333333333333333,2055.0,0.8522725
1.3333333333333333,2028.0,1.8181813333333334
1.4166666666666667,2007.0,2.102272166666667
1.5,1937.0,2.102272166666667
1.5,1836.0,1.8749995000000002
1.5833333333333333,1815.0,1.6477268333333333
1.6666666666666667,1884.0,2.8977265
1.75,1924.0,2.8977265
1.75,1924.0,1.9318176666666669
1.8333333333333333,1988.0,2.3295448333333333
1.9166666666666667,1979.0,2.1590903333333333
1.9166666666666667,1955.0,2.1590903333333333
1.9166666666666667,1982.0,2.1590903333333333
2.0,1963.0,1.0227270000000002
2.0,1900.0,1.0227270000000002
2.0833333333333335,1784.0,1.0227270000000002
2.1666666666666665,1750.0,1.1931815000000001
2.1666666666666665,1781.0,2.1590903333333333
2.25,1793.0,1.9318176666666669
2.3333333333333335,1802.0,1.9318176666666669
2.4166666666666665,1901.0,2.102272166666667
2.5,1913.0,2.727272
2.5,1913.0,2.4999993333333332
2.5,2019.0,2.4999993333333332
2.5833333333333335,2009.0,1.1363633333333334
2.5833333333333335,1948.0,1.1363633333333334
2.6666666666666665,1970.0,1.1363633333333334
2.6666666666666665,1988.0,1.1931815000000001
2.75,1942.0,2.3863630000000002
2.8333333333333335,1850.0,2.5568175
2.9166666666666665,1797.0,2.5568175
3.0,1778.0,2.4431811666666667
3.0833333333333335,1780.0,2.4431811666666667
3.1666666666666665,1798.0,2.4999993333333332
3.25,1831.0,2.3863630000000002
3.3333333333333335,1849.0,2.8977265
3.4166666666666665,1848.0,2.727272
3.5,1856.0,2.7840901666666666
3.5833333333333335,1856.0,2.7840901666666666
3.5833333333333335,1799.0,2.727272
3.6666666666666665,1799.0,2.727272
3.75,1647.0,1.363636
3.8333333333333335,1567.0,3.4659081666666665
3.9166666666666665,1611.0,2.8409083333333336
4.0,1681.0,3.2954536666666665
4.083333333333333,1708.0,3.0113628333333335
4.166666666666667,1688.0,3.40909
4.166666666666667,1551.0,3.40909
4.166666666666667,1446.0,3.40909
4.333333333333333,1408.0,3.40909
4.416666666666667,1419.0,3.806817166666667
4.5,1419.0,3.1249991666666666
4.583333333333333,1418.0,3.2386355
4.666666666666667,1412.0,3.636362666666667
4.75,1400.0,3.4659081666666665
4.833333333333333,1380.0,3.9772716666666668
5.0,1259.0,3.9772716666666668
5.083333333333333,1213.0,4.261362500000001
5.166666666666667,1234.0,3.068181
5.25,1261.0,3.40909
5.333333333333333,1286.0,3.806817166666667
5.5,1334.0,3.806817166666667
5.5,1374.0,3.4659081666666665
5.5,1386.0,3.4659081666666665
5.583333333333333,1383.0,1.1363633333333334
5.666666666666667,1319.0,3.068181
5.833333333333333,1172.0,3.068181
5.916666666666667,1075.0,3.40909
5.916666666666667,1004.0,3.4659081666666665
6.0,931.0,1.8181813333333334
6.166666666666667,850.0,3.5795445000000004
6.25,767.0,3.9204535000000003
6.333333333333333,715.0,3.40909
6.5,687.0,3.40909
6.583333333333333,710.0,3.5795445000000004
6.666666666666667,751.0,3.636362666666667
6.75,771.0,5.227271333333333
6.75,772.0,5.227271333333333
6.75,789.0,5.227271333333333
6.916666666666667,821.0,5.227271333333333
6.916666666666667,813.0,3.9204535000000003
6.916666666666667,790.0,3.9204535000000003
7.0,724.0,1.3068178333333333
7.083333333333333,724.0,1.3068178333333333
7.166666666666667,719.0,3.7499990000000003
7.166666666666667,719.0,3.7499990000000003
7.25,714.0,3.7499990000000003
7.333333333333333,724.0,3.693180833333334
7.416666666666667,725.0,3.693180833333334
7.583333333333333,696.0,3.693180833333334
7.666666666666667,651.0,3.8636353333333338
7.833333333333333,617.0,3.9204535000000003
7.916666666666667,660.0,3.806817166666667
7.916666666666667,666.0,3.693180833333334
8.0,758.0,3.693180833333334
8.083333333333334,773.0,1.2499996666666666
8.166666666666666,711.0,3.806817166666667
8.166666666666666,687.0,3.352271833333334
8.333333333333334,716.0,3.352271833333334
8.416666666666666,705.0,3.806817166666667
8.416666666666666,643.0,3.636362666666667
8.416666666666666,497.0,3.636362666666667
8.416666666666666,417.0,3.636362666666667
8.5,404.0,3.636362666666667
8.666666666666666,428.0,3.7499990000000003
8.75,501.0,4.374998833333334
8.833333333333334,627.0,3.068181
8.916666666666666,626.0,4.090908000000001
9.083333333333334,433.0,4.090908000000001
9.166666666666666,419.0,3.4659081666666665
9.333333333333334,604.0,3.4659081666666665
9.416666666666666,714.0,3.636362666666667
9.5,721.0,3.522726333333334
9.5,590.0,3.522726333333334
9.583333333333334,414.0,3.522726333333334
9.666666666666666,438.0,1.2499996666666666
9.75,460.0,3.636362666666667
9.75,437.0,3.636362666666667
9.75,406.0,3.636362666666667
9.833333333333334,398.0,3.636362666666667
10.0,419.0,4.147726166666667
10.083333333333334,418.0,4.147726166666667
10.166666666666666,545.0,3.068181
10.333333333333334,631.0,3.068181
10.416666666666666,644.0,3.8636353333333338
10.5,644.0,4.6022715000000005
10.666666666666666,656.0,4.6022715000000005
10.75,667.0,3.693180833333334
10.75,642.0,3.2386355
10.833333333333334,637.0,1.8749995000000002
11.0,677.0,3.1249991666666666
11.083333333333334,712.0,3.693180833333334
11.166666666666666,656.0,3.1818173333333335
11.25,526.0,3.7499990000000003
11.25,516.0,3.7499990000000003
11.333333333333334,568.0,3.7499990000000003
11.416666666666666,566.0,3.40909
11.5,516.0,3.9772716666666668
11.583333333333334,508.0,3.9772716666666668
11.666666666666666,572.0,1.6477268333333333
11.75,678.0,3.9772716666666668
11.916666666666666,793.0,3.9772716666666668
12.0,917.0,3.8636353333333338
12.083333333333334,965.0,3.693180833333334
12.166666666666666,897.0,4.6022715000000005
12.166666666666666,796.0,4.6022715000000005
12.25,820.0,4.6022715000000005
12.333333333333334,841.0,3.9204535000000003
12.416666666666666,802.0,3.2386355
12.583333333333334,767.0,3.693180833333334
12.583333333333334,819.0,4.6022715000000005
12.583333333333334,894.0,4.6022715000000005
12.583333333333334,868.0,4.6022715000000005
12.666666666666666,853.0,4.6022715000000005
12.75,886.0,0.681818
12.833333333333334,1005.0,3.8636353333333338
12.833333333333334,1044.0,3.8636353333333338
12.916666666666666,950.0,3.8636353333333338
13.0,812.0,1.1931815000000001
13.083333333333334,911.0,3.352271833333334
13.25,999.0,3.352271833333334
13.333333333333334,960.0,3.5795445000000004
13.333333333333334,882.0,3.2954536666666665
13.416666666666666,857.0,1.8749995000000002
13.583333333333334,948.0,3.2954536666666665
13.666666666666666,989.0,3.5795445000000004
13.75,990.0,3.352271833333334
13.833333333333334,1014.0,3.693180833333334
13.833333333333334,1014.0,3.693180833333334
13.833333333333334,1086.0,3.693180833333334
13.916666666666666,1070.0,0.8522725
13.916666666666666,1045.0,0.8522725
14.0,1049.0,0.8522725
14.083333333333334,1045.0,1.2499996666666666
14.166666666666666,1023.0,3.2386355
14.333333333333334,1005.0,3.806817166666667
14.416666666666666,933.0,3.9204535000000003
14.5,878.0,3.7499990000000003
14.666666666666666,862.0,3.7499990000000003
14.75,868.0,3.522726333333334
14.833333333333334,855.0,3.522726333333334
14.916666666666666,845.0,3.806817166666667
14.916666666666666,867.0,3.806817166666667
15.083333333333334,907.0,3.806817166666667
15.166666666666666,896.0,4.545453333333334
15.166666666666666,837.0,3.2386355
15.25,733.0,1.761363166666667
15.333333333333334,771.0,3.2954536666666665
15.416666666666666,804.0,3.2954536666666665
15.5,795.0,3.40909
15.666666666666666,718.0,3.40909
15.75,629.0,3.693180833333334
15.833333333333334,626.0,3.9772716666666668
15.916666666666666,710.0,3.1249991666666666
16.083333333333332,761.0,3.522726333333334
16.166666666666668,738.0,4.090908000000001
16.25,753.0,3.636362666666667
16.333333333333332,792.0,3.352271833333334
16.416666666666668,824.0,3.352271833333334
16.5,829.0,1.761363166666667
16.583333333333332,796.0,3.806817166666667
16.75,764.0,3.693180833333334
16.833333333333332,753.0,3.522726333333334
16.916666666666668,778.0,3.806817166666667
17.0,897.0,3.4659081666666665
17.166666666666668,868.0,3.4659081666666665
17.25,864.0,4.374998833333334
17.333333333333332,812.0,3.7499990000000003
17.416666666666668,827.0,3.636362666666667
17.583333333333332,799.0,3.636362666666667
17.666666666666668,783.0,3.5795445000000004
17.75,783.0,3.40909
17.916666666666668,796.0,3.40909
18.0,797.0,5.056816833333333
18.0,776.0,3.40909
18.166666666666668,802.0,3.40909
18.166666666666668,829.0,3.7499990000000003
18.25,847.0,3.7499990000000003
18.333333333333332,949.0,3.693180833333334
18.5,985.0,3.693180833333334
18.5,965.0,3.636362666666667
18.5,963.0,3.636362666666667
18.666666666666668,840.0,3.636362666666667
18.666666666666668,789.0,3.4659081666666665
18.75,756.0,1.9318176666666669
18.833333333333332,710.0,3.2386355
18.916666666666668,674.0,3.2386355
19.0,722.0,1.761363166666667
19.083333333333332,771.0,3.522726333333334
19.166666666666668,783.0,4.090908000000001
19.25,758.0,4.090908000000001
19.333333333333332,699.0,4.374998833333334
19.416666666666668,676.0,3.9772716666666668
19.5,676.0,3.0113628333333335
19.5,676.0,3.0113628333333335
19.583333333333332,666.0,1.3068178333333333
19.583333333333332,619.0,1.3068178333333333
19.666666666666668,590.0,1.3068178333333333
19.75,534.0,4.204544333333334
19.916666666666668,515.0,4.204544333333334
19.916666666666668,561.0,4.318180666666667
20.0,561.0,1.8749995000000002
20.166666666666668,520.0,1.8749995000000002
20.25,485.0,3.7499990000000003
20.333333333333332,514.0,3.2954536666666665
20.5,573.0,3.5795445000000004
20.583333333333332,566.0,4.7727260000000005
20.583333333333332,526.0,3.2954536666666665
20.75,489.0,3.2954536666666665
20.833333333333332,473.0,4.318180666666667
20.916666666666668,445.0,3.636362666666667
21.083333333333332,439.0,3.636362666666667
21.166666666666668,476.0,4.318180666666667
21.25,476.0,3.5795445000000004
21.416666666666668,512.0,3.5795445000000004
21.416666666666668,481.0,3.636362666666667
21.416666666666668,458.0,3.636362666666667
21.583333333333332,456.0,3.636362666666667
21.666666666666668,511.0,3.522726333333334
21.75,537.0,3.522726333333334
21.833333333333332,507.0,4.034089833333334
21.916666666666668,501.0,4.034089833333334
22.0,505.0,4.374998833333334
22.083333333333332,504.0,4.374998833333334
22.166666666666668,491.0,1.761363166666667
22.166666666666668,484.0,3.636362666666667
22.25,469.0,1.8749995000000002
22.333333333333332,465.0,1.8749995000000002
22.416666666666668,465.0,1.704545
22.416666666666668,452.0,4.318180666666667
22.5,452.0,4.318180666666667
22.583333333333332,469.0,1.2499996666666666
22.583333333333332,495.0,3.7499990000000003
22.666666666666668,482.0,1.8749995000000002
22.75,479.0,1.8749995000000002
22.833333333333332,499.0,3.9772716666666668
23.0,602.0,3.9772716666666668
23.083333333333332,633.0,3.8636353333333338
23.166666666666668,600.0,3.636362666666667
23.25,555.0,3.693180833333334
23.333333333333332,553.0,4.431817000000001
23.333333333333332,577.0,4.431817000000001
23.416666666666668,552.0,1.2499996666666666
23.5,536.0,3.636362666666667
23.583333333333332,544.0,3.636362666666667
23.583333333333332,526.0,1.704545
23.666666666666668,510.0,1.704545
23.75,505.0,1.2499996666666666
23.833333333333332,479.0,3.636362666666667
24.0,470.0,3.636362666666667
24.083333333333332,487.0,3.8636353333333338
24.166666666666668,482.0,3.7499990000000003
24.25,466.0,3.7499990000000003
24.416666666666668,468.0,3.7499990000000003
24.5,510.0,4.488635166666667
24.583333333333332,540.0,3.4659081666666665
24.666666666666668,540.0,4.318180666666667
24.75,548.0,4.318180666666667
24.833333333333332,532.0,4.090908000000001
24.833333333333332,525.0,4.090908000000001
25.0,536.0,4.090908000000001
25.083333333333332,527.0,4.8863623333333335
25.166666666666668,516.0,3.5795445000000004
25.333333333333332,517.0,3.693180833333334
25.333333333333332,532.0,3.693180833333334
25.333333333333332,566.0,3.693180833333334
25.416666666666668,569.0,3.693180833333334
25.5,590.0,0.9090906666666667
25.583333333333332,650.0,3.806817166666667
25.75,645.0,3.693180833333334
25.833333333333332,609.0,3.40909
25.916666666666668,577.0,4.374998833333334
26.0,594.0,3.9204535000000003
26.083333333333332,587.0,3.352271833333334
26.166666666666668,574.0,3.352271833333334
26.25,610.0,3.7499990000000003
26.416666666666668,641.0,3.7499990000000003
26.416666666666668,635.0,3.2954536666666665
26.5,625.0,3.2954536666666665
26.583333333333332,625.0,4.545453333333334
26.75,621.0,4.545453333333334
26.833333333333332,672.0,3.636362666666667
26.916666666666668,666.0,3.9772716666666668
27.0,648.0,3.9772716666666668
27.083333333333332,657.0,1.761363166666667
27.166666666666668,690.0,3.2954536666666665
27.25,720.0,3.2954536666666665
27.416666666666668,719.0,3.2954536666666665
27.5,728.0,3.636362666666667
27.583333333333332,777.0,3.7499990000000003
27.666666666666668,857.0,3.4659081666666665
27.75,855.0,3.1249991666666666
27.833333333333332,875.0,3.1249991666666666
27.916666666666668,893.0,3.1818173333333335
28.0,884.0,3.806817166666667
28.083333333333332,870.0,3.806817166666667
28.166666666666668,856.0,1.704545
28.25,845.0,3.4659081666666665
28.25,846.0,3.4659081666666665
28.333333333333332,846.0,3.4659081666666665
28.416666666666668,853.0,1.1363633333333334
28.5,826.0,3.522726333333334
28.666666666666668,823.0,3.5795445000000004
28.75,881.0,3.693180833333334
28.833333333333332,1017.0,3.636362666666667
28.916666666666668,907.0,4.034089833333334
29.083333333333332,734.0,4.034089833333334
29.083333333333332,721.0,3.9204535000000003
29.166666666666668,796.0,3.9204535000000003
29.25,901.0,4.374998833333334
29.333333333333332,832.0,3.8636353333333338
29.416666666666668,800.0,3.8636353333333338
29.5,830.0,1.704545
29.583333333333332,862.0,3.522726333333334
29.583333333333332,902.0,3.522726333333334
29.666666666666668,896.0,3.522726333333334
29.666666666666668,844.0,1.1363633333333334
29.666666666666668,859.0,1.1363633333333334
29.75,905.0,1.1363633333333334
29.916666666666668,907.0,3.40909
30.0,903.0,3.4659081666666665
30.083333333333332,869.0,3.636362666666667
30.166666666666668,840.0,3.5795445000000004
30.25,891.0,4.374998833333334
30.416666666666668,924.0,4.374998833333334
30.5,925.0,4.034089833333334
30.583333333333332,908.0,3.2954536666666665
30.666666666666668,933.0,3.5795445000000004
30.75,977.0,3.522726333333334
30.916666666666668,1025.0,3.522726333333334
30.916666666666668,1029.0,4.147726166666667
31.0,1004.0,1.761363166666667
31.083333333333332,1005.0,3.40909
31.166666666666668,1028.0,3.40909
31.166666666666668,1077.0,3.40909
31.166666666666668,1083.0,3.40909
31.25,1084.0,0.8522725
31.416666666666668,1094.0,0.8522725
31.5,1108.0,3.2386355
31.583333333333332,1096.0,3.7499990000000003
31.583333333333332,1073.0,3.7499990000000003
31.75,1073.0,3.7499990000000003
31.833333333333332,1042.0,3.40909
31.916666666666668,1024.0,3.806817166666667
32.0,1037.0,3.8636353333333338
32.083333333333336,1042.0,3.4659081666666665
32.166666666666664,1031.0,3.0113628333333335
32.25,1030.0,2.0454540000000003
32.333333333333336,1028.0,3.1249991666666666
32.416666666666664,1019.0,4.090908000000001
32.5,998.0,4.090908000000001
32.5,999.0,1.761363166666667
32.5,975.0,1.761363166666667
32.583333333333336,956.0,1.0795451666666667
32.75,882.0,1.0795451666666667
32.833333333333336,884.0,3.352271833333334
32.916666666666664,933.0,3.636362666666667
33.0,945.0,3.2954536666666665
33.166666666666664,932.0,3.352271833333334
33.25,919.0,3.7499990000000003
33.333333333333336,893.0,3.8636353333333338
33.416666666666664,913.0,3.40909
33.583333333333336,924.0,3.40909
33.666666666666664,893.0,3.40909
33.75,879.0,2.9545446666666666
33.833333333333336,878.0,3.7499990000000003
33.833333333333336,872.0,3.7499990000000003
33.916666666666664,862.0,3.7499990000000003
34.0,819.0,1.1363633333333334
34.083333333333336,794.0,3.5795445000000004
34.083333333333336,821.0,3.5795445000000004
34.166666666666664,837.0,3.5795445000000004
34.25,854.0,1.0795451666666667
34.25,895.0,4.488635166666667
34.333333333333336,917.0,1.8181813333333334
34.5,906.0,3.2954536666666665
34.583333333333336,882.0,3.636362666666667
34.666666666666664,884.0,3.693180833333334
34.833333333333336,894.0,3.693180833333334
34.916666666666664,894.0,4.374998833333334
35.0,886.0,3.1818173333333335
35.083333333333336,903.0,3.40909
35.166666666666664,916.0,3.40909
35.25,920.0,3.40909
35.333333333333336,920.0,1.761363166666667
35.333333333333336,964.0,3.9772716666666668
35.416666666666664,990.0,1.6477268333333333
35.5,1012.0,3.9772716666666668
35.5,1023.0,3.9772716666666668
35.5,1033.0,3.9772716666666668
35.583333333333336,1042.0,0.8522725
35.75,1060.0,3.693180833333334
35.75,1069.0,3.7499990000000003
35.833333333333336,1065.0,3.7499990000000003
35.916666666666664,1046.0,4.374998833333334
36.083333333333336,1045.0,4.374998833333334
36.083333333333336,1046.0,4.090908000000001
36.166666666666664,1037.0,4.090908000000001
36.25,1028.0,3.5795445000000004
36.333333333333336,1014.0,3.636362666666667
36.5,998.0,3.636362666666667
36.5,993.0,5.056816833333333
36.583333333333336,985.0,1.6477268333333333
36.666666666666664,980.0,1.6477268333333333
36.75,985.0,1.9318176666666669
36.75,972.0,3.522726333333334
36.75,963.0,3.522726333333334
36.75,975.0,3.522726333333334
36.833333333333336,1013.0,3.522726333333334
36.916666666666664,1028.0,3.7499990000000003
37.083333333333336,1025.0,3.7499990000000003
37.166666666666664,1025.0,3.40909
37.25,1031.0,3.693180833333334
37.25,1014.0,3.693180833333334
37.416666666666664,977.0,3.693180833333334
37.5,950.0,3.40909
37.5,964.0,4.034089833333334
37.5,979.0,4.034089833333334
37.583333333333336,988.0,1.0795451666666667
37.583333333333336,984.0,1.0795451666666667
37.666666666666664,1003.0,1.1931815000000001
37.666666666666664,1015.0,1.1931815000000001
37.75,1077.0,1.6477268333333333
37.75,1110.0,1.6477268333333333
37.75,1099.0,1.6477268333333333
37.833333333333336,1164.0,0.8522725
37.916666666666664,1169.0,3.5795445000000004
37.916666666666664,1169.0,3.5795445000000004
38.083333333333336,1134.0,3.5795445000000004
38.166666666666664,1107.0,3.4659081666666665
38.25,1111.0,3.2954536666666665
38.333333333333336,1141.0,3.9204535000000003
38.333333333333336,1147.0,3.9204535000000003
38.416666666666664,1127.0,3.9204535000000003
38.5,1140.0,1.0795451666666667
38.583333333333336,1218.0,3.636362666666667
38.666666666666664,1218.0,3.8636353333333338
38.75,1253.0,3.8636353333333338
38.833333333333336,1218.0,1.5909086666666667
38.916666666666664,1177.0,3.4659081666666665
38.916666666666664,1204.0,3.4659081666666665
38.916666666666664,1203.0,3.4659081666666665
38.916666666666664,1176.0,3.4659081666666665
38.916666666666664,1173.0,3.4659081666666665
39.0,1174.0,0.5681816666666667
39.083333333333336,1156.0,3.352271833333334
39.166666666666664,1125.0,3.352271833333334
39.25,1111.0,1.704545
39.333333333333336,1140.0,3.5795445000000004
39.416666666666664,1142.0,3.2954536666666665
39.583333333333336,1140.0,3.2954536666666665
39.666666666666664,1140.0,3.636362666666667
39.75,1177.0,3.2386355
39.75,1204.0,3.1818173333333335
39.833333333333336,1214.0,1.8749995000000002
39.916666666666664,1206.0,3.352271833333334
40.0,1189.0,3.352271833333334
40.083333333333336,1200.0,1.704545
40.083333333333336,1205.0,3.5795445000000004
40.083333333333336,1194.0,3.5795445000000004
40.083333333333336,1171.0,3.5795445000000004
40.166666666666664,1138.0,3.5795445000000004
40.25,1142.0,4.261362500000001
40.333333333333336,1137.0,3.4659081666666665
40.416666666666664,1137.0,3.1818173333333335
40.583333333333336,1125.0,3.352271833333334
40.666666666666664,1125.0,3.9204535000000003
40.75,1111.0,3.636362666666667
40.916666666666664,1104.0,3.636362666666667
40.916666666666664,1104.0,3.5795445000000004
41.0,1087.0,3.5795445000000004
41.0,1054.0,1.6477268333333333
41.083333333333336,1051.0,1.8749995000000002
41.166666666666664,1045.0,1.8749995000000002
41.166666666666664,1002.0,1.704545
41.25,988.0,1.8749995000000002
41.25,981.0,1.8749995000000002
41.25,972.0,1.8749995000000002
41.25,968.0,1.8749995000000002
41.25,971.0,1.8749995000000002
41.333333333333336,978.0,1.8749995000000002
41.416666666666664,980.0,4.261362500000001
41.5,969.0,3.1818173333333335
41.666666666666664,961.0,3.1818173333333335
41.75,977.0,3.40909
41.833333333333336,977.0,4.147726166666667
42.0,972.0,3.693180833333334
42.083333333333336,971.0,3.636362666666667
42.083333333333336,983.0,3.522726333333334
42.25,985.0,3.522726333333334
42.25,974.0,3.693180833333334
42.333333333333336,952.0,3.693180833333334
42.416666666666664,934.0,4.488635166666667
42.416666666666664,921.0,4.488635166666667
42.416666666666664,913.0,4.488635166666667
42.416666666666664,907.0,4.488635166666667
42.5,899.0,0.7386361666666666
42.5,903.0,0.7386361666666666
42.5,917.0,0.7386361666666666
42.583333333333336,930.0,0.7386361666666666
42.75,943.0,3.8636353333333338
42.833333333333336,932.0,3.8636353333333338
42.916666666666664,902.0,3.8636353333333338
43.0,897.0,2.8977265
43.166666666666664,912.0,2.8977265
43.25,921.0,3.7499990000000003
43.333333333333336,907.0,3.40909
43.416666666666664,877.0,3.693180833333334
43.5,870.0,3.693180833333334
43.5,879.0,3.693180833333334
43.583333333333336,843.0,1.1931815000000001
43.666666666666664,813.0,3.522726333333334
43.833333333333336,813.0,3.5795445000000004
43.833333333333336,810.0,3.7499990000000003
43.916666666666664,820.0,1.8749995000000002
44.0,837.0,3.40909
44.083333333333336,850.0,3.1249991666666666
44.166666666666664,873.0,3.1249991666666666
44.25,948.0,3.1249991666666666
44.416666666666664,991.0,3.1249991666666666
44.5,943.0,3.636362666666667
44.5,940.0,3.4659081666666665
44.5,976.0,3.4659081666666665
44.5,1014.0,3.4659081666666665
44.666666666666664,976.0,3.4659081666666665
44.666666666666664,947.0,3.636362666666667
44.75,974.0,3.636362666666667
44.75,1027.0,1.6477268333333333
44.833333333333336,1057.0,1.8749995000000002
44.833333333333336,1093.0,1.8749995000000002
44.916666666666664,1119.0,1.8749995000000002
45.0,1108.0,3.4659081666666665
45.166666666666664,1083.0,3.4659081666666665
45.25,1070.0,4.318180666666667
45.333333333333336,1060.0,3.1818173333333335
45.416666666666664,1059.0,3.9204535000000003
45.583333333333336,1070.0,3.9204535000000003
45.666666666666664,1076.0,3.9204535000000003
45.75,1080.0,3.522726333333334
45.833333333333336,1080.0,3.693180833333334
46.0,1057.0,3.693180833333334
46.083333333333336,1043.0,3.9204535000000003
46.166666666666664,1103.0,3.2954536666666665
46.25,1117.0,3.0113628333333335
46.333333333333336,1090.0,3.0113628333333335
46.416666666666664,1045.0,1.9886358333333334
46.5,998.0,3.7499990000000003
46.5,1069.0,3.7499990000000003
46.5,1090.0,3.7499990000000003
46.583333333333336,1090.0,3.7499990000000003
46.666666666666664,1048.0,0.8522725
46.75,939.0,3.636362666666667
46.916666666666664,948.0,3.636362666666667
47.0,1035.0,3.693180833333334
47.083333333333336,1089.0,3.1818173333333335
47.166666666666664,1089.0,4.318180666666667
47.333333333333336,993.0,4.318180666666667
47.333333333333336,984.0,3.7499990000000003
47.416666666666664,1011.0,1.8181813333333334
47.583333333333336,1027.0,3.4659081666666665
47.583333333333336,1018.0,3.522726333333334
47.666666666666664,988.0,3.522726333333334
47.75,967.0,3.7499990000000003
47.833333333333336,954.0,3.7499990000000003
47.916666666666664,951.0,3.7499990000000003
47.916666666666664,961.0,1.6477268333333333
48.083333333333336,932.0,2.0454540000000003
48.166666666666664,906.0,3.806817166666667
48.25,906.0,3.8636353333333338
48.416666666666664,922.0,3.8636353333333338
48.5,911.0,3.7499990000000003
48.583333333333336,896.0,3.806817166666667
48.75,886.0,3.806817166666667
48.75,895.0,3.9772716666666668
48.833333333333336,904.0,3.9772716666666668
49.0,882.0,3.9772716666666668
49.083333333333336,863.0,4.204544333333334
49.083333333333336,876.0,3.4659081666666665
49.083333333333336,881.0,3.4659081666666665
49.166666666666664,877.0,3.4659081666666665
49.25,872.0,0.9090906666666667
49.333333333333336,885.0,3.9772716666666668
49.5,937.0,3.9772716666666668
49.583333333333336,971.0,3.8636353333333338
49.666666666666664,940.0,3.693180833333334
49.75,926.0,3.693180833333334
49.916666666666664,928.0,3.5795445000000004
50.0,912.0,3.5795445000000004
50.083333333333336,900.0,3.806817166666667
50.166666666666664,897.0,3.8636353333333338
50.166666666666664,898.0,3.8636353333333338
50.25,916.0,3.8636353333333338
50.416666666666664,917.0,3.8636353333333338
50.416666666666664,915.0,3.4659081666666665
50.416666666666664,921.0,3.4659081666666665
50.5,922.0,1.2499996666666666
50.583333333333336,934.0,1.2499996666666666
50.583333333333336,934.0,1.6477268333333333
50.583333333333336,929.0,1.6477268333333333
50.583333333333336,917.0,1.6477268333333333
50.666666666666664,916.0,0.9090906666666667
50.75,934.0,0.9090906666666667
50.833333333333336,929.0,3.5795445000000004
51.0,944.0,4.034089833333334
51.083333333333336,987.0,4.261362500000001
51.083333333333336,1001.0,3.5795445000000004
51.083333333333336,995.0,3.5795445000000004
51.25,993.0,3.5795445000000004
51.333333333333336,1001.0,5.113635
51.416666666666664,1008.0,4.090908000000001
51.5,975.0,3.7499990000000003
51.583333333333336,964.0,3.7499990000000003
51.666666666666664,980.0,4.090908000000001
51.666666666666664,1017.0,4.090908000000001
51.666666666666664,1029.0,4.090908000000001
51.75,994.0,4.090908000000001
51.833333333333336,994.0,4.318180666666667
51.916666666666664,1016.0,3.7499990000000003
52.0,1011.0,3.7499990000000003
52.083333333333336,954.0,3.8636353333333338
52.25,950.0,3.8636353333333338
52.333333333333336,954.0,3.7499990000000003
52.416666666666664,964.0,3.2386355
52.5,958.0,4.261362500000001
52.666666666666664,933.0,4.261362500000001
52.75,920.0,3.8636353333333338
52.833333333333336,928.0,3.9204535000000003
53.0,920.0,3.9204535000000003
53.083333333333336,914.0,3.7499990000000003
53.166666666666664,934.0,3.5795445000000004
53.25,962.0,3.0113628333333335
53.333333333333336,977.0,3.7499990000000003
53.416666666666664,966.0,3.7499990000000003
53.5,993.0,3.693180833333334
53.583333333333336,990.0,3.693180833333334
53.666666666666664,1019.0,3.693180833333334
53.75,1032.0,1.8749995000000002
53.833333333333336,1042.0,3.352271833333334
53.916666666666664,1092.0,3.5795445000000004
54.083333333333336,1136.0,3.636362666666667
54.166666666666664,1136.0,4.090908000000001
54.25,1107.0,3.522726333333334
54.416666666666664,1034.0,3.522726333333334
54.5,1031.0,3.7499990000000003
54.583333333333336,1094.0,3.2386355
54.666666666666664,1190.0,3.636362666666667
54.75,1153.0,3.693180833333334
54.916666666666664,1117.0,3.693180833333334
55.0,1113.0,3.4659081666666665
55.0,1113.0,3.4659081666666665
55.0,1151.0,3.4659081666666665
55.0,1135.0,3.4659081666666665
55.166666666666664,1124.0,3.4659081666666665
55.25,1131.0,3.636362666666667
55.333333333333336,1145.0,3.522726333333334
55.416666666666664,1149.0,2.9545446666666666
55.583333333333336,1169.0,2.9545446666666666
55.666666666666664,1206.0,3.636362666666667
55.666666666666664,1198.0,3.522726333333334
55.75,1042.0,1.6477268333333333
55.833333333333336,1044.0,3.2386355
55.916666666666664,1165.0,3.2386355
55.916666666666664,1302.0,1.8181813333333334
56.0,1309.0,1.8181813333333334
56.083333333333336,1303.0,4.147726166666667
56.166666666666664,1307.0,2.727272
56.25,1333.0,4.090908000000001
56.333333333333336,1336.0,3.1249991666666666
56.333333333333336,1282.0,3.1249991666666666
56.416666666666664,1317.0,3.1249991666666666
56.5,1354.0,3.636362666666667
56.583333333333336,1315.0,3.1249991666666666
56.666666666666664,1404.0,3.693180833333334
56.75,1485.0,2.727272
56.833333333333336,1403.0,2.727272
56.916666666666664,1321.0,1.761363166666667
57.0,1152.0,3.636362666666667
57.083333333333336,1238.0,3.9772716666666668
57.25,1331.0,3.9772716666666668
57.333333333333336,1313.0,3.1818173333333335
57.416666666666664,1239.0,3.40909
57.416666666666664,1272.0,3.4659081666666665
57.416666666666664,1332.0,3.4659081666666665
57.5,1332.0,1.0795451666666667
57.666666666666664,1357.0,3.068181
57.666666666666664,1357.0,3.4659081666666665
57.666666666666664,1348.0,3.4659081666666665
57.666666666666664,1445.0,3.4659081666666665
57.75,1509.0,3.4659081666666665
57.833333333333336,1516.0,3.5795445000000004
57.916666666666664,1516.0,3.2954536666666665
58.0,1521.0,3.40909
58.166666666666664,1419.0,3.40909
58.25,1383.0,3.1818173333333335
58.333333333333336,1408.0,3.9204535000000003
58.416666666666664,1452.0,3.636362666666667
58.5,1464.0,3.40909
58.583333333333336,1439.0,3.2386355
58.666666666666664,1413.0,3.2386355
58.75,1430.0,1.6477268333333333
58.833333333333336,1421.0,3.2954536666666665
58.916666666666664,1383.0,3.068181
59.0,1350.0,4.374998833333334
59.083333333333336,1331.0,3.068181
59.166666666666664,1395.0,3.2954536666666665
59.166666666666664,1402.0,3.2954536666666665
59.25,1499.0,3.2954536666666665
59.333333333333336,1542.0,1.0227270000000002
59.416666666666664,1528.0,3.693180833333334
59.5,1508.0,3.2954536666666665
59.5,1575.0,3.2954536666666665
59.583333333333336,1619.0,1.4204541666666668
59.666666666666664,1572.0,3.352271833333334
59.75,1482.0,3.4659081666666665
59.916666666666664,1494.0,3.4659081666666665
60.0,1514.0,3.2386355
60.083333333333336,1507.0,3.522726333333334
60.083333333333336,1416.0,3.2386355
60.166666666666664,1401.0,3.2386355
60.25,1400.0,1.5340905
60.333333333333336,1443.0,3.7499990000000003
60.333333333333336,1466.0,3.7499990000000003
60.416666666666664,1482.0,1.5340905
60.416666666666664,1515.0,1.5340905
60.5,1583.0,1.363636
60.583333333333336,1583.0,3.352271833333334
60.583333333333336,1623.0,3.352271833333334
60.666666666666664,1521.0,3.352271833333334
60.75,1451.0,1.0795451666666667
60.833333333333336,1406.0,3.2954536666666665
60.833333333333336,1400.0,3.2954536666666665
61.0,1436.0,3.2954536666666665
61.083333333333336,1424.0,3.8636353333333338
61.166666666666664,1424.0,3.2954536666666665
61.25,1423.0,2.8409083333333336
61.333333333333336,1481.0,3.068181
61.416666666666664,1472.0,4.8863623333333335
61.5,1427.0,3.352271833333334
61.583333333333336,1361.0,3.0113628333333335
61.666666666666664,1375.0,3.1818173333333335
61.666666666666664,1469.0,3.1818173333333335
61.75,1497.0,3.1818173333333335
61.75,1490.0,1.0795451666666667
61.833333333333336,1464.0,1.704545
61.833333333333336,1455.0,1.704545
61.833333333333336,1453.0,1.704545
61.833333333333336,1413.0,1.704545
62.0,1395.0,1.704545
62.083333333333336,1395.0,3.9204535000000003
62.166666666666664,1363.0,3.068181
62.25,1430.0,3.5795445000000004
62.333333333333336,1503.0,2.727272
62.416666666666664,1485.0,3.2386355
62.5,1424.0,3.4659081666666665
62.666666666666664,1402.0,3.4659081666666665
62.75,1388.0,3.2954536666666665
62.75,1421.0,3.352271833333334
62.75,1456.0,3.352271833333334
62.833333333333336,1418.0,3.352271833333334
62.916666666666664,1416.0,3.1249991666666666
63.083333333333336,1395.0,3.1249991666666666
63.166666666666664,1356.0,3.4659081666666665
63.25,1401.0,3.0113628333333335
63.25,1428.0,2.8977265
63.25,1397.0,2.8977265
63.25,1360.0,2.8977265
63.333333333333336,1374.0,0.7954543333333334
63.416666666666664,1431.0,3.2954536666666665
63.416666666666664,1431.0,3.2954536666666665
63.416666666666664,1441.0,3.2954536666666665
63.5,1416.0,3.2954536666666665
63.583333333333336,1359.0,4.374998833333334
63.666666666666664,1341.0,3.2386355
63.833333333333336,1414.0,3.2386355
63.833333333333336,1400.0,3.2954536666666665
63.916666666666664,1316.0,3.2954536666666665
64.0,1261.0,3.352271833333334
64.08333333333333,1315.0,3.1249991666666666
64.08333333333333,1319.0,3.1249991666666666
64.25,1274.0,3.1249991666666666
64.33333333333333,1222.0,3.068181
64.41666666666667,1243.0,3.9204535000000003
64.41666666666667,1286.0,3.4659081666666665
64.41666666666667,1290.0,3.4659081666666665
64.41666666666667,1255.0,3.4659081666666665
64.5,1293.0,3.4659081666666665
64.58333333333333,1344.0,0.681818
64.58333333333333,1334.0,3.693180833333334
64.66666666666667,1312.0,1.5909086666666667
64.75,1319.0,4.147726166666667
64.91666666666667,1327.0,4.147726166666667
65.0,1329.0,3.1818173333333335
65.08333333333333,1323.0,4.374998833333334
65.16666666666667,1279.0,4.204544333333334
65.25,1167.0,2.7840901666666666
65.33333333333333,1170.0,2.7840901666666666
65.41666666666667,1125.0,1.704545
65.5,1067.0,3.7499990000000003
65.58333333333333,1047.0,3.40909
65.66666666666667,1042.0,3.636362666666667
65.66666666666667,1041.0,3.636362666666667
65.66666666666667,1056.0,3.636362666666667
65.66666666666667,1090.0,3.636362666666667
65.75,1187.0,0.681818
65.83333333333333,1190.0,0.681818
65.91666666666667,1273.0,1.761363166666667
66.0,1273.0,3.40909
66.08333333333333,1175.0,2.9545446666666666
66.16666666666667,1103.0,4.034089833333334
66.33333333333333,1075.0,4.034089833333334
66.41666666666667,1082.0,3.8636353333333338
66.5,1082.0,3.806817166666667
66.58333333333333,1041.0,4.090908000000001
66.66666666666667,968.0,3.1249991666666666
66.75,973.0,3.352271833333334
66.83333333333333,1021.0,3.352271833333334
66.91666666666667,1098.0,3.522726333333334
67.0,1154.0,3.8636353333333338
67.08333333333333,1136.0,3.1818173333333335
67.08333333333333,1134.0,3.1818173333333335
67.08333333333333,1180.0,3.1818173333333335
67.08333333333333,1218.0,3.1818173333333335
67.16666666666667,1225.0,0.681818
67.16666666666667,1247.0,0.681818
67.33333333333333,1240.0,1.5340905
67.41666666666667,1155.0,3.4659081666666665
67.5,1090.0,3.8636353333333338
67.58333333333333,1076.0,2.9545446666666666
67.66666666666667,1040.0,4.318180666666667
67.75,1029.0,4.318180666666667
67.83333333333333,962.0,1.704545
67.83333333333333,917.0,3.352271833333334
67.91666666666667,981.0,1.5909086666666667
68.0,981.0,3.806817166666667
68.08333333333333,1061.0,3.806817166666667
68.16666666666667,1083.0,1.6477268333333333
68.25,1073.0,3.2954536666666665
68.25,1059.0,3.636362666666667
68.25,1095.0,3.636362666666667
68.41666666666667,1131.0,3.636362666666667
68.5,1122.0,3.8636353333333338
68.5,1133.0,3.352271833333334
68.58333333333333,1129.0,1.704545
68.75,1120.0,1.704545
68.83333333333333,1120.0,3.40909
68.91666666666667,1110.0,3.9772716666666668
69.0,1104.0,4.204544333333334
69.08333333333333,1106.0,4.204544333333334
69.16666666666667,1108.0,1.761363166666667
69.25,1108.0,3.2954536666666665
69.25,1112.0,3.2386355
69.33333333333333,1108.0,1.8181813333333334
69.41666666666667,1144.0,1.8181813333333334
69.5,1144.0,1.8181813333333334
69.58333333333333,1166.0,3.2954536666666665
69.58333333333333,1160.0,3.2954536666666665
69.58333333333333,1141.0,3.2954536666666665
69.66666666666667,1126.0,3.2954536666666665
69.75,1130.0,0.8522725
69.83333333333333,1126.0,3.522726333333334
69.83333333333333,1104.0,3.522726333333334
70.0,1085.0,3.522726333333334
70.08333333333333,1088.0,3.40909
70.16666666666667,1085.0,3.5795445000000004
70.33333333333333,1074.0,3.5795445000000004
70.41666666666667,1065.0,3.2954536666666665
70.5,1082.0,3.7499990000000003
70.58333333333333,1114.0,3.9204535000000003
70.75,1126.0,3.8636353333333338
70.83333333333333,1115.0,3.2954536666666665
70.91666666666667,1103.0,3.5795445000000004
71.0,1096.0,4.318180666666667
71.08333333333333,1078.0,3.40909
71.08333333333333,1054.0,3.40909
71.16666666666667,1029.0,3.40909
71.16666666666667,1019.0,1.0795451666666667
71.16666666666667,1031.0,1.0795451666666667
71.25,1024.0,1.0795451666666667
71.33333333333333,1017.0,0.9659088333333334
71.41666666666667,1025.0,3.5795445000000004
71.58333333333333,1014.0,3.7499990000000003
71.66666666666667,1011.0,3.7499990000000003
71.75,1023.0,3.636362666666667
71.83333333333333,1041.0,3.522726333333334
72.0,1048.0,3.522726333333334
72.08333333333333,1034.0,3.2386355
72.16666666666667,1029.0,4.147726166666667
72.25,1045.0,2.8409083333333336
72.41666666666667,1077.0,2.8409083333333336
72.41666666666667,1080.0,3.40909
72.5,1081.0,3.40909
72.58333333333333,1075.0,3.4659081666666665
72.66666666666667,1103.0,3.522726333333334
72.83333333333333,1167.0,3.522726333333334
72.91666666666667,1150.0,3.636362666666667
73.0,1118.0,3.2386355
73.08333333333333,1118.0,3.806817166666667
73.25,1104.0,3.806817166666667
73.33333333333333,1121.0,4.318180666666667
73.41666666666667,1169.0,4.090908000000001
73.41666666666667,1236.0,4.090908000000001
73.5,1193.0,1.704545
73.58333333333333,1130.0,1.704545
73.66666666666667,1142.0,4.147726166666667
73.75,1146.0,3.1249991666666666
73.83333333333333,1147.0,3.1249991666666666
73.91666666666667,1166.0,1.704545
74.0,1196.0,3.8636353333333338
74.08333333333333,1209.0,3.2954536666666665
74.08333333333333,1242.0,3.2954536666666665
74.08333333333333,1287.0,3.2954536666666665
74.16666666666667,1283.0,3.2954536666666665
74.16666666666667,1291.0,0.8522725
74.16666666666667,1355.0,0.8522725
74.25,1408.0,1.0795451666666667
74.41666666666667,1359.0,1.0795451666666667
74.5,1309.0,3.40909
74.58333333333333,1280.0,3.1249991666666666
74.66666666666667,1281.0,3.9772716666666668
74.66666666666667,1300.0,3.9772716666666668
74.75,1513.0,1.8181813333333334
74.83333333333333,1436.0,1.8181813333333334
74.91666666666667,1294.0,1.5340905
75.0,1233.0,3.806817166666667
75.08333333333333,1221.0,4.8863623333333335
75.16666666666667,1238.0,3.068181
75.33333333333333,1366.0,3.068181
75.33333333333333,1451.0,3.2954536666666665
75.33333333333333,1421.0,3.2954536666666665
75.33333333333333,1392.0,3.2954536666666665
75.41666666666667,1372.0,0.8522725
75.41666666666667,1326.0,0.8522725
75.58333333333333,1327.0,1.5909086666666667
75.66666666666667,1345.0,3.636362666666667
75.75,1407.0,2.8977265
75.83333333333333,1385.0,3.693180833333334
76.0,1333.0,3.4659081666666665
76.08333333333333,1306.0,3.2954536666666665
76.16666666666667,1327.0,3.636362666666667
76.25,1327.0,3.522726333333334
76.33333333333333,1362.0,3.40909
76.33333333333333,1347.0,3.40909
76.5,1272.0,3.40909
76.58333333333333,1253.0,3.9204535000000003
76.66666666666667,1275.0,3.40909
76.66666666666667,1279.0,3.40909
76.75,1280.0,1.5340905
76.91666666666667,1199.0,3.522726333333334
76.91666666666667,1151.0,4.204544333333334
77.0,1183.0,1.8181813333333334
77.08333333333333,1200.0,3.2954536666666665
77.16666666666667,1205.0,3.2954536666666665
77.25,1230.0,1.6477268333333333
77.33333333333333,1209.0,4.261362500000001
77.5,1224.0,4.261362500000001
77.58333333333333,1277.0,3.522726333333334
77.58333333333333,1288.0,2.9545446666666666
77.66666666666667,1299.0,2.9545446666666666
77.75,1292.0,3.7499990000000003
77.75,1265.0,3.7499990000000003
77.91666666666667,1239.0,3.7499990000000003
78.0,1231.0,3.5795445000000004
78.08333333333333,1215.0,3.352271833333334
78.08333333333333,1205.0,3.352271833333334
78.08333333333333,1174.0,3.352271833333334
78.16666666666667,1113.0,3.352271833333334
78.16666666666667,1132.0,0.8522725
78.25,1149.0,1.8181813333333334
78.41666666666667,1145.0,3.40909
78.41666666666667,1226.0,3.40909
78.5,1264.0,3.40909
78.58333333333333,1252.0,3.40909
78.75,1223.0,3.40909
78.83333333333333,1187.0,3.4659081666666665
78.91666666666667,1166.0,3.636362666666667
79.0,1154.0,3.352271833333334
79.16666666666667,1193.0,3.352271833333334
79.25,1237.0,3.352271833333334
79.33333333333333,1253.0,2.9545446666666666
79.41666666666667,1306.0,3.352271833333334
79.41666666666667,1376.0,3.352271833333334
79.5,1376.0,1.6477268333333333
79.5,1400.0,1.6477268333333333
79.58333333333333,1364.0,1.6477268333333333
79.66666666666667,1342.0,1.1363633333333334
79.75,1322.0,3.693180833333334
79.83333333333333,1292.0,3.40909
79.91666666666667,1229.0,3.40909
80.41666666666667,1202.0,3.2954536666666665
80.5,1258.0,3.2954536666666665
80.5,1332.0,2.9545446666666666
80.58333333333333,1346.0,1.761363166666667
80.58333333333333,1274.0,1.761363166666667
80.75,1246.0,1.761363166666667
80.83333333333333,1308.0,3.1249991666666666
80.83333333333333,1379.0,3.1249991666666666
80.91666666666667,1398.0,3.1249991666666666
81.0,1351.0,1.704545
81.08333333333333,1355.0,3.4659081666666665
81.16666666666667,1355.0,4.318180666666667
81.25,1329.0,4.318180666666667
81.33333333333333,1277.0,1.5909086666666667
81.41666666666667,1305.0,3.068181
81.5,1342.0,4.147726166666667
81.58333333333333,1328.0,3.0113628333333335
81.75,1297.0,3.068181
81.83333333333333,1323.0,4.261362500000001
81.91666666666667,1327.0,3.068181
82.0,1312.0,3.2954536666666665
82.08333333333333,1291.0,3.806817166666667
82.25,1209.0,3.806817166666667
82.33333333333333,1214.0,3.2954536666666665
82.41666666666667,1241.0,3.2386355
82.5,1239.0,3.522726333333334
82.5,1258.0,3.2954536666666665
82.5,1258.0,3.2954536666666665
82.58333333333333,1269.0,3.2954536666666665
82.66666666666667,1295.0,0.8522725
82.75,1310.0,3.1249991666666666
82.83333333333333,1301.0,3.1249991666666666
82.91666666666667,1301.0,3.2954536666666665
83.0,1300.0,3.2386355
83.08333333333333,1293.0,3.693180833333334
83.25,1295.0,3.693180833333334
83.33333333333333,1334.0,3.9772716666666668
83.41666666666667,1348.0,3.2386355
83.41666666666667,1331.0,2.7840901666666666
83.58333333333333,1335.0,2.7840901666666666
83.66666666666667,1338.0,4.034089833333334
83.75,1333.0,2.8977265
83.83333333333333,1312.0,3.0113628333333335
83.91666666666667,1296.0,3.636362666666667
84.0,1301.0,3.068181
84.0,1352.0,3.068181
84.0,1350.0,3.068181
84.0,1342.0,3.068181
84.08333333333333,1361.0,3.068181
84.16666666666667,1427.0,0.6249998333333333
84.16666666666667,1432.0,3.352271833333334
84.25,1367.0,3.352271833333334
84.33333333333333,1366.0,3.693180833333334
84.41666666666667,1383.0,3.2954536666666665
84.5,1364.0,2.8409083333333336
84.66666666666667,1350.0,2.8409083333333336
84.75,1368.0,3.636362666666667
84.83333333333333,1396.0,3.0113628333333335
84.91666666666667,1430.0,3.1818173333333335
85.0,1471.0,3.068181
85.08333333333333,1492.0,3.522726333333334
85.08333333333333,1454.0,3.522726333333334
85.25,1365.0,3.522726333333334
85.33333333333333,1383.0,4.147726166666667
85.33333333333333,1484.0,2.8409083333333336
85.33333333333333,1552.0,2.8409083333333336
85.33333333333333,1551.0,2.8409083333333336
85.41666666666667,1514.0,0.7954543333333334
85.5,1493.0,3.2386355
85.5,1539.0,3.2386355
85.58333333333333,1592.0,1.6477268333333333
85.66666666666667,1514.0,1.6477268333333333
85.75,1490.0,1.4772723333333333
85.83333333333333,1557.0,3.5795445000000004
85.91666666666667,1586.0,2.727272
86.0,1586.0,3.8636353333333338
86.08333333333333,1544.0,3.1818173333333335
86.08333333333333,1465.0,3.1818173333333335
86.25,1473.0,3.1818173333333335
86.25,1536.0,3.40909
86.33333333333333,1575.0,3.40909
86.41666666666667,1517.0,1.5909086666666667
86.5,1500.0,3.4659081666666665
86.58333333333333,1451.0,3.1818173333333335
86.58333333333333,1417.0,3.1818173333333335
86.58333333333333,1376.0,3.1818173333333335
86.75,1284.0,3.1818173333333335
86.83333333333333,1250.0,3.4659081666666665
86.91666666666667,1292.0,3.4659081666666665
87.0,1340.0,3.1249991666666666
87.0,1308.0,3.1249991666666666
87.16666666666667,1316.0,3.1249991666666666
87.25,1350.0,4.147726166666667
87.33333333333333,1389.0,2.8409083333333336
87.41666666666667,1425.0,3.693180833333334
87.5,1404.0,3.636362666666667
87.5,1405.0,3.636362666666667
87.66666666666667,1369.0,3.636362666666667
87.75,1352.0,3.40909
87.75,1379.0,3.2386355
87.83333333333333,1396.0,1.6477268333333333
87.91666666666667,1408.0,3.4659081666666665
88.0,1409.0,3.522726333333334
88.0,1352.0,3.522726333333334
88.08333333333333,1339.0,3.522726333333334
88.08333333333333,1339.0,1.0795451666666667
88.16666666666667,1334.0,1.6477268333333333
88.25,1324.0,3.693180833333334
88.41666666666667,1320.0,3.693180833333334
88.5,1321.0,3.693180833333334
88.58333333333333,1321.0,4.318180666666667
88.66666666666667,1302.0,2.8409083333333336
88.75,1263.0,3.9772716666666668
88.91666666666667,1250.0,3.9772716666666668
89.0,1232.0,3.4659081666666665
89.08333333333333,1189.0,3.068181
89.16666666666667,1163.0,3.9772716666666668
89.25,1163.0,3.0113628333333335
89.41666666666667,1169.0,3.068181
89.5,1191.0,3.806817166666667
89.58333333333333,1231.0,3.806817166666667
89.58333333333333,1258.0,3.068181
89.58333333333333,1230.0,3.068181
89.75,1210.0,3.068181
89.83333333333333,1182.0,3.806817166666667
89.91666666666667,1181.0,3.4659081666666665
90.0,1109.0,3.806817166666667
90.08333333333333,1105.0,3.2386355
90.25,1126.0,3.2386355
90.33333333333333,1158.0,3.522726333333334
90.41666666666667,1220.0,3.0113628333333335
90.5,1240.0,3.40909
90.58333333333333,1206.0,3.2954536666666665
90.66666666666667,1172.0,3.693180833333334
90.83333333333333,1153.0,3.693180833333334
90.83333333333333,1164.0,3.40909
90.91666666666667,1193.0,3.40909
91.0,1197.0,5.397725833333334
91.08333333333333,1191.0,5.397725833333334
91.16666666666667,1196.0,1.6477268333333333
91.16666666666667,1183.0,3.0113628333333335
91.16666666666667,1157.0,3.0113628333333335
91.25,1149.0,1.1931815000000001
91.33333333333333,1148.0,3.4659081666666665
91.41666666666667,1156.0,2.9545446666666666
91.5,1166.0,1.9886358333333334
91.58333333333333,1155.0,3.352271833333334
91.66666666666667,1130.0,3.522726333333334
91.83333333333333,1147.0,3.522726333333334
91.91666666666667,1171.0,3.352271833333334
92.0,1190.0,4.034089833333334
92.0,1210.0,4.034089833333334
92.16666666666667,1239.0,4.034089833333334
92.25,1242.0,3.4659081666666665
92.25,1250.0,3.2386355
92.33333333333333,1202.0,1.704545
92.33333333333333,1137.0,1.704545
92.41666666666667,1171.0,1.704545
92.41666666666667,1181.0,1.704545
92.5,1175.0,1.704545
92.58333333333333,1175.0,3.40909
92.66666666666667,1189.0,3.5795445000000004
92.75,1201.0,3.4659081666666665
92.83333333333333,1213.0,3.4659081666666665
92.91666666666667,1217.0,1.8181813333333334
93.0,1168.0,3.9204535000000003
93.16666666666667,1146.0,3.522726333333334
93.25,1149.0,3.522726333333334
93.33333333333333,1148.0,4.318180666666667
93.41666666666667,1147.0,3.352271833333334
93.58333333333333,1166.0,3.352271833333334
93.66666666666667,1206.0,3.352271833333334
93.75,1228.0,3.636362666666667
93.83333333333333,1232.0,3.5795445000000004
94.0,1203.0,3.5795445000000004
94.0,1162.0,3.5795445000000004
94.0,1162.0,3.5795445000000004
94.0,1167.0,3.5795445000000004
94.08333333333333,1173.0,0.8522725
94.25,1167.0,3.522726333333334
94.33333333333333,1167.0,4.318180666666667
94.41666666666667,1168.0,3.693180833333334
94.5,1163.0,3.5795445000000004
94.58333333333333,1130.0,3.522726333333334
94.66666666666667,1093.0,3.522726333333334
94.75,1108.0,3.40909
94.83333333333333,1135.0,3.522726333333334
94.91666666666667,1155.0,3.40909
95.08333333333333,1160.0,3.40909
95.16666666666667,1233.0,4.090908000000001
95.25,1308.0,3.1249991666666666
95.33333333333333,1316.0,3.5795445000000004
95.5,1259.0,3.5795445000000004
95.5,1155.0,3.5795445000000004
95.58333333333333,1143.0,3.5795445000000004
95.58333333333333,1142.0,1.5340905
95.66666666666667,1185.0,1.8749995000000002
95.75,1244.0,3.5795445000000004
95.83333333333333,1277.0,3.5795445000000004
95.91666666666667,1309.0,1.6477268333333333
96.0,1363.0,4.261362500000001
96.08333333333333,1405.0,3.1249991666666666
96.25,1377.0,3.1249991666666666
96.33333333333333,1377.0,3.2954536666666665
96.41666666666667,1343.0,3.636362666666667
96.5,1331.0,3.40909
96.58333333333333,1351.0,2.9545446666666666
96.75,1414.0,3.4659081666666665
96.83333333333333,1453.0,3.7499990000000003
96.91666666666667,1478.0,3.1249991666666666
96.91666666666667,1477.0,3.2954536666666665
97.0,1437.0,1.6477268333333333
97.0,1385.0,1.6477268333333333
97.08333333333333,1424.0,1.4772723333333333
97.16666666666667,1468.0,1.4772723333333333
97.25,1475.0,1.8181813333333334
97.33333333333333,1393.0,3.1249991666666666
97.33333333333333,1343.0,3.2954536666666665
97.33333333333333,1341.0,3.2954536666666665
97.41666666666667,1406.0,1.0227270000000002
97.5,1513.0,3.4659081666666665
97.66666666666667,1548.0,3.4659081666666665
97.75,1546.0,3.352271833333334
97.83333333333333,1534.0,3.7499990000000003
97.83333333333333,1533.0,3.7499990000000003
97.91666666666667,1536.0,1.5340905
98.0,1545.0,3.7499990000000003
98.08333333333333,1538.0,2.8977265
98.16666666666667,1513.0,2.8977265
98.25,1466.0,1.704545
98.33333333333333,1472.0,3.1818173333333335
98.33333333333333,1495.0,3.352271833333334
98.33333333333333,1514.0,3.352271833333334
98.41666666666667,1521.0,1.0227270000000002
98.58333333333333,1541.0,1.0227270000000002
98.66666666666667,1555.0,3.352271833333334
98.66666666666667,1556.0,3.2386355
98.66666666666667,1540.0,3.2386355
98.75,1536.0,1.0795451666666667
98.83333333333333,1542.0,3.4659081666666665
99.0,1539.0,3.4659081666666665
99.08333333333333,1520.0,3.693180833333334
99.16666666666667,1473.0,3.1818173333333335
99.25,1460.0,3.522726333333334
99.33333333333333,1473.0,3.2954536666666665
99.41666666666667,1473.0,3.9204535000000003
99.5,1472.0,2.7840901666666666
99.58333333333333,1446.0,2.7840901666666666
99.66666666666667,1422.0,1.704545
99.75,1418.0,3.068181
99.75,1407.0,3.1818173333333335
99.75,1396.0,3.1818173333333335
99.83333333333333,1393.0,1.0227270000000002
99.91666666666667,1416.0,3.806817166666667
100.0,1433.0,3.2386355
100.0,1421.0,3.2386355
100.08333333333333,1390.0,3.2386355
100.16666666666667,1391.0,1.0795451666666667
100.25,1396.0,3.352271833333334
100.33333333333333,1397.0,3.4659081666666665
100.5,1398.0,3.352271833333334
100.58333333333333,1403.0,3.2386355
100.66666666666667,1411.0,3.40909
100.75,1422.0,3.1818173333333335
100.83333333333333,1427.0,3.636362666666667
100.91666666666667,1416.0,3.9204535000000003
101.0,1411.0,3.9204535000000003
101.08333333333333,1402.0,1.6477268333333333
101.16666666666667,1409.0,3.068181
101.16666666666667,1432.0,3.2954536666666665
101.16666666666667,1473.0,3.2954536666666665
101.25,1476.0,1.0795451666666667
101.41666666666667,1464.0,3.352271833333334
101.41666666666667,1454.0,3.40909
101.41666666666667,1454.0,3.40909
101.41666666666667,1433.0,3.40909
101.5,1405.0,0.8522725
101.58333333333333,1381.0,3.068181
101.75,1374.0,3.068181
101.83333333333333,1402.0,3.40909
101.91666666666667,1405.0,3.2386355
102.0,1374.0,3.40909
102.08333333333333,1361.0,3.522726333333334
102.16666666666667,1408.0,3.352271833333334
102.25,1399.0,3.4659081666666665
102.33333333333333,1377.0,3.4659081666666665
102.41666666666667,1364.0,1.704545
102.5,1360.0,2.670453833333333
102.5,1360.0,3.522726333333334
102.58333333333333,1368.0,1.5340905
102.58333333333333,1357.0,1.5340905
102.75,1325.0,1.761363166666667
102.83333333333333,1314.0,3.2386355
102.91666666666667,1340.0,3.5795445000000004
103.0,1346.0,3.40909
103.08333333333333,1346.0,4.261362500000001
103.25,1333.0,4.261362500000001
103.33333333333333,1307.0,3.352271833333334
103.41666666666667,1301.0,3.1249991666666666
103.5,1290.0,3.40909
103.5,1283.0,3.40909
103.58333333333333,1290.0,1.704545
103.75,1299.0,2.670453833333333
103.75,1300.0,3.8636353333333338
103.83333333333333,1310.0,3.8636353333333338
103.91666666666667,1338.0,1.6477268333333333
104.0,1387.0,3.1249991666666666
104.0,1345.0,3.1249991666666666
104.08333333333333,1298.0,1.5909086666666667
104.25,1297.0,1.5909086666666667
104.33333333333333,1300.0,3.4659081666666665
104.41666666666667,1281.0,3.068181
104.5,1258.0,3.352271833333334
104.5,1247.0,3.352271833333334
104.66666666666667,1276.0,3.352271833333334
104.75,1376.0,3.806817166666667
104.83333333333333,1356.0,2.7840901666666666
104.91666666666667,1343.0,3.522726333333334
105.0,1354.0,3.4659081666666665
105.08333333333333,1341.0,3.4659081666666665
105.16666666666667,1357.0,3.4659081666666665
105.16666666666667,1356.0,1.761363166666667
105.25,1338.0,1.761363166666667
105.33333333333333,1363.0,1.5909086666666667
105.41666666666667,1361.0,3.1249991666666666
105.5,1328.0,3.1818173333333335
105.5,1348.0,3.1818173333333335
105.58333333333333,1412.0,1.4772723333333333
105.75,1443.0,1.4772723333333333
105.83333333333333,1417.0,3.352271833333334
105.91666666666667,1412.0,3.2386355
106.0,1412.0,2.9545446666666666
106.08333333333333,1452.0,3.1818173333333335
106.16666666666667,1509.0,3.522726333333334
106.25,1530.0,3.4659081666666665
106.33333333333333,1550.0,2.8977265
106.41666666666667,1555.0,3.068181
106.5,1565.0,3.1818173333333335
106.66666666666667,1564.0,3.1818173333333335
106.75,1562.0,3.1818173333333335
106.83333333333333,1571.0,2.8409083333333336
106.91666666666667,1594.0,3.352271833333334
106.91666666666667,1626.0,2.8409083333333336
107.0,1642.0,2.8409083333333336
107.08333333333333,1694.0,1.4204541666666668
107.16666666666667,1735.0,2.9545446666666666
107.16666666666667,1783.0,2.8977265
107.25,1785.0,2.8977265
107.33333333333333,1764.0,1.3068178333333333
107.41666666666667,1772.0,3.2954536666666665
107.5,1794.0,2.9545446666666666
107.5,1799.0,2.8409083333333336
107.58333333333333,1858.0,2.8409083333333336
107.58333333333333,1875.0,1.3068178333333333
107.66666666666667,1833.0,1.3068178333333333
107.75,1813.0,1.4772723333333333
107.83333333333333,1846.0,2.8977265
107.83333333333333,1858.0,2.6136356666666667
108.0,1831.0,2.6136356666666667
108.08333333333333,1736.0,3.693180833333334
108.08333333333333,1731.0,2.4999993333333332
108.25,1794.0,2.4999993333333332
108.33333333333333,1828.0,3.2386355
108.33333333333333,1836.0,2.9545446666666666
108.41666666666667,1831.0,2.4431811666666667
108.41666666666667,1830.0,2.4431811666666667
108.5,1825.0,1.363636
108.58333333333333,1831.0,2.5568175
108.66666666666667,1843.0,2.4431811666666667
108.66666666666667,1872.0,2.4431811666666667
108.66666666666667,1912.0,2.4431811666666667
108.75,1946.0,2.4431811666666667
108.75,1886.0,0.7954543333333334
108.83333333333333,1886.0,2.5568175
108.91666666666667,1789.0,2.670453833333333
108.91666666666667,1740.0,2.670453833333333
109.0,1748.0,2.670453833333333
109.08333333333333,1783.0,1.1363633333333334
109.16666666666667,1726.0,2.4999993333333332
109.25,1720.0,3.1249991666666666
109.25,1719.0,2.2159085000000003
109.33333333333333,1819.0,2.4431811666666667
109.41666666666667,1845.0,2.3295448333333333
109.5,1805.0,3.068181
109.58333333333333,1800.0,2.3295448333333333
109.58333333333333,1835.0,2.3295448333333333
109.58333333333333,1886.0,2.3295448333333333
109.58333333333333,1928.0,2.3295448333333333
109.75,1839.0,2.3295448333333333
109.75,1727.0,2.8977265
109.75,1751.0,2.8977265
109.83333333333333,1911.0,2.8977265
109.91666666666667,1899.0,1.1363633333333334
110.0,1866.0,2.5568175
110.08333333333333,1864.0,2.4999993333333332
110.08333333333333,1888.0,2.3863630000000002
110.16666666666667,1913.0,2.4431811666666667
110.25,1889.0,2.6136356666666667
110.33333333333333,1863.0,2.4999993333333332
110.41666666666667,1865.0,2.4999993333333332
110.5,1851.0,2.102272166666667
110.5,1799.0,2.7840901666666666
110.5,1753.0,2.7840901666666666
110.58333333333333,1756.0,1.1931815000000001
110.66666666666667,1778.0,2.9545446666666666
110.75,1865.0,2.4431811666666667
110.83333333333333,1876.0,2.727272
110.91666666666667,1879.0,2.727272
111.0,1880.0,2.102272166666667
111.08333333333333,1861.0,3.0113628333333335
111.08333333333333,1795.0,2.272726666666667
111.08333333333333,1801.0,2.272726666666667
111.08333333333333,1828.0,2.272726666666667
111.16666666666667,1884.0,0.9090906666666667
111.25,1887.0,2.670453833333333
111.25,1837.0,2.670453833333333
111.33333333333333,1837.0,2.670453833333333
111.33333333333333,1810.0,1.1363633333333334
111.41666666666667,1795.0,1.1363633333333334
111.5,1782.0,1.3068178333333333
111.58333333333333,1824.0,2.6136356666666667
111.66666666666667,1834.0,2.727272
111.75,1816.0,2.6136356666666667
111.75,1805.0,2.727272
111.83333333333333,1791.0,2.3295448333333333
111.91666666666667,1781.0,3.0113628333333335
112.0,1789.0,2.5568175
112.08333333333333,1781.0,2.727272
112.16666666666667,1738.0,2.3295448333333333
112.25,1744.0,3.1818173333333335
112.33333333333333,1753.0,2.727272
112.41666666666667,1752.0,2.727272
112.5,1749.0,3.1249991666666666
112.58333333333333,1726.0,3.1249991666666666
112.66666666666667,1719.0,2.727272
112.75,1721.0,2.7840901666666666
112.83333333333333,1697.0,2.727272
112.91666666666667,1712.0,3.1249991666666666
112.91666666666667,1735.0,2.5568175
113.0,1729.0,2.5568175
113.08333333333333,1708.0,1.4204541666666668
113.16666666666667,1671.0,2.4431811666666667
113.16666666666667,1598.0,3.068181
113.25,1587.0,3.068181
113.33333333333333,1587.0,1.4204541666666668
113.41666666666667,1550.0,2.4999993333333332
113.5,1581.0,3.1249991666666666
113.58333333333333,1587.0,2.670453833333333
113.66666666666667,1571.0,2.9545446666666666
113.75,1571.0,2.8977265
113.83333333333333,1570.0,2.9545446666666666
113.91666666666667,1577.0,2.8977265
114.0,1600.0,2.670453833333333
114.08333333333333,1608.0,3.2386355
114.16666666666667,1591.0,2.7840901666666666
114.25,1595.0,3.068181
114.33333333333333,1596.0,2.670453833333333
114.41666666666667,1586.0,3.2386355
114.5,1554.0,2.727272
114.58333333333333,1554.0,3.40909
114.58333333333333,1549.0,2.8977265
114.66666666666667,1576.0,1.4772723333333333
114.75,1592.0,1.4772723333333333
114.83333333333333,1567.0,3.2954536666666665
114.91666666666667,1558.0,2.670453833333333
115.0,1558.0,3.1249991666666666
115.08333333333333,1559.0,3.0113628333333335
115.16666666666667,1561.0,3.068181
115.25,1539.0,2.8977265
115.33333333333333,1538.0,2.9545446666666666
115.41666666666667,1560.0,3.0113628333333335
115.5,1571.0,3.0113628333333335
115.58333333333333,1531.0,3.068181
115.75,1482.0,3.068181
115.83333333333333,1451.0,3.40909
115.91666666666667,1473.0,2.9545446666666666
116.0,1510.0,3.0113628333333335
116.08333333333333,1484.0,3.068181
116.16666666666667,1480.0,2.9545446666666666
116.25,1480.0,2.6136356666666667
116.33333333333333,1502.0,3.8636353333333338
116.41666666666667,1512.0,2.8977265
116.5,1491.0,3.5795445000000004
116.58333333333333,1461.0,2.7840901666666666
116.58333333333333,1451.0,2.7840901666666666
116.58333333333333,1450.0,2.7840901666666666
116.66666666666667,1431.0,1.0227270000000002
116.75,1428.0,3.1249991666666666
116.83333333333333,1440.0,2.9545446666666666
116.91666666666667,1473.0,3.068181
116.91666666666667,1641.0,3.068181
117.0,1619.0,3.068181
117.08333333333333,1568.0,0.9659088333333334
117.16666666666667,1569.0,2.9545446666666666
117.25,1541.0,3.1249991666666666
117.33333333333333,1502.0,3.1249991666666666
117.41666666666667,1507.0,3.522726333333334
117.5,1542.0,3.1249991666666666
117.58333333333333,1569.0,3.0113628333333335
117.66666666666667,1525.0,2.8409083333333336
117.75,1457.0,3.806817166666667
117.83333333333333,1457.0,2.5568175
117.91666666666667,1425.0,3.068181
117.91666666666667,1435.0,3.068181
118.0,1411.0,1.5340905
118.08333333333333,1415.0,2.727272
118.16666666666667,1428.0,2.727272
118.16666666666667,1442.0,1.5909086666666667
118.25,1462.0,1.5909086666666667
118.33333333333333,1537.0,1.4772723333333333
118.33333333333333,1535.0,3.2386355
118.33333333333333,1517.0,3.2386355
118.41666666666667,1500.0,0.9659088333333334
118.5,1440.0,2.8409083333333336
118.58333333333333,1426.0,3.693180833333334
118.66666666666667,1426.0,2.8409083333333336
118.83333333333333,1434.0,3.2386355
118.91666666666667,1464.0,3.352271833333334
119.0,1479.0,3.2386355
119.08333333333333,1509.0,2.8409083333333336
119.08333333333333,1544.0,3.1249991666666666
119.16666666666667,1548.0,3.1249991666666666
119.25,1558.0,3.8636353333333338
119.25,1564.0,3.8636353333333338
119.33333333333333,1542.0,1.4772723333333333
119.33333333333333,1549.0,1.4772723333333333
119.33333333333333,1593.0,1.4772723333333333
119.41666666666667,1535.0,1.4772723333333333
119.5,1502.0,0.7954543333333334
119.58333333333333,1490.0,3.352271833333334
119.66666666666667,1525.0,3.068181
119.66666666666667,1605.0,2.670453833333333
119.75,1590.0,1.5909086666666667
119.83333333333333,1536.0,3.2954536666666665
119.91666666666667,1528.0,3.636362666666667
120.08333333333333,1527.0,3.068181
120.16666666666667,1521.0,3.0113628333333335
120.25,1509.0,3.7499990000000003
120.33333333333333,1443.0,2.8409083333333336
120.41666666666667,1355.0,4.204544333333334
120.5,1343.0,3.068181
120.58333333333333,1354.0,3.0113628333333335
120.58333333333333,1388.0,3.0113628333333335
120.58333333333333,1390.0,3.0113628333333335
120.75,1390.0,3.0113628333333335
120.83333333333333,1331.0,3.2386355
120.91666666666667,1367.0,3.2386355
121.0,1434.0,3.1249991666666666
121.0,1461.0,3.2386355
121.0,1391.0,3.2386355
121.08333333333333,1387.0,1.0795451666666667
121.08333333333333,1306.0,1.0795451666666667
121.25,1288.0,1.4204541666666668
121.33333333333333,1272.0,3.8636353333333338
121.41666666666667,1254.0,2.8977265
121.5,1277.0,3.0113628333333335
121.58333333333333,1329.0,3.7499990000000003
121.66666666666667,1390.0,3.7499990000000003
121.66666666666667,1409.0,2.3295448333333333
121.75,1388.0,1.5909086666666667
121.83333333333333,1402.0,3.806817166666667
121.91666666666667,1440.0,2.7840901666666666
122.0,1466.0,3.0113628333333335
122.08333333333333,1475.0,3.0113628333333335
122.16666666666667,1474.0,1.6477268333333333
122.16666666666667,1483.0,3.068181
122.16666666666667,1484.0,3.068181
122.25,1466.0,3.068181
122.25,1463.0,0.9659088333333334
122.25,1468.0,0.9659088333333334
122.25,1476.0,0.9659088333333334
122.33333333333333,1504.0,0.7386361666666666
122.41666666666667,1534.0,3.0113628333333335
122.5,1555.0,3.068181
122.58333333333333,1588.0,3.2954536666666665
122.66666666666667,1552.0,3.068181
122.75,1460.0,3.0113628333333335
122.83333333333333,1438.0,3.0113628333333335
122.91666666666667,1439.0,2.8977265
123.08333333333333,1481.0,2.8977265
123.16666666666667,1490.0,3.2386355
123.16666666666667,1474.0,3.2954536666666665
123.16666666666667,1479.0,3.2954536666666665
123.25,1519.0,3.2954536666666665
123.33333333333333,1515.0,1.0227270000000002
123.33333333333333,1518.0,2.6136356666666667
123.33333333333333,1599.0,2.6136356666666667
123.41666666666667,1599.0,2.6136356666666667
123.41666666666667,1648.0,0.9659088333333334
123.5,1598.0,0.9659088333333334
123.58333333333333,1584.0,1.4204541666666668
123.58333333333333,1595.0,2.8409083333333336
123.66666666666667,1612.0,2.8409083333333336
123.75,1612.0,1.3068178333333333
123.83333333333333,1593.0,3.2386355
123.91666666666667,1605.0,2.6136356666666667
124.0,1649.0,3.0113628333333335
124.08333333333333,1678.0,2.6136356666666667
124.16666666666667,1713.0,2.8409083333333336
124.25,1834.0,2.8977265
124.33333333333333,1895.0,2.3295448333333333
124.33333333333333,1902.0,3.068181
124.33333333333333,1869.0,3.068181
124.41666666666667,1757.0,1.3068178333333333
124.5,1720.0,2.6136356666666667
124.58333333333333,1745.0,2.670453833333333
124.66666666666667,1804.0,2.6136356666666667
124.75,1854.0,2.5568175
124.83333333333333,1871.0,2.5568175
124.91666666666667,1862.0,2.3295448333333333
125.0,1837.0,2.6136356666666667
125.08333333333333,1807.0,2.4431811666666667
125.08333333333333,1846.0,2.4999993333333332
125.16666666666667,1898.0,2.6136356666666667
125.25,1914.0,2.4431811666666667
125.33333333333333,1897.0,2.3295448333333333
125.41666666666667,1907.0,2.3295448333333333
125.5,1932.0,2.5568175
125.58333333333333,1947.0,2.1590903333333333
125.58333333333333,1927.0,2.6136356666666667
125.66666666666667,1871.0,2.4431811666666667
125.75,1807.0,2.3295448333333333
125.83333333333333,1793.0,2.3295448333333333
125.91666666666667,1788.0,1.9318176666666669
126.0,1775.0,2.8977265
126.0,1746.0,2.4431811666666667
126.08333333333333,1792.0,2.4431811666666667
126.16666666666667,1854.0,3.0113628333333335
126.25,1866.0,2.1590903333333333
126.25,1864.0,2.1590903333333333
126.33333333333333,1889.0,1.1363633333333334
126.41666666666667,1911.0,1.1363633333333334
126.5,1914.0,2.1590903333333333
126.5,1845.0,2.727272
126.5,1786.0,2.727272
126.5,1720.0,2.727272
126.58333333333333,1698.0,0.7386361666666666
126.66666666666667,1696.0,0.7386361666666666
126.75,1814.0,2.272726666666667
126.83333333333333,1879.0,2.4999993333333332
126.83333333333333,1891.0,2.3295448333333333
126.91666666666667,1897.0,2.3863630000000002
127.0,1830.0,2.3863630000000002
127.08333333333333,1718.0,2.0454540000000003
127.16666666666667,1673.0,2.7840901666666666
127.25,1633.0,2.3295448333333333
127.25,1580.0,2.4431811666666667
127.33333333333333,1618.0,2.272726666666667
127.41666666666667,1619.0,2.272726666666667
127.5,1594.0,1.9886358333333334
127.58333333333333,1588.0,2.727272
127.58333333333333,1642.0,2.272726666666667
127.66666666666667,1754.0,2.3295448333333333
127.75,1844.0,2.1590903333333333
127.83333333333333,1873.0,2.1590903333333333
127.91666666666667,1832.0,2.4431811666666667
127.91666666666667,1786.0,2.2159085000000003
127.91666666666667,1789.0,2.2159085000000003
128.0,1867.0,1.1363633333333334
128.08333333333334,1948.0,1.1363633333333334
128.16666666666666,1895.0,2.272726666666667
128.16666666666666,1854.0,2.102272166666667
128.16666666666666,1855.0,2.102272166666667
128.16666666666666,1934.0,2.102272166666667
128.25,2115.0,2.102272166666667
128.25,2114.0,0.7386361666666666
128.33333333333334,2061.0,2.3295448333333333
128.33333333333334,2062.0,2.3295448333333333
128.41666666666666,2068.0,2.3295448333333333
128.41666666666666,2081.0,1.0795451666666667
128.41666666666666,2079.0,1.0795451666666667
128.5,2079.0,1.0227270000000002
128.58333333333334,2030.0,1.0227270000000002
128.58333333333334,2000.0,2.102272166666667
128.66666666666666,2039.0,2.102272166666667
128.75,2014.0,2.1590903333333333
128.83333333333334,1985.0,2.1590903333333333
128.83333333333334,1985.0,1.704545
128.91666666666666,1977.0,2.727272
129.0,1996.0,2.1590903333333333
129.0,1997.0,2.1590903333333333
129.0,1994.0,2.1590903333333333
129.08333333333334,1993.0,0.9090906666666667
129.16666666666666,1958.0,2.727272
129.25,1958.0,2.727272
129.25,1954.0,1.9318176666666669
129.25,1935.0,1.9318176666666669
129.33333333333334,1936.0,1.9318176666666669
129.33333333333334,1913.0,1.0227270000000002
129.33333333333334,1849.0,1.0227270000000002
129.33333333333334,1780.0,1.0227270000000002
129.33333333333334,1807.0,1.0227270000000002
129.33333333333334,1868.0,1.0227270000000002
129.33333333333334,1843.0,1.0227270000000002
129.33333333333334,1793.0,1.0227270000000002
129.41666666666666,1771.0,1.0227270000000002
129.5,1903.0,0.340909
129.5,1861.0,2.4999993333333332
129.58333333333334,1741.0,2.4999993333333332
129.58333333333334,1696.0,1.704545
129.66666666666666,1737.0,1.704545
129.66666666666666,1764.0,1.704545
129.66666666666666,1767.0,1.704545
129.75,1749.0,0.8522725
129.83333333333334,1726.0,0.8522725
129.83333333333334,1752.0,2.0454540000000003
129.91666666666666,1786.0,2.0454540000000003
129.91666666666666,1781.0,1.6477268333333333
130.0,1745.0,1.704545
130.08333333333334,1731.0,1.704545
130.08333333333334,1778.0,1.8749995000000002
130.16666666666666,1866.0,1.9318176666666669
130.25,1870.0,1.9318176666666669
130.25,1887.0,1.9886358333333334
130.33333333333334,1887.0,1.9886358333333334
130.33333333333334,2026.0,1.2499996666666666
130.33333333333334,2029.0,1.2499996666666666
130.41666666666666,1993.0,1.2499996666666666
130.41666666666666,1999.0,0.9659088333333334
130.41666666666666,2012.0,0.9659088333333334
130.41666666666666,1917.0,0.9659088333333334
130.5,1866.0,0.7954543333333334
130.58333333333334,1860.0,0.7954543333333334
130.58333333333334,1883.0,2.1590903333333333
130.66666666666666,1884.0,2.1590903333333333
130.66666666666666,1884.0,1.4204541666666668
130.75,1952.0,1.8181813333333334
130.75,2064.0,1.8181813333333334
130.83333333333334,2136.0,1.4772723333333333
130.83333333333334,2106.0,1.4772723333333333
130.83333333333334,2068.0,1.4772723333333333
130.83333333333334,2060.0,1.4772723333333333
130.83333333333334,2072.0,1.4772723333333333
130.91666666666666,2072.0,0.5681816666666667
130.91666666666666,2009.0,0.5681816666666667
131.0,1886.0,1.6477268333333333
131.0,1797.0,1.6477268333333333
131.0,1751.0,1.6477268333333333
131.08333333333334,1741.0,1.6477268333333333
131.08333333333334,1709.0,0.7386361666666666
131.16666666666666,1708.0,0.7386361666666666
131.16666666666666,1860.0,1.4772723333333333
131.25,1944.0,1.9318176666666669
131.25,2019.0,1.9318176666666669
131.33333333333334,2055.0,1.5340905
131.41666666666666,1991.0,1.5340905
131.41666666666666,1986.0,1.5909086666666667
131.5,1986.0,1.5909086666666667
131.5,1960.0,1.5909086666666667
131.58333333333334,1908.0,1.5909086666666667
131.58333333333334,1907.0,1.5909086666666667
131.58333333333334,1932.0,1.5909086666666667
131.58333333333334,1932.0,1.5909086666666667
131.66666666666666,1889.0,0.7386361666666666
131.75,1872.0,0.7386361666666666
131.75,1969.0,1.5909086666666667
131.83333333333334,1969.0,1.5909086666666667
131.83333333333334,2036.0,1.4204541666666668
131.83333333333334,2031.0,1.4204541666666668
131.83333333333334,1958.0,1.4204541666666668
131.91666666666666,1921.0,1.4204541666666668
131.91666666666666,1932.0,0.7954543333333334
132.0,1931.0,0.7954543333333334
132.0,1949.0,1.363636
132.08333333333334,1913.0,1.363636
132.08333333333334,1919.0,1.5340905
132.08333333333334,1939.0,1.5340905
132.08333333333334,1949.0,1.5340905
132.08333333333334,1927.0,1.5340905
132.08333333333334,1902.0,1.5340905
132.16666666666666,1922.0,1.5340905
132.16666666666666,1963.0,0.45454533333333336
132.25,1964.0,0.45454533333333336
132.25,1936.0,1.4772723333333333
132.33333333333334,1947.0,1.4772723333333333
132.33333333333334,1951.0,1.363636
132.41666666666666,1952.0,1.363636
132.41666666666666,1901.0,1.4204541666666668
132.5,1774.0,1.4204541666666668
132.5,1749.0,1.4204541666666668
132.58333333333334,1798.0,1.4204541666666668
132.58333333333334,1820.0,1.363636
132.58333333333334,1806.0,1.363636
132.66666666666666,1794.0,1.1363633333333334
132.66666666666666,1795.0,1.1363633333333334
132.75,1823.0,1.4204541666666668
132.75,1762.0,1.4204541666666668
132.83333333333334,1696.0,1.2499996666666666
132.83333333333334,1684.0,1.2499996666666666
132.91666666666666,1668.0,1.2499996666666666
132.91666666666666,1679.0,1.2499996666666666
133.0,1722.0,1.2499996666666666
133.0,1753.0,1.4204541666666668
133.0,1834.0,1.4204541666666668
133.08333333333334,1938.0,1.2499996666666666
133.08333333333334,2028.0,1.2499996666666666
133.16666666666666,2049.0,1.2499996666666666
133.16666666666666,2018.0,1.0227270000000002
133.16666666666666,1930.0,1.0227270000000002
133.16666666666666,1930.0,1.0227270000000002
133.16666666666666,1838.0,1.0227270000000002
133.25,1829.0,0.681818
133.25,1794.0,0.681818
133.33333333333334,1786.0,1.3068178333333333
133.33333333333334,1830.0,1.3068178333333333
133.33333333333334,1842.0,1.3068178333333333
133.41666666666666,1869.0,1.0227270000000002
133.41666666666666,1897.0,1.0227270000000002
133.41666666666666,1899.0,1.0227270000000002
133.5,1907.0,0.8522725
133.5,1904.0,0.8522725
133.5,1821.0,0.8522725
133.5,1772.0,0.8522725
133.58333333333334,1817.0,0.5113635000000001
133.58333333333334,1843.0,0.5113635000000001
133.58333333333334,1857.0,0.5113635000000001
133.66666666666666,1872.0,0.5113635000000001
133.66666666666666,1857.0,0.8522725
133.66666666666666,1863.0,0.8522725
133.66666666666666,1893.0,0.8522725
133.75,1932.0,0.8522725
133.75,1927.0,0.681818
133.75,1891.0,0.681818
133.75,1859.0,0.681818
133.83333333333334,1888.0,0.681818
133.83333333333334,1892.0,0.681818
133.83333333333334,1872.0,0.681818
133.83333333333334,1860.0,0.681818
133.83333333333334,1831.0,0.681818
133.83333333333334,1788.0,0.681818
133.91666666666666,1789.0,0.5113635000000001
133.91666666666666,1782.0,0.5113635000000001
133.91666666666666,1749.0,0.5113635000000001
133.91666666666666,1771.0,0.5113635000000001
133.91666666666666,1828.0,0.5113635000000001
133.91666666666666,1845.0,0.5113635000000001
134.0,1804.0,0.5113635000000001
134.0,1761.0,0.45454533333333336
134.0,1850.0,0.45454533333333336
134.0,1881.0,0.45454533333333336
134.0,1881.0,0.45454533333333336
134.0,1896.0,0.45454533333333336
134.0,1941.0,0.45454533333333336
134.0,1935.0,0.45454533333333336
134.0,1951.0,0.45454533333333336
134.0,1952.0,0.45454533333333336
134.0,1931.0,0.45454533333333336
134.08333333333334,1797.0,0.28409083333333335
134.08333333333334,1716.0,0.28409083333333335
134.08333333333334,1672.0,0.28409083333333335
134.08333333333334,1666.0,0.28409083333333335
134.08333333333334,1709.0,0.28409083333333335
134.08333333333334,1778.0,0.28409083333333335
134.08333333333334,1836.0,0.28409083333333335
134.08333333333334,1886.0,0.28409083333333335
134.08333333333334,1913.0,0.28409083333333335
134.08333333333334,1885.0,0.28409083333333335
134.08333333333334,1817.0,0.28409083333333335
134.08333333333334,1812.0,0.28409083333333335
134.08333333333334,1813.0,0.28409083333333335
134.08333333333334,1870.0,0.28409083333333335
134.08333333333334,1890.0,0.28409083333333335
134.08333333333334,1909.0,0.28409083333333335
134.08333333333334,1922.0,0.28409083333333335
134.08333333333334,1888.0,0.28409083333333335
134.08333333333334,1724.0,0.28409083333333335
134.08333333333334,1684.0,0.28409083333333335
134.08333333333334,1696.0,0.28409083333333335
134.08333333333334,1724.0,0.28409083333333335
134.08333333333334,1813.0,0.28409083333333335
134.08333333333334,1880.0,0.28409083333333335
134.08333333333334,1913.0,0.28409083333333335
134.08333333333334,1989.0,0.28409083333333335
134.08333333333334,1988.0,0.28409083333333335
134.08333333333334,1956.0,0.28409083333333335
134.08333333333334,1898.0,0.28409083333333335
134.08333333333334,1814.0,0.28409083333333335
134.08333333333334,1775.0,0.28409083333333335
134.08333333333334,1956.0,0.28409083333333335
134.08333333333334,2004.0,0.28409083333333335
134.08333333333334,1549.0,0.28409083333333335
134.08333333333334,879.0,0.28409083333333335
134.08333333333334,879.0,0.28409083333333335
134.08333333333334,306.0,0.28409083333333335
134.08333333333334,15.0,0.28409083333333335
134.08333333333334,0.0,0.28409083333333335
134.08333333333334,0.0,0.28409083333333335
134.08333333333334,0.0,0.28409083333333335
134.08333333333334,0.0,0.28409083333333335
134.08333333333334,0.0,0.28409083333333335
134.08333333333334,0.0,0.28409083333333335
134.08333333333334,0.0,0.28409083333333335
134.08333333333334,0.0,0.28409083333333335
134.08333333333334,0.0,0.28409083333333335
134.08333333333334,0.0,0.28409083333333335
134.08333333333334,0.0,0.28409083333333335
134.08333333333334,0.0,0.28409083333333335
134.08333333333334,0.0,0.0
134.08333333333334,0.0,0.0
134.08333333333334,0.0,0.0
134.08333333333334,0.0,0.0
134.08333333333334,0.0,0.0
134.08333333333334,0.0,0.0
134.08333333333334,0.0,0.0
134.08333333333334,0.0,0.0
134.08333333333334,0.0,0.0
134.08333333333334,0.0,0.0
134.08333333333334,0.0,0.0
134.08333333333334,0.0,0.0
134.08333333333334,0.0,0.0
134.08333333333334,0.0,0.0
134.08333333333334,0.0,0.0
134.08333333333334,0.0,0.0
134.08333333333334,0.0,0.0
134.08333333333334,0.0,0.0
134.08333333333334,0.0,0.0
134.08333333333334,0.0,0.0
134.08333333333334,0.0,0.0
134.08333333333334,0.0,0.0
134.08333333333334,0.0,0.0
134.08333333333334,0.0,0.0
134.08333333333334,0.0,0.0
134.08333333333334,0.0,0.0
134.08333333333334,0.0,0.0
134.08333333333334,0.0,0.0
134.08333333333334,0.0,0.0
134.08333333333334,0.0,0.0
134.08333333333334,0.0,0.0
134.08333333333334,0.0,0.0
134.08333333333334,0.0,0.0
134.08333333333334,0.0,0.0
134.08333333333334,0.0,0.0
134.08333333333334,0.0,0.0
134.08333333333334,0.0,0.0
134.08333333333334,0.0,0.0
134.08333333333334,0.0,0.0
134.08333333333334,0.0,0.0
134.08333333333334,0.0,0.0
134.08333333333334,0.0,0.0
134.08333333333334,0.0,0.0
134.08333333333334,0.0,0.0
134.08333333333334,0.0,0.0
134.08333333333334,0.0,0.0
134.08333333333334,0.0,0.0
134.08333333333334,0.0,0.0
134.08333333333334,0.0,0.0
