0.0,0.0,0.0
0.0,0.0,0.0
0.0,0.0,0.0
0.0,0.0,0.0
0.0,0.0,0.0
0.0,0.0,0.0
0.0,0.0,0.0
0.0,0.0,0.0
0.0,0.0,0.0
0.0,0.0,0.0
0.0,0.0,0.0
0.0,0.0,0.0
0.0,0.0,0.0
0.0,0.0,0.0
0.0,0.0,0.0
0.0,0.0,0.0
0.0,0.0,0.0
0.0,0.0,0.0
0.0,0.0,0.0
0.0,0.0,0.0
0.0,0.0,0.0
0.0,0.0,0.0
0.0,0.0,0.0
0.0,0.0,0.0
0.0,0.0,0.0
0.0,0.0,0.0
0.0,0.0,0.0
0.0,0.0,0.0
0.0,0.0,0.0
0.0,0.0,0.0
0.0,0.0,0.0
0.0,0.0,0.0
0.0,0.0,0.0
0.0,0.0,0.0
0.0,0.0,0.0
0.0,0.0,0.0
0.0,0.0,0.0
0.0,0.0,0.0
0.0,0.0,0.0
0.0,0.0,0.0
0.0,0.0,0.0
0.0,0.0,0.0
0.0,0.0,0.0
0.0,0.0,0.0
0.0,0.0,0.0
0.0,0.0,0.0
0.0,0.0,0.0
0.0,0.0,0.0
0.0,0.0,0.0
0.0,0.0,0.0
0.0,0.0,0.0
0.0,0.0,0.0
0.0,0.0,0.0
0.0,0.0,0.0
0.0,0.0,0.0
0.0,0.0,0.0
0.0,0.0,0.0
0.0,0.0,0.0
0.0,0.0,0.0
0.0,0.0,0.0
0.0,0.0,0.0
0.0,0.0,0.0
0.0,0.0,0.0
0.0,0.0,0.0
0.0,0.0,0.0
0.0,0.0,0.0
0.0,0.0,0.0
0.0,0.0,0.0
0.0,0.0,0.0
0.0,0.0,0.0
0.0,0.0,0.0
0.0,0.0,0.0
0.0,0.0,0.0
0.0,0.0,0.0
0.0,0.0,0.0
0.0,0.0,0.0
0.0,0.0,0.0
0.0,0.0,0.0
0.0,0.0,0.0
0.0,0.0,0.0
0.0,0.0,0.0
0.0,0.0,0.0
0.0,0.0,0.0
0.0,0.0,0.0
0.0,0.0,0.0
0.0,0.0,0.0
0.0,0.0,0.0
0.0,0.0,0.0
0.0,0.0,0.0
0.0,0.0,0.0
0.0,0.0,0.0
0.0,0.0,0.0
0.0,0.0,0.0
0.0,0.0,0.0
0.0,0.0,0.0
0.0,0.0,0.0
0.0,0.0,0.0
0.0,0.0,0.0
0.0,0.0,0.0
0.0,0.0,0.0
0.0,0.0,0.0
0.0,0.0,0.0
0.0,0.0,0.0
0.0,0.0,0.0
0.0,0.0,0.0
0.0,0.0,0.0
0.0,0.0,0.0
0.0,0.0,0.0
0.0,0.0,0.0
0.0,0.0,0.0
0.0,0.0,0.0
0.0,0.0,0.0
0.0,0.0,0.0
0.0,0.0,0.0
0.0,0.0,0.0
0.0,0.0,0.0
0.0,0.0,0.0
0.0,0.0,0.0
0.0,0.0,0.0
0.0,0.0,0.0
0.0,0.0,0.0
0.0,0.0,0.0
0.0,0.0,0.0
0.0,0.0,0.0
0.0,0.0,0.0
0.0,0.0,0.0
0.0,0.0,0.0
0.0,0.0,0.0
0.0,0.0,0.0
0.0,0.0,0.0
0.0,0.0,0.0
0.0,0.0,0.0
0.0,0.0,0.0
0.0,0.0,0.0
0.0,0.0,0.0
0.0,0.0,0.0
0.0,0.0,0.0
0.0,0.0,0.0
0.0,0.0,0.0
0.0,0.0,0.0
0.0,0.0,0.0
0.0,0.0,0.0
0.0,0.0,0.0
0.0,0.0,0.0
0.0,0.0,0.0
0.0,0.0,0.0
0.0,0.0,0.0
0.0,0.0,0.0
0.0,0.0,0.0
0.0,0.0,0.0
0.0,0.0,0.0
0.0,0.0,0.0
0.0,0.0,0.0
0.0,0.0,0.0
0.0,0.0,0.0
0.0,0.0,0.0
0.0,0.0,0.0
0.0,0.0,0.0
0.0,0.0,0.0
0.0,0.0,0.0
0.0,0.0,0.0
0.0,0.0,0.0
0.0,0.0,0.0
0.0,0.0,0.0
0.0,0.0,0.0
0.0,0.0,0.0
0.0,0.0,0.0
0.0,0.0,0.0
0.0,0.0,0.0
0.0,0.0,0.0
0.0,0.0,0.0
0.0,0.0,0.0
0.0,0.0,0.0
0.0,0.0,0.0
0.0,0.0,0.0
0.0,0.0,0.0
0.0,0.0,0.0
0.0,0.0,0.0
0.0,0.0,0.0
0.0,0.0,0.0
0.0,0.0,0.0
0.0,0.0,0.0
0.0,0.0,0.0
0.0,0.0,0.0
0.0,0.0,0.0
0.0,0.0,0.0
0.0,0.0,0.0
0.0,0.0,0.0
0.0,0.0,0.0
0.0,0.0,0.0
0.0,0.0,0.0
0.0,0.0,0.0
0.0,0.0,0.0
0.0,0.0,0.0
0.0,0.0,0.0
0.0,0.0,0.0
0.0,0.0,0.0
0.0,0.0,0.0
0.0,0.0,0.0
0.0,0.0,0.0
0.0,0.0,0.0
0.0,0.0,0.0
0.0,0.0,0.0
0.0,0.0,0.0
0.0,0.0,0.0
0.0,0.0,0.0
0.0,0.0,0.0
0.0,0.0,0.0
0.0,0.0,0.0
0.0,0.0,0.0
0.0,0.0,0.0
0.0,0.0,0.0
0.0,0.0,0.0
0.0,0.0,0.0
0.0,0.0,0.0
0.0,0.0,0.0
0.0,0.0,0.0
0.0,0.0,0.0
0.0,0.0,0.0
0.0,0.0,0.0
0.0,0.0,0.0
0.0,0.0,0.0
0.0,0.0,0.0
0.0,0.0,0.0
0.0,0.0,0.0
0.0,0.0,0.0
0.0,0.0,0.0
0.0,0.0,0.0
0.0,0.0,0.0
0.0,0.0,0.0
0.0,0.0,0.0
0.0,0.0,0.0
0.0,0.0,0.0
0.0,0.0,0.0
0.0,0.0,0.0
0.0,0.0,0.0
0.0,0.0,0.0
0.0,0.0,0.0
0.0,0.0,0.0
0.0,0.0,0.0
0.0,0.0,0.0
0.0,0.0,0.0
0.0,0.0,0.0
0.0,0.0,0.0
0.0,0.0,0.0
0.0,0.0,0.0
0.0,0.0,0.0
0.0,0.0,0.0
0.0,0.0,0.0
0.0,0.0,0.0
0.0,0.0,0.0
0.0,0.0,0.0
0.0,0.0,0.0
0.0,0.0,0.0
0.0,0.0,0.0
0.0,0.0,0.0
0.0,0.0,0.0
0.0,0.0,0.0
0.0,0.0,0.0
0.0,0.0,0.0
0.0,0.0,0.0
0.0,0.0,0.0
0.0,0.0,0.0
0.0,0.0,0.0
0.0,0.0,0.0
0.0,0.0,0.0
0.0,0.0,0.0
0.0,0.0,0.0
0.0,0.0,0.0
0.0,0.0,0.0
0.0,0.0,0.0
0.0,0.0,0.0
0.0,0.0,0.0
0.0,0.0,0.0
0.0,0.0,0.0
0.0,0.0,0.0
0.0,0.0,0.0
0.0,0.0,0.0
0.0,0.0,0.0
0.0,0.0,0.0
0.0,0.0,0.0
0.0,0.0,0.0
0.0,0.0,0.0
0.0,0.0,0.0
0.0,0.0,0.0
0.0,0.0,0.0
0.0,0.0,0.0
0.0,0.0,0.0
0.0,0.0,0.0
0.0,0.0,0.0
0.0,0.0,0.0
0.0,0.0,0.0
0.0,0.0,0.0
0.0,0.0,0.0
0.0,0.0,0.0
0.0,0.0,0.0
0.0,0.0,0.0
0.0,0.0,0.0
0.0,0.0,0.0
0.0,0.0,0.0
0.0,0.0,0.0
0.0,0.0,0.0
0.0,0.0,0.0
0.0,0.0,0.0
0.0,0.0,0.0
0.0,0.0,0.0
0.0,0.0,0.0
0.0,0.0,0.0
0.0,0.0,0.0
0.0,0.0,0.0
0.0,0.0,0.0
0.0,0.0,0.0
0.0,0.0,0.0
0.0,0.0,0.0
0.0,0.0,0.0
0.0,119.0,0.0
0.0,259.0,0.0
0.0,489.0,0.0
0.0,283.0,0.0
0.0,144.0,0.0
0.0,53.0,0.0
0.0,0.0,0.0
0.0,0.0,0.0
0.0,0.0,0.0
0.0,0.0,0.0
0.0,0.0,0.0
0.0,4.0,0.0
0.0,13.0,0.0
0.0,1.0,0.0
0.0,0.0,0.0
0.0,0.0,0.0
0.0,0.0,0.0
0.0,57.0,0.0
0.0,156.0,0.0
0.0,298.0,0.0
0.0,559.0,0.0
0.0,583.0,0.0
0.0,559.0,0.0
0.0,524.0,0.0
0.0,525.0,0.0
0.0,544.0,0.0
0.0,553.0,0.0
0.0,584.0,0.0
0.0,598.0,0.0
0.0,640.0,0.0
0.0,641.0,0.0
0.0,743.0,0.0
0.0,836.0,0.0
0.0,919.0,0.0
0.0,919.0,0.0
0.0,974.0,0.0
0.08333333333333333,999.0,0.0
0.08333333333333333,1066.0,0.05681816666666667
0.08333333333333333,1165.0,0.05681816666666667
0.08333333333333333,1156.0,0.05681816666666667
0.08333333333333333,1174.0,0.05681816666666667
0.08333333333333333,1174.0,0.05681816666666667
0.08333333333333333,1264.0,0.05681816666666667
0.08333333333333333,1257.0,0.05681816666666667
0.08333333333333333,1307.0,0.05681816666666667
0.08333333333333333,1307.0,0.05681816666666667
0.08333333333333333,1362.0,0.05681816666666667
0.08333333333333333,1559.0,0.05681816666666667
0.16666666666666666,1641.0,0.05681816666666667
0.16666666666666666,1663.0,0.22727266666666668
0.16666666666666666,1744.0,0.22727266666666668
0.16666666666666666,1803.0,0.22727266666666668
0.16666666666666666,1742.0,0.22727266666666668
0.16666666666666666,1857.0,0.22727266666666668
0.25,2008.0,0.22727266666666668
0.25,2079.0,0.45454533333333336
0.25,2196.0,0.45454533333333336
0.25,2149.0,0.45454533333333336
0.25,2112.0,0.45454533333333336
0.3333333333333333,2112.0,0.6249998333333333
0.3333333333333333,1850.0,0.6249998333333333
0.3333333333333333,1754.0,0.6249998333333333
0.3333333333333333,1870.0,0.6249998333333333
0.4166666666666667,1874.0,0.681818
0.4166666666666667,1787.0,0.681818
0.4166666666666667,1776.0,0.681818
0.5,1736.0,0.681818
0.5,1628.0,0.7954543333333334
0.5,1628.0,0.7954543333333334
0.5,1740.0,0.7954543333333334
0.5833333333333334,1590.0,0.8522725
0.5833333333333334,1489.0,0.8522725
0.5833333333333334,1470.0,0.8522725
0.6666666666666666,1413.0,0.9659088333333334
0.6666666666666666,1298.0,0.9659088333333334
0.6666666666666666,1350.0,0.9659088333333334
0.75,1392.0,0.9659088333333334
0.75,1371.0,0.9659088333333334
0.8333333333333334,1450.0,0.9659088333333334
0.8333333333333334,1488.0,1.0227270000000002
0.8333333333333334,1438.0,1.0227270000000002
0.9166666666666666,1416.0,1.0227270000000002
0.9166666666666666,1454.0,1.0795451666666667
0.9166666666666666,1454.0,1.0795451666666667
0.9166666666666666,1516.0,1.0795451666666667
0.9166666666666666,1624.0,1.0795451666666667
1.0,1618.0,1.0795451666666667
1.0,1550.0,0.5681816666666667
1.0833333333333333,1561.0,0.5681816666666667
1.0833333333333333,1768.0,1.3068178333333333
1.1666666666666667,1792.0,1.3068178333333333
1.1666666666666667,1584.0,1.363636
1.1666666666666667,1553.0,1.363636
1.1666666666666667,1695.0,1.363636
1.25,1640.0,1.363636
1.25,1533.0,0.7386361666666666
1.3333333333333333,1645.0,0.7386361666666666
1.3333333333333333,1700.0,1.4772723333333333
1.4166666666666667,1640.0,1.4772723333333333
1.4166666666666667,1623.0,1.5340905
1.4166666666666667,1642.0,1.5340905
1.4166666666666667,1612.0,1.5340905
1.5,1649.0,0.7954543333333334
1.5,1584.0,0.7954543333333334
1.5833333333333333,1422.0,1.6477268333333333
1.6666666666666667,1475.0,1.6477268333333333
1.6666666666666667,1581.0,1.761363166666667
1.75,1492.0,1.761363166666667
1.75,1341.0,1.761363166666667
1.8333333333333333,1388.0,1.5909086666666667
1.8333333333333333,1564.0,1.5909086666666667
1.8333333333333333,1512.0,1.5909086666666667
1.9166666666666667,1508.0,0.9090906666666667
2.0,1573.0,0.9090906666666667
2.0,1599.0,1.8749995000000002
2.0833333333333335,1596.0,1.8181813333333334
2.1666666666666665,1603.0,1.8181813333333334
2.1666666666666665,1676.0,2.0454540000000003
2.25,1607.0,2.0454540000000003
2.3333333333333335,1353.0,1.5340905
2.3333333333333335,1450.0,2.272726666666667
2.4166666666666665,1639.0,1.8749995000000002
2.5,1546.0,1.8749995000000002
2.5,1378.0,1.9886358333333334
2.5833333333333335,1560.0,1.704545
2.6666666666666665,1651.0,1.704545
2.6666666666666665,1651.0,2.3295448333333333
2.6666666666666665,1558.0,2.3295448333333333
2.75,1526.0,2.3295448333333333
2.75,1547.0,0.9659088333333334
2.8333333333333335,1548.0,1.9318176666666669
2.9166666666666665,1526.0,1.9318176666666669
3.0,1568.0,1.8749995000000002
3.0,1472.0,2.102272166666667
3.0,1482.0,2.102272166666667
3.0,1530.0,2.102272166666667
3.0,1502.0,2.102272166666667
3.0833333333333335,1427.0,0.681818
3.1666666666666665,1517.0,2.3295448333333333
3.25,1469.0,2.3295448333333333
3.3333333333333335,1326.0,2.2159085000000003
3.3333333333333335,1369.0,2.3863630000000002
3.4166666666666665,1401.0,2.0454540000000003
3.5,1392.0,2.2159085000000003
3.5833333333333335,1394.0,2.2159085000000003
3.6666666666666665,1389.0,2.5568175
3.75,1431.0,2.4431811666666667
3.75,1428.0,2.3295448333333333
3.8333333333333335,1402.0,2.4431811666666667
3.9166666666666665,1371.0,2.3863630000000002
4.0,1325.0,2.6136356666666667
4.083333333333333,1296.0,2.4999993333333332
4.166666666666667,1330.0,2.4999993333333332
4.25,1385.0,2.7840901666666666
4.333333333333333,1344.0,2.1590903333333333
4.416666666666667,1351.0,3.522726333333334
4.5,1390.0,2.7840901666666666
4.5,1417.0,2.8409083333333336
4.583333333333333,1418.0,2.8409083333333336
4.666666666666667,1526.0,1.3068178333333333
4.75,1476.0,2.7840901666666666
4.833333333333333,1368.0,2.5568175
4.833333333333333,1403.0,2.9545446666666666
4.833333333333333,1451.0,2.9545446666666666
4.833333333333333,1344.0,2.9545446666666666
4.916666666666667,1277.0,0.9090906666666667
4.916666666666667,1291.0,0.9090906666666667
5.083333333333333,1305.0,1.4204541666666668
5.166666666666667,1327.0,3.636362666666667
5.25,1327.0,3.1249991666666666
5.333333333333333,1360.0,2.8977265
5.333333333333333,1389.0,3.1818173333333335
5.416666666666667,1410.0,3.1818173333333335
5.5,1439.0,3.636362666666667
5.583333333333333,1467.0,3.068181
5.583333333333333,1501.0,3.068181
5.666666666666667,1457.0,1.4204541666666668
5.75,1353.0,2.8977265
5.916666666666667,1330.0,3.4659081666666665
6.0,1297.0,3.8636353333333338
6.083333333333333,1204.0,3.1818173333333335
6.083333333333333,1158.0,3.352271833333334
6.083333333333333,1149.0,3.352271833333334
6.083333333333333,1099.0,3.352271833333334
6.083333333333333,1116.0,3.352271833333334
6.25,1167.0,3.352271833333334
6.333333333333333,1152.0,3.352271833333334
6.416666666666667,1184.0,3.9204535000000003
6.5,1223.0,3.1249991666666666
6.666666666666667,1249.0,3.4659081666666665
6.75,1249.0,3.806817166666667
6.75,1275.0,4.034089833333334
6.833333333333333,1340.0,1.6477268333333333
6.916666666666667,1321.0,1.6477268333333333
7.0,1238.0,1.8181813333333334
7.083333333333333,1364.0,3.4659081666666665
7.166666666666667,1391.0,4.545453333333334
7.166666666666667,1287.0,4.545453333333334
7.25,1206.0,1.1931815000000001
7.25,1213.0,1.1931815000000001
7.333333333333333,1235.0,1.6477268333333333
7.333333333333333,1234.0,1.6477268333333333
7.416666666666667,1213.0,1.2499996666666666
7.5,1197.0,3.4659081666666665
7.583333333333333,1166.0,3.4659081666666665
7.666666666666667,1240.0,1.8181813333333334
7.833333333333333,1412.0,3.806817166666667
7.833333333333333,1434.0,3.806817166666667
7.916666666666667,1299.0,1.8749995000000002
8.083333333333334,1186.0,1.8749995000000002
8.166666666666666,1214.0,3.8636353333333338
8.166666666666666,1214.0,3.352271833333334
8.25,1262.0,3.352271833333334
8.25,1288.0,1.2499996666666666
8.333333333333334,1279.0,2.0454540000000003
8.416666666666666,1281.0,3.8636353333333338
8.416666666666666,1292.0,3.8636353333333338
8.416666666666666,1279.0,3.8636353333333338
8.5,1287.0,3.8636353333333338
8.5,1200.0,0.7954543333333334
8.666666666666666,1120.0,2.0454540000000003
8.75,1160.0,3.522726333333334
8.916666666666666,1194.0,4.431817000000001
8.916666666666666,1282.0,4.659089666666667
9.083333333333334,1252.0,4.659089666666667
9.166666666666666,1205.0,4.6022715000000005
9.333333333333334,1264.0,4.6022715000000005
9.416666666666666,1259.0,4.090908000000001
9.416666666666666,1245.0,4.147726166666667
9.5,1244.0,1.8749995000000002
9.583333333333334,1271.0,2.3295448333333333
9.666666666666666,1310.0,4.204544333333334
9.666666666666666,1308.0,4.204544333333334
9.666666666666666,1286.0,4.204544333333334
9.75,1274.0,0.7954543333333334
9.916666666666666,1332.0,0.7954543333333334
10.083333333333334,1358.0,4.8295441666666665
10.166666666666666,1316.0,4.8863623333333335
10.25,1307.0,4.8295441666666665
10.416666666666666,1363.0,4.8295441666666665
10.5,1571.0,4.8863623333333335
10.583333333333334,1587.0,4.8863623333333335
10.666666666666666,1517.0,5.056816833333333
10.75,1517.0,5.056816833333333
10.75,1461.0,2.1590903333333333
10.75,1502.0,2.1590903333333333
10.833333333333334,1566.0,1.0227270000000002
11.0,1612.0,1.0227270000000002
11.166666666666666,1485.0,4.431817000000001
11.25,1375.0,4.374998833333334
11.416666666666666,1379.0,4.374998833333334
11.5,1335.0,4.431817000000001
11.666666666666666,1257.0,4.8295441666666665
11.75,1259.0,4.374998833333334
11.833333333333334,1259.0,2.3863630000000002
11.833333333333334,1312.0,4.261362500000001
11.833333333333334,1318.0,4.261362500000001
12.0,1285.0,4.261362500000001
12.083333333333334,1279.0,4.6022715000000005
12.166666666666666,1321.0,4.6022715000000005
12.333333333333334,1333.0,4.6022715000000005
12.333333333333334,1318.0,4.8863623333333335
12.416666666666666,1291.0,2.5568175
12.583333333333334,1292.0,2.5568175
12.666666666666666,1297.0,4.7727260000000005
12.833333333333334,1355.0,4.9431805
12.916666666666666,1348.0,4.318180666666667
13.0,1285.0,4.318180666666667
13.166666666666666,1260.0,4.318180666666667
13.25,1271.0,4.545453333333334
13.333333333333334,1304.0,2.5568175
13.5,1329.0,4.7159078333333335
13.666666666666666,1344.0,4.7159078333333335
13.75,1447.0,4.8295441666666665
13.75,1461.0,4.431817000000001
13.75,1461.0,4.431817000000001
13.75,1519.0,4.431817000000001
13.916666666666666,1454.0,4.431817000000001
14.083333333333334,1336.0,4.8863623333333335
14.083333333333334,1240.0,4.8863623333333335
14.25,1176.0,4.8863623333333335
14.333333333333334,1378.0,5.852271166666667
14.416666666666666,1448.0,2.2159085000000003
14.5,1354.0,5.6249985
14.583333333333334,1305.0,5.6249985
14.583333333333334,1308.0,1.4772723333333333
14.75,1327.0,2.6136356666666667
14.833333333333334,1316.0,5.511362166666667
14.916666666666666,1261.0,2.4999993333333332
15.083333333333334,1240.0,4.374998833333334
15.25,1205.0,4.7159078333333335
15.416666666666666,1195.0,5.170453166666666
15.5,1290.0,4.8295441666666665
15.583333333333334,1362.0,4.8295441666666665
15.75,1422.0,4.8295441666666665
15.916666666666666,1449.0,5.2840895
16.083333333333332,1503.0,5.227271333333333
16.083333333333332,1503.0,4.488635166666667
16.083333333333332,1560.0,4.488635166666667
16.083333333333332,1350.0,4.488635166666667
16.25,1315.0,4.488635166666667
16.333333333333332,1271.0,5.397725833333334
16.416666666666668,1271.0,2.6136356666666667
16.583333333333332,1339.0,4.659089666666667
16.75,1319.0,4.8863623333333335
16.916666666666668,1248.0,4.8863623333333335
17.0,1274.0,5.113635
17.166666666666668,1325.0,5.113635
17.333333333333332,1241.0,5.2840895
17.5,1322.0,5.2840895
17.5,1454.0,5.681816666666667
17.583333333333332,1546.0,5.681816666666667
17.75,1413.0,5.681816666666667
17.75,1302.0,5.511362166666667
17.833333333333332,1303.0,5.511362166666667
18.0,1355.0,5.511362166666667
18.166666666666668,1365.0,5.568180333333333
18.25,1292.0,4.8295441666666665
18.333333333333332,1271.0,5.2840895
18.5,1288.0,5.2840895
18.583333333333332,1273.0,5.909089333333333
18.666666666666668,1383.0,4.7727260000000005
18.833333333333332,1444.0,4.7727260000000005
19.0,1470.0,5.340907666666666
19.0,1529.0,5.397725833333334
19.166666666666668,1441.0,5.397725833333334
19.333333333333332,1299.0,5.397725833333334
19.5,1286.0,5.511362166666667
19.583333333333332,1287.0,5.113635
19.75,1274.0,5.113635
19.916666666666668,1256.0,5.113635
20.083333333333332,1202.0,5.113635
20.166666666666668,1137.0,5.170453166666666
20.166666666666668,1176.0,5.170453166666666
20.333333333333332,1242.0,5.170453166666666
20.333333333333332,1117.0,5.909089333333333
20.5,1057.0,5.909089333333333
20.666666666666668,1090.0,5.568180333333333
20.833333333333332,1163.0,5.738634833333333
20.916666666666668,1163.0,5.795453
21.0,1295.0,5.795453
21.166666666666668,1261.0,5.795453
21.25,1109.0,5.454544
21.25,1112.0,2.6136356666666667
21.416666666666668,1101.0,2.6136356666666667
21.5,1184.0,5.511362166666667
21.666666666666668,1193.0,5.511362166666667
21.833333333333332,1177.0,5.681816666666667
22.0,1258.0,5.681816666666667
22.166666666666668,1200.0,5.681816666666667
22.333333333333332,1099.0,5.852271166666667
22.416666666666668,1025.0,5.227271333333333
22.5,998.0,5.227271333333333
22.583333333333332,946.0,6.761361833333333
22.666666666666668,909.0,2.5568175
22.666666666666668,957.0,2.5568175
22.75,979.0,2.5568175
22.833333333333332,936.0,6.193180166666667
22.916666666666668,930.0,6.193180166666667
23.083333333333332,1020.0,6.193180166666667
23.25,1212.0,5.738634833333333
23.333333333333332,1240.0,5.454544
23.5,1148.0,5.454544
23.666666666666668,1140.0,5.511362166666667
23.833333333333332,1171.0,5.511362166666667
24.0,1146.0,4.8863623333333335
24.0,958.0,3.522726333333334
24.083333333333332,995.0,1.9318176666666669
24.166666666666668,1070.0,1.9318176666666669
24.333333333333332,1088.0,1.9318176666666669
24.5,1103.0,5.795453
24.666666666666668,1210.0,5.795453
24.666666666666668,1248.0,6.6477255
24.833333333333332,1171.0,6.6477255
25.0,1138.0,6.6477255
25.0,1338.0,6.6477255
25.166666666666668,1362.0,6.6477255
25.166666666666668,1257.0,7.272725333333334
25.25,1122.0,7.272725333333334
25.333333333333332,1224.0,1.4772723333333333
25.5,1209.0,3.0113628333333335
25.666666666666668,1111.0,5.170453166666666
25.75,1111.0,7.045452666666668
25.916666666666668,1054.0,7.045452666666668
26.0,1073.0,5.454544
26.083333333333332,1110.0,3.2954536666666665
26.166666666666668,1140.0,2.8977265
26.166666666666668,1201.0,2.8977265
26.166666666666668,1286.0,2.8977265
26.25,1351.0,0.8522725
26.333333333333332,1345.0,0.8522725
26.583333333333332,1323.0,5.6249985
26.666666666666668,1253.0,5.909089333333333
26.833333333333332,1031.0,5.909089333333333
27.0,1040.0,5.909089333333333
27.083333333333332,1074.0,6.136362
27.083333333333332,1052.0,3.2386355
27.25,1060.0,3.2386355
27.416666666666668,1126.0,6.3068165
27.583333333333332,1129.0,6.249998333333333
27.666666666666668,1054.0,6.363634666666667
27.916666666666668,984.0,6.534089166666668
27.916666666666668,1104.0,7.5568161666666676
28.083333333333332,1080.0,7.5568161666666676
28.25,1025.0,7.5568161666666676
28.416666666666668,979.0,5.795453
28.416666666666668,1043.0,5.738634833333333
28.583333333333332,1060.0,5.738634833333333
28.583333333333332,1038.0,6.193180166666667
28.75,1078.0,6.193180166666667
28.916666666666668,1086.0,6.193180166666667
29.166666666666668,1037.0,7.159089000000001
29.333333333333332,935.0,6.590907333333333
29.5,936.0,5.6249985
29.583333333333332,1045.0,7.5568161666666676
29.666666666666668,1170.0,6.249998333333333
29.75,1181.0,3.1249991666666666
29.833333333333332,1188.0,3.1249991666666666
29.833333333333332,1214.0,3.1249991666666666
30.083333333333332,1185.0,3.1249991666666666
30.25,1146.0,5.511362166666667
30.416666666666668,1121.0,6.477271
30.5,1075.0,6.3068165
30.666666666666668,1026.0,6.3068165
30.75,1009.0,3.2954536666666665
30.833333333333332,1009.0,3.2954536666666665
30.833333333333332,1040.0,2.0454540000000003
31.0,1042.0,2.0454540000000003
31.0,1045.0,7.386361666666668
31.083333333333332,1097.0,7.386361666666668
31.166666666666668,1192.0,3.1818173333333335
31.333333333333332,1214.0,3.1818173333333335
31.5,1146.0,6.079543833333333
31.666666666666668,1166.0,6.079543833333333
31.833333333333332,1216.0,5.9659075
31.833333333333332,1136.0,6.534089166666668
32.0,1086.0,6.534089166666668
32.083333333333336,1086.0,6.761361833333333
32.083333333333336,1105.0,3.1249991666666666
32.083333333333336,979.0,3.1249991666666666
32.333333333333336,983.0,3.1249991666666666
32.5,1075.0,5.909089333333333
32.583333333333336,1074.0,5.9659075
32.666666666666664,1034.0,5.9659075
32.916666666666664,1061.0,6.249998333333333
33.083333333333336,1155.0,6.3068165
33.25,1168.0,6.3068165
33.416666666666664,1160.0,6.3068165
33.666666666666664,1171.0,6.3068165
33.75,1172.0,6.3068165
33.916666666666664,1159.0,6.3068165
34.083333333333336,1019.0,6.3068165
34.25,937.0,8.0113615
34.333333333333336,901.0,8.0113615
34.5,881.0,6.534089166666668
34.583333333333336,892.0,6.590907333333333
34.666666666666664,927.0,6.590907333333333
34.833333333333336,945.0,1.9318176666666669
35.0,959.0,1.9318176666666669
35.083333333333336,1078.0,5.852271166666667
35.25,1157.0,6.534089166666668
35.5,1027.0,6.534089166666668
35.666666666666664,938.0,6.534089166666668
35.75,927.0,7.159089000000001
36.0,1036.0,7.159089000000001
36.083333333333336,1024.0,7.272725333333334
36.083333333333336,1010.0,2.9545446666666666
36.083333333333336,1010.0,2.9545446666666666
36.083333333333336,1025.0,2.9545446666666666
36.333333333333336,1032.0,2.9545446666666666
36.5,1098.0,6.363634666666667
36.666666666666664,1123.0,6.3068165
36.75,1145.0,5.852271166666667
37.0,1112.0,5.852271166666667
37.166666666666664,1076.0,5.9659075
37.25,1082.0,6.420452833333333
37.25,1092.0,6.420452833333333
37.333333333333336,1120.0,1.5340905
37.5,1077.0,3.1818173333333335
37.666666666666664,1185.0,5.852271166666667
37.833333333333336,1270.0,5.852271166666667
38.0,1245.0,7.102270833333333
38.166666666666664,1136.0,6.534089166666668
38.166666666666664,1007.0,6.079543833333333
38.333333333333336,979.0,6.079543833333333
38.416666666666664,1028.0,6.3068165
38.5,1119.0,5.852271166666667
38.666666666666664,1118.0,5.852271166666667
38.666666666666664,1065.0,5.9659075
38.833333333333336,1069.0,5.9659075
38.916666666666664,1083.0,6.136362
39.166666666666664,1157.0,6.136362
39.333333333333336,1140.0,6.136362
39.416666666666664,1086.0,6.193180166666667
39.666666666666664,1055.0,6.193180166666667
39.666666666666664,1037.0,6.249998333333333
39.666666666666664,1052.0,6.249998333333333
39.666666666666664,1091.0,6.249998333333333
39.833333333333336,1092.0,6.249998333333333
40.0,1070.0,6.3068165
40.166666666666664,1062.0,6.3068165
40.333333333333336,1130.0,6.3068165
40.416666666666664,1190.0,5.909089333333333
40.666666666666664,1191.0,5.909089333333333
40.833333333333336,1092.0,6.3068165
41.0,1080.0,6.363634666666667
41.166666666666664,1152.0,6.363634666666667
41.333333333333336,1216.0,6.363634666666667
41.5,1216.0,6.363634666666667
41.666666666666664,1073.0,6.363634666666667
41.833333333333336,1073.0,6.874998166666668
42.0,929.0,6.6477255
42.25,921.0,6.931816333333333
42.333333333333336,917.0,6.363634666666667
42.416666666666664,1011.0,6.363634666666667
42.666666666666664,1025.0,6.363634666666667
42.833333333333336,1053.0,6.590907333333333
42.916666666666664,1152.0,5.909089333333333
43.166666666666664,1211.0,5.909089333333333
43.25,1148.0,6.81818
43.416666666666664,1140.0,6.477271
43.416666666666664,1087.0,5.795453
43.583333333333336,1011.0,5.795453
43.75,933.0,5.568180333333333
43.833333333333336,876.0,6.249998333333333
43.916666666666664,964.0,2.8977265
44.0,973.0,2.8977265
44.25,973.0,2.8977265
44.416666666666664,1076.0,6.363634666666667
44.5,1195.0,6.931816333333333
44.75,1255.0,6.3068165
44.833333333333336,1261.0,6.3068165
45.0,1178.0,6.3068165
45.083333333333336,997.0,5.909089333333333
45.333333333333336,969.0,5.909089333333333
45.416666666666664,986.0,6.477271
45.583333333333336,1037.0,6.477271
45.75,1124.0,6.249998333333333
46.0,1089.0,6.590907333333333
46.166666666666664,1097.0,6.3068165
46.333333333333336,1090.0,6.534089166666668
46.416666666666664,1070.0,6.81818
46.666666666666664,1041.0,6.81818
46.833333333333336,1075.0,6.193180166666667
46.833333333333336,1119.0,6.193180166666667
46.916666666666664,1094.0,6.193180166666667
47.083333333333336,978.0,6.193180166666667
47.25,1010.0,5.852271166666667
47.333333333333336,1099.0,6.590907333333333
47.5,1159.0,6.590907333333333
47.666666666666664,1126.0,6.420452833333333
47.833333333333336,1074.0,6.193180166666667
47.916666666666664,1023.0,7.670452500000001
48.0,1023.0,8.068179666666667
48.083333333333336,1022.0,2.8977265
48.083333333333336,1043.0,2.8977265
48.166666666666664,1112.0,1.2499996666666666
48.333333333333336,1120.0,3.1249991666666666
48.416666666666664,1079.0,7.272725333333334
48.666666666666664,1083.0,7.215907166666668
48.75,1026.0,6.079543833333333
48.833333333333336,1045.0,6.079543833333333
48.833333333333336,1089.0,2.1590903333333333
48.916666666666664,1122.0,2.102272166666667
49.0,1094.0,2.102272166666667
49.083333333333336,1056.0,5.170453166666666
49.083333333333336,1107.0,5.170453166666666
49.25,1152.0,5.170453166666666
49.416666666666664,1111.0,5.170453166666666
49.666666666666664,1077.0,6.761361833333333
49.75,1125.0,7.102270833333333
49.916666666666664,1216.0,7.102270833333333
49.916666666666664,1203.0,8.522725000000001
50.083333333333336,1126.0,8.522725000000001
50.25,1056.0,6.761361833333333
50.416666666666664,1046.0,6.590907333333333
50.583333333333336,1048.0,5.909089333333333
50.583333333333336,1061.0,3.1249991666666666
50.75,1063.0,3.1249991666666666
51.0,998.0,3.1249991666666666
51.166666666666664,959.0,3.1249991666666666
51.333333333333336,958.0,5.852271166666667
51.5,1168.0,5.397725833333334
51.666666666666664,1177.0,5.909089333333333
51.75,1129.0,5.795453
51.75,1113.0,5.795453
51.833333333333336,1091.0,5.795453
52.0,1113.0,5.795453
52.166666666666664,1121.0,6.761361833333333
52.333333333333336,1127.0,6.761361833333333
52.5,1108.0,6.477271
52.666666666666664,1024.0,6.534089166666668
52.75,1048.0,6.249998333333333
52.916666666666664,1111.0,6.249998333333333
53.083333333333336,1182.0,6.249998333333333
53.083333333333336,1182.0,6.079543833333333
53.166666666666664,1197.0,1.5909086666666667
53.333333333333336,1194.0,3.0113628333333335
53.416666666666664,1194.0,5.6249985
53.583333333333336,1212.0,5.6249985
53.75,1160.0,6.761361833333333
53.916666666666664,1089.0,6.363634666666667
54.0,1190.0,6.079543833333333
54.0,1230.0,6.079543833333333
54.083333333333336,1184.0,1.4772723333333333
54.166666666666664,1198.0,3.1249991666666666
54.333333333333336,1146.0,3.1249991666666666
54.416666666666664,1104.0,7.329543500000001
54.583333333333336,1130.0,7.272725333333334
54.75,1247.0,7.272725333333334
55.0,1145.0,7.272725333333334
55.166666666666664,1069.0,6.022725666666667
55.166666666666664,1067.0,6.022725666666667
55.333333333333336,1036.0,6.022725666666667
55.5,1169.0,6.022725666666667
55.666666666666664,1414.0,6.022725666666667
55.75,1638.0,6.420452833333333
55.916666666666664,1650.0,3.0113628333333335
56.083333333333336,1459.0,6.022725666666667
56.25,1341.0,6.022725666666667
56.333333333333336,1233.0,6.874998166666668
56.5,1306.0,6.704543666666668
56.75,1163.0,6.704543666666668
56.916666666666664,1057.0,6.022725666666667
56.916666666666664,1078.0,5.568180333333333
56.916666666666664,1103.0,5.568180333333333
56.916666666666664,1106.0,5.568180333333333
57.083333333333336,1132.0,5.568180333333333
57.25,1235.0,5.568180333333333
57.416666666666664,1312.0,5.738634833333333
57.583333333333336,1408.0,5.681816666666667
57.666666666666664,1542.0,5.511362166666667
57.916666666666664,1360.0,6.534089166666668
58.083333333333336,1160.0,5.909089333333333
58.25,1010.0,6.249998333333333
58.333333333333336,1184.0,5.681816666666667
58.333333333333336,1527.0,5.681816666666667
58.416666666666664,1495.0,1.5340905
58.583333333333336,1495.0,2.7840901666666666
58.75,1304.0,6.363634666666667
59.0,1115.0,6.420452833333333
59.166666666666664,1128.0,5.6249985
59.25,1189.0,6.704543666666668
59.416666666666664,1397.0,6.704543666666668
59.416666666666664,1516.0,6.249998333333333
59.416666666666664,1269.0,6.249998333333333
59.5,1095.0,6.249998333333333
59.666666666666664,1154.0,6.249998333333333
59.833333333333336,1313.0,6.249998333333333
60.0,1322.0,6.249998333333333
60.166666666666664,1167.0,6.249998333333333
60.333333333333336,1124.0,6.420452833333333
60.333333333333336,1090.0,6.931816333333333
60.5,1111.0,6.931816333333333
60.666666666666664,1160.0,6.136362
60.833333333333336,1159.0,6.136362
61.0,1141.0,6.079543833333333
61.083333333333336,1139.0,3.40909
61.25,1219.0,3.40909
61.416666666666664,1251.0,5.909089333333333
61.583333333333336,1206.0,6.249998333333333
61.666666666666664,1180.0,5.681816666666667
61.916666666666664,1197.0,5.681816666666667
62.083333333333336,1187.0,6.079543833333333
62.166666666666664,1131.0,6.363634666666667
62.166666666666664,1136.0,6.363634666666667
62.25,1174.0,6.363634666666667
62.333333333333336,1211.0,1.1931815000000001
62.583333333333336,1279.0,3.1818173333333335
62.75,1334.0,5.170453166666666
62.916666666666664,1249.0,5.170453166666666
62.916666666666664,1116.0,6.136362
63.083333333333336,1105.0,6.136362
63.333333333333336,1133.0,6.420452833333333
63.5,1194.0,6.193180166666667
63.5,1228.0,5.9659075
63.5,1253.0,5.9659075
63.583333333333336,1194.0,5.9659075
63.833333333333336,1123.0,6.363634666666667
64.0,1066.0,6.3068165
64.08333333333333,1066.0,5.9659075
64.25,1113.0,5.9659075
64.41666666666667,1112.0,6.079543833333333
64.58333333333333,1127.0,6.193180166666667
64.66666666666667,1190.0,5.909089333333333
64.75,1106.0,6.874998166666668
64.83333333333333,1029.0,6.874998166666668
65.08333333333333,997.0,6.874998166666668
65.25,1060.0,6.874998166666668
65.41666666666667,1192.0,6.874998166666668
65.5,1104.0,6.363634666666667
65.58333333333333,1073.0,7.499998000000001
65.75,1121.0,7.499998000000001
65.75,1164.0,6.022725666666667
65.83333333333333,1185.0,6.022725666666667
66.0,1237.0,6.022725666666667
66.16666666666667,1235.0,6.420452833333333
66.41666666666667,1208.0,6.193180166666667
66.58333333333333,1223.0,6.193180166666667
66.75,1196.0,6.193180166666667
66.91666666666667,1167.0,6.193180166666667
67.08333333333333,1187.0,6.249998333333333
67.25,1197.0,6.420452833333333
67.41666666666667,1184.0,6.136362
67.58333333333333,1141.0,6.022725666666667
67.58333333333333,1115.0,6.193180166666667
67.75,1108.0,6.193180166666667
67.83333333333333,1051.0,6.022725666666667
68.0,1032.0,6.022725666666667
68.25,1027.0,6.079543833333333
68.41666666666667,1029.0,6.3068165
68.5,1074.0,5.852271166666667
68.58333333333333,1078.0,5.852271166666667
68.66666666666667,1095.0,5.909089333333333
68.66666666666667,1135.0,5.909089333333333
68.66666666666667,1226.0,5.909089333333333
68.83333333333333,1185.0,5.909089333333333
69.0,1171.0,5.852271166666667
69.16666666666667,1121.0,5.909089333333333
69.25,1034.0,5.852271166666667
69.33333333333333,1154.0,7.443179833333334
69.58333333333333,1238.0,7.443179833333334
69.66666666666667,1238.0,6.761361833333333
69.75,1218.0,6.761361833333333
69.91666666666667,1148.0,6.477271
69.91666666666667,1209.0,6.136362
70.0,1271.0,1.5909086666666667
70.16666666666667,1246.0,3.0113628333333335
70.33333333333333,1183.0,3.0113628333333335
70.41666666666667,1098.0,5.9659075
70.66666666666667,1154.0,5.9659075
70.75,1116.0,6.420452833333333
70.83333333333333,1053.0,3.4659081666666665
70.91666666666667,1079.0,3.4659081666666665
71.08333333333333,1085.0,3.4659081666666665
71.08333333333333,1096.0,5.852271166666667
71.16666666666667,1214.0,2.2159085000000003
71.33333333333333,1258.0,3.2954536666666665
71.58333333333333,1267.0,5.795453
71.75,1245.0,5.795453
71.91666666666667,1232.0,5.909089333333333
72.16666666666667,1214.0,5.909089333333333
72.25,1199.0,6.3068165
72.41666666666667,1101.0,6.3068165
72.41666666666667,1044.0,6.988634500000001
72.5,1055.0,1.5909086666666667
72.66666666666667,1077.0,3.068181
72.83333333333333,1137.0,5.681816666666667
72.91666666666667,1134.0,7.386361666666668
73.16666666666667,1140.0,7.386361666666668
73.25,1136.0,5.340907666666666
73.33333333333333,1142.0,6.079543833333333
73.5,1209.0,6.079543833333333
73.75,1234.0,6.079543833333333
73.75,1236.0,5.738634833333333
73.83333333333333,1214.0,2.1590903333333333
73.91666666666667,1205.0,2.1590903333333333
74.16666666666667,1158.0,2.1590903333333333
74.33333333333333,1169.0,5.6249985
74.5,1242.0,5.738634833333333
74.66666666666667,1292.0,5.738634833333333
74.91666666666667,1288.0,5.738634833333333
75.08333333333333,1290.0,6.193180166666667
75.08333333333333,1340.0,6.193180166666667
75.25,1334.0,6.193180166666667
75.33333333333333,1334.0,5.909089333333333
75.58333333333333,1151.0,5.909089333333333
75.75,1141.0,5.909089333333333
75.83333333333333,1277.0,5.9659075
75.91666666666667,1406.0,5.9659075
76.08333333333333,1384.0,6.136362
76.25,1274.0,6.136362
76.25,1097.0,6.988634500000001
76.25,1070.0,6.988634500000001
76.25,1287.0,6.988634500000001
76.33333333333333,1276.0,0.7954543333333334
76.58333333333333,1185.0,2.8977265
76.66666666666667,1160.0,5.795453
76.83333333333333,1264.0,5.795453
77.0,1407.0,6.704543666666668
77.16666666666667,1387.0,6.079543833333333
77.33333333333333,1386.0,6.079543833333333
77.33333333333333,1225.0,5.795453
77.58333333333333,1271.0,5.795453
77.66666666666667,1278.0,5.909089333333333
77.83333333333333,1288.0,5.056816833333333
78.0,1314.0,6.136362
78.16666666666667,1327.0,6.136362
78.33333333333333,1448.0,6.136362
78.41666666666667,1474.0,5.454544
78.5,1498.0,6.874998166666668
78.66666666666667,1487.0,6.874998166666668
78.83333333333333,1342.0,6.874998166666668
78.91666666666667,1280.0,5.795453
78.91666666666667,1257.0,1.9886358333333334
79.0,1263.0,1.9886358333333334
79.08333333333333,1271.0,1.5340905
79.25,1241.0,5.397725833333334
79.41666666666667,1250.0,6.3068165
79.58333333333333,1297.0,6.3068165
79.75,1328.0,6.193180166666667
79.83333333333333,1259.0,5.795453
80.0,1268.0,5.795453
80.08333333333333,1272.0,5.9659075
80.08333333333333,1246.0,5.9659075
80.08333333333333,1227.0,5.9659075
80.16666666666667,1269.0,0.8522725
80.33333333333333,1300.0,3.068181
80.5,1300.0,5.454544
80.66666666666667,1291.0,5.454544
80.83333333333333,1298.0,5.454544
81.0,1371.0,6.3068165
81.16666666666667,1369.0,6.079543833333333
81.33333333333333,1371.0,6.079543833333333
81.41666666666667,1333.0,6.3068165
81.41666666666667,1299.0,6.3068165
81.5,1202.0,6.3068165
81.58333333333333,1137.0,0.9659088333333334
81.75,1169.0,2.8409083333333336
81.91666666666667,1202.0,5.568180333333333
82.08333333333333,1122.0,5.568180333333333
82.25,1066.0,5.568180333333333
82.41666666666667,1107.0,6.249998333333333
82.58333333333333,1251.0,6.249998333333333
82.75,1296.0,5.9659075
82.83333333333333,1302.0,6.363634666666667
82.83333333333333,1326.0,6.363634666666667
83.0,1421.0,6.363634666666667
83.0,1291.0,6.590907333333333
83.16666666666667,1244.0,6.590907333333333
83.33333333333333,1264.0,5.681816666666667
83.5,1210.0,5.681816666666667
83.66666666666667,1180.0,5.681816666666667
83.66666666666667,1262.0,5.795453
83.83333333333333,1325.0,5.795453
84.0,1315.0,5.795453
84.16666666666667,1329.0,5.795453
84.41666666666667,1364.0,5.795453
84.41666666666667,1299.0,5.852271166666667
84.58333333333333,1320.0,5.852271166666667
84.75,1288.0,5.852271166666667
84.83333333333333,1227.0,6.363634666666667
85.0,1184.0,6.363634666666667
85.0,1098.0,6.931816333333333
85.16666666666667,1056.0,6.931816333333333
85.25,1074.0,5.397725833333334
85.25,1163.0,5.397725833333334
85.41666666666667,1124.0,5.397725833333334
85.5,1140.0,6.249998333333333
85.66666666666667,1233.0,6.249998333333333
85.83333333333333,1233.0,6.079543833333333
86.0,1279.0,6.079543833333333
86.25,1289.0,6.079543833333333
86.41666666666667,1291.0,6.079543833333333
86.5,1302.0,6.193180166666667
86.58333333333333,1291.0,3.0113628333333335
86.58333333333333,1253.0,3.2954536666666665
86.58333333333333,1243.0,3.2954536666666665
86.66666666666667,1239.0,1.0227270000000002
86.75,1263.0,1.0227270000000002
86.91666666666667,1228.0,5.2840895
87.08333333333333,1187.0,6.3068165
87.16666666666667,1117.0,6.3068165
87.25,1100.0,2.8977265
87.41666666666667,1194.0,2.9545446666666666
87.5,1309.0,3.4659081666666665
87.66666666666667,1311.0,3.4659081666666665
87.66666666666667,1274.0,5.795453
87.75,1295.0,5.795453
87.75,1318.0,1.5340905
87.91666666666667,1210.0,2.1590903333333333
88.16666666666667,1178.0,6.363634666666667
88.33333333333333,1212.0,6.3068165
88.5,1210.0,6.534089166666668
88.58333333333333,1154.0,5.738634833333333
88.66666666666667,1124.0,3.1818173333333335
88.66666666666667,1182.0,3.1818173333333335
88.91666666666667,1255.0,3.1818173333333335
89.0,1310.0,6.931816333333333
89.08333333333333,1337.0,3.2386355
89.25,1339.0,6.193180166666667
89.33333333333333,1345.0,7.443179833333334
89.58333333333333,1300.0,6.81818
89.75,1279.0,6.477271
89.83333333333333,1252.0,5.795453
89.91666666666667,1160.0,3.2386355
90.0,1231.0,3.2386355
90.0,1297.0,2.0454540000000003
90.25,1240.0,2.0454540000000003
90.41666666666667,1116.0,6.022725666666667
90.58333333333333,1058.0,6.022725666666667
90.75,1195.0,6.022725666666667
90.91666666666667,1203.0,6.022725666666667
91.0,1203.0,5.511362166666667
91.25,1228.0,5.511362166666667
91.33333333333333,1225.0,6.477271
91.33333333333333,1260.0,6.477271
91.41666666666667,1264.0,6.477271
91.58333333333333,1303.0,6.477271
91.75,1377.0,6.249998333333333
91.91666666666667,1394.0,6.249998333333333
92.08333333333333,1419.0,6.249998333333333
92.25,1363.0,6.022725666666667
92.41666666666667,1277.0,6.363634666666667
92.58333333333333,1139.0,6.363634666666667
92.66666666666667,960.0,6.590907333333333
92.83333333333333,1026.0,6.590907333333333
93.0,1077.0,6.193180166666667
93.16666666666667,1204.0,6.193180166666667
93.25,1229.0,6.079543833333333
93.5,1245.0,6.079543833333333
93.66666666666667,1262.0,6.079543833333333
93.83333333333333,1346.0,6.079543833333333
94.0,1425.0,6.079543833333333
94.16666666666667,1244.0,6.079543833333333
94.41666666666667,1272.0,6.079543833333333
94.58333333333333,1357.0,5.852271166666667
94.66666666666667,1324.0,6.81818
94.66666666666667,1121.0,6.81818
94.83333333333333,1075.0,6.81818
95.0,1148.0,6.079543833333333
95.25,1133.0,6.079543833333333
95.33333333333333,1081.0,6.420452833333333
95.5,1118.0,6.420452833333333
95.58333333333333,1151.0,5.9659075
95.75,1167.0,5.9659075
95.83333333333333,1095.0,5.681816666666667
96.0,1199.0,5.681816666666667
96.16666666666667,1180.0,6.477271
96.25,1092.0,6.477271
96.41666666666667,1084.0,6.249998333333333
96.58333333333333,1156.0,5.738634833333333
96.75,1230.0,5.738634833333333
96.83333333333333,1186.0,5.454544
96.91666666666667,1176.0,7.215907166666668
97.16666666666667,1171.0,7.215907166666668
97.25,1171.0,5.852271166666667
97.25,1179.0,5.2840895
97.41666666666667,1243.0,5.2840895
97.58333333333333,1301.0,6.079543833333333
97.58333333333333,1290.0,5.9659075
97.75,1290.0,5.9659075
97.91666666666667,1420.0,5.9659075
98.0,1437.0,5.681816666666667
98.16666666666667,1329.0,5.681816666666667
98.16666666666667,1237.0,6.249998333333333
98.33333333333333,1248.0,6.249998333333333
98.33333333333333,1261.0,5.6249985
98.5,1216.0,6.363634666666667
98.5,1274.0,6.363634666666667
98.66666666666667,1387.0,6.363634666666667
98.75,1389.0,6.534089166666668
98.91666666666667,1333.0,6.079543833333333
99.08333333333333,1235.0,5.9659075
99.16666666666667,1172.0,5.9659075
99.25,1156.0,2.727272
99.33333333333333,1224.0,3.0113628333333335
99.41666666666667,1236.0,6.3068165
99.41666666666667,1072.0,6.3068165
99.5,997.0,1.4204541666666668
99.5,1152.0,1.4204541666666668
99.58333333333333,1328.0,1.4204541666666668
99.66666666666667,1401.0,2.8409083333333336
99.83333333333333,1405.0,5.795453
100.0,1400.0,5.511362166666667
100.08333333333333,1399.0,5.2840895
100.16666666666667,1392.0,5.227271333333333
100.33333333333333,1424.0,5.227271333333333
100.5,1456.0,5.227271333333333
100.58333333333333,1445.0,5.056816833333333
100.66666666666667,1391.0,5.511362166666667
100.75,1248.0,5.511362166666667
100.83333333333333,1279.0,6.363634666666667
100.91666666666667,1389.0,6.363634666666667
101.08333333333333,1347.0,6.363634666666667
101.16666666666667,1312.0,5.227271333333333
101.25,1423.0,5.227271333333333
101.41666666666667,1474.0,5.909089333333333
101.58333333333333,1474.0,5.909089333333333
101.75,1457.0,5.909089333333333
101.91666666666667,1456.0,5.568180333333333
101.91666666666667,1342.0,5.227271333333333
101.91666666666667,1274.0,5.227271333333333
102.0,1363.0,5.227271333333333
102.16666666666667,1424.0,5.227271333333333
102.16666666666667,1333.0,5.795453
102.33333333333333,1172.0,5.795453
102.5,1223.0,5.511362166666667
102.66666666666667,1316.0,5.227271333333333
102.75,1346.0,5.227271333333333
102.91666666666667,1360.0,5.227271333333333
102.91666666666667,1466.0,5.113635
102.91666666666667,1476.0,5.113635
103.08333333333333,1527.0,5.113635
103.08333333333333,1520.0,5.056816833333333
103.16666666666667,1268.0,5.056816833333333
103.33333333333333,1198.0,5.056816833333333
103.5,1155.0,5.056816833333333
103.58333333333333,1238.0,5.511362166666667
103.75,1383.0,5.511362166666667
103.83333333333333,1318.0,5.056816833333333
103.91666666666667,1176.0,6.249998333333333
104.0,1143.0,2.727272
104.08333333333333,1278.0,2.3863630000000002
104.16666666666667,1396.0,2.8977265
104.25,1341.0,2.8977265
104.41666666666667,1265.0,2.8977265
104.58333333333333,1361.0,5.2840895
104.66666666666667,1435.0,4.9999986666666665
104.83333333333333,1288.0,4.9999986666666665
105.0,1142.0,4.9999986666666665
105.08333333333333,1168.0,5.340907666666666
105.25,1184.0,4.8295441666666665
105.33333333333333,1105.0,6.3068165
105.5,1089.0,6.3068165
105.58333333333333,1239.0,4.7727260000000005
105.58333333333333,1341.0,4.7727260000000005
105.66666666666667,1331.0,4.7727260000000005
105.83333333333333,1302.0,4.7727260000000005
106.0,1345.0,4.7727260000000005
106.0,1356.0,4.9999986666666665
106.16666666666667,1356.0,4.9999986666666665
106.33333333333333,1334.0,4.9431805
106.41666666666667,1293.0,5.113635
106.5,1167.0,5.113635
106.66666666666667,1098.0,5.6249985
106.75,1086.0,4.9431805
106.83333333333333,1114.0,4.9431805
106.91666666666667,1102.0,5.738634833333333
106.91666666666667,1045.0,5.738634833333333
107.0,1064.0,5.738634833333333
107.0,1175.0,1.0227270000000002
107.08333333333333,1292.0,1.0227270000000002
107.25,1444.0,1.704545
107.41666666666667,1543.0,4.6022715000000005
107.5,1563.0,5.568180333333333
107.66666666666667,1537.0,5.568180333333333
107.75,1462.0,6.079543833333333
107.91666666666667,1382.0,4.9431805
108.08333333333333,1247.0,4.9431805
108.08333333333333,1231.0,4.9431805
108.08333333333333,1340.0,4.9431805
108.16666666666667,1496.0,1.1931815000000001
108.25,1481.0,2.8409083333333336
108.41666666666667,1329.0,2.8409083333333336
108.58333333333333,1468.0,4.659089666666667
108.66666666666667,1547.0,4.8863623333333335
108.83333333333333,1582.0,5.227271333333333
108.91666666666667,1482.0,5.738634833333333
109.0,1360.0,2.272726666666667
109.16666666666667,1355.0,4.8295441666666665
109.25,1295.0,5.568180333333333
109.33333333333333,1278.0,4.8863623333333335
109.5,1278.0,4.8863623333333335
109.66666666666667,1307.0,4.9999986666666665
109.75,1312.0,6.420452833333333
109.83333333333333,1382.0,6.420452833333333
110.0,1485.0,5.170453166666666
110.16666666666667,1428.0,5.056816833333333
110.33333333333333,1371.0,5.056816833333333
110.5,1289.0,5.056816833333333
110.58333333333333,1286.0,4.8863623333333335
110.75,1349.0,4.8863623333333335
110.91666666666667,1184.0,4.8863623333333335
111.0,1184.0,4.8295441666666665
111.0,1186.0,4.8295441666666665
111.16666666666667,1068.0,4.8295441666666665
111.25,1107.0,4.488635166666667
111.25,1139.0,4.488635166666667
111.41666666666667,1105.0,4.488635166666667
111.58333333333333,1175.0,4.488635166666667
111.75,1216.0,4.8295441666666665
111.83333333333333,1123.0,4.9999986666666665
111.83333333333333,1070.0,4.9431805
112.0,1141.0,4.9431805
112.0,1239.0,4.318180666666667
112.16666666666667,1126.0,4.318180666666667
112.25,1170.0,4.204544333333334
112.25,1291.0,4.204544333333334
112.33333333333333,1294.0,1.5909086666666667
112.33333333333333,1240.0,1.5909086666666667
112.5,1330.0,1.5909086666666667
112.5,1394.0,4.7727260000000005
112.58333333333333,1349.0,1.5340905
112.66666666666667,1277.0,1.5340905
112.83333333333333,1273.0,2.4999993333333332
112.91666666666667,1273.0,4.545453333333334
112.91666666666667,1238.0,4.318180666666667
113.08333333333333,1168.0,4.318180666666667
113.08333333333333,1299.0,4.374998833333334
113.16666666666667,1375.0,4.374998833333334
113.33333333333333,1331.0,4.374998833333334
113.33333333333333,1261.0,4.318180666666667
113.5,1285.0,4.318180666666667
113.5,1338.0,4.659089666666667
113.58333333333333,1197.0,1.6477268333333333
113.75,1129.0,4.659089666666667
113.91666666666667,1187.0,4.659089666666667
114.0,1359.0,4.8295441666666665
114.16666666666667,1407.0,4.8295441666666665
114.16666666666667,1313.0,4.488635166666667
114.16666666666667,1287.0,4.488635166666667
114.33333333333333,1279.0,4.488635166666667
114.5,1288.0,4.6022715000000005
114.58333333333333,1357.0,5.113635
114.75,1366.0,5.113635
114.83333333333333,1366.0,4.545453333333334
114.83333333333333,1364.0,4.545453333333334
114.91666666666667,1369.0,4.545453333333334
115.0,1370.0,4.9431805
115.16666666666667,1293.0,4.9431805
115.33333333333333,1139.0,4.374998833333334
115.41666666666667,1168.0,4.9999986666666665
115.5,1125.0,4.9999986666666665
115.58333333333333,1102.0,4.545453333333334
115.75,1085.0,4.545453333333334
115.91666666666667,1152.0,4.545453333333334
116.08333333333333,1229.0,4.659089666666667
116.16666666666667,1197.0,4.431817000000001
116.25,1223.0,4.431817000000001
116.33333333333333,1267.0,4.034089833333334
116.5,1250.0,4.034089833333334
116.58333333333333,1245.0,4.8863623333333335
116.75,1237.0,4.488635166666667
116.83333333333333,1252.0,4.7727260000000005
117.0,1159.0,4.7727260000000005
117.08333333333333,1058.0,4.034089833333334
117.16666666666667,967.0,4.034089833333334
117.25,967.0,4.8295441666666665
117.41666666666667,1121.0,4.6022715000000005
117.58333333333333,1223.0,4.7159078333333335
117.66666666666667,1239.0,4.374998833333334
117.75,1290.0,4.374998833333334
117.83333333333333,1333.0,4.7159078333333335
118.0,1486.0,4.374998833333334
118.0,1508.0,4.261362500000001
118.08333333333333,1545.0,4.261362500000001
118.25,1483.0,4.261362500000001
118.33333333333333,1354.0,5.681816666666667
118.5,1293.0,5.681816666666667
118.58333333333333,1286.0,4.6022715000000005
118.75,1345.0,4.6022715000000005
118.91666666666667,1325.0,4.6022715000000005
119.0,1355.0,4.488635166666667
119.08333333333333,1405.0,3.4659081666666665
119.16666666666667,1436.0,3.4659081666666665
119.16666666666667,1426.0,2.1590903333333333
119.33333333333333,1424.0,2.1590903333333333
119.41666666666667,1571.0,3.8636353333333338
119.41666666666667,1571.0,3.8636353333333338
119.5,1571.0,1.4204541666666668
119.66666666666667,1385.0,1.4204541666666668
119.75,1314.0,5.454544
119.91666666666667,1364.0,5.454544
120.08333333333333,1249.0,5.454544
120.16666666666667,1097.0,4.261362500000001
120.25,1064.0,4.8295441666666665
120.33333333333333,1283.0,2.0454540000000003
120.41666666666667,1253.0,4.9431805
120.5,1153.0,4.9431805
120.58333333333333,1108.0,4.090908000000001
120.66666666666667,1190.0,4.090908000000001
120.75,1226.0,2.2159085000000003
120.91666666666667,1229.0,2.2159085000000003
121.0,1229.0,4.147726166666667
121.16666666666667,1261.0,4.147726166666667
121.16666666666667,1399.0,4.147726166666667
121.33333333333333,1460.0,4.147726166666667
121.41666666666667,1486.0,4.318180666666667
121.5,1483.0,3.8636353333333338
121.58333333333333,1339.0,3.9772716666666668
121.66666666666667,1275.0,3.9772716666666668
121.83333333333333,1220.0,4.6022715000000005
121.83333333333333,1190.0,4.9999986666666665
122.0,1181.0,4.9999986666666665
122.08333333333333,1146.0,4.6022715000000005
122.16666666666667,1234.0,3.636362666666667
122.16666666666667,1291.0,3.7499990000000003
122.25,1293.0,3.7499990000000003
122.33333333333333,1442.0,3.636362666666667
122.33333333333333,1432.0,3.636362666666667
122.41666666666667,1503.0,3.636362666666667
122.5,1535.0,3.7499990000000003
122.58333333333333,1483.0,3.7499990000000003
122.66666666666667,1380.0,1.8181813333333334
122.75,1407.0,3.8636353333333338
122.91666666666667,1478.0,3.693180833333334
123.0,1422.0,3.693180833333334
123.08333333333333,1262.0,3.636362666666667
123.25,1179.0,3.636362666666667
123.33333333333333,1194.0,3.693180833333334
123.5,1225.0,3.636362666666667
123.66666666666667,1231.0,3.636362666666667
123.66666666666667,1331.0,3.40909
123.66666666666667,1310.0,3.40909
123.75,1278.0,1.1931815000000001
123.91666666666667,1309.0,3.4659081666666665
124.0,1352.0,3.693180833333334
124.0,1424.0,3.7499990000000003
124.08333333333333,1449.0,1.761363166666667
124.25,1432.0,3.4659081666666665
124.33333333333333,1445.0,4.090908000000001
124.41666666666667,1518.0,3.352271833333334
124.5,1518.0,4.090908000000001
124.58333333333333,1418.0,4.090908000000001
124.66666666666667,1370.0,1.6477268333333333
124.66666666666667,1407.0,3.9204535000000003
124.83333333333333,1352.0,3.9204535000000003
124.91666666666667,1314.0,3.522726333333334
124.91666666666667,1308.0,3.352271833333334
125.0,1426.0,1.761363166666667
125.0,1426.0,1.761363166666667
125.08333333333333,1413.0,1.5909086666666667
125.16666666666667,1450.0,3.068181
125.25,1498.0,3.0113628333333335
125.41666666666667,1533.0,3.0113628333333335
125.41666666666667,1493.0,4.374998833333334
125.5,1528.0,1.704545
125.58333333333333,1577.0,2.8409083333333336
125.75,1591.0,2.8409083333333336
125.83333333333333,1587.0,3.1249991666666666
125.91666666666667,1587.0,3.1818173333333335
126.0,1617.0,2.8977265
126.08333333333333,1667.0,3.352271833333334
126.08333333333333,1645.0,3.352271833333334
126.16666666666667,1594.0,1.4772723333333333
126.25,1509.0,3.2954536666666665
126.33333333333333,1444.0,3.0113628333333335
126.41666666666667,1440.0,3.1249991666666666
126.58333333333333,1482.0,3.1249991666666666
126.66666666666667,1532.0,2.8409083333333336
126.75,1481.0,2.8409083333333336
126.83333333333333,1477.0,3.068181
126.83333333333333,1477.0,3.1249991666666666
126.83333333333333,1477.0,3.1249991666666666
126.91666666666667,1564.0,3.1249991666666666
127.0,1654.0,0.9659088333333334
127.08333333333333,1527.0,3.0113628333333335
127.16666666666667,1540.0,2.3863630000000002
127.25,1535.0,2.8977265
127.33333333333333,1532.0,3.4659081666666665
127.41666666666667,1636.0,2.6136356666666667
127.41666666666667,1612.0,2.7840901666666666
127.5,1608.0,2.7840901666666666
127.58333333333333,1598.0,1.3068178333333333
127.66666666666667,1525.0,3.0113628333333335
127.75,1522.0,2.4431811666666667
127.83333333333333,1538.0,3.2954536666666665
127.83333333333333,1541.0,2.5568175
127.83333333333333,1555.0,2.5568175
127.91666666666667,1572.0,1.3068178333333333
128.0,1737.0,2.727272
128.0,1750.0,2.727272
128.08333333333334,1754.0,1.363636
128.16666666666666,1710.0,2.6136356666666667
128.25,1742.0,2.6136356666666667
128.33333333333334,1781.0,2.3295448333333333
128.33333333333334,1652.0,2.7840901666666666
128.41666666666666,1573.0,2.7840901666666666
128.5,1495.0,1.2499996666666666
128.5,1350.0,2.9545446666666666
128.58333333333334,1337.0,2.5568175
128.66666666666666,1337.0,2.3295448333333333
128.75,1430.0,2.4999993333333332
128.83333333333334,1441.0,2.727272
128.91666666666666,1507.0,2.727272
129.0,1753.0,2.3863630000000002
129.08333333333334,1878.0,2.4999993333333332
129.16666666666666,1631.0,2.4999993333333332
129.16666666666666,1601.0,2.5568175
129.25,1653.0,2.272726666666667
129.33333333333334,1732.0,2.8409083333333336
129.41666666666666,1625.0,2.4431811666666667
129.5,1480.0,2.4431811666666667
129.58333333333334,1475.0,2.4999993333333332
129.66666666666666,1504.0,2.0454540000000003
129.66666666666666,1504.0,2.8409083333333336
129.75,1499.0,2.3863630000000002
129.83333333333334,1482.0,2.3295448333333333
129.83333333333334,1489.0,2.3295448333333333
129.83333333333334,1521.0,2.3295448333333333
129.83333333333334,1497.0,2.3295448333333333
129.91666666666666,1542.0,0.7386361666666666
129.91666666666666,1649.0,0.7386361666666666
129.91666666666666,1573.0,0.7386361666666666
130.0,1479.0,0.7386361666666666
130.0,1474.0,0.7954543333333334
130.08333333333334,1603.0,2.2159085000000003
130.16666666666666,1638.0,2.1590903333333333
130.25,1548.0,3.0113628333333335
130.33333333333334,1497.0,3.0113628333333335
130.41666666666666,1588.0,2.272726666666667
130.41666666666666,1573.0,1.9886358333333334
130.5,1574.0,2.0454540000000003
130.58333333333334,1587.0,2.0454540000000003
130.66666666666666,1736.0,2.4999993333333332
130.66666666666666,1753.0,2.2159085000000003
130.75,1619.0,2.3295448333333333
130.83333333333334,1498.0,2.3295448333333333
130.91666666666666,1568.0,2.3295448333333333
131.0,1657.0,2.102272166666667
131.0,1679.0,2.4431811666666667
131.08333333333334,1614.0,2.2159085000000003
131.16666666666666,1614.0,2.272726666666667
131.25,1634.0,2.272726666666667
131.33333333333334,1614.0,2.102272166666667
131.33333333333334,1601.0,2.1590903333333333
131.41666666666666,1621.0,2.272726666666667
131.5,1616.0,2.272726666666667
131.58333333333334,1583.0,1.9318176666666669
131.58333333333334,1551.0,2.1590903333333333
131.66666666666666,1542.0,2.102272166666667
131.75,1553.0,2.102272166666667
131.75,1527.0,2.0454540000000003
131.83333333333334,1527.0,2.102272166666667
131.91666666666666,1509.0,2.102272166666667
132.0,1487.0,1.8749995000000002
132.0,1493.0,2.0454540000000003
132.08333333333334,1490.0,1.9886358333333334
132.16666666666666,1490.0,1.9886358333333334
132.16666666666666,1509.0,1.8181813333333334
132.25,1552.0,2.0454540000000003
132.33333333333334,1547.0,2.0454540000000003
132.41666666666666,1581.0,2.4999993333333332
132.41666666666666,1564.0,1.9886358333333334
132.5,1571.0,2.1590903333333333
132.5,1605.0,2.1590903333333333
132.58333333333334,1615.0,2.1590903333333333
132.58333333333334,1611.0,1.0795451666666667
132.66666666666666,1593.0,2.102272166666667
132.75,1424.0,2.102272166666667
132.75,1394.0,1.8749995000000002
132.83333333333334,1391.0,2.102272166666667
132.91666666666666,1392.0,2.102272166666667
132.91666666666666,1425.0,2.102272166666667
133.0,1412.0,1.8181813333333334
133.08333333333334,1348.0,1.8181813333333334
133.08333333333334,1336.0,1.8181813333333334
133.16666666666666,1312.0,1.8749995000000002
133.25,1377.0,1.8749995000000002
133.33333333333334,1368.0,1.8749995000000002
133.33333333333334,1389.0,2.102272166666667
133.41666666666666,1480.0,2.102272166666667
133.41666666666666,1519.0,1.8181813333333334
133.5,1532.0,1.704545
133.58333333333334,1480.0,1.704545
133.58333333333334,1383.0,1.9886358333333334
133.58333333333334,1384.0,1.9886358333333334
133.66666666666666,1440.0,1.9886358333333334
133.66666666666666,1362.0,0.8522725
133.75,1378.0,2.102272166666667
133.83333333333334,1385.0,2.272726666666667
133.83333333333334,1406.0,2.272726666666667
133.91666666666666,1351.0,1.761363166666667
134.0,1353.0,2.3295448333333333
134.0,1441.0,2.3295448333333333
134.0,1497.0,2.3295448333333333
134.08333333333334,1502.0,2.3295448333333333
134.08333333333334,1577.0,0.8522725
134.16666666666666,1536.0,1.8749995000000002
134.25,1518.0,1.8749995000000002
134.25,1518.0,2.0454540000000003
134.33333333333334,1518.0,1.6477268333333333
134.41666666666666,1476.0,1.6477268333333333
134.41666666666666,1469.0,1.8749995000000002
134.5,1378.0,1.8181813333333334
134.5,1233.0,1.8181813333333334
134.58333333333334,1245.0,1.704545
134.66666666666666,1203.0,1.704545
134.66666666666666,1260.0,1.4204541666666668
134.75,1306.0,1.9318176666666669
134.75,1292.0,1.9318176666666669
134.83333333333334,1307.0,1.761363166666667
134.91666666666666,1304.0,1.761363166666667
134.91666666666666,1345.0,1.6477268333333333
135.0,1438.0,1.8181813333333334
135.08333333333334,1366.0,1.8181813333333334
135.08333333333334,1425.0,1.761363166666667
135.08333333333334,1451.0,1.761363166666667
135.08333333333334,1343.0,1.761363166666667
135.16666666666666,1253.0,0.7954543333333334
135.16666666666666,1342.0,0.7954543333333334
135.25,1442.0,0.7954543333333334
135.25,1451.0,1.363636
135.33333333333334,1381.0,1.704545
135.41666666666666,1379.0,1.704545
135.41666666666666,1369.0,1.5909086666666667
135.5,1347.0,1.9318176666666669
135.5,1393.0,1.9318176666666669
135.58333333333334,1429.0,1.5909086666666667
135.58333333333334,1456.0,1.5909086666666667
135.66666666666666,1407.0,1.3068178333333333
135.75,1411.0,1.3068178333333333
135.75,1486.0,2.0454540000000003
135.75,1512.0,2.0454540000000003
135.75,1497.0,2.0454540000000003
135.83333333333334,1521.0,0.7954543333333334
135.91666666666666,1473.0,0.7954543333333334
135.91666666666666,1427.0,1.761363166666667
135.91666666666666,1359.0,1.761363166666667
136.0,1351.0,1.3068178333333333
136.0,1393.0,1.3068178333333333
136.0,1362.0,1.3068178333333333
136.08333333333334,1301.0,1.3068178333333333
136.08333333333334,1301.0,0.7386361666666666
136.16666666666666,1313.0,0.7386361666666666
136.16666666666666,1294.0,1.6477268333333333
136.16666666666666,1333.0,1.6477268333333333
136.16666666666666,1324.0,1.6477268333333333
136.16666666666666,1311.0,1.6477268333333333
136.16666666666666,1355.0,1.6477268333333333
136.16666666666666,1320.0,1.6477268333333333
136.25,1327.0,0.45454533333333336
136.25,1423.0,0.45454533333333336
136.25,1448.0,0.45454533333333336
136.25,1456.0,0.45454533333333336
136.25,1498.0,0.45454533333333336
136.25,1554.0,0.45454533333333336
136.25,1557.0,0.45454533333333336
136.25,1514.0,0.45454533333333336
136.25,1520.0,0.45454533333333336
136.25,1596.0,0.45454533333333336
136.25,1574.0,0.45454533333333336
136.25,1528.0,0.45454533333333336
136.33333333333334,1530.0,0.45454533333333336
136.33333333333334,1556.0,0.22727266666666668
136.33333333333334,1561.0,0.22727266666666668
136.41666666666666,1506.0,1.3068178333333333
136.41666666666666,1528.0,1.3068178333333333
136.5,1579.0,1.4204541666666668
136.5,1547.0,1.4204541666666668
136.58333333333334,1517.0,1.4204541666666668
136.58333333333334,1515.0,1.4204541666666668
136.66666666666666,1582.0,1.4204541666666668
136.66666666666666,1676.0,1.0227270000000002
136.75,1567.0,1.0227270000000002
136.75,1641.0,1.363636
136.75,1705.0,1.363636
136.75,1661.0,1.363636
137.58333333333334,1600.0,1.2499996666666666
137.58333333333334,1649.0,1.2499996666666666
137.66666666666666,1550.0,1.2499996666666666
137.66666666666666,1579.0,1.0795451666666667
137.66666666666666,1584.0,1.0795451666666667
137.75,1558.0,1.0795451666666667
137.75,1568.0,1.0795451666666667
137.75,1568.0,1.0795451666666667
137.83333333333334,1548.0,0.8522725
137.83333333333334,1561.0,0.8522725
137.83333333333334,1576.0,0.8522725
137.91666666666666,1631.0,0.8522725
137.91666666666666,1703.0,0.9090906666666667
137.91666666666666,1688.0,0.9090906666666667
138.0,1699.0,0.9090906666666667
138.0,1787.0,0.9659088333333334
138.0,1728.0,0.9659088333333334
138.0,1760.0,0.9659088333333334
138.08333333333334,1694.0,0.7954543333333334
138.08333333333334,1626.0,0.7954543333333334
138.08333333333334,1626.0,0.7954543333333334
138.16666666666666,1675.0,0.7954543333333334
138.16666666666666,1661.0,0.7954543333333334
138.16666666666666,1602.0,0.7954543333333334
138.16666666666666,1578.0,0.7954543333333334
138.25,1570.0,0.7954543333333334
138.25,1613.0,0.7954543333333334
138.25,1597.0,0.7954543333333334
138.25,1583.0,0.7954543333333334
138.33333333333334,1596.0,0.7954543333333334
138.33333333333334,1598.0,0.681818
138.33333333333334,1595.0,0.681818
138.33333333333334,1649.0,0.681818
138.33333333333334,1637.0,0.681818
138.41666666666666,1633.0,0.681818
138.41666666666666,1584.0,0.5681816666666667
138.41666666666666,1501.0,0.5681816666666667
138.41666666666666,1504.0,0.5681816666666667
138.41666666666666,1457.0,0.5681816666666667
138.5,1423.0,0.5681816666666667
138.5,1471.0,0.5681816666666667
138.5,1424.0,0.5681816666666667
138.5,1461.0,0.5681816666666667
138.5,1508.0,0.5681816666666667
138.5,1518.0,0.5681816666666667
138.58333333333334,1505.0,0.5681816666666667
138.58333333333334,1512.0,0.45454533333333336
138.58333333333334,1545.0,0.45454533333333336
138.58333333333334,1547.0,0.45454533333333336
138.58333333333334,1523.0,0.45454533333333336
138.58333333333334,1511.0,0.45454533333333336
138.58333333333334,1541.0,0.45454533333333336
138.66666666666666,1503.0,0.45454533333333336
138.66666666666666,1500.0,0.3977271666666667
138.66666666666666,1518.0,0.3977271666666667
138.66666666666666,1549.0,0.3977271666666667
138.66666666666666,1609.0,0.3977271666666667
138.66666666666666,1548.0,0.3977271666666667
138.66666666666666,1475.0,0.3977271666666667
138.66666666666666,1473.0,0.3977271666666667
138.66666666666666,1535.0,0.3977271666666667
138.75,1633.0,0.340909
138.75,1633.0,0.340909
138.75,1633.0,0.340909
138.75,1473.0,0.340909
138.75,1620.0,0.340909
138.75,1622.0,0.340909
138.75,1484.0,0.340909
138.75,1421.0,0.340909
138.75,1462.0,0.340909
138.75,1555.0,0.340909
138.75,1427.0,0.340909
138.75,1313.0,0.340909
138.75,1427.0,0.340909
138.75,1533.0,0.340909
138.75,1349.0,0.340909
138.75,1296.0,0.340909
138.75,1296.0,0.340909
138.75,1532.0,0.340909
138.75,1416.0,0.340909
138.83333333333334,1363.0,0.340909
138.83333333333334,1430.0,0.1704545
138.83333333333334,1487.0,0.1704545
138.83333333333334,1359.0,0.1704545
138.83333333333334,1393.0,0.1704545
138.83333333333334,1461.0,0.1704545
138.83333333333334,1519.0,0.1704545
138.83333333333334,1331.0,0.1704545
138.83333333333334,1306.0,0.1704545
138.83333333333334,1378.0,0.1704545
138.83333333333334,1491.0,0.1704545
138.83333333333334,1453.0,0.1704545
138.83333333333334,1383.0,0.1704545
138.83333333333334,1393.0,0.1704545
138.83333333333334,1480.0,0.1704545
138.83333333333334,1486.0,0.1704545
138.83333333333334,1384.0,0.1704545
138.83333333333334,1299.0,0.1704545
138.83333333333334,1228.0,0.1704545
138.83333333333334,1249.0,0.1704545
138.83333333333334,769.0,0.1704545
138.83333333333334,343.0,0.1704545
138.83333333333334,131.0,0.1704545
138.83333333333334,10.0,0.1704545
138.83333333333334,0.0,0.1704545
138.83333333333334,0.0,0.1704545
138.83333333333334,0.0,0.1704545
138.83333333333334,0.0,0.1704545
138.83333333333334,0.0,0.1704545
138.83333333333334,0.0,0.1704545
138.83333333333334,0.0,0.1704545
138.83333333333334,0.0,0.1704545
138.83333333333334,0.0,0.1704545
138.83333333333334,0.0,0.1704545
138.83333333333334,0.0,0.1704545
138.83333333333334,0.0,0.1704545
138.83333333333334,0.0,0.1704545
138.83333333333334,0.0,0.1704545
138.83333333333334,0.0,0.1704545
138.83333333333334,0.0,0.1704545
138.83333333333334,0.0,0.1704545
138.83333333333334,0.0,0.1704545
138.83333333333334,0.0,0.1704545
138.83333333333334,0.0,0.1704545
138.83333333333334,0.0,0.1704545
138.83333333333334,0.0,0.1704545
138.83333333333334,0.0,0.1704545
138.83333333333334,0.0,0.1704545
138.83333333333334,0.0,0.1704545
138.83333333333334,0.0,0.1704545
138.83333333333334,0.0,0.1704545
138.83333333333334,0.0,0.0
138.83333333333334,0.0,0.0
138.83333333333334,0.0,0.0
138.83333333333334,0.0,0.0
138.83333333333334,0.0,0.0
138.83333333333334,0.0,0.0
138.83333333333334,0.0,0.0
138.83333333333334,0.0,0.0
138.83333333333334,0.0,0.0
138.83333333333334,0.0,0.0
138.83333333333334,0.0,0.0
138.83333333333334,0.0,0.0
138.83333333333334,0.0,0.0
138.83333333333334,0.0,0.0
138.83333333333334,0.0,0.0
138.83333333333334,0.0,0.0
138.83333333333334,0.0,0.0
138.83333333333334,0.0,0.0
138.83333333333334,0.0,0.0
138.83333333333334,0.0,0.0
138.83333333333334,0.0,0.0
138.83333333333334,0.0,0.0
138.83333333333334,0.0,0.0
138.83333333333334,0.0,0.0
138.83333333333334,0.0,0.0
138.83333333333334,0.0,0.0
138.83333333333334,0.0,0.0
138.83333333333334,0.0,0.0
138.83333333333334,0.0,0.0
138.83333333333334,0.0,0.0
138.83333333333334,0.0,0.0
138.83333333333334,0.0,0.0
138.83333333333334,0.0,0.0
138.83333333333334,0.0,0.0
138.83333333333334,0.0,0.0
138.83333333333334,0.0,0.0
138.83333333333334,0.0,0.0
138.83333333333334,0.0,0.0
138.83333333333334,0.0,0.0
138.83333333333334,0.0,0.0
138.83333333333334,0.0,0.0
138.83333333333334,0.0,0.0
138.83333333333334,0.0,0.0
138.83333333333334,0.0,0.0
138.83333333333334,0.0,0.0
138.83333333333334,0.0,0.0
138.83333333333334,0.0,0.0
138.83333333333334,0.0,0.0
138.83333333333334,0.0,0.0
138.83333333333334,0.0,0.0
138.83333333333334,0.0,0.0
138.83333333333334,0.0,0.0
138.83333333333334,0.0,0.0
138.83333333333334,0.0,0.0
138.83333333333334,0.0,0.0
138.83333333333334,0.0,0.0
138.83333333333334,0.0,0.0
138.83333333333334,0.0,0.0
138.83333333333334,0.0,0.0
138.83333333333334,0.0,0.0
138.83333333333334,0.0,0.0
138.83333333333334,0.0,0.0
138.83333333333334,0.0,0.0
138.83333333333334,0.0,0.0
138.83333333333334,0.0,0.0
138.83333333333334,0.0,0.0
138.83333333333334,0.0,0.0
138.83333333333334,0.0,0.0
138.83333333333334,0.0,0.0
138.83333333333334,0.0,0.0
138.83333333333334,0.0,0.0
138.83333333333334,0.0,0.0
138.83333333333334,0.0,0.0
138.83333333333334,0.0,0.0
138.83333333333334,0.0,0.0
138.83333333333334,0.0,0.0
138.83333333333334,0.0,0.0
138.83333333333334,0.0,0.0
138.83333333333334,0.0,0.0
138.83333333333334,0.0,0.0
138.83333333333334,0.0,0.0
138.83333333333334,0.0,0.0
138.83333333333334,0.0,0.0
138.83333333333334,0.0,0.0
138.83333333333334,0.0,0.0
138.83333333333334,0.0,0.0
138.83333333333334,0.0,0.0
138.83333333333334,0.0,0.0
138.83333333333334,0.0,0.0
138.83333333333334,0.0,0.0
138.83333333333334,0.0,0.0
138.83333333333334,0.0,0.0
138.83333333333334,0.0,0.0
138.83333333333334,0.0,0.0
138.83333333333334,0.0,0.0
138.83333333333334,0.0,0.0
138.83333333333334,0.0,0.0
138.83333333333334,0.0,0.0
138.83333333333334,0.0,0.0
138.83333333333334,0.0,0.0
138.83333333333334,0.0,0.0
138.83333333333334,0.0,0.0
138.83333333333334,0.0,0.0
138.83333333333334,0.0,0.0
138.83333333333334,0.0,0.0
0.0,0.0,0.0
0.0,0.0,0.0
0.0,0.0,0.0
0.0,0.0,0.0
0.0,0.0,0.0
0.0,0.0,0.0
0.0,0.0,0.0
0.0,0.0,0.0
0.0,0.0,0.0
0.0,0.0,0.0
0.0,0.0,0.0
0.0,0.0,0.0
0.0,0.0,0.0
0.0,0.0,0.0
0.0,0.0,0.0
0.0,0.0,0.0
0.0,0.0,0.0
0.0,0.0,0.0
0.0,0.0,0.0
0.0,0.0,0.0
0.0,0.0,0.0
0.0,0.0,0.0
0.0,0.0,0.0
0.0,0.0,0.0
0.0,0.0,0.0
0.0,0.0,0.0
0.0,0.0,0.0
0.0,0.0,0.0
0.0,0.0,0.0
0.0,0.0,0.0
0.0,0.0,0.0
0.0,0.0,0.0
0.0,0.0,0.0
0.0,0.0,0.0
0.0,0.0,0.0
0.0,0.0,0.0
0.0,0.0,0.0
0.0,0.0,0.0
0.0,0.0,0.0
0.0,0.0,0.0
0.0,0.0,0.0
0.0,0.0,0.0
0.0,0.0,0.0
0.0,0.0,0.0
0.0,0.0,0.0
0.0,0.0,0.0
0.0,0.0,0.0
0.0,0.0,0.0
0.0,0.0,0.0
0.0,0.0,0.0
0.0,0.0,0.0
0.0,0.0,0.0
0.0,0.0,0.0
0.0,0.0,0.0
0.0,0.0,0.0
0.0,0.0,0.0
0.0,0.0,0.0
0.0,0.0,0.0
0.0,0.0,0.0
0.0,0.0,0.0
0.0,0.0,0.0
0.0,0.0,0.0
0.0,0.0,0.0
0.0,0.0,0.0
0.0,0.0,0.0
0.0,0.0,0.0
0.0,0.0,0.0
0.0,0.0,0.0
0.0,0.0,0.0
0.0,0.0,0.0
0.0,0.0,0.0
0.0,0.0,0.0
0.0,0.0,0.0
0.0,0.0,0.0
0.0,0.0,0.0
0.0,0.0,0.0
0.0,0.0,0.0
0.0,0.0,0.0
0.0,0.0,0.0
0.0,0.0,0.0
0.0,0.0,0.0
0.0,0.0,0.0
0.0,0.0,0.0
0.0,0.0,0.0
0.0,0.0,0.0
0.0,0.0,0.0
0.0,0.0,0.0
0.0,0.0,0.0
0.0,0.0,0.0
0.0,0.0,0.0
0.0,0.0,0.0
0.0,0.0,0.0
0.0,0.0,0.0
0.0,0.0,0.0
0.0,0.0,0.0
0.0,0.0,0.0
0.0,0.0,0.0
0.0,0.0,0.0
0.0,0.0,0.0
0.0,0.0,0.0
0.0,0.0,0.0
0.0,0.0,0.0
0.0,0.0,0.0
0.0,0.0,0.0
0.0,0.0,0.0
0.0,0.0,0.0
0.0,0.0,0.0
0.0,0.0,0.0
0.0,0.0,0.0
0.0,0.0,0.0
0.0,0.0,0.0
0.0,0.0,0.0
0.0,0.0,0.0
0.0,0.0,0.0
0.0,0.0,0.0
0.0,0.0,0.0
0.0,0.0,0.0
0.0,0.0,0.0
0.0,0.0,0.0
0.0,0.0,0.0
0.0,0.0,0.0
0.0,0.0,0.0
0.0,0.0,0.0
0.0,0.0,0.0
0.0,0.0,0.0
0.0,0.0,0.0
0.0,0.0,0.0
0.0,0.0,0.0
0.0,0.0,0.0
0.0,0.0,0.0
0.0,0.0,0.0
0.0,0.0,0.0
0.0,0.0,0.0
0.0,0.0,0.0
0.0,0.0,0.0
0.0,0.0,0.0
0.0,0.0,0.0
0.0,0.0,0.0
0.0,0.0,0.0
0.0,0.0,0.0
0.0,0.0,0.0
0.0,0.0,0.0
0.0,0.0,0.0
0.0,0.0,0.0
0.0,0.0,0.0
0.0,0.0,0.0
0.0,0.0,0.0
0.0,0.0,0.0
0.0,0.0,0.0
0.0,0.0,0.0
0.0,0.0,0.0
0.0,0.0,0.0
0.0,0.0,0.0
0.0,0.0,0.0
0.0,0.0,0.0
0.0,0.0,0.0
0.0,0.0,0.0
0.0,0.0,0.0
0.0,0.0,0.0
0.0,0.0,0.0
0.0,0.0,0.0
0.0,0.0,0.0
0.0,0.0,0.0
0.0,0.0,0.0
0.0,0.0,0.0
0.0,0.0,0.0
0.0,0.0,0.0
0.0,0.0,0.0
0.0,0.0,0.0
0.0,0.0,0.0
0.0,0.0,0.0
0.0,0.0,0.0
0.0,0.0,0.0
0.0,0.0,0.0
0.0,0.0,0.0
0.0,0.0,0.0
0.0,0.0,0.0
0.0,0.0,0.0
0.0,0.0,0.0
0.0,0.0,0.0
0.0,0.0,0.0
0.0,0.0,0.0
0.0,0.0,0.0
0.0,0.0,0.0
0.0,0.0,0.0
0.0,0.0,0.0
0.0,0.0,0.0
0.0,0.0,0.0
0.0,0.0,0.0
0.0,0.0,0.0
0.0,0.0,0.0
0.0,0.0,0.0
0.0,0.0,0.0
0.0,0.0,0.0
0.0,0.0,0.0
0.0,0.0,0.0
0.0,0.0,0.0
0.0,0.0,0.0
0.0,0.0,0.0
0.0,0.0,0.0
0.0,0.0,0.0
0.0,0.0,0.0
0.0,0.0,0.0
0.0,0.0,0.0
0.0,0.0,0.0
0.0,0.0,0.0
0.0,0.0,0.0
0.0,0.0,0.0
0.0,0.0,0.0
0.0,0.0,0.0
0.0,0.0,0.0
0.0,0.0,0.0
0.0,0.0,0.0
0.0,0.0,0.0
0.0,0.0,0.0
0.0,0.0,0.0
0.0,0.0,0.0
0.0,0.0,0.0
0.0,0.0,0.0
0.0,0.0,0.0
0.0,0.0,0.0
0.0,0.0,0.0
0.0,0.0,0.0
0.0,0.0,0.0
0.0,0.0,0.0
0.0,0.0,0.0
0.0,0.0,0.0
0.0,0.0,0.0
0.0,0.0,0.0
0.0,0.0,0.0
0.0,0.0,0.0
0.0,0.0,0.0
0.0,0.0,0.0
0.0,0.0,0.0
0.0,0.0,0.0
0.0,0.0,0.0
0.0,0.0,0.0
0.0,0.0,0.0
0.0,0.0,0.0
0.0,0.0,0.0
0.0,0.0,0.0
0.0,0.0,0.0
0.0,0.0,0.0
0.0,0.0,0.0
0.0,0.0,0.0
0.0,0.0,0.0
0.0,0.0,0.0
0.0,0.0,0.0
0.0,0.0,0.0
0.0,0.0,0.0
0.0,0.0,0.0
0.0,0.0,0.0
0.0,0.0,0.0
0.0,0.0,0.0
0.0,0.0,0.0
0.0,0.0,0.0
0.0,0.0,0.0
0.0,0.0,0.0
0.0,0.0,0.0
0.0,0.0,0.0
0.0,0.0,0.0
0.0,0.0,0.0
0.0,0.0,0.0
0.0,0.0,0.0
0.0,0.0,0.0
0.0,0.0,0.0
0.0,0.0,0.0
0.0,0.0,0.0
0.0,0.0,0.0
0.0,0.0,0.0
0.0,0.0,0.0
0.0,0.0,0.0
0.0,0.0,0.0
0.0,0.0,0.0
0.0,0.0,0.0
0.0,0.0,0.0
0.0,0.0,0.0
0.0,0.0,0.0
0.0,0.0,0.0
0.0,0.0,0.0
0.0,0.0,0.0
0.0,0.0,0.0
0.0,0.0,0.0
0.0,0.0,0.0
0.0,0.0,0.0
0.0,0.0,0.0
0.0,0.0,0.0
0.0,0.0,0.0
0.0,0.0,0.0
0.0,0.0,0.0
0.0,0.0,0.0
0.0,0.0,0.0
0.0,0.0,0.0
0.0,0.0,0.0
0.0,0.0,0.0
0.0,0.0,0.0
0.0,0.0,0.0
0.0,0.0,0.0
0.0,0.0,0.0
0.0,0.0,0.0
0.0,0.0,0.0
0.0,0.0,0.0
