0.0,0.0,0.0
0.0,0.0,0.0
0.0,0.0,0.0
0.0,0.0,0.0
0.0,0.0,0.0
0.0,0.0,0.0
0.0,0.0,0.0
0.0,0.0,0.0
0.0,0.0,0.0
0.0,0.0,0.0
0.0,0.0,0.0
0.0,0.0,0.0
0.0,0.0,0.0
0.0,0.0,0.0
0.0,0.0,0.0
0.0,0.0,0.0
0.0,0.0,0.0
0.0,0.0,0.0
0.0,0.0,0.0
0.0,0.0,0.0
0.0,0.0,0.0
0.0,0.0,0.0
0.0,0.0,0.0
0.0,0.0,0.0
0.0,0.0,0.0
0.0,0.0,0.0
0.0,0.0,0.0
0.0,0.0,0.0
0.0,0.0,0.0
0.0,0.0,0.0
0.0,0.0,0.0
0.0,0.0,0.0
0.0,0.0,0.0
0.0,0.0,0.0
0.0,0.0,0.0
0.0,0.0,0.0
0.0,0.0,0.0
0.0,0.0,0.0
0.0,0.0,0.0
0.0,0.0,0.0
0.0,0.0,0.0
0.0,0.0,0.0
0.0,0.0,0.0
0.0,0.0,0.0
0.0,0.0,0.0
0.0,0.0,0.0
0.0,0.0,0.0
0.0,0.0,0.0
0.0,0.0,0.0
0.0,0.0,0.0
0.0,0.0,0.0
0.0,0.0,0.0
0.0,0.0,0.0
0.0,0.0,0.0
0.0,0.0,0.0
0.0,0.0,0.0
0.0,0.0,0.0
0.0,0.0,0.0
0.0,0.0,0.0
0.0,0.0,0.0
0.0,0.0,0.0
0.0,0.0,0.0
0.0,0.0,0.0
0.0,0.0,0.0
0.0,0.0,0.0
0.0,0.0,0.0
0.0,0.0,0.0
0.0,0.0,0.0
0.0,0.0,0.0
0.0,0.0,0.0
0.0,0.0,0.0
0.0,0.0,0.0
0.0,0.0,0.0
0.0,0.0,0.0
0.0,0.0,0.0
0.0,0.0,0.0
0.0,0.0,0.0
0.0,0.0,0.0
0.0,0.0,0.0
0.0,0.0,0.0
0.0,0.0,0.0
0.0,0.0,0.0
0.0,0.0,0.0
0.0,0.0,0.0
0.0,0.0,0.0
0.0,0.0,0.0
0.0,0.0,0.0
0.0,0.0,0.0
0.0,0.0,0.0
0.0,0.0,0.0
0.16666666666666666,1265.0,0.22727266666666668
0.16666666666666666,1247.0,0.22727266666666668
0.16666666666666666,1267.0,0.22727266666666668
0.16666666666666666,1280.0,0.22727266666666668
0.16666666666666666,1265.0,0.22727266666666668
0.25,1208.0,0.22727266666666668
0.25,1095.0,0.3977271666666667
0.3333333333333333,1079.0,0.45454533333333336
0.4166666666666667,1106.0,0.45454533333333336
0.4166666666666667,1109.0,0.45454533333333336
0.4166666666666667,1059.0,0.45454533333333336
0.4166666666666667,958.0,0.45454533333333336
0.4166666666666667,942.0,0.45454533333333336
0.5,953.0,0.45454533333333336
0.5,916.0,0.5113635000000001
0.5,988.0,0.5113635000000001
0.5,1000.0,0.5113635000000001
0.5833333333333334,990.0,0.5681816666666667
0.5833333333333334,995.0,0.5681816666666667
0.5833333333333334,1008.0,0.5681816666666667
0.5833333333333334,1067.0,0.5681816666666667
0.6666666666666666,1108.0,0.5681816666666667
0.6666666666666666,1142.0,0.6249998333333333
0.75,1031.0,0.7386361666666666
0.8333333333333334,1031.0,0.7386361666666666
0.8333333333333334,1040.0,0.5681816666666667
0.8333333333333334,1060.0,0.5681816666666667
0.8333333333333334,1075.0,0.5681816666666667
0.9166666666666666,1099.0,0.7954543333333334
0.9166666666666666,1118.0,0.7954543333333334
0.9166666666666666,1162.0,0.7954543333333334
1.0,1172.0,0.8522725
1.0,1137.0,0.8522725
1.0,1084.0,0.8522725
1.0833333333333333,1087.0,0.8522725
1.0833333333333333,1109.0,0.8522725
1.0833333333333333,1115.0,0.8522725
1.0833333333333333,1184.0,0.8522725
1.1666666666666667,1162.0,0.7954543333333334
1.1666666666666667,1139.0,0.7954543333333334
1.1666666666666667,1136.0,0.7954543333333334
1.1666666666666667,1210.0,0.7954543333333334
1.1666666666666667,1289.0,0.7954543333333334
1.1666666666666667,1287.0,0.7954543333333334
1.25,1214.0,0.5113635000000001
1.25,1109.0,0.5113635000000001
1.3333333333333333,979.0,0.5113635000000001
1.3333333333333333,953.0,0.9659088333333334
1.3333333333333333,952.0,0.9659088333333334
1.3333333333333333,958.0,0.9659088333333334
1.4166666666666667,997.0,0.8522725
1.4166666666666667,1110.0,0.8522725
1.4166666666666667,1131.0,0.8522725
1.4166666666666667,1057.0,0.8522725
1.4166666666666667,943.0,0.8522725
1.4166666666666667,816.0,0.8522725
1.4166666666666667,830.0,0.8522725
1.4166666666666667,879.0,0.8522725
1.4166666666666667,987.0,0.8522725
1.4166666666666667,1111.0,0.8522725
1.4166666666666667,1140.0,0.8522725
1.4166666666666667,1119.0,0.8522725
1.4166666666666667,1124.0,0.8522725
1.4166666666666667,1083.0,0.8522725
1.4166666666666667,1083.0,0.8522725
1.4166666666666667,1015.0,0.8522725
1.4166666666666667,983.0,0.8522725
1.5,1008.0,0.1704545
1.5,1078.0,0.1704545
1.5,1214.0,0.1704545
1.5,1274.0,0.1704545
1.5833333333333333,1292.0,0.1704545
1.5833333333333333,1282.0,0.681818
1.6666666666666667,1208.0,0.681818
1.6666666666666667,1164.0,1.3068178333333333
1.75,1174.0,1.3068178333333333
1.75,1211.0,1.363636
1.8333333333333333,1243.0,1.363636
1.8333333333333333,1274.0,1.5909086666666667
1.9166666666666667,1312.0,1.6477268333333333
1.9166666666666667,1303.0,1.6477268333333333
1.9166666666666667,1262.0,1.6477268333333333
1.9166666666666667,1205.0,1.6477268333333333
2.0,1237.0,1.6477268333333333
2.0,1304.0,0.681818
2.0833333333333335,1375.0,1.6477268333333333
2.0833333333333335,1409.0,1.6477268333333333
2.0833333333333335,1406.0,1.6477268333333333
2.1666666666666665,1383.0,1.6477268333333333
2.1666666666666665,1349.0,0.7954543333333334
2.25,1268.0,0.7954543333333334
2.25,1153.0,1.3068178333333333
2.3333333333333335,1146.0,1.9886358333333334
2.3333333333333335,1139.0,1.9886358333333334
2.3333333333333335,1169.0,1.9886358333333334
2.4166666666666665,1313.0,1.9886358333333334
2.4166666666666665,1414.0,0.8522725
2.4166666666666665,1430.0,0.8522725
2.4166666666666665,1378.0,0.8522725
2.5,1287.0,0.7954543333333334
2.5833333333333335,1249.0,0.7954543333333334
2.5833333333333335,1238.0,1.704545
2.5833333333333335,1247.0,1.704545
2.5833333333333335,1238.0,1.704545
3.6666666666666665,1201.0,1.8749995000000002
3.6666666666666665,1129.0,1.8749995000000002
3.75,1056.0,1.9318176666666669
3.75,1031.0,1.9318176666666669
3.8333333333333335,1072.0,1.761363166666667
3.9166666666666665,1169.0,2.1590903333333333
4.0,1196.0,2.1590903333333333
4.0,1209.0,1.8749995000000002
4.083333333333333,1230.0,2.1590903333333333
4.166666666666667,1226.0,2.1590903333333333
4.5,1095.0,2.5568175
4.5,1083.0,2.5568175
4.583333333333333,1103.0,1.1363633333333334
4.666666666666667,1250.0,2.272726666666667
4.75,1245.0,2.272726666666667
4.833333333333333,1149.0,2.0454540000000003
4.916666666666667,1068.0,2.670453833333333
5.083333333333333,1182.0,2.8409083333333336
5.166666666666667,1222.0,2.8409083333333336
5.25,1222.0,1.1931815000000001
5.25,1263.0,2.727272
5.333333333333333,1270.0,2.727272
5.333333333333333,1243.0,1.2499996666666666
5.333333333333333,1238.0,1.2499996666666666
5.416666666666667,1261.0,1.2499996666666666
5.5,1277.0,2.4431811666666667
5.583333333333333,1219.0,2.4999993333333332
5.583333333333333,1154.0,2.4999993333333332
5.583333333333333,1114.0,2.4999993333333332
5.666666666666667,1147.0,2.4999993333333332
5.75,1171.0,0.8522725
5.833333333333333,1228.0,2.4999993333333332
5.916666666666667,1275.0,2.7840901666666666
5.916666666666667,1321.0,2.8977265
5.916666666666667,1312.0,2.8977265
6.083333333333333,1280.0,2.8977265
6.166666666666667,1278.0,3.1818173333333335
6.25,1301.0,3.1249991666666666
6.333333333333333,1341.0,2.5568175
6.416666666666667,1319.0,3.1818173333333335
6.5,1265.0,3.068181
6.583333333333333,1143.0,2.9545446666666666
6.666666666666667,1073.0,3.0113628333333335
6.666666666666667,1044.0,2.8409083333333336
6.75,1005.0,2.8409083333333336
6.833333333333333,984.0,1.5340905
6.916666666666667,997.0,2.8977265
6.916666666666667,1000.0,2.8977265
6.916666666666667,1100.0,2.8977265
6.916666666666667,1150.0,2.8977265
6.916666666666667,1168.0,2.8977265
6.916666666666667,1211.0,2.8977265
7.0,1260.0,2.8977265
7.083333333333333,1302.0,3.2954536666666665
7.166666666666667,1296.0,3.40909
7.25,1232.0,3.4659081666666665
7.416666666666667,1220.0,3.4659081666666665
7.5,1224.0,3.2954536666666665
7.583333333333333,1206.0,3.2386355
7.666666666666667,1184.0,3.9204535000000003
7.666666666666667,1226.0,3.9204535000000003
7.75,1225.0,1.4204541666666668
7.916666666666667,1225.0,1.4204541666666668
8.0,1256.0,3.2954536666666665
8.0,1227.0,3.352271833333334
8.0,1117.0,3.352271833333334
8.083333333333334,1137.0,1.0795451666666667
8.083333333333334,1207.0,1.0795451666666667
8.083333333333334,1237.0,1.0795451666666667
8.083333333333334,1178.0,1.0795451666666667
8.083333333333334,1172.0,1.0795451666666667
8.083333333333334,1180.0,1.0795451666666667
8.166666666666666,1173.0,0.45454533333333336
8.166666666666666,1169.0,0.45454533333333336
8.333333333333334,1245.0,1.761363166666667
8.416666666666666,1238.0,3.8636353333333338
8.5,1238.0,3.2386355
8.583333333333334,1054.0,3.40909
8.75,1031.0,3.40909
8.833333333333334,1135.0,3.9204535000000003
8.916666666666666,1136.0,3.806817166666667
9.0,1074.0,3.352271833333334
9.166666666666666,1089.0,3.352271833333334
9.25,1065.0,3.352271833333334
9.333333333333334,1057.0,3.806817166666667
9.333333333333334,1125.0,3.806817166666667
9.416666666666666,1208.0,1.6477268333333333
9.416666666666666,1063.0,1.6477268333333333
9.416666666666666,990.0,1.6477268333333333
9.5,866.0,1.6477268333333333
9.5,863.0,0.7386361666666666
9.583333333333334,1018.0,0.7386361666666666
9.666666666666666,1025.0,3.7499990000000003
9.833333333333334,940.0,3.7499990000000003
9.916666666666666,899.0,4.147726166666667
10.0,955.0,3.7499990000000003
10.166666666666666,1031.0,3.7499990000000003
10.25,1009.0,3.693180833333334
10.333333333333334,949.0,3.522726333333334
10.5,887.0,3.5795445000000004
10.583333333333334,961.0,4.034089833333334
10.666666666666666,1007.0,3.8636353333333338
10.75,1010.0,3.806817166666667
10.833333333333334,968.0,3.7499990000000003
10.833333333333334,918.0,3.7499990000000003
10.833333333333334,918.0,3.7499990000000003
10.833333333333334,884.0,3.7499990000000003
10.916666666666666,859.0,3.7499990000000003
11.0,794.0,3.693180833333334
11.0,748.0,3.693180833333334
11.166666666666666,786.0,3.693180833333334
11.25,842.0,4.204544333333334
11.333333333333334,861.0,3.636362666666667
11.5,853.0,3.5795445000000004
11.583333333333334,828.0,3.522726333333334
11.583333333333334,825.0,3.352271833333334
11.75,806.0,3.352271833333334
11.833333333333334,771.0,3.522726333333334
11.833333333333334,677.0,3.636362666666667
11.833333333333334,692.0,3.636362666666667
11.916666666666666,744.0,3.636362666666667
11.916666666666666,805.0,0.9090906666666667
12.0,826.0,1.761363166666667
12.083333333333334,904.0,4.318180666666667
12.166666666666666,873.0,4.318180666666667
12.25,794.0,4.034089833333334
12.416666666666666,763.0,4.034089833333334
12.5,694.0,3.806817166666667
12.583333333333334,624.0,3.636362666666667
12.75,715.0,3.636362666666667
12.833333333333334,890.0,3.522726333333334
12.916666666666666,1049.0,4.9999986666666665
12.916666666666666,1086.0,4.9999986666666665
13.083333333333334,1028.0,4.9999986666666665
13.083333333333334,1030.0,3.40909
13.166666666666666,1070.0,3.40909
13.25,1060.0,3.636362666666667
13.25,1006.0,3.636362666666667
13.25,975.0,3.636362666666667
13.333333333333334,1008.0,3.636362666666667
13.333333333333334,1053.0,0.9090906666666667
13.416666666666666,1064.0,0.9090906666666667
13.5,1064.0,3.693180833333334
13.583333333333334,1095.0,3.352271833333334
13.75,1144.0,3.8636353333333338
13.833333333333334,1172.0,3.7499990000000003
14.0,1170.0,3.806817166666667
14.083333333333334,1170.0,3.8636353333333338
14.083333333333334,1167.0,3.522726333333334
14.166666666666666,1157.0,1.761363166666667
14.333333333333334,1119.0,3.9772716666666668
14.416666666666666,1087.0,3.8636353333333338
14.5,1081.0,3.40909
14.666666666666666,1086.0,3.40909
14.75,1095.0,3.522726333333334
14.75,1095.0,3.2954536666666665
14.916666666666666,1130.0,3.2954536666666665
15.0,1273.0,3.7499990000000003
15.083333333333334,1427.0,3.693180833333334
15.25,1422.0,3.693180833333334
15.333333333333334,1319.0,4.261362500000001
15.5,1315.0,3.9772716666666668
15.583333333333334,1304.0,3.9204535000000003
15.666666666666666,1276.0,3.4659081666666665
15.75,995.0,3.4659081666666665
15.833333333333334,794.0,4.9999986666666665
16.0,788.0,4.9999986666666665
16.083333333333332,972.0,4.545453333333334
16.166666666666668,1408.0,3.636362666666667
16.333333333333332,1421.0,3.806817166666667
16.333333333333332,1272.0,3.8636353333333338
16.333333333333332,1145.0,3.8636353333333338
16.416666666666668,1065.0,3.8636353333333338
16.5,1035.0,0.9659088333333334
16.5,952.0,3.9204535000000003
16.666666666666668,953.0,3.9204535000000003
16.75,961.0,3.693180833333334
16.833333333333332,1113.0,4.318180666666667
17.0,1227.0,4.318180666666667
17.083333333333332,1274.0,3.7499990000000003
17.25,1219.0,4.374998833333334
17.25,1168.0,4.431817000000001
17.416666666666668,1192.0,4.431817000000001
17.5,1087.0,4.318180666666667
17.5,931.0,3.806817166666667
17.583333333333332,867.0,3.806817166666667
17.666666666666668,1004.0,1.3068178333333333
17.75,1160.0,4.204544333333334
17.833333333333332,1246.0,4.204544333333334
17.916666666666668,1231.0,3.693180833333334
18.083333333333332,1231.0,3.693180833333334
18.083333333333332,1010.0,3.2954536666666665
18.25,1014.0,3.2954536666666665
18.333333333333332,1116.0,4.090908000000001
18.5,1228.0,4.147726166666667
18.583333333333332,1165.0,3.8636353333333338
18.666666666666668,1029.0,3.9772716666666668
18.833333333333332,974.0,4.034089833333334
18.833333333333332,999.0,4.8863623333333335
19.0,1043.0,4.8863623333333335
19.083333333333332,1044.0,4.431817000000001
19.25,1043.0,4.147726166666667
19.25,1054.0,3.9772716666666668
19.333333333333332,1080.0,2.1590903333333333
19.333333333333332,1188.0,2.1590903333333333
19.416666666666668,1211.0,2.1590903333333333
19.5,1123.0,4.6022715000000005
19.666666666666668,977.0,4.6022715000000005
19.833333333333332,862.0,4.6022715000000005
19.916666666666668,956.0,4.659089666666667
20.083333333333332,1132.0,4.545453333333334
20.166666666666668,1263.0,4.431817000000001
20.25,1277.0,4.204544333333334
20.333333333333332,1158.0,4.204544333333334
20.5,1089.0,4.204544333333334
20.583333333333332,1037.0,4.431817000000001
20.583333333333332,993.0,4.431817000000001
20.666666666666668,947.0,4.431817000000001
20.75,943.0,1.3068178333333333
20.833333333333332,994.0,4.7727260000000005
20.916666666666668,1066.0,4.7727260000000005
21.083333333333332,1148.0,4.318180666666667
21.166666666666668,1094.0,4.261362500000001
21.333333333333332,984.0,4.659089666666667
21.5,905.0,4.488635166666667
21.583333333333332,916.0,4.318180666666667
21.75,1048.0,4.8863623333333335
21.833333333333332,1092.0,4.261362500000001
21.916666666666668,1091.0,4.659089666666667
22.0,1058.0,4.659089666666667
22.083333333333332,1033.0,1.5340905
22.166666666666668,1037.0,4.147726166666667
22.333333333333332,1022.0,4.147726166666667
22.416666666666668,1022.0,4.659089666666667
22.583333333333332,996.0,4.659089666666667
22.75,944.0,4.659089666666667
22.75,1017.0,4.7727260000000005
22.916666666666668,1069.0,4.7727260000000005
23.0,1046.0,4.261362500000001
23.166666666666668,961.0,4.261362500000001
23.333333333333332,851.0,4.7727260000000005
23.333333333333332,861.0,4.8295441666666665
23.5,867.0,4.8295441666666665
23.583333333333332,881.0,4.488635166666667
23.666666666666668,924.0,4.8863623333333335
23.75,976.0,4.318180666666667
23.916666666666668,974.0,4.318180666666667
24.0,816.0,4.7727260000000005
24.166666666666668,695.0,4.7727260000000005
24.333333333333332,653.0,4.7727260000000005
24.5,719.0,5.113635
24.583333333333332,774.0,5.454544
24.75,779.0,5.454544
24.75,720.0,4.7727260000000005
24.916666666666668,708.0,4.7727260000000005
25.083333333333332,737.0,4.7727260000000005
25.166666666666668,741.0,4.7159078333333335
25.166666666666668,714.0,4.7159078333333335
25.25,712.0,4.7159078333333335
25.333333333333332,736.0,4.659089666666667
25.416666666666668,736.0,4.659089666666667
25.583333333333332,784.0,4.659089666666667
25.75,878.0,4.7727260000000005
25.75,818.0,4.204544333333334
25.916666666666668,736.0,4.204544333333334
26.083333333333332,685.0,4.8295441666666665
26.083333333333332,747.0,5.340907666666666
26.166666666666668,838.0,2.3863630000000002
26.25,855.0,2.3863630000000002
26.333333333333332,848.0,5.056816833333333
26.333333333333332,822.0,5.056816833333333
26.333333333333332,773.0,5.056816833333333
26.5,749.0,5.056816833333333
26.583333333333332,737.0,4.6022715000000005
26.75,737.0,4.7159078333333335
26.916666666666668,737.0,4.7159078333333335
27.083333333333332,730.0,4.7159078333333335
27.083333333333332,765.0,4.8295441666666665
27.25,784.0,4.8295441666666665
27.416666666666668,780.0,4.8295441666666665
27.5,771.0,4.8295441666666665
27.5,799.0,4.488635166666667
27.5,854.0,4.488635166666667
27.5,889.0,4.488635166666667
27.583333333333332,888.0,0.7954543333333334
27.666666666666668,869.0,2.3295448333333333
27.75,923.0,5.056816833333333
27.916666666666668,940.0,5.056816833333333
28.0,915.0,4.7159078333333335
28.166666666666668,899.0,4.7159078333333335
28.25,908.0,4.8863623333333335
28.416666666666668,965.0,4.8863623333333335
28.416666666666668,1026.0,5.6249985
28.5,988.0,5.6249985
28.5,864.0,1.5340905
28.583333333333332,870.0,1.5340905
28.583333333333332,924.0,1.6477268333333333
28.75,971.0,1.6477268333333333
28.833333333333332,924.0,4.6022715000000005
29.0,925.0,4.6022715000000005
29.166666666666668,965.0,4.6022715000000005
29.333333333333332,985.0,5.056816833333333
29.416666666666668,961.0,4.8863623333333335
29.583333333333332,946.0,4.8863623333333335
29.666666666666668,944.0,4.8295441666666665
29.833333333333332,920.0,7.159089000000001
30.0,907.0,4.6022715000000005
30.083333333333332,952.0,4.147726166666667
30.166666666666668,983.0,4.147726166666667
30.25,971.0,4.659089666666667
30.416666666666668,884.0,4.659089666666667
30.416666666666668,732.0,5.056816833333333
30.583333333333332,679.0,5.056816833333333
30.75,728.0,5.056816833333333
30.833333333333332,814.0,4.8295441666666665
31.0,855.0,4.8295441666666665
31.166666666666668,991.0,4.8295441666666665
31.25,1016.0,4.8295441666666665
31.333333333333332,1016.0,5.454544
31.5,980.0,5.454544
31.583333333333332,956.0,6.3068165
31.666666666666668,983.0,4.8295441666666665
31.75,1019.0,4.8863623333333335
31.916666666666668,1067.0,4.659089666666667
32.0,1118.0,4.204544333333334
32.0,1125.0,2.4431811666666667
32.166666666666664,1049.0,2.4431811666666667
32.333333333333336,984.0,4.318180666666667
32.416666666666664,983.0,6.022725666666667
32.5,997.0,2.4431811666666667
32.666666666666664,962.0,4.204544333333334
32.75,959.0,4.659089666666667
32.833333333333336,979.0,4.659089666666667
32.916666666666664,990.0,4.7727260000000005
32.916666666666664,1007.0,4.7727260000000005
32.916666666666664,1030.0,4.7727260000000005
33.0,985.0,0.9659088333333334
33.0,911.0,0.9659088333333334
33.083333333333336,830.0,1.5340905
33.25,760.0,2.3295448333333333
33.333333333333336,772.0,5.454544
33.5,807.0,5.454544
33.666666666666664,846.0,5.454544
33.75,962.0,4.488635166666667
33.916666666666664,1099.0,4.488635166666667
34.083333333333336,1093.0,4.6022715000000005
34.166666666666664,1023.0,4.7159078333333335
34.25,949.0,4.7159078333333335
34.333333333333336,938.0,4.488635166666667
34.416666666666664,971.0,2.3863630000000002
34.583333333333336,971.0,4.659089666666667
34.75,951.0,4.659089666666667
34.916666666666664,1008.0,4.659089666666667
35.0,1088.0,4.488635166666667
35.083333333333336,1099.0,5.056816833333333
35.25,1038.0,5.056816833333333
35.25,954.0,4.8863623333333335
35.416666666666664,944.0,4.8863623333333335
35.5,940.0,4.659089666666667
35.5,942.0,4.659089666666667
35.583333333333336,874.0,1.5909086666666667
35.583333333333336,874.0,1.5909086666666667
35.666666666666664,858.0,1.5909086666666667
35.75,906.0,1.1363633333333334
35.916666666666664,981.0,5.454544
36.0,1075.0,5.681816666666667
36.166666666666664,1177.0,4.488635166666667
36.25,1103.0,4.374998833333334
36.333333333333336,975.0,2.670453833333333
36.5,876.0,4.147726166666667
36.583333333333336,874.0,4.488635166666667
36.75,964.0,4.9999986666666665
36.833333333333336,984.0,5.113635
36.916666666666664,992.0,4.659089666666667
37.083333333333336,991.0,4.7159078333333335
37.083333333333336,1100.0,4.7727260000000005
37.166666666666664,1065.0,4.7727260000000005
37.25,1008.0,4.659089666666667
37.333333333333336,956.0,4.659089666666667
37.5,954.0,4.659089666666667
37.666666666666664,1032.0,4.7727260000000005
37.75,1102.0,4.7727260000000005
37.833333333333336,1112.0,4.7727260000000005
37.916666666666664,1037.0,2.5568175
38.0,995.0,5.568180333333333
38.166666666666664,1052.0,5.568180333333333
38.25,1067.0,5.113635
38.25,1011.0,4.488635166666667
38.416666666666664,933.0,4.488635166666667
38.5,1002.0,4.9999986666666665
38.583333333333336,1137.0,4.9999986666666665
38.666666666666664,1206.0,5.397725833333334
38.833333333333336,1146.0,5.397725833333334
38.916666666666664,1053.0,5.795453
39.083333333333336,1005.0,5.113635
39.083333333333336,952.0,4.8295441666666665
39.25,920.0,4.8295441666666665
39.333333333333336,880.0,5.340907666666666
39.5,910.0,4.8295441666666665
39.5,963.0,5.227271333333333
39.5,990.0,5.227271333333333
39.666666666666664,1046.0,5.227271333333333
39.75,1076.0,4.659089666666667
39.833333333333336,1076.0,2.4999993333333332
40.0,1055.0,2.4999993333333332
40.166666666666664,1019.0,4.374998833333334
40.333333333333336,997.0,4.374998833333334
40.333333333333336,983.0,4.431817000000001
40.5,947.0,4.431817000000001
40.583333333333336,937.0,4.8863623333333335
40.666666666666664,963.0,4.488635166666667
40.666666666666664,1039.0,4.488635166666667
40.75,999.0,1.5340905
40.75,919.0,1.5340905
40.916666666666664,828.0,1.5340905
40.916666666666664,776.0,5.170453166666666
41.083333333333336,780.0,5.170453166666666
41.25,833.0,5.170453166666666
41.416666666666664,844.0,5.170453166666666
41.5,870.0,5.681816666666667
41.583333333333336,983.0,3.7499990000000003
41.666666666666664,1018.0,2.3863630000000002
41.75,1006.0,5.511362166666667
41.833333333333336,938.0,5.511362166666667
41.833333333333336,782.0,2.2159085000000003
41.833333333333336,699.0,2.2159085000000003
42.0,734.0,2.2159085000000003
42.083333333333336,812.0,4.431817000000001
42.166666666666664,880.0,4.431817000000001
42.333333333333336,876.0,5.056816833333333
42.416666666666664,881.0,5.056816833333333
42.583333333333336,876.0,5.056816833333333
42.666666666666664,872.0,4.8863623333333335
42.666666666666664,828.0,4.8863623333333335
42.833333333333336,728.0,4.8863623333333335
42.916666666666664,700.0,4.6022715000000005
43.0,757.0,4.6022715000000005
43.166666666666664,933.0,4.6022715000000005
43.25,1030.0,4.6022715000000005
43.333333333333336,1044.0,4.7159078333333335
43.333333333333336,1083.0,4.7159078333333335
43.333333333333336,1090.0,4.7159078333333335
43.416666666666664,900.0,4.7159078333333335
43.583333333333336,711.0,4.7159078333333335
43.666666666666664,711.0,4.659089666666667
43.833333333333336,727.0,4.659089666666667
43.916666666666664,727.0,5.170453166666666
43.916666666666664,858.0,5.170453166666666
44.083333333333336,875.0,5.170453166666666
44.166666666666664,867.0,5.340907666666666
44.333333333333336,918.0,5.340907666666666
44.416666666666664,1025.0,4.488635166666667
44.416666666666664,948.0,4.488635166666667
44.5,830.0,1.4772723333333333
44.5,771.0,1.4772723333333333
44.583333333333336,789.0,1.1931815000000001
44.75,957.0,4.147726166666667
44.916666666666664,988.0,4.147726166666667
45.0,992.0,4.261362500000001
45.166666666666664,994.0,4.7727260000000005
45.333333333333336,1052.0,4.7159078333333335
45.416666666666664,1022.0,4.7159078333333335
45.583333333333336,931.0,4.7159078333333335
45.666666666666664,869.0,4.6022715000000005
45.666666666666664,922.0,2.3863630000000002
45.666666666666664,1061.0,2.3863630000000002
45.75,1041.0,2.3863630000000002
45.75,971.0,1.0795451666666667
45.833333333333336,950.0,1.5340905
46.0,1079.0,1.5340905
46.083333333333336,1115.0,4.431817000000001
46.166666666666664,1083.0,2.3295448333333333
46.333333333333336,1011.0,3.9204535000000003
46.416666666666664,989.0,5.113635
46.583333333333336,985.0,4.659089666666667
46.666666666666664,1060.0,4.147726166666667
46.75,1101.0,4.147726166666667
46.916666666666664,1031.0,4.147726166666667
47.083333333333336,793.0,4.261362500000001
47.083333333333336,755.0,4.6022715000000005
47.083333333333336,843.0,4.6022715000000005
47.083333333333336,1007.0,4.6022715000000005
47.25,1007.0,4.6022715000000005
47.25,859.0,4.6022715000000005
47.416666666666664,855.0,4.6022715000000005
47.583333333333336,913.0,4.6022715000000005
47.666666666666664,1126.0,4.8295441666666665
47.75,1187.0,3.9204535000000003
47.916666666666664,1104.0,3.9204535000000003
48.0,1104.0,5.738634833333333
48.166666666666664,1023.0,5.738634833333333
48.25,1023.0,5.113635
48.333333333333336,1071.0,3.9204535000000003
48.333333333333336,1055.0,2.272726666666667
48.333333333333336,995.0,2.272726666666667
48.333333333333336,964.0,2.272726666666667
48.5,1015.0,2.272726666666667
48.666666666666664,1138.0,4.204544333333334
48.666666666666664,1178.0,4.6022715000000005
48.833333333333336,1172.0,4.6022715000000005
48.916666666666664,1119.0,4.6022715000000005
49.0,1076.0,4.545453333333334
49.0,1120.0,4.545453333333334
49.166666666666664,1142.0,4.545453333333334
49.333333333333336,1142.0,4.545453333333334
49.416666666666664,1101.0,4.431817000000001
49.583333333333336,1094.0,4.431817000000001
49.666666666666664,1110.0,4.659089666666667
49.666666666666664,1084.0,4.147726166666667
49.75,996.0,1.4772723333333333
49.916666666666664,875.0,4.374998833333334
50.0,880.0,4.431817000000001
50.083333333333336,912.0,2.272726666666667
50.25,955.0,4.261362500000001
50.333333333333336,975.0,3.9204535000000003
50.5,980.0,4.034089833333334
50.583333333333336,1036.0,4.545453333333334
50.75,1066.0,4.545453333333334
50.833333333333336,1080.0,4.9431805
51.0,1077.0,4.659089666666667
51.0,1042.0,4.374998833333334
51.0,1008.0,4.374998833333334
51.083333333333336,984.0,4.374998833333334
51.166666666666664,975.0,0.8522725
51.333333333333336,980.0,4.374998833333334
51.333333333333336,1020.0,4.488635166666667
51.5,1058.0,4.488635166666667
51.583333333333336,1000.0,4.204544333333334
51.75,955.0,4.204544333333334
51.75,950.0,4.374998833333334
51.916666666666664,957.0,4.374998833333334
51.916666666666664,957.0,4.9999986666666665
52.083333333333336,998.0,4.9999986666666665
52.166666666666664,1059.0,4.6022715000000005
52.166666666666664,1062.0,4.6022715000000005
52.25,1068.0,1.363636
52.25,1115.0,1.363636
52.333333333333336,1184.0,1.4772723333333333
52.333333333333336,1173.0,1.4772723333333333
52.5,1160.0,1.5340905
52.583333333333336,1120.0,4.6022715000000005
52.75,1042.0,4.6022715000000005
52.916666666666664,1002.0,4.7159078333333335
53.0,988.0,4.7159078333333335
53.166666666666664,989.0,4.6022715000000005
53.166666666666664,988.0,4.090908000000001
53.333333333333336,1063.0,4.090908000000001
53.416666666666664,1181.0,4.8295441666666665
53.583333333333336,1210.0,4.8295441666666665
53.666666666666664,1153.0,4.659089666666667
53.75,1114.0,4.8863623333333335
53.75,1163.0,4.8863623333333335
53.833333333333336,1175.0,4.8863623333333335
53.833333333333336,1144.0,1.0795451666666667
53.916666666666664,1149.0,1.0795451666666667
54.0,1201.0,4.545453333333334
54.166666666666664,1223.0,4.545453333333334
54.333333333333336,1205.0,4.318180666666667
54.416666666666664,1205.0,4.318180666666667
54.583333333333336,1039.0,4.318180666666667
54.583333333333336,968.0,4.034089833333334
54.75,943.0,4.034089833333334
54.833333333333336,989.0,5.909089333333333
54.916666666666664,1169.0,3.9204535000000003
55.0,1365.0,2.0454540000000003
55.0,1417.0,4.659089666666667
55.0,1400.0,4.659089666666667
55.083333333333336,1353.0,4.659089666666667
55.083333333333336,1389.0,0.8522725
55.25,1333.0,2.102272166666667
55.333333333333336,1252.0,4.261362500000001
55.5,1079.0,4.204544333333334
55.583333333333336,1064.0,4.545453333333334
55.75,1087.0,4.261362500000001
55.75,1087.0,4.431817000000001
55.75,1137.0,4.431817000000001
55.916666666666664,1179.0,4.431817000000001
56.0,1245.0,4.090908000000001
56.0,1206.0,4.090908000000001
56.0,1125.0,4.090908000000001
56.083333333333336,1033.0,0.9659088333333334
56.25,996.0,3.7499990000000003
56.25,1044.0,4.204544333333334
56.333333333333336,1095.0,1.9886358333333334
56.416666666666664,1150.0,1.9886358333333334
56.583333333333336,1200.0,1.9886358333333334
56.666666666666664,1207.0,4.147726166666667
56.75,1178.0,4.090908000000001
56.916666666666664,1208.0,4.090908000000001
57.0,1264.0,4.034089833333334
57.166666666666664,1269.0,3.9772716666666668
57.25,1149.0,3.7499990000000003
57.333333333333336,1115.0,4.7159078333333335
57.5,1145.0,4.7159078333333335
57.583333333333336,1215.0,4.034089833333334
57.666666666666664,1334.0,3.1818173333333335
57.833333333333336,1256.0,3.1818173333333335
57.916666666666664,1156.0,3.5795445000000004
58.0,1104.0,4.147726166666667
58.166666666666664,1139.0,4.147726166666667
58.25,1164.0,4.034089833333334
58.416666666666664,1174.0,4.034089833333334
58.5,1159.0,4.034089833333334
58.583333333333336,1168.0,3.693180833333334
58.75,1244.0,3.693180833333334
58.833333333333336,1297.0,3.806817166666667
58.916666666666664,1278.0,3.693180833333334
58.916666666666664,1248.0,3.693180833333334
59.083333333333336,1264.0,3.693180833333334
59.166666666666664,1289.0,3.522726333333334
59.25,1241.0,3.522726333333334
59.416666666666664,1233.0,3.522726333333334
59.5,1278.0,3.636362666666667
59.583333333333336,1249.0,3.522726333333334
59.666666666666664,1248.0,3.5795445000000004
59.833333333333336,1245.0,3.5795445000000004
59.916666666666664,1289.0,3.636362666666667
60.0,1289.0,3.522726333333334
60.083333333333336,1391.0,3.352271833333334
60.25,1405.0,3.9204535000000003
60.333333333333336,1354.0,3.9772716666666668
60.416666666666664,1250.0,3.522726333333334
60.5,1166.0,3.8636353333333338
60.583333333333336,1289.0,3.8636353333333338
60.666666666666664,1323.0,1.6477268333333333
60.75,1311.0,3.8636353333333338
60.916666666666664,1307.0,3.7499990000000003
61.0,1333.0,3.5795445000000004
61.083333333333336,1334.0,3.5795445000000004
61.166666666666664,1330.0,3.40909
61.25,1343.0,3.5795445000000004
61.25,1366.0,3.5795445000000004
61.333333333333336,1376.0,3.5795445000000004
61.416666666666664,1361.0,3.693180833333334
61.5,1319.0,3.636362666666667
61.666666666666664,1240.0,3.636362666666667
61.75,1248.0,3.068181
61.833333333333336,1348.0,4.147726166666667
61.916666666666664,1428.0,3.5795445000000004
62.083333333333336,1413.0,3.5795445000000004
62.166666666666664,1097.0,3.5795445000000004
62.166666666666664,973.0,3.7499990000000003
62.25,1019.0,1.5909086666666667
62.416666666666664,1019.0,1.5909086666666667
62.5,1131.0,3.352271833333334
62.583333333333336,1130.0,3.806817166666667
62.666666666666664,1012.0,2.8977265
62.833333333333336,963.0,2.8977265
62.916666666666664,1028.0,3.40909
62.916666666666664,1217.0,3.522726333333334
63.0,1262.0,1.704545
63.0,1259.0,1.704545
63.083333333333336,1198.0,1.704545
63.166666666666664,1026.0,1.1363633333333334
63.25,932.0,3.5795445000000004
63.333333333333336,935.0,3.352271833333334
63.416666666666664,961.0,3.2954536666666665
63.583333333333336,969.0,3.2954536666666665
63.666666666666664,1019.0,3.522726333333334
63.75,1019.0,3.4659081666666665
63.916666666666664,1047.0,3.4659081666666665
64.0,1070.0,3.522726333333334
64.08333333333333,1064.0,3.2386355
64.08333333333333,982.0,3.636362666666667
64.08333333333333,934.0,3.636362666666667
64.25,959.0,3.636362666666667
64.25,996.0,3.8636353333333338
64.25,1061.0,3.8636353333333338
64.41666666666667,1103.0,3.8636353333333338
64.5,1135.0,3.5795445000000004
64.58333333333333,1165.0,3.4659081666666665
64.66666666666667,1135.0,3.806817166666667
64.83333333333333,1114.0,3.806817166666667
64.91666666666667,1092.0,4.147726166666667
65.0,1075.0,3.636362666666667
65.0,1008.0,3.2954536666666665
65.08333333333333,996.0,3.2954536666666665
65.08333333333333,1007.0,1.1931815000000001
65.16666666666667,1000.0,1.1931815000000001
65.25,1018.0,4.090908000000001
65.25,1097.0,4.090908000000001
65.33333333333333,1141.0,4.090908000000001
65.41666666666667,1166.0,1.1363633333333334
65.41666666666667,1184.0,3.636362666666667
65.5,1200.0,3.636362666666667
65.58333333333333,1159.0,1.1931815000000001
65.66666666666667,1021.0,3.7499990000000003
65.66666666666667,894.0,3.7499990000000003
65.83333333333333,922.0,3.7499990000000003
65.91666666666667,1119.0,4.147726166666667
66.0,1243.0,4.147726166666667
66.16666666666667,1308.0,4.147726166666667
66.16666666666667,1306.0,3.9204535000000003
66.25,1234.0,1.8181813333333334
66.33333333333333,1188.0,3.693180833333334
66.41666666666667,1168.0,3.693180833333334
66.5,1136.0,4.318180666666667
66.58333333333333,1059.0,3.522726333333334
66.75,1059.0,3.522726333333334
66.75,1131.0,4.034089833333334
66.75,1206.0,4.034089833333334
66.75,1206.0,4.034089833333334
66.83333333333333,1234.0,4.034089833333334
66.83333333333333,1173.0,0.7386361666666666
66.91666666666667,1130.0,1.8749995000000002
67.08333333333333,1135.0,3.4659081666666665
67.16666666666667,1154.0,4.204544333333334
67.25,1169.0,2.8409083333333336
67.25,1192.0,2.8409083333333336
67.33333333333333,1228.0,2.8409083333333336
67.33333333333333,1254.0,1.3068178333333333
67.41666666666667,1244.0,1.8181813333333334
67.5,1214.0,1.8181813333333334
67.58333333333333,1216.0,3.693180833333334
67.75,1183.0,3.693180833333334
67.83333333333333,1167.0,3.2954536666666665
67.91666666666667,1159.0,3.4659081666666665
67.91666666666667,1138.0,3.9772716666666668
68.0,1142.0,1.8749995000000002
68.08333333333333,1160.0,1.9886358333333334
68.16666666666667,1152.0,3.1249991666666666
68.25,1106.0,3.1249991666666666
68.33333333333333,1058.0,1.8749995000000002
68.41666666666667,1016.0,4.204544333333334
68.58333333333333,1048.0,3.9204535000000003
68.66666666666667,1071.0,3.8636353333333338
68.83333333333333,1081.0,3.8636353333333338
68.83333333333333,1082.0,4.8863623333333335
68.91666666666667,1221.0,1.8749995000000002
69.0,1329.0,3.693180833333334
69.08333333333333,1203.0,3.693180833333334
69.08333333333333,1035.0,1.9318176666666669
69.16666666666667,953.0,1.704545
69.33333333333333,1059.0,1.704545
69.33333333333333,1103.0,3.806817166666667
69.41666666666667,1043.0,3.806817166666667
69.41666666666667,987.0,1.3068178333333333
69.5,1019.0,1.3068178333333333
69.66666666666667,1242.0,1.761363166666667
69.75,1278.0,4.204544333333334
69.75,1257.0,3.5795445000000004
69.83333333333333,1258.0,2.102272166666667
69.91666666666667,1165.0,2.102272166666667
70.0,1179.0,3.4659081666666665
70.08333333333333,1179.0,3.40909
70.08333333333333,1142.0,3.40909
70.16666666666667,1092.0,1.363636
70.25,1089.0,3.522726333333334
70.25,1112.0,3.522726333333334
70.25,1095.0,3.522726333333334
70.41666666666667,1077.0,3.522726333333334
70.5,1058.0,4.488635166666667
70.58333333333333,1114.0,3.1818173333333335
70.66666666666667,1174.0,3.1818173333333335
70.75,1215.0,2.0454540000000003
70.83333333333333,1208.0,3.693180833333334
71.0,1168.0,4.090908000000001
71.0,1044.0,4.318180666666667
71.08333333333333,944.0,1.704545
71.25,903.0,1.704545
71.25,969.0,3.8636353333333338
71.33333333333333,1116.0,1.9318176666666669
71.41666666666667,1202.0,1.9318176666666669
71.41666666666667,1240.0,2.0454540000000003
71.5,1224.0,1.704545
71.5,1146.0,1.704545
71.5,1115.0,1.704545
71.58333333333333,1123.0,1.704545
71.66666666666667,1120.0,0.7954543333333334
71.75,1107.0,3.693180833333334
71.91666666666667,1082.0,3.693180833333334
72.0,1092.0,3.806817166666667
72.08333333333333,1119.0,3.9772716666666668
72.25,1151.0,3.9772716666666668
72.33333333333333,1158.0,3.2954536666666665
72.41666666666667,1149.0,4.147726166666667
72.58333333333333,1138.0,4.147726166666667
72.58333333333333,1138.0,3.806817166666667
72.75,1150.0,3.806817166666667
72.75,1150.0,4.659089666666667
72.75,1137.0,4.659089666666667
72.83333333333333,1149.0,4.659089666666667
72.91666666666667,1179.0,0.9659088333333334
72.91666666666667,1204.0,3.5795445000000004
73.08333333333333,1214.0,3.5795445000000004
73.16666666666667,1197.0,4.431817000000001
73.25,1197.0,3.806817166666667
73.41666666666667,1204.0,3.806817166666667
73.5,1235.0,5.113635
73.66666666666667,1226.0,4.090908000000001
73.75,1209.0,4.034089833333334
73.75,1206.0,4.261362500000001
73.91666666666667,1189.0,4.261362500000001
74.0,1151.0,4.318180666666667
74.08333333333333,1087.0,4.204544333333334
74.25,1047.0,3.8636353333333338
74.33333333333333,1022.0,3.693180833333334
74.41666666666667,1044.0,3.636362666666667
74.58333333333333,1048.0,3.636362666666667
74.58333333333333,1066.0,3.8636353333333338
74.75,1075.0,3.8636353333333338
74.75,1069.0,3.806817166666667
74.83333333333333,1066.0,1.8181813333333334
75.0,1060.0,1.8181813333333334
75.08333333333333,1059.0,4.9431805
75.25,1070.0,3.9772716666666668
75.33333333333333,1112.0,3.7499990000000003
75.41666666666667,1113.0,4.034089833333334
75.58333333333333,1107.0,4.034089833333334
75.66666666666667,1102.0,4.9431805
75.83333333333333,1118.0,3.9204535000000003
75.91666666666667,1144.0,3.9204535000000003
76.0,1143.0,3.8636353333333338
76.16666666666667,1154.0,3.8636353333333338
76.25,1151.0,4.261362500000001
76.33333333333333,1148.0,3.9772716666666668
76.5,1153.0,3.9772716666666668
76.58333333333333,1169.0,3.9204535000000003
76.66666666666667,1196.0,4.090908000000001
76.83333333333333,1221.0,4.090908000000001
76.91666666666667,1221.0,3.9204535000000003
77.08333333333333,1194.0,3.9204535000000003
77.16666666666667,1166.0,4.034089833333334
77.33333333333333,1133.0,4.034089833333334
77.41666666666667,1148.0,3.8636353333333338
77.5,1161.0,4.090908000000001
77.66666666666667,1160.0,3.9204535000000003
77.75,1168.0,3.8636353333333338
77.83333333333333,1163.0,3.9772716666666668
78.0,1163.0,3.9204535000000003
78.08333333333333,1160.0,3.693180833333334
78.25,1152.0,4.034089833333334
78.33333333333333,1150.0,4.034089833333334
78.41666666666667,1186.0,3.806817166666667
78.58333333333333,1218.0,3.806817166666667
78.66666666666667,1223.0,5.2840895
78.83333333333333,1201.0,5.2840895
78.91666666666667,1106.0,4.034089833333334
79.0,1078.0,3.9204535000000003
79.16666666666667,1100.0,3.9204535000000003
79.25,1101.0,4.261362500000001
79.41666666666667,1101.0,4.034089833333334
79.5,1096.0,3.9772716666666668
79.58333333333333,1071.0,3.7499990000000003
79.75,1069.0,3.7499990000000003
79.83333333333333,1081.0,3.9204535000000003
79.83333333333333,1143.0,3.5795445000000004
79.91666666666667,1256.0,3.5795445000000004
80.0,1344.0,4.261362500000001
80.08333333333333,1333.0,4.034089833333334
80.25,1216.0,4.034089833333334
80.33333333333333,1168.0,4.374998833333334
80.5,1205.0,4.374998833333334
80.58333333333333,1241.0,4.204544333333334
80.66666666666667,1278.0,3.806817166666667
80.83333333333333,1254.0,3.806817166666667
80.91666666666667,1221.0,3.9204535000000003
81.0,1235.0,3.693180833333334
81.16666666666667,1311.0,3.693180833333334
81.25,1455.0,3.636362666666667
81.33333333333333,1295.0,3.2954536666666665
81.41666666666667,1104.0,4.090908000000001
81.5,1048.0,3.522726333333334
81.66666666666667,1131.0,3.522726333333334
81.75,1229.0,3.9204535000000003
81.83333333333333,1233.0,3.693180833333334
82.0,1278.0,3.693180833333334
82.08333333333333,1353.0,3.5795445000000004
82.16666666666667,1403.0,3.9772716666666668
82.33333333333333,1212.0,3.5795445000000004
82.41666666666667,1083.0,3.5795445000000004
82.5,1052.0,3.693180833333334
82.58333333333333,1052.0,3.352271833333334
82.66666666666667,1098.0,3.636362666666667
82.83333333333333,1188.0,3.636362666666667
82.91666666666667,1239.0,4.090908000000001
83.0,1206.0,3.4659081666666665
83.08333333333333,1098.0,3.2954536666666665
83.16666666666667,1093.0,3.2954536666666665
83.25,1227.0,1.761363166666667
83.33333333333333,1325.0,3.7499990000000003
83.41666666666667,1319.0,2.9545446666666666
83.58333333333333,1207.0,2.9545446666666666
83.58333333333333,1153.0,3.5795445000000004
83.66666666666667,1184.0,3.5795445000000004
83.75,1264.0,3.636362666666667
83.91666666666667,1259.0,3.636362666666667
84.0,1200.0,3.9772716666666668
84.08333333333333,1252.0,3.4659081666666665
84.16666666666667,1263.0,3.4659081666666665
84.25,1234.0,3.2386355
84.41666666666667,1188.0,3.2386355
84.5,1232.0,3.2386355
84.58333333333333,1288.0,3.40909
84.66666666666667,1317.0,3.40909
84.66666666666667,1291.0,3.40909
84.66666666666667,1222.0,3.40909
84.75,1225.0,1.0227270000000002
84.91666666666667,1136.0,3.1249991666666666
85.0,1133.0,3.1818173333333335
85.08333333333333,1294.0,3.4659081666666665
85.16666666666667,1383.0,3.1249991666666666
85.25,1410.0,3.0113628333333335
85.33333333333333,1405.0,3.5795445000000004
85.41666666666667,1336.0,2.8409083333333336
85.58333333333333,1291.0,3.068181
85.66666666666667,1300.0,3.806817166666667
85.75,1316.0,2.8409083333333336
85.83333333333333,1266.0,3.2386355
85.91666666666667,1197.0,3.068181
86.0,1215.0,3.1249991666666666
86.08333333333333,1210.0,3.2386355
86.16666666666667,1376.0,3.068181
86.25,1374.0,3.0113628333333335
86.33333333333333,1374.0,2.8977265
86.41666666666667,1262.0,2.7840901666666666
86.5,1160.0,2.8977265
86.58333333333333,1150.0,3.068181
86.66666666666667,1284.0,2.6136356666666667
86.75,1284.0,3.1249991666666666
86.83333333333333,1208.0,3.068181
86.91666666666667,1182.0,2.9545446666666666
86.91666666666667,1198.0,2.9545446666666666
87.0,1266.0,1.363636
87.08333333333333,1308.0,3.2954536666666665
87.16666666666667,1323.0,2.8409083333333336
87.25,1320.0,3.0113628333333335
87.41666666666667,1247.0,3.0113628333333335
87.5,1201.0,3.522726333333334
87.58333333333333,1152.0,2.9545446666666666
87.66666666666667,1119.0,2.8977265
87.75,1160.0,2.9545446666666666
87.83333333333333,1313.0,2.670453833333333
87.91666666666667,1405.0,3.068181
88.0,1437.0,2.727272
88.08333333333333,1391.0,3.068181
88.08333333333333,1335.0,2.670453833333333
88.16666666666667,1377.0,2.670453833333333
88.25,1404.0,1.363636
88.25,1397.0,2.8409083333333336
88.33333333333333,1355.0,2.5568175
88.41666666666667,1229.0,2.7840901666666666
88.5,1193.0,3.068181
88.58333333333333,1196.0,2.8409083333333336
88.66666666666667,1176.0,2.4431811666666667
88.75,1134.0,3.0113628333333335
88.75,1123.0,3.0113628333333335
88.83333333333333,1111.0,1.4204541666666668
88.91666666666667,1112.0,2.7840901666666666
89.0,1203.0,2.727272
89.08333333333333,1288.0,3.0113628333333335
89.16666666666667,1296.0,2.272726666666667
89.25,1259.0,3.2386355
89.33333333333333,1241.0,2.670453833333333
89.41666666666667,1282.0,3.1818173333333335
89.5,1264.0,2.6136356666666667
89.58333333333333,1199.0,3.1249991666666666
89.66666666666667,1199.0,2.7840901666666666
89.75,1130.0,2.8977265
89.75,1173.0,2.8977265
89.83333333333333,1218.0,1.3068178333333333
89.83333333333333,1199.0,1.3068178333333333
89.83333333333333,1132.0,1.3068178333333333
89.91666666666667,1131.0,0.9090906666666667
90.0,1253.0,3.2386355
90.08333333333333,1328.0,2.7840901666666666
90.16666666666667,1277.0,2.9545446666666666
90.25,1212.0,2.8977265
90.33333333333333,1123.0,2.4999993333333332
90.41666666666667,1235.0,2.8409083333333336
90.5,1326.0,3.1249991666666666
90.58333333333333,1312.0,3.40909
90.66666666666667,1183.0,2.3295448333333333
90.75,1180.0,3.636362666666667
90.83333333333333,1193.0,2.9545446666666666
90.91666666666667,1221.0,2.9545446666666666
91.0,1162.0,2.727272
91.16666666666667,1103.0,2.727272
91.16666666666667,1100.0,3.4659081666666665
91.16666666666667,1102.0,3.4659081666666665
91.25,1080.0,1.3068178333333333
91.25,1023.0,1.3068178333333333
91.33333333333333,1026.0,1.4772723333333333
91.33333333333333,1091.0,1.4772723333333333
91.33333333333333,1188.0,1.4772723333333333
91.41666666666667,1267.0,1.4772723333333333
91.5,1235.0,0.7386361666666666
91.58333333333333,1197.0,2.8977265
91.66666666666667,1162.0,2.8409083333333336
91.75,1087.0,2.8977265
91.83333333333333,1013.0,3.0113628333333335
91.91666666666667,1058.0,2.8977265
92.0,1150.0,2.727272
92.08333333333333,1246.0,3.1818173333333335
92.16666666666667,1301.0,3.068181
92.25,1280.0,2.5568175
92.33333333333333,1278.0,3.2954536666666665
92.41666666666667,1267.0,2.727272
92.41666666666667,1253.0,2.8977265
92.5,1254.0,2.8977265
92.58333333333333,1254.0,1.4772723333333333
92.66666666666667,1256.0,2.727272
92.66666666666667,1262.0,3.068181
92.75,1242.0,3.068181
92.83333333333333,1057.0,3.1249991666666666
92.91666666666667,944.0,3.1249991666666666
93.0,940.0,2.5568175
93.0,1008.0,2.8977265
93.08333333333333,1184.0,1.5340905
93.16666666666667,1295.0,3.2386355
93.25,1310.0,2.8977265
93.25,1310.0,2.8977265
93.33333333333333,1231.0,1.4772723333333333
93.5,1124.0,2.7840901666666666
93.58333333333333,1086.0,4.034089833333334
93.66666666666667,1076.0,2.670453833333333
93.75,1059.0,2.727272
93.83333333333333,1079.0,3.1249991666666666
93.91666666666667,1092.0,2.5568175
94.0,1104.0,3.5795445000000004
94.08333333333333,1081.0,3.1249991666666666
94.16666666666667,1069.0,3.1249991666666666
94.25,1095.0,3.806817166666667
94.25,1124.0,3.806817166666667
94.33333333333333,1145.0,1.4204541666666668
94.41666666666667,1149.0,3.1818173333333335
94.5,1133.0,2.727272
94.58333333333333,1089.0,3.1818173333333335
94.75,991.0,3.1818173333333335
94.83333333333333,965.0,3.5795445000000004
94.83333333333333,1053.0,3.2954536666666665
94.91666666666667,1132.0,3.2954536666666665
95.0,1165.0,1.4204541666666668
95.08333333333333,1141.0,3.9204535000000003
95.16666666666667,1032.0,2.7840901666666666
95.25,970.0,3.40909
95.33333333333333,986.0,3.1249991666666666
95.41666666666667,1041.0,3.1249991666666666
95.5,1088.0,3.1249991666666666
95.58333333333333,1088.0,1.5909086666666667
95.66666666666667,1087.0,3.2386355
95.75,1099.0,3.1818173333333335
95.83333333333333,1099.0,2.9545446666666666
95.83333333333333,1127.0,3.068181
95.91666666666667,1150.0,1.5340905
96.0,1140.0,3.2954536666666665
96.0,1107.0,3.2954536666666665
96.08333333333333,1101.0,3.2954536666666665
96.16666666666667,1098.0,1.0795451666666667
96.25,1061.0,3.1249991666666666
96.33333333333333,1033.0,3.1249991666666666
96.41666666666667,1049.0,3.0113628333333335
96.5,1061.0,3.352271833333334
96.58333333333333,1080.0,3.4659081666666665
96.66666666666667,1083.0,3.522726333333334
96.83333333333333,1083.0,3.522726333333334
96.91666666666667,1087.0,3.2386355
96.91666666666667,1076.0,3.1818173333333335
97.0,1080.0,3.1818173333333335
97.0,1108.0,1.5909086666666667
97.08333333333333,1144.0,1.5340905
97.16666666666667,1190.0,3.0113628333333335
97.25,1136.0,3.40909
97.25,1103.0,3.40909
97.41666666666667,1090.0,3.40909
97.5,1114.0,3.1818173333333335
97.58333333333333,1131.0,3.1249991666666666
97.66666666666667,1124.0,2.9545446666666666
97.75,1060.0,3.068181
97.83333333333333,1036.0,3.068181
97.91666666666667,1034.0,3.352271833333334
98.0,1059.0,2.670453833333333
98.08333333333333,1038.0,3.2386355
98.25,992.0,3.2386355
98.33333333333333,964.0,3.40909
98.41666666666667,1022.0,3.068181
98.5,1116.0,2.9545446666666666
98.58333333333333,1175.0,3.1818173333333335
98.66666666666667,1230.0,3.40909
98.75,1274.0,4.034089833333334
98.83333333333333,1310.0,2.9545446666666666
98.91666666666667,1305.0,2.9545446666666666
99.0,1228.0,1.5909086666666667
99.08333333333333,1065.0,3.1818173333333335
99.08333333333333,1072.0,3.068181
99.16666666666667,1072.0,3.068181
99.25,1132.0,3.2386355
99.25,1173.0,3.2386355
99.33333333333333,1179.0,1.6477268333333333
99.5,1225.0,3.1249991666666666
99.58333333333333,1224.0,3.522726333333334
99.66666666666667,1165.0,2.727272
99.75,1114.0,3.806817166666667
99.83333333333333,1071.0,3.5795445000000004
99.91666666666667,1079.0,3.352271833333334
100.0,1101.0,2.9545446666666666
100.08333333333333,1098.0,3.2954536666666665
100.16666666666667,1108.0,3.2954536666666665
100.25,1140.0,1.5340905
100.33333333333333,1202.0,3.0113628333333335
100.41666666666667,1270.0,4.147726166666667
100.5,1303.0,3.2386355
100.5,1279.0,3.2386355
100.58333333333333,1223.0,1.5909086666666667
100.58333333333333,1228.0,1.5909086666666667
100.58333333333333,1260.0,1.5909086666666667
100.66666666666667,1278.0,1.5909086666666667
100.75,1205.0,0.7954543333333334
100.75,1178.0,3.0113628333333335
100.83333333333333,1156.0,3.0113628333333335
100.91666666666667,1160.0,3.4659081666666665
101.0,1134.0,2.9545446666666666
101.16666666666667,1218.0,2.9545446666666666
101.25,1344.0,3.352271833333334
101.33333333333333,1436.0,3.2386355
101.41666666666667,1441.0,3.2386355
101.5,1359.0,3.1818173333333335
101.5,1273.0,3.1818173333333335
101.58333333333333,1200.0,1.6477268333333333
101.66666666666667,1161.0,3.2954536666666665
101.83333333333333,1116.0,3.2954536666666665
101.83333333333333,1123.0,3.2954536666666665
101.83333333333333,1165.0,3.2954536666666665
101.91666666666667,1208.0,3.2954536666666665
101.91666666666667,1207.0,1.0795451666666667
101.91666666666667,1178.0,1.0795451666666667
102.0,1175.0,1.0795451666666667
102.16666666666667,1207.0,1.0795451666666667
102.25,1207.0,3.2386355
102.33333333333333,1238.0,3.636362666666667
102.41666666666667,1195.0,2.9545446666666666
102.5,1110.0,3.522726333333334
102.58333333333333,1031.0,3.2954536666666665
102.75,977.0,3.2954536666666665
102.83333333333333,1018.0,3.2954536666666665
102.83333333333333,1108.0,2.8409083333333336
102.91666666666667,1176.0,2.8409083333333336
103.0,1191.0,3.1818173333333335
103.08333333333333,1220.0,3.1249991666666666
103.16666666666667,1232.0,2.8977265
103.25,1256.0,3.40909
103.33333333333333,1233.0,3.40909
103.33333333333333,1178.0,1.704545
103.33333333333333,1088.0,1.704545
103.33333333333333,1051.0,1.704545
103.41666666666667,1045.0,0.7954543333333334
103.5,1051.0,3.636362666666667
103.58333333333333,1112.0,3.5795445000000004
103.75,1112.0,3.5795445000000004
103.83333333333333,1116.0,3.352271833333334
103.91666666666667,1138.0,3.2954536666666665
104.0,1201.0,3.40909
104.08333333333333,1264.0,3.2386355
104.16666666666667,1297.0,3.2954536666666665
104.33333333333333,1279.0,3.1818173333333335
104.41666666666667,1240.0,2.9545446666666666
104.5,1172.0,3.693180833333334
104.58333333333333,1186.0,3.522726333333334
104.66666666666667,1214.0,3.2386355
104.75,1226.0,3.2386355
104.75,1160.0,3.2386355
104.91666666666667,1127.0,3.2386355
104.91666666666667,1142.0,3.2954536666666665
104.91666666666667,1155.0,3.2954536666666665
105.0,1158.0,3.2954536666666665
105.08333333333333,1160.0,3.1249991666666666
105.16666666666667,1168.0,3.636362666666667
105.16666666666667,1181.0,3.636362666666667
105.33333333333333,1199.0,3.636362666666667
105.41666666666667,1203.0,2.8977265
105.5,1203.0,3.7499990000000003
105.58333333333333,1203.0,3.2954536666666665
105.66666666666667,1203.0,3.068181
105.75,1188.0,3.40909
105.75,1168.0,3.40909
105.91666666666667,1137.0,3.40909
106.0,1150.0,3.636362666666667
106.08333333333333,1175.0,3.0113628333333335
106.16666666666667,1182.0,3.1249991666666666
106.16666666666667,1155.0,3.1249991666666666
106.16666666666667,1119.0,3.1249991666666666
106.25,1124.0,1.0795451666666667
106.41666666666667,1118.0,3.1249991666666666
106.41666666666667,1079.0,3.2954536666666665
106.5,1017.0,3.2954536666666665
106.58333333333333,1018.0,1.5909086666666667
106.66666666666667,1078.0,3.1249991666666666
106.75,1172.0,2.8977265
106.83333333333333,1344.0,3.1249991666666666
107.0,1313.0,3.1249991666666666
107.08333333333333,1189.0,3.2954536666666665
107.16666666666667,1072.0,3.0113628333333335
107.16666666666667,1076.0,3.0113628333333335
107.16666666666667,1112.0,3.0113628333333335
107.25,1116.0,1.0795451666666667
107.33333333333333,1115.0,3.1818173333333335
107.41666666666667,1142.0,3.068181
107.5,1258.0,3.1818173333333335
107.58333333333333,1236.0,3.1249991666666666
107.75,1159.0,3.1249991666666666
107.83333333333333,1087.0,3.4659081666666665
107.91666666666667,1087.0,3.0113628333333335
108.0,1129.0,3.068181
108.08333333333333,1205.0,2.8977265
108.16666666666667,1260.0,3.2954536666666665
108.25,1231.0,2.8409083333333336
108.33333333333333,1160.0,3.2954536666666665
108.41666666666667,1165.0,3.2954536666666665
108.5,1229.0,3.068181
108.58333333333333,1240.0,2.8977265
108.66666666666667,1378.0,3.2954536666666665
108.75,1367.0,2.8409083333333336
108.83333333333333,1309.0,3.1249991666666666
108.91666666666667,1309.0,2.670453833333333
109.0,1252.0,3.0113628333333335
109.08333333333333,1272.0,3.0113628333333335
109.16666666666667,1195.0,3.068181
109.25,1086.0,2.727272
109.33333333333333,1015.0,2.727272
109.41666666666667,1075.0,2.727272
109.41666666666667,1257.0,2.727272
109.5,1288.0,1.363636
109.58333333333333,1262.0,2.727272
109.66666666666667,1216.0,2.8409083333333336
109.75,1230.0,2.8409083333333336
109.83333333333333,1270.0,3.1818173333333335
109.91666666666667,1307.0,2.8977265
110.0,1342.0,2.670453833333333
110.08333333333333,1359.0,2.670453833333333
110.16666666666667,1325.0,2.670453833333333
110.25,1295.0,2.3295448333333333
110.33333333333333,1244.0,3.1249991666666666
110.41666666666667,1233.0,2.4999993333333332
110.5,1266.0,2.9545446666666666
110.58333333333333,1245.0,2.670453833333333
110.58333333333333,1226.0,2.670453833333333
110.66666666666667,1257.0,2.102272166666667
110.75,1313.0,2.670453833333333
110.83333333333333,1301.0,3.0113628333333335
110.91666666666667,1326.0,2.5568175
111.0,1369.0,2.727272
111.08333333333333,1361.0,2.727272
111.16666666666667,1244.0,2.4431811666666667
111.16666666666667,1167.0,2.5568175
111.16666666666667,1135.0,2.5568175
111.25,1148.0,1.1931815000000001
111.25,1171.0,1.1931815000000001
111.25,1187.0,1.1931815000000001
111.33333333333333,1247.0,1.1931815000000001
111.41666666666667,1342.0,0.7954543333333334
111.41666666666667,1370.0,2.4999993333333332
111.41666666666667,1379.0,2.4999993333333332
111.5,1332.0,1.1931815000000001
111.58333333333333,1309.0,2.102272166666667
111.66666666666667,1318.0,2.102272166666667
111.66666666666667,1382.0,2.0454540000000003
111.75,1382.0,2.102272166666667
111.83333333333333,1398.0,2.7840901666666666
111.91666666666667,1375.0,2.1590903333333333
112.0,1357.0,2.1590903333333333
112.0,1371.0,1.9886358333333334
112.08333333333333,1369.0,1.9886358333333334
112.16666666666667,1352.0,1.761363166666667
112.16666666666667,1338.0,2.2159085000000003
112.25,1367.0,2.102272166666667
112.33333333333333,1435.0,2.102272166666667
112.33333333333333,1432.0,1.8749995000000002
112.41666666666667,1425.0,1.761363166666667
112.41666666666667,1423.0,1.761363166666667
112.41666666666667,1450.0,1.761363166666667
112.5,1486.0,0.9090906666666667
112.5,1474.0,0.9090906666666667
112.58333333333333,1420.0,1.5340905
112.58333333333333,1259.0,1.5340905
112.58333333333333,1253.0,1.5340905
112.66666666666667,1333.0,1.5340905
112.66666666666667,1433.0,0.8522725
112.66666666666667,1479.0,0.8522725
112.66666666666667,1487.0,0.8522725
112.75,1459.0,0.8522725
112.75,1458.0,0.681818
112.75,1431.0,0.681818
112.83333333333333,1416.0,1.0795451666666667
112.83333333333333,1365.0,1.0795451666666667
112.91666666666667,1311.0,1.6477268333333333
112.91666666666667,1287.0,1.6477268333333333
113.0,1334.0,1.1931815000000001
113.0,1366.0,1.1931815000000001
113.08333333333333,1354.0,1.1931815000000001
113.08333333333333,1332.0,1.2499996666666666
113.08333333333333,1318.0,1.2499996666666666
113.16666666666667,1435.0,1.1931815000000001
113.16666666666667,1473.0,1.1931815000000001
113.25,1470.0,1.1931815000000001
113.25,1469.0,1.1931815000000001
113.33333333333333,1346.0,1.1931815000000001
113.33333333333333,1344.0,1.2499996666666666
113.33333333333333,1348.0,1.2499996666666666
113.41666666666667,1348.0,1.2499996666666666
113.41666666666667,1316.0,0.9090906666666667
113.41666666666667,1245.0,0.9090906666666667
113.5,1175.0,0.9090906666666667
113.5,1201.0,0.9659088333333334
113.5,1207.0,0.9659088333333334
113.5,1229.0,0.9659088333333334
113.58333333333333,1276.0,0.8522725
113.58333333333333,1337.0,0.8522725
113.58333333333333,1368.0,0.8522725
113.66666666666667,1389.0,0.8522725
113.66666666666667,1377.0,0.9090906666666667
113.66666666666667,1353.0,0.9090906666666667
113.66666666666667,1330.0,0.9090906666666667
113.75,1306.0,0.9090906666666667
113.75,1299.0,0.681818
113.75,1315.0,0.681818
113.83333333333333,1357.0,0.681818
113.83333333333333,1388.0,0.8522725
113.83333333333333,1436.0,0.8522725
113.83333333333333,1441.0,0.8522725
113.83333333333333,1400.0,0.8522725
113.91666666666667,1368.0,0.8522725
113.91666666666667,1352.0,0.6249998333333333
113.91666666666667,1342.0,0.6249998333333333
113.91666666666667,1345.0,0.6249998333333333
113.91666666666667,1333.0,0.6249998333333333
113.91666666666667,1287.0,0.6249998333333333
114.0,1252.0,0.5113635000000001
114.0,1293.0,0.5113635000000001
114.0,1355.0,0.5113635000000001
114.0,1362.0,0.5113635000000001
114.0,1309.0,0.5113635000000001
114.0,1263.0,0.5113635000000001
114.08333333333333,1265.0,0.5113635000000001
114.08333333333333,1289.0,0.3977271666666667
114.08333333333333,1301.0,0.3977271666666667
114.08333333333333,1297.0,0.3977271666666667
114.08333333333333,1291.0,0.3977271666666667
114.08333333333333,1284.0,0.3977271666666667
114.08333333333333,1273.0,0.3977271666666667
114.08333333333333,1271.0,0.3977271666666667
114.08333333333333,1293.0,0.3977271666666667
114.08333333333333,1293.0,0.3977271666666667
114.08333333333333,1315.0,0.3977271666666667
114.16666666666667,1306.0,0.3977271666666667
114.16666666666667,1291.0,0.22727266666666668
114.16666666666667,1268.0,0.22727266666666668
114.16666666666667,1257.0,0.22727266666666668
114.16666666666667,1262.0,0.22727266666666668
114.16666666666667,1282.0,0.22727266666666668
114.16666666666667,1309.0,0.22727266666666668
114.16666666666667,1389.0,0.22727266666666668
114.16666666666667,1400.0,0.22727266666666668
114.16666666666667,1386.0,0.22727266666666668
114.16666666666667,1363.0,0.22727266666666668
114.16666666666667,1308.0,0.22727266666666668
114.16666666666667,1243.0,0.22727266666666668
114.16666666666667,1197.0,0.22727266666666668
114.16666666666667,1200.0,0.22727266666666668
114.16666666666667,1260.0,0.22727266666666668
114.16666666666667,1372.0,0.22727266666666668
114.16666666666667,1358.0,0.22727266666666668
114.16666666666667,1282.0,0.22727266666666668
114.16666666666667,1208.0,0.22727266666666668
114.16666666666667,1189.0,0.22727266666666668
114.16666666666667,1238.0,0.22727266666666668
114.16666666666667,1240.0,0.22727266666666668
114.16666666666667,1306.0,0.22727266666666668
114.16666666666667,1266.0,0.22727266666666668
114.16666666666667,1221.0,0.22727266666666668
114.16666666666667,1268.0,0.22727266666666668
114.16666666666667,1321.0,0.22727266666666668
114.16666666666667,1332.0,0.22727266666666668
114.16666666666667,1289.0,0.22727266666666668
114.16666666666667,1247.0,0.22727266666666668
114.16666666666667,1206.0,0.22727266666666668
114.16666666666667,1180.0,0.22727266666666668
114.16666666666667,1209.0,0.22727266666666668
114.16666666666667,1305.0,0.22727266666666668
114.16666666666667,1380.0,0.22727266666666668
114.16666666666667,1380.0,0.22727266666666668
114.16666666666667,1312.0,0.22727266666666668
114.16666666666667,1175.0,0.22727266666666668
114.16666666666667,1186.0,0.22727266666666668
114.16666666666667,1271.0,0.22727266666666668
114.16666666666667,1271.0,0.22727266666666668
114.16666666666667,1369.0,0.22727266666666668
114.16666666666667,1364.0,0.22727266666666668
114.16666666666667,1249.0,0.22727266666666668
114.16666666666667,1154.0,0.22727266666666668
114.16666666666667,1119.0,0.22727266666666668
114.16666666666667,1184.0,0.22727266666666668
114.16666666666667,1270.0,0.22727266666666668
114.16666666666667,1271.0,0.22727266666666668
114.16666666666667,1249.0,0.22727266666666668
114.16666666666667,1248.0,0.0
114.16666666666667,1236.0,0.0
114.16666666666667,1247.0,0.0
114.16666666666667,1233.0,0.0
114.16666666666667,1208.0,0.0
114.16666666666667,1184.0,0.0
114.16666666666667,1236.0,0.0
114.16666666666667,1360.0,0.0
114.16666666666667,1383.0,0.0
114.16666666666667,1278.0,0.0
114.16666666666667,1096.0,0.0
114.16666666666667,1115.0,0.0
114.16666666666667,1213.0,0.0
114.16666666666667,1318.0,0.0
114.16666666666667,1285.0,0.0
114.16666666666667,1185.0,0.0
114.16666666666667,1106.0,0.0
114.16666666666667,1100.0,0.0
114.16666666666667,1175.0,0.0
114.16666666666667,1231.0,0.0
114.16666666666667,1204.0,0.0
114.16666666666667,1142.0,0.0
114.16666666666667,1076.0,0.0
114.16666666666667,963.0,0.0
114.16666666666667,922.0,0.0
114.16666666666667,932.0,0.0
114.16666666666667,958.0,0.0
114.16666666666667,1006.0,0.0
114.16666666666667,1090.0,0.0
114.16666666666667,1101.0,0.0
114.16666666666667,1069.0,0.0
114.16666666666667,1026.0,0.0
114.16666666666667,1026.0,0.0
114.16666666666667,1033.0,0.0
114.16666666666667,1081.0,0.0
114.16666666666667,1130.0,0.0
114.16666666666667,1177.0,0.0
114.16666666666667,1179.0,0.0
114.16666666666667,1111.0,0.0
114.16666666666667,1065.0,0.0
114.16666666666667,1076.0,0.0
114.16666666666667,1140.0,0.0
114.16666666666667,1184.0,0.0
114.16666666666667,1202.0,0.0
114.16666666666667,1168.0,0.0
114.16666666666667,1148.0,0.0
114.16666666666667,1195.0,0.0
114.16666666666667,1239.0,0.0
114.16666666666667,1238.0,0.0
114.16666666666667,1200.0,0.0
114.16666666666667,1146.0,0.0
114.16666666666667,1189.0,0.0
114.16666666666667,1245.0,0.0
114.16666666666667,1277.0,0.0
114.16666666666667,1261.0,0.0
114.16666666666667,1205.0,0.0
114.16666666666667,1204.0,0.0
114.16666666666667,1178.0,0.0
114.16666666666667,1141.0,0.0
114.16666666666667,1142.0,0.0
114.16666666666667,1158.0,0.0
114.16666666666667,1177.0,0.0
114.16666666666667,1178.0,0.0
114.16666666666667,1179.0,0.0
114.16666666666667,1179.0,0.0
114.16666666666667,1175.0,0.0
114.16666666666667,1171.0,0.0
114.16666666666667,1159.0,0.0
114.16666666666667,1144.0,0.0
114.16666666666667,1133.0,0.0
114.16666666666667,1133.0,0.0
114.16666666666667,1130.0,0.0
114.16666666666667,1102.0,0.0
114.16666666666667,1076.0,0.0
114.16666666666667,1065.0,0.0
114.16666666666667,1065.0,0.0
114.16666666666667,1066.0,0.0
114.16666666666667,1068.0,0.0
114.16666666666667,1029.0,0.0
114.16666666666667,980.0,0.0
114.16666666666667,925.0,0.0
114.16666666666667,874.0,0.0
114.16666666666667,771.0,0.0
114.16666666666667,741.0,0.0
114.16666666666667,706.0,0.0
114.16666666666667,702.0,0.0
114.16666666666667,588.0,0.0
114.16666666666667,510.0,0.0
114.16666666666667,465.0,0.0
114.16666666666667,422.0,0.0
114.16666666666667,385.0,0.0
114.16666666666667,327.0,0.0
114.16666666666667,295.0,0.0
114.16666666666667,268.0,0.0
114.16666666666667,245.0,0.0
114.16666666666667,208.0,0.0
114.16666666666667,187.0,0.0
114.16666666666667,169.0,0.0
114.16666666666667,151.0,0.0
114.16666666666667,144.0,0.0
114.16666666666667,108.0,0.0
114.16666666666667,92.0,0.0
114.16666666666667,76.0,0.0
114.16666666666667,61.0,0.0
114.16666666666667,40.0,0.0
114.16666666666667,31.0,0.0
114.16666666666667,23.0,0.0
114.16666666666667,15.0,0.0
114.16666666666667,5.0,0.0
114.16666666666667,0.0,0.0
114.16666666666667,0.0,0.0
114.16666666666667,0.0,0.0
114.16666666666667,0.0,0.0
114.16666666666667,0.0,0.0
114.16666666666667,0.0,0.0
114.16666666666667,0.0,0.0
114.16666666666667,0.0,0.0
114.16666666666667,0.0,0.0
114.16666666666667,0.0,0.0
114.16666666666667,0.0,0.0
114.16666666666667,0.0,0.0
114.16666666666667,0.0,0.0
114.16666666666667,0.0,0.0
114.16666666666667,0.0,0.0
114.16666666666667,0.0,0.0
114.16666666666667,0.0,0.0
114.16666666666667,0.0,0.0
114.16666666666667,0.0,0.0
