0.0,0.0,0.0
0.0,0.0,0.0
0.0,0.0,0.0
0.0,0.0,0.0
0.0,0.0,0.0
0.0,0.0,0.0
0.0,0.0,0.0
0.0,0.0,0.0
0.0,0.0,0.0
0.0,0.0,0.0
0.0,0.0,0.0
0.0,0.0,0.0
0.0,0.0,0.0
0.0,0.0,0.0
0.0,0.0,0.0
0.0,0.0,0.0
0.0,0.0,0.0
0.0,0.0,0.0
0.0,0.0,0.0
0.0,0.0,0.0
0.0,0.0,0.0
0.0,0.0,0.0
0.0,0.0,0.0
0.0,0.0,0.0
0.0,0.0,0.0
0.0,0.0,0.0
0.0,0.0,0.0
0.0,0.0,0.0
0.0,0.0,0.0
0.0,0.0,0.0
0.0,0.0,0.0
0.0,0.0,0.0
0.0,0.0,0.0
0.0,0.0,0.0
0.0,0.0,0.0
0.0,0.0,0.0
0.0,0.0,0.0
0.0,0.0,0.0
0.0,0.0,0.0
0.0,0.0,0.0
0.0,0.0,0.0
0.0,0.0,0.0
0.0,0.0,0.0
0.0,0.0,0.0
0.0,0.0,0.0
0.0,0.0,0.0
0.0,0.0,0.0
0.0,0.0,0.0
0.0,0.0,0.0
0.0,0.0,0.0
0.0,0.0,0.0
0.0,0.0,0.0
0.0,0.0,0.0
0.0,0.0,0.0
0.0,0.0,0.0
0.0,0.0,0.0
0.0,0.0,0.0
0.0,0.0,0.0
0.0,0.0,0.0
0.08333333333333333,585.0,0.05681816666666667
0.08333333333333333,578.0,0.05681816666666667
0.08333333333333333,575.0,0.05681816666666667
0.08333333333333333,581.0,0.05681816666666667
0.08333333333333333,611.0,0.05681816666666667
0.08333333333333333,660.0,0.05681816666666667
0.08333333333333333,665.0,0.05681816666666667
0.08333333333333333,643.0,0.05681816666666667
0.08333333333333333,624.0,0.05681816666666667
0.08333333333333333,641.0,0.05681816666666667
0.08333333333333333,668.0,0.05681816666666667
0.08333333333333333,799.0,0.05681816666666667
0.08333333333333333,799.0,0.05681816666666667
0.25,834.0,0.1704545
0.25,918.0,0.1704545
0.25,992.0,0.1704545
0.25,1013.0,0.1704545
0.3333333333333333,888.0,0.1704545
0.3333333333333333,811.0,0.28409083333333335
0.3333333333333333,844.0,0.28409083333333335
0.3333333333333333,938.0,0.28409083333333335
0.3333333333333333,930.0,0.28409083333333335
0.3333333333333333,954.0,0.28409083333333335
0.3333333333333333,1000.0,0.28409083333333335
0.3333333333333333,1007.0,0.28409083333333335
0.4166666666666667,1109.0,0.28409083333333335
0.4166666666666667,1221.0,0.340909
0.4166666666666667,1227.0,0.340909
0.4166666666666667,1227.0,0.340909
0.4166666666666667,1132.0,0.340909
0.4166666666666667,1142.0,0.340909
0.4166666666666667,1200.0,0.340909
0.5,1156.0,0.340909
0.5,1064.0,0.3977271666666667
0.5,992.0,0.3977271666666667
0.5,1051.0,0.3977271666666667
0.5,1052.0,0.3977271666666667
0.5,1059.0,0.3977271666666667
0.5833333333333334,997.0,0.3977271666666667
0.5833333333333334,958.0,0.45454533333333336
0.5833333333333334,1104.0,0.45454533333333336
0.5833333333333334,1206.0,0.45454533333333336
0.5833333333333334,1244.0,0.45454533333333336
0.5833333333333334,1233.0,0.45454533333333336
0.6666666666666666,1188.0,0.5681816666666667
0.6666666666666666,1139.0,0.5681816666666667
0.6666666666666666,1169.0,0.5681816666666667
0.6666666666666666,1230.0,0.5681816666666667
0.75,1215.0,0.6249998333333333
0.75,1153.0,0.6249998333333333
0.75,1158.0,0.6249998333333333
0.75,1061.0,0.6249998333333333
0.75,1251.0,0.6249998333333333
0.8333333333333334,1339.0,0.6249998333333333
0.8333333333333334,1266.0,0.6249998333333333
0.8333333333333334,1099.0,0.6249998333333333
0.9166666666666666,1124.0,0.6249998333333333
0.9166666666666666,1311.0,0.7386361666666666
0.9166666666666666,1331.0,0.7386361666666666
0.9166666666666666,1180.0,0.7386361666666666
1.0,980.0,0.7386361666666666
1.0,1063.0,0.7954543333333334
1.1666666666666667,1074.0,0.9090906666666667
1.1666666666666667,977.0,0.9090906666666667
1.25,1087.0,0.9659088333333334
1.25,1087.0,0.9659088333333334
1.3333333333333333,1161.0,0.9659088333333334
1.3333333333333333,1127.0,1.0227270000000002
1.3333333333333333,1101.0,1.0227270000000002
1.4166666666666667,1178.0,1.0795451666666667
1.4166666666666667,1131.0,1.0795451666666667
1.4166666666666667,1064.0,1.0795451666666667
1.4166666666666667,1113.0,1.0795451666666667
1.5,1285.0,1.0795451666666667
1.5,1227.0,0.5113635000000001
1.5,1073.0,0.5113635000000001
1.5833333333333333,981.0,1.0795451666666667
1.5833333333333333,1114.0,1.0795451666666667
1.6666666666666667,1239.0,1.0795451666666667
1.6666666666666667,1291.0,1.1363633333333334
1.75,1232.0,1.1363633333333334
1.75,1080.0,1.4204541666666668
1.75,1100.0,1.4204541666666668
1.9166666666666667,1223.0,0.6249998333333333
1.9166666666666667,1322.0,0.6249998333333333
1.9166666666666667,1264.0,0.6249998333333333
1.9166666666666667,1146.0,0.6249998333333333
1.9166666666666667,1115.0,0.6249998333333333
2.0,1174.0,0.45454533333333336
2.0,1293.0,0.45454533333333336
2.0833333333333335,1265.0,0.45454533333333336
2.0833333333333335,1152.0,1.3068178333333333
2.1666666666666665,1097.0,1.8749995000000002
2.25,1245.0,1.8749995000000002
2.25,1247.0,1.1931815000000001
2.3333333333333335,1097.0,1.5909086666666667
2.3333333333333335,1025.0,1.5909086666666667
2.3333333333333335,1282.0,1.5909086666666667
2.3333333333333335,1420.0,1.5909086666666667
2.3333333333333335,1346.0,1.5909086666666667
2.4166666666666665,1346.0,1.5909086666666667
2.4166666666666665,1215.0,0.5113635000000001
2.4166666666666665,1279.0,0.5113635000000001
2.5833333333333335,1190.0,1.4772723333333333
2.5833333333333335,1488.0,1.4772723333333333
2.5833333333333335,1506.0,1.4772723333333333
2.6666666666666665,1419.0,0.8522725
2.6666666666666665,1227.0,0.8522725
2.75,1330.0,1.5909086666666667
2.8333333333333335,1479.0,1.5909086666666667
2.8333333333333335,1410.0,2.1590903333333333
2.9166666666666665,1295.0,2.1590903333333333
3.3333333333333335,1206.0,0.9090906666666667
3.4166666666666665,1385.0,1.704545
3.5,1470.0,2.1590903333333333
3.5833333333333335,1252.0,2.1590903333333333
3.5833333333333335,1249.0,1.8749995000000002
3.6666666666666665,1260.0,2.102272166666667
4.083333333333333,1484.0,3.1818173333333335
4.166666666666667,1216.0,2.5568175
4.25,1216.0,2.5568175
4.333333333333333,1325.0,2.670453833333333
4.416666666666667,1543.0,2.1590903333333333
4.5,1595.0,2.6136356666666667
4.5,1392.0,2.7840901666666666
4.5,1415.0,2.7840901666666666
4.583333333333333,1463.0,1.363636
4.583333333333333,1463.0,1.363636
4.75,1458.0,1.4204541666666668
4.75,1481.0,3.522726333333334
4.833333333333333,1520.0,2.3295448333333333
4.916666666666667,1516.0,2.3295448333333333
5.0,1498.0,1.4772723333333333
5.0,1630.0,3.2386355
5.083333333333333,1713.0,3.2386355
5.083333333333333,1657.0,1.4772723333333333
5.083333333333333,1589.0,1.4772723333333333
5.083333333333333,1623.0,1.4772723333333333
5.166666666666667,1660.0,1.4772723333333333
5.25,1558.0,0.7386361666666666
5.333333333333333,1416.0,1.704545
5.416666666666667,1452.0,3.1249991666666666
5.5,1442.0,3.522726333333334
5.666666666666667,1422.0,3.068181
5.75,1438.0,3.068181
5.75,1455.0,3.40909
5.833333333333333,1401.0,3.40909
5.916666666666667,1383.0,3.068181
6.0,1351.0,3.0113628333333335
6.166666666666667,1264.0,3.0113628333333335
6.25,1231.0,3.522726333333334
6.333333333333333,1210.0,2.8977265
6.416666666666667,1133.0,3.352271833333334
6.5,1080.0,3.0113628333333335
6.583333333333333,1054.0,3.636362666666667
6.75,980.0,3.4659081666666665
6.833333333333333,937.0,3.40909
6.833333333333333,947.0,3.636362666666667
7.0,958.0,3.636362666666667
7.083333333333333,921.0,3.8636353333333338
7.166666666666667,881.0,3.1249991666666666
7.25,861.0,4.261362500000001
7.416666666666667,861.0,4.261362500000001
7.5,856.0,4.147726166666667
7.5,769.0,3.636362666666667
7.5,697.0,3.636362666666667
7.583333333333333,689.0,1.1931815000000001
7.666666666666667,710.0,1.1931815000000001
7.75,681.0,3.636362666666667
7.833333333333333,661.0,3.5795445000000004
7.833333333333333,573.0,3.5795445000000004
7.833333333333333,513.0,3.5795445000000004
7.833333333333333,493.0,3.5795445000000004
7.916666666666667,456.0,0.7386361666666666
7.916666666666667,411.0,0.7386361666666666
8.0,386.0,1.1931815000000001
8.083333333333334,370.0,3.5795445000000004
8.25,381.0,3.5795445000000004
8.333333333333334,411.0,2.9545446666666666
8.416666666666666,425.0,3.7499990000000003
8.5,403.0,4.090908000000001
8.666666666666666,368.0,3.7499990000000003
8.75,383.0,3.40909
8.833333333333334,388.0,3.40909
8.916666666666666,418.0,3.1818173333333335
9.083333333333334,424.0,3.5795445000000004
9.166666666666666,444.0,4.147726166666667
9.25,461.0,3.2386355
9.25,441.0,3.40909
9.25,400.0,3.40909
9.333333333333334,367.0,1.1931815000000001
9.416666666666666,367.0,1.1931815000000001
9.416666666666666,387.0,1.5909086666666667
9.5,396.0,1.8181813333333334
9.583333333333334,366.0,3.693180833333334
9.75,324.0,3.693180833333334
9.833333333333334,336.0,3.4659081666666665
9.916666666666666,333.0,3.068181
10.0,359.0,3.4659081666666665
10.166666666666666,369.0,3.8636353333333338
10.25,378.0,3.9204535000000003
10.333333333333334,399.0,3.7499990000000003
10.333333333333334,428.0,2.8409083333333336
10.333333333333334,407.0,2.8409083333333336
10.5,407.0,2.8409083333333336
10.583333333333334,385.0,3.9204535000000003
10.666666666666666,394.0,3.636362666666667
10.666666666666666,394.0,3.2386355
10.75,384.0,3.2386355
10.833333333333334,390.0,1.1931815000000001
10.916666666666666,392.0,3.2386355
11.0,393.0,3.40909
11.083333333333334,392.0,4.9431805
11.25,413.0,4.9431805
11.333333333333334,435.0,3.636362666666667
11.416666666666666,442.0,3.9204535000000003
11.5,446.0,3.636362666666667
11.5,463.0,3.636362666666667
11.583333333333334,552.0,3.636362666666667
11.666666666666666,575.0,1.1931815000000001
11.75,568.0,3.40909
11.833333333333334,548.0,2.8409083333333336
12.0,545.0,3.352271833333334
12.0,571.0,4.090908000000001
12.0,570.0,4.090908000000001
12.083333333333334,538.0,1.1363633333333334
12.166666666666666,566.0,3.4659081666666665
12.25,623.0,3.2386355
12.333333333333334,627.0,3.2954536666666665
12.333333333333334,624.0,3.2954536666666665
12.416666666666666,618.0,3.2954536666666665
12.5,622.0,3.9204535000000003
12.583333333333334,645.0,3.4659081666666665
12.75,656.0,3.4659081666666665
12.833333333333334,666.0,3.4659081666666665
12.916666666666666,680.0,3.068181
13.0,656.0,3.636362666666667
13.083333333333334,635.0,3.2954536666666665
13.166666666666666,648.0,3.0113628333333335
13.25,672.0,2.7840901666666666
13.333333333333334,682.0,3.0113628333333335
13.416666666666666,684.0,3.0113628333333335
13.5,689.0,1.8181813333333334
13.583333333333334,685.0,3.1818173333333335
13.666666666666666,708.0,3.2386355
13.666666666666666,733.0,3.2386355
13.666666666666666,749.0,3.2386355
13.666666666666666,749.0,3.2386355
13.75,759.0,3.2386355
13.833333333333334,770.0,3.4659081666666665
13.916666666666666,753.0,3.40909
14.083333333333334,744.0,3.40909
14.166666666666666,746.0,3.693180833333334
14.25,767.0,3.352271833333334
14.25,789.0,3.352271833333334
14.25,764.0,3.352271833333334
14.25,742.0,3.352271833333334
14.416666666666666,742.0,3.352271833333334
14.5,774.0,4.034089833333334
14.583333333333334,771.0,3.40909
14.583333333333334,747.0,3.40909
14.583333333333334,737.0,3.40909
14.666666666666666,748.0,3.40909
14.666666666666666,759.0,0.8522725
14.666666666666666,742.0,0.8522725
14.666666666666666,725.0,0.8522725
14.833333333333334,723.0,0.8522725
14.833333333333334,732.0,4.545453333333334
14.916666666666666,735.0,1.704545
15.0,728.0,3.068181
15.083333333333334,746.0,3.806817166666667
15.166666666666666,776.0,3.806817166666667
15.25,785.0,1.761363166666667
15.333333333333334,775.0,3.1249991666666666
15.416666666666666,772.0,3.9772716666666668
15.5,787.0,3.522726333333334
15.583333333333334,784.0,2.7840901666666666
15.583333333333334,749.0,2.7840901666666666
15.666666666666666,726.0,1.1931815000000001
15.75,718.0,3.2386355
15.833333333333334,711.0,3.4659081666666665
15.833333333333334,687.0,3.4659081666666665
15.916666666666666,687.0,3.4659081666666665
16.0,633.0,1.0795451666666667
16.083333333333332,616.0,3.4659081666666665
16.25,649.0,3.4659081666666665
16.333333333333332,628.0,3.7499990000000003
16.416666666666668,565.0,2.7840901666666666
16.5,523.0,4.488635166666667
16.583333333333332,592.0,3.693180833333334
16.75,592.0,3.693180833333334
16.833333333333332,617.0,3.352271833333334
16.916666666666668,593.0,3.5795445000000004
17.0,578.0,3.4659081666666665
17.083333333333332,644.0,2.8977265
17.083333333333332,671.0,2.8977265
17.166666666666668,675.0,1.6477268333333333
17.25,669.0,1.6477268333333333
17.25,689.0,1.761363166666667
17.25,725.0,1.761363166666667
17.25,723.0,1.761363166666667
17.333333333333332,720.0,0.8522725
17.416666666666668,707.0,0.8522725
17.416666666666668,698.0,1.6477268333333333
17.5,690.0,1.9318176666666669
17.666666666666668,665.0,2.8409083333333336
17.75,587.0,4.147726166666667
17.833333333333332,590.0,3.0113628333333335
17.916666666666668,606.0,3.40909
18.083333333333332,564.0,3.8636353333333338
18.083333333333332,523.0,3.8636353333333338
18.166666666666668,524.0,3.8636353333333338
18.166666666666668,558.0,1.4772723333333333
18.25,576.0,1.4772723333333333
18.333333333333332,574.0,3.9772716666666668
18.333333333333332,589.0,3.9772716666666668
18.416666666666668,629.0,3.9772716666666668
18.416666666666668,616.0,1.1363633333333334
18.416666666666668,611.0,1.1363633333333334
18.416666666666668,598.0,1.1363633333333334
18.5,576.0,0.9090906666666667
18.583333333333332,566.0,0.9090906666666667
18.666666666666668,543.0,4.204544333333334
18.75,532.0,3.522726333333334
18.916666666666668,535.0,3.522726333333334
19.0,527.0,3.5795445000000004
19.083333333333332,508.0,4.545453333333334
19.166666666666668,491.0,3.068181
19.25,487.0,3.9204535000000003
19.333333333333332,501.0,3.9204535000000003
19.416666666666668,506.0,1.8181813333333334
19.416666666666668,483.0,3.068181
19.583333333333332,483.0,3.068181
19.583333333333332,471.0,3.352271833333334
19.666666666666668,479.0,3.352271833333334
19.666666666666668,476.0,1.761363166666667
19.75,456.0,1.761363166666667
19.833333333333332,442.0,1.1931815000000001
19.916666666666668,444.0,3.4659081666666665
20.0,448.0,3.9204535000000003
20.166666666666668,420.0,3.9204535000000003
20.25,387.0,3.806817166666667
20.333333333333332,322.0,4.147726166666667
20.416666666666668,294.0,4.147726166666667
20.5,323.0,1.8181813333333334
20.583333333333332,298.0,3.7499990000000003
20.666666666666668,251.0,3.636362666666667
20.833333333333332,232.0,3.636362666666667
20.916666666666668,252.0,3.636362666666667
21.0,283.0,3.0113628333333335
21.083333333333332,339.0,3.2954536666666665
21.25,347.0,3.8636353333333338
21.25,320.0,3.9204535000000003
21.25,304.0,3.9204535000000003
21.25,312.0,3.9204535000000003
21.333333333333332,322.0,3.9204535000000003
21.416666666666668,329.0,0.681818
21.5,331.0,3.636362666666667
21.583333333333332,309.0,2.9545446666666666
21.666666666666668,299.0,3.5795445000000004
21.833333333333332,319.0,3.5795445000000004
21.916666666666668,359.0,3.693180833333334
22.0,366.0,3.068181
22.083333333333332,361.0,4.090908000000001
22.166666666666668,343.0,4.090908000000001
22.25,321.0,1.704545
22.333333333333332,316.0,3.4659081666666665
22.333333333333332,317.0,3.4659081666666665
22.416666666666668,331.0,1.761363166666667
22.5,336.0,1.761363166666667
22.583333333333332,334.0,0.5681816666666667
22.666666666666668,327.0,3.1249991666666666
22.666666666666668,327.0,3.693180833333334
22.833333333333332,324.0,3.693180833333334
22.916666666666668,331.0,3.636362666666667
23.0,332.0,3.9772716666666668
23.083333333333332,331.0,3.806817166666667
23.166666666666668,332.0,2.727272
23.25,341.0,2.727272
23.333333333333332,337.0,1.9318176666666669
23.333333333333332,348.0,3.693180833333334
23.416666666666668,354.0,1.5340905
23.583333333333332,355.0,1.5340905
23.666666666666668,362.0,3.352271833333334
23.75,355.0,3.352271833333334
23.75,349.0,3.522726333333334
23.75,393.0,3.522726333333334
23.833333333333332,404.0,1.1363633333333334
23.916666666666668,402.0,1.1363633333333334
24.0,409.0,3.40909
24.0,445.0,3.40909
24.166666666666668,451.0,3.40909
24.25,470.0,3.636362666666667
24.333333333333332,473.0,3.806817166666667
24.333333333333332,426.0,3.806817166666667
24.416666666666668,421.0,1.6477268333333333
24.583333333333332,439.0,3.068181
24.666666666666668,463.0,4.204544333333334
24.75,483.0,3.068181
24.833333333333332,489.0,3.9204535000000003
25.0,475.0,3.1818173333333335
25.083333333333332,473.0,3.1818173333333335
25.166666666666668,495.0,3.2386355
25.166666666666668,529.0,4.034089833333334
25.25,524.0,4.034089833333334
25.5,532.0,3.1818173333333335
25.583333333333332,552.0,3.352271833333334
25.666666666666668,569.0,3.352271833333334
25.75,574.0,1.761363166666667
25.833333333333332,588.0,3.7499990000000003
25.916666666666668,670.0,3.5795445000000004
26.0,667.0,3.1818173333333335
26.166666666666668,670.0,3.352271833333334
26.25,670.0,4.147726166666667
26.333333333333332,687.0,3.40909
26.333333333333332,701.0,3.352271833333334
26.333333333333332,695.0,3.352271833333334
26.5,708.0,3.352271833333334
26.5,726.0,3.352271833333334
26.5,737.0,3.352271833333334
26.5,743.0,3.352271833333334
26.5,726.0,3.352271833333334
26.5,700.0,3.352271833333334
26.666666666666668,705.0,3.352271833333334
26.75,723.0,3.4659081666666665
26.833333333333332,744.0,3.352271833333334
26.916666666666668,802.0,3.40909
27.0,831.0,3.693180833333334
27.166666666666668,762.0,3.693180833333334
27.25,729.0,4.318180666666667
27.333333333333332,760.0,3.5795445000000004
27.416666666666668,768.0,3.9204535000000003
27.5,763.0,3.1818173333333335
27.666666666666668,752.0,3.40909
27.75,762.0,3.522726333333334
27.833333333333332,786.0,3.8636353333333338
27.916666666666668,811.0,3.1249991666666666
27.916666666666668,823.0,3.1249991666666666
27.916666666666668,809.0,3.1249991666666666
28.0,816.0,3.1249991666666666
28.083333333333332,835.0,3.1818173333333335
28.25,836.0,3.636362666666667
28.333333333333332,825.0,3.636362666666667
28.416666666666668,838.0,3.40909
28.5,835.0,3.4659081666666665
28.583333333333332,816.0,3.8636353333333338
28.75,807.0,3.8636353333333338
28.833333333333332,809.0,4.374998833333334
28.833333333333332,817.0,3.068181
28.916666666666668,822.0,1.8749995000000002
29.0,817.0,3.806817166666667
29.083333333333332,838.0,3.806817166666667
29.083333333333332,858.0,1.6477268333333333
29.166666666666668,855.0,1.704545
29.25,833.0,3.522726333333334
29.333333333333332,833.0,3.2954536666666665
29.333333333333332,806.0,3.2954536666666665
29.333333333333332,804.0,3.2954536666666665
29.333333333333332,801.0,3.2954536666666665
29.416666666666668,794.0,0.681818
29.583333333333332,774.0,0.681818
29.666666666666668,738.0,3.522726333333334
29.75,739.0,2.8409083333333336
29.833333333333332,754.0,3.9772716666666668
29.916666666666668,752.0,3.4659081666666665
30.083333333333332,739.0,3.4659081666666665
30.083333333333332,785.0,3.0113628333333335
30.083333333333332,847.0,3.0113628333333335
30.166666666666668,835.0,1.2499996666666666
30.25,658.0,1.2499996666666666
30.333333333333332,651.0,1.8181813333333334
30.416666666666668,713.0,3.1249991666666666
30.5,757.0,3.1818173333333335
30.583333333333332,728.0,3.9204535000000003
30.666666666666668,723.0,3.352271833333334
30.75,806.0,3.352271833333334
30.833333333333332,805.0,1.5340905
30.916666666666668,792.0,3.693180833333334
30.916666666666668,760.0,3.693180833333334
31.083333333333332,815.0,3.693180833333334
31.166666666666668,859.0,3.693180833333334
31.25,865.0,2.670453833333333
31.333333333333332,786.0,3.636362666666667
31.416666666666668,796.0,3.40909
31.583333333333332,870.0,3.40909
31.583333333333332,927.0,3.806817166666667
31.666666666666668,884.0,3.806817166666667
31.666666666666668,807.0,1.6477268333333333
31.75,807.0,1.761363166666667
31.916666666666668,827.0,3.2954536666666665
31.916666666666668,830.0,3.40909
32.0,851.0,3.40909
32.083333333333336,838.0,3.693180833333334
32.166666666666664,847.0,3.693180833333334
32.25,857.0,1.704545
32.333333333333336,835.0,3.2386355
32.416666666666664,827.0,3.352271833333334
32.5,850.0,3.5795445000000004
32.583333333333336,850.0,3.9204535000000003
32.75,865.0,3.9204535000000003
32.75,869.0,4.090908000000001
32.833333333333336,901.0,1.704545
32.916666666666664,896.0,3.693180833333334
33.083333333333336,899.0,3.352271833333334
33.166666666666664,917.0,3.352271833333334
33.25,907.0,3.4659081666666665
33.333333333333336,898.0,3.1818173333333335
33.416666666666664,891.0,3.522726333333334
33.583333333333336,876.0,3.522726333333334
33.583333333333336,848.0,3.4659081666666665
33.583333333333336,798.0,3.4659081666666665
33.583333333333336,770.0,3.4659081666666665
33.75,750.0,3.4659081666666665
33.75,727.0,3.693180833333334
33.833333333333336,679.0,1.761363166666667
34.0,673.0,3.1249991666666666
34.083333333333336,691.0,4.6022715000000005
34.166666666666664,689.0,3.068181
34.25,678.0,3.2386355
34.25,673.0,3.2386355
34.416666666666664,658.0,3.2386355
34.5,645.0,3.2954536666666665
34.5,639.0,3.4659081666666665
34.5,624.0,3.4659081666666665
34.583333333333336,604.0,1.1363633333333334
34.75,600.0,3.522726333333334
34.833333333333336,619.0,3.5795445000000004
34.833333333333336,639.0,3.522726333333334
34.916666666666664,652.0,1.704545
34.916666666666664,662.0,1.704545
35.0,666.0,1.704545
35.083333333333336,690.0,1.0795451666666667
35.166666666666664,711.0,4.090908000000001
35.166666666666664,684.0,3.2386355
35.25,701.0,1.5909086666666667
35.416666666666664,753.0,3.40909
35.5,767.0,3.522726333333334
35.583333333333336,725.0,4.261362500000001
35.666666666666664,717.0,3.352271833333334
35.833333333333336,744.0,3.5795445000000004
35.916666666666664,757.0,3.5795445000000004
36.0,757.0,2.8977265
36.083333333333336,753.0,3.522726333333334
36.166666666666664,774.0,3.1818173333333335
36.25,784.0,3.806817166666667
36.333333333333336,777.0,3.068181
36.333333333333336,789.0,3.068181
36.416666666666664,788.0,1.1931815000000001
36.5,769.0,3.0113628333333335
36.666666666666664,761.0,3.0113628333333335
36.75,753.0,3.636362666666667
36.833333333333336,737.0,3.2954536666666665
36.916666666666664,730.0,3.8636353333333338
37.083333333333336,712.0,3.522726333333334
37.166666666666664,704.0,3.4659081666666665
37.25,732.0,3.40909
37.333333333333336,734.0,3.40909
37.5,712.0,3.40909
37.583333333333336,697.0,3.636362666666667
37.666666666666664,723.0,3.522726333333334
37.75,767.0,3.9772716666666668
37.833333333333336,767.0,2.8977265
37.833333333333336,746.0,2.8977265
37.833333333333336,747.0,2.8977265
37.833333333333336,786.0,2.8977265
37.916666666666664,801.0,2.8977265
38.0,787.0,3.5795445000000004
38.083333333333336,776.0,3.2954536666666665
38.25,784.0,3.2954536666666665
38.333333333333336,799.0,4.034089833333334
38.416666666666664,804.0,3.352271833333334
38.5,812.0,3.693180833333334
38.583333333333336,815.0,3.693180833333334
38.75,814.0,3.693180833333334
38.833333333333336,816.0,3.806817166666667
38.916666666666664,817.0,3.40909
39.0,838.0,3.5795445000000004
39.083333333333336,837.0,3.7499990000000003
39.25,824.0,3.7499990000000003
39.333333333333336,831.0,3.40909
39.333333333333336,857.0,3.068181
39.333333333333336,873.0,3.068181
39.416666666666664,860.0,1.1931815000000001
39.583333333333336,860.0,3.352271833333334
39.666666666666664,860.0,3.7499990000000003
39.75,892.0,3.7499990000000003
39.833333333333336,896.0,3.352271833333334
40.0,871.0,3.693180833333334
40.083333333333336,882.0,3.693180833333334
40.166666666666664,895.0,3.1249991666666666
40.25,899.0,3.7499990000000003
40.333333333333336,908.0,3.068181
40.5,911.0,3.068181
40.583333333333336,910.0,3.40909
40.666666666666664,926.0,3.4659081666666665
40.75,934.0,3.40909
40.833333333333336,918.0,3.522726333333334
40.916666666666664,909.0,3.0113628333333335
41.0,910.0,3.0113628333333335
41.083333333333336,914.0,1.8181813333333334
41.166666666666664,911.0,3.4659081666666665
41.166666666666664,907.0,3.4659081666666665
41.333333333333336,893.0,3.4659081666666665
41.416666666666664,886.0,3.636362666666667
41.5,859.0,3.4659081666666665
41.583333333333336,828.0,3.693180833333334
41.75,792.0,3.693180833333334
41.833333333333336,781.0,3.636362666666667
41.916666666666664,768.0,4.261362500000001
42.0,810.0,3.068181
42.166666666666664,832.0,3.4659081666666665
42.25,817.0,3.9204535000000003
42.333333333333336,794.0,3.7499990000000003
42.333333333333336,804.0,3.068181
42.5,814.0,3.068181
42.583333333333336,807.0,3.8636353333333338
42.666666666666664,792.0,2.8977265
42.666666666666664,785.0,3.5795445000000004
42.75,791.0,1.704545
42.916666666666664,809.0,3.40909
42.916666666666664,826.0,3.522726333333334
42.916666666666664,856.0,3.522726333333334
43.0,883.0,3.522726333333334
43.083333333333336,906.0,3.522726333333334
43.083333333333336,909.0,3.522726333333334
43.25,930.0,3.522726333333334
43.333333333333336,930.0,3.8636353333333338
43.333333333333336,929.0,3.068181
43.416666666666664,907.0,1.704545
43.5,916.0,2.9545446666666666
43.666666666666664,941.0,3.4659081666666665
43.75,934.0,3.806817166666667
43.833333333333336,936.0,3.0113628333333335
43.916666666666664,974.0,3.7499990000000003
44.0,989.0,3.2954536666666665
44.083333333333336,966.0,3.40909
44.166666666666664,968.0,3.40909
44.25,967.0,3.40909
44.25,982.0,1.5909086666666667
44.333333333333336,1045.0,1.5909086666666667
44.416666666666664,1044.0,3.693180833333334
44.416666666666664,936.0,3.693180833333334
44.583333333333336,919.0,3.693180833333334
44.666666666666664,986.0,3.522726333333334
44.75,1004.0,2.8409083333333336
44.833333333333336,929.0,3.693180833333334
44.916666666666664,927.0,3.068181
45.083333333333336,993.0,3.068181
45.083333333333336,1021.0,3.5795445000000004
45.166666666666664,928.0,3.5795445000000004
45.25,927.0,3.9772716666666668
45.25,984.0,3.9772716666666668
45.416666666666664,1009.0,3.9772716666666668
45.5,982.0,3.5795445000000004
45.583333333333336,985.0,3.352271833333334
45.583333333333336,982.0,3.5795445000000004
45.583333333333336,934.0,3.5795445000000004
45.583333333333336,878.0,3.5795445000000004
45.666666666666664,894.0,0.8522725
45.75,926.0,0.8522725
45.833333333333336,921.0,1.704545
45.916666666666664,919.0,3.5795445000000004
46.0,910.0,3.352271833333334
46.166666666666664,912.0,3.352271833333334
46.25,930.0,3.5795445000000004
46.333333333333336,945.0,3.2954536666666665
46.416666666666664,958.0,4.204544333333334
46.5,979.0,3.2386355
46.666666666666664,989.0,3.2954536666666665
46.75,989.0,3.2954536666666665
46.833333333333336,985.0,3.2954536666666665
46.916666666666664,976.0,4.034089833333334
46.916666666666664,1005.0,4.034089833333334
47.0,1025.0,4.034089833333334
47.083333333333336,1024.0,1.1363633333333334
47.166666666666664,1024.0,2.7840901666666666
47.25,1031.0,3.4659081666666665
47.333333333333336,1036.0,3.4659081666666665
47.5,1058.0,3.522726333333334
47.583333333333336,1086.0,3.522726333333334
47.666666666666664,1084.0,3.636362666666667
47.75,1073.0,3.2954536666666665
47.833333333333336,1072.0,3.693180833333334
47.916666666666664,1056.0,3.693180833333334
47.916666666666664,1035.0,1.704545
48.0,1019.0,1.704545
48.083333333333336,1026.0,3.068181
48.166666666666664,1027.0,3.40909
48.25,1027.0,3.40909
48.333333333333336,1012.0,1.761363166666667
48.416666666666664,993.0,3.7499990000000003
48.416666666666664,1000.0,3.1249991666666666
48.416666666666664,1020.0,3.1249991666666666
48.583333333333336,1020.0,3.1249991666666666
48.583333333333336,998.0,3.40909
48.666666666666664,989.0,3.40909
48.75,975.0,4.431817000000001
48.916666666666664,976.0,4.431817000000001
49.0,993.0,3.9204535000000003
49.083333333333336,1005.0,2.8977265
49.166666666666664,958.0,3.522726333333334
49.25,817.0,3.9772716666666668
49.416666666666664,768.0,3.352271833333334
49.5,861.0,3.1249991666666666
49.5,868.0,3.068181
49.583333333333336,791.0,1.8181813333333334
49.666666666666664,733.0,3.9204535000000003
49.75,855.0,3.1249991666666666
49.75,947.0,3.1249991666666666
49.75,954.0,3.1249991666666666
49.833333333333336,929.0,0.8522725
49.916666666666664,929.0,3.40909
50.083333333333336,906.0,3.40909
50.083333333333336,926.0,3.4659081666666665
50.083333333333336,952.0,3.4659081666666665
50.166666666666664,951.0,1.1363633333333334
50.25,953.0,3.636362666666667
50.416666666666664,971.0,3.636362666666667
50.5,979.0,3.693180833333334
50.583333333333336,960.0,3.5795445000000004
50.666666666666664,937.0,3.0113628333333335
50.75,894.0,3.2386355
50.75,883.0,3.2386355
50.833333333333336,894.0,1.2499996666666666
50.916666666666664,895.0,1.2499996666666666
51.0,902.0,4.6022715000000005
51.0,926.0,4.6022715000000005
51.0,920.0,4.6022715000000005
51.083333333333336,907.0,4.6022715000000005
51.083333333333336,914.0,0.8522725
51.166666666666664,933.0,1.704545
51.25,933.0,3.7499990000000003
51.333333333333336,936.0,3.7499990000000003
51.416666666666664,969.0,1.5909086666666667
51.5,976.0,3.4659081666666665
51.583333333333336,957.0,3.4659081666666665
51.75,961.0,3.4659081666666665
51.833333333333336,972.0,3.806817166666667
51.916666666666664,983.0,3.4659081666666665
52.0,962.0,3.7499990000000003
52.083333333333336,937.0,3.068181
52.25,920.0,3.5795445000000004
52.333333333333336,910.0,4.090908000000001
52.333333333333336,905.0,2.4999993333333332
52.416666666666664,897.0,2.0454540000000003
52.5,897.0,3.068181
52.583333333333336,869.0,3.068181
52.666666666666664,816.0,1.761363166666667
52.75,826.0,3.7499990000000003
52.833333333333336,844.0,3.068181
52.833333333333336,863.0,3.068181
52.916666666666664,872.0,3.068181
53.0,890.0,1.1363633333333334
53.083333333333336,919.0,3.693180833333334
53.166666666666664,919.0,3.2386355
53.333333333333336,930.0,3.2386355
53.416666666666664,928.0,3.4659081666666665
53.416666666666664,926.0,3.40909
53.5,965.0,1.761363166666667
53.583333333333336,997.0,3.352271833333334
53.75,998.0,3.352271833333334
53.75,969.0,3.806817166666667
53.833333333333336,962.0,3.806817166666667
53.916666666666664,981.0,3.9772716666666668
53.916666666666664,1007.0,3.9772716666666668
54.0,1011.0,1.704545
54.166666666666664,893.0,3.2954536666666665
54.25,862.0,3.4659081666666665
54.333333333333336,901.0,3.2954536666666665
54.416666666666664,972.0,3.2386355
54.5,977.0,3.0113628333333335
54.5,922.0,3.0113628333333335
54.666666666666664,919.0,3.0113628333333335
54.75,939.0,3.352271833333334
54.833333333333336,948.0,3.806817166666667
54.916666666666664,973.0,3.2386355
55.0,974.0,3.40909
55.166666666666664,991.0,3.40909
55.25,1000.0,3.1249991666666666
55.25,986.0,3.806817166666667
55.333333333333336,969.0,1.5909086666666667
55.333333333333336,981.0,1.5909086666666667
55.5,998.0,1.5909086666666667
55.583333333333336,975.0,3.522726333333334
55.666666666666664,937.0,3.1818173333333335
55.75,949.0,3.522726333333334
55.75,959.0,3.0113628333333335
55.75,940.0,3.0113628333333335
55.916666666666664,910.0,3.0113628333333335
56.0,909.0,3.352271833333334
56.083333333333336,923.0,3.7499990000000003
56.166666666666664,918.0,2.6136356666666667
56.25,908.0,3.9204535000000003
56.416666666666664,924.0,3.2954536666666665
56.5,942.0,3.2954536666666665
56.583333333333336,954.0,3.5795445000000004
56.666666666666664,961.0,3.2954536666666665
56.75,961.0,4.034089833333334
56.833333333333336,984.0,2.9545446666666666
56.916666666666664,1019.0,3.40909
57.0,1026.0,2.8409083333333336
57.0,1010.0,2.8409083333333336
57.083333333333336,1004.0,2.8409083333333336
57.166666666666664,1020.0,3.40909
57.25,1006.0,3.2386355
57.333333333333336,962.0,3.2386355
57.416666666666664,971.0,1.0795451666666667
57.5,991.0,3.40909
57.583333333333336,985.0,2.8409083333333336
57.75,947.0,2.8409083333333336
57.833333333333336,985.0,3.636362666666667
57.916666666666664,1016.0,3.352271833333334
58.0,990.0,3.40909
58.083333333333336,944.0,3.9204535000000003
58.25,957.0,3.9204535000000003
58.333333333333336,964.0,3.4659081666666665
58.416666666666664,986.0,3.1249991666666666
58.5,991.0,3.2386355
58.5,1004.0,3.068181
58.583333333333336,1036.0,1.704545
58.583333333333336,1087.0,1.704545
58.666666666666664,1126.0,1.704545
58.75,1095.0,1.0795451666666667
58.75,1039.0,3.5795445000000004
58.833333333333336,1145.0,3.5795445000000004
58.833333333333336,1213.0,1.6477268333333333
58.916666666666664,1206.0,1.5340905
59.0,1152.0,3.693180833333334
59.166666666666664,1113.0,3.693180833333334
59.25,1118.0,3.8636353333333338
59.333333333333336,1155.0,3.352271833333334
59.416666666666664,1167.0,3.4659081666666665
59.5,1119.0,2.7840901666666666
59.583333333333336,1129.0,3.8636353333333338
59.75,1146.0,3.2386355
59.833333333333336,1149.0,3.1249991666666666
59.916666666666664,1155.0,3.522726333333334
59.916666666666664,1147.0,2.8409083333333336
59.916666666666664,1147.0,2.8409083333333336
60.083333333333336,1127.0,2.8409083333333336
60.166666666666664,1126.0,3.636362666666667
60.25,1131.0,3.4659081666666665
60.25,1132.0,3.068181
60.333333333333336,1151.0,1.5909086666666667
60.416666666666664,1147.0,3.9204535000000003
60.583333333333336,1139.0,3.4659081666666665
60.666666666666664,1177.0,3.1249991666666666
60.75,1211.0,3.693180833333334
60.833333333333336,1200.0,3.2386355
60.916666666666664,1180.0,3.40909
61.083333333333336,1223.0,3.40909
61.166666666666664,1235.0,3.352271833333334
61.25,1223.0,3.1818173333333335
61.333333333333336,1231.0,3.0113628333333335
61.416666666666664,1245.0,3.2954536666666665
61.416666666666664,1250.0,3.2954536666666665
61.5,1255.0,1.5909086666666667
61.583333333333336,1244.0,3.2954536666666665
61.583333333333336,1245.0,3.2954536666666665
61.666666666666664,1241.0,3.2954536666666665
61.75,1240.0,4.318180666666667
61.833333333333336,1216.0,3.352271833333334
61.916666666666664,1196.0,3.352271833333334
62.083333333333336,1176.0,3.1249991666666666
62.166666666666664,1152.0,3.806817166666667
62.25,1152.0,4.090908000000001
62.333333333333336,1161.0,3.4659081666666665
62.416666666666664,1168.0,3.1818173333333335
62.5,1169.0,2.8977265
62.583333333333336,1174.0,2.8977265
62.666666666666664,1187.0,3.9204535000000003
62.666666666666664,1166.0,3.9204535000000003
62.75,1122.0,1.6477268333333333
62.916666666666664,1138.0,3.068181
63.0,1207.0,3.5795445000000004
63.0,1227.0,3.2954536666666665
63.0,1109.0,3.2954536666666665
63.083333333333336,1140.0,1.0227270000000002
63.083333333333336,1181.0,1.0227270000000002
63.166666666666664,1199.0,1.8181813333333334
63.25,1199.0,1.8181813333333334
63.333333333333336,1185.0,1.6477268333333333
63.416666666666664,1134.0,3.2954536666666665
63.5,1139.0,2.8977265
63.583333333333336,1174.0,3.4659081666666665
63.75,1191.0,3.4659081666666665
63.75,1168.0,3.7499990000000003
63.833333333333336,1178.0,3.7499990000000003
63.833333333333336,1187.0,1.5340905
63.916666666666664,1163.0,1.8749995000000002
64.08333333333333,1121.0,2.727272
64.16666666666667,1131.0,3.7499990000000003
64.25,1135.0,3.636362666666667
64.33333333333333,1129.0,3.352271833333334
64.33333333333333,1132.0,3.2386355
64.33333333333333,1101.0,3.2386355
64.5,1071.0,3.2386355
64.58333333333333,1077.0,3.5795445000000004
64.66666666666667,1083.0,3.2386355
64.75,1063.0,3.4659081666666665
64.83333333333333,1058.0,3.40909
65.0,1072.0,3.40909
65.08333333333333,1078.0,3.4659081666666665
65.16666666666667,1045.0,3.4659081666666665
65.25,1035.0,3.2954536666666665
65.25,1044.0,3.2954536666666665
65.41666666666667,1060.0,3.2954536666666665
65.5,1068.0,4.034089833333334
65.5,1062.0,3.2386355
65.58333333333333,1058.0,1.8749995000000002
65.66666666666667,1056.0,3.1249991666666666
65.66666666666667,1044.0,3.1249991666666666
65.66666666666667,1019.0,3.1249991666666666
65.66666666666667,1019.0,3.1249991666666666
65.66666666666667,985.0,3.1249991666666666
65.75,937.0,3.1249991666666666
65.83333333333333,902.0,0.5113635000000001
65.91666666666667,862.0,3.522726333333334
65.91666666666667,853.0,3.5795445000000004
66.08333333333333,877.0,3.5795445000000004
66.16666666666667,879.0,3.9204535000000003
66.25,831.0,3.8636353333333338
66.25,829.0,3.4659081666666665
66.33333333333333,829.0,1.704545
66.5,874.0,1.704545
66.58333333333333,902.0,3.522726333333334
66.58333333333333,880.0,3.522726333333334
66.66666666666667,885.0,1.6477268333333333
66.66666666666667,887.0,1.6477268333333333
66.75,893.0,1.6477268333333333
66.83333333333333,876.0,1.0795451666666667
66.83333333333333,856.0,3.7499990000000003
66.91666666666667,870.0,1.761363166666667
67.08333333333333,901.0,1.761363166666667
67.08333333333333,901.0,3.2954536666666665
67.16666666666667,860.0,3.2954536666666665
67.16666666666667,884.0,1.761363166666667
67.25,898.0,1.761363166666667
67.41666666666667,875.0,3.1249991666666666
67.5,865.0,3.636362666666667
67.5,873.0,4.034089833333334
67.58333333333333,861.0,1.704545
67.66666666666667,863.0,3.1818173333333335
67.83333333333333,901.0,3.1818173333333335
67.91666666666667,901.0,4.204544333333334
68.0,902.0,3.2386355
68.08333333333333,903.0,3.9204535000000003
68.25,898.0,3.9204535000000003
68.33333333333333,882.0,3.522726333333334
68.41666666666667,898.0,3.1818173333333335
68.41666666666667,919.0,3.068181
68.41666666666667,924.0,3.068181
68.58333333333333,930.0,3.068181
68.66666666666667,926.0,3.7499990000000003
68.75,910.0,3.7499990000000003
68.83333333333333,886.0,3.522726333333334
69.0,886.0,3.522726333333334
69.08333333333333,951.0,3.9772716666666668
69.16666666666667,1054.0,3.068181
69.25,968.0,3.40909
69.33333333333333,909.0,3.068181
69.41666666666667,962.0,3.2386355
69.5,824.0,3.8636353333333338
69.58333333333333,753.0,3.8636353333333338
69.66666666666667,844.0,1.6477268333333333
69.75,844.0,3.1249991666666666
69.75,985.0,3.1249991666666666
69.75,896.0,3.1249991666666666
69.91666666666667,798.0,3.1249991666666666
70.0,814.0,3.1249991666666666
70.08333333333333,969.0,3.2954536666666665
70.16666666666667,1032.0,3.40909
70.25,862.0,3.636362666666667
70.33333333333333,751.0,3.7499990000000003
70.5,841.0,3.7499990000000003
70.58333333333333,1045.0,4.261362500000001
70.66666666666667,945.0,3.806817166666667
70.75,854.0,3.40909
70.83333333333333,864.0,3.40909
71.0,942.0,3.40909
71.08333333333333,958.0,3.636362666666667
71.16666666666667,903.0,4.147726166666667
71.25,881.0,4.431817000000001
71.41666666666667,900.0,4.431817000000001
71.5,915.0,3.9772716666666668
71.5,966.0,3.2954536666666665
71.58333333333333,1027.0,3.2954536666666665
71.58333333333333,1055.0,1.5909086666666667
71.58333333333333,1008.0,1.5909086666666667
71.66666666666667,953.0,1.0795451666666667
71.75,982.0,1.0795451666666667
71.83333333333333,1032.0,1.761363166666667
71.91666666666667,1062.0,3.2386355
72.0,1107.0,3.9772716666666668
72.16666666666667,1090.0,3.9772716666666668
72.25,1030.0,3.806817166666667
72.33333333333333,966.0,3.352271833333334
72.33333333333333,985.0,3.352271833333334
72.41666666666667,1002.0,3.352271833333334
72.41666666666667,1016.0,1.1363633333333334
72.5,994.0,1.1363633333333334
72.5,993.0,1.6477268333333333
72.58333333333333,1041.0,1.5909086666666667
72.66666666666667,1027.0,3.40909
72.75,1004.0,3.40909
72.83333333333333,1016.0,3.068181
72.83333333333333,1086.0,3.068181
72.91666666666667,1072.0,3.068181
73.0,1072.0,4.147726166666667
73.08333333333333,1020.0,3.1249991666666666
73.25,998.0,3.1249991666666666
73.33333333333333,1084.0,3.2954536666666665
73.41666666666667,1112.0,2.8409083333333336
73.5,1111.0,3.8636353333333338
73.58333333333333,1112.0,4.261362500000001
73.66666666666667,1155.0,3.4659081666666665
73.75,1119.0,3.068181
73.91666666666667,1095.0,3.068181
73.91666666666667,1075.0,4.545453333333334
74.0,1095.0,1.761363166666667
74.0,1226.0,1.761363166666667
74.08333333333333,1161.0,1.5909086666666667
74.16666666666667,1094.0,1.5909086666666667
74.25,1142.0,1.704545
74.25,1183.0,3.1249991666666666
74.33333333333333,1129.0,1.6477268333333333
74.33333333333333,1123.0,1.6477268333333333
74.5,1123.0,1.761363166666667
74.58333333333333,1118.0,3.2386355
74.66666666666667,1131.0,3.068181
74.75,1137.0,3.806817166666667
74.91666666666667,1122.0,3.806817166666667
75.0,1101.0,3.9772716666666668
75.08333333333333,1083.0,3.1818173333333335
75.16666666666667,1073.0,3.522726333333334
75.25,1103.0,3.1249991666666666
75.33333333333333,1144.0,3.636362666666667
75.5,1147.0,3.636362666666667
75.58333333333333,1130.0,3.5795445000000004
75.66666666666667,1145.0,2.727272
75.66666666666667,1145.0,4.034089833333334
75.66666666666667,1144.0,4.034089833333334
75.75,1139.0,1.0795451666666667
75.75,1128.0,1.0795451666666667
75.83333333333333,1127.0,1.0795451666666667
75.91666666666667,1131.0,1.0795451666666667
76.0,1098.0,3.5795445000000004
76.16666666666667,1051.0,3.5795445000000004
76.25,1052.0,3.9772716666666668
76.33333333333333,1048.0,3.4659081666666665
76.41666666666667,1034.0,3.636362666666667
76.5,1034.0,3.806817166666667
76.58333333333333,1023.0,2.8977265
76.58333333333333,1001.0,2.8977265
76.66666666666667,984.0,2.8977265
76.75,980.0,4.147726166666667
76.91666666666667,985.0,4.147726166666667
77.0,1003.0,3.9772716666666668
77.08333333333333,1014.0,2.8409083333333336
77.16666666666667,1005.0,3.7499990000000003
77.16666666666667,990.0,3.1818173333333335
77.16666666666667,1004.0,3.1818173333333335
77.25,1022.0,3.1818173333333335
77.25,1021.0,0.8522725
77.33333333333333,1009.0,1.761363166666667
77.41666666666667,994.0,2.8409083333333336
77.58333333333333,987.0,3.5795445000000004
77.66666666666667,980.0,3.7499990000000003
77.66666666666667,975.0,3.522726333333334
77.75,982.0,1.761363166666667
77.83333333333333,989.0,3.1249991666666666
77.91666666666667,980.0,3.636362666666667
78.0,969.0,3.636362666666667
78.08333333333333,987.0,1.704545
78.16666666666667,1053.0,4.318180666666667
78.16666666666667,1063.0,4.318180666666667
78.25,1054.0,1.6477268333333333
78.33333333333333,1040.0,3.0113628333333335
78.41666666666667,1060.0,3.0113628333333335
78.41666666666667,1106.0,1.6477268333333333
78.5,1105.0,1.6477268333333333
78.5,1109.0,1.6477268333333333
78.5,1131.0,1.6477268333333333
78.66666666666667,1142.0,1.6477268333333333
78.75,1146.0,3.9204535000000003
78.83333333333333,1144.0,3.2954536666666665
78.91666666666667,1110.0,3.40909
79.0,1103.0,3.522726333333334
79.16666666666667,1116.0,3.522726333333334
79.25,1100.0,3.40909
79.33333333333333,1091.0,3.0113628333333335
79.41666666666667,1083.0,3.9204535000000003
79.41666666666667,1067.0,3.9204535000000003
79.58333333333333,1067.0,3.9204535000000003
79.66666666666667,1079.0,3.522726333333334
79.75,1100.0,3.068181
79.83333333333333,1109.0,3.4659081666666665
79.91666666666667,1109.0,3.806817166666667
79.91666666666667,1109.0,3.806817166666667
80.0,1118.0,1.5909086666666667
80.08333333333333,1119.0,1.5909086666666667
80.08333333333333,1128.0,1.704545
80.16666666666667,1124.0,1.704545
80.25,1114.0,4.090908000000001
80.41666666666667,1116.0,4.090908000000001
80.5,1124.0,4.090908000000001
80.58333333333333,1104.0,3.0113628333333335
80.66666666666667,1089.0,3.806817166666667
80.75,1079.0,3.4659081666666665
80.91666666666667,1075.0,3.4659081666666665
80.91666666666667,1070.0,3.2954536666666665
81.0,1062.0,3.2954536666666665
81.08333333333333,1062.0,1.761363166666667
81.16666666666667,1052.0,3.522726333333334
81.25,1027.0,3.806817166666667
81.25,1003.0,3.806817166666667
81.25,1036.0,3.806817166666667
81.25,1108.0,3.806817166666667
81.33333333333333,1129.0,0.681818
81.33333333333333,1033.0,0.681818
81.41666666666667,1118.0,1.5909086666666667
81.41666666666667,1272.0,1.5909086666666667
81.58333333333333,1339.0,1.6477268333333333
81.66666666666667,1283.0,3.7499990000000003
81.75,1284.0,3.4659081666666665
81.83333333333333,1340.0,4.034089833333334
81.91666666666667,1340.0,2.727272
82.08333333333333,1339.0,2.727272
82.16666666666667,1250.0,3.2386355
82.25,1285.0,3.0113628333333335
82.33333333333333,1392.0,3.2386355
82.41666666666667,1415.0,3.352271833333334
82.5,1318.0,3.0113628333333335
82.5,1297.0,3.0113628333333335
82.5,1325.0,3.0113628333333335
82.58333333333333,1352.0,1.0227270000000002
82.58333333333333,1352.0,1.0227270000000002
82.66666666666667,1342.0,1.0227270000000002
82.75,1327.0,1.0227270000000002
82.83333333333333,1338.0,3.4659081666666665
82.91666666666667,1361.0,3.2954536666666665
83.0,1355.0,3.0113628333333335
83.08333333333333,1352.0,3.5795445000000004
83.25,1404.0,3.5795445000000004
83.33333333333333,1412.0,3.0113628333333335
83.33333333333333,1370.0,3.068181
83.41666666666667,1327.0,3.068181
83.5,1361.0,3.40909
83.58333333333333,1371.0,3.1249991666666666
83.66666666666667,1363.0,3.1249991666666666
83.66666666666667,1352.0,1.704545
83.75,1346.0,1.704545
83.83333333333333,1334.0,1.4772723333333333
83.91666666666667,1314.0,3.693180833333334
83.91666666666667,1244.0,2.727272
83.91666666666667,1359.0,2.727272
84.0,1454.0,1.0795451666666667
84.0,1415.0,1.0795451666666667
84.16666666666667,1361.0,1.5909086666666667
84.16666666666667,1418.0,3.1818173333333335
84.25,1478.0,3.1818173333333335
84.33333333333333,1474.0,1.5340905
84.41666666666667,1493.0,3.8636353333333338
84.5,1493.0,3.2386355
84.58333333333333,1475.0,3.1818173333333335
84.66666666666667,1540.0,3.1818173333333335
84.83333333333333,1611.0,3.1818173333333335
84.91666666666667,1622.0,3.7499990000000003
84.91666666666667,1590.0,3.4659081666666665
85.0,1539.0,3.4659081666666665
85.08333333333333,1479.0,1.5340905
85.16666666666667,1443.0,3.1818173333333335
85.16666666666667,1496.0,3.1818173333333335
85.16666666666667,1540.0,3.1818173333333335
85.25,1442.0,1.0227270000000002
85.25,1420.0,1.0227270000000002
85.33333333333333,1483.0,1.5909086666666667
85.33333333333333,1426.0,1.5909086666666667
85.5,1367.0,1.5909086666666667
85.58333333333333,1367.0,3.352271833333334
85.66666666666667,1373.0,3.636362666666667
85.75,1403.0,2.727272
85.83333333333333,1410.0,3.636362666666667
85.91666666666667,1408.0,3.352271833333334
86.0,1419.0,2.8977265
86.16666666666667,1445.0,2.8977265
86.25,1458.0,2.8409083333333336
86.33333333333333,1413.0,3.2386355
86.33333333333333,1407.0,3.4659081666666665
86.41666666666667,1448.0,3.4659081666666665
86.5,1509.0,3.9772716666666668
86.58333333333333,1540.0,3.1249991666666666
86.66666666666667,1506.0,2.8977265
86.66666666666667,1490.0,2.8977265
86.75,1500.0,1.5340905
86.91666666666667,1470.0,2.8409083333333336
87.0,1446.0,3.352271833333334
87.0,1445.0,2.9545446666666666
87.08333333333333,1447.0,2.9545446666666666
87.16666666666667,1440.0,1.5909086666666667
87.25,1436.0,3.1818173333333335
87.33333333333333,1451.0,3.5795445000000004
87.5,1459.0,3.5795445000000004
87.58333333333333,1465.0,3.2954536666666665
87.66666666666667,1494.0,3.2954536666666665
87.75,1547.0,2.727272
87.75,1558.0,3.352271833333334
87.83333333333333,1525.0,3.352271833333334
87.91666666666667,1489.0,1.4204541666666668
88.0,1511.0,3.636362666666667
88.08333333333333,1486.0,2.9545446666666666
88.16666666666667,1479.0,3.2954536666666665
88.25,1429.0,2.4431811666666667
88.25,1467.0,2.4431811666666667
88.33333333333333,1449.0,1.704545
88.41666666666667,1421.0,1.704545
88.5,1407.0,1.5340905
88.58333333333333,1364.0,3.40909
88.58333333333333,1370.0,3.1818173333333335
88.66666666666667,1372.0,1.6477268333333333
88.75,1332.0,2.8409083333333336
88.91666666666667,1332.0,2.8409083333333336
89.0,1293.0,3.352271833333334
89.08333333333333,1268.0,3.522726333333334
89.16666666666667,1254.0,3.352271833333334
89.16666666666667,1263.0,3.352271833333334
89.25,1257.0,1.5340905
89.33333333333333,1275.0,3.068181
89.41666666666667,1292.0,3.352271833333334
89.5,1301.0,3.352271833333334
89.58333333333333,1283.0,1.761363166666667
89.66666666666667,1250.0,3.2386355
89.66666666666667,1214.0,3.2386355
89.66666666666667,1162.0,3.2386355
89.75,1105.0,3.2386355
89.83333333333333,1063.0,0.7954543333333334
89.83333333333333,1063.0,3.806817166666667
89.91666666666667,1071.0,1.0795451666666667
90.08333333333333,1060.0,3.068181
90.16666666666667,1060.0,4.7159078333333335
90.25,1080.0,3.5795445000000004
90.33333333333333,1062.0,3.40909
90.5,1043.0,3.40909
90.5,1066.0,3.2386355
90.58333333333333,1113.0,3.2386355
90.66666666666667,1114.0,3.2954536666666665
90.75,1132.0,3.1818173333333335
90.83333333333333,1139.0,2.8977265
90.91666666666667,1101.0,2.8977265
91.0,1089.0,1.8181813333333334
91.08333333333333,1084.0,3.352271833333334
91.16666666666667,1081.0,3.40909
91.25,1071.0,3.693180833333334
91.25,1052.0,3.693180833333334
91.33333333333333,1040.0,3.693180833333334
91.41666666666667,1026.0,1.1363633333333334
91.5,1022.0,3.2386355
91.58333333333333,1020.0,3.8636353333333338
91.66666666666667,997.0,3.8636353333333338
91.75,952.0,1.704545
91.75,941.0,3.352271833333334
91.83333333333333,939.0,1.8181813333333334
92.0,913.0,3.352271833333334
92.08333333333333,913.0,3.7499990000000003
92.08333333333333,885.0,3.40909
92.16666666666667,871.0,1.5909086666666667
92.25,888.0,3.5795445000000004
92.41666666666667,912.0,3.40909
92.5,868.0,3.40909
92.5,828.0,3.352271833333334
92.58333333333333,830.0,1.761363166666667
92.66666666666667,831.0,2.9545446666666666
92.75,796.0,2.9545446666666666
92.75,786.0,1.8181813333333334
92.83333333333333,794.0,1.8181813333333334
92.91666666666667,785.0,4.261362500000001
93.08333333333333,749.0,3.5795445000000004
93.16666666666667,715.0,3.5795445000000004
93.16666666666667,698.0,3.4659081666666665
93.25,685.0,1.704545
93.41666666666667,694.0,3.068181
93.5,694.0,5.113635
93.58333333333333,702.0,3.522726333333334
93.58333333333333,697.0,3.522726333333334
93.66666666666667,680.0,1.6477268333333333
93.75,674.0,3.352271833333334
93.83333333333333,660.0,3.352271833333334
93.83333333333333,649.0,1.761363166666667
93.91666666666667,653.0,1.6477268333333333
94.0,646.0,3.5795445000000004
94.0,627.0,3.5795445000000004
94.08333333333333,630.0,3.5795445000000004
94.16666666666667,644.0,1.1363633333333334
94.25,647.0,3.4659081666666665
94.41666666666667,642.0,3.4659081666666665
94.5,640.0,4.374998833333334
94.58333333333333,647.0,3.522726333333334
94.66666666666667,673.0,3.4659081666666665
94.83333333333333,718.0,3.4659081666666665
94.91666666666667,710.0,4.090908000000001
95.0,702.0,2.727272
95.0,715.0,3.9772716666666668
95.08333333333333,724.0,1.704545
95.25,716.0,1.704545
95.33333333333333,725.0,3.2954536666666665
95.41666666666667,731.0,3.522726333333334
95.5,731.0,3.352271833333334
95.58333333333333,721.0,3.636362666666667
95.66666666666667,737.0,3.636362666666667
95.75,755.0,1.6477268333333333
95.83333333333333,757.0,3.5795445000000004
95.91666666666667,772.0,4.034089833333334
96.0,798.0,3.352271833333334
96.16666666666667,832.0,3.352271833333334
96.25,881.0,4.090908000000001
96.25,931.0,2.4999993333333332
96.25,952.0,2.4999993333333332
96.33333333333333,970.0,1.2499996666666666
96.5,966.0,3.1249991666666666
96.58333333333333,950.0,3.9204535000000003
96.58333333333333,958.0,3.2386355
96.66666666666667,986.0,1.5909086666666667
96.75,969.0,3.5795445000000004
96.83333333333333,948.0,3.1818173333333335
96.83333333333333,951.0,3.1818173333333335
96.91666666666667,1028.0,3.1818173333333335
97.0,1009.0,3.693180833333334
97.08333333333333,978.0,3.5795445000000004
97.25,982.0,3.5795445000000004
97.33333333333333,1050.0,3.693180833333334
97.41666666666667,1099.0,3.2954536666666665
97.41666666666667,1108.0,3.636362666666667
97.41666666666667,1102.0,3.636362666666667
97.5,1123.0,1.1363633333333334
97.66666666666667,1160.0,3.2386355
97.75,1127.0,3.2954536666666665
97.83333333333333,1120.0,3.2954536666666665
97.91666666666667,1126.0,3.068181
97.91666666666667,1106.0,3.068181
98.0,1101.0,1.6477268333333333
98.08333333333333,1122.0,1.6477268333333333
98.08333333333333,1142.0,1.704545
98.08333333333333,1134.0,1.704545
98.16666666666667,1126.0,1.0795451666666667
98.25,1126.0,3.40909
98.33333333333333,1126.0,3.40909
98.41666666666667,1126.0,1.704545
98.5,1132.0,3.7499990000000003
98.58333333333333,1132.0,4.034089833333334
98.66666666666667,1144.0,3.0113628333333335
98.75,1167.0,3.352271833333334
98.83333333333333,1176.0,3.40909
98.91666666666667,1174.0,3.40909
98.91666666666667,1192.0,1.761363166666667
99.0,1209.0,1.5909086666666667
99.08333333333333,1203.0,3.522726333333334
99.25,1175.0,3.522726333333334
99.33333333333333,1159.0,3.1249991666666666
99.33333333333333,1162.0,3.5795445000000004
99.33333333333333,1170.0,3.5795445000000004
99.41666666666667,1183.0,1.0795451666666667
99.5,1167.0,4.261362500000001
99.58333333333333,1156.0,4.261362500000001
99.66666666666667,1164.0,1.6477268333333333
99.75,1177.0,3.4659081666666665
99.83333333333333,1177.0,4.090908000000001
99.91666666666667,1173.0,2.7840901666666666
100.08333333333333,1169.0,3.693180833333334
100.16666666666667,1167.0,3.806817166666667
100.25,1158.0,3.2954536666666665
100.33333333333333,1157.0,3.068181
100.41666666666667,1147.0,3.9772716666666668
100.5,1144.0,3.9772716666666668
100.58333333333333,1156.0,1.6477268333333333
100.66666666666667,1159.0,4.090908000000001
100.66666666666667,1159.0,3.1249991666666666
100.75,1172.0,1.6477268333333333
100.91666666666667,1177.0,1.6477268333333333
101.0,1176.0,3.352271833333334
101.0,1196.0,3.522726333333334
101.08333333333333,1196.0,1.704545
101.16666666666667,1169.0,3.2386355
101.33333333333333,1146.0,3.2386355
101.41666666666667,1154.0,3.1249991666666666
101.5,1156.0,3.806817166666667
101.58333333333333,1160.0,3.068181
101.75,1145.0,3.068181
101.83333333333333,1135.0,3.352271833333334
101.83333333333333,1151.0,3.522726333333334
101.83333333333333,1160.0,3.522726333333334
101.83333333333333,1147.0,3.522726333333334
102.0,1147.0,3.522726333333334
102.08333333333333,1136.0,3.2386355
102.08333333333333,1146.0,3.068181
102.16666666666667,1137.0,3.068181
102.25,1133.0,3.2954536666666665
102.33333333333333,1130.0,3.352271833333334
102.41666666666667,1125.0,3.352271833333334
102.5,1111.0,1.761363166666667
102.58333333333333,1114.0,3.5795445000000004
102.58333333333333,1108.0,3.5795445000000004
102.75,1076.0,3.5795445000000004
102.83333333333333,1060.0,3.806817166666667
102.91666666666667,1063.0,3.352271833333334
103.0,1066.0,3.40909
103.08333333333333,1068.0,3.352271833333334
103.25,1073.0,3.352271833333334
103.25,1068.0,3.4659081666666665
103.33333333333333,1078.0,3.4659081666666665
103.41666666666667,1080.0,3.7499990000000003
103.5,1061.0,3.2954536666666665
103.58333333333333,1057.0,3.1249991666666666
103.66666666666667,1061.0,3.1249991666666666
103.66666666666667,1061.0,1.6477268333333333
103.66666666666667,1055.0,1.6477268333333333
103.75,1061.0,1.1931815000000001
103.75,1062.0,1.1931815000000001
103.83333333333333,1029.0,1.6477268333333333
103.91666666666667,990.0,1.6477268333333333
103.91666666666667,980.0,1.761363166666667
103.91666666666667,970.0,1.761363166666667
104.08333333333333,954.0,1.761363166666667
104.08333333333333,959.0,3.522726333333334
104.25,966.0,3.522726333333334
104.33333333333333,984.0,4.204544333333334
104.41666666666667,987.0,4.204544333333334
104.5,996.0,4.9431805
104.66666666666667,1010.0,4.9431805
104.75,1005.0,3.2954536666666665
104.83333333333333,995.0,4.034089833333334
104.83333333333333,985.0,3.2386355
104.91666666666667,991.0,1.5340905
104.91666666666667,994.0,1.5340905
105.0,963.0,1.5909086666666667
105.0,963.0,1.5909086666666667
105.08333333333333,940.0,1.5909086666666667
105.16666666666667,947.0,3.5795445000000004
105.25,971.0,3.4659081666666665
105.33333333333333,967.0,3.4659081666666665
105.41666666666667,956.0,1.704545
105.5,975.0,3.522726333333334
105.58333333333333,1010.0,3.636362666666667
105.66666666666667,1032.0,2.8977265
105.75,1022.0,4.204544333333334
105.83333333333333,1042.0,2.8409083333333336
105.91666666666667,1078.0,2.8409083333333336
105.91666666666667,1091.0,1.6477268333333333
106.0,1102.0,1.6477268333333333
106.0,1146.0,1.6477268333333333
106.0,1181.0,1.6477268333333333
106.08333333333333,1176.0,1.0227270000000002
106.16666666666667,1161.0,1.0227270000000002
106.16666666666667,1169.0,1.6477268333333333
106.16666666666667,1163.0,1.6477268333333333
106.25,1132.0,0.7954543333333334
106.33333333333333,1150.0,3.5795445000000004
106.5,1177.0,3.5795445000000004
106.58333333333333,1173.0,3.806817166666667
106.66666666666667,1144.0,3.1249991666666666
106.75,1177.0,3.9772716666666668
106.83333333333333,1217.0,3.2386355
106.91666666666667,1224.0,3.068181
107.0,1211.0,3.068181
107.08333333333333,1207.0,1.704545
107.16666666666667,1204.0,3.1249991666666666
107.25,1236.0,4.034089833333334
107.33333333333333,1241.0,4.034089833333334
107.33333333333333,1231.0,4.034089833333334
107.41666666666667,1272.0,1.5340905
107.5,1305.0,3.068181
107.5,1302.0,3.068181
107.58333333333333,1277.0,3.068181
107.66666666666667,1291.0,1.0227270000000002
107.75,1320.0,3.2386355
107.75,1335.0,2.8409083333333336
107.75,1335.0,2.8409083333333336
107.83333333333333,1319.0,1.0795451666666667
107.91666666666667,1266.0,2.8977265
108.0,1267.0,3.352271833333334
108.16666666666667,1272.0,3.352271833333334
108.25,1238.0,3.522726333333334
108.33333333333333,1210.0,2.9545446666666666
108.41666666666667,1248.0,3.2386355
108.5,1293.0,3.068181
108.58333333333333,1355.0,3.4659081666666665
108.66666666666667,1350.0,3.1249991666666666
108.66666666666667,1292.0,3.1249991666666666
108.75,1292.0,1.363636
108.91666666666667,1304.0,3.352271833333334
109.0,1334.0,3.5795445000000004
109.08333333333333,1424.0,3.1818173333333335
109.16666666666667,1457.0,2.8977265
109.16666666666667,1465.0,3.4659081666666665
109.25,1464.0,3.4659081666666665
109.33333333333333,1487.0,3.522726333333334
109.41666666666667,1459.0,3.2386355
109.5,1430.0,2.8977265
109.58333333333333,1414.0,2.9545446666666666
109.66666666666667,1420.0,3.1249991666666666
109.83333333333333,1416.0,3.1249991666666666
109.91666666666667,1363.0,3.2386355
109.91666666666667,1358.0,2.9545446666666666
109.91666666666667,1404.0,2.9545446666666666
110.0,1440.0,2.9545446666666666
110.08333333333333,1412.0,3.352271833333334
110.16666666666667,1424.0,3.1818173333333335
110.16666666666667,1453.0,3.1818173333333335
110.16666666666667,1457.0,3.1818173333333335
110.25,1461.0,0.9659088333333334
110.33333333333333,1473.0,3.0113628333333335
110.41666666666667,1555.0,2.727272
110.5,1594.0,3.1818173333333335
110.5,1447.0,3.1818173333333335
110.58333333333333,1392.0,1.4204541666666668
110.75,1429.0,3.1249991666666666
110.83333333333333,1466.0,3.2954536666666665
110.83333333333333,1483.0,3.068181
110.91666666666667,1419.0,3.068181
111.0,1419.0,1.4772723333333333
111.08333333333333,1388.0,2.4999993333333332
111.16666666666667,1423.0,3.352271833333334
111.25,1481.0,3.352271833333334
111.33333333333333,1588.0,3.0113628333333335
111.41666666666667,1662.0,3.2386355
111.5,1612.0,2.9545446666666666
111.5,1516.0,2.9545446666666666
111.58333333333333,1493.0,1.363636
111.58333333333333,1613.0,1.363636
111.66666666666667,1613.0,1.363636
111.75,1521.0,3.636362666666667
111.83333333333333,1459.0,2.7840901666666666
111.83333333333333,1492.0,2.7840901666666666
111.83333333333333,1470.0,2.7840901666666666
111.83333333333333,1429.0,2.7840901666666666
111.91666666666667,1421.0,0.7386361666666666
112.0,1432.0,2.8409083333333336
112.08333333333333,1459.0,3.068181
112.16666666666667,1494.0,2.2159085000000003
112.25,1592.0,3.9204535000000003
112.33333333333333,1615.0,2.8977265
112.41666666666667,1517.0,2.670453833333333
112.5,1501.0,3.1249991666666666
112.58333333333333,1538.0,2.6136356666666667
112.75,1564.0,3.2386355
112.75,1487.0,3.4659081666666665
112.83333333333333,1453.0,3.4659081666666665
112.91666666666667,1507.0,1.4204541666666668
113.0,1572.0,2.6136356666666667
113.0,1622.0,3.068181
113.0,1629.0,3.068181
113.16666666666667,1699.0,3.068181
113.25,1738.0,4.204544333333334
113.33333333333333,1727.0,2.6136356666666667
113.41666666666667,1613.0,2.9545446666666666
113.5,1598.0,3.0113628333333335
113.58333333333333,1634.0,3.068181
113.66666666666667,1616.0,2.8409083333333336
113.66666666666667,1486.0,3.1249991666666666
113.75,1451.0,3.1249991666666666
113.83333333333333,1457.0,3.068181
113.91666666666667,1458.0,2.9545446666666666
114.0,1458.0,2.9545446666666666
114.08333333333333,1449.0,3.068181
114.16666666666667,1491.0,2.9545446666666666
114.25,1488.0,2.9545446666666666
114.33333333333333,1537.0,3.068181
114.41666666666667,1591.0,2.9545446666666666
114.58333333333333,1531.0,2.9545446666666666
114.66666666666667,1534.0,3.9204535000000003
114.75,1559.0,3.0113628333333335
114.83333333333333,1543.0,2.8409083333333336
114.91666666666667,1481.0,2.7840901666666666
115.0,1487.0,3.2386355
115.08333333333333,1529.0,2.8409083333333336
115.08333333333333,1547.0,2.9545446666666666
115.16666666666667,1530.0,2.9545446666666666
115.25,1515.0,1.363636
115.33333333333333,1523.0,3.4659081666666665
115.41666666666667,1523.0,3.1818173333333335
115.5,1508.0,2.8409083333333336
115.58333333333333,1500.0,2.9545446666666666
115.66666666666667,1541.0,3.2954536666666665
115.75,1560.0,2.670453833333333
115.83333333333333,1519.0,3.5795445000000004
116.0,1466.0,3.5795445000000004
116.08333333333333,1506.0,3.5795445000000004
116.16666666666667,1514.0,2.9545446666666666
116.25,1434.0,3.068181
116.33333333333333,1345.0,2.7840901666666666
116.41666666666667,1339.0,3.352271833333334
116.5,1335.0,3.068181
116.58333333333333,1322.0,3.068181
116.66666666666667,1317.0,3.1249991666666666
116.75,1304.0,2.8409083333333336
116.75,1337.0,2.8409083333333336
116.75,1356.0,2.8409083333333336
116.83333333333333,1339.0,1.0227270000000002
117.0,1296.0,3.1818173333333335
117.0,1235.0,3.1818173333333335
117.08333333333333,1162.0,3.1818173333333335
117.16666666666667,1146.0,1.0227270000000002
117.25,1132.0,2.7840901666666666
117.33333333333333,1132.0,3.352271833333334
117.41666666666667,1073.0,2.727272
117.5,1064.0,3.1249991666666666
117.5,1124.0,3.1249991666666666
117.58333333333333,1148.0,1.4772723333333333
117.66666666666667,1263.0,3.806817166666667
117.75,1284.0,2.670453833333333
117.83333333333333,1304.0,2.670453833333333
117.91666666666667,1333.0,1.5909086666666667
118.0,1342.0,3.0113628333333335
118.08333333333333,1290.0,3.4659081666666665
118.08333333333333,1244.0,3.0113628333333335
118.16666666666667,1216.0,3.0113628333333335
118.25,1190.0,3.068181
118.33333333333333,1171.0,3.1249991666666666
118.41666666666667,1169.0,3.4659081666666665
118.58333333333333,1164.0,3.4659081666666665
118.66666666666667,1164.0,3.2386355
118.75,1193.0,3.068181
118.83333333333333,1203.0,3.1818173333333335
118.91666666666667,1192.0,3.1249991666666666
119.0,1197.0,3.7499990000000003
119.08333333333333,1250.0,2.7840901666666666
119.16666666666667,1271.0,2.7840901666666666
119.33333333333333,1261.0,2.7840901666666666
119.33333333333333,1260.0,3.2386355
119.5,1267.0,3.2386355
119.5,1259.0,3.7499990000000003
119.58333333333333,1236.0,3.7499990000000003
119.66666666666667,1229.0,1.4772723333333333
119.75,1230.0,2.8977265
119.75,1249.0,2.8977265
119.75,1230.0,2.8977265
119.83333333333333,1219.0,1.0227270000000002
119.91666666666667,1230.0,3.068181
120.0,1255.0,3.1249991666666666
120.0,1263.0,3.1249991666666666
120.16666666666667,1260.0,3.1249991666666666
120.25,1250.0,3.5795445000000004
120.33333333333333,1254.0,3.2386355
120.41666666666667,1244.0,3.1818173333333335
120.5,1231.0,3.068181
120.58333333333333,1248.0,4.090908000000001
120.66666666666667,1248.0,2.5568175
120.75,1264.0,3.522726333333334
120.75,1258.0,3.522726333333334
120.83333333333333,1258.0,3.522726333333334
120.83333333333333,1251.0,1.0227270000000002
120.91666666666667,1225.0,1.0227270000000002
121.0,1172.0,1.363636
121.0,1143.0,3.0113628333333335
121.0,1157.0,3.0113628333333335
121.0,1159.0,3.0113628333333335
121.0,1147.0,3.0113628333333335
121.0,1168.0,3.0113628333333335
121.08333333333333,1196.0,3.0113628333333335
121.16666666666667,1194.0,0.5113635000000001
121.16666666666667,1165.0,2.272726666666667
121.25,1076.0,2.272726666666667
121.33333333333333,1071.0,3.40909
121.41666666666667,1076.0,3.2386355
121.5,1158.0,2.727272
121.58333333333333,1164.0,3.5795445000000004
121.66666666666667,1202.0,2.6136356666666667
121.83333333333333,1209.0,2.6136356666666667
121.91666666666667,1171.0,3.068181
122.0,1144.0,3.2386355
122.08333333333333,1205.0,3.0113628333333335
122.16666666666667,1246.0,3.1249991666666666
122.25,1279.0,3.0113628333333335
122.33333333333333,1310.0,3.2954536666666665
122.41666666666667,1311.0,3.1249991666666666
122.41666666666667,1325.0,3.1249991666666666
122.5,1323.0,3.1249991666666666
122.58333333333333,1323.0,3.40909
122.66666666666667,1271.0,3.1818173333333335
122.75,1188.0,3.068181
122.83333333333333,1208.0,3.0113628333333335
122.91666666666667,1230.0,3.0113628333333335
123.0,1230.0,1.5340905
123.08333333333333,1308.0,2.8409083333333336
123.16666666666667,1389.0,3.0113628333333335
123.25,1339.0,2.727272
123.33333333333333,1294.0,3.522726333333334
123.41666666666667,1353.0,2.9545446666666666
123.5,1385.0,2.8977265
123.58333333333333,1385.0,2.5568175
123.66666666666667,1334.0,3.5795445000000004
123.75,1305.0,2.8409083333333336
123.75,1307.0,2.8977265
123.83333333333333,1295.0,2.8977265
123.91666666666667,1309.0,3.0113628333333335
124.0,1353.0,2.8977265
124.0,1398.0,2.8977265
124.08333333333333,1407.0,1.4204541666666668
124.16666666666667,1380.0,1.4204541666666668
124.25,1389.0,3.2954536666666665
124.33333333333333,1415.0,2.8409083333333336
124.41666666666667,1410.0,2.8409083333333336
124.5,1321.0,2.9545446666666666
124.58333333333333,1311.0,2.670453833333333
124.66666666666667,1306.0,3.40909
124.75,1287.0,2.7840901666666666
124.83333333333333,1257.0,2.8977265
124.91666666666667,1267.0,3.1249991666666666
125.0,1306.0,2.7840901666666666
125.08333333333333,1315.0,2.8409083333333336
125.08333333333333,1287.0,2.8409083333333336
125.16666666666667,1317.0,1.4772723333333333
125.25,1354.0,2.727272
125.33333333333333,1338.0,2.7840901666666666
125.41666666666667,1315.0,3.2386355
125.41666666666667,1363.0,3.2386355
125.5,1347.0,1.4204541666666668
125.5,1298.0,1.4204541666666668
125.5,1252.0,1.4204541666666668
125.58333333333333,1219.0,0.9090906666666667
125.66666666666667,1233.0,3.4659081666666665
125.75,1273.0,2.8409083333333336
125.83333333333333,1304.0,2.8977265
125.91666666666667,1320.0,2.8977265
126.08333333333333,1283.0,2.8409083333333336
126.16666666666667,1256.0,2.8409083333333336
126.16666666666667,1234.0,2.9545446666666666
126.25,1206.0,2.3863630000000002
126.41666666666667,1185.0,3.0113628333333335
126.5,1229.0,3.1818173333333335
126.5,1290.0,2.8977265
126.58333333333333,1290.0,2.670453833333333
126.66666666666667,1295.0,2.2159085000000003
126.75,1249.0,3.0113628333333335
126.83333333333333,1219.0,3.4659081666666665
126.91666666666667,1163.0,2.8409083333333336
126.91666666666667,1167.0,2.8409083333333336
127.0,1206.0,1.2499996666666666
127.08333333333333,1190.0,3.2386355
127.16666666666667,1179.0,2.9545446666666666
127.25,1214.0,2.670453833333333
127.25,1214.0,2.670453833333333
127.25,1081.0,2.670453833333333
127.25,938.0,2.670453833333333
127.25,941.0,2.670453833333333
127.33333333333333,1006.0,2.670453833333333
127.33333333333333,1064.0,0.5113635000000001
127.41666666666667,1038.0,0.5113635000000001
127.5,1038.0,1.363636
127.58333333333333,1033.0,2.9545446666666666
127.66666666666667,1063.0,2.9545446666666666
127.75,1123.0,2.6136356666666667
127.83333333333333,1114.0,2.7840901666666666
127.91666666666667,1126.0,3.1818173333333335
127.91666666666667,1171.0,2.727272
128.0,1159.0,2.727272
128.08333333333334,1146.0,1.2499996666666666
128.16666666666666,1200.0,3.1818173333333335
128.25,1227.0,2.4999993333333332
128.25,1203.0,3.0113628333333335
128.25,1141.0,3.0113628333333335
128.25,1149.0,3.0113628333333335
128.33333333333334,1150.0,0.8522725
128.41666666666666,1192.0,2.727272
128.41666666666666,1220.0,2.727272
128.41666666666666,1190.0,2.727272
128.41666666666666,1170.0,2.727272
128.5,1163.0,0.681818
128.5,1159.0,0.681818
128.5,1193.0,0.681818
128.58333333333334,1248.0,0.681818
128.66666666666666,1306.0,0.8522725
128.75,1270.0,3.068181
128.83333333333334,1249.0,3.068181
128.91666666666666,1249.0,2.4999993333333332
129.0,1301.0,2.4431811666666667
129.08333333333334,1338.0,3.40909
129.16666666666666,1339.0,2.727272
129.25,1316.0,2.670453833333333
129.33333333333334,1300.0,2.8409083333333336
129.41666666666666,1294.0,2.3863630000000002
129.5,1274.0,3.068181
129.5,1220.0,2.670453833333333
129.5,1212.0,2.670453833333333
129.58333333333334,1257.0,1.3068178333333333
129.66666666666666,1252.0,2.4999993333333332
129.75,1228.0,2.727272
129.83333333333334,1260.0,2.5568175
129.91666666666666,1309.0,2.670453833333333
130.0,1305.0,2.670453833333333
130.08333333333334,1294.0,2.670453833333333
133.25,1459.0,2.4431811666666667
133.25,1456.0,2.4431811666666667
133.33333333333334,1459.0,1.0795451666666667
133.41666666666666,1452.0,2.4999993333333332
133.41666666666666,1458.0,2.4999993333333332
133.5,1477.0,1.8181813333333334
133.58333333333334,1478.0,2.2159085000000003
133.66666666666666,1410.0,2.2159085000000003
133.75,1415.0,2.1590903333333333
133.75,1426.0,2.272726666666667
133.83333333333334,1444.0,2.102272166666667
133.91666666666666,1445.0,2.102272166666667
134.0,1436.0,2.2159085000000003
134.0,1433.0,2.1590903333333333
134.08333333333334,1450.0,2.102272166666667
134.16666666666666,1507.0,2.1590903333333333
134.25,1507.0,2.1590903333333333
134.33333333333334,1543.0,2.670453833333333
134.33333333333334,1498.0,2.0454540000000003
134.33333333333334,1496.0,2.0454540000000003
134.41666666666666,1518.0,2.0454540000000003
134.41666666666666,1466.0,1.0227270000000002
134.5,1467.0,2.0454540000000003
134.58333333333334,1550.0,2.2159085000000003
134.66666666666666,1649.0,2.2159085000000003
134.66666666666666,1630.0,2.0454540000000003
134.75,1550.0,1.8749995000000002
134.83333333333334,1546.0,2.3863630000000002
134.83333333333334,1573.0,2.3863630000000002
134.83333333333334,1562.0,2.3863630000000002
134.91666666666666,1469.0,0.9659088333333334
135.0,1478.0,0.9659088333333334
135.0,1502.0,2.102272166666667
135.08333333333334,1502.0,1.8749995000000002
135.16666666666666,1592.0,1.8749995000000002
135.25,1576.0,2.2159085000000003
135.25,1531.0,2.0454540000000003
135.33333333333334,1524.0,1.9318176666666669
135.41666666666666,1551.0,1.9318176666666669
135.41666666666666,1515.0,2.0454540000000003
135.5,1490.0,1.9886358333333334
135.58333333333334,1496.0,1.9886358333333334
135.58333333333334,1521.0,1.6477268333333333
135.66666666666666,1518.0,2.3295448333333333
135.75,1535.0,2.3295448333333333
135.75,1608.0,1.8749995000000002
135.83333333333334,1655.0,1.9318176666666669
135.91666666666666,1615.0,1.9318176666666669
135.91666666666666,1586.0,1.8749995000000002
136.0,1614.0,1.8749995000000002
136.0,1666.0,1.8749995000000002
136.0,1720.0,1.8749995000000002
136.08333333333334,1673.0,0.8522725
136.16666666666666,1619.0,0.8522725
136.16666666666666,1610.0,1.704545
136.25,1573.0,1.704545
136.25,1452.0,1.6477268333333333
136.33333333333334,1462.0,1.761363166666667
136.41666666666666,1549.0,1.761363166666667
136.41666666666666,1549.0,1.8181813333333334
136.41666666666666,1573.0,1.8181813333333334
136.41666666666666,1585.0,1.8181813333333334
136.5,1658.0,0.7954543333333334
136.5,1680.0,0.7954543333333334
136.58333333333334,1623.0,1.761363166666667
136.66666666666666,1562.0,1.761363166666667
136.66666666666666,1614.0,1.6477268333333333
136.75,1637.0,1.6477268333333333
136.75,1619.0,1.6477268333333333
136.83333333333334,1614.0,1.5909086666666667
136.91666666666666,1695.0,1.5909086666666667
136.91666666666666,1785.0,1.6477268333333333
137.0,1816.0,1.6477268333333333
137.0,1778.0,1.6477268333333333
137.08333333333334,1738.0,1.6477268333333333
137.08333333333334,1752.0,1.5340905
137.16666666666666,1763.0,1.5340905
137.16666666666666,1739.0,1.4204541666666668
137.25,1735.0,1.5909086666666667
137.25,1763.0,1.5909086666666667
137.33333333333334,1756.0,1.5909086666666667
137.33333333333334,1748.0,1.5909086666666667
137.41666666666666,1738.0,1.4204541666666668
137.5,1720.0,1.4204541666666668
137.5,1779.0,1.4772723333333333
137.5,1851.0,1.4772723333333333
137.58333333333334,1889.0,1.4204541666666668
137.58333333333334,1867.0,1.4204541666666668
137.66666666666666,1843.0,1.363636
137.66666666666666,1843.0,1.363636
137.75,1852.0,1.363636
137.75,1847.0,1.363636
137.83333333333334,1804.0,1.3068178333333333
137.83333333333334,1783.0,1.3068178333333333
137.91666666666666,1789.0,1.3068178333333333
137.91666666666666,1799.0,1.2499996666666666
137.91666666666666,1776.0,1.2499996666666666
138.0,1713.0,1.2499996666666666
138.0,1724.0,1.2499996666666666
138.08333333333334,1756.0,1.1931815000000001
138.08333333333334,1777.0,1.1931815000000001
138.08333333333334,1803.0,1.1931815000000001
138.08333333333334,1803.0,1.1931815000000001
138.16666666666666,1833.0,1.1931815000000001
138.16666666666666,1840.0,0.6249998333333333
138.16666666666666,1851.0,0.6249998333333333
138.25,1893.0,1.1931815000000001
138.25,1949.0,1.1931815000000001
138.33333333333334,1951.0,1.363636
138.33333333333334,1929.0,1.363636
138.41666666666666,1880.0,1.363636
138.41666666666666,1753.0,1.2499996666666666
138.41666666666666,1708.0,1.2499996666666666
138.5,1719.0,1.0227270000000002
138.5,1764.0,1.0227270000000002
138.58333333333334,1860.0,1.5340905
138.58333333333334,1858.0,1.5340905
138.66666666666666,1864.0,1.5340905
138.66666666666666,1857.0,1.1363633333333334
138.66666666666666,1912.0,1.1363633333333334
138.75,1914.0,1.2499996666666666
138.75,1901.0,1.2499996666666666
138.83333333333334,1910.0,1.2499996666666666
138.83333333333334,1920.0,1.0795451666666667
138.83333333333334,1903.0,1.0795451666666667
138.91666666666666,1904.0,1.0227270000000002
138.91666666666666,1913.0,1.0227270000000002
139.0,1917.0,1.0227270000000002
139.0,1909.0,1.3068178333333333
139.0,1875.0,1.3068178333333333
139.08333333333334,1864.0,1.0227270000000002
139.08333333333334,1874.0,1.0227270000000002
139.16666666666666,1875.0,1.0227270000000002
139.16666666666666,1939.0,1.1931815000000001
139.16666666666666,1949.0,1.1931815000000001
139.25,1942.0,1.1363633333333334
139.25,1930.0,1.1363633333333334
139.25,1883.0,1.1363633333333334
139.33333333333334,1786.0,1.0227270000000002
139.33333333333334,1743.0,1.0227270000000002
139.41666666666666,1767.0,1.0227270000000002
139.41666666666666,1813.0,1.0795451666666667
139.41666666666666,1801.0,1.0795451666666667
139.5,1794.0,1.0227270000000002
139.5,1794.0,1.0227270000000002
139.5,1816.0,1.0227270000000002
139.58333333333334,1850.0,0.9659088333333334
139.58333333333334,1866.0,0.9659088333333334
139.58333333333334,1889.0,0.9659088333333334
139.66666666666666,1888.0,0.9659088333333334
139.66666666666666,1864.0,0.9659088333333334
139.66666666666666,1841.0,0.9659088333333334
139.75,1849.0,0.9659088333333334
139.75,1850.0,0.9659088333333334
139.75,1842.0,0.9659088333333334
139.83333333333334,1853.0,0.9659088333333334
139.83333333333334,1900.0,0.9659088333333334
139.83333333333334,1912.0,0.9659088333333334
139.91666666666666,1921.0,0.9090906666666667
139.91666666666666,1922.0,0.9090906666666667
139.91666666666666,1902.0,0.9090906666666667
140.0,1888.0,1.0227270000000002
140.0,1885.0,1.0227270000000002
140.0,1851.0,1.0227270000000002
140.08333333333334,1786.0,0.9659088333333334
140.08333333333334,1867.0,0.9659088333333334
140.16666666666666,1874.0,0.9659088333333334
140.16666666666666,1812.0,1.0795451666666667
140.16666666666666,1789.0,1.0795451666666667
140.25,1885.0,1.0795451666666667
140.25,1893.0,1.0227270000000002
140.25,1853.0,1.0227270000000002
140.33333333333334,1825.0,1.0227270000000002
140.33333333333334,1851.0,1.0227270000000002
140.33333333333334,1863.0,1.0227270000000002
140.41666666666666,1853.0,1.0795451666666667
140.41666666666666,1830.0,1.0795451666666667
140.41666666666666,1831.0,1.0795451666666667
140.5,1828.0,0.9090906666666667
140.5,1800.0,0.9090906666666667
140.58333333333334,1812.0,1.2499996666666666
140.58333333333334,1862.0,1.2499996666666666
140.66666666666666,1877.0,1.4204541666666668
140.66666666666666,1786.0,1.4204541666666668
140.66666666666666,1812.0,1.4204541666666668
140.66666666666666,1866.0,1.4204541666666668
140.75,1803.0,1.4204541666666668
140.75,1803.0,0.681818
140.75,1717.0,0.681818
140.83333333333334,1714.0,1.0795451666666667
140.83333333333334,1769.0,1.0795451666666667
140.83333333333334,1746.0,1.0795451666666667
140.91666666666666,1804.0,0.9090906666666667
140.91666666666666,1927.0,0.9090906666666667
140.91666666666666,1964.0,0.9090906666666667
141.0,1932.0,0.9090906666666667
141.0,1901.0,0.8522725
141.0,1899.0,0.8522725
141.0,1866.0,0.8522725
141.08333333333334,1816.0,0.8522725
141.08333333333334,1803.0,0.8522725
141.08333333333334,1840.0,0.8522725
141.16666666666666,1871.0,0.8522725
141.16666666666666,1871.0,0.7954543333333334
141.16666666666666,1897.0,0.7954543333333334
141.16666666666666,1901.0,0.7954543333333334
141.25,1887.0,0.7954543333333334
141.25,1886.0,0.7954543333333334
141.25,1888.0,0.7954543333333334
141.33333333333334,1865.0,0.7954543333333334
141.33333333333334,1845.0,0.7386361666666666
141.33333333333334,1836.0,0.7386361666666666
141.33333333333334,1801.0,0.7386361666666666
141.33333333333334,1732.0,0.7386361666666666
141.41666666666666,1703.0,0.681818
141.41666666666666,1725.0,0.681818
141.41666666666666,1730.0,0.681818
141.41666666666666,1728.0,0.681818
141.5,1862.0,0.681818
141.5,1922.0,0.681818
141.5,1861.0,0.681818
141.5,1856.0,0.681818
141.5,1957.0,0.681818
141.58333333333334,2005.0,0.681818
141.58333333333334,1965.0,0.5681816666666667
141.58333333333334,1998.0,0.5681816666666667
141.58333333333334,2061.0,0.5681816666666667
141.58333333333334,1980.0,0.5681816666666667
141.66666666666666,1882.0,0.5681816666666667
141.66666666666666,1870.0,0.5113635000000001
141.66666666666666,1870.0,0.5113635000000001
141.66666666666666,1875.0,0.5113635000000001
141.66666666666666,1871.0,0.5113635000000001
141.66666666666666,1889.0,0.5113635000000001
141.75,1943.0,0.5113635000000001
141.75,2000.0,0.45454533333333336
141.75,1964.0,0.45454533333333336
141.75,1897.0,0.45454533333333336
141.75,1867.0,0.45454533333333336
141.75,1787.0,0.45454533333333336
141.75,1717.0,0.45454533333333336
141.75,1819.0,0.45454533333333336
141.83333333333334,1958.0,0.3977271666666667
141.83333333333334,1972.0,0.3977271666666667
141.83333333333334,1985.0,0.3977271666666667
141.83333333333334,2042.0,0.3977271666666667
141.83333333333334,1928.0,0.3977271666666667
141.83333333333334,1790.0,0.3977271666666667
141.83333333333334,1758.0,0.3977271666666667
141.83333333333334,1812.0,0.3977271666666667
141.83333333333334,1800.0,0.3977271666666667
141.83333333333334,1804.0,0.3977271666666667
141.91666666666666,1898.0,0.3977271666666667
141.91666666666666,1988.0,0.28409083333333335
141.91666666666666,1903.0,0.28409083333333335
141.91666666666666,1801.0,0.28409083333333335
141.91666666666666,1793.0,0.28409083333333335
141.91666666666666,1751.0,0.28409083333333335
141.91666666666666,1709.0,0.28409083333333335
141.91666666666666,1682.0,0.28409083333333335
141.91666666666666,1741.0,0.28409083333333335
141.91666666666666,1833.0,0.28409083333333335
141.91666666666666,1854.0,0.28409083333333335
141.91666666666666,1937.0,0.28409083333333335
141.91666666666666,1989.0,0.28409083333333335
141.91666666666666,1937.0,0.28409083333333335
141.91666666666666,1842.0,0.28409083333333335
141.91666666666666,1784.0,0.28409083333333335
141.91666666666666,1791.0,0.28409083333333335
141.91666666666666,1791.0,0.28409083333333335
141.91666666666666,1814.0,0.28409083333333335
141.91666666666666,1874.0,0.28409083333333335
141.91666666666666,1874.0,0.28409083333333335
141.91666666666666,2014.0,0.28409083333333335
141.91666666666666,2014.0,0.28409083333333335
141.91666666666666,2058.0,0.28409083333333335
141.91666666666666,2058.0,0.28409083333333335
141.91666666666666,1931.0,0.28409083333333335
141.91666666666666,1810.0,0.28409083333333335
141.91666666666666,1762.0,0.28409083333333335
141.91666666666666,1767.0,0.28409083333333335
141.91666666666666,1806.0,0.28409083333333335
141.91666666666666,1909.0,0.28409083333333335
141.91666666666666,1994.0,0.28409083333333335
141.91666666666666,2049.0,0.28409083333333335
141.91666666666666,2009.0,0.28409083333333335
141.91666666666666,1832.0,0.28409083333333335
141.91666666666666,1728.0,0.28409083333333335
141.91666666666666,1727.0,0.28409083333333335
141.91666666666666,1514.0,0.28409083333333335
141.91666666666666,877.0,0.28409083333333335
141.91666666666666,270.0,0.28409083333333335
141.91666666666666,93.0,0.28409083333333335
141.91666666666666,0.0,0.28409083333333335
141.91666666666666,0.0,0.28409083333333335
141.91666666666666,0.0,0.28409083333333335
141.91666666666666,0.0,0.28409083333333335
141.91666666666666,0.0,0.28409083333333335
141.91666666666666,0.0,0.28409083333333335
141.91666666666666,0.0,0.28409083333333335
141.91666666666666,0.0,0.28409083333333335
141.91666666666666,0.0,0.28409083333333335
141.91666666666666,0.0,0.28409083333333335
141.91666666666666,0.0,0.28409083333333335
141.91666666666666,0.0,0.28409083333333335
141.91666666666666,0.0,0.28409083333333335
141.91666666666666,0.0,0.28409083333333335
141.91666666666666,0.0,0.28409083333333335
141.91666666666666,0.0,0.28409083333333335
141.91666666666666,0.0,0.28409083333333335
141.91666666666666,0.0,0.0
141.91666666666666,0.0,0.0
141.91666666666666,0.0,0.0
141.91666666666666,0.0,0.0
141.91666666666666,0.0,0.0
141.91666666666666,0.0,0.0
141.91666666666666,0.0,0.0
141.91666666666666,0.0,0.0
141.91666666666666,0.0,0.0
141.91666666666666,0.0,0.0
141.91666666666666,0.0,0.0
141.91666666666666,0.0,0.0
141.91666666666666,0.0,0.0
141.91666666666666,0.0,0.0
141.91666666666666,0.0,0.0
141.91666666666666,0.0,0.0
141.91666666666666,0.0,0.0
141.91666666666666,0.0,0.0
141.91666666666666,0.0,0.0
141.91666666666666,0.0,0.0
141.91666666666666,0.0,0.0
141.91666666666666,0.0,0.0
141.91666666666666,0.0,0.0
141.91666666666666,0.0,0.0
141.91666666666666,0.0,0.0
141.91666666666666,0.0,0.0
141.91666666666666,0.0,0.0
141.91666666666666,0.0,0.0
141.91666666666666,0.0,0.0
141.91666666666666,0.0,0.0
141.91666666666666,0.0,0.0
141.91666666666666,0.0,0.0
141.91666666666666,0.0,0.0
141.91666666666666,0.0,0.0
141.91666666666666,0.0,0.0
141.91666666666666,0.0,0.0
141.91666666666666,0.0,0.0
141.91666666666666,0.0,0.0
141.91666666666666,0.0,0.0
141.91666666666666,0.0,0.0
141.91666666666666,0.0,0.0
141.91666666666666,0.0,0.0
141.91666666666666,0.0,0.0
141.91666666666666,0.0,0.0
141.91666666666666,0.0,0.0
141.91666666666666,0.0,0.0
141.91666666666666,0.0,0.0
141.91666666666666,0.0,0.0
141.91666666666666,0.0,0.0
141.91666666666666,0.0,0.0
141.91666666666666,0.0,0.0
141.91666666666666,0.0,0.0
141.91666666666666,0.0,0.0
141.91666666666666,0.0,0.0
141.91666666666666,0.0,0.0
141.91666666666666,0.0,0.0
141.91666666666666,0.0,0.0
141.91666666666666,0.0,0.0
141.91666666666666,0.0,0.0
141.91666666666666,0.0,0.0
141.91666666666666,0.0,0.0
141.91666666666666,0.0,0.0
141.91666666666666,0.0,0.0
141.91666666666666,0.0,0.0
141.91666666666666,0.0,0.0
141.91666666666666,0.0,0.0
141.91666666666666,0.0,0.0
141.91666666666666,0.0,0.0
141.91666666666666,0.0,0.0
141.91666666666666,0.0,0.0
141.91666666666666,0.0,0.0
141.91666666666666,0.0,0.0
141.91666666666666,0.0,0.0
141.91666666666666,0.0,0.0
141.91666666666666,0.0,0.0
141.91666666666666,0.0,0.0
141.91666666666666,0.0,0.0
141.91666666666666,0.0,0.0
141.91666666666666,0.0,0.0
141.91666666666666,0.0,0.0
141.91666666666666,0.0,0.0
141.91666666666666,0.0,0.0
141.91666666666666,0.0,0.0
141.91666666666666,0.0,0.0
141.91666666666666,0.0,0.0
141.91666666666666,0.0,0.0
141.91666666666666,0.0,0.0
141.91666666666666,0.0,0.0
141.91666666666666,0.0,0.0
141.91666666666666,0.0,0.0
141.91666666666666,0.0,0.0
141.91666666666666,0.0,0.0
141.91666666666666,0.0,0.0
141.91666666666666,0.0,0.0
141.91666666666666,0.0,0.0
141.91666666666666,0.0,0.0
141.91666666666666,0.0,0.0
141.91666666666666,0.0,0.0
141.91666666666666,0.0,0.0
141.91666666666666,0.0,0.0
141.91666666666666,0.0,0.0
141.91666666666666,0.0,0.0
141.91666666666666,0.0,0.0
141.91666666666666,0.0,0.0
141.91666666666666,0.0,0.0
141.91666666666666,0.0,0.0
141.91666666666666,0.0,0.0
141.91666666666666,0.0,0.0
141.91666666666666,0.0,0.0
141.91666666666666,0.0,0.0
141.91666666666666,0.0,0.0
141.91666666666666,0.0,0.0
141.91666666666666,0.0,0.0
141.91666666666666,0.0,0.0
141.91666666666666,0.0,0.0
141.91666666666666,0.0,0.0
141.91666666666666,0.0,0.0
141.91666666666666,0.0,0.0
141.91666666666666,0.0,0.0
141.91666666666666,0.0,0.0
141.91666666666666,0.0,0.0
141.91666666666666,0.0,0.0
141.91666666666666,0.0,0.0
141.91666666666666,0.0,0.0
141.91666666666666,0.0,0.0
141.91666666666666,0.0,0.0
141.91666666666666,0.0,0.0
141.91666666666666,0.0,0.0
141.91666666666666,0.0,0.0
141.91666666666666,0.0,0.0
141.91666666666666,0.0,0.0
141.91666666666666,0.0,0.0
141.91666666666666,0.0,0.0
141.91666666666666,0.0,0.0
141.91666666666666,0.0,0.0
141.91666666666666,0.0,0.0
141.91666666666666,0.0,0.0
141.91666666666666,0.0,0.0
141.91666666666666,0.0,0.0
141.91666666666666,0.0,0.0
141.91666666666666,0.0,0.0
141.91666666666666,0.0,0.0
141.91666666666666,0.0,0.0
141.91666666666666,0.0,0.0
141.91666666666666,0.0,0.0
141.91666666666666,0.0,0.0
141.91666666666666,0.0,0.0
141.91666666666666,0.0,0.0
141.91666666666666,0.0,0.0
141.91666666666666,0.0,0.0
141.91666666666666,0.0,0.0
141.91666666666666,0.0,0.0
141.91666666666666,0.0,0.0
141.91666666666666,0.0,0.0
141.91666666666666,0.0,0.0
141.91666666666666,0.0,0.0
141.91666666666666,0.0,0.0
141.91666666666666,0.0,0.0
141.91666666666666,0.0,0.0
141.91666666666666,0.0,0.0
141.91666666666666,0.0,0.0
141.91666666666666,0.0,0.0
141.91666666666666,0.0,0.0
141.91666666666666,0.0,0.0
141.91666666666666,0.0,0.0
141.91666666666666,0.0,0.0
141.91666666666666,0.0,0.0
141.91666666666666,0.0,0.0
141.91666666666666,0.0,0.0
141.91666666666666,0.0,0.0
141.91666666666666,0.0,0.0
141.91666666666666,0.0,0.0
141.91666666666666,0.0,0.0
141.91666666666666,0.0,0.0
141.91666666666666,0.0,0.0
141.91666666666666,0.0,0.0
141.91666666666666,0.0,0.0
141.91666666666666,0.0,0.0
141.91666666666666,0.0,0.0
141.91666666666666,0.0,0.0
141.91666666666666,0.0,0.0
141.91666666666666,0.0,0.0
141.91666666666666,0.0,0.0
141.91666666666666,0.0,0.0
141.91666666666666,0.0,0.0
141.91666666666666,0.0,0.0
141.91666666666666,0.0,0.0
141.91666666666666,0.0,0.0
141.91666666666666,0.0,0.0
141.91666666666666,0.0,0.0
141.91666666666666,0.0,0.0
141.91666666666666,0.0,0.0
141.91666666666666,0.0,0.0
141.91666666666666,0.0,0.0
141.91666666666666,0.0,0.0
141.91666666666666,0.0,0.0
141.91666666666666,0.0,0.0
141.91666666666666,0.0,0.0
141.91666666666666,0.0,0.0
141.91666666666666,0.0,0.0
141.91666666666666,0.0,0.0
141.91666666666666,0.0,0.0
141.91666666666666,0.0,0.0
141.91666666666666,0.0,0.0
141.91666666666666,0.0,0.0
141.91666666666666,0.0,0.0
141.91666666666666,0.0,0.0
141.91666666666666,0.0,0.0
141.91666666666666,0.0,0.0
141.91666666666666,0.0,0.0
141.91666666666666,0.0,0.0
141.91666666666666,0.0,0.0
141.91666666666666,0.0,0.0
141.91666666666666,0.0,0.0
141.91666666666666,0.0,0.0
141.91666666666666,0.0,0.0
141.91666666666666,0.0,0.0
141.91666666666666,0.0,0.0
141.91666666666666,0.0,0.0
141.91666666666666,0.0,0.0
141.91666666666666,0.0,0.0
141.91666666666666,0.0,0.0
141.91666666666666,0.0,0.0
141.91666666666666,0.0,0.0
141.91666666666666,0.0,0.0
141.91666666666666,0.0,0.0
141.91666666666666,0.0,0.0
141.91666666666666,0.0,0.0
141.91666666666666,0.0,0.0
141.91666666666666,0.0,0.0
141.91666666666666,0.0,0.0
141.91666666666666,0.0,0.0
141.91666666666666,0.0,0.0
141.91666666666666,0.0,0.0
141.91666666666666,0.0,0.0
141.91666666666666,0.0,0.0
141.91666666666666,0.0,0.0
141.91666666666666,0.0,0.0
141.91666666666666,0.0,0.0
141.91666666666666,0.0,0.0
141.91666666666666,0.0,0.0
141.91666666666666,0.0,0.0
141.91666666666666,0.0,0.0
141.91666666666666,0.0,0.0
141.91666666666666,0.0,0.0
141.91666666666666,0.0,0.0
141.91666666666666,0.0,0.0
141.91666666666666,0.0,0.0
141.91666666666666,0.0,0.0
141.91666666666666,0.0,0.0
141.91666666666666,0.0,0.0
141.91666666666666,0.0,0.0
141.91666666666666,0.0,0.0
141.91666666666666,0.0,0.0
141.91666666666666,0.0,0.0
141.91666666666666,0.0,0.0
141.91666666666666,0.0,0.0
141.91666666666666,0.0,0.0
141.91666666666666,0.0,0.0
141.91666666666666,0.0,0.0
141.91666666666666,0.0,0.0
141.91666666666666,0.0,0.0
141.91666666666666,0.0,0.0
141.91666666666666,0.0,0.0
141.91666666666666,0.0,0.0
141.91666666666666,0.0,0.0
141.91666666666666,0.0,0.0
141.91666666666666,0.0,0.0
141.91666666666666,0.0,0.0
141.91666666666666,0.0,0.0
141.91666666666666,0.0,0.0
141.91666666666666,0.0,0.0
141.91666666666666,0.0,0.0
141.91666666666666,0.0,0.0
141.91666666666666,0.0,0.0
141.91666666666666,0.0,0.0
141.91666666666666,0.0,0.0
141.91666666666666,0.0,0.0
141.91666666666666,0.0,0.0
141.91666666666666,0.0,0.0
141.91666666666666,0.0,0.0
141.91666666666666,0.0,0.0
141.91666666666666,0.0,0.0
141.91666666666666,0.0,0.0
141.91666666666666,0.0,0.0
141.91666666666666,0.0,0.0
141.91666666666666,0.0,0.0
141.91666666666666,0.0,0.0
141.91666666666666,0.0,0.0
141.91666666666666,0.0,0.0
141.91666666666666,0.0,0.0
141.91666666666666,0.0,0.0
141.91666666666666,0.0,0.0
141.91666666666666,0.0,0.0
141.91666666666666,0.0,0.0
141.91666666666666,0.0,0.0
141.91666666666666,0.0,0.0
141.91666666666666,0.0,0.0
141.91666666666666,0.0,0.0
141.91666666666666,0.0,0.0
141.91666666666666,0.0,0.0
141.91666666666666,0.0,0.0
141.91666666666666,0.0,0.0
141.91666666666666,0.0,0.0
141.91666666666666,0.0,0.0
141.91666666666666,0.0,0.0
141.91666666666666,0.0,0.0
141.91666666666666,0.0,0.0
141.91666666666666,0.0,0.0
141.91666666666666,0.0,0.0
141.91666666666666,0.0,0.0
141.91666666666666,0.0,0.0
141.91666666666666,0.0,0.0
141.91666666666666,0.0,0.0
141.91666666666666,0.0,0.0
141.91666666666666,0.0,0.0
141.91666666666666,0.0,0.0
141.91666666666666,0.0,0.0
141.91666666666666,0.0,0.0
141.91666666666666,0.0,0.0
141.91666666666666,0.0,0.0
141.91666666666666,0.0,0.0
141.91666666666666,0.0,0.0
141.91666666666666,0.0,0.0
141.91666666666666,0.0,0.0
141.91666666666666,0.0,0.0
141.91666666666666,0.0,0.0
141.91666666666666,0.0,0.0
141.91666666666666,0.0,0.0
141.91666666666666,0.0,0.0
141.91666666666666,0.0,0.0
141.91666666666666,0.0,0.0
141.91666666666666,0.0,0.0
141.91666666666666,0.0,0.0
141.91666666666666,0.0,0.0
141.91666666666666,0.0,0.0
141.91666666666666,0.0,0.0
141.91666666666666,0.0,0.0
141.91666666666666,0.0,0.0
141.91666666666666,0.0,0.0
141.91666666666666,0.0,0.0
141.91666666666666,0.0,0.0
141.91666666666666,0.0,0.0
141.91666666666666,0.0,0.0
141.91666666666666,0.0,0.0
141.91666666666666,0.0,0.0
141.91666666666666,0.0,0.0
141.91666666666666,0.0,0.0
141.91666666666666,0.0,0.0
141.91666666666666,0.0,0.0
141.91666666666666,0.0,0.0
141.91666666666666,0.0,0.0
141.91666666666666,0.0,0.0
141.91666666666666,0.0,0.0
141.91666666666666,0.0,0.0
141.91666666666666,0.0,0.0
141.91666666666666,0.0,0.0
141.91666666666666,0.0,0.0
141.91666666666666,0.0,0.0
141.91666666666666,0.0,0.0
141.91666666666666,0.0,0.0
141.91666666666666,0.0,0.0
141.91666666666666,0.0,0.0
141.91666666666666,0.0,0.0
141.91666666666666,0.0,0.0
141.91666666666666,0.0,0.0
141.91666666666666,0.0,0.0
141.91666666666666,0.0,0.0
141.91666666666666,0.0,0.0
141.91666666666666,0.0,0.0
141.91666666666666,0.0,0.0
141.91666666666666,0.0,0.0
141.91666666666666,0.0,0.0
141.91666666666666,0.0,0.0
141.91666666666666,0.0,0.0
141.91666666666666,0.0,0.0
141.91666666666666,0.0,0.0
141.91666666666666,0.0,0.0
141.91666666666666,0.0,0.0
141.91666666666666,0.0,0.0
141.91666666666666,0.0,0.0
141.91666666666666,0.0,0.0
141.91666666666666,0.0,0.0
141.91666666666666,0.0,0.0
141.91666666666666,0.0,0.0
141.91666666666666,0.0,0.0
141.91666666666666,0.0,0.0
141.91666666666666,0.0,0.0
141.91666666666666,0.0,0.0
141.91666666666666,0.0,0.0
141.91666666666666,0.0,0.0
141.91666666666666,0.0,0.0
141.91666666666666,0.0,0.0
141.91666666666666,0.0,0.0
141.91666666666666,0.0,0.0
141.91666666666666,0.0,0.0
141.91666666666666,0.0,0.0
141.91666666666666,0.0,0.0
141.91666666666666,0.0,0.0
141.91666666666666,0.0,0.0
141.91666666666666,0.0,0.0
141.91666666666666,0.0,0.0
141.91666666666666,0.0,0.0
141.91666666666666,0.0,0.0
141.91666666666666,0.0,0.0
141.91666666666666,0.0,0.0
141.91666666666666,0.0,0.0
141.91666666666666,0.0,0.0
141.91666666666666,0.0,0.0
