0.0,0.0,0.0
0.0,0.0,0.0
0.0,0.0,0.0
0.0,0.0,0.0
0.0,0.0,0.0
0.0,0.0,0.0
0.0,0.0,0.0
0.0,0.0,0.0
0.0,0.0,0.0
0.0,0.0,0.0
0.0,0.0,0.0
0.0,0.0,0.0
0.0,0.0,0.0
0.0,0.0,0.0
0.0,0.0,0.0
0.0,0.0,0.0
0.0,0.0,0.0
0.0,0.0,0.0
0.0,0.0,0.0
0.0,0.0,0.0
0.0,0.0,0.0
0.0,0.0,0.0
0.0,0.0,0.0
0.0,0.0,0.0
0.0,0.0,0.0
0.0,0.0,0.0
0.0,0.0,0.0
0.0,0.0,0.0
0.0,0.0,0.0
0.0,0.0,0.0
0.0,0.0,0.0
0.0,0.0,0.0
0.0,0.0,0.0
0.0,0.0,0.0
0.0,0.0,0.0
0.0,0.0,0.0
0.0,0.0,0.0
0.0,0.0,0.0
0.0,0.0,0.0
0.0,0.0,0.0
0.0,0.0,0.0
0.0,0.0,0.0
0.0,0.0,0.0
0.0,0.0,0.0
0.0,0.0,0.0
0.0,0.0,0.0
0.0,0.0,0.0
0.0,0.0,0.0
0.0,0.0,0.0
0.0,0.0,0.0
0.0,0.0,0.0
0.0,0.0,0.0
0.0,0.0,0.0
0.0,0.0,0.0
0.0,0.0,0.0
0.0,0.0,0.0
0.0,0.0,0.0
0.0,0.0,0.0
0.0,0.0,0.0
0.0,0.0,0.0
0.0,0.0,0.0
0.0,0.0,0.0
0.0,0.0,0.0
0.0,0.0,0.0
0.0,0.0,0.0
0.0,0.0,0.0
0.0,0.0,0.0
0.0,0.0,0.0
0.0,0.0,0.0
0.0,0.0,0.0
0.0,0.0,0.0
0.0,0.0,0.0
0.0,0.0,0.0
0.0,0.0,0.0
0.0,0.0,0.0
0.0,0.0,0.0
0.0,0.0,0.0
0.0,0.0,0.0
0.0,0.0,0.0
0.0,0.0,0.0
0.0,0.0,0.0
0.0,0.0,0.0
0.0,0.0,0.0
0.0,0.0,0.0
0.0,0.0,0.0
0.0,0.0,0.0
0.0,0.0,0.0
0.0,0.0,0.0
0.0,0.0,0.0
0.0,0.0,0.0
0.0,0.0,0.0
0.0,0.0,0.0
0.0,0.0,0.0
0.0,0.0,0.0
0.0,0.0,0.0
0.0,0.0,0.0
0.0,0.0,0.0
0.0,0.0,0.0
0.0,0.0,0.0
0.0,0.0,0.0
0.0,0.0,0.0
0.0,0.0,0.0
0.0,0.0,0.0
0.0,0.0,0.0
0.0,0.0,0.0
0.0,0.0,0.0
0.0,0.0,0.0
0.0,0.0,0.0
0.0,0.0,0.0
0.0,0.0,0.0
0.0,0.0,0.0
0.0,0.0,0.0
0.0,0.0,0.0
0.0,0.0,0.0
0.0,0.0,0.0
0.0,0.0,0.0
0.0,0.0,0.0
0.0,0.0,0.0
0.0,0.0,0.0
0.0,0.0,0.0
0.0,0.0,0.0
0.0,0.0,0.0
0.0,0.0,0.0
0.0,0.0,0.0
0.0,0.0,0.0
0.0,0.0,0.0
0.0,0.0,0.0
0.0,0.0,0.0
0.0,0.0,0.0
0.0,0.0,0.0
0.0,0.0,0.0
0.0,0.0,0.0
0.0,0.0,0.0
0.0,0.0,0.0
0.0,0.0,0.0
0.0,0.0,0.0
0.0,0.0,0.0
0.0,0.0,0.0
0.0,0.0,0.0
0.0,0.0,0.0
0.0,0.0,0.0
0.0,0.0,0.0
0.0,0.0,0.0
0.0,0.0,0.0
0.0,0.0,0.0
0.0,0.0,0.0
0.0,0.0,0.0
0.0,0.0,0.0
0.0,0.0,0.0
0.0,0.0,0.0
0.0,0.0,0.0
0.0,0.0,0.0
0.0,0.0,0.0
0.0,0.0,0.0
0.0,0.0,0.0
0.0,0.0,0.0
0.0,0.0,0.0
0.0,0.0,0.0
0.0,0.0,0.0
0.0,0.0,0.0
0.0,0.0,0.0
0.0,0.0,0.0
0.0,0.0,0.0
0.0,0.0,0.0
0.0,0.0,0.0
0.0,0.0,0.0
0.0,0.0,0.0
0.0,0.0,0.0
0.0,0.0,0.0
0.0,0.0,0.0
0.0,0.0,0.0
0.0,0.0,0.0
0.0,0.0,0.0
0.0,0.0,0.0
0.0,0.0,0.0
0.0,0.0,0.0
0.0,0.0,0.0
0.0,0.0,0.0
0.0,0.0,0.0
0.0,0.0,0.0
0.0,0.0,0.0
0.0,0.0,0.0
0.0,0.0,0.0
0.0,0.0,0.0
0.0,0.0,0.0
0.0,0.0,0.0
0.0,0.0,0.0
0.0,0.0,0.0
0.0,0.0,0.0
0.0,0.0,0.0
0.0,0.0,0.0
0.0,0.0,0.0
0.0,0.0,0.0
0.0,0.0,0.0
0.0,0.0,0.0
0.0,0.0,0.0
0.0,0.0,0.0
0.0,0.0,0.0
0.0,0.0,0.0
0.0,0.0,0.0
0.0,0.0,0.0
0.0,0.0,0.0
0.0,0.0,0.0
0.0,0.0,0.0
0.0,0.0,0.0
0.0,0.0,0.0
0.0,0.0,0.0
0.0,0.0,0.0
0.0,0.0,0.0
0.0,0.0,0.0
0.0,0.0,0.0
0.0,0.0,0.0
0.0,0.0,0.0
0.0,0.0,0.0
0.0,0.0,0.0
0.0,0.0,0.0
0.0,0.0,0.0
0.0,0.0,0.0
0.0,0.0,0.0
0.0,0.0,0.0
0.0,0.0,0.0
0.0,0.0,0.0
0.0,0.0,0.0
0.0,0.0,0.0
0.0,0.0,0.0
0.0,0.0,0.0
0.0,0.0,0.0
0.0,0.0,0.0
0.0,0.0,0.0
0.0,0.0,0.0
0.0,0.0,0.0
0.0,0.0,0.0
0.0,0.0,0.0
0.0,0.0,0.0
0.0,0.0,0.0
0.0,0.0,0.0
0.0,0.0,0.0
0.0,0.0,0.0
0.0,0.0,0.0
0.0,0.0,0.0
0.0,0.0,0.0
0.0,0.0,0.0
0.0,0.0,0.0
0.0,0.0,0.0
0.0,0.0,0.0
0.0,0.0,0.0
0.0,0.0,0.0
0.0,0.0,0.0
0.0,0.0,0.0
0.0,0.0,0.0
0.0,0.0,0.0
0.0,0.0,0.0
0.0,0.0,0.0
0.0,0.0,0.0
0.0,0.0,0.0
0.0,0.0,0.0
0.0,0.0,0.0
0.0,0.0,0.0
0.0,0.0,0.0
0.0,0.0,0.0
0.0,0.0,0.0
0.0,0.0,0.0
0.0,0.0,0.0
0.0,0.0,0.0
0.0,0.0,0.0
0.0,0.0,0.0
0.0,0.0,0.0
0.0,0.0,0.0
0.0,0.0,0.0
0.0,0.0,0.0
0.0,0.0,0.0
0.0,0.0,0.0
0.0,0.0,0.0
0.0,0.0,0.0
0.0,0.0,0.0
0.0,0.0,0.0
0.0,0.0,0.0
0.0,0.0,0.0
0.0,0.0,0.0
0.0,0.0,0.0
0.0,0.0,0.0
0.0,0.0,0.0
0.0,0.0,0.0
0.0,0.0,0.0
0.0,0.0,0.0
0.0,0.0,0.0
0.0,0.0,0.0
0.0,0.0,0.0
0.0,0.0,0.0
0.0,0.0,0.0
0.0,0.0,0.0
0.0,0.0,0.0
0.0,0.0,0.0
0.0,0.0,0.0
0.0,0.0,0.0
0.0,0.0,0.0
0.0,0.0,0.0
0.0,0.0,0.0
0.0,0.0,0.0
0.0,0.0,0.0
0.0,0.0,0.0
0.0,0.0,0.0
0.0,0.0,0.0
0.0,0.0,0.0
0.0,0.0,0.0
0.0,0.0,0.0
0.0,0.0,0.0
0.0,0.0,0.0
0.0,0.0,0.0
0.0,0.0,0.0
0.0,0.0,0.0
0.0,0.0,0.0
0.0,0.0,0.0
0.0,0.0,0.0
0.0,0.0,0.0
0.0,0.0,0.0
0.0,0.0,0.0
0.0,0.0,0.0
0.0,0.0,0.0
0.0,0.0,0.0
0.0,0.0,0.0
0.0,0.0,0.0
0.0,0.0,0.0
0.0,0.0,0.0
0.0,0.0,0.0
0.0,0.0,0.0
0.0,0.0,0.0
0.0,0.0,0.0
0.0,0.0,0.0
0.0,0.0,0.0
0.0,0.0,0.0
0.0,0.0,0.0
0.0,0.0,0.0
0.0,0.0,0.0
0.0,0.0,0.0
0.0,0.0,0.0
0.0,0.0,0.0
0.0,88.0,0.0
0.0,315.0,0.0
0.0,481.0,0.0
0.0,513.0,0.0
0.0,456.0,0.0
0.0,456.0,0.0
0.0,470.0,0.0
0.0,470.0,0.0
0.0,470.0,0.0
0.0,428.0,0.0
0.0,416.0,0.0
0.0,440.0,0.0
0.0,465.0,0.0
0.0,464.0,0.0
0.0,448.0,0.0
0.0,431.0,0.0
0.0,427.0,0.0
0.0,434.0,0.0
0.0,459.0,0.0
0.0,470.0,0.0
0.0,474.0,0.0
0.0,482.0,0.0
0.0,489.0,0.0
0.0,502.0,0.0
0.0,499.0,0.0
0.0,491.0,0.0
0.0,488.0,0.0
0.0,499.0,0.0
0.0,499.0,0.0
0.0,511.0,0.0
0.0,526.0,0.0
0.0,552.0,0.0
0.0,570.0,0.0
0.0,574.0,0.0
0.0,586.0,0.0
0.0,631.0,0.0
0.0,768.0,0.0
0.0,785.0,0.0
0.0,761.0,0.0
0.0,731.0,0.0
0.0,804.0,0.0
0.0,904.0,0.0
0.0,904.0,0.0
0.0,903.0,0.0
0.0,1002.0,0.0
0.0,1113.0,0.0
0.0,1246.0,0.0
0.0,1418.0,0.0
0.0,1509.0,0.0
0.0,1369.0,0.0
0.0,1234.0,0.0
0.0,1234.0,0.0
0.0,1156.0,0.0
0.0,1168.0,0.0
0.0,1143.0,0.0
0.0,1091.0,0.0
0.0,1075.0,0.0
0.0,1075.0,0.0
0.0,1129.0,0.0
0.0,1429.0,0.0
0.0,1528.0,0.0
0.0,1648.0,0.0
0.0,1749.0,0.0
0.0,1670.0,0.0
0.0,1522.0,0.0
0.0,1409.0,0.0
0.0,1369.0,0.0
0.0,1337.0,0.0
0.0,1179.0,0.0
0.0,1155.0,0.0
0.0,1268.0,0.0
0.0,1269.0,0.0
0.08333333333333333,1610.0,0.0
0.08333333333333333,1751.0,0.0
0.08333333333333333,1857.0,0.0
0.08333333333333333,1879.0,0.0
0.08333333333333333,1839.0,0.0
0.16666666666666666,1879.0,0.0
0.16666666666666666,1872.0,0.0
0.16666666666666666,1818.0,0.0
0.16666666666666666,1735.0,0.0
0.16666666666666666,1733.0,0.0
0.25,1731.0,0.681818
0.25,1729.0,0.681818
0.25,1733.0,0.681818
0.3333333333333333,1738.0,0.681818
0.3333333333333333,1740.0,0.7954543333333334
0.3333333333333333,1745.0,0.7954543333333334
0.4166666666666667,1747.0,0.7954543333333334
0.4166666666666667,1754.0,0.8522725
0.4166666666666667,1748.0,0.8522725
0.5,1736.0,0.8522725
0.5,1739.0,0.9659088333333334
0.5,1739.0,0.9659088333333334
0.5833333333333334,1758.0,0.9659088333333334
0.5833333333333334,1785.0,0.9659088333333334
0.5833333333333334,1763.0,0.9659088333333334
0.6666666666666666,1764.0,1.0795451666666667
0.6666666666666666,1785.0,1.0795451666666667
0.6666666666666666,1768.0,1.0795451666666667
0.75,1716.0,1.0795451666666667
0.75,1665.0,1.0795451666666667
0.8333333333333334,1668.0,1.0795451666666667
0.8333333333333334,1612.0,1.1363633333333334
0.9166666666666666,1518.0,1.1363633333333334
0.9166666666666666,1526.0,1.2499996666666666
0.9166666666666666,1570.0,1.2499996666666666
1.0,1588.0,1.3068178333333333
1.0,1629.0,1.3068178333333333
1.0833333333333333,1692.0,1.363636
1.0833333333333333,1722.0,1.363636
1.1666666666666667,1700.0,1.3068178333333333
1.1666666666666667,1683.0,1.3068178333333333
1.25,1682.0,1.4772723333333333
1.25,1698.0,1.4772723333333333
1.3333333333333333,1697.0,1.4772723333333333
1.3333333333333333,1696.0,1.4772723333333333
1.4166666666666667,1738.0,1.4772723333333333
1.5,1769.0,1.4772723333333333
1.5,1776.0,1.5909086666666667
1.5833333333333333,1789.0,1.5909086666666667
1.5833333333333333,1788.0,1.5909086666666667
1.6666666666666667,1754.0,1.704545
1.6666666666666667,1773.0,1.704545
1.75,1802.0,1.5909086666666667
1.8333333333333333,1809.0,1.5909086666666667
1.8333333333333333,1792.0,1.5909086666666667
1.9166666666666667,1792.0,1.5909086666666667
1.9166666666666667,1842.0,1.8181813333333334
2.0,1824.0,1.704545
2.0833333333333335,1754.0,1.704545
2.0833333333333335,1766.0,1.761363166666667
2.1666666666666665,1765.0,1.8749995000000002
2.25,1766.0,1.8749995000000002
2.25,1781.0,1.9318176666666669
2.3333333333333335,1790.0,1.8749995000000002
2.4166666666666665,1790.0,1.8749995000000002
2.4166666666666665,1805.0,1.9886358333333334
2.5,1823.0,2.0454540000000003
2.5833333333333335,1827.0,2.102272166666667
2.6666666666666665,1821.0,2.102272166666667
2.6666666666666665,1832.0,1.9886358333333334
2.75,1833.0,2.1590903333333333
2.8333333333333335,1831.0,2.1590903333333333
2.8333333333333335,1826.0,1.704545
2.9166666666666665,1843.0,2.3863630000000002
3.0,1849.0,2.3863630000000002
3.0833333333333335,1838.0,2.3863630000000002
3.1666666666666665,1798.0,2.3295448333333333
3.25,1714.0,2.272726666666667
3.25,1683.0,2.3863630000000002
3.3333333333333335,1655.0,2.3863630000000002
3.4166666666666665,1601.0,2.272726666666667
3.5,1515.0,2.272726666666667
3.5833333333333335,1497.0,2.3863630000000002
3.6666666666666665,1519.0,2.3295448333333333
3.6666666666666665,1520.0,2.4999993333333332
3.6666666666666665,1641.0,2.4999993333333332
3.6666666666666665,1708.0,2.4999993333333332
3.6666666666666665,1705.0,2.4999993333333332
3.75,1705.0,2.4999993333333332
3.8333333333333335,1732.0,0.6249998333333333
3.9166666666666665,1659.0,2.6136356666666667
4.0,1601.0,2.4999993333333332
4.083333333333333,1583.0,3.1249991666666666
4.083333333333333,1556.0,2.5568175
4.166666666666667,1532.0,2.5568175
4.25,1518.0,2.670453833333333
4.333333333333333,1515.0,2.7840901666666666
4.416666666666667,1514.0,2.8977265
4.5,1505.0,2.9545446666666666
4.666666666666667,1482.0,2.9545446666666666
4.75,1486.0,2.9545446666666666
4.833333333333333,1488.0,2.8409083333333336
4.916666666666667,1478.0,2.9545446666666666
5.0,1444.0,2.9545446666666666
5.083333333333333,1408.0,2.8409083333333336
5.083333333333333,1336.0,2.8977265
5.166666666666667,1296.0,2.8977265
5.25,1296.0,3.2386355
5.25,1235.0,3.2386355
5.25,1232.0,3.2386355
5.333333333333333,1262.0,1.0227270000000002
5.416666666666667,1273.0,3.068181
5.5,1270.0,3.5795445000000004
5.583333333333333,1275.0,3.5795445000000004
5.666666666666667,1291.0,1.704545
5.75,1280.0,3.4659081666666665
5.833333333333333,1232.0,3.0113628333333335
6.0,1184.0,3.1818173333333335
6.083333333333333,1152.0,4.147726166666667
6.083333333333333,1090.0,3.1249991666666666
6.166666666666667,1056.0,3.1249991666666666
6.25,1038.0,3.636362666666667
6.25,992.0,3.636362666666667
6.333333333333333,998.0,1.6477268333333333
6.333333333333333,1018.0,1.6477268333333333
6.333333333333333,1013.0,1.6477268333333333
6.333333333333333,1000.0,1.6477268333333333
6.416666666666667,976.0,0.6249998333333333
6.5,954.0,3.1818173333333335
6.583333333333333,937.0,3.9204535000000003
6.666666666666667,947.0,3.9204535000000003
6.75,967.0,1.6477268333333333
6.833333333333333,983.0,4.090908000000001
7.0,993.0,3.9204535000000003
7.083333333333333,1003.0,3.806817166666667
7.166666666666667,1014.0,3.0113628333333335
7.25,1008.0,3.693180833333334
7.333333333333333,989.0,3.7499990000000003
7.333333333333333,960.0,3.7499990000000003
7.416666666666667,880.0,3.7499990000000003
7.416666666666667,870.0,1.0795451666666667
7.5,816.0,2.102272166666667
7.5,789.0,2.102272166666667
7.5,805.0,2.102272166666667
7.5,834.0,2.102272166666667
7.5,774.0,2.102272166666667
7.583333333333333,731.0,2.102272166666667
7.583333333333333,708.0,0.5113635000000001
7.583333333333333,660.0,0.5113635000000001
7.666666666666667,660.0,0.5113635000000001
7.666666666666667,629.0,0.8522725
7.75,561.0,2.102272166666667
7.833333333333333,499.0,3.4659081666666665
7.916666666666667,507.0,3.1249991666666666
8.0,522.0,3.1249991666666666
8.083333333333334,525.0,3.636362666666667
8.25,516.0,3.636362666666667
8.333333333333334,512.0,3.9204535000000003
8.416666666666666,532.0,4.090908000000001
8.583333333333334,551.0,3.636362666666667
8.583333333333334,570.0,3.4659081666666665
8.583333333333334,572.0,3.4659081666666665
8.583333333333334,550.0,3.4659081666666665
8.583333333333334,559.0,3.4659081666666665
8.666666666666666,584.0,3.4659081666666665
8.75,603.0,3.636362666666667
8.916666666666666,625.0,3.636362666666667
9.0,658.0,3.806817166666667
9.083333333333334,658.0,3.8636353333333338
9.166666666666666,658.0,4.147726166666667
9.333333333333334,635.0,3.352271833333334
9.333333333333334,573.0,3.2954536666666665
9.333333333333334,620.0,3.2954536666666665
9.5,611.0,3.2954536666666665
9.583333333333334,603.0,3.352271833333334
9.666666666666666,600.0,4.034089833333334
9.75,688.0,3.5795445000000004
9.75,766.0,3.5795445000000004
9.75,790.0,3.5795445000000004
9.833333333333334,807.0,3.5795445000000004
9.833333333333334,865.0,0.9090906666666667
10.0,861.0,1.8749995000000002
10.083333333333334,847.0,3.40909
10.166666666666666,845.0,3.693180833333334
10.25,857.0,3.4659081666666665
10.416666666666666,864.0,3.4659081666666665
10.5,858.0,3.5795445000000004
10.5,838.0,3.40909
10.5,828.0,3.40909
10.666666666666666,863.0,3.40909
10.75,873.0,3.352271833333334
10.833333333333334,872.0,4.261362500000001
10.916666666666666,872.0,3.1818173333333335
11.0,888.0,3.1818173333333335
11.0,961.0,3.1818173333333335
11.083333333333334,1023.0,1.5909086666666667
11.083333333333334,1052.0,1.5909086666666667
11.083333333333334,1082.0,1.5909086666666667
11.166666666666666,1115.0,0.8522725
11.333333333333334,1160.0,0.8522725
11.333333333333334,1193.0,3.522726333333334
11.416666666666666,1212.0,3.522726333333334
11.5,1216.0,1.6477268333333333
11.583333333333334,1218.0,3.40909
11.666666666666666,1240.0,3.352271833333334
11.75,1258.0,3.806817166666667
11.833333333333334,1261.0,3.1818173333333335
11.833333333333334,1263.0,3.1818173333333335
11.916666666666666,1241.0,3.1818173333333335
12.0,1210.0,3.1249991666666666
12.083333333333334,1210.0,3.1249991666666666
12.166666666666666,1206.0,3.522726333333334
12.25,1204.0,3.2954536666666665
12.25,1221.0,3.2954536666666665
12.25,1259.0,3.2954536666666665
12.25,1386.0,3.2954536666666665
12.25,1488.0,3.2954536666666665
12.25,1534.0,3.2954536666666665
12.333333333333334,1576.0,0.45454533333333336
12.416666666666666,1577.0,2.727272
12.5,1514.0,3.068181
12.666666666666666,1453.0,3.352271833333334
12.75,1397.0,3.40909
12.833333333333334,1378.0,3.693180833333334
12.916666666666666,1394.0,2.9545446666666666
13.0,1385.0,3.1249991666666666
13.083333333333334,1375.0,3.2386355
13.166666666666666,1417.0,3.522726333333334
13.333333333333334,1431.0,3.522726333333334
13.416666666666666,1414.0,3.5795445000000004
13.5,1432.0,3.352271833333334
13.583333333333334,1449.0,2.8977265
13.666666666666666,1443.0,2.9545446666666666
13.75,1434.0,3.636362666666667
13.833333333333334,1461.0,3.1818173333333335
13.916666666666666,1461.0,3.1249991666666666
14.083333333333334,1472.0,3.1249991666666666
14.166666666666666,1474.0,3.2954536666666665
14.25,1485.0,3.522726333333334
14.333333333333334,1495.0,3.068181
14.416666666666666,1493.0,3.2386355
14.5,1492.0,3.2954536666666665
14.583333333333334,1498.0,3.2386355
14.666666666666666,1531.0,3.1249991666666666
14.833333333333334,1542.0,3.1249991666666666
14.833333333333334,1533.0,3.1249991666666666
14.916666666666666,1520.0,3.1249991666666666
15.0,1489.0,1.6477268333333333
15.083333333333334,1468.0,3.1818173333333335
15.166666666666666,1472.0,3.40909
15.25,1473.0,2.8977265
15.333333333333334,1472.0,3.352271833333334
15.5,1479.0,3.352271833333334
15.583333333333334,1478.0,3.2386355
15.666666666666666,1479.0,3.2954536666666665
15.75,1476.0,2.8977265
15.833333333333334,1440.0,3.636362666666667
15.916666666666666,1423.0,2.9545446666666666
16.0,1416.0,3.1249991666666666
16.083333333333332,1398.0,3.1249991666666666
16.166666666666668,1345.0,3.693180833333334
16.25,1321.0,3.693180833333334
16.333333333333332,1290.0,1.5909086666666667
16.416666666666668,1242.0,2.9545446666666666
16.5,1219.0,3.693180833333334
16.583333333333332,1223.0,3.5795445000000004
16.75,1218.0,3.40909
16.833333333333332,1216.0,3.2954536666666665
16.916666666666668,1217.0,3.8636353333333338
17.0,1251.0,4.204544333333334
17.083333333333332,1277.0,3.1818173333333335
17.25,1290.0,3.522726333333334
17.333333333333332,1294.0,3.7499990000000003
17.416666666666668,1287.0,3.352271833333334
17.5,1279.0,3.5795445000000004
17.666666666666668,1259.0,3.5795445000000004
17.666666666666668,1226.0,3.8636353333333338
17.75,1226.0,1.8181813333333334
17.833333333333332,1146.0,3.693180833333334
18.0,1093.0,3.693180833333334
18.083333333333332,1119.0,4.034089833333334
18.25,1118.0,3.9204535000000003
18.333333333333332,1109.0,3.806817166666667
18.416666666666668,1118.0,3.7499990000000003
18.583333333333332,1120.0,3.7499990000000003
18.666666666666668,1106.0,4.545453333333334
18.75,1095.0,3.522726333333334
18.75,1065.0,3.693180833333334
18.916666666666668,1020.0,3.693180833333334
19.0,995.0,3.7499990000000003
19.0,977.0,3.522726333333334
19.0,980.0,3.522726333333334
19.083333333333332,971.0,3.522726333333334
19.166666666666668,973.0,0.9090906666666667
19.166666666666668,966.0,4.090908000000001
19.333333333333332,941.0,4.090908000000001
19.416666666666668,922.0,4.034089833333334
19.583333333333332,885.0,4.034089833333334
19.666666666666668,823.0,4.147726166666667
19.75,812.0,3.522726333333334
19.916666666666668,802.0,3.522726333333334
19.916666666666668,716.0,3.636362666666667
19.916666666666668,675.0,3.636362666666667
20.0,654.0,3.636362666666667
20.0,613.0,0.9659088333333334
20.0,579.0,0.9659088333333334
20.083333333333332,569.0,1.2499996666666666
20.083333333333332,555.0,1.2499996666666666
20.083333333333332,538.0,1.2499996666666666
20.166666666666668,531.0,0.9659088333333334
20.25,532.0,0.9659088333333334
20.333333333333332,510.0,3.9772716666666668
20.5,495.0,3.9772716666666668
20.583333333333332,481.0,3.8636353333333338
20.666666666666668,466.0,4.204544333333334
20.833333333333332,434.0,3.9204535000000003
20.916666666666668,408.0,3.8636353333333338
21.0,415.0,4.488635166666667
21.166666666666668,443.0,4.488635166666667
21.25,481.0,4.034089833333334
21.333333333333332,481.0,3.522726333333334
21.5,469.0,3.522726333333334
21.583333333333332,475.0,3.352271833333334
21.583333333333332,500.0,4.9431805
21.583333333333332,506.0,4.9431805
21.666666666666668,509.0,4.9431805
21.75,508.0,0.9090906666666667
21.833333333333332,481.0,3.9204535000000003
22.0,460.0,3.8636353333333338
22.083333333333332,482.0,3.2386355
22.166666666666668,493.0,3.9772716666666668
22.333333333333332,496.0,3.9772716666666668
22.333333333333332,506.0,3.7499990000000003
22.416666666666668,497.0,1.9886358333333334
22.5,507.0,3.4659081666666665
22.583333333333332,545.0,3.4659081666666665
22.666666666666668,569.0,4.545453333333334
22.833333333333332,537.0,4.545453333333334
22.916666666666668,523.0,3.9204535000000003
23.0,521.0,3.7499990000000003
23.0,521.0,3.7499990000000003
23.083333333333332,510.0,3.7499990000000003
23.166666666666668,483.0,3.8636353333333338
23.333333333333332,458.0,3.8636353333333338
23.416666666666668,457.0,3.7499990000000003
23.5,462.0,3.8636353333333338
23.666666666666668,488.0,3.8636353333333338
23.75,494.0,3.8636353333333338
23.833333333333332,524.0,4.374998833333334
23.916666666666668,540.0,3.40909
24.0,561.0,3.40909
24.083333333333332,568.0,2.0454540000000003
24.166666666666668,577.0,4.374998833333334
24.333333333333332,577.0,4.374998833333334
24.333333333333332,577.0,4.034089833333334
24.416666666666668,550.0,1.9886358333333334
24.5,559.0,3.806817166666667
24.583333333333332,555.0,3.806817166666667
24.583333333333332,539.0,1.704545
24.666666666666668,549.0,1.704545
24.75,571.0,1.3068178333333333
24.833333333333332,571.0,3.806817166666667
24.916666666666668,555.0,3.806817166666667
25.0,555.0,1.8181813333333334
25.083333333333332,527.0,3.5795445000000004
25.166666666666668,516.0,3.4659081666666665
25.25,521.0,3.4659081666666665
25.25,524.0,2.0454540000000003
25.416666666666668,531.0,2.0454540000000003
25.416666666666668,558.0,3.2386355
25.416666666666668,561.0,3.2386355
25.583333333333332,579.0,3.2386355
25.583333333333332,641.0,3.9772716666666668
25.583333333333332,640.0,3.9772716666666668
25.666666666666668,629.0,3.9772716666666668
25.666666666666668,685.0,0.9090906666666667
25.75,705.0,1.8749995000000002
25.916666666666668,723.0,3.522726333333334
26.0,834.0,4.034089833333334
26.083333333333332,885.0,4.261362500000001
26.25,913.0,3.9204535000000003
26.333333333333332,902.0,3.693180833333334
26.333333333333332,909.0,3.693180833333334
26.416666666666668,944.0,1.761363166666667
26.583333333333332,949.0,1.761363166666667
26.666666666666668,936.0,3.1249991666666666
26.75,917.0,4.8863623333333335
26.833333333333332,921.0,3.068181
27.0,949.0,3.068181
27.083333333333332,968.0,3.636362666666667
27.166666666666668,970.0,4.488635166666667
27.166666666666668,935.0,4.488635166666667
27.25,919.0,4.488635166666667
27.25,903.0,1.1363633333333334
27.25,890.0,1.1363633333333334
27.416666666666668,882.0,1.2499996666666666
27.5,844.0,4.034089833333334
27.583333333333332,832.0,4.090908000000001
27.666666666666668,839.0,3.40909
27.666666666666668,860.0,3.40909
27.75,929.0,3.40909
27.916666666666668,954.0,3.40909
27.916666666666668,947.0,3.636362666666667
28.0,917.0,3.636362666666667
28.083333333333332,880.0,3.5795445000000004
28.166666666666668,880.0,3.2954536666666665
28.166666666666668,877.0,3.2954536666666665
28.25,888.0,3.2954536666666665
28.25,911.0,1.3068178333333333
28.333333333333332,914.0,1.3068178333333333
28.333333333333332,912.0,1.1931815000000001
28.416666666666668,909.0,1.8181813333333334
28.5,912.0,3.693180833333334
28.666666666666668,918.0,3.693180833333334
28.75,905.0,4.431817000000001
28.833333333333332,889.0,3.522726333333334
29.0,891.0,3.522726333333334
29.083333333333332,898.0,3.9772716666666668
29.166666666666668,898.0,3.9772716666666668
29.25,901.0,2.6136356666666667
29.333333333333332,907.0,1.9886358333333334
29.416666666666668,926.0,3.9772716666666668
29.5,939.0,3.4659081666666665
29.5,949.0,3.4659081666666665
29.5,948.0,3.4659081666666665
29.5,949.0,3.4659081666666665
29.583333333333332,939.0,0.681818
29.666666666666668,961.0,3.9204535000000003
29.75,984.0,3.9204535000000003
29.833333333333332,971.0,4.374998833333334
30.0,949.0,4.374998833333334
30.083333333333332,906.0,3.8636353333333338
30.166666666666668,898.0,4.261362500000001
30.166666666666668,917.0,4.261362500000001
30.25,881.0,1.6477268333333333
30.333333333333332,845.0,2.102272166666667
30.333333333333332,814.0,2.102272166666667
30.5,794.0,2.102272166666667
30.583333333333332,793.0,3.522726333333334
30.583333333333332,767.0,3.8636353333333338
30.583333333333332,761.0,3.8636353333333338
30.583333333333332,741.0,3.8636353333333338
30.666666666666668,736.0,3.8636353333333338
30.75,728.0,3.352271833333334
30.833333333333332,718.0,3.806817166666667
31.0,720.0,3.636362666666667
31.0,731.0,3.2386355
31.083333333333332,756.0,1.8181813333333334
31.25,756.0,3.522726333333334
31.333333333333332,788.0,4.147726166666667
31.416666666666668,819.0,3.522726333333334
31.5,815.0,3.806817166666667
31.666666666666668,796.0,3.522726333333334
31.75,791.0,3.2386355
31.833333333333332,801.0,3.522726333333334
32.0,814.0,3.522726333333334
32.0,825.0,4.374998833333334
32.0,825.0,4.374998833333334
32.0,794.0,4.374998833333334
32.083333333333336,772.0,0.8522725
32.25,789.0,0.8522725
32.333333333333336,783.0,3.352271833333334
32.416666666666664,758.0,3.522726333333334
32.5,744.0,3.2954536666666665
32.583333333333336,737.0,3.5795445000000004
32.75,735.0,3.5795445000000004
32.833333333333336,743.0,3.7499990000000003
32.916666666666664,751.0,3.40909
33.083333333333336,770.0,3.40909
33.166666666666664,773.0,3.693180833333334
33.166666666666664,797.0,3.2386355
33.25,823.0,1.704545
33.416666666666664,847.0,1.704545
33.5,866.0,3.522726333333334
33.5,884.0,4.261362500000001
33.5,893.0,4.261362500000001
33.583333333333336,892.0,1.1363633333333334
33.583333333333336,886.0,1.1363633333333334
33.666666666666664,876.0,1.1363633333333334
33.75,881.0,4.318180666666667
33.833333333333336,894.0,4.318180666666667
33.916666666666664,871.0,1.761363166666667
34.0,863.0,3.5795445000000004
34.166666666666664,878.0,3.5795445000000004
34.25,886.0,3.636362666666667
34.333333333333336,872.0,2.727272
34.416666666666664,869.0,4.147726166666667
34.583333333333336,866.0,3.5795445000000004
34.666666666666664,840.0,3.4659081666666665
34.75,796.0,3.2386355
34.833333333333336,747.0,4.431817000000001
34.833333333333336,747.0,4.431817000000001
34.916666666666664,750.0,4.431817000000001
35.0,777.0,1.1363633333333334
35.083333333333336,777.0,4.034089833333334
35.166666666666664,769.0,3.2954536666666665
35.166666666666664,786.0,3.2954536666666665
35.25,795.0,1.1931815000000001
35.333333333333336,791.0,3.4659081666666665
35.5,793.0,3.4659081666666665
35.583333333333336,805.0,3.352271833333334
35.666666666666664,816.0,3.806817166666667
35.833333333333336,822.0,3.806817166666667
35.916666666666664,840.0,4.090908000000001
36.0,854.0,3.352271833333334
36.083333333333336,857.0,3.9204535000000003
36.166666666666664,867.0,3.1249991666666666
36.25,866.0,3.636362666666667
36.333333333333336,859.0,3.636362666666667
36.333333333333336,860.0,1.8181813333333334
36.416666666666664,842.0,1.8749995000000002
36.416666666666664,835.0,1.8749995000000002
36.5,847.0,1.8749995000000002
36.5,864.0,1.0795451666666667
36.583333333333336,884.0,1.5909086666666667
36.666666666666664,851.0,3.8636353333333338
36.75,808.0,3.8636353333333338
36.833333333333336,772.0,1.704545
37.0,792.0,3.522726333333334
37.083333333333336,801.0,4.488635166666667
37.166666666666664,765.0,3.4659081666666665
37.166666666666664,744.0,3.522726333333334
37.25,770.0,1.8181813333333334
37.416666666666664,772.0,2.670453833333333
37.5,788.0,4.431817000000001
37.583333333333336,809.0,3.352271833333334
37.666666666666664,856.0,4.545453333333334
37.666666666666664,875.0,4.545453333333334
37.75,856.0,4.545453333333334
37.833333333333336,826.0,1.1363633333333334
37.833333333333336,852.0,3.1249991666666666
38.0,867.0,3.1249991666666666
38.083333333333336,853.0,3.806817166666667
38.166666666666664,853.0,3.4659081666666665
38.25,834.0,3.7499990000000003
38.416666666666664,801.0,3.7499990000000003
38.5,811.0,4.090908000000001
38.583333333333336,871.0,3.40909
38.666666666666664,872.0,3.7499990000000003
38.833333333333336,802.0,3.2954536666666665
38.916666666666664,770.0,3.2386355
39.0,807.0,3.806817166666667
39.166666666666664,828.0,3.693180833333334
39.25,802.0,3.1818173333333335
39.25,747.0,4.034089833333334
39.25,752.0,4.034089833333334
39.333333333333336,767.0,1.0795451666666667
39.333333333333336,783.0,1.0795451666666667
39.416666666666664,798.0,1.0795451666666667
39.5,822.0,3.2386355
39.5,830.0,3.2386355
39.666666666666664,842.0,3.2386355
39.75,846.0,3.693180833333334
39.833333333333336,859.0,3.068181
40.0,863.0,3.068181
40.083333333333336,871.0,3.693180833333334
40.083333333333336,902.0,3.806817166666667
40.166666666666664,934.0,1.6477268333333333
40.166666666666664,929.0,1.6477268333333333
40.25,937.0,1.6477268333333333
40.333333333333336,956.0,1.2499996666666666
40.333333333333336,960.0,2.8977265
40.416666666666664,921.0,1.8181813333333334
40.416666666666664,911.0,1.8181813333333334
40.416666666666664,889.0,1.8181813333333334
40.416666666666664,851.0,1.8181813333333334
40.5,849.0,0.681818
40.583333333333336,845.0,0.681818
40.666666666666664,850.0,1.704545
40.666666666666664,862.0,3.9204535000000003
40.75,885.0,1.704545
40.916666666666664,897.0,3.4659081666666665
41.0,886.0,4.204544333333334
41.083333333333336,871.0,3.40909
41.166666666666664,865.0,3.693180833333334
41.25,842.0,3.693180833333334
41.333333333333336,842.0,1.5909086666666667
41.333333333333336,819.0,3.7499990000000003
41.5,795.0,3.7499990000000003
41.5,795.0,3.636362666666667
41.5,799.0,3.636362666666667
41.583333333333336,796.0,3.636362666666667
41.583333333333336,803.0,1.1363633333333334
41.666666666666664,816.0,1.5909086666666667
41.75,816.0,1.5909086666666667
41.833333333333336,840.0,1.8749995000000002
41.833333333333336,871.0,3.8636353333333338
41.916666666666664,909.0,1.6477268333333333
42.083333333333336,924.0,1.6477268333333333
42.166666666666664,950.0,3.40909
42.25,964.0,3.40909
42.416666666666664,966.0,3.636362666666667
42.416666666666664,963.0,3.693180833333334
42.416666666666664,969.0,3.693180833333334
42.5,969.0,3.693180833333334
42.583333333333336,987.0,3.8636353333333338
42.666666666666664,1008.0,2.727272
42.833333333333336,1003.0,3.4659081666666665
42.916666666666664,1042.0,3.9204535000000003
43.0,1032.0,3.2386355
43.083333333333336,1004.0,3.2386355
43.083333333333336,979.0,3.2386355
43.166666666666664,1016.0,3.2386355
43.25,1121.0,1.0795451666666667
43.333333333333336,1186.0,3.806817166666667
43.416666666666664,1159.0,3.4659081666666665
43.5,1140.0,3.0113628333333335
43.666666666666664,1176.0,3.4659081666666665
43.75,1177.0,3.9204535000000003
43.833333333333336,1164.0,3.4659081666666665
43.916666666666664,1133.0,3.4659081666666665
44.0,1108.0,3.40909
44.166666666666664,1133.0,3.40909
44.25,1132.0,3.522726333333334
44.333333333333336,1120.0,3.40909
44.416666666666664,1120.0,3.352271833333334
44.5,1118.0,3.9772716666666668
44.666666666666664,1120.0,3.352271833333334
44.75,1116.0,3.352271833333334
44.833333333333336,1116.0,3.40909
44.916666666666664,1112.0,3.40909
45.0,1092.0,3.40909
45.083333333333336,1072.0,3.4659081666666665
45.25,1075.0,3.4659081666666665
45.333333333333336,1053.0,3.693180833333334
45.416666666666664,1043.0,3.2954536666666665
45.5,958.0,3.9204535000000003
45.666666666666664,925.0,3.9204535000000003
45.75,966.0,3.522726333333334
45.833333333333336,975.0,3.522726333333334
45.916666666666664,958.0,3.4659081666666665
46.0,986.0,3.352271833333334
46.083333333333336,998.0,3.352271833333334
46.166666666666664,973.0,1.6477268333333333
46.25,940.0,3.40909
46.333333333333336,935.0,3.2954536666666665
46.416666666666664,937.0,3.352271833333334
46.583333333333336,937.0,3.352271833333334
46.583333333333336,953.0,3.2954536666666665
46.666666666666664,979.0,3.2954536666666665
46.75,1001.0,3.8636353333333338
46.833333333333336,1009.0,3.2386355
46.916666666666664,1006.0,3.2386355
47.0,1016.0,1.761363166666667
47.083333333333336,1001.0,3.806817166666667
47.166666666666664,988.0,2.8977265
47.333333333333336,1001.0,3.7499990000000003
47.416666666666664,1001.0,3.9204535000000003
47.5,986.0,3.5795445000000004
47.583333333333336,993.0,3.8636353333333338
47.75,994.0,3.40909
47.833333333333336,993.0,3.2954536666666665
47.916666666666664,1001.0,3.352271833333334
48.0,998.0,3.522726333333334
48.083333333333336,985.0,3.5795445000000004
48.25,985.0,3.5795445000000004
48.333333333333336,984.0,3.9204535000000003
48.333333333333336,991.0,3.5795445000000004
48.416666666666664,1004.0,1.704545
48.583333333333336,995.0,3.636362666666667
48.666666666666664,976.0,3.636362666666667
48.75,976.0,3.1818173333333335
48.833333333333336,964.0,3.806817166666667
48.916666666666664,947.0,3.2386355
49.0,933.0,3.5795445000000004
49.083333333333336,939.0,3.5795445000000004
49.166666666666664,934.0,1.5909086666666667
49.166666666666664,925.0,4.090908000000001
49.25,924.0,1.704545
49.416666666666664,921.0,3.522726333333334
49.5,913.0,3.5795445000000004
49.5,913.0,3.40909
49.583333333333336,902.0,1.704545
49.75,888.0,3.1249991666666666
49.833333333333336,882.0,4.090908000000001
49.916666666666664,884.0,3.522726333333334
49.916666666666664,891.0,3.4659081666666665
50.0,905.0,1.704545
50.083333333333336,917.0,3.40909
50.25,921.0,3.40909
50.333333333333336,928.0,3.636362666666667
50.416666666666664,929.0,3.522726333333334
50.5,929.0,3.636362666666667
50.666666666666664,942.0,3.636362666666667
50.75,948.0,4.204544333333334
50.833333333333336,963.0,3.636362666666667
50.916666666666664,992.0,3.806817166666667
51.0,1009.0,3.2386355
51.166666666666664,1031.0,3.2386355
51.25,1053.0,3.7499990000000003
51.333333333333336,1034.0,3.4659081666666665
51.333333333333336,1010.0,3.4659081666666665
51.416666666666664,995.0,1.5909086666666667
51.5,987.0,1.5909086666666667
51.583333333333336,983.0,1.6477268333333333
51.666666666666664,1001.0,3.4659081666666665
51.75,995.0,3.40909
51.916666666666664,981.0,3.40909
52.0,985.0,4.261362500000001
52.083333333333336,985.0,3.5795445000000004
52.166666666666664,984.0,3.8636353333333338
52.166666666666664,992.0,3.8636353333333338
52.25,1007.0,3.8636353333333338
52.333333333333336,1022.0,1.1363633333333334
52.416666666666664,1022.0,3.1249991666666666
52.5,1035.0,4.374998833333334
52.583333333333336,1039.0,3.4659081666666665
52.666666666666664,1032.0,3.4659081666666665
52.75,1034.0,1.5340905
52.75,1029.0,4.204544333333334
52.75,1008.0,4.204544333333334
52.833333333333336,993.0,1.1363633333333334
52.833333333333336,985.0,1.1363633333333334
52.916666666666664,972.0,1.1363633333333334
53.0,970.0,3.352271833333334
53.083333333333336,953.0,3.1249991666666666
53.25,905.0,3.693180833333334
53.333333333333336,888.0,4.488635166666667
53.416666666666664,870.0,3.40909
53.5,839.0,3.636362666666667
53.5,831.0,3.636362666666667
53.583333333333336,819.0,3.636362666666667
53.666666666666664,821.0,1.0795451666666667
53.75,825.0,3.693180833333334
53.833333333333336,824.0,3.40909
53.916666666666664,829.0,3.1818173333333335
53.916666666666664,846.0,3.1818173333333335
53.916666666666664,845.0,3.1818173333333335
53.916666666666664,844.0,3.1818173333333335
54.083333333333336,867.0,3.1818173333333335
54.083333333333336,865.0,3.4659081666666665
54.166666666666664,859.0,3.4659081666666665
54.25,856.0,3.806817166666667
54.416666666666664,855.0,3.806817166666667
54.5,852.0,4.204544333333334
54.583333333333336,859.0,3.4659081666666665
54.666666666666664,858.0,3.40909
54.75,882.0,3.1818173333333335
54.833333333333336,863.0,3.9772716666666668
54.916666666666664,859.0,3.9772716666666668
55.0,863.0,1.6477268333333333
55.0,864.0,3.9204535000000003
55.083333333333336,846.0,1.8749995000000002
55.25,834.0,2.7840901666666666
55.333333333333336,825.0,3.7499990000000003
55.416666666666664,814.0,3.1818173333333335
55.5,784.0,3.522726333333334
55.666666666666664,784.0,3.522726333333334
55.666666666666664,775.0,3.7499990000000003
55.75,771.0,3.7499990000000003
55.833333333333336,765.0,4.034089833333334
55.916666666666664,750.0,2.727272
56.083333333333336,737.0,3.8636353333333338
56.166666666666664,741.0,3.9204535000000003
56.25,756.0,3.352271833333334
56.333333333333336,772.0,3.2386355
56.416666666666664,803.0,3.40909
56.583333333333336,847.0,3.522726333333334
56.666666666666664,860.0,3.522726333333334
56.75,862.0,3.5795445000000004
56.75,903.0,3.1249991666666666
56.833333333333336,912.0,1.704545
57.0,892.0,1.704545
57.083333333333336,864.0,3.2954536666666665
57.083333333333336,865.0,3.1818173333333335
57.083333333333336,886.0,3.1818173333333335
57.083333333333336,886.0,3.1818173333333335
57.166666666666664,885.0,0.8522725
57.25,888.0,0.8522725
57.333333333333336,930.0,1.5909086666666667
57.416666666666664,931.0,3.5795445000000004
57.5,912.0,4.034089833333334
57.583333333333336,904.0,3.1818173333333335
57.666666666666664,913.0,3.0113628333333335
57.75,909.0,3.0113628333333335
57.75,906.0,1.8181813333333334
57.833333333333336,904.0,1.8181813333333334
57.916666666666664,905.0,3.806817166666667
58.0,904.0,3.2386355
58.083333333333336,922.0,3.4659081666666665
58.25,935.0,3.4659081666666665
58.333333333333336,938.0,3.5795445000000004
58.416666666666664,943.0,3.2954536666666665
58.5,945.0,3.40909
58.583333333333336,943.0,3.2386355
58.75,952.0,3.40909
58.833333333333336,956.0,3.40909
58.916666666666664,929.0,3.2954536666666665
59.0,928.0,3.352271833333334
59.083333333333336,928.0,4.374998833333334
59.166666666666664,944.0,4.374998833333334
59.166666666666664,958.0,1.6477268333333333
59.333333333333336,971.0,2.7840901666666666
59.416666666666664,970.0,3.0113628333333335
59.5,984.0,3.4659081666666665
59.583333333333336,1007.0,3.2954536666666665
59.666666666666664,1075.0,3.2386355
59.75,1096.0,3.2386355
59.833333333333336,1087.0,3.068181
59.833333333333336,1066.0,3.068181
59.916666666666664,1063.0,3.068181
60.0,1104.0,1.0795451666666667
60.0,1107.0,3.1249991666666666
60.0,1084.0,3.1249991666666666
60.083333333333336,1072.0,1.0227270000000002
60.166666666666664,1076.0,3.1818173333333335
60.333333333333336,1081.0,3.1818173333333335
60.416666666666664,1080.0,3.2954536666666665
60.5,1098.0,2.727272
60.583333333333336,1124.0,3.4659081666666665
60.666666666666664,1148.0,3.2954536666666665
60.75,1204.0,3.5795445000000004
60.75,1236.0,3.5795445000000004
60.833333333333336,1221.0,1.4204541666666668
60.916666666666664,1216.0,1.4204541666666668
61.0,1236.0,1.8749995000000002
61.083333333333336,1265.0,2.6136356666666667
61.166666666666664,1275.0,3.352271833333334
61.25,1231.0,3.1249991666666666
61.333333333333336,1267.0,3.1249991666666666
61.416666666666664,1290.0,2.9545446666666666
61.5,1290.0,3.068181
61.583333333333336,1299.0,3.4659081666666665
61.583333333333336,1313.0,3.4659081666666665
61.75,1285.0,3.4659081666666665
61.833333333333336,1273.0,4.147726166666667
61.916666666666664,1289.0,3.352271833333334
62.0,1290.0,3.2386355
62.083333333333336,1276.0,3.1249991666666666
62.25,1272.0,3.2954536666666665
62.333333333333336,1265.0,3.352271833333334
62.416666666666664,1265.0,3.352271833333334
62.416666666666664,1265.0,3.1818173333333335
62.5,1258.0,3.1818173333333335
62.583333333333336,1251.0,3.8636353333333338
62.666666666666664,1244.0,2.9545446666666666
62.75,1244.0,3.352271833333334
62.916666666666664,1232.0,3.352271833333334
62.916666666666664,1229.0,3.40909
62.916666666666664,1226.0,3.40909
62.916666666666664,1227.0,3.40909
62.916666666666664,1211.0,3.40909
63.0,1206.0,0.6249998333333333
63.083333333333336,1207.0,3.2954536666666665
63.25,1204.0,3.2954536666666665
63.333333333333336,1202.0,3.352271833333334
63.416666666666664,1203.0,3.4659081666666665
63.5,1185.0,2.670453833333333
63.583333333333336,1164.0,3.9772716666666668
63.666666666666664,1160.0,3.2954536666666665
63.75,1156.0,3.2954536666666665
63.833333333333336,1155.0,3.4659081666666665
64.0,1168.0,3.4659081666666665
64.0,1178.0,3.1818173333333335
64.08333333333333,1171.0,3.1818173333333335
64.16666666666667,1175.0,3.4659081666666665
64.25,1175.0,3.2954536666666665
64.33333333333333,1171.0,2.8409083333333336
64.33333333333333,1160.0,2.8409083333333336
64.33333333333333,1130.0,2.8409083333333336
64.33333333333333,1120.0,2.8409083333333336
64.33333333333333,1107.0,2.8409083333333336
64.41666666666667,1091.0,0.5681816666666667
64.41666666666667,1088.0,0.5681816666666667
64.5,1101.0,1.5909086666666667
64.58333333333333,1099.0,3.40909
64.75,1104.0,3.40909
64.83333333333333,1116.0,3.40909
64.91666666666667,1106.0,3.806817166666667
65.0,1099.0,3.9204535000000003
65.08333333333333,1100.0,2.8409083333333336
65.25,1094.0,2.8409083333333336
65.25,1065.0,3.1818173333333335
65.25,1051.0,3.1818173333333335
65.33333333333333,1035.0,3.1818173333333335
65.41666666666667,1035.0,3.0113628333333335
65.41666666666667,1025.0,3.0113628333333335
65.58333333333333,1029.0,3.0113628333333335
65.58333333333333,1031.0,3.2954536666666665
65.66666666666667,1024.0,3.2954536666666665
65.66666666666667,1028.0,1.4772723333333333
65.75,1043.0,1.8749995000000002
65.83333333333333,1051.0,3.5795445000000004
66.0,1056.0,3.5795445000000004
66.08333333333333,1059.0,3.2954536666666665
66.16666666666667,1052.0,3.068181
66.25,1063.0,3.9204535000000003
66.33333333333333,1057.0,3.40909
66.5,1033.0,3.40909
66.58333333333333,1019.0,3.2386355
66.66666666666667,1019.0,3.5795445000000004
66.75,1009.0,3.693180833333334
66.83333333333333,1009.0,2.670453833333333
67.0,993.0,2.670453833333333
67.0,975.0,3.5795445000000004
67.0,965.0,3.5795445000000004
67.0,957.0,3.5795445000000004
67.0,935.0,3.5795445000000004
67.08333333333333,918.0,0.6249998333333333
67.25,912.0,3.1818173333333335
67.33333333333333,914.0,4.034089833333334
67.41666666666667,920.0,3.2386355
67.5,924.0,3.636362666666667
67.58333333333333,950.0,3.636362666666667
67.75,987.0,3.636362666666667
67.83333333333333,1000.0,3.2954536666666665
67.83333333333333,1000.0,4.090908000000001
67.83333333333333,994.0,4.090908000000001
67.83333333333333,981.0,4.090908000000001
68.0,978.0,4.090908000000001
68.08333333333333,968.0,3.9204535000000003
68.16666666666667,951.0,2.7840901666666666
68.25,932.0,4.204544333333334
68.33333333333333,917.0,3.0113628333333335
68.41666666666667,915.0,3.8636353333333338
68.5,912.0,3.1249991666666666
68.58333333333333,903.0,3.1249991666666666
68.66666666666667,903.0,1.5909086666666667
68.75,844.0,3.9204535000000003
68.75,843.0,3.9204535000000003
68.83333333333333,875.0,1.5340905
68.91666666666667,876.0,1.5340905
69.0,859.0,1.8181813333333334
69.08333333333333,866.0,3.2954536666666665
69.16666666666667,880.0,3.8636353333333338
69.25,884.0,3.2954536666666665
69.33333333333333,885.0,3.068181
69.33333333333333,912.0,3.068181
69.41666666666667,924.0,3.068181
69.5,930.0,1.1363633333333334
69.5,931.0,3.4659081666666665
69.58333333333333,931.0,1.5909086666666667
69.58333333333333,955.0,1.5909086666666667
69.75,952.0,1.5909086666666667
69.83333333333333,944.0,4.034089833333334
69.91666666666667,957.0,3.068181
70.0,985.0,3.2386355
70.08333333333333,983.0,3.9204535000000003
70.08333333333333,980.0,3.9204535000000003
70.25,983.0,3.9204535000000003
70.33333333333333,1009.0,3.1818173333333335
70.41666666666667,1014.0,3.0113628333333335
70.5,1003.0,3.5795445000000004
70.58333333333333,990.0,3.4659081666666665
70.66666666666667,968.0,3.2386355
70.66666666666667,957.0,3.2386355
70.75,951.0,3.2386355
70.83333333333333,924.0,1.1363633333333334
70.91666666666667,870.0,3.4659081666666665
70.91666666666667,903.0,2.6136356666666667
71.0,857.0,1.9318176666666669
71.08333333333333,853.0,2.727272
71.08333333333333,911.0,2.727272
71.16666666666667,933.0,2.727272
71.25,929.0,1.0227270000000002
71.33333333333333,935.0,3.7499990000000003
71.41666666666667,922.0,3.2386355
71.5,915.0,2.9545446666666666
71.66666666666667,922.0,2.9545446666666666
71.75,954.0,3.2954536666666665
71.83333333333333,954.0,3.1818173333333335
71.91666666666667,972.0,3.352271833333334
72.0,976.0,3.7499990000000003
72.08333333333333,976.0,3.2954536666666665
72.16666666666667,951.0,3.0113628333333335
72.25,976.0,3.0113628333333335
72.25,1013.0,1.704545
72.33333333333333,1010.0,1.704545
72.41666666666667,1010.0,3.9204535000000003
72.5,1009.0,3.352271833333334
72.58333333333333,992.0,3.352271833333334
72.58333333333333,967.0,1.6477268333333333
72.58333333333333,969.0,1.6477268333333333
72.58333333333333,978.0,1.6477268333333333
72.58333333333333,986.0,1.6477268333333333
72.66666666666667,993.0,0.6249998333333333
72.66666666666667,1010.0,0.6249998333333333
72.75,1011.0,1.5340905
72.75,1032.0,1.5340905
72.91666666666667,1052.0,1.5909086666666667
73.0,1087.0,3.40909
73.08333333333333,1154.0,3.636362666666667
73.16666666666667,1181.0,3.1249991666666666
73.25,1152.0,3.2386355
73.33333333333333,1110.0,3.352271833333334
73.5,1117.0,3.352271833333334
73.58333333333333,1168.0,3.636362666666667
73.66666666666667,1158.0,2.8977265
73.75,1094.0,3.2386355
73.75,1113.0,3.2954536666666665
73.83333333333333,1129.0,1.5340905
73.91666666666667,1130.0,3.1249991666666666
74.0,1124.0,3.522726333333334
74.0,1150.0,3.522726333333334
74.08333333333333,1104.0,3.522726333333334
74.16666666666667,1123.0,1.0795451666666667
74.25,1150.0,3.522726333333334
74.33333333333333,1144.0,3.0113628333333335
74.41666666666667,1122.0,3.1818173333333335
74.58333333333333,1115.0,3.2386355
74.66666666666667,1126.0,3.636362666666667
74.75,1122.0,3.352271833333334
74.83333333333333,1080.0,3.1818173333333335
74.83333333333333,1080.0,2.8977265
74.83333333333333,1074.0,2.8977265
75.0,1078.0,2.8977265
75.0,1079.0,3.2954536666666665
75.08333333333333,1068.0,3.2954536666666665
75.16666666666667,1068.0,1.5909086666666667
75.25,1070.0,3.068181
75.33333333333333,1073.0,3.1818173333333335
75.41666666666667,1083.0,3.1818173333333335
75.5,1092.0,3.0113628333333335
75.58333333333333,1086.0,3.40909
75.75,1095.0,3.40909
75.83333333333333,1121.0,3.1818173333333335
75.91666666666667,1135.0,3.4659081666666665
76.0,1137.0,2.9545446666666666
76.08333333333333,1143.0,2.8977265
76.16666666666667,1154.0,3.5795445000000004
76.25,1153.0,3.40909
76.41666666666667,1132.0,3.40909
76.41666666666667,1109.0,3.352271833333334
76.41666666666667,1103.0,3.352271833333334
76.5,1099.0,3.352271833333334
76.58333333333333,1082.0,1.0227270000000002
76.66666666666667,1076.0,3.1818173333333335
76.75,1080.0,3.522726333333334
76.75,1089.0,3.522726333333334
76.83333333333333,1088.0,1.5340905
77.0,1102.0,1.5340905
77.08333333333333,1124.0,3.0113628333333335
77.16666666666667,1126.0,3.2954536666666665
77.25,1119.0,3.0113628333333335
77.25,1124.0,3.636362666666667
77.33333333333333,1111.0,1.6477268333333333
77.41666666666667,1098.0,3.068181
77.5,1097.0,2.9545446666666666
77.66666666666667,1092.0,3.2386355
77.75,1081.0,3.5795445000000004
77.83333333333333,1081.0,3.4659081666666665
77.91666666666667,1083.0,3.0113628333333335
78.0,1083.0,3.2386355
78.08333333333333,1087.0,3.40909
78.16666666666667,1094.0,3.522726333333334
78.33333333333333,1094.0,3.522726333333334
78.41666666666667,1098.0,3.352271833333334
78.41666666666667,1099.0,3.4659081666666665
78.5,1093.0,3.4659081666666665
78.58333333333333,1105.0,3.2954536666666665
78.66666666666667,1116.0,3.2954536666666665
78.66666666666667,1120.0,3.2954536666666665
78.75,1127.0,3.2954536666666665
78.75,1150.0,1.0795451666666667
78.83333333333333,1151.0,1.0795451666666667
78.83333333333333,1149.0,1.5340905
78.91666666666667,1151.0,1.5340905
79.0,1151.0,1.5909086666666667
79.08333333333333,1149.0,3.693180833333334
79.16666666666667,1122.0,3.2954536666666665
79.25,1082.0,3.0113628333333335
79.41666666666667,1056.0,3.0113628333333335
79.5,1053.0,3.522726333333334
79.5,1051.0,3.2954536666666665
79.58333333333333,1036.0,3.2954536666666665
79.66666666666667,1029.0,3.4659081666666665
79.75,1023.0,3.2386355
79.83333333333333,1025.0,2.727272
80.0,1035.0,2.727272
80.0,1052.0,3.068181
80.16666666666667,1072.0,3.068181
80.16666666666667,1084.0,3.4659081666666665
80.25,1093.0,1.704545
80.33333333333333,1098.0,2.7840901666666666
80.41666666666667,1106.0,3.5795445000000004
80.5,1103.0,2.8977265
80.58333333333333,1104.0,2.9545446666666666
80.75,1133.0,3.5795445000000004
80.83333333333333,1142.0,3.5795445000000004
80.83333333333333,1125.0,3.0113628333333335
80.91666666666667,1126.0,3.0113628333333335
81.0,1125.0,3.5795445000000004
81.08333333333333,1111.0,3.1249991666666666
81.16666666666667,1112.0,3.693180833333334
81.33333333333333,1121.0,3.693180833333334
81.41666666666667,1120.0,3.636362666666667
81.41666666666667,1118.0,3.068181
81.41666666666667,1121.0,3.068181
81.5,1121.0,3.068181
81.58333333333333,1120.0,1.0795451666666667
81.66666666666667,1128.0,3.1249991666666666
81.75,1128.0,3.068181
81.83333333333333,1134.0,3.2386355
81.91666666666667,1140.0,2.8977265
82.08333333333333,1153.0,3.352271833333334
82.16666666666667,1159.0,3.40909
82.25,1148.0,2.8977265
82.33333333333333,1129.0,3.352271833333334
82.41666666666667,1125.0,3.1249991666666666
82.5,1117.0,3.1818173333333335
82.5,1117.0,3.1818173333333335
82.5,1115.0,3.1818173333333335
82.66666666666667,1138.0,3.1818173333333335
82.66666666666667,1147.0,3.5795445000000004
82.83333333333333,1159.0,3.5795445000000004
82.91666666666667,1159.0,3.636362666666667
82.91666666666667,1311.0,2.9545446666666666
83.0,1356.0,2.9545446666666666
83.08333333333333,1392.0,1.363636
83.08333333333333,1399.0,3.4659081666666665
83.08333333333333,1381.0,3.4659081666666665
83.08333333333333,1353.0,3.4659081666666665
83.16666666666667,1315.0,3.4659081666666665
83.25,1272.0,3.2954536666666665
83.25,1219.0,3.2954536666666665
83.33333333333333,1201.0,1.4772723333333333
83.41666666666667,1248.0,2.727272
83.5,1255.0,3.5795445000000004
83.58333333333333,1258.0,3.1818173333333335
83.75,1263.0,3.1818173333333335
83.75,1272.0,3.0113628333333335
83.91666666666667,1276.0,3.0113628333333335
84.0,1279.0,3.1249991666666666
84.08333333333333,1275.0,3.5795445000000004
84.16666666666667,1268.0,3.068181
84.25,1282.0,2.6136356666666667
84.33333333333333,1291.0,3.068181
84.33333333333333,1283.0,3.1249991666666666
84.33333333333333,1264.0,3.1249991666666666
84.41666666666667,1289.0,3.1249991666666666
84.5,1304.0,3.2386355
84.58333333333333,1304.0,3.2386355
84.58333333333333,1296.0,2.3863630000000002
84.66666666666667,1291.0,1.5909086666666667
84.66666666666667,1321.0,1.5909086666666667
84.75,1344.0,1.4772723333333333
84.83333333333333,1357.0,2.8977265
84.91666666666667,1373.0,3.068181
85.0,1380.0,3.0113628333333335
85.08333333333333,1324.0,2.8977265
85.16666666666667,1315.0,2.8977265
85.25,1364.0,2.7840901666666666
85.33333333333333,1345.0,2.6136356666666667
85.41666666666667,1264.0,3.1818173333333335
85.5,1280.0,3.1249991666666666
85.5,1306.0,3.1249991666666666
85.58333333333333,1299.0,1.363636
85.58333333333333,1294.0,1.363636
85.66666666666667,1347.0,1.4772723333333333
85.66666666666667,1361.0,1.4772723333333333
85.75,1343.0,1.4772723333333333
85.83333333333333,1341.0,1.0227270000000002
85.91666666666667,1327.0,2.9545446666666666
86.0,1299.0,2.4431811666666667
86.08333333333333,1281.0,3.2386355
86.16666666666667,1277.0,2.8977265
86.25,1312.0,3.2386355
86.33333333333333,1338.0,3.0113628333333335
86.41666666666667,1358.0,2.4431811666666667
86.5,1355.0,3.1818173333333335
86.58333333333333,1330.0,3.2954536666666665
86.66666666666667,1331.0,3.0113628333333335
86.75,1332.0,3.0113628333333335
86.83333333333333,1322.0,2.7840901666666666
86.91666666666667,1328.0,2.6136356666666667
87.0,1363.0,3.693180833333334
87.08333333333333,1377.0,3.0113628333333335
87.16666666666667,1386.0,2.670453833333333
87.25,1388.0,2.8409083333333336
87.33333333333333,1382.0,3.2386355
87.41666666666667,1384.0,2.5568175
87.5,1389.0,2.5568175
87.58333333333333,1382.0,3.806817166666667
87.66666666666667,1382.0,2.6136356666666667
87.75,1377.0,2.9545446666666666
87.75,1376.0,2.9545446666666666
87.83333333333333,1378.0,1.4204541666666668
87.91666666666667,1349.0,2.670453833333333
88.0,1333.0,3.1818173333333335
88.08333333333333,1311.0,3.068181
88.16666666666667,1297.0,2.8977265
88.25,1304.0,3.0113628333333335
88.33333333333333,1313.0,2.6136356666666667
88.41666666666667,1323.0,3.1818173333333335
88.5,1327.0,2.8409083333333336
88.58333333333333,1334.0,2.670453833333333
88.75,1333.0,2.670453833333333
88.83333333333333,1334.0,2.9545446666666666
88.91666666666667,1342.0,2.8977265
88.91666666666667,1346.0,2.8409083333333336
89.0,1345.0,2.670453833333333
89.08333333333333,1356.0,2.9545446666666666
89.08333333333333,1363.0,2.9545446666666666
89.08333333333333,1369.0,2.9545446666666666
89.16666666666667,1364.0,0.9659088333333334
89.25,1348.0,2.8977265
89.33333333333333,1348.0,2.6136356666666667
89.33333333333333,1344.0,2.6136356666666667
89.41666666666667,1330.0,1.4772723333333333
89.58333333333333,1322.0,2.727272
89.58333333333333,1321.0,3.2954536666666665
89.66666666666667,1298.0,2.6136356666666667
89.83333333333333,1285.0,2.727272
89.91666666666667,1278.0,3.7499990000000003
90.0,1278.0,2.4999993333333332
90.08333333333333,1213.0,3.2386355
90.08333333333333,1219.0,2.8977265
90.16666666666667,1236.0,2.8977265
90.16666666666667,1250.0,1.3068178333333333
90.16666666666667,1267.0,1.3068178333333333
90.25,1275.0,1.3068178333333333
90.33333333333333,1270.0,1.0227270000000002
90.41666666666667,1255.0,2.670453833333333
90.41666666666667,1253.0,3.1818173333333335
90.5,1257.0,3.1818173333333335
90.58333333333333,1250.0,1.3068178333333333
90.66666666666667,1250.0,3.2386355
90.66666666666667,1253.0,2.6136356666666667
90.66666666666667,1259.0,2.6136356666666667
90.75,1248.0,2.6136356666666667
90.83333333333333,1248.0,1.0227270000000002
90.91666666666667,1241.0,3.0113628333333335
91.0,1225.0,2.9545446666666666
91.08333333333333,1210.0,2.9545446666666666
91.16666666666667,1182.0,3.1818173333333335
91.25,1168.0,3.2386355
91.33333333333333,1155.0,2.8409083333333336
91.33333333333333,1144.0,2.8409083333333336
91.41666666666667,1149.0,1.3068178333333333
91.41666666666667,1133.0,1.3068178333333333
91.5,1116.0,1.5909086666666667
91.58333333333333,1116.0,3.5795445000000004
91.66666666666667,1126.0,2.4999993333333332
91.83333333333333,1147.0,3.0113628333333335
91.83333333333333,1170.0,3.1818173333333335
91.83333333333333,1191.0,3.1818173333333335
91.83333333333333,1242.0,3.1818173333333335
91.83333333333333,1273.0,3.1818173333333335
91.91666666666667,1289.0,3.1818173333333335
91.91666666666667,1305.0,0.5681816666666667
92.0,1316.0,0.5681816666666667
92.08333333333333,1298.0,1.5340905
92.16666666666667,1287.0,3.1249991666666666
92.25,1278.0,3.068181
92.33333333333333,1275.0,2.670453833333333
92.41666666666667,1244.0,3.1249991666666666
92.5,1233.0,3.1818173333333335
92.58333333333333,1263.0,2.8977265
92.66666666666667,1278.0,2.8977265
92.66666666666667,1273.0,2.8977265
92.75,1270.0,1.4772723333333333
92.83333333333333,1262.0,3.636362666666667
92.91666666666667,1242.0,2.8409083333333336
93.0,1222.0,3.0113628333333335
93.08333333333333,1190.0,2.7840901666666666
93.08333333333333,1182.0,2.7840901666666666
93.25,1178.0,2.7840901666666666
93.33333333333333,1173.0,3.5795445000000004
93.41666666666667,1183.0,3.0113628333333335
93.41666666666667,1183.0,2.5568175
93.41666666666667,1202.0,2.5568175
93.5,1202.0,2.5568175
93.58333333333333,1211.0,1.0227270000000002
93.66666666666667,1215.0,2.6136356666666667
93.75,1219.0,3.352271833333334
93.83333333333333,1207.0,2.9545446666666666
93.91666666666667,1185.0,3.522726333333334
94.0,1159.0,3.1249991666666666
94.08333333333333,1128.0,3.0113628333333335
94.16666666666667,1092.0,2.7840901666666666
94.16666666666667,1073.0,2.7840901666666666
94.25,1072.0,1.4772723333333333
94.41666666666667,1083.0,3.40909
94.5,1084.0,3.522726333333334
94.58333333333333,1069.0,2.727272
94.58333333333333,1071.0,3.1249991666666666
94.66666666666667,1091.0,3.1249991666666666
94.75,1081.0,1.4772723333333333
94.83333333333333,1076.0,3.1249991666666666
94.91666666666667,1067.0,3.1249991666666666
94.91666666666667,1058.0,2.6136356666666667
94.91666666666667,1068.0,2.6136356666666667
95.0,1081.0,1.0795451666666667
95.08333333333333,1076.0,2.5568175
95.08333333333333,1074.0,2.5568175
95.16666666666667,1076.0,1.704545
95.33333333333333,1092.0,2.670453833333333
95.41666666666667,1092.0,3.40909
95.5,1096.0,2.9545446666666666
95.58333333333333,1099.0,2.8977265
95.58333333333333,1104.0,3.40909
95.66666666666667,1117.0,3.40909
95.75,1127.0,3.8636353333333338
95.83333333333333,1124.0,2.8409083333333336
95.91666666666667,1111.0,2.9545446666666666
96.0,1085.0,2.9545446666666666
96.08333333333333,1089.0,3.2386355
96.08333333333333,1088.0,3.2386355
96.16666666666667,1074.0,1.363636
96.25,1066.0,3.40909
96.25,1077.0,3.40909
96.41666666666667,1077.0,3.40909
96.5,1084.0,3.1249991666666666
96.5,1084.0,2.8409083333333336
96.5,1083.0,2.8409083333333336
96.5,1078.0,2.8409083333333336
96.58333333333333,1072.0,2.8409083333333336
96.66666666666667,1071.0,0.7386361666666666
96.75,1080.0,3.2386355
96.83333333333333,1099.0,2.7840901666666666
96.83333333333333,1111.0,2.7840901666666666
96.91666666666667,1127.0,2.7840901666666666
97.0,1140.0,3.1818173333333335
97.08333333333333,1146.0,2.9545446666666666
97.08333333333333,1152.0,2.9545446666666666
97.16666666666667,1148.0,1.5909086666666667
97.16666666666667,1142.0,1.5909086666666667
97.16666666666667,1145.0,1.5909086666666667
97.25,1151.0,0.9090906666666667
97.33333333333333,1152.0,3.40909
97.41666666666667,1152.0,3.0113628333333335
97.41666666666667,1157.0,3.0113628333333335
97.41666666666667,1163.0,3.0113628333333335
97.41666666666667,1159.0,3.0113628333333335
97.5,1155.0,0.7386361666666666
97.58333333333333,1148.0,2.3863630000000002
97.66666666666667,1133.0,2.8409083333333336
97.75,1125.0,2.8409083333333336
97.83333333333333,1120.0,1.6477268333333333
97.91666666666667,1111.0,2.727272
98.0,1107.0,3.522726333333334
98.0,1117.0,2.8409083333333336
98.08333333333333,1124.0,2.8409083333333336
98.16666666666667,1140.0,1.363636
98.25,1157.0,3.2386355
98.25,1165.0,2.6136356666666667
98.33333333333333,1168.0,2.6136356666666667
98.41666666666667,1177.0,1.4772723333333333
98.5,1189.0,2.9545446666666666
98.58333333333333,1195.0,3.1818173333333335
98.66666666666667,1204.0,2.3295448333333333
98.75,1225.0,3.068181
98.83333333333333,1245.0,3.1249991666666666
98.83333333333333,1258.0,2.6136356666666667
98.83333333333333,1258.0,2.6136356666666667
98.91666666666667,1279.0,1.0227270000000002
99.0,1283.0,1.0227270000000002
99.08333333333333,1254.0,2.3863630000000002
99.16666666666667,1237.0,3.068181
99.25,1234.0,3.636362666666667
99.33333333333333,1212.0,2.670453833333333
99.41666666666667,1204.0,3.0113628333333335
99.5,1209.0,2.8409083333333336
99.5,1220.0,2.8409083333333336
99.58333333333333,1246.0,1.363636
99.66666666666667,1248.0,3.40909
99.75,1248.0,3.0113628333333335
99.83333333333333,1244.0,2.727272
99.91666666666667,1225.0,3.0113628333333335
100.0,1217.0,2.4999993333333332
100.08333333333333,1216.0,3.2954536666666665
100.16666666666667,1214.0,2.3295448333333333
100.25,1228.0,2.7840901666666666
100.33333333333333,1246.0,3.1818173333333335
100.41666666666667,1257.0,2.4431811666666667
100.5,1273.0,2.8409083333333336
100.58333333333333,1272.0,3.1249991666666666
100.66666666666667,1259.0,3.1249991666666666
100.66666666666667,1273.0,3.1249991666666666
100.75,1276.0,1.363636
100.83333333333333,1269.0,3.0113628333333335
100.91666666666667,1266.0,2.670453833333333
101.0,1282.0,3.0113628333333335
101.08333333333333,1286.0,3.40909
101.16666666666667,1285.0,2.5568175
101.25,1276.0,2.8409083333333336
101.33333333333333,1267.0,2.4999993333333332
101.41666666666667,1268.0,3.1249991666666666
101.5,1267.0,3.2386355
101.5,1259.0,3.2386355
101.58333333333333,1257.0,1.4204541666666668
101.58333333333333,1251.0,1.4204541666666668
101.66666666666667,1250.0,1.3068178333333333
101.75,1260.0,2.6136356666666667
101.83333333333333,1263.0,2.9545446666666666
101.91666666666667,1240.0,2.7840901666666666
102.0,1234.0,2.7840901666666666
102.08333333333333,1234.0,3.1249991666666666
102.16666666666667,1231.0,2.727272
102.25,1232.0,2.8977265
102.25,1210.0,2.8977265
102.33333333333333,1213.0,1.363636
102.33333333333333,1224.0,1.363636
102.41666666666667,1229.0,1.363636
102.5,1235.0,3.636362666666667
102.58333333333333,1237.0,2.727272
102.66666666666667,1242.0,2.8409083333333336
102.66666666666667,1254.0,2.8409083333333336
102.75,1274.0,2.8409083333333336
102.83333333333333,1282.0,1.3068178333333333
102.91666666666667,1283.0,2.8409083333333336
103.0,1288.0,2.9545446666666666
103.08333333333333,1301.0,2.9545446666666666
103.16666666666667,1324.0,2.5568175
103.25,1320.0,3.1249991666666666
103.25,1300.0,2.8977265
103.25,1285.0,2.8977265
103.33333333333333,1259.0,2.8977265
103.41666666666667,1206.0,0.9090906666666667
103.5,1210.0,2.6136356666666667
103.58333333333333,1226.0,2.8409083333333336
103.66666666666667,1246.0,2.9545446666666666
103.66666666666667,1255.0,2.727272
103.66666666666667,1290.0,2.727272
103.75,1325.0,1.3068178333333333
103.83333333333333,1336.0,2.670453833333333
104.0,1330.0,3.0113628333333335
104.08333333333333,1332.0,3.1249991666666666
104.16666666666667,1328.0,2.9545446666666666
104.16666666666667,1323.0,2.670453833333333
104.25,1327.0,2.4431811666666667
104.33333333333333,1339.0,2.670453833333333
104.33333333333333,1334.0,2.670453833333333
104.41666666666667,1339.0,1.4204541666666668
104.5,1360.0,2.8977265
104.58333333333333,1395.0,3.1818173333333335
104.66666666666667,1391.0,2.5568175
104.75,1368.0,2.6136356666666667
104.83333333333333,1363.0,2.272726666666667
104.91666666666667,1363.0,3.2386355
105.0,1359.0,2.9545446666666666
105.08333333333333,1346.0,2.4431811666666667
105.16666666666667,1337.0,2.8409083333333336
105.25,1327.0,2.8409083333333336
105.33333333333333,1310.0,2.7840901666666666
105.41666666666667,1279.0,2.670453833333333
105.5,1280.0,2.8409083333333336
105.58333333333333,1304.0,2.7840901666666666
105.66666666666667,1312.0,2.5568175
105.75,1286.0,3.352271833333334
105.83333333333333,1303.0,2.727272
105.91666666666667,1347.0,2.670453833333333
105.91666666666667,1356.0,2.8409083333333336
105.91666666666667,1335.0,2.8409083333333336
106.0,1325.0,2.8409083333333336
106.08333333333333,1326.0,0.9090906666666667
106.16666666666667,1321.0,3.2386355
106.25,1307.0,2.7840901666666666
106.33333333333333,1254.0,2.5568175
106.41666666666667,1255.0,2.7840901666666666
106.41666666666667,1283.0,2.6136356666666667
106.41666666666667,1316.0,2.6136356666666667
106.41666666666667,1363.0,2.6136356666666667
106.5,1382.0,0.9090906666666667
106.58333333333333,1352.0,2.727272
106.66666666666667,1344.0,2.4431811666666667
106.75,1352.0,2.7840901666666666
106.83333333333333,1328.0,2.9545446666666666
106.91666666666667,1324.0,2.727272
107.0,1322.0,3.2954536666666665
107.08333333333333,1309.0,2.2159085000000003
107.16666666666667,1288.0,3.636362666666667
107.25,1288.0,2.4431811666666667
107.33333333333333,1281.0,3.1249991666666666
107.41666666666667,1270.0,2.727272
107.41666666666667,1258.0,2.727272
107.41666666666667,1258.0,2.727272
107.41666666666667,1257.0,2.727272
107.5,1268.0,2.727272
107.58333333333333,1279.0,0.681818
107.66666666666667,1271.0,3.068181
107.75,1264.0,2.670453833333333
107.83333333333333,1264.0,2.7840901666666666
107.83333333333333,1276.0,2.670453833333333
107.83333333333333,1274.0,2.670453833333333
107.83333333333333,1305.0,2.670453833333333
107.91666666666667,1316.0,0.8522725
107.91666666666667,1315.0,0.8522725
108.0,1317.0,1.1931815000000001
108.08333333333333,1337.0,2.8977265
108.16666666666667,1386.0,2.8409083333333336
108.16666666666667,1392.0,2.8409083333333336
108.25,1389.0,1.363636
108.33333333333333,1403.0,1.363636
108.41666666666667,1427.0,2.272726666666667
108.5,1431.0,3.068181
108.58333333333333,1431.0,2.3295448333333333
108.66666666666667,1443.0,3.0113628333333335
108.66666666666667,1447.0,2.4999993333333332
108.66666666666667,1474.0,2.4999993333333332
108.75,1487.0,1.1363633333333334
108.83333333333333,1495.0,1.1363633333333334
108.91666666666667,1505.0,2.4999993333333332
109.0,1513.0,2.4431811666666667
109.08333333333333,1537.0,2.727272
109.16666666666667,1556.0,2.6136356666666667
109.16666666666667,1541.0,2.3863630000000002
109.25,1492.0,2.3295448333333333
109.25,1497.0,2.3295448333333333
109.25,1502.0,2.3295448333333333
109.25,1482.0,2.3295448333333333
109.25,1469.0,2.3295448333333333
109.33333333333333,1511.0,0.5681816666666667
109.41666666666667,1527.0,2.4999993333333332
109.5,1522.0,2.4999993333333332
109.58333333333333,1530.0,2.272726666666667
109.58333333333333,1622.0,2.5568175
109.58333333333333,1679.0,2.5568175
109.66666666666667,1711.0,1.1363633333333334
109.75,1752.0,2.272726666666667
109.83333333333333,1801.0,3.068181
109.91666666666667,1799.0,3.068181
110.0,1759.0,1.9886358333333334
110.0,1705.0,2.727272
110.08333333333333,1693.0,2.3295448333333333
110.08333333333333,1693.0,2.3295448333333333
110.16666666666667,1679.0,2.3295448333333333
110.25,1613.0,1.0227270000000002
110.25,1541.0,2.4999993333333332
110.33333333333333,1512.0,2.272726666666667
110.41666666666667,1560.0,2.4999993333333332
110.5,1546.0,2.4999993333333332
110.58333333333333,1509.0,2.2159085000000003
110.58333333333333,1513.0,2.102272166666667
110.66666666666667,1545.0,2.102272166666667
110.66666666666667,1592.0,2.102272166666667
110.75,1624.0,2.102272166666667
110.75,1640.0,1.0795451666666667
110.75,1630.0,1.0795451666666667
110.83333333333333,1623.0,1.0795451666666667
110.83333333333333,1623.0,0.9659088333333334
110.91666666666667,1649.0,1.9886358333333334
110.91666666666667,1684.0,1.9886358333333334
111.0,1709.0,1.9886358333333334
111.0,1741.0,1.1363633333333334
111.08333333333333,1743.0,1.1363633333333334
111.16666666666667,1721.0,1.6477268333333333
111.16666666666667,1691.0,2.3863630000000002
111.25,1662.0,1.9318176666666669
111.33333333333333,1660.0,1.9318176666666669
111.33333333333333,1654.0,1.8749995000000002
111.41666666666667,1666.0,2.0454540000000003
111.5,1677.0,2.0454540000000003
111.5,1671.0,2.2159085000000003
111.58333333333333,1672.0,1.9318176666666669
111.58333333333333,1669.0,1.9318176666666669
111.58333333333333,1683.0,1.9318176666666669
111.66666666666667,1723.0,0.8522725
111.75,1744.0,0.8522725
111.75,1752.0,1.8749995000000002
111.83333333333333,1791.0,1.9886358333333334
111.83333333333333,1870.0,1.9886358333333334
111.91666666666667,1896.0,1.6477268333333333
112.0,1906.0,2.1590903333333333
112.0,1891.0,2.1590903333333333
112.0,1877.0,2.1590903333333333
112.0,1883.0,2.1590903333333333
112.0,1883.0,2.1590903333333333
112.08333333333333,1868.0,2.1590903333333333
112.08333333333333,1869.0,0.5681816666666667
112.16666666666667,1866.0,1.8749995000000002
112.16666666666667,1899.0,1.8749995000000002
112.16666666666667,1919.0,1.8749995000000002
112.25,1935.0,1.8749995000000002
112.25,1977.0,0.7954543333333334
112.33333333333333,1998.0,1.8181813333333334
112.41666666666667,1967.0,1.8181813333333334
112.41666666666667,1953.0,1.704545
112.5,1935.0,1.761363166666667
112.5,1902.0,1.761363166666667
112.5,1858.0,1.761363166666667
112.58333333333333,1846.0,1.761363166666667
112.58333333333333,1824.0,0.8522725
112.66666666666667,1824.0,0.8522725
112.66666666666667,1857.0,1.5909086666666667
112.75,1848.0,1.761363166666667
112.83333333333333,1865.0,1.761363166666667
112.83333333333333,1861.0,1.704545
112.91666666666667,1819.0,1.704545
112.91666666666667,1822.0,1.5909086666666667
113.0,1819.0,1.6477268333333333
113.0,1836.0,1.6477268333333333
113.08333333333333,1869.0,1.4772723333333333
113.16666666666667,1820.0,1.4772723333333333
113.16666666666667,1848.0,1.8749995000000002
113.25,1856.0,1.8749995000000002
113.25,1761.0,1.6477268333333333
113.33333333333333,1748.0,1.6477268333333333
113.41666666666667,1740.0,1.6477268333333333
113.41666666666667,1736.0,1.704545
113.5,1772.0,1.704545
113.5,1774.0,1.6477268333333333
113.58333333333333,1754.0,1.6477268333333333
113.66666666666667,1762.0,1.5909086666666667
113.66666666666667,1709.0,2.0454540000000003
113.75,1699.0,2.0454540000000003
113.75,1744.0,1.761363166666667
113.75,1703.0,1.761363166666667
113.75,1750.0,1.761363166666667
113.83333333333333,1792.0,0.7954543333333334
113.91666666666667,1792.0,0.7954543333333334
113.91666666666667,1818.0,1.761363166666667
114.0,1915.0,1.704545
114.0,1868.0,1.704545
114.08333333333333,1785.0,1.8181813333333334
114.16666666666667,1801.0,1.8181813333333334
114.16666666666667,1772.0,1.704545
114.25,1723.0,1.761363166666667
114.33333333333333,1744.0,1.761363166666667
114.33333333333333,1760.0,1.704545
114.41666666666667,1796.0,1.9318176666666669
114.41666666666667,1815.0,1.9318176666666669
114.5,1808.0,1.6477268333333333
114.58333333333333,1843.0,1.6477268333333333
114.58333333333333,1881.0,1.8181813333333334
114.66666666666667,1870.0,1.704545
114.66666666666667,1860.0,1.704545
114.75,1839.0,1.704545
114.83333333333333,1788.0,1.704545
114.83333333333333,1707.0,1.704545
114.91666666666667,1686.0,1.704545
114.91666666666667,1685.0,1.704545
115.0,1706.0,1.704545
115.08333333333333,1754.0,1.704545
115.08333333333333,1792.0,1.704545
115.16666666666667,1814.0,1.704545
115.16666666666667,1822.0,1.704545
115.25,1845.0,1.704545
115.33333333333333,1856.0,1.704545
115.33333333333333,1856.0,1.5909086666666667
115.41666666666667,1824.0,1.9318176666666669
115.5,1800.0,1.9318176666666669
115.5,1785.0,1.704545
115.58333333333333,1791.0,1.704545
115.58333333333333,1784.0,1.6477268333333333
115.66666666666667,1781.0,1.704545
115.66666666666667,1792.0,1.704545
115.75,1800.0,1.5909086666666667
115.83333333333333,1812.0,1.5909086666666667
115.83333333333333,1816.0,1.8749995000000002
115.91666666666667,1825.0,1.704545
116.0,1840.0,1.704545
116.0,1837.0,1.8181813333333334
116.08333333333333,1837.0,1.8181813333333334
116.08333333333333,1836.0,1.6477268333333333
116.16666666666667,1859.0,1.704545
116.16666666666667,1848.0,1.704545
116.25,1802.0,1.6477268333333333
116.33333333333333,1777.0,1.6477268333333333
116.33333333333333,1752.0,1.9318176666666669
116.41666666666667,1754.0,1.704545
116.5,1816.0,1.704545
116.5,1890.0,1.761363166666667
116.58333333333333,1956.0,1.8181813333333334
116.58333333333333,1977.0,1.8181813333333334
116.66666666666667,1990.0,1.5340905
116.75,1989.0,1.5340905
116.75,1973.0,2.1590903333333333
116.83333333333333,1974.0,1.8181813333333334
116.91666666666667,1924.0,1.8181813333333334
116.91666666666667,1907.0,1.8749995000000002
117.0,1919.0,1.8181813333333334
117.08333333333333,1928.0,1.8181813333333334
117.08333333333333,1939.0,1.8181813333333334
117.16666666666667,1954.0,1.8181813333333334
117.16666666666667,1963.0,1.8181813333333334
117.25,1946.0,1.6477268333333333
117.25,1896.0,1.6477268333333333
117.33333333333333,1788.0,1.6477268333333333
117.33333333333333,1717.0,1.0227270000000002
117.41666666666667,1657.0,1.0227270000000002
117.41666666666667,1649.0,1.8181813333333334
117.5,1655.0,1.8181813333333334
117.5,1749.0,1.8181813333333334
117.5,1820.0,1.8181813333333334
117.58333333333333,1889.0,0.9090906666666667
117.66666666666667,1943.0,0.9090906666666667
117.66666666666667,1923.0,1.9318176666666669
117.75,1874.0,1.761363166666667
117.83333333333333,1847.0,1.761363166666667
117.83333333333333,1780.0,1.9886358333333334
117.91666666666667,1650.0,1.8749995000000002
118.0,1551.0,1.8749995000000002
118.0,1577.0,1.9886358333333334
118.08333333333333,1586.0,1.8749995000000002
118.16666666666667,1586.0,1.8749995000000002
118.16666666666667,1606.0,1.8749995000000002
118.25,1653.0,1.8749995000000002
118.33333333333333,1743.0,1.8749995000000002
118.33333333333333,1835.0,1.5340905
118.41666666666667,1875.0,2.5568175
118.5,1861.0,2.5568175
118.5,1869.0,1.9886358333333334
118.58333333333333,1819.0,1.761363166666667
118.66666666666667,1734.0,1.761363166666667
118.66666666666667,1675.0,1.9886358333333334
118.75,1623.0,1.8749995000000002
118.83333333333333,1618.0,1.8749995000000002
118.83333333333333,1659.0,1.761363166666667
118.91666666666667,1696.0,1.9886358333333334
119.0,1701.0,1.9886358333333334
119.0,1747.0,1.9318176666666669
119.08333333333333,1803.0,1.8181813333333334
119.16666666666667,1866.0,1.8181813333333334
119.16666666666667,1866.0,1.8181813333333334
119.25,1717.0,1.8749995000000002
119.33333333333333,1665.0,1.8749995000000002
119.33333333333333,1636.0,1.9886358333333334
119.41666666666667,1599.0,1.8749995000000002
119.5,1658.0,1.8749995000000002
119.5,1697.0,1.9886358333333334
119.58333333333333,1706.0,1.4772723333333333
119.66666666666667,1713.0,1.4772723333333333
119.66666666666667,1710.0,2.4999993333333332
119.75,1713.0,1.9318176666666669
119.83333333333333,1731.0,1.9886358333333334
119.91666666666667,1726.0,1.9886358333333334
119.91666666666667,1701.0,1.9886358333333334
120.0,1672.0,1.9886358333333334
120.08333333333333,1662.0,1.704545
120.08333333333333,1646.0,2.1590903333333333
120.16666666666667,1626.0,1.9318176666666669
120.25,1662.0,1.9318176666666669
120.25,1697.0,1.761363166666667
120.33333333333333,1724.0,2.102272166666667
120.41666666666667,1741.0,2.102272166666667
120.41666666666667,1768.0,1.8749995000000002
120.5,1765.0,1.8749995000000002
120.58333333333333,1765.0,1.8749995000000002
120.58333333333333,1767.0,2.0454540000000003
120.66666666666667,1670.0,1.9318176666666669
120.66666666666667,1665.0,1.9318176666666669
120.66666666666667,1692.0,1.9318176666666669
120.66666666666667,1702.0,1.9318176666666669
120.75,1734.0,1.9318176666666669
120.75,1764.0,0.6249998333333333
120.75,1783.0,0.6249998333333333
120.83333333333333,1759.0,0.6249998333333333
120.91666666666667,1729.0,0.9090906666666667
120.91666666666667,1725.0,2.4431811666666667
121.0,1717.0,1.9886358333333334
121.08333333333333,1702.0,1.9886358333333334
121.08333333333333,1707.0,1.9886358333333334
121.08333333333333,1707.0,1.9886358333333334
121.16666666666667,1695.0,1.9886358333333334
121.16666666666667,1693.0,0.9659088333333334
121.16666666666667,1689.0,0.9659088333333334
121.25,1701.0,0.9659088333333334
121.33333333333333,1703.0,0.9659088333333334
121.33333333333333,1684.0,2.2159085000000003
121.41666666666667,1703.0,1.9318176666666669
121.5,1713.0,1.9318176666666669
121.5,1704.0,2.0454540000000003
121.5,1702.0,2.0454540000000003
121.58333333333333,1733.0,2.0454540000000003
121.58333333333333,1731.0,0.9090906666666667
121.66666666666667,1712.0,2.4999993333333332
121.75,1712.0,2.4999993333333332
121.83333333333333,1707.0,1.9886358333333334
121.83333333333333,1715.0,2.0454540000000003
121.91666666666667,1730.0,1.8749995000000002
121.91666666666667,1748.0,1.8749995000000002
121.91666666666667,1760.0,1.8749995000000002
122.0,1774.0,0.9659088333333334
122.08333333333333,1769.0,0.9659088333333334
122.08333333333333,1766.0,1.9318176666666669
122.16666666666667,1765.0,1.8181813333333334
122.16666666666667,1726.0,1.8181813333333334
122.16666666666667,1713.0,1.8181813333333334
122.25,1698.0,0.9090906666666667
122.33333333333333,1630.0,0.9090906666666667
122.33333333333333,1630.0,2.0454540000000003
122.33333333333333,1648.0,2.0454540000000003
122.33333333333333,1664.0,2.0454540000000003
122.41666666666667,1633.0,0.9090906666666667
122.5,1651.0,2.102272166666667
122.5,1700.0,2.102272166666667
122.58333333333333,1734.0,1.6477268333333333
122.66666666666667,1790.0,2.0454540000000003
122.66666666666667,1841.0,2.0454540000000003
122.75,1855.0,1.8749995000000002
122.83333333333333,1807.0,1.8749995000000002
122.83333333333333,1770.0,1.704545
122.91666666666667,1762.0,1.9886358333333334
123.0,1756.0,1.9886358333333334
123.0,1749.0,1.8749995000000002
123.08333333333333,1807.0,1.5909086666666667
123.16666666666667,1827.0,1.5909086666666667
123.16666666666667,1827.0,2.102272166666667
123.25,1863.0,1.761363166666667
123.33333333333333,1947.0,1.761363166666667
123.33333333333333,1978.0,1.9886358333333334
123.41666666666667,1979.0,1.8749995000000002
123.5,1941.0,1.8749995000000002
123.5,1930.0,1.9318176666666669
123.58333333333333,1958.0,1.9886358333333334
123.58333333333333,1925.0,1.9886358333333334
123.58333333333333,1889.0,1.9886358333333334
123.58333333333333,1886.0,1.9886358333333334
123.66666666666667,1883.0,1.9886358333333334
123.66666666666667,1880.0,0.6249998333333333
123.66666666666667,1868.0,0.6249998333333333
123.66666666666667,1849.0,0.6249998333333333
123.66666666666667,1847.0,0.6249998333333333
123.75,1837.0,0.6249998333333333
123.75,1812.0,0.6249998333333333
123.75,1785.0,0.6249998333333333
123.83333333333333,1758.0,0.6249998333333333
123.83333333333333,1704.0,0.9090906666666667
123.83333333333333,1698.0,0.9090906666666667
123.91666666666667,1719.0,0.9090906666666667
123.91666666666667,1734.0,0.9090906666666667
124.0,1753.0,1.761363166666667
124.08333333333333,1753.0,1.761363166666667
124.08333333333333,1757.0,1.9886358333333334
124.16666666666667,1737.0,1.8749995000000002
124.25,1744.0,1.8749995000000002
124.25,1773.0,1.8181813333333334
124.33333333333333,1752.0,1.9318176666666669
124.33333333333333,1739.0,1.9318176666666669
124.41666666666667,1719.0,1.4772723333333333
124.5,1714.0,2.272726666666667
124.58333333333333,1755.0,2.272726666666667
124.58333333333333,1729.0,1.8749995000000002
124.66666666666667,1721.0,1.8749995000000002
124.66666666666667,1755.0,1.761363166666667
124.75,1783.0,1.8749995000000002
124.83333333333333,1786.0,1.8749995000000002
124.83333333333333,1785.0,1.704545
124.91666666666667,1778.0,1.704545
125.0,1769.0,1.5340905
125.0,1724.0,2.102272166666667
125.08333333333333,1735.0,1.761363166666667
125.08333333333333,1762.0,1.761363166666667
125.16666666666667,1787.0,1.704545
125.25,1902.0,1.704545
125.25,1879.0,1.704545
125.33333333333333,1867.0,1.704545
125.33333333333333,1861.0,1.704545
125.41666666666667,1761.0,1.761363166666667
125.5,1734.0,1.761363166666667
125.5,1700.0,1.704545
125.58333333333333,1699.0,1.8181813333333334
125.66666666666667,1683.0,1.8181813333333334
125.66666666666667,1702.0,1.704545
125.75,1726.0,1.704545
125.75,1747.0,1.6477268333333333
125.83333333333333,1746.0,1.8749995000000002
125.91666666666667,1723.0,1.8749995000000002
125.91666666666667,1776.0,1.704545
126.0,1827.0,1.761363166666667
126.0,1818.0,1.761363166666667
126.08333333333333,1759.0,1.761363166666667
126.16666666666667,1752.0,1.761363166666667
126.16666666666667,1759.0,1.761363166666667
126.25,1767.0,1.761363166666667
126.33333333333333,1767.0,1.761363166666667
126.33333333333333,1767.0,1.704545
126.41666666666667,1786.0,1.704545
126.41666666666667,1819.0,1.761363166666667
126.5,1806.0,1.5340905
126.58333333333333,1771.0,1.5340905
126.58333333333333,1759.0,2.0454540000000003
126.66666666666667,1726.0,1.704545
126.66666666666667,1629.0,1.704545
126.75,1599.0,1.704545
126.83333333333333,1628.0,1.363636
126.83333333333333,1669.0,2.0454540000000003
126.91666666666667,1674.0,1.8749995000000002
126.91666666666667,1692.0,1.8749995000000002
127.0,1753.0,1.5340905
127.0,1808.0,1.5340905
127.08333333333333,1873.0,1.6477268333333333
127.16666666666667,1896.0,1.6477268333333333
127.16666666666667,1848.0,1.6477268333333333
127.25,1799.0,1.6477268333333333
127.25,1749.0,1.6477268333333333
127.33333333333333,1731.0,1.704545
127.41666666666667,1763.0,1.704545
127.41666666666667,1790.0,1.704545
127.41666666666667,1770.0,1.704545
127.41666666666667,1801.0,1.704545
127.5,1873.0,0.7954543333333334
127.5,1886.0,0.7954543333333334
127.58333333333333,1868.0,1.6477268333333333
127.66666666666667,1888.0,1.6477268333333333
127.66666666666667,1899.0,1.8181813333333334
127.75,1882.0,1.704545
127.75,1855.0,1.704545
127.83333333333333,1842.0,1.5909086666666667
127.91666666666667,1845.0,1.5909086666666667
127.91666666666667,1829.0,1.6477268333333333
128.0,1816.0,1.6477268333333333
128.0,1822.0,1.4772723333333333
128.08333333333334,1824.0,1.8749995000000002
128.08333333333334,1825.0,1.8749995000000002
128.16666666666666,1842.0,1.6477268333333333
128.25,1869.0,1.6477268333333333
128.25,1873.0,1.4772723333333333
128.33333333333334,1873.0,1.4772723333333333
128.33333333333334,1867.0,1.4772723333333333
128.41666666666666,1853.0,1.9886358333333334
128.41666666666666,1832.0,1.9886358333333334
128.41666666666666,1795.0,1.9886358333333334
128.41666666666666,1779.0,1.9886358333333334
128.5,1785.0,0.7386361666666666
128.5,1772.0,0.7386361666666666
128.58333333333334,1718.0,1.4204541666666668
128.66666666666666,1702.0,1.4204541666666668
128.66666666666666,1697.0,1.4772723333333333
128.75,1692.0,1.4772723333333333
128.75,1707.0,1.6477268333333333
128.83333333333334,1741.0,1.6477268333333333
128.83333333333334,1742.0,1.5340905
128.91666666666666,1745.0,1.5340905
128.91666666666666,1724.0,1.3068178333333333
129.0,1723.0,1.6477268333333333
129.0,1727.0,1.6477268333333333
129.0,1722.0,1.6477268333333333
129.0,1728.0,1.6477268333333333
129.08333333333334,1731.0,1.6477268333333333
129.08333333333334,1736.0,0.681818
129.16666666666666,1742.0,1.761363166666667
129.16666666666666,1737.0,1.761363166666667
129.25,1724.0,1.363636
129.25,1704.0,1.363636
129.33333333333334,1705.0,1.4772723333333333
129.33333333333334,1705.0,1.4772723333333333
129.41666666666666,1693.0,1.4204541666666668
129.5,1713.0,1.4204541666666668
129.5,1728.0,1.704545
129.58333333333334,1720.0,1.704545
129.58333333333334,1730.0,1.4772723333333333
129.58333333333334,1747.0,1.4772723333333333
129.66666666666666,1746.0,1.1363633333333334
129.75,1752.0,1.1363633333333334
129.75,1755.0,1.761363166666667
129.83333333333334,1764.0,1.761363166666667
129.83333333333334,1759.0,1.4772723333333333
129.91666666666666,1747.0,1.4772723333333333
129.91666666666666,1753.0,1.5909086666666667
129.91666666666666,1753.0,1.5909086666666667
130.0,1753.0,1.0795451666666667
130.08333333333334,1726.0,1.0795451666666667
130.08333333333334,1725.0,1.9318176666666669
130.08333333333334,1720.0,1.9318176666666669
130.16666666666666,1716.0,1.1363633333333334
130.25,1725.0,1.1363633333333334
130.25,1769.0,1.6477268333333333
130.25,1797.0,1.6477268333333333
130.25,1796.0,1.6477268333333333
130.25,1773.0,1.6477268333333333
130.33333333333334,1758.0,0.681818
130.33333333333334,1738.0,0.681818
130.33333333333334,1703.0,0.681818
130.33333333333334,1667.0,0.681818
130.41666666666666,1682.0,0.681818
130.41666666666666,1718.0,0.681818
130.41666666666666,1745.0,0.681818
130.41666666666666,1770.0,0.681818
130.41666666666666,1757.0,0.681818
130.41666666666666,1745.0,0.681818
130.5,1748.0,0.45454533333333336
130.5,1733.0,0.45454533333333336
130.5,1728.0,0.45454533333333336
130.58333333333334,1749.0,1.0795451666666667
130.58333333333334,1770.0,1.0795451666666667
130.66666666666666,1814.0,1.3068178333333333
130.75,1833.0,1.3068178333333333
130.75,1845.0,1.6477268333333333
130.75,1840.0,1.6477268333333333
130.83333333333334,1822.0,1.1363633333333334
130.83333333333334,1808.0,1.1363633333333334
130.91666666666666,1803.0,1.4204541666666668
130.91666666666666,1798.0,1.4204541666666668
131.0,1807.0,1.4204541666666668
131.0,1826.0,1.1931815000000001
131.08333333333334,1843.0,1.1931815000000001
131.08333333333334,1846.0,1.4772723333333333
131.08333333333334,1835.0,1.4772723333333333
131.16666666666666,1824.0,1.1363633333333334
131.16666666666666,1807.0,1.1363633333333334
131.16666666666666,1791.0,1.1363633333333334
131.16666666666666,1785.0,1.1363633333333334
131.16666666666666,1785.0,1.1363633333333334
131.16666666666666,1786.0,1.1363633333333334
131.16666666666666,1786.0,1.1363633333333334
131.16666666666666,1782.0,1.1363633333333334
131.16666666666666,1780.0,1.1363633333333334
131.16666666666666,1782.0,1.1363633333333334
131.25,1760.0,1.1363633333333334
131.25,1744.0,0.28409083333333335
131.25,1747.0,0.28409083333333335
131.25,1736.0,0.28409083333333335
131.25,1727.0,0.28409083333333335
131.25,1730.0,0.28409083333333335
131.25,1737.0,0.28409083333333335
131.25,1738.0,0.28409083333333335
131.25,1737.0,0.28409083333333335
131.33333333333334,1716.0,0.340909
131.33333333333334,1696.0,0.340909
131.33333333333334,1636.0,0.340909
131.33333333333334,1611.0,0.340909
131.33333333333334,1646.0,0.340909
131.41666666666666,1648.0,0.5681816666666667
131.41666666666666,1646.0,0.5681816666666667
131.5,1662.0,0.5681816666666667
131.5,1632.0,1.1363633333333334
131.58333333333334,1629.0,1.1363633333333334
131.58333333333334,1626.0,1.1931815000000001
131.58333333333334,1640.0,1.1931815000000001
131.66666666666666,1687.0,1.1931815000000001
131.66666666666666,1687.0,1.1931815000000001
131.75,1684.0,1.1931815000000001
131.75,1672.0,1.1931815000000001
131.83333333333334,1667.0,1.1931815000000001
131.83333333333334,1686.0,1.3068178333333333
131.83333333333334,1707.0,1.3068178333333333
131.91666666666666,1714.0,1.1363633333333334
131.91666666666666,1731.0,1.1363633333333334
132.0,1679.0,1.1363633333333334
132.0,1622.0,1.1931815000000001
132.08333333333334,1593.0,1.1931815000000001
132.08333333333334,1501.0,1.2499996666666666
132.08333333333334,1450.0,1.2499996666666666
132.16666666666666,1452.0,1.2499996666666666
132.16666666666666,1451.0,1.0227270000000002
132.16666666666666,1451.0,1.0227270000000002
132.25,1472.0,1.1931815000000001
132.25,1506.0,1.1931815000000001
132.33333333333334,1534.0,1.1931815000000001
132.33333333333334,1574.0,1.1363633333333334
132.33333333333334,1567.0,1.1363633333333334
132.41666666666666,1552.0,1.0795451666666667
132.41666666666666,1535.0,1.0795451666666667
132.41666666666666,1513.0,1.0795451666666667
132.5,1513.0,0.9090906666666667
132.5,1517.0,0.9090906666666667
132.5,1499.0,0.9090906666666667
132.5,1483.0,0.9090906666666667
132.5,1477.0,0.9090906666666667
132.58333333333334,1479.0,0.9090906666666667
132.58333333333334,1576.0,0.5113635000000001
132.58333333333334,1602.0,0.5113635000000001
132.66666666666666,1602.0,1.1931815000000001
132.66666666666666,1601.0,1.1931815000000001
132.66666666666666,1584.0,1.1931815000000001
132.75,1559.0,0.9659088333333334
132.75,1526.0,0.9659088333333334
132.83333333333334,1486.0,0.9659088333333334
132.83333333333334,1454.0,0.9659088333333334
132.83333333333334,1424.0,0.9659088333333334
132.91666666666666,1451.0,0.9659088333333334
132.91666666666666,1486.0,0.9090906666666667
132.91666666666666,1520.0,0.9090906666666667
133.0,1549.0,0.9090906666666667
133.0,1563.0,1.1363633333333334
133.0,1562.0,1.1363633333333334
133.0,1563.0,1.1363633333333334
133.0,1507.0,1.1363633333333334
133.0,1449.0,1.1363633333333334
133.08333333333334,1467.0,0.5113635000000001
133.08333333333334,1484.0,0.5113635000000001
133.08333333333334,1504.0,0.5113635000000001
133.16666666666666,1569.0,1.0227270000000002
133.16666666666666,1561.0,1.0227270000000002
133.25,1551.0,1.0227270000000002
133.25,1551.0,1.0227270000000002
133.25,1556.0,1.0227270000000002
133.33333333333334,1556.0,1.1363633333333334
133.33333333333334,1546.0,1.1363633333333334
133.33333333333334,1496.0,1.1363633333333334
133.41666666666666,1483.0,1.0227270000000002
133.41666666666666,1496.0,1.0227270000000002
133.5,1451.0,1.0227270000000002
133.5,1473.0,1.0227270000000002
133.5,1497.0,1.0227270000000002
133.5,1480.0,1.0227270000000002
133.5,1547.0,1.0227270000000002
133.5,1576.0,1.0227270000000002
133.58333333333334,1584.0,0.5113635000000001
133.58333333333334,1622.0,0.5113635000000001
133.66666666666666,1614.0,1.1931815000000001
133.66666666666666,1599.0,1.1931815000000001
133.66666666666666,1599.0,1.1931815000000001
133.75,1573.0,0.9659088333333334
133.75,1558.0,0.9659088333333334
133.83333333333334,1555.0,0.9659088333333334
133.83333333333334,1542.0,1.1363633333333334
133.83333333333334,1550.0,1.1363633333333334
133.83333333333334,1562.0,1.1363633333333334
133.83333333333334,1552.0,1.1363633333333334
133.83333333333334,1536.0,1.1363633333333334
133.83333333333334,1509.0,1.1363633333333334
133.83333333333334,1501.0,1.1363633333333334
133.83333333333334,1496.0,1.1363633333333334
133.91666666666666,1430.0,0.340909
133.91666666666666,1428.0,0.340909
134.0,1466.0,1.2499996666666666
134.0,1449.0,1.2499996666666666
134.0,1478.0,1.2499996666666666
134.0,1509.0,1.2499996666666666
134.0,1531.0,1.2499996666666666
134.08333333333334,1558.0,1.2499996666666666
134.08333333333334,1555.0,0.5113635000000001
134.08333333333334,1551.0,0.5113635000000001
134.08333333333334,1550.0,0.5113635000000001
134.08333333333334,1521.0,0.5113635000000001
134.08333333333334,1512.0,0.5113635000000001
134.16666666666666,1520.0,0.5113635000000001
134.16666666666666,1498.0,0.45454533333333336
134.16666666666666,1498.0,0.45454533333333336
134.16666666666666,1498.0,0.45454533333333336
134.16666666666666,1511.0,0.45454533333333336
134.16666666666666,1542.0,0.45454533333333336
134.25,1561.0,0.45454533333333336
134.25,1565.0,0.5113635000000001
134.25,1564.0,0.5113635000000001
134.25,1569.0,0.5113635000000001
134.25,1569.0,0.5113635000000001
134.25,1574.0,0.5113635000000001
134.25,1572.0,0.5113635000000001
134.25,1548.0,0.5113635000000001
134.25,1520.0,0.5113635000000001
134.25,1509.0,0.5113635000000001
134.25,1512.0,0.5113635000000001
134.25,1512.0,0.5113635000000001
134.25,1525.0,0.5113635000000001
134.25,1545.0,0.5113635000000001
134.25,1580.0,0.5113635000000001
134.25,1593.0,0.5113635000000001
134.25,1585.0,0.5113635000000001
134.25,1553.0,0.5113635000000001
134.25,1541.0,0.5113635000000001
134.33333333333334,1535.0,0.5113635000000001
134.33333333333334,1512.0,0.1704545
134.33333333333334,1527.0,0.1704545
134.33333333333334,1561.0,0.1704545
134.41666666666666,1570.0,0.7954543333333334
134.41666666666666,1596.0,0.7954543333333334
134.5,1620.0,0.7954543333333334
134.5,1711.0,1.0227270000000002
134.5,1751.0,1.0227270000000002
134.5,1742.0,1.0227270000000002
134.58333333333334,1716.0,0.7954543333333334
134.58333333333334,1759.0,0.7954543333333334
134.58333333333334,1741.0,0.7954543333333334
134.66666666666666,1714.0,0.7954543333333334
134.66666666666666,1718.0,0.8522725
134.66666666666666,1683.0,0.8522725
134.66666666666666,1637.0,0.8522725
134.75,1635.0,0.7954543333333334
134.75,1646.0,0.7954543333333334
134.75,1665.0,0.7954543333333334
134.75,1695.0,0.7954543333333334
134.83333333333334,1695.0,0.7954543333333334
134.83333333333334,1737.0,0.7954543333333334
134.83333333333334,1766.0,0.7954543333333334
134.83333333333334,1768.0,0.7954543333333334
134.83333333333334,1771.0,0.7954543333333334
134.83333333333334,1738.0,0.7954543333333334
134.83333333333334,1697.0,0.7954543333333334
134.83333333333334,1658.0,0.7954543333333334
134.83333333333334,1637.0,0.7954543333333334
134.91666666666666,1691.0,0.28409083333333335
134.91666666666666,1721.0,0.28409083333333335
134.91666666666666,1694.0,0.28409083333333335
134.91666666666666,1677.0,0.28409083333333335
134.91666666666666,1668.0,0.28409083333333335
135.0,1660.0,0.5681816666666667
135.0,1651.0,0.5681816666666667
135.0,1644.0,0.5681816666666667
135.0,1629.0,0.5681816666666667
135.0,1601.0,0.5681816666666667
135.08333333333334,1585.0,0.5681816666666667
135.08333333333334,1587.0,0.5681816666666667
135.08333333333334,1616.0,0.5681816666666667
135.08333333333334,1637.0,0.5681816666666667
135.08333333333334,1644.0,0.5681816666666667
135.08333333333334,1652.0,0.5681816666666667
135.08333333333334,1659.0,0.5681816666666667
135.08333333333334,1648.0,0.5681816666666667
135.08333333333334,1646.0,0.5681816666666667
135.08333333333334,1594.0,0.5681816666666667
135.08333333333334,1570.0,0.5681816666666667
135.16666666666666,1568.0,0.5681816666666667
135.16666666666666,1578.0,0.22727266666666668
135.16666666666666,1601.0,0.22727266666666668
135.16666666666666,1644.0,0.22727266666666668
135.16666666666666,1669.0,0.22727266666666668
135.16666666666666,1649.0,0.22727266666666668
135.16666666666666,1653.0,0.22727266666666668
135.16666666666666,1672.0,0.22727266666666668
135.25,1660.0,0.3977271666666667
135.25,1620.0,0.3977271666666667
135.25,1620.0,0.3977271666666667
135.25,1620.0,0.3977271666666667
135.25,1620.0,0.3977271666666667
135.25,1618.0,0.3977271666666667
135.25,1617.0,0.3977271666666667
135.25,1628.0,0.3977271666666667
135.25,1632.0,0.3977271666666667
135.25,1633.0,0.3977271666666667
135.25,1638.0,0.3977271666666667
135.33333333333334,1665.0,0.3977271666666667
135.33333333333334,1674.0,0.22727266666666668
135.33333333333334,1678.0,0.22727266666666668
135.33333333333334,1678.0,0.22727266666666668
135.33333333333334,1675.0,0.22727266666666668
135.33333333333334,1682.0,0.22727266666666668
135.33333333333334,1672.0,0.22727266666666668
135.33333333333334,1672.0,0.22727266666666668
135.33333333333334,1676.0,0.22727266666666668
135.33333333333334,1697.0,0.22727266666666668
135.33333333333334,1725.0,0.22727266666666668
135.33333333333334,1754.0,0.22727266666666668
135.33333333333334,1806.0,0.22727266666666668
135.33333333333334,1787.0,0.22727266666666668
135.33333333333334,1726.0,0.22727266666666668
135.33333333333334,1697.0,0.22727266666666668
135.33333333333334,1695.0,0.22727266666666668
135.33333333333334,1706.0,0.22727266666666668
135.33333333333334,1726.0,0.22727266666666668
135.33333333333334,1748.0,0.22727266666666668
135.33333333333334,1771.0,0.22727266666666668
135.33333333333334,1771.0,0.22727266666666668
135.33333333333334,1846.0,0.22727266666666668
135.33333333333334,1899.0,0.22727266666666668
135.33333333333334,1897.0,0.22727266666666668
135.33333333333334,1870.0,0.22727266666666668
135.33333333333334,1861.0,0.22727266666666668
135.33333333333334,1858.0,0.22727266666666668
135.33333333333334,1849.0,0.22727266666666668
135.33333333333334,1873.0,0.22727266666666668
135.33333333333334,1895.0,0.22727266666666668
135.33333333333334,1951.0,0.22727266666666668
135.33333333333334,1971.0,0.22727266666666668
135.33333333333334,2001.0,0.22727266666666668
135.33333333333334,2049.0,0.22727266666666668
135.33333333333334,2059.0,0.22727266666666668
135.33333333333334,2059.0,0.22727266666666668
135.33333333333334,2131.0,0.22727266666666668
135.33333333333334,2179.0,0.22727266666666668
135.33333333333334,2133.0,0.22727266666666668
135.33333333333334,2027.0,0.22727266666666668
135.33333333333334,2017.0,0.22727266666666668
135.33333333333334,2062.0,0.22727266666666668
135.33333333333334,2106.0,0.22727266666666668
135.33333333333334,2149.0,0.22727266666666668
135.33333333333334,2234.0,0.22727266666666668
135.33333333333334,2159.0,0.22727266666666668
135.33333333333334,1794.0,0.22727266666666668
135.33333333333334,1539.0,0.22727266666666668
135.33333333333334,1039.0,0.22727266666666668
135.33333333333334,1008.0,0.22727266666666668
135.33333333333334,1009.0,0.0
135.33333333333334,987.0,0.0
135.33333333333334,975.0,0.0
135.33333333333334,1001.0,0.0
135.33333333333334,1016.0,0.0
135.33333333333334,1009.0,0.0
135.33333333333334,908.0,0.0
135.33333333333334,572.0,0.0
135.33333333333334,364.0,0.0
135.33333333333334,232.0,0.0
135.33333333333334,146.0,0.0
135.33333333333334,108.0,0.0
135.33333333333334,109.0,0.0
135.33333333333334,163.0,0.0
135.33333333333334,202.0,0.0
135.33333333333334,221.0,0.0
135.33333333333334,220.0,0.0
135.33333333333334,219.0,0.0
135.33333333333334,225.0,0.0
135.33333333333334,226.0,0.0
135.33333333333334,206.0,0.0
135.33333333333334,188.0,0.0
135.33333333333334,181.0,0.0
135.33333333333334,178.0,0.0
135.33333333333334,171.0,0.0
135.33333333333334,158.0,0.0
135.33333333333334,157.0,0.0
135.33333333333334,149.0,0.0
135.33333333333334,149.0,0.0
135.33333333333334,142.0,0.0
135.33333333333334,134.0,0.0
135.33333333333334,129.0,0.0
135.33333333333334,130.0,0.0
135.33333333333334,136.0,0.0
135.33333333333334,148.0,0.0
135.33333333333334,154.0,0.0
135.33333333333334,153.0,0.0
135.33333333333334,151.0,0.0
135.33333333333334,150.0,0.0
135.33333333333334,145.0,0.0
135.33333333333334,145.0,0.0
135.33333333333334,144.0,0.0
135.33333333333334,145.0,0.0
135.33333333333334,147.0,0.0
135.33333333333334,151.0,0.0
135.33333333333334,153.0,0.0
135.33333333333334,153.0,0.0
135.33333333333334,154.0,0.0
135.33333333333334,157.0,0.0
135.33333333333334,158.0,0.0
135.33333333333334,159.0,0.0
135.33333333333334,158.0,0.0
135.33333333333334,156.0,0.0
135.33333333333334,155.0,0.0
135.33333333333334,153.0,0.0
135.33333333333334,153.0,0.0
135.33333333333334,152.0,0.0
135.33333333333334,149.0,0.0
135.33333333333334,147.0,0.0
135.33333333333334,146.0,0.0
135.33333333333334,145.0,0.0
135.33333333333334,150.0,0.0
135.33333333333334,152.0,0.0
135.33333333333334,154.0,0.0
135.33333333333334,157.0,0.0
135.33333333333334,156.0,0.0
135.33333333333334,151.0,0.0
135.33333333333334,148.0,0.0
135.33333333333334,141.0,0.0
135.33333333333334,140.0,0.0
135.33333333333334,140.0,0.0
135.33333333333334,137.0,0.0
135.33333333333334,139.0,0.0
135.33333333333334,142.0,0.0
135.33333333333334,147.0,0.0
135.33333333333334,152.0,0.0
135.33333333333334,152.0,0.0
135.33333333333334,151.0,0.0
135.33333333333334,150.0,0.0
135.33333333333334,149.0,0.0
135.33333333333334,146.0,0.0
135.33333333333334,144.0,0.0
135.33333333333334,145.0,0.0
135.33333333333334,146.0,0.0
135.33333333333334,145.0,0.0
135.33333333333334,147.0,0.0
135.33333333333334,148.0,0.0
135.33333333333334,148.0,0.0
135.33333333333334,145.0,0.0
135.33333333333334,144.0,0.0
135.33333333333334,144.0,0.0
135.33333333333334,146.0,0.0
135.33333333333334,146.0,0.0
135.33333333333334,150.0,0.0
135.33333333333334,150.0,0.0
135.33333333333334,149.0,0.0
135.33333333333334,148.0,0.0
135.33333333333334,148.0,0.0
135.33333333333334,147.0,0.0
135.33333333333334,147.0,0.0
135.33333333333334,147.0,0.0
135.33333333333334,150.0,0.0
135.33333333333334,150.0,0.0
135.33333333333334,149.0,0.0
135.33333333333334,150.0,0.0
135.33333333333334,149.0,0.0
135.33333333333334,148.0,0.0
135.33333333333334,147.0,0.0
135.33333333333334,148.0,0.0
135.33333333333334,147.0,0.0
135.33333333333334,149.0,0.0
135.33333333333334,147.0,0.0
135.33333333333334,147.0,0.0
135.33333333333334,147.0,0.0
135.33333333333334,146.0,0.0
135.33333333333334,148.0,0.0
135.33333333333334,147.0,0.0
135.33333333333334,145.0,0.0
135.33333333333334,146.0,0.0
135.33333333333334,147.0,0.0
135.33333333333334,146.0,0.0
135.33333333333334,146.0,0.0
135.33333333333334,146.0,0.0
135.33333333333334,146.0,0.0
135.33333333333334,146.0,0.0
135.33333333333334,146.0,0.0
135.33333333333334,147.0,0.0
135.33333333333334,146.0,0.0
135.33333333333334,146.0,0.0
135.33333333333334,143.0,0.0
135.33333333333334,144.0,0.0
135.33333333333334,142.0,0.0
135.33333333333334,141.0,0.0
135.33333333333334,142.0,0.0
135.33333333333334,146.0,0.0
135.33333333333334,148.0,0.0
135.33333333333334,155.0,0.0
135.33333333333334,162.0,0.0
135.33333333333334,164.0,0.0
