0.0,0.0,0.0
0.0,0.0,0.0
0.0,0.0,0.0
0.0,0.0,0.0
0.0,0.0,0.0
0.0,0.0,0.0
0.0,0.0,0.0
0.0,0.0,0.0
0.0,0.0,0.0
0.0,0.0,0.0
0.0,0.0,0.0
0.0,0.0,0.0
0.0,0.0,0.0
0.0,0.0,0.0
0.0,0.0,0.0
0.0,0.0,0.0
0.0,0.0,0.0
0.0,0.0,0.0
0.0,0.0,0.0
0.0,0.0,0.0
0.0,0.0,0.0
0.0,0.0,0.0
0.0,0.0,0.0
0.0,0.0,0.0
0.0,0.0,0.0
0.0,0.0,0.0
0.0,0.0,0.0
0.0,0.0,0.0
0.0,0.0,0.0
0.0,0.0,0.0
0.0,0.0,0.0
0.0,0.0,0.0
0.0,0.0,0.0
0.0,0.0,0.0
0.0,0.0,0.0
0.0,0.0,0.0
0.0,0.0,0.0
0.0,0.0,0.0
0.0,0.0,0.0
0.0,0.0,0.0
0.0,0.0,0.0
0.0,0.0,0.0
0.0,0.0,0.0
0.0,0.0,0.0
0.0,0.0,0.0
0.0,0.0,0.0
0.0,0.0,0.0
0.0,0.0,0.0
0.0,0.0,0.0
0.0,0.0,0.0
0.0,0.0,0.0
0.0,0.0,0.0
0.0,0.0,0.0
0.0,0.0,0.0
0.0,0.0,0.0
0.0,0.0,0.0
0.0,0.0,0.0
0.0,0.0,0.0
0.0,0.0,0.0
0.0,0.0,0.0
0.0,0.0,0.0
0.0,0.0,0.0
0.0,0.0,0.0
0.0,0.0,0.0
0.0,0.0,0.0
0.0,0.0,0.0
0.0,0.0,0.0
0.0,0.0,0.0
0.0,0.0,0.0
0.0,0.0,0.0
0.0,0.0,0.0
0.0,0.0,0.0
0.0,0.0,0.0
0.0,0.0,0.0
0.0,0.0,0.0
0.0,0.0,0.0
0.0,0.0,0.0
0.0,0.0,0.0
0.0,0.0,0.0
0.0,0.0,0.0
0.0,0.0,0.0
0.0,0.0,0.0
0.0,0.0,0.0
0.0,0.0,0.0
0.0,0.0,0.0
0.0,0.0,0.0
0.0,0.0,0.0
0.0,0.0,0.0
0.0,0.0,0.0
0.0,0.0,0.0
0.0,0.0,0.0
0.0,0.0,0.0
0.0,0.0,0.0
0.0,0.0,0.0
0.0,0.0,0.0
0.0,0.0,0.0
0.0,0.0,0.0
0.0,0.0,0.0
0.0,0.0,0.0
0.0,0.0,0.0
0.0,0.0,0.0
0.0,0.0,0.0
0.0,0.0,0.0
0.0,0.0,0.0
0.0,0.0,0.0
0.0,0.0,0.0
0.0,0.0,0.0
0.0,0.0,0.0
0.0,0.0,0.0
0.0,0.0,0.0
0.0,0.0,0.0
0.0,0.0,0.0
0.0,0.0,0.0
0.0,0.0,0.0
0.0,0.0,0.0
0.0,0.0,0.0
0.0,0.0,0.0
0.0,0.0,0.0
0.0,0.0,0.0
0.0,0.0,0.0
0.0,0.0,0.0
0.0,0.0,0.0
0.0,0.0,0.0
0.0,0.0,0.0
0.0,0.0,0.0
0.0,0.0,0.0
0.0,0.0,0.0
0.0,0.0,0.0
0.0,0.0,0.0
0.0,0.0,0.0
0.0,0.0,0.0
0.0,0.0,0.0
0.0,0.0,0.0
0.0,0.0,0.0
0.0,0.0,0.0
0.0,0.0,0.0
0.0,0.0,0.0
0.0,0.0,0.0
0.0,150.0,0.0
0.0,1506.0,0.0
0.0,1525.0,0.0
0.0,1370.0,0.0
0.0,1138.0,0.0
0.0,1208.0,0.0
0.0,1079.0,0.0
0.0,989.0,0.0
0.0,972.0,0.0
0.0,823.0,0.0
0.0,764.0,0.0
0.0,749.0,0.0
0.0,716.0,0.0
0.0,690.0,0.0
0.0,699.0,0.0
0.0,708.0,0.0
0.0,707.0,0.0
0.0,743.0,0.0
0.0,883.0,0.0
0.0,915.0,0.0
0.0,913.0,0.0
0.0,890.0,0.0
0.0,855.0,0.0
0.0,821.0,0.0
0.0,794.0,0.0
0.0,781.0,0.0
0.0,805.0,0.0
0.0,805.0,0.0
0.0,857.0,0.0
0.0,856.0,0.0
0.0,838.0,0.0
0.0,839.0,0.0
0.0,917.0,0.0
0.0,912.0,0.0
0.0,866.0,0.0
0.0,835.0,0.0
0.0,864.0,0.0
0.0,900.0,0.0
0.0,856.0,0.0
0.0,816.0,0.0
0.0,819.0,0.0
0.0,875.0,0.0
0.0,860.0,0.0
0.0,845.0,0.0
0.0,840.0,0.0
0.0,842.0,0.0
0.0,840.0,0.0
0.0,839.0,0.0
0.0,843.0,0.0
0.0,841.0,0.0
0.0,815.0,0.0
0.0,790.0,0.0
0.0,769.0,0.0
0.0,758.0,0.0
0.0,743.0,0.0
0.0,726.0,0.0
0.0,723.0,0.0
0.0,720.0,0.0
0.0,720.0,0.0
0.0,716.0,0.0
0.0,709.0,0.0
0.0,707.0,0.0
0.0,707.0,0.0
0.0,708.0,0.0
0.0,713.0,0.0
0.0,710.0,0.0
0.0,712.0,0.0
0.0,720.0,0.0
0.0,735.0,0.0
0.0,769.0,0.0
0.0,769.0,0.0
0.0,798.0,0.0
0.0,811.0,0.0
0.0,838.0,0.0
0.0,903.0,0.0
0.0,938.0,0.0
0.0,957.0,0.0
0.0,943.0,0.0
0.0,948.0,0.0
0.0,953.0,0.0
0.0,958.0,0.0
0.0,971.0,0.0
0.0,977.0,0.0
0.0,980.0,0.0
0.0,981.0,0.0
0.0,981.0,0.0
0.0,992.0,0.0
0.0,992.0,0.0
0.0,1006.0,0.0
0.0,1029.0,0.0
0.0,1064.0,0.0
0.0,1076.0,0.0
0.0,1088.0,0.0
0.0,1100.0,0.0
0.0,1129.0,0.0
0.0,1156.0,0.0
0.0,1169.0,0.0
0.0,1175.0,0.0
0.0,1180.0,0.0
0.0,1185.0,0.0
0.0,1188.0,0.0
0.0,1189.0,0.0
0.0,1197.0,0.0
0.0,1213.0,0.0
0.0,1237.0,0.0
0.0,1294.0,0.0
0.0,1340.0,0.0
0.0,1356.0,0.0
0.0,1326.0,0.0
0.0,1308.0,0.0
0.0,1296.0,0.0
0.0,1282.0,0.0
0.0,1282.0,0.0
0.0,1296.0,0.0
0.0,1298.0,0.0
0.0,1328.0,0.0
0.0,1328.0,0.0
0.0,1354.0,0.0
0.0,1439.0,0.0
0.0,1484.0,0.0
0.0,1536.0,0.0
0.0,1657.0,0.0
0.0,1868.0,0.0
0.0,1936.0,0.0
0.0,1969.0,0.0
0.0,1931.0,0.0
0.0,1901.0,0.0
0.0,1868.0,0.0
0.0,1864.0,0.0
0.0,1857.0,0.0
0.0,1855.0,0.0
0.0,1825.0,0.0
0.0,1741.0,0.0
0.0,1729.0,0.0
0.0,1750.0,0.0
0.0,1619.0,0.0
0.0,1580.0,0.0
0.0,1552.0,0.0
0.0,1613.0,0.0
0.0,1824.0,0.0
0.0,1978.0,0.28409083333333335
0.0,2046.0,0.28409083333333335
0.0,2174.0,0.28409083333333335
0.0,2163.0,0.28409083333333335
0.0,2059.0,0.28409083333333335
0.0,1957.0,0.28409083333333335
0.0,1884.0,0.28409083333333335
0.0,1896.0,0.28409083333333335
0.0,1845.0,0.28409083333333335
0.0,1819.0,0.28409083333333335
0.0,1781.0,0.28409083333333335
0.0,1715.0,0.28409083333333335
0.0,1787.0,0.28409083333333335
0.0,1958.0,0.28409083333333335
0.0,2035.0,0.28409083333333335
0.0,2035.0,0.28409083333333335
0.0,2222.0,0.28409083333333335
0.0,2284.0,0.1704545
0.0,2273.0,0.1704545
0.0,2041.0,0.1704545
0.0,1891.0,0.1704545
0.0,1863.0,0.1704545
0.0,1753.0,0.1704545
0.0,1767.0,0.1704545
0.0,1864.0,0.1704545
0.0,1938.0,0.3977271666666667
0.0,2111.0,0.3977271666666667
0.0,2420.0,0.3977271666666667
0.0,2301.0,0.3977271666666667
0.0,2063.0,0.3977271666666667
0.0,1853.0,0.3977271666666667
0.0,1838.0,0.3977271666666667
0.0,1845.0,0.3977271666666667
0.0,1670.0,0.3977271666666667
0.0,1694.0,0.3977271666666667
0.0,1832.0,0.3977271666666667
0.0,2196.0,0.3977271666666667
0.0,2325.0,0.3977271666666667
0.0,2290.0,0.45454533333333336
0.0,2115.0,0.45454533333333336
0.0,1736.0,0.45454533333333336
0.0,1616.0,0.45454533333333336
0.0,1528.0,0.45454533333333336
0.0,1537.0,0.5113635000000001
0.0,1782.0,0.5113635000000001
0.0,2030.0,0.5113635000000001
0.0,2035.0,0.5113635000000001
0.0,2000.0,0.5113635000000001
0.0,1819.0,0.5681816666666667
0.0,1953.0,0.5681816666666667
0.0,2102.0,0.5681816666666667
0.0,2082.0,0.5681816666666667
0.0,2047.0,0.5681816666666667
0.0,1839.0,0.5681816666666667
0.0,1650.0,0.5681816666666667
0.0,1714.0,0.5681816666666667
0.0,1898.0,0.5681816666666667
0.0,2027.0,0.5681816666666667
0.0,2027.0,0.5681816666666667
0.0,2001.0,0.5681816666666667
0.0,1920.0,0.5681816666666667
0.0,1921.0,0.5681816666666667
0.0,1975.0,0.5681816666666667
0.0,2108.0,0.5681816666666667
0.0,2035.0,0.5681816666666667
0.0,1745.0,0.5681816666666667
0.0,1498.0,0.5681816666666667
0.0,1679.0,0.5681816666666667
0.0,1969.0,0.5681816666666667
0.0,1997.0,0.5681816666666667
0.0,1959.0,0.5681816666666667
0.0,1969.0,0.5681816666666667
0.0,2149.0,0.5681816666666667
0.0,2157.0,0.5681816666666667
0.0,2141.0,0.11363633333333334
0.0,2142.0,0.11363633333333334
0.0,2102.0,0.11363633333333334
0.0,1880.0,0.11363633333333334
0.0,1770.0,0.11363633333333334
0.0,1875.0,0.11363633333333334
0.0,1991.0,0.45454533333333336
0.0,1890.0,0.45454533333333336
0.0,1891.0,0.45454533333333336
0.0,1984.0,1.0227270000000002
0.0,2109.0,1.0227270000000002
0.0,2140.0,1.0227270000000002
0.0,2177.0,1.0227270000000002
0.0,2204.0,1.0227270000000002
0.0,2185.0,1.0227270000000002
0.0,2238.0,1.0227270000000002
0.0,2334.0,1.0227270000000002
0.0,2349.0,1.0227270000000002
0.0,2225.0,1.0227270000000002
0.0,2126.0,1.0227270000000002
0.0,2243.0,1.0227270000000002
0.0,2266.0,1.0227270000000002
0.0,2264.0,1.0227270000000002
0.0,2177.0,1.0227270000000002
0.0,2148.0,1.0227270000000002
0.0,2187.0,1.0227270000000002
0.0,2187.0,0.1704545
0.0,2173.0,0.1704545
0.0,2166.0,0.1704545
0.0,2161.0,0.1704545
0.0,2114.0,0.7954543333333334
0.0,1989.0,0.7954543333333334
0.0,1941.0,1.4772723333333333
0.0,1944.0,1.6477268333333333
0.0,1950.0,1.6477268333333333
0.0,2045.0,1.8749995000000002
0.0,2089.0,1.9318176666666669
0.0,2036.0,1.9318176666666669
0.0,2024.0,1.9318176666666669
0.0,2049.0,1.9318176666666669
0.0,2021.0,1.9318176666666669
0.0,2030.0,1.9318176666666669
0.0,2086.0,0.5113635000000001
0.0,2126.0,2.3295448333333333
0.0,2190.0,2.3295448333333333
0.0,2230.0,2.3295448333333333
0.0,2248.0,2.3295448333333333
0.0,2335.0,0.681818
0.0,2320.0,2.5568175
0.0,2249.0,2.727272
0.0,2217.0,2.3863630000000002
0.0,2210.0,2.4431811666666667
0.0,2142.0,2.4431811666666667
0.0,2104.0,2.4431811666666667
0.0,2113.0,1.2499996666666666
0.0,2149.0,2.6136356666666667
0.0,2155.0,2.3863630000000002
0.0,2154.0,2.3863630000000002
0.0,2127.0,1.3068178333333333
0.0,2107.0,1.3068178333333333
0.0,2079.0,1.4772723333333333
0.0,2015.0,2.6136356666666667
0.0,2005.0,2.8977265
0.0,1999.0,2.7840901666666666
0.0,1973.0,2.6136356666666667
0.0,1892.0,3.1249991666666666
0.0,1864.0,3.2954536666666665
0.0,1873.0,2.4431811666666667
0.0,1875.0,3.352271833333334
0.0,1875.0,2.727272
0.0,1758.0,2.727272
0.0,1736.0,1.4772723333333333
0.0,1737.0,2.9545446666666666
0.0,1750.0,2.9545446666666666
0.0,1766.0,3.1818173333333335
0.0,1789.0,3.1818173333333335
0.0,1799.0,3.1818173333333335
0.0,1809.0,3.5795445000000004
0.0,1823.0,3.5795445000000004
0.0,1816.0,3.5795445000000004
0.0,1776.0,4.147726166666667
0.0,1741.0,3.1818173333333335
0.0,1719.0,3.2954536666666665
0.0,1658.0,1.5909086666666667
0.0,1640.0,1.5909086666666667
0.0,1627.0,1.8181813333333334
0.0,1628.0,3.40909
0.0,1601.0,3.9204535000000003
0.0,1572.0,2.9545446666666666
0.0,1517.0,3.40909
0.0,1477.0,4.659089666666667
0.0,1440.0,1.8181813333333334
0.0,1382.0,3.693180833333334
0.0,1360.0,3.7499990000000003
0.0,1332.0,3.693180833333334
0.0,1294.0,3.693180833333334
0.0,1255.0,4.034089833333334
0.0,1189.0,3.8636353333333338
0.0,1117.0,3.8636353333333338
0.0,1070.0,3.806817166666667
0.0,1068.0,3.8636353333333338
0.0,934.0,4.147726166666667
0.0,846.0,4.374998833333334
0.0,766.0,3.636362666666667
0.0,707.0,3.636362666666667
0.0,669.0,3.636362666666667
0.0,653.0,1.1931815000000001
0.0,647.0,1.9886358333333334
0.0,663.0,3.9772716666666668
0.0,682.0,3.9772716666666668
0.0,716.0,3.9772716666666668
0.0,712.0,1.2499996666666666
0.0,712.0,1.2499996666666666
0.0,689.0,4.034089833333334
0.0,653.0,4.034089833333334
0.0,571.0,4.545453333333334
0.0,534.0,3.636362666666667
0.0,541.0,3.5795445000000004
0.0,516.0,3.5795445000000004
0.0,443.0,4.318180666666667
0.0,438.0,4.034089833333334
0.0,613.0,3.522726333333334
0.0,686.0,4.374998833333334
0.0,712.0,4.374998833333334
0.0,943.0,1.8181813333333334
0.0,932.0,1.8181813333333334
0.0,803.0,1.8181813333333334
0.0,740.0,0.9090906666666667
0.0,774.0,3.2386355
0.0,682.0,4.034089833333334
0.0,645.0,4.034089833333334
0.0,753.0,3.693180833333334
0.0,748.0,3.7499990000000003
0.0,667.0,3.7499990000000003
0.0,725.0,3.7499990000000003
0.0,681.0,3.9204535000000003
0.0,722.0,1.761363166666667
0.0,891.0,3.5795445000000004
0.0,877.0,3.5795445000000004
0.0,915.0,2.8977265
0.0,935.0,3.522726333333334
0.0,946.0,3.522726333333334
0.0,956.0,3.522726333333334
0.0,1063.0,3.5795445000000004
0.0,1091.0,1.761363166666667
0.0,1047.0,3.7499990000000003
0.0,1018.0,3.806817166666667
0.0,1017.0,4.147726166666667
0.0,1035.0,4.147726166666667
0.0,1041.0,4.034089833333334
0.0,995.0,3.522726333333334
0.0,1020.0,3.636362666666667
0.0,1035.0,3.522726333333334
0.0,1053.0,3.2954536666666665
0.0,1053.0,3.4659081666666665
0.0,1081.0,3.4659081666666665
0.0,1039.0,3.4659081666666665
0.0,1040.0,3.8636353333333338
0.0,1047.0,3.4659081666666665
0.0,1062.0,3.522726333333334
0.0,1097.0,3.5795445000000004
0.0,1099.0,3.636362666666667
0.0,1098.0,3.636362666666667
0.0,1125.0,3.636362666666667
0.0,1162.0,3.522726333333334
0.0,1161.0,3.7499990000000003
0.0,1155.0,3.522726333333334
0.0,1140.0,3.522726333333334
0.0,1110.0,3.636362666666667
0.0,1066.0,3.806817166666667
0.0,989.0,3.806817166666667
0.0,986.0,3.806817166666667
0.0,886.0,3.5795445000000004
0.0,858.0,3.5795445000000004
0.0,857.0,3.40909
0.0,904.0,3.522726333333334
0.0,967.0,3.522726333333334
0.0,1037.0,3.352271833333334
0.0,1153.0,1.761363166666667
0.0,1218.0,3.5795445000000004
0.0,1291.0,3.5795445000000004
0.0,1340.0,1.761363166666667
0.0,1384.0,3.4659081666666665
0.0,1427.0,3.522726333333334
0.0,1484.0,3.40909
0.0,1484.0,3.40909
0.0,1607.0,3.2386355
0.0,1652.0,1.6477268333333333
0.0,1685.0,3.522726333333334
0.0,1712.0,3.2954536666666665
0.0,1699.0,3.1249991666666666
0.0,1703.0,3.522726333333334
0.0,1757.0,3.2954536666666665
0.0,1780.0,3.068181
0.0,1774.0,3.2954536666666665
0.0,1705.0,3.1818173333333335
0.0,1644.0,3.1818173333333335
0.0,1644.0,3.352271833333334
0.0,1618.0,3.1818173333333335
0.0,1596.0,3.4659081666666665
0.0,1602.0,3.522726333333334
0.0,1627.0,3.40909
0.0,1643.0,3.352271833333334
0.0,1678.0,3.2954536666666665
0.0,1787.0,3.4659081666666665
0.0,1868.0,3.2954536666666665
0.0,1875.0,3.2954536666666665
0.0,1876.0,3.2386355
0.0,1860.0,3.352271833333334
0.0,1785.0,2.727272
0.0,1765.0,3.352271833333334
0.0,1811.0,3.352271833333334
0.0,1863.0,3.40909
0.0,1841.0,3.0113628333333335
0.0,1790.0,3.1249991666666666
0.0,1747.0,2.670453833333333
0.0,1762.0,2.670453833333333
0.0,1796.0,3.4659081666666665
0.0,1815.0,3.1818173333333335
0.0,1791.0,3.068181
0.0,1788.0,3.068181
0.0,1791.0,3.522726333333334
0.0,1708.0,3.352271833333334
0.0,1620.0,3.522726333333334
0.0,1585.0,3.522726333333334
0.0,1542.0,1.5909086666666667
0.0,1519.0,3.522726333333334
0.0,1452.0,3.522726333333334
0.0,1439.0,3.40909
0.0,1474.0,3.522726333333334
0.0,1464.0,3.5795445000000004
0.0,1402.0,3.352271833333334
0.0,1383.0,3.522726333333334
0.0,1376.0,3.522726333333334
0.0,1378.0,3.522726333333334
0.0,1338.0,0.9090906666666667
0.0,1305.0,0.9090906666666667
0.0,1366.0,0.9090906666666667
0.0,1410.0,3.522726333333334
0.0,1396.0,3.522726333333334
0.0,1396.0,3.636362666666667
0.0,1359.0,3.806817166666667
0.0,1359.0,3.806817166666667
0.0,1270.0,3.5795445000000004
0.0,1248.0,4.318180666666667
0.0,1191.0,4.318180666666667
0.0,1149.0,4.204544333333334
0.0,1181.0,3.693180833333334
0.0,1162.0,3.806817166666667
0.0,1067.0,3.806817166666667
0.0,1029.0,3.9772716666666668
0.0,999.0,3.9772716666666668
0.0,990.0,3.9772716666666668
0.0,993.0,4.090908000000001
0.0,961.0,4.090908000000001
0.0,942.0,3.9772716666666668
0.0,941.0,3.806817166666667
0.0,937.0,3.806817166666667
0.0,935.0,3.522726333333334
0.0,913.0,4.7159078333333335
0.0,887.0,4.7159078333333335
0.0,862.0,3.806817166666667
0.0,793.0,1.704545
0.0,741.0,1.704545
0.0,718.0,3.522726333333334
0.0,677.0,3.636362666666667
0.0,652.0,3.636362666666667
0.0,601.0,3.636362666666667
0.0,622.0,0.9659088333333334
0.0,678.0,4.147726166666667
0.0,681.0,4.147726166666667
0.0,601.0,4.147726166666667
0.0,630.0,3.9204535000000003
0.0,535.0,4.374998833333334
0.0,497.0,4.147726166666667
0.0,600.0,3.5795445000000004
0.0,572.0,1.8749995000000002
0.0,498.0,1.8749995000000002
0.0,456.0,3.636362666666667
0.0,443.0,4.488635166666667
0.0,472.0,4.488635166666667
0.0,490.0,1.8749995000000002
0.0,490.0,1.8749995000000002
0.0,489.0,1.8749995000000002
0.0,480.0,4.318180666666667
0.0,483.0,4.318180666666667
0.0,484.0,4.318180666666667
0.0,477.0,4.034089833333334
0.0,490.0,3.806817166666667
0.0,482.0,4.488635166666667
0.0,481.0,3.806817166666667
0.0,483.0,3.806817166666667
0.0,483.0,3.693180833333334
0.0,486.0,3.693180833333334
0.0,480.0,2.0454540000000003
0.0,489.0,4.090908000000001
0.0,476.0,4.090908000000001
0.0,465.0,3.8636353333333338
0.0,460.0,3.7499990000000003
0.0,445.0,3.7499990000000003
0.0,432.0,3.7499990000000003
0.0,423.0,0.7386361666666666
0.0,401.0,3.9204535000000003
0.0,382.0,3.9204535000000003
0.0,389.0,3.693180833333334
0.0,418.0,4.147726166666667
0.0,441.0,3.636362666666667
0.0,432.0,3.636362666666667
0.0,369.0,3.636362666666667
0.0,369.0,1.2499996666666666
0.0,389.0,1.9886358333333334
0.0,384.0,4.034089833333334
0.0,353.0,1.9886358333333334
0.0,336.0,1.9886358333333334
0.0,336.0,1.9886358333333334
0.0,353.0,1.9886358333333334
0.0,356.0,1.9886358333333334
0.0,364.0,0.6249998333333333
0.0,364.0,3.8636353333333338
0.0,382.0,3.8636353333333338
0.0,405.0,1.2499996666666666
0.0,455.0,3.7499990000000003
0.0,456.0,4.090908000000001
0.0,442.0,1.9886358333333334
0.0,422.0,3.4659081666666665
0.0,422.0,3.8636353333333338
0.0,390.0,4.261362500000001
0.0,377.0,1.8181813333333334
0.0,349.0,1.8181813333333334
0.0,340.0,1.8749995000000002
0.0,324.0,1.9318176666666669
0.0,362.0,1.9318176666666669
0.0,409.0,1.3068178333333333
0.0,449.0,1.3068178333333333
0.0,485.0,1.3068178333333333
0.0,543.0,0.9659088333333334
0.0,500.0,3.4659081666666665
0.0,454.0,4.318180666666667
0.0,437.0,3.636362666666667
0.0,432.0,4.090908000000001
0.0,428.0,4.261362500000001
0.0,422.0,4.261362500000001
0.0,418.0,1.9318176666666669
0.0,424.0,3.8636353333333338
0.0,431.0,3.8636353333333338
0.0,436.0,1.8749995000000002
0.0,455.0,1.8749995000000002
0.0,474.0,1.8749995000000002
0.0,487.0,4.261362500000001
0.0,517.0,3.8636353333333338
0.0,541.0,3.8636353333333338
0.0,559.0,3.9772716666666668
0.0,544.0,4.204544333333334
0.0,605.0,4.204544333333334
0.0,612.0,3.9772716666666668
0.0,609.0,3.636362666666667
0.0,630.0,3.636362666666667
0.0,656.0,4.261362500000001
0.0,648.0,3.522726333333334
0.0,656.0,3.5795445000000004
0.0,643.0,3.7499990000000003
0.0,631.0,3.7499990000000003
0.0,638.0,1.5909086666666667
0.0,590.0,1.5909086666666667
0.0,546.0,1.5909086666666667
0.0,528.0,1.5909086666666667
0.0,521.0,3.7499990000000003
0.0,529.0,3.693180833333334
0.0,529.0,3.693180833333334
0.0,545.0,3.7499990000000003
0.0,540.0,4.090908000000001
0.0,571.0,3.806817166666667
0.0,606.0,3.806817166666667
0.0,663.0,4.374998833333334
0.0,705.0,2.9545446666666666
0.0,717.0,2.9545446666666666
0.0,744.0,4.318180666666667
0.0,761.0,2.8977265
0.08333333333333333,779.0,2.8977265
0.08333333333333333,795.0,3.7499990000000003
0.08333333333333333,801.0,3.7499990000000003
0.08333333333333333,828.0,3.7499990000000003
0.16666666666666666,861.0,3.7499990000000003
0.25,874.0,3.5795445000000004
0.3333333333333333,872.0,3.5795445000000004
0.4166666666666667,854.0,1.9886358333333334
0.5,835.0,3.2386355
0.6666666666666666,822.0,3.8636353333333338
0.75,803.0,4.261362500000001
0.8333333333333334,788.0,3.636362666666667
1.0,787.0,3.636362666666667
1.0833333333333333,799.0,2.9545446666666666
1.1666666666666667,838.0,3.9204535000000003
1.3333333333333333,892.0,3.9204535000000003
1.4166666666666667,923.0,3.7499990000000003
1.5,944.0,4.034089833333334
1.6666666666666667,944.0,3.9772716666666668
1.6666666666666667,943.0,3.352271833333334
1.75,937.0,1.8749995000000002
1.8333333333333333,922.0,3.9772716666666668
1.9166666666666667,907.0,3.9772716666666668
2.0,893.0,3.522726333333334
2.1666666666666665,883.0,3.522726333333334
2.25,873.0,3.7499990000000003
2.3333333333333335,862.0,3.9204535000000003
2.4166666666666665,811.0,3.9204535000000003
2.4166666666666665,783.0,2.0454540000000003
2.4166666666666665,782.0,2.0454540000000003
2.5,773.0,1.2499996666666666
2.5833333333333335,768.0,1.2499996666666666
2.5833333333333335,768.0,2.0454540000000003
2.5833333333333335,755.0,2.0454540000000003
2.6666666666666665,758.0,2.0454540000000003
2.75,756.0,5.340907666666666
2.9166666666666665,732.0,5.340907666666666
3.0,706.0,3.636362666666667
3.0833333333333335,707.0,3.8636353333333338
3.1666666666666665,751.0,3.9204535000000003
3.3333333333333335,759.0,3.9204535000000003
3.4166666666666665,749.0,3.806817166666667
3.5833333333333335,715.0,3.806817166666667
3.6666666666666665,692.0,3.9772716666666668
3.6666666666666665,698.0,3.2954536666666665
3.75,705.0,3.2954536666666665
3.8333333333333335,711.0,1.3068178333333333
3.9166666666666665,709.0,4.034089833333334
3.9166666666666665,709.0,4.034089833333334
4.083333333333333,713.0,4.034089833333334
4.083333333333333,717.0,3.9772716666666668
4.166666666666667,713.0,1.8749995000000002
4.25,706.0,1.8749995000000002
4.333333333333333,697.0,2.0454540000000003
4.333333333333333,700.0,3.5795445000000004
4.5,712.0,3.5795445000000004
4.583333333333333,732.0,3.636362666666667
4.583333333333333,763.0,4.090908000000001
4.75,817.0,4.090908000000001
4.833333333333333,846.0,3.522726333333334
4.916666666666667,890.0,3.7499990000000003
4.916666666666667,897.0,3.7499990000000003
5.083333333333333,899.0,3.7499990000000003
5.166666666666667,865.0,4.204544333333334
5.25,819.0,3.40909
5.333333333333333,757.0,3.40909
5.416666666666667,735.0,3.636362666666667
5.416666666666667,726.0,3.636362666666667
5.416666666666667,727.0,3.636362666666667
5.416666666666667,795.0,3.636362666666667
5.5,798.0,0.7386361666666666
5.583333333333333,739.0,0.7386361666666666
5.75,715.0,1.8749995000000002
5.833333333333333,716.0,4.034089833333334
5.916666666666667,693.0,3.8636353333333338
6.083333333333333,693.0,3.8636353333333338
6.166666666666667,673.0,3.9772716666666668
6.166666666666667,670.0,4.318180666666667
6.333333333333333,645.0,4.318180666666667
6.416666666666667,596.0,4.545453333333334
6.5,615.0,3.9204535000000003
6.583333333333333,622.0,3.9204535000000003
6.666666666666667,627.0,1.704545
6.75,665.0,3.636362666666667
6.916666666666667,720.0,3.636362666666667
7.0,735.0,3.9204535000000003
7.083333333333333,727.0,3.9204535000000003
7.25,678.0,3.9204535000000003
7.25,636.0,3.9204535000000003
7.416666666666667,639.0,3.9204535000000003
7.5,649.0,4.204544333333334
7.583333333333333,647.0,4.090908000000001
7.75,651.0,4.090908000000001
7.833333333333333,659.0,4.374998833333334
7.916666666666667,684.0,6.249998333333333
7.916666666666667,701.0,6.249998333333333
8.0,715.0,6.249998333333333
8.083333333333334,695.0,4.147726166666667
8.083333333333334,660.0,4.147726166666667
8.166666666666666,613.0,4.147726166666667
8.166666666666666,596.0,1.1931815000000001
8.166666666666666,617.0,1.1931815000000001
8.25,653.0,1.1931815000000001
8.333333333333334,670.0,3.7499990000000003
8.416666666666666,671.0,4.090908000000001
8.5,651.0,4.090908000000001
8.583333333333334,656.0,1.761363166666667
8.75,671.0,3.7499990000000003
8.833333333333334,703.0,4.318180666666667
8.833333333333334,723.0,3.693180833333334
9.0,754.0,3.693180833333334
9.083333333333334,764.0,3.7499990000000003
9.083333333333334,792.0,3.1249991666666666
9.25,834.0,3.1249991666666666
9.333333333333334,824.0,3.693180833333334
9.416666666666666,779.0,3.8636353333333338
9.5,744.0,3.522726333333334
9.583333333333334,719.0,3.522726333333334
9.583333333333334,719.0,1.8181813333333334
9.583333333333334,707.0,1.8181813333333334
9.666666666666666,727.0,1.8181813333333334
9.666666666666666,717.0,0.9659088333333334
9.833333333333334,737.0,1.8749995000000002
9.916666666666666,790.0,3.9204535000000003
10.0,853.0,3.8636353333333338
10.166666666666666,880.0,3.8636353333333338
10.166666666666666,903.0,3.9204535000000003
10.25,903.0,1.704545
10.416666666666666,882.0,1.704545
10.5,846.0,3.5795445000000004
10.583333333333334,813.0,3.9204535000000003
10.75,794.0,3.9204535000000003
10.75,789.0,3.8636353333333338
10.75,779.0,3.8636353333333338
10.75,784.0,3.8636353333333338
10.75,795.0,3.8636353333333338
10.833333333333334,816.0,0.6249998333333333
10.833333333333334,846.0,0.6249998333333333
10.833333333333334,850.0,0.6249998333333333
10.916666666666666,845.0,0.9659088333333334
11.083333333333334,845.0,3.693180833333334
11.166666666666666,830.0,4.034089833333334
11.25,820.0,3.636362666666667
11.416666666666666,807.0,3.636362666666667
11.5,797.0,3.7499990000000003
11.5,813.0,3.5795445000000004
11.666666666666666,856.0,3.5795445000000004
11.75,858.0,3.9772716666666668
11.833333333333334,876.0,3.9204535000000003
12.0,877.0,3.9204535000000003
12.083333333333334,871.0,3.636362666666667
12.083333333333334,859.0,3.7499990000000003
12.083333333333334,826.0,3.7499990000000003
12.166666666666666,805.0,3.7499990000000003
12.25,791.0,0.9090906666666667
12.416666666666666,719.0,3.806817166666667
12.5,716.0,3.806817166666667
12.583333333333334,731.0,3.7499990000000003
12.666666666666666,741.0,3.4659081666666665
12.833333333333334,789.0,3.4659081666666665
12.916666666666666,789.0,4.545453333333334
13.0,789.0,3.1818173333333335
13.166666666666666,790.0,3.8636353333333338
13.25,798.0,4.034089833333334
13.25,810.0,4.090908000000001
13.25,826.0,4.090908000000001
13.25,830.0,4.090908000000001
13.333333333333334,823.0,0.7386361666666666
13.416666666666666,842.0,0.7386361666666666
13.5,886.0,1.8181813333333334
13.583333333333334,906.0,3.693180833333334
13.75,926.0,3.693180833333334
13.833333333333334,910.0,3.8636353333333338
13.916666666666666,863.0,3.8636353333333338
14.083333333333334,847.0,3.8636353333333338
14.166666666666666,820.0,3.9204535000000003
14.25,819.0,3.2386355
14.416666666666666,739.0,4.034089833333334
14.5,701.0,3.806817166666667
14.583333333333334,719.0,3.9204535000000003
14.666666666666666,724.0,3.9204535000000003
14.75,771.0,4.8295441666666665
14.833333333333334,781.0,3.9772716666666668
14.833333333333334,751.0,3.9772716666666668
14.833333333333334,751.0,3.9772716666666668
14.833333333333334,762.0,3.9772716666666668
14.916666666666666,708.0,3.9772716666666668
15.0,701.0,0.6249998333333333
15.166666666666666,711.0,3.7499990000000003
15.25,721.0,4.147726166666667
15.333333333333334,725.0,3.7499990000000003
15.5,740.0,3.7499990000000003
15.583333333333334,738.0,4.261362500000001
15.666666666666666,737.0,3.636362666666667
15.75,736.0,4.261362500000001
15.916666666666666,754.0,4.261362500000001
15.916666666666666,747.0,4.147726166666667
16.083333333333332,736.0,4.147726166666667
16.166666666666668,721.0,3.5795445000000004
16.25,694.0,3.693180833333334
16.333333333333332,679.0,3.5795445000000004
16.333333333333332,645.0,3.5795445000000004
16.416666666666668,577.0,1.3068178333333333
16.5,577.0,1.3068178333333333
16.583333333333332,544.0,1.9318176666666669
16.666666666666668,573.0,3.40909
16.833333333333332,599.0,3.7499990000000003
16.916666666666668,639.0,4.431817000000001
17.0,661.0,3.2954536666666665
17.166666666666668,702.0,3.7499990000000003
17.25,800.0,3.7499990000000003
17.333333333333332,861.0,3.693180833333334
17.5,871.0,3.693180833333334
17.583333333333332,890.0,3.522726333333334
17.666666666666668,858.0,4.374998833333334
17.833333333333332,829.0,4.034089833333334
17.833333333333332,837.0,3.8636353333333338
17.916666666666668,831.0,1.8181813333333334
17.916666666666668,820.0,1.8181813333333334
18.0,814.0,1.8181813333333334
18.083333333333332,807.0,4.261362500000001
18.25,820.0,4.261362500000001
18.333333333333332,844.0,4.374998833333334
18.416666666666668,860.0,3.636362666666667
18.583333333333332,860.0,3.636362666666667
18.583333333333332,867.0,4.261362500000001
18.583333333333332,871.0,4.261362500000001
18.75,873.0,4.261362500000001
18.833333333333332,874.0,4.090908000000001
18.833333333333332,880.0,3.352271833333334
18.916666666666668,870.0,3.352271833333334
18.916666666666668,867.0,1.2499996666666666
18.916666666666668,868.0,1.2499996666666666
19.083333333333332,882.0,1.2499996666666666
19.166666666666668,901.0,3.5795445000000004
19.166666666666668,927.0,4.034089833333334
19.25,948.0,1.704545
19.333333333333332,950.0,1.704545
19.416666666666668,931.0,4.374998833333334
19.583333333333332,911.0,4.374998833333334
19.666666666666668,879.0,3.8636353333333338
19.75,865.0,3.636362666666667
19.916666666666668,847.0,3.806817166666667
20.0,870.0,4.034089833333334
20.083333333333332,888.0,3.693180833333334
20.166666666666668,893.0,3.522726333333334
20.333333333333332,893.0,3.522726333333334
20.416666666666668,890.0,3.9204535000000003
20.416666666666668,881.0,3.9204535000000003
20.416666666666668,871.0,3.9204535000000003
20.5,881.0,3.9204535000000003
20.5,876.0,0.9090906666666667
20.666666666666668,875.0,1.9886358333333334
20.666666666666668,882.0,4.034089833333334
20.666666666666668,906.0,4.034089833333334
20.833333333333332,933.0,4.034089833333334
20.916666666666668,937.0,3.693180833333334
21.083333333333332,950.0,3.693180833333334
21.083333333333332,967.0,4.034089833333334
21.166666666666668,974.0,1.9318176666666669
21.25,952.0,3.1818173333333335
21.333333333333332,952.0,3.1818173333333335
21.416666666666668,907.0,3.7499990000000003
21.583333333333332,892.0,3.7499990000000003
21.583333333333332,851.0,4.374998833333334
21.583333333333332,871.0,4.374998833333334
21.666666666666668,919.0,4.374998833333334
21.666666666666668,899.0,0.9090906666666667
21.666666666666668,892.0,0.9090906666666667
21.833333333333332,888.0,1.2499996666666666
21.833333333333332,874.0,3.8636353333333338
21.916666666666668,880.0,1.8749995000000002
22.083333333333332,874.0,3.40909
22.166666666666668,885.0,4.090908000000001
22.25,886.0,3.806817166666667
22.333333333333332,888.0,3.806817166666667
22.416666666666668,892.0,1.8749995000000002
22.5,906.0,3.9204535000000003
22.583333333333332,900.0,3.9204535000000003
22.666666666666668,896.0,1.8749995000000002
22.75,886.0,3.693180833333334
22.916666666666668,862.0,3.693180833333334
23.0,846.0,3.9204535000000003
23.0,831.0,3.9204535000000003
23.0,823.0,3.9204535000000003
23.083333333333332,795.0,3.9204535000000003
23.083333333333332,780.0,0.9090906666666667
23.25,786.0,1.8749995000000002
23.333333333333332,786.0,4.090908000000001
23.416666666666668,786.0,4.034089833333334
23.583333333333332,766.0,4.034089833333334
23.583333333333332,742.0,3.7499990000000003
23.666666666666668,721.0,1.8181813333333334
23.833333333333332,736.0,3.352271833333334
23.916666666666668,748.0,4.374998833333334
24.0,666.0,3.1818173333333335
24.166666666666668,676.0,3.1818173333333335
24.166666666666668,720.0,3.9772716666666668
24.166666666666668,762.0,3.9772716666666668
24.166666666666668,799.0,3.9772716666666668
24.333333333333332,783.0,3.9772716666666668
24.416666666666668,762.0,3.40909
24.5,779.0,3.522726333333334
24.583333333333332,808.0,4.147726166666667
24.666666666666668,802.0,4.147726166666667
24.75,803.0,3.522726333333334
24.916666666666668,775.0,3.522726333333334
25.0,763.0,3.522726333333334
25.083333333333332,797.0,3.522726333333334
25.166666666666668,793.0,1.9886358333333334
25.25,805.0,3.0113628333333335
25.333333333333332,816.0,4.7727260000000005
25.416666666666668,798.0,4.7727260000000005
25.5,801.0,3.693180833333334
25.583333333333332,791.0,3.8636353333333338
25.583333333333332,784.0,3.8636353333333338
25.666666666666668,781.0,3.8636353333333338
25.75,771.0,3.4659081666666665
25.916666666666668,765.0,3.4659081666666665
26.0,771.0,3.693180833333334
26.083333333333332,765.0,3.522726333333334
26.25,756.0,3.522726333333334
26.333333333333332,786.0,3.4659081666666665
26.416666666666668,830.0,4.034089833333334
26.5,919.0,3.7499990000000003
26.583333333333332,940.0,3.7499990000000003
26.666666666666668,993.0,1.704545
26.75,1025.0,3.2386355
26.75,1026.0,2.2159085000000003
26.833333333333332,1048.0,1.8181813333333334
26.916666666666668,1059.0,1.8181813333333334
26.916666666666668,1059.0,1.8181813333333334
26.916666666666668,1057.0,1.8181813333333334
27.0,1029.0,1.1931815000000001
27.166666666666668,1011.0,3.1818173333333335
27.25,1003.0,3.806817166666667
27.25,982.0,4.374998833333334
27.416666666666668,944.0,4.374998833333334
27.5,929.0,3.806817166666667
27.583333333333332,923.0,3.636362666666667
27.75,912.0,3.636362666666667
27.833333333333332,907.0,3.4659081666666665
27.833333333333332,914.0,3.806817166666667
28.0,954.0,3.806817166666667
28.083333333333332,1031.0,3.7499990000000003
28.166666666666668,1074.0,3.40909
28.166666666666668,1074.0,2.9545446666666666
28.333333333333332,1153.0,2.9545446666666666
28.333333333333332,1163.0,3.9204535000000003
28.416666666666668,1142.0,3.9204535000000003
28.5,1192.0,3.40909
28.666666666666668,1205.0,3.40909
28.666666666666668,1193.0,3.5795445000000004
28.75,1146.0,1.8749995000000002
28.75,1136.0,1.8749995000000002
28.916666666666668,1217.0,1.8749995000000002
29.0,1301.0,3.693180833333334
29.0,1328.0,3.5795445000000004
29.083333333333332,1331.0,1.8181813333333334
29.166666666666668,1353.0,1.8181813333333334
29.25,1354.0,1.761363166666667
29.333333333333332,1343.0,3.4659081666666665
29.416666666666668,1340.0,3.352271833333334
29.5,1345.0,3.352271833333334
29.583333333333332,1352.0,1.704545
29.583333333333332,1352.0,3.7499990000000003
29.583333333333332,1378.0,3.7499990000000003
29.583333333333332,1417.0,3.7499990000000003
29.583333333333332,1440.0,3.7499990000000003
29.583333333333332,1474.0,3.7499990000000003
29.666666666666668,1531.0,0.5113635000000001
29.666666666666668,1623.0,0.5113635000000001
29.833333333333332,1697.0,1.761363166666667
29.916666666666668,1693.0,3.806817166666667
30.0,1693.0,3.522726333333334
30.083333333333332,1690.0,3.2386355
30.25,1714.0,3.2386355
30.333333333333332,1736.0,3.4659081666666665
30.416666666666668,1733.0,4.488635166666667
30.5,1737.0,3.2954536666666665
30.666666666666668,1738.0,3.2954536666666665
30.666666666666668,1690.0,3.693180833333334
30.75,1633.0,3.693180833333334
30.75,1618.0,1.8749995000000002
30.833333333333332,1657.0,1.6477268333333333
31.0,1625.0,1.6477268333333333
31.083333333333332,1571.0,3.40909
31.083333333333332,1561.0,3.40909
31.166666666666668,1555.0,1.761363166666667
31.25,1497.0,3.636362666666667
31.333333333333332,1509.0,3.636362666666667
31.416666666666668,1550.0,1.5340905
31.5,1555.0,3.693180833333334
31.666666666666668,1460.0,3.693180833333334
31.75,1410.0,3.8636353333333338
31.833333333333332,1412.0,3.5795445000000004
31.916666666666668,1401.0,4.090908000000001
32.0,1378.0,2.9545446666666666
32.166666666666664,1387.0,3.4659081666666665
32.25,1421.0,4.7159078333333335
32.333333333333336,1460.0,3.4659081666666665
32.5,1483.0,3.4659081666666665
32.583333333333336,1473.0,3.522726333333334
32.666666666666664,1444.0,3.806817166666667
32.75,1431.0,3.693180833333334
32.833333333333336,1422.0,3.4659081666666665
32.916666666666664,1396.0,3.4659081666666665
33.0,1361.0,2.9545446666666666
33.166666666666664,1355.0,2.9545446666666666
33.25,1380.0,3.522726333333334
33.333333333333336,1365.0,4.204544333333334
33.5,1285.0,4.204544333333334
33.583333333333336,1247.0,3.9204535000000003
33.666666666666664,1211.0,3.636362666666667
33.75,1184.0,3.2954536666666665
33.916666666666664,1149.0,3.2954536666666665
34.0,1149.0,4.374998833333334
34.166666666666664,1133.0,4.204544333333334
34.25,1125.0,3.522726333333334
34.25,1125.0,3.8636353333333338
34.416666666666664,1097.0,3.8636353333333338
34.416666666666664,1093.0,4.8295441666666665
34.5,1109.0,4.8295441666666665
34.5,1094.0,1.6477268333333333
34.666666666666664,1083.0,1.9318176666666669
34.75,1039.0,4.147726166666667
34.833333333333336,1033.0,3.8636353333333338
34.833333333333336,1045.0,3.8636353333333338
34.916666666666664,1036.0,3.8636353333333338
35.0,1026.0,3.7499990000000003
35.166666666666664,1037.0,4.204544333333334
35.25,1039.0,4.090908000000001
35.333333333333336,1034.0,4.090908000000001
35.333333333333336,997.0,4.090908000000001
35.333333333333336,941.0,4.090908000000001
35.333333333333336,921.0,4.090908000000001
35.416666666666664,898.0,4.090908000000001
35.416666666666664,877.0,0.6249998333333333
35.5,834.0,1.9886358333333334
35.583333333333336,802.0,1.9886358333333334
35.666666666666664,804.0,4.090908000000001
35.75,811.0,4.090908000000001
35.833333333333336,808.0,1.8181813333333334
36.0,792.0,3.693180833333334
36.083333333333336,788.0,3.693180833333334
36.166666666666664,786.0,4.318180666666667
36.25,766.0,4.318180666666667
36.333333333333336,730.0,1.9886358333333334
36.333333333333336,721.0,3.7499990000000003
36.5,728.0,3.7499990000000003
36.583333333333336,737.0,4.090908000000001
36.583333333333336,753.0,3.693180833333334
36.666666666666664,794.0,1.8749995000000002
36.666666666666664,869.0,1.8749995000000002
36.75,907.0,1.1931815000000001
36.916666666666664,954.0,1.1931815000000001
36.916666666666664,990.0,3.7499990000000003
37.0,980.0,3.7499990000000003
37.166666666666664,977.0,3.7499990000000003
37.25,977.0,3.636362666666667
37.333333333333336,976.0,4.147726166666667
37.416666666666664,911.0,3.806817166666667
37.5,927.0,3.806817166666667
37.583333333333336,940.0,4.034089833333334
37.75,933.0,3.693180833333334
37.833333333333336,941.0,3.636362666666667
37.916666666666664,983.0,4.147726166666667
37.916666666666664,991.0,3.2954536666666665
38.0,990.0,1.8181813333333334
38.0,983.0,1.8181813333333334
38.0,948.0,1.8181813333333334
38.166666666666664,928.0,1.8181813333333334
38.25,930.0,4.147726166666667
38.416666666666664,940.0,4.147726166666667
38.5,945.0,4.034089833333334
38.583333333333336,948.0,3.2386355
38.75,946.0,3.9772716666666668
38.75,951.0,4.034089833333334
38.75,967.0,4.034089833333334
38.833333333333336,971.0,1.1931815000000001
38.916666666666664,967.0,1.1931815000000001
38.916666666666664,972.0,1.9318176666666669
39.0,990.0,1.9318176666666669
39.083333333333336,1111.0,1.2499996666666666
39.083333333333336,1135.0,3.4659081666666665
39.166666666666664,1088.0,1.704545
39.333333333333336,1069.0,3.9772716666666668
39.416666666666664,1109.0,4.034089833333334
39.416666666666664,1072.0,3.522726333333334
39.583333333333336,1032.0,3.522726333333334
39.666666666666664,1048.0,3.5795445000000004
39.75,1024.0,3.5795445000000004
39.916666666666664,848.0,3.693180833333334
40.0,824.0,4.147726166666667
40.083333333333336,849.0,3.693180833333334
40.25,869.0,3.693180833333334
40.333333333333336,863.0,3.5795445000000004
40.416666666666664,828.0,3.5795445000000004
40.5,820.0,3.1818173333333335
40.583333333333336,827.0,3.1818173333333335
40.583333333333336,831.0,2.0454540000000003
40.75,824.0,2.0454540000000003
40.75,824.0,3.9204535000000003
40.75,834.0,3.9204535000000003
40.916666666666664,813.0,3.9204535000000003
40.916666666666664,769.0,4.090908000000001
41.0,740.0,1.704545
41.166666666666664,788.0,3.8636353333333338
41.25,783.0,3.9772716666666668
41.333333333333336,742.0,3.8636353333333338
41.5,794.0,3.8636353333333338
41.583333333333336,899.0,4.034089833333334
41.666666666666664,916.0,4.034089833333334
41.75,896.0,4.034089833333334
41.833333333333336,879.0,1.8749995000000002
41.833333333333336,952.0,3.636362666666667
42.0,958.0,3.636362666666667
42.0,880.0,4.6022715000000005
42.0,889.0,4.6022715000000005
42.083333333333336,913.0,1.1363633333333334
42.25,886.0,3.9772716666666668
42.333333333333336,873.0,3.8636353333333338
42.416666666666664,888.0,3.352271833333334
42.583333333333336,945.0,3.693180833333334
42.666666666666664,998.0,3.9772716666666668
42.75,981.0,4.034089833333334
42.916666666666664,983.0,4.034089833333334
42.916666666666664,1020.0,3.806817166666667
43.0,1033.0,1.9318176666666669
43.166666666666664,1053.0,2.8409083333333336
43.25,1056.0,5.397725833333334
43.333333333333336,1047.0,3.636362666666667
43.5,1044.0,3.636362666666667
43.583333333333336,1055.0,3.636362666666667
43.666666666666664,1056.0,3.8636353333333338
43.75,1061.0,3.352271833333334
43.833333333333336,1069.0,3.8636353333333338
43.916666666666664,1065.0,1.9318176666666669
44.0,1029.0,3.8636353333333338
44.0,1014.0,3.8636353333333338
44.083333333333336,1023.0,1.2499996666666666
44.166666666666664,1024.0,3.2386355
44.25,1034.0,3.2386355
44.333333333333336,1053.0,1.9886358333333334
44.416666666666664,1053.0,3.352271833333334
44.583333333333336,1054.0,3.40909
44.583333333333336,1074.0,4.147726166666667
44.666666666666664,1065.0,2.102272166666667
44.75,1056.0,2.102272166666667
44.75,1045.0,1.8181813333333334
44.833333333333336,1068.0,1.704545
44.833333333333336,1090.0,1.704545
45.0,1096.0,1.761363166666667
45.083333333333336,1120.0,4.090908000000001
45.083333333333336,1130.0,3.1818173333333335
45.166666666666664,1120.0,2.102272166666667
45.25,1095.0,2.102272166666667
45.333333333333336,1071.0,3.5795445000000004
45.5,1047.0,3.5795445000000004
45.583333333333336,1041.0,4.431817000000001
45.666666666666664,992.0,3.7499990000000003
45.75,1001.0,3.0113628333333335
45.916666666666664,1026.0,3.9772716666666668
46.0,1059.0,4.7727260000000005
46.166666666666664,1082.0,4.7727260000000005
46.166666666666664,1058.0,3.5795445000000004
46.166666666666664,1035.0,3.5795445000000004
46.166666666666664,1078.0,3.5795445000000004
46.333333333333336,1136.0,3.5795445000000004
46.333333333333336,1065.0,3.7499990000000003
46.333333333333336,1038.0,3.7499990000000003
46.5,1084.0,3.7499990000000003
46.5,1132.0,4.204544333333334
46.5,1094.0,4.204544333333334
46.666666666666664,1062.0,4.204544333333334
46.75,1066.0,3.522726333333334
46.833333333333336,1083.0,4.545453333333334
47.0,1058.0,3.7499990000000003
47.083333333333336,1018.0,3.522726333333334
47.166666666666664,1009.0,3.7499990000000003
47.333333333333336,1039.0,3.7499990000000003
47.416666666666664,1057.0,3.806817166666667
47.5,1046.0,3.693180833333334
47.666666666666664,1076.0,3.693180833333334
47.75,1088.0,3.4659081666666665
47.75,1081.0,4.147726166666667
47.75,1074.0,4.147726166666667
47.833333333333336,1074.0,4.147726166666667
47.916666666666664,1052.0,4.318180666666667
47.916666666666664,1044.0,4.318180666666667
48.0,1037.0,1.704545
48.083333333333336,1014.0,1.704545
48.166666666666664,994.0,3.352271833333334
48.333333333333336,978.0,3.352271833333334
48.416666666666664,977.0,3.40909
48.5,984.0,3.7499990000000003
48.583333333333336,980.0,3.1818173333333335
48.666666666666664,993.0,3.1818173333333335
48.666666666666664,1005.0,2.0454540000000003
48.75,980.0,1.704545
48.916666666666664,953.0,4.090908000000001
49.0,963.0,4.090908000000001
49.0,953.0,3.693180833333334
49.0,957.0,3.693180833333334
49.083333333333336,962.0,3.693180833333334
49.083333333333336,955.0,0.9090906666666667
49.25,992.0,2.0454540000000003
49.333333333333336,1008.0,3.7499990000000003
49.416666666666664,1024.0,3.9204535000000003
49.583333333333336,1065.0,3.9204535000000003
49.666666666666664,1054.0,4.034089833333334
49.75,1047.0,4.318180666666667
49.75,1072.0,4.318180666666667
49.833333333333336,1079.0,4.318180666666667
49.916666666666664,1066.0,1.1363633333333334
50.0,1067.0,4.9999986666666665
50.083333333333336,1065.0,4.9999986666666665
50.083333333333336,1079.0,1.704545
50.166666666666664,1142.0,1.704545
50.25,1222.0,1.704545
50.333333333333336,1266.0,2.102272166666667
50.416666666666664,1255.0,3.636362666666667
50.583333333333336,1230.0,3.636362666666667
50.583333333333336,1238.0,3.2954536666666665
50.666666666666664,1263.0,3.2954536666666665
50.75,1261.0,4.090908000000001
50.916666666666664,1205.0,4.090908000000001
51.0,1130.0,3.806817166666667
51.083333333333336,1133.0,3.7499990000000003
51.166666666666664,1131.0,3.9772716666666668
51.25,1131.0,3.9772716666666668
51.333333333333336,1157.0,4.7727260000000005
51.5,1168.0,4.7727260000000005
51.583333333333336,1145.0,3.693180833333334
51.666666666666664,1141.0,3.806817166666667
51.666666666666664,1158.0,3.806817166666667
51.833333333333336,1156.0,3.806817166666667
51.916666666666664,1163.0,4.034089833333334
52.0,1160.0,3.9204535000000003
52.083333333333336,1155.0,3.9204535000000003
52.166666666666664,1186.0,3.9204535000000003
52.25,1211.0,3.636362666666667
52.416666666666664,1210.0,3.636362666666667
52.5,1212.0,3.522726333333334
52.583333333333336,1216.0,3.9204535000000003
52.666666666666664,1162.0,3.9204535000000003
52.666666666666664,1141.0,1.9318176666666669
52.75,1125.0,1.9318176666666669
52.916666666666664,1087.0,1.9318176666666669
52.916666666666664,1067.0,3.522726333333334
52.916666666666664,1085.0,3.522726333333334
53.0,1106.0,1.2499996666666666
53.0,1121.0,1.2499996666666666
53.083333333333336,1142.0,1.2499996666666666
53.166666666666664,1122.0,4.090908000000001
53.333333333333336,1110.0,4.090908000000001
53.333333333333336,1120.0,3.8636353333333338
53.333333333333336,1123.0,3.8636353333333338
53.5,1107.0,3.8636353333333338
53.583333333333336,1093.0,4.204544333333334
53.583333333333336,1209.0,3.068181
53.666666666666664,1304.0,1.8181813333333334
53.833333333333336,1293.0,1.8181813333333334
53.916666666666664,1363.0,3.4659081666666665
53.916666666666664,1437.0,3.1249991666666666
54.0,1506.0,2.102272166666667
54.083333333333336,1510.0,3.4659081666666665
54.166666666666664,1422.0,3.4659081666666665
54.166666666666664,1474.0,1.6477268333333333
54.166666666666664,1496.0,1.6477268333333333
54.25,1490.0,1.1931815000000001
54.25,1506.0,1.1931815000000001
54.333333333333336,1506.0,1.1931815000000001
54.416666666666664,1565.0,3.5795445000000004
54.583333333333336,1653.0,3.5795445000000004
54.666666666666664,1680.0,4.7159078333333335
54.75,1706.0,3.2386355
54.833333333333336,1756.0,3.068181
54.916666666666664,1774.0,3.40909
55.0,1779.0,4.090908000000001
55.083333333333336,1775.0,4.090908000000001
55.166666666666664,1731.0,1.6477268333333333
55.25,1736.0,3.693180833333334
55.333333333333336,1741.0,3.2954536666666665
55.5,1716.0,3.2954536666666665
55.583333333333336,1684.0,3.40909
55.666666666666664,1657.0,3.40909
55.666666666666664,1691.0,3.693180833333334
55.666666666666664,1701.0,3.693180833333334
55.75,1648.0,3.693180833333334
55.833333333333336,1548.0,0.8522725
55.916666666666664,1539.0,3.2954536666666665
56.0,1538.0,3.1818173333333335
56.166666666666664,1533.0,3.1818173333333335
56.25,1518.0,3.4659081666666665
56.333333333333336,1481.0,3.9204535000000003
56.416666666666664,1490.0,3.40909
56.583333333333336,1498.0,3.40909
56.666666666666664,1488.0,3.8636353333333338
56.75,1505.0,3.7499990000000003
56.833333333333336,1508.0,3.352271833333334
57.0,1515.0,3.352271833333334
57.0,1506.0,3.1818173333333335
57.083333333333336,1505.0,3.1818173333333335
57.166666666666664,1518.0,3.352271833333334
57.333333333333336,1511.0,3.40909
57.333333333333336,1496.0,3.806817166666667
57.416666666666664,1493.0,3.806817166666667
57.5,1516.0,3.9772716666666668
57.583333333333336,1520.0,3.9204535000000003
57.666666666666664,1508.0,3.9204535000000003
57.75,1491.0,4.261362500000001
57.833333333333336,1479.0,3.9772716666666668
58.0,1468.0,3.9772716666666668
58.083333333333336,1465.0,4.204544333333334
58.166666666666664,1465.0,3.9204535000000003
58.25,1448.0,3.40909
58.333333333333336,1436.0,3.40909
58.416666666666664,1404.0,1.761363166666667
58.416666666666664,1383.0,4.090908000000001
58.583333333333336,1355.0,4.090908000000001
58.666666666666664,1319.0,4.204544333333334
58.75,1320.0,4.374998833333334
58.833333333333336,1349.0,3.1818173333333335
58.916666666666664,1346.0,1.8749995000000002
59.0,1299.0,3.806817166666667
59.083333333333336,1243.0,3.806817166666667
59.083333333333336,1277.0,3.806817166666667
59.166666666666664,1315.0,1.2499996666666666
59.25,1315.0,3.7499990000000003
59.333333333333336,1235.0,3.7499990000000003
59.416666666666664,1131.0,3.693180833333334
59.5,1240.0,3.693180833333334
59.583333333333336,1280.0,1.9318176666666669
59.666666666666664,1213.0,2.9545446666666666
59.75,1152.0,4.545453333333334
59.833333333333336,1209.0,4.545453333333334
59.833333333333336,1240.0,1.704545
59.916666666666664,1213.0,1.9886358333333334
60.0,1177.0,3.636362666666667
60.0,1201.0,3.636362666666667
60.083333333333336,1223.0,3.636362666666667
60.25,1155.0,3.636362666666667
60.25,1156.0,3.693180833333334
60.333333333333336,1104.0,1.761363166666667
60.5,1113.0,1.761363166666667
60.583333333333336,1122.0,3.8636353333333338
60.666666666666664,1094.0,3.5795445000000004
60.75,1090.0,4.374998833333334
60.833333333333336,1156.0,4.374998833333334
60.833333333333336,1161.0,1.9886358333333334
61.0,1146.0,1.9886358333333334
61.083333333333336,1130.0,4.318180666666667
61.083333333333336,1089.0,3.1249991666666666
61.166666666666664,1078.0,3.1249991666666666
61.166666666666664,1069.0,1.2499996666666666
61.166666666666664,1045.0,1.2499996666666666
61.166666666666664,989.0,1.2499996666666666
61.25,989.0,0.9090906666666667
61.333333333333336,1013.0,0.9090906666666667
61.416666666666664,1085.0,3.636362666666667
61.583333333333336,1082.0,3.636362666666667
61.666666666666664,998.0,4.204544333333334
61.75,950.0,3.7499990000000003
61.916666666666664,926.0,3.7499990000000003
62.0,966.0,3.40909
62.083333333333336,1013.0,4.034089833333334
62.083333333333336,967.0,4.034089833333334
62.166666666666664,961.0,4.034089833333334
62.166666666666664,983.0,1.2499996666666666
62.25,1044.0,1.2499996666666666
62.333333333333336,1083.0,1.1931815000000001
62.333333333333336,1071.0,4.261362500000001
62.5,1096.0,4.261362500000001
62.5,1113.0,4.9999986666666665
62.583333333333336,1107.0,1.761363166666667
62.666666666666664,1071.0,1.761363166666667
62.75,1097.0,1.8749995000000002
62.833333333333336,1112.0,3.40909
63.0,1045.0,3.636362666666667
63.083333333333336,983.0,4.374998833333334
63.166666666666664,1028.0,3.5795445000000004
63.25,1062.0,3.5795445000000004
63.333333333333336,1056.0,1.8749995000000002
63.416666666666664,1050.0,3.5795445000000004
63.583333333333336,1055.0,3.5795445000000004
63.583333333333336,1043.0,3.522726333333334
63.583333333333336,1022.0,3.522726333333334
63.666666666666664,1005.0,1.2499996666666666
63.666666666666664,1006.0,1.2499996666666666
63.666666666666664,1013.0,1.2499996666666666
63.75,1018.0,0.9090906666666667
63.916666666666664,1018.0,0.9090906666666667
64.0,1036.0,3.8636353333333338
64.08333333333333,1021.0,3.5795445000000004
64.16666666666667,1001.0,1.9886358333333334
64.16666666666667,1016.0,3.1249991666666666
64.25,1059.0,2.0454540000000003
64.33333333333333,1073.0,3.5795445000000004
64.41666666666667,1072.0,3.5795445000000004
64.5,1072.0,3.8636353333333338
64.66666666666667,1085.0,3.9204535000000003
64.75,1101.0,4.147726166666667
64.75,1078.0,2.9545446666666666
64.91666666666667,1072.0,2.9545446666666666
64.91666666666667,1074.0,4.488635166666667
64.91666666666667,1060.0,4.488635166666667
64.91666666666667,1067.0,4.488635166666667
65.0,1082.0,4.488635166666667
65.08333333333333,1081.0,0.7386361666666666
65.08333333333333,1088.0,3.806817166666667
65.25,1084.0,3.806817166666667
65.33333333333333,1068.0,3.5795445000000004
65.41666666666667,1082.0,3.693180833333334
65.58333333333333,1082.0,3.693180833333334
65.58333333333333,1097.0,3.693180833333334
65.66666666666667,1210.0,3.693180833333334
65.75,1349.0,4.545453333333334
65.91666666666667,1251.0,4.545453333333334
66.0,1135.0,4.7727260000000005
66.08333333333333,1086.0,3.5795445000000004
66.25,1269.0,3.5795445000000004
66.25,1275.0,3.693180833333334
66.33333333333333,1217.0,3.693180833333334
66.33333333333333,1212.0,1.704545
66.41666666666667,1228.0,1.704545
66.5,1219.0,4.431817000000001
66.66666666666667,1284.0,4.431817000000001
66.75,1283.0,3.9772716666666668
66.83333333333333,1304.0,4.7727260000000005
66.91666666666667,1245.0,3.693180833333334
67.08333333333333,1215.0,3.693180833333334
67.16666666666667,1237.0,3.1249991666666666
67.25,1239.0,3.8636353333333338
67.33333333333333,1158.0,3.1249991666666666
67.5,1162.0,3.522726333333334
67.58333333333333,1194.0,4.7159078333333335
67.66666666666667,1237.0,3.4659081666666665
67.83333333333333,1287.0,3.4659081666666665
67.83333333333333,1281.0,4.318180666666667
67.83333333333333,1281.0,4.318180666666667
67.91666666666667,1292.0,4.318180666666667
68.0,1287.0,0.9090906666666667
68.08333333333333,1287.0,3.693180833333334
68.16666666666667,1259.0,3.2386355
68.25,1248.0,3.2386355
68.33333333333333,1230.0,3.806817166666667
68.5,1207.0,3.806817166666667
68.58333333333333,1209.0,4.8295441666666665
68.66666666666667,1284.0,4.8863623333333335
68.75,1236.0,3.693180833333334
68.91666666666667,1125.0,3.693180833333334
69.0,1139.0,4.204544333333334
69.0,1281.0,3.636362666666667
69.08333333333333,1282.0,3.636362666666667
69.08333333333333,1217.0,1.1363633333333334
69.16666666666667,1147.0,1.8749995000000002
69.25,1183.0,3.693180833333334
69.41666666666667,1246.0,3.693180833333334
69.5,1245.0,3.806817166666667
69.58333333333333,1214.0,3.7499990000000003
69.66666666666667,1245.0,3.7499990000000003
69.75,1299.0,1.704545
69.83333333333333,1311.0,3.522726333333334
70.0,1286.0,3.806817166666667
70.08333333333333,1282.0,4.090908000000001
70.16666666666667,1334.0,4.261362500000001
70.33333333333333,1323.0,4.261362500000001
70.33333333333333,1282.0,4.147726166666667
70.41666666666667,1273.0,1.8749995000000002
70.41666666666667,1277.0,1.8749995000000002
70.58333333333333,1255.0,1.8749995000000002
70.66666666666667,1233.0,3.9772716666666668
70.75,1231.0,3.636362666666667
70.75,1233.0,3.636362666666667
70.83333333333333,1209.0,3.636362666666667
70.91666666666667,1190.0,3.5795445000000004
71.0,1192.0,3.9204535000000003
71.08333333333333,1212.0,3.9204535000000003
71.16666666666667,1261.0,4.488635166666667
71.25,1267.0,2.9545446666666666
71.41666666666667,1308.0,2.9545446666666666
71.5,1384.0,3.9772716666666668
71.58333333333333,1354.0,3.636362666666667
71.75,1340.0,3.636362666666667
71.83333333333333,1338.0,3.1818173333333335
71.91666666666667,1338.0,4.431817000000001
72.0,1364.0,3.4659081666666665
72.08333333333333,1307.0,3.4659081666666665
72.16666666666667,1218.0,1.8181813333333334
72.16666666666667,1224.0,3.636362666666667
72.25,1245.0,1.704545
72.41666666666667,1256.0,3.5795445000000004
72.5,1236.0,3.9204535000000003
72.58333333333333,1225.0,3.806817166666667
72.75,1236.0,3.806817166666667
72.83333333333333,1278.0,3.5795445000000004
72.91666666666667,1303.0,3.806817166666667
73.08333333333333,1271.0,3.806817166666667
73.16666666666667,1266.0,4.6022715000000005
73.25,1279.0,4.374998833333334
73.33333333333333,1278.0,3.9772716666666668
73.5,1305.0,3.9772716666666668
73.58333333333333,1305.0,3.806817166666667
73.66666666666667,1292.0,3.806817166666667
73.75,1294.0,3.522726333333334
73.91666666666667,1297.0,3.522726333333334
73.91666666666667,1292.0,4.488635166666667
73.91666666666667,1281.0,4.488635166666667
74.0,1266.0,4.488635166666667
74.08333333333333,1278.0,0.8522725
74.16666666666667,1289.0,3.7499990000000003
74.25,1295.0,3.352271833333334
74.41666666666667,1297.0,3.7499990000000003
74.5,1326.0,4.090908000000001
74.58333333333333,1315.0,3.2954536666666665
74.75,1260.0,3.2954536666666665
74.83333333333333,1203.0,3.1249991666666666
74.83333333333333,1261.0,4.374998833333334
74.91666666666667,1293.0,1.6477268333333333
75.08333333333333,1251.0,3.693180833333334
75.16666666666667,1245.0,4.431817000000001
75.25,1293.0,3.2954536666666665
75.33333333333333,1376.0,3.2954536666666665
75.41666666666667,1423.0,1.8749995000000002
75.5,1406.0,3.7499990000000003
75.58333333333333,1384.0,3.4659081666666665
75.75,1385.0,3.4659081666666665
75.83333333333333,1385.0,3.806817166666667
75.91666666666667,1407.0,3.522726333333334
76.0,1384.0,4.431817000000001
76.16666666666667,1368.0,4.431817000000001
76.25,1368.0,3.636362666666667
76.33333333333333,1370.0,4.374998833333334
76.41666666666667,1367.0,3.2386355
76.58333333333333,1381.0,3.352271833333334
76.66666666666667,1387.0,4.6022715000000005
76.75,1365.0,3.352271833333334
76.91666666666667,1340.0,3.4659081666666665
77.0,1375.0,3.693180833333334
77.08333333333333,1408.0,3.9204535000000003
77.16666666666667,1432.0,3.352271833333334
77.16666666666667,1422.0,3.352271833333334
77.16666666666667,1410.0,3.352271833333334
77.25,1414.0,3.352271833333334
77.33333333333333,1403.0,3.5795445000000004
77.41666666666667,1379.0,3.693180833333334
77.41666666666667,1358.0,3.693180833333334
77.5,1350.0,1.1931815000000001
77.58333333333333,1362.0,3.1818173333333335
77.75,1378.0,3.1818173333333335
77.83333333333333,1401.0,3.4659081666666665
77.91666666666667,1403.0,3.8636353333333338
78.0,1389.0,3.7499990000000003
78.08333333333333,1402.0,3.40909
78.16666666666667,1440.0,3.40909
78.25,1445.0,3.7499990000000003
78.33333333333333,1461.0,3.1249991666666666
78.41666666666667,1602.0,3.1249991666666666
78.5,1781.0,1.8181813333333334
78.58333333333333,1743.0,3.2386355
78.58333333333333,1749.0,3.2954536666666665
78.66666666666667,1836.0,1.6477268333333333
78.83333333333333,1922.0,1.6477268333333333
78.83333333333333,1943.0,3.4659081666666665
78.91666666666667,1861.0,3.4659081666666665
79.0,1839.0,1.5909086666666667
79.08333333333333,1876.0,3.9204535000000003
79.16666666666667,1905.0,3.5795445000000004
79.33333333333333,1905.0,3.5795445000000004
79.41666666666667,1961.0,4.034089833333334
79.5,1961.0,2.4999993333333332
79.58333333333333,1978.0,3.693180833333334
79.66666666666667,1955.0,3.636362666666667
79.75,1965.0,3.4659081666666665
79.83333333333333,1887.0,3.352271833333334
79.91666666666667,1815.0,3.352271833333334
80.0,1817.0,1.6477268333333333
80.08333333333333,1797.0,3.0113628333333335
80.16666666666667,1779.0,3.2954536666666665
80.25,1803.0,3.352271833333334
80.41666666666667,1790.0,3.352271833333334
80.5,1751.0,3.352271833333334
80.5,1762.0,3.522726333333334
80.58333333333333,1765.0,1.704545
80.66666666666667,1788.0,2.8409083333333336
80.75,1780.0,4.034089833333334
80.91666666666667,1778.0,4.034089833333334
81.0,1779.0,3.693180833333334
81.08333333333333,1783.0,3.4659081666666665
81.16666666666667,1790.0,3.5795445000000004
81.25,1783.0,3.522726333333334
81.33333333333333,1773.0,3.522726333333334
81.41666666666667,1768.0,1.704545
81.5,1755.0,3.4659081666666665
81.5,1730.0,3.1818173333333335
81.58333333333333,1655.0,1.704545
81.58333333333333,1627.0,1.704545
81.75,1627.0,1.704545
81.83333333333333,1606.0,3.806817166666667
81.91666666666667,1649.0,3.4659081666666665
82.0,1664.0,3.522726333333334
82.08333333333333,1641.0,3.522726333333334
82.16666666666667,1618.0,1.761363166666667
82.25,1634.0,3.068181
82.33333333333333,1636.0,3.5795445000000004
82.5,1618.0,3.5795445000000004
82.58333333333333,1606.0,3.1249991666666666
82.66666666666667,1583.0,3.0113628333333335
82.75,1584.0,3.5795445000000004
82.83333333333333,1597.0,3.1818173333333335
83.0,1614.0,3.352271833333334
83.08333333333333,1615.0,3.522726333333334
83.16666666666667,1637.0,3.4659081666666665
83.25,1637.0,3.522726333333334
83.33333333333333,1664.0,3.1818173333333335
83.41666666666667,1714.0,3.5795445000000004
83.58333333333333,1730.0,3.5795445000000004
83.66666666666667,1721.0,3.7499990000000003
83.75,1706.0,3.5795445000000004
83.83333333333333,1663.0,3.0113628333333335
84.0,1644.0,3.0113628333333335
84.08333333333333,1642.0,3.2954536666666665
84.16666666666667,1586.0,3.352271833333334
84.25,1601.0,3.2954536666666665
84.33333333333333,1634.0,3.2954536666666665
84.41666666666667,1632.0,1.8181813333333334
84.5,1624.0,3.522726333333334
84.58333333333333,1561.0,3.9204535000000003
84.66666666666667,1528.0,3.352271833333334
84.75,1513.0,2.7840901666666666
84.83333333333333,1523.0,2.7840901666666666
84.91666666666667,1595.0,1.8749995000000002
84.91666666666667,1595.0,3.2954536666666665
84.91666666666667,1602.0,3.2954536666666665
84.91666666666667,1645.0,3.2954536666666665
85.0,1667.0,3.2954536666666665
85.08333333333333,1670.0,0.681818
85.16666666666667,1661.0,3.352271833333334
85.25,1662.0,4.261362500000001
85.41666666666667,1671.0,4.261362500000001
85.5,1660.0,3.693180833333334
85.58333333333333,1644.0,3.352271833333334
85.66666666666667,1622.0,3.806817166666667
85.75,1596.0,3.4659081666666665
85.83333333333333,1550.0,3.1249991666666666
86.0,1559.0,3.1249991666666666
86.08333333333333,1573.0,4.488635166666667
86.08333333333333,1542.0,3.4659081666666665
86.16666666666667,1468.0,1.704545
86.33333333333333,1419.0,2.8977265
86.33333333333333,1399.0,4.318180666666667
86.33333333333333,1423.0,4.318180666666667
86.33333333333333,1461.0,4.318180666666667
86.33333333333333,1466.0,4.318180666666667
86.41666666666667,1455.0,4.318180666666667
86.41666666666667,1455.0,0.5681816666666667
86.5,1420.0,1.761363166666667
86.58333333333333,1380.0,3.4659081666666665
86.75,1437.0,3.4659081666666665
86.83333333333333,1538.0,4.034089833333334
86.91666666666667,1551.0,3.1249991666666666
87.0,1562.0,3.8636353333333338
87.08333333333333,1592.0,3.352271833333334
87.16666666666667,1507.0,3.40909
87.25,1464.0,3.40909
87.33333333333333,1458.0,1.8749995000000002
87.33333333333333,1466.0,2.5568175
87.41666666666667,1495.0,2.0454540000000003
87.58333333333333,1501.0,3.068181
87.58333333333333,1507.0,3.7499990000000003
87.66666666666667,1505.0,1.704545
87.66666666666667,1494.0,1.704545
87.66666666666667,1486.0,1.704545
87.83333333333333,1471.0,1.704545
87.91666666666667,1467.0,4.318180666666667
88.0,1490.0,3.2386355
88.16666666666667,1523.0,3.2386355
88.25,1514.0,3.352271833333334
88.33333333333333,1514.0,4.374998833333334
88.33333333333333,1521.0,3.0113628333333335
88.5,1537.0,3.0113628333333335
88.58333333333333,1557.0,3.352271833333334
88.66666666666667,1558.0,4.147726166666667
88.66666666666667,1561.0,4.147726166666667
88.83333333333333,1542.0,4.147726166666667
88.91666666666667,1525.0,3.40909
89.0,1541.0,4.090908000000001
89.08333333333333,1559.0,4.374998833333334
89.25,1577.0,4.374998833333334
89.33333333333333,1561.0,3.693180833333334
89.41666666666667,1548.0,3.693180833333334
89.58333333333333,1549.0,3.636362666666667
89.66666666666667,1542.0,3.5795445000000004
89.75,1514.0,2.9545446666666666
89.83333333333333,1476.0,3.2386355
89.91666666666667,1486.0,4.8863623333333335
90.0,1488.0,4.8863623333333335
90.08333333333333,1520.0,1.761363166666667
90.16666666666667,1520.0,3.636362666666667
90.25,1564.0,3.40909
90.33333333333333,1568.0,3.0113628333333335
90.41666666666667,1582.0,3.0113628333333335
90.5,1589.0,1.704545
90.58333333333333,1557.0,4.034089833333334
90.66666666666667,1514.0,4.034089833333334
90.75,1487.0,1.704545
90.83333333333333,1450.0,3.5795445000000004
90.91666666666667,1350.0,4.204544333333334
91.0,1292.0,4.204544333333334
91.08333333333333,1325.0,1.6477268333333333
91.16666666666667,1332.0,3.8636353333333338
91.33333333333333,1333.0,3.8636353333333338
91.41666666666667,1403.0,3.8636353333333338
91.5,1408.0,3.693180833333334
91.5,1401.0,3.4659081666666665
91.58333333333333,1385.0,1.761363166666667
91.66666666666667,1360.0,3.636362666666667
91.75,1425.0,3.636362666666667
91.75,1428.0,1.761363166666667
91.83333333333333,1393.0,1.5340905
92.0,1388.0,3.4659081666666665
92.08333333333333,1418.0,4.204544333333334
92.16666666666667,1398.0,3.4659081666666665
92.16666666666667,1401.0,3.068181
92.16666666666667,1409.0,3.068181
92.33333333333333,1395.0,3.068181
92.41666666666667,1387.0,3.352271833333334
92.5,1402.0,3.2386355
92.58333333333333,1422.0,3.2954536666666665
92.66666666666667,1438.0,3.1818173333333335
92.83333333333333,1424.0,3.1818173333333335
92.91666666666667,1419.0,3.2954536666666665
93.0,1419.0,3.636362666666667
93.08333333333333,1404.0,4.318180666666667
93.16666666666667,1380.0,3.068181
93.33333333333333,1406.0,3.068181
93.33333333333333,1429.0,3.2954536666666665
93.41666666666667,1434.0,3.2954536666666665
93.5,1418.0,3.693180833333334
93.58333333333333,1404.0,3.1249991666666666
93.66666666666667,1405.0,3.2954536666666665
93.83333333333333,1405.0,3.2954536666666665
93.91666666666667,1417.0,3.5795445000000004
94.0,1428.0,3.2954536666666665
94.08333333333333,1440.0,3.2386355
94.16666666666667,1462.0,3.352271833333334
94.33333333333333,1488.0,3.40909
94.41666666666667,1510.0,3.5795445000000004
94.5,1499.0,3.0113628333333335
94.58333333333333,1520.0,3.693180833333334
94.66666666666667,1536.0,3.636362666666667
94.75,1547.0,3.352271833333334
94.91666666666667,1549.0,3.352271833333334
94.91666666666667,1537.0,3.8636353333333338
95.0,1529.0,3.8636353333333338
95.08333333333333,1539.0,1.5340905
95.16666666666667,1551.0,3.806817166666667
95.25,1540.0,3.2386355
95.33333333333333,1551.0,3.40909
95.33333333333333,1560.0,3.40909
95.33333333333333,1561.0,3.40909
95.33333333333333,1567.0,3.40909
95.41666666666667,1564.0,0.681818
95.41666666666667,1545.0,0.681818
95.58333333333333,1528.0,1.6477268333333333
95.66666666666667,1522.0,3.4659081666666665
95.75,1524.0,2.9545446666666666
95.83333333333333,1524.0,3.5795445000000004
95.91666666666667,1504.0,3.1818173333333335
96.0,1487.0,3.352271833333334
96.16666666666667,1509.0,3.352271833333334
96.25,1517.0,3.068181
96.25,1511.0,3.636362666666667
96.33333333333333,1516.0,3.636362666666667
96.41666666666667,1545.0,3.352271833333334
96.5,1579.0,3.9204535000000003
96.66666666666667,1641.0,3.1249991666666666
96.75,1693.0,3.1249991666666666
96.83333333333333,1694.0,3.1818173333333335
96.91666666666667,1681.0,3.4659081666666665
97.0,1649.0,3.4659081666666665
97.08333333333333,1650.0,3.2386355
97.16666666666667,1659.0,3.068181
97.25,1659.0,3.1249991666666666
97.33333333333333,1634.0,3.1249991666666666
97.41666666666667,1616.0,1.5340905
97.5,1654.0,4.147726166666667
97.58333333333333,1681.0,3.1249991666666666
97.66666666666667,1673.0,3.2954536666666665
97.75,1687.0,2.8409083333333336
97.83333333333333,1722.0,3.693180833333334
98.0,1723.0,3.693180833333334
98.08333333333333,1712.0,3.636362666666667
98.16666666666667,1704.0,3.40909
98.25,1684.0,2.4999993333333332
98.33333333333333,1663.0,3.2954536666666665
98.33333333333333,1663.0,3.2954536666666665
98.41666666666667,1627.0,1.6477268333333333
98.5,1616.0,3.1818173333333335
98.66666666666667,1593.0,3.1818173333333335
98.75,1582.0,3.2386355
98.75,1601.0,3.1249991666666666
98.83333333333333,1630.0,3.1249991666666666
98.83333333333333,1617.0,1.5340905
98.91666666666667,1602.0,1.5909086666666667
99.0,1601.0,3.693180833333334
99.08333333333333,1592.0,2.670453833333333
99.16666666666667,1572.0,2.670453833333333
99.25,1571.0,1.8181813333333334
99.25,1572.0,2.5568175
99.33333333333333,1572.0,1.9318176666666669
99.41666666666667,1584.0,1.9318176666666669
99.5,1598.0,4.090908000000001
99.5,1609.0,4.090908000000001
99.5,1621.0,4.090908000000001
99.66666666666667,1640.0,4.090908000000001
99.75,1644.0,3.522726333333334
99.75,1646.0,3.2954536666666665
99.75,1652.0,3.2954536666666665
99.83333333333333,1692.0,3.2954536666666665
99.83333333333333,1772.0,1.0227270000000002
99.91666666666667,1774.0,1.5340905
100.0,1786.0,3.40909
100.08333333333333,1822.0,3.1249991666666666
100.25,1792.0,3.1818173333333335
100.33333333333333,1734.0,3.40909
100.41666666666667,1734.0,2.5568175
100.5,1699.0,4.318180666666667
100.58333333333333,1714.0,3.4659081666666665
100.66666666666667,1759.0,3.068181
100.75,1719.0,3.2386355
100.75,1694.0,3.2386355
100.83333333333333,1734.0,1.4772723333333333
101.0,1776.0,3.068181
101.08333333333333,1774.0,3.1249991666666666
101.16666666666667,1765.0,3.0113628333333335
101.16666666666667,1757.0,3.40909
101.25,1775.0,3.40909
101.25,1809.0,1.5340905
101.33333333333333,1835.0,1.4772723333333333
101.41666666666667,1885.0,2.8977265
101.5,1925.0,3.40909
101.58333333333333,1919.0,2.727272
101.66666666666667,1882.0,3.522726333333334
101.75,1866.0,2.5568175
101.83333333333333,1846.0,3.806817166666667
101.91666666666667,1823.0,2.6136356666666667
102.0,1836.0,2.9545446666666666
102.08333333333333,1871.0,2.9545446666666666
102.16666666666667,1896.0,2.670453833333333
102.33333333333333,1899.0,2.727272
102.41666666666667,1884.0,3.5795445000000004
102.5,1885.0,2.8409083333333336
102.58333333333333,1871.0,3.1249991666666666
102.58333333333333,1849.0,2.4999993333333332
102.58333333333333,1877.0,2.4999993333333332
102.66666666666667,1940.0,1.363636
102.75,1939.0,2.8409083333333336
102.75,1927.0,2.8409083333333336
102.83333333333333,1910.0,2.8409083333333336
102.83333333333333,1934.0,1.0795451666666667
102.83333333333333,1979.0,1.0795451666666667
102.83333333333333,2032.0,1.0795451666666667
102.83333333333333,2079.0,1.0795451666666667
102.91666666666667,2067.0,0.6249998333333333
103.0,2016.0,3.1249991666666666
103.08333333333333,2015.0,2.4999993333333332
103.16666666666667,1994.0,2.727272
103.25,1958.0,2.7840901666666666
103.33333333333333,1958.0,2.670453833333333
103.33333333333333,1987.0,2.670453833333333
103.41666666666667,2044.0,2.670453833333333
103.5,2077.0,1.1931815000000001
103.58333333333333,2107.0,3.1249991666666666
103.66666666666667,2163.0,2.7840901666666666
103.75,2121.0,2.7840901666666666
103.75,2065.0,2.5568175
103.75,2023.0,2.5568175
103.75,1953.0,2.5568175
103.83333333333333,1823.0,0.8522725
103.91666666666667,1782.0,2.727272
103.91666666666667,1781.0,2.727272
103.91666666666667,1777.0,2.727272
103.91666666666667,1782.0,2.727272
104.0,1802.0,2.727272
104.08333333333333,1827.0,0.6249998333333333
104.08333333333333,1882.0,2.5568175
104.16666666666667,1945.0,2.3295448333333333
104.25,2001.0,2.7840901666666666
104.33333333333333,2074.0,2.2159085000000003
104.41666666666667,2122.0,2.2159085000000003
104.5,2120.0,2.670453833333333
104.58333333333333,2109.0,2.727272
104.58333333333333,2118.0,2.4431811666666667
104.66666666666667,2123.0,2.102272166666667
104.75,2122.0,2.9545446666666666
104.75,2099.0,2.9545446666666666
104.83333333333333,2081.0,1.2499996666666666
104.91666666666667,2051.0,2.4431811666666667
105.0,1954.0,2.4431811666666667
105.08333333333333,1895.0,2.272726666666667
105.08333333333333,1900.0,2.272726666666667
105.16666666666667,1930.0,2.2159085000000003
105.16666666666667,1988.0,2.2159085000000003
105.16666666666667,2053.0,2.2159085000000003
105.16666666666667,2093.0,2.2159085000000003
105.25,2112.0,2.2159085000000003
105.25,2171.0,0.6249998333333333
105.33333333333333,2198.0,2.272726666666667
105.33333333333333,2178.0,2.272726666666667
105.33333333333333,2108.0,2.272726666666667
105.33333333333333,2108.0,2.272726666666667
105.33333333333333,1998.0,2.272726666666667
105.41666666666667,1875.0,2.272726666666667
105.5,1768.0,0.5113635000000001
105.5,1722.0,2.272726666666667
105.58333333333333,1883.0,2.3863630000000002
105.66666666666667,2010.0,2.3863630000000002
105.66666666666667,2030.0,1.704545
105.75,2057.0,2.102272166666667
105.83333333333333,2136.0,2.102272166666667
105.91666666666667,2191.0,2.5568175
106.0,2209.0,2.5568175
106.0,2229.0,2.2159085000000003
106.08333333333333,2233.0,1.9886358333333334
106.08333333333333,2277.0,1.9886358333333334
106.16666666666667,2378.0,1.9886358333333334
106.16666666666667,2339.0,1.0795451666666667
106.25,2194.0,2.102272166666667
106.33333333333333,2126.0,2.102272166666667
106.33333333333333,1985.0,1.9886358333333334
106.41666666666667,1832.0,1.8181813333333334
106.41666666666667,1672.0,1.8181813333333334
106.5,1631.0,1.8181813333333334
106.5,1682.0,1.0227270000000002
106.58333333333333,1740.0,1.0227270000000002
106.58333333333333,1800.0,1.704545
106.58333333333333,1898.0,1.704545
106.58333333333333,2136.0,1.704545
106.58333333333333,2243.0,1.704545
106.66666666666667,2278.0,0.6249998333333333
106.75,2308.0,0.6249998333333333
106.75,2207.0,1.9318176666666669
106.75,2063.0,1.9318176666666669
106.75,1919.0,1.9318176666666669
106.83333333333333,1857.0,1.9318176666666669
106.83333333333333,1891.0,0.6249998333333333
106.91666666666667,1839.0,0.6249998333333333
106.91666666666667,1713.0,1.8181813333333334
107.0,1575.0,1.8749995000000002
107.08333333333333,1580.0,1.8749995000000002
107.08333333333333,1584.0,1.8749995000000002
107.16666666666667,1841.0,1.761363166666667
107.25,2012.0,1.761363166666667
107.25,2012.0,1.704545
107.33333333333333,2172.0,1.761363166666667
107.33333333333333,2343.0,1.761363166666667
107.41666666666667,2466.0,1.8181813333333334
107.5,2536.0,1.8181813333333334
107.5,2498.0,1.8181813333333334
107.58333333333333,2314.0,1.704545
107.66666666666667,2124.0,1.704545
107.66666666666667,1892.0,1.704545
107.75,1647.0,1.704545
107.75,1426.0,1.4772723333333333
107.83333333333333,1426.0,1.4772723333333333
107.83333333333333,1426.0,1.363636
107.91666666666667,1559.0,1.363636
107.91666666666667,1770.0,1.5909086666666667
108.0,2136.0,1.8181813333333334
108.0,2407.0,1.8181813333333334
108.08333333333333,2636.0,1.4204541666666668
108.08333333333333,2716.0,1.4204541666666668
108.16666666666667,2717.0,1.5909086666666667
108.16666666666667,2714.0,1.5909086666666667
108.16666666666667,2603.0,1.5909086666666667
108.25,2395.0,1.5909086666666667
108.25,1966.0,0.7954543333333334
108.33333333333333,1676.0,1.5340905
108.33333333333333,1399.0,1.5340905
108.33333333333333,1398.0,1.5340905
108.33333333333333,1455.0,1.5340905
108.33333333333333,1711.0,1.5340905
108.41666666666667,1873.0,0.6249998333333333
108.5,2007.0,0.6249998333333333
108.5,2128.0,1.8749995000000002
108.58333333333333,2301.0,1.8749995000000002
108.58333333333333,2341.0,1.1363633333333334
108.66666666666667,2332.0,1.1363633333333334
108.66666666666667,2227.0,1.4204541666666668
108.75,2064.0,1.4204541666666668
108.75,1936.0,1.6477268333333333
108.83333333333333,1833.0,1.6477268333333333
108.83333333333333,1701.0,1.3068178333333333
108.83333333333333,1689.0,1.3068178333333333
108.91666666666667,1453.0,1.2499996666666666
108.91666666666667,1478.0,1.2499996666666666
109.0,1478.0,1.363636
109.0,1535.0,1.363636
109.08333333333333,1588.0,1.3068178333333333
109.08333333333333,1691.0,1.3068178333333333
109.16666666666667,1848.0,1.3068178333333333
109.16666666666667,1970.0,1.1363633333333334
109.16666666666667,2025.0,1.1363633333333334
109.25,2036.0,1.3068178333333333
109.25,2075.0,1.3068178333333333
109.33333333333333,2013.0,1.4204541666666668
109.33333333333333,1902.0,1.4204541666666668
109.41666666666667,1513.0,1.4204541666666668
109.41666666666667,1369.0,1.1363633333333334
109.41666666666667,1463.0,1.1363633333333334
109.5,1621.0,1.1363633333333334
109.5,1616.0,0.9090906666666667
109.58333333333333,1468.0,0.9090906666666667
109.58333333333333,1597.0,1.3068178333333333
109.58333333333333,1894.0,1.3068178333333333
109.58333333333333,2128.0,1.3068178333333333
109.58333333333333,2184.0,1.3068178333333333
109.58333333333333,2196.0,1.3068178333333333
109.66666666666667,2219.0,1.3068178333333333
109.66666666666667,2200.0,0.5113635000000001
109.75,2156.0,0.5113635000000001
109.75,2101.0,1.363636
109.75,1852.0,1.363636
109.75,1586.0,1.363636
109.75,1364.0,1.363636
109.75,1230.0,1.363636
109.83333333333333,1159.0,1.363636
109.83333333333333,1124.0,0.5113635000000001
109.83333333333333,1149.0,0.5113635000000001
109.83333333333333,1295.0,0.5113635000000001
109.83333333333333,1716.0,0.5113635000000001
109.83333333333333,1970.0,0.5113635000000001
109.83333333333333,2168.0,0.5113635000000001
109.83333333333333,2313.0,0.5113635000000001
109.83333333333333,2427.0,0.5113635000000001
109.83333333333333,2501.0,0.5113635000000001
109.91666666666667,2236.0,0.28409083333333335
109.91666666666667,1952.0,0.28409083333333335
109.91666666666667,1952.0,0.28409083333333335
110.0,1687.0,0.28409083333333335
110.0,1158.0,0.9090906666666667
110.0,940.0,0.9090906666666667
110.0,883.0,0.9090906666666667
110.0,954.0,0.9090906666666667
110.08333333333333,1087.0,0.9090906666666667
110.08333333333333,1154.0,0.5681816666666667
110.08333333333333,1352.0,0.5681816666666667
110.08333333333333,1679.0,0.5681816666666667
110.16666666666667,2012.0,0.5681816666666667
110.16666666666667,2345.0,0.681818
110.16666666666667,2352.0,0.681818
110.16666666666667,2466.0,0.681818
110.16666666666667,2545.0,0.681818
110.25,2498.0,0.681818
110.25,2239.0,0.681818
110.25,1934.0,0.681818
110.25,1636.0,0.681818
110.33333333333333,1292.0,0.681818
110.33333333333333,1101.0,0.681818
110.33333333333333,1075.0,0.681818
110.33333333333333,1089.0,0.681818
110.33333333333333,1167.0,0.681818
110.33333333333333,1451.0,0.681818
110.41666666666667,1772.0,0.681818
110.41666666666667,1771.0,0.45454533333333336
110.41666666666667,2053.0,0.45454533333333336
110.41666666666667,2345.0,0.45454533333333336
110.41666666666667,2425.0,0.45454533333333336
110.41666666666667,2379.0,0.45454533333333336
110.41666666666667,2226.0,0.45454533333333336
110.5,1902.0,0.3977271666666667
110.5,1532.0,0.3977271666666667
110.5,1456.0,0.3977271666666667
110.5,1396.0,0.3977271666666667
110.5,1377.0,0.3977271666666667
110.5,1487.0,0.3977271666666667
110.5,1537.0,0.3977271666666667
110.5,1631.0,0.3977271666666667
110.5,1631.0,0.3977271666666667
110.5,2044.0,0.3977271666666667
110.58333333333333,2211.0,0.3977271666666667
110.58333333333333,2211.0,0.28409083333333335
110.58333333333333,2300.0,0.28409083333333335
110.58333333333333,2353.0,0.28409083333333335
110.58333333333333,2370.0,0.28409083333333335
110.58333333333333,2338.0,0.28409083333333335
110.58333333333333,2284.0,0.28409083333333335
110.58333333333333,2216.0,0.28409083333333335
110.58333333333333,2171.0,0.28409083333333335
110.58333333333333,2085.0,0.28409083333333335
110.58333333333333,2030.0,0.28409083333333335
110.58333333333333,2037.0,0.28409083333333335
110.66666666666667,2049.0,0.28409083333333335
110.66666666666667,2066.0,0.22727266666666668
110.66666666666667,2122.0,0.22727266666666668
110.66666666666667,2184.0,0.22727266666666668
110.66666666666667,2213.0,0.22727266666666668
110.66666666666667,2220.0,0.22727266666666668
110.66666666666667,2187.0,0.22727266666666668
110.66666666666667,2158.0,0.22727266666666668
110.66666666666667,2129.0,0.22727266666666668
110.66666666666667,2104.0,0.22727266666666668
110.66666666666667,2126.0,0.22727266666666668
110.66666666666667,2142.0,0.22727266666666668
110.66666666666667,2116.0,0.22727266666666668
110.66666666666667,2117.0,0.22727266666666668
110.66666666666667,2124.0,0.22727266666666668
110.66666666666667,2119.0,0.22727266666666668
110.66666666666667,2158.0,0.22727266666666668
110.75,2186.0,0.22727266666666668
110.75,2202.0,0.1704545
110.75,2228.0,0.1704545
110.75,2189.0,0.1704545
110.75,2180.0,0.1704545
110.75,2211.0,0.1704545
110.75,2200.0,0.1704545
110.75,2188.0,0.1704545
110.75,2184.0,0.1704545
110.75,2145.0,0.1704545
110.75,2142.0,0.1704545
110.75,2151.0,0.1704545
110.75,2154.0,0.1704545
110.75,2166.0,0.1704545
110.75,2165.0,0.1704545
110.75,2165.0,0.1704545
110.75,2183.0,0.1704545
110.75,2214.0,0.1704545
110.75,2209.0,0.1704545
110.75,2219.0,0.1704545
110.75,2235.0,0.1704545
110.75,2197.0,0.1704545
110.75,2196.0,0.1704545
110.75,2209.0,0.1704545
110.75,2230.0,0.1704545
110.75,2269.0,0.1704545
110.75,2273.0,0.1704545
110.75,2225.0,0.1704545
110.75,1878.0,0.1704545
110.75,1298.0,0.1704545
110.75,808.0,0.1704545
110.75,708.0,0.1704545
110.75,689.0,0.1704545
110.75,661.0,0.1704545
110.75,557.0,0.1704545
110.75,469.0,0.1704545
110.75,432.0,0.1704545
110.75,412.0,0.1704545
110.75,294.0,0.1704545
110.75,155.0,0.1704545
110.75,154.0,0.1704545
110.75,67.0,0.1704545
110.75,27.0,0.1704545
110.75,43.0,0.1704545
110.75,81.0,0.1704545
110.75,113.0,0.1704545
110.75,125.0,0.1704545
110.75,102.0,0.1704545
110.75,73.0,0.1704545
110.75,51.0,0.1704545
110.75,37.0,0.1704545
110.75,29.0,0.1704545
110.75,21.0,0.1704545
110.75,12.0,0.1704545
110.75,13.0,0.1704545
110.75,0.0,0.1704545
110.75,0.0,0.1704545
110.75,0.0,0.1704545
110.75,0.0,0.1704545
110.75,0.0,0.1704545
110.75,0.0,0.1704545
110.75,0.0,0.1704545
110.75,0.0,0.1704545
110.75,9.0,0.1704545
110.75,20.0,0.1704545
110.75,27.0,0.1704545
110.75,29.0,0.1704545
110.75,28.0,0.1704545
110.75,26.0,0.0
110.75,26.0,0.0
110.75,28.0,0.0
110.75,26.0,0.0
110.75,25.0,0.0
110.75,24.0,0.0
110.75,18.0,0.0
110.75,13.0,0.0
110.75,11.0,0.0
110.75,8.0,0.0
110.75,8.0,0.0
110.75,10.0,0.0
110.75,14.0,0.0
110.75,17.0,0.0
110.75,21.0,0.0
110.75,21.0,0.0
110.75,20.0,0.0
110.75,16.0,0.0
110.75,12.0,0.0
110.75,8.0,0.0
110.75,3.0,0.0
110.75,1.0,0.0
110.75,2.0,0.0
110.75,5.0,0.0
110.75,14.0,0.0
110.75,17.0,0.0
110.75,18.0,0.0
110.75,16.0,0.0
110.75,16.0,0.0
110.75,14.0,0.0
110.75,14.0,0.0
110.75,14.0,0.0
110.75,14.0,0.0
110.75,16.0,0.0
110.75,17.0,0.0
110.75,16.0,0.0
110.75,17.0,0.0
110.75,17.0,0.0
110.75,19.0,0.0
110.75,17.0,0.0
110.75,15.0,0.0
110.75,14.0,0.0
110.75,12.0,0.0
110.75,12.0,0.0
110.75,13.0,0.0
110.75,14.0,0.0
110.75,14.0,0.0
110.75,15.0,0.0
110.75,15.0,0.0
110.75,15.0,0.0
110.75,16.0,0.0
