0.0,0.0,0.0
0.0,0.0,0.0
0.0,0.0,0.0
0.0,0.0,0.0
0.0,0.0,0.0
0.0,0.0,0.0
0.0,0.0,0.0
0.0,0.0,0.0
0.0,0.0,0.0
0.0,0.0,0.0
0.0,0.0,0.0
0.0,0.0,0.0
0.0,0.0,0.0
0.0,0.0,0.0
0.0,0.0,0.0
0.0,0.0,0.0
0.0,0.0,0.0
0.0,0.0,0.0
0.0,0.0,0.0
0.0,0.0,0.0
0.0,0.0,0.0
0.0,0.0,0.0
0.0,0.0,0.0
0.0,0.0,0.0
0.0,0.0,0.0
0.0,0.0,0.0
0.0,0.0,0.0
0.0,0.0,0.0
0.0,0.0,0.0
0.0,0.0,0.0
0.0,0.0,0.0
0.0,0.0,0.0
0.0,0.0,0.0
0.0,0.0,0.0
0.0,0.0,0.0
0.0,0.0,0.0
0.0,0.0,0.0
0.0,0.0,0.0
0.0,0.0,0.0
0.0,0.0,0.0
0.0,0.0,0.0
0.0,0.0,0.0
0.0,0.0,0.0
0.0,0.0,0.0
0.0,0.0,0.0
0.0,0.0,0.0
0.0,0.0,0.0
0.0,0.0,0.0
0.0,0.0,0.0
0.0,0.0,0.0
0.0,0.0,0.0
0.0,0.0,0.0
0.0,0.0,0.0
0.0,0.0,0.0
0.0,0.0,0.0
0.0,0.0,0.0
0.0,0.0,0.0
0.0,0.0,0.0
0.0,0.0,0.0
0.0,0.0,0.0
0.0,0.0,0.0
0.0,0.0,0.0
0.0,0.0,0.0
0.0,0.0,0.0
0.0,0.0,0.0
0.0,0.0,0.0
0.0,0.0,0.0
0.0,0.0,0.0
0.0,0.0,0.0
0.0,0.0,0.0
0.0,0.0,0.0
0.0,0.0,0.0
0.0,0.0,0.0
0.0,0.0,0.0
0.0,0.0,0.0
0.0,0.0,0.0
0.0,0.0,0.0
0.0,0.0,0.0
0.0,0.0,0.0
0.0,0.0,0.0
0.0,0.0,0.0
0.0,0.0,0.0
0.0,0.0,0.0
0.0,0.0,0.0
0.0,0.0,0.0
0.0,0.0,0.0
0.0,0.0,0.0
0.0,0.0,0.0
0.0,0.0,0.0
0.0,0.0,0.0
0.0,0.0,0.0
0.0,0.0,0.0
0.0,0.0,0.0
0.0,0.0,0.0
0.0,0.0,0.0
0.0,0.0,0.0
0.0,0.0,0.0
0.0,0.0,0.0
0.0,0.0,0.0
0.0,0.0,0.0
0.0,0.0,0.0
0.0,0.0,0.0
0.0,0.0,0.0
0.0,0.0,0.0
0.0,0.0,0.0
0.0,0.0,0.0
0.0,0.0,0.0
0.0,0.0,0.0
0.0,0.0,0.0
0.0,0.0,0.0
0.0,0.0,0.0
0.0,0.0,0.0
0.0,0.0,0.0
0.0,0.0,0.0
0.0,0.0,0.0
0.0,0.0,0.0
0.0,0.0,0.0
0.0,0.0,0.0
0.0,0.0,0.0
0.0,0.0,0.0
0.0,0.0,0.0
0.0,0.0,0.0
0.0,0.0,0.0
0.0,0.0,0.0
0.0,0.0,0.0
0.0,0.0,0.0
0.0,0.0,0.0
0.0,0.0,0.0
0.0,0.0,0.0
0.0,0.0,0.0
0.0,0.0,0.0
0.0,0.0,0.0
0.0,0.0,0.0
0.0,0.0,0.0
0.0,0.0,0.0
0.0,0.0,0.0
0.0,0.0,0.0
0.0,0.0,0.0
0.0,0.0,0.0
0.0,0.0,0.0
0.0,0.0,0.0
0.0,0.0,0.0
0.0,0.0,0.0
0.0,0.0,0.0
0.0,0.0,0.0
0.0,0.0,0.0
0.0,0.0,0.0
0.0,0.0,0.0
0.0,0.0,0.0
0.0,0.0,0.0
0.0,0.0,0.0
0.0,0.0,0.0
0.0,0.0,0.0
0.0,0.0,0.0
0.0,0.0,0.0
0.0,0.0,0.0
0.0,0.0,0.0
0.0,0.0,0.0
0.0,0.0,0.0
0.0,0.0,0.0
0.0,0.0,0.0
0.0,0.0,0.0
0.0,0.0,0.0
0.0,0.0,0.0
0.0,0.0,0.0
0.0,0.0,0.0
0.0,0.0,0.0
0.0,0.0,0.0
0.0,0.0,0.0
0.0,0.0,0.0
0.0,0.0,0.0
0.0,0.0,0.0
0.0,0.0,0.0
0.0,0.0,0.0
0.0,0.0,0.0
0.0,0.0,0.0
0.0,0.0,0.0
0.0,0.0,0.0
0.0,0.0,0.0
0.0,0.0,0.0
0.0,0.0,0.0
0.0,0.0,0.0
0.0,0.0,0.0
0.0,0.0,0.0
0.0,0.0,0.0
0.0,0.0,0.0
0.0,0.0,0.0
0.0,0.0,0.0
0.0,0.0,0.0
0.0,0.0,0.0
0.0,0.0,0.0
0.0,0.0,0.0
0.0,0.0,0.0
0.0,0.0,0.0
0.0,0.0,0.0
0.0,0.0,0.0
0.0,0.0,0.0
0.0,0.0,0.0
0.0,0.0,0.0
0.0,0.0,0.0
0.0,0.0,0.0
0.0,0.0,0.0
0.0,0.0,0.0
0.0,0.0,0.0
0.0,0.0,0.0
0.0,0.0,0.0
0.0,0.0,0.0
0.0,0.0,0.0
0.0,0.0,0.0
0.0,0.0,0.0
0.0,0.0,0.0
0.0,0.0,0.0
0.0,0.0,0.0
0.0,0.0,0.0
0.0,0.0,0.0
0.0,0.0,0.0
0.0,0.0,0.0
0.0,0.0,0.0
0.0,0.0,0.0
0.0,0.0,0.0
0.0,0.0,0.0
0.0,0.0,0.0
0.0,0.0,0.0
0.0,0.0,0.0
0.0,0.0,0.0
0.0,0.0,0.0
0.0,0.0,0.0
0.0,0.0,0.0
0.0,0.0,0.0
0.0,0.0,0.0
0.0,0.0,0.0
0.0,0.0,0.0
0.0,0.0,0.0
0.0,0.0,0.0
0.0,0.0,0.0
0.0,0.0,0.0
0.0,0.0,0.0
0.0,0.0,0.0
0.0,0.0,0.0
0.0,0.0,0.0
0.0,0.0,0.0
0.0,0.0,0.0
0.0,0.0,0.0
0.0,0.0,0.0
0.0,0.0,0.0
0.0,0.0,0.0
0.0,0.0,0.0
0.0,0.0,0.0
0.0,0.0,0.0
0.0,0.0,0.0
0.0,0.0,0.0
0.0,0.0,0.0
0.0,0.0,0.0
0.0,0.0,0.0
0.0,0.0,0.0
0.0,0.0,0.0
0.0,0.0,0.0
0.0,0.0,0.0
0.0,0.0,0.0
0.0,0.0,0.0
0.0,0.0,0.0
0.0,0.0,0.0
0.0,0.0,0.0
0.0,0.0,0.0
0.0,0.0,0.0
0.0,0.0,0.0
0.0,0.0,0.0
0.0,0.0,0.0
0.0,0.0,0.0
0.0,0.0,0.0
0.0,0.0,0.0
0.0,0.0,0.0
0.0,0.0,0.0
0.0,0.0,0.0
0.0,0.0,0.0
0.0,0.0,0.0
0.0,0.0,0.0
0.0,0.0,0.0
0.0,0.0,0.0
0.0,0.0,0.0
0.0,0.0,0.0
0.0,0.0,0.0
0.0,0.0,0.0
0.0,0.0,0.0
0.0,0.0,0.0
0.0,0.0,0.0
0.0,0.0,0.0
0.0,0.0,0.0
0.0,0.0,0.0
0.0,0.0,0.0
0.0,0.0,0.0
0.0,0.0,0.0
0.0,0.0,0.0
0.0,0.0,0.0
0.0,0.0,0.0
0.0,0.0,0.0
0.0,0.0,0.0
0.0,0.0,0.0
0.0,0.0,0.0
0.0,0.0,0.0
0.0,0.0,0.0
0.0,0.0,0.0
0.0,0.0,0.0
0.0,0.0,0.0
0.0,0.0,0.0
0.0,0.0,0.0
0.0,0.0,0.0
0.0,0.0,0.0
0.0,0.0,0.0
0.0,0.0,0.0
0.0,0.0,0.0
0.0,0.0,0.0
0.0,0.0,0.0
0.0,0.0,0.0
0.0,0.0,0.0
0.0,0.0,0.0
0.0,0.0,0.0
0.0,0.0,0.0
0.0,0.0,0.0
0.0,0.0,0.0
0.0,0.0,0.0
0.0,0.0,0.0
0.0,0.0,0.0
0.0,0.0,0.0
0.0,0.0,0.0
0.0,0.0,0.0
0.0,0.0,0.0
0.0,0.0,0.0
0.0,0.0,0.0
0.0,0.0,0.0
0.0,0.0,0.0
0.0,0.0,0.0
0.0,0.0,0.0
0.0,0.0,0.0
0.0,0.0,0.0
0.0,0.0,0.0
0.0,0.0,0.0
0.0,0.0,0.0
0.0,0.0,0.0
0.0,0.0,0.0
0.0,0.0,0.0
0.0,0.0,0.0
0.0,0.0,0.0
0.0,0.0,0.0
0.0,0.0,0.0
0.0,0.0,0.0
0.0,0.0,0.0
0.0,0.0,0.0
0.0,0.0,0.0
0.0,0.0,0.0
0.0,0.0,0.0
0.0,0.0,0.0
0.0,0.0,0.0
0.0,0.0,0.0
0.0,0.0,0.0
0.0,0.0,0.0
0.0,0.0,0.0
0.0,0.0,0.0
0.0,0.0,0.0
0.0,0.0,0.0
0.0,0.0,0.0
0.0,0.0,0.0
0.0,0.0,0.0
0.0,1234.0,0.0
0.0,2168.0,0.0
0.0,2130.0,0.0
0.0,2130.0,0.0
0.0,1774.0,0.0
0.0,1698.0,0.0
0.0,1721.0,0.0
0.0,2012.0,0.0
0.0,2040.0,0.0
0.0,1679.0,0.0
0.08333333333333333,1098.0,0.0
0.08333333333333333,932.0,0.0
0.08333333333333333,907.0,0.0
0.08333333333333333,983.0,0.0
0.08333333333333333,1427.0,0.0
0.08333333333333333,1789.0,0.0
0.08333333333333333,2020.0,0.0
0.08333333333333333,2100.0,0.0
0.08333333333333333,2064.0,0.0
0.08333333333333333,2021.0,0.0
0.08333333333333333,2021.0,0.0
0.08333333333333333,2011.0,0.0
0.08333333333333333,2023.0,0.0
0.16666666666666666,2051.0,0.0
0.16666666666666666,2044.0,0.0
0.16666666666666666,2030.0,0.0
0.16666666666666666,2037.0,0.0
0.16666666666666666,2163.0,0.0
0.16666666666666666,2278.0,0.0
0.16666666666666666,2339.0,0.0
0.25,2369.0,0.0
0.25,2354.0,0.3977271666666667
0.25,2322.0,0.3977271666666667
0.25,2284.0,0.3977271666666667
0.25,2284.0,0.3977271666666667
0.25,2222.0,0.3977271666666667
0.25,2153.0,0.3977271666666667
0.3333333333333333,2067.0,0.45454533333333336
0.3333333333333333,1973.0,0.45454533333333336
0.3333333333333333,1888.0,0.45454533333333336
0.3333333333333333,1714.0,0.45454533333333336
0.3333333333333333,1487.0,0.45454533333333336
0.3333333333333333,1328.0,0.45454533333333336
0.3333333333333333,1258.0,0.45454533333333336
0.3333333333333333,1336.0,0.45454533333333336
0.3333333333333333,1571.0,0.45454533333333336
0.3333333333333333,1571.0,0.45454533333333336
0.3333333333333333,1606.0,0.45454533333333336
0.3333333333333333,1601.0,0.45454533333333336
0.3333333333333333,1600.0,0.45454533333333336
0.3333333333333333,1564.0,0.45454533333333336
0.3333333333333333,1577.0,0.45454533333333336
0.3333333333333333,1597.0,0.45454533333333336
0.3333333333333333,1617.0,0.45454533333333336
0.3333333333333333,1616.0,0.45454533333333336
0.3333333333333333,1588.0,0.45454533333333336
0.3333333333333333,1568.0,0.45454533333333336
0.3333333333333333,1552.0,0.45454533333333336
0.3333333333333333,1497.0,0.45454533333333336
0.3333333333333333,1411.0,0.45454533333333336
0.3333333333333333,1440.0,0.45454533333333336
0.3333333333333333,1515.0,0.45454533333333336
0.3333333333333333,1605.0,0.45454533333333336
0.3333333333333333,1633.0,0.45454533333333336
0.4166666666666667,1635.0,0.45454533333333336
0.4166666666666667,1631.0,0.11363633333333334
0.4166666666666667,1643.0,0.11363633333333334
0.4166666666666667,1689.0,0.11363633333333334
0.4166666666666667,1791.0,0.11363633333333334
0.5,1831.0,0.681818
0.5,1774.0,0.681818
0.5,1693.0,0.681818
0.5,1672.0,0.681818
0.5833333333333334,1674.0,0.7386361666666666
0.5833333333333334,1685.0,0.7386361666666666
0.5833333333333334,1705.0,0.7386361666666666
0.6666666666666666,1705.0,0.7386361666666666
0.6666666666666666,1682.0,0.7954543333333334
0.6666666666666666,1709.0,0.7954543333333334
0.6666666666666666,1730.0,0.7954543333333334
0.75,1721.0,0.8522725
0.75,1657.0,0.8522725
0.75,1654.0,0.8522725
0.75,1663.0,0.8522725
0.75,1636.0,0.8522725
0.75,1508.0,0.8522725
0.8333333333333334,1511.0,0.8522725
0.8333333333333334,1610.0,0.3977271666666667
0.8333333333333334,1679.0,0.3977271666666667
0.8333333333333334,1679.0,0.3977271666666667
0.9166666666666666,1672.0,0.8522725
0.9166666666666666,1664.0,0.8522725
1.0,1654.0,1.3068178333333333
1.0,1592.0,1.3068178333333333
1.0,1537.0,1.3068178333333333
1.0833333333333333,1504.0,1.0795451666666667
1.0833333333333333,1476.0,1.0795451666666667
1.1666666666666667,1465.0,1.2499996666666666
1.1666666666666667,1482.0,1.2499996666666666
1.1666666666666667,1477.0,1.2499996666666666
1.1666666666666667,1491.0,1.2499996666666666
1.1666666666666667,1546.0,1.2499996666666666
1.1666666666666667,1630.0,1.2499996666666666
1.1666666666666667,1670.0,1.2499996666666666
1.25,1646.0,1.2499996666666666
1.25,1642.0,0.3977271666666667
1.3333333333333333,1608.0,1.8181813333333334
1.3333333333333333,1607.0,1.8181813333333334
1.4166666666666667,1658.0,1.8181813333333334
1.4166666666666667,1673.0,1.2499996666666666
1.5,1649.0,1.2499996666666666
1.5833333333333333,1598.0,1.4772723333333333
1.5833333333333333,1456.0,2.3295448333333333
1.5833333333333333,1400.0,2.3295448333333333
1.5833333333333333,1395.0,2.3295448333333333
1.5833333333333333,1423.0,2.3295448333333333
1.5833333333333333,1496.0,2.3295448333333333
1.5833333333333333,1789.0,2.3295448333333333
1.5833333333333333,2004.0,2.3295448333333333
1.6666666666666667,2005.0,0.3977271666666667
1.6666666666666667,2153.0,0.3977271666666667
1.6666666666666667,2262.0,0.3977271666666667
1.75,2237.0,0.3977271666666667
1.75,2187.0,0.8522725
1.8333333333333333,2162.0,2.272726666666667
1.8333333333333333,2096.0,2.272726666666667
1.9166666666666667,1890.0,1.4204541666666668
1.9166666666666667,1785.0,1.4204541666666668
2.0,1764.0,1.4204541666666668
2.0,1797.0,0.9659088333333334
2.0,1883.0,0.9659088333333334
2.0,1883.0,0.9659088333333334
2.0,1919.0,0.9659088333333334
2.0,1979.0,0.9659088333333334
2.0833333333333335,1979.0,0.9659088333333334
2.0833333333333335,2033.0,0.45454533333333336
2.1666666666666665,2037.0,2.0454540000000003
2.25,2082.0,2.0454540000000003
2.25,2149.0,2.102272166666667
2.3333333333333335,2159.0,1.8181813333333334
2.4166666666666665,2000.0,2.3295448333333333
2.5,2012.0,2.3295448333333333
2.5833333333333335,2007.0,2.2159085000000003
2.5833333333333335,1918.0,2.2159085000000003
2.6666666666666665,1760.0,1.9318176666666669
2.75,1735.0,1.9318176666666669
2.8333333333333335,1780.0,2.3863630000000002
2.8333333333333335,1729.0,2.3295448333333333
2.9166666666666665,1704.0,1.9318176666666669
3.0,1597.0,2.670453833333333
3.0833333333333335,1676.0,2.670453833333333
3.1666666666666665,1722.0,2.272726666666667
3.25,1654.0,2.4999993333333332
3.3333333333333335,1738.0,2.1590903333333333
3.3333333333333335,1780.0,3.068181
3.3333333333333335,1782.0,3.068181
3.4166666666666665,1732.0,1.1931815000000001
3.5,1816.0,2.7840901666666666
3.5,1921.0,2.7840901666666666
3.5833333333333335,1896.0,1.363636
3.5833333333333335,1856.0,1.363636
3.5833333333333335,1827.0,1.363636
3.6666666666666665,1732.0,0.9090906666666667
3.75,1654.0,3.0113628333333335
3.8333333333333335,1623.0,2.7840901666666666
3.8333333333333335,1649.0,2.7840901666666666
3.9166666666666665,1889.0,1.4204541666666668
4.0,2097.0,3.9204535000000003
4.166666666666667,2083.0,3.9204535000000003
4.25,2008.0,3.1249991666666666
4.25,1949.0,2.7840901666666666
4.333333333333333,1835.0,2.7840901666666666
4.416666666666667,1736.0,1.761363166666667
4.416666666666667,1600.0,2.727272
4.416666666666667,1600.0,2.727272
4.5,1530.0,1.0227270000000002
4.583333333333333,1568.0,4.374998833333334
4.666666666666667,1615.0,3.0113628333333335
4.666666666666667,1567.0,3.0113628333333335
4.666666666666667,1465.0,3.0113628333333335
4.666666666666667,1465.0,3.0113628333333335
4.75,1609.0,0.6249998333333333
4.833333333333333,1727.0,3.4659081666666665
4.916666666666667,1828.0,3.5795445000000004
5.0,1895.0,3.5795445000000004
5.083333333333333,1874.0,1.6477268333333333
5.166666666666667,1879.0,4.431817000000001
5.333333333333333,1869.0,4.431817000000001
5.333333333333333,1858.0,4.9999986666666665
5.416666666666667,1808.0,1.761363166666667
5.5,1790.0,3.522726333333334
5.666666666666667,1677.0,3.522726333333334
5.75,1626.0,3.9772716666666668
5.833333333333333,1650.0,4.090908000000001
6.0,1669.0,4.090908000000001
6.0,1686.0,4.659089666666667
6.0,1736.0,4.659089666666667
6.083333333333333,1842.0,4.659089666666667
6.083333333333333,1850.0,0.9659088333333334
6.166666666666667,1778.0,1.9886358333333334
6.25,1777.0,2.2159085000000003
6.416666666666667,1799.0,2.2159085000000003
6.5,1747.0,3.693180833333334
6.583333333333333,1697.0,4.090908000000001
6.666666666666667,1696.0,4.090908000000001
6.75,1782.0,4.261362500000001
6.833333333333333,1832.0,4.261362500000001
6.833333333333333,1779.0,1.8749995000000002
7.0,1730.0,2.102272166666667
7.083333333333333,1697.0,4.090908000000001
7.25,1753.0,4.090908000000001
7.416666666666667,1802.0,4.090908000000001
7.416666666666667,1706.0,4.147726166666667
7.416666666666667,1591.0,4.147726166666667
7.5,1580.0,4.147726166666667
7.666666666666667,1686.0,4.147726166666667
7.75,1781.0,4.204544333333334
7.916666666666667,1781.0,4.545453333333334
8.0,1776.0,4.7159078333333335
8.166666666666666,1775.0,4.6022715000000005
8.333333333333334,1716.0,4.545453333333334
8.416666666666666,1563.0,4.488635166666667
8.5,1594.0,3.8636353333333338
8.583333333333334,1602.0,2.3863630000000002
8.75,1504.0,2.3863630000000002
8.833333333333334,1433.0,4.318180666666667
9.0,1594.0,4.318180666666667
9.083333333333334,1672.0,4.659089666666667
9.166666666666666,1650.0,4.659089666666667
9.333333333333334,1586.0,4.659089666666667
9.416666666666666,1652.0,4.488635166666667
9.583333333333334,1705.0,4.488635166666667
9.75,1729.0,4.488635166666667
9.916666666666666,1730.0,4.488635166666667
10.0,1641.0,4.7727260000000005
10.166666666666666,1526.0,4.7727260000000005
10.166666666666666,1472.0,4.7159078333333335
10.333333333333334,1469.0,4.7159078333333335
10.416666666666666,1500.0,4.7159078333333335
10.5,1400.0,4.8295441666666665
10.666666666666666,1389.0,4.8295441666666665
10.666666666666666,1492.0,4.8295441666666665
10.833333333333334,1600.0,4.8295441666666665
10.916666666666666,1661.0,4.7727260000000005
11.083333333333334,1606.0,4.9999986666666665
11.25,1598.0,4.9999986666666665
11.333333333333334,1604.0,4.488635166666667
11.5,1590.0,4.545453333333334
11.666666666666666,1562.0,4.545453333333334
11.75,1533.0,5.9659075
11.833333333333334,1478.0,4.261362500000001
12.0,1440.0,4.261362500000001
12.083333333333334,1351.0,4.9431805
12.166666666666666,1321.0,4.545453333333334
12.25,1345.0,4.545453333333334
12.416666666666666,1353.0,4.545453333333334
12.416666666666666,1273.0,4.431817000000001
12.583333333333334,1270.0,4.431817000000001
12.75,1335.0,4.9431805
12.916666666666666,1335.0,4.9431805
13.0,1416.0,4.9431805
13.083333333333334,1471.0,4.431817000000001
13.166666666666666,1438.0,2.2159085000000003
13.333333333333334,1418.0,2.2159085000000003
13.5,1440.0,4.7727260000000005
13.666666666666666,1460.0,4.7727260000000005
13.666666666666666,1411.0,4.659089666666667
13.833333333333334,1305.0,4.659089666666667
13.916666666666666,1220.0,4.488635166666667
14.0,1227.0,4.488635166666667
14.166666666666666,1332.0,4.488635166666667
14.333333333333334,1334.0,4.7727260000000005
14.416666666666666,1321.0,4.8863623333333335
14.583333333333334,1356.0,4.8863623333333335
14.75,1426.0,4.8863623333333335
14.833333333333334,1586.0,4.488635166666667
15.0,1663.0,4.488635166666667
15.166666666666666,1577.0,4.7727260000000005
15.333333333333334,1431.0,4.7159078333333335
15.416666666666666,1321.0,4.659089666666667
15.416666666666666,1293.0,4.7727260000000005
15.5,1250.0,1.5909086666666667
15.666666666666666,1246.0,1.5909086666666667
15.833333333333334,1266.0,4.9999986666666665
16.0,1342.0,5.113635
16.083333333333332,1474.0,4.8295441666666665
16.25,1554.0,4.6022715000000005
16.416666666666668,1556.0,4.8863623333333335
16.5,1526.0,5.113635
16.666666666666668,1528.0,5.113635
16.666666666666668,1430.0,4.545453333333334
16.75,1307.0,1.5909086666666667
16.833333333333332,1224.0,1.5909086666666667
16.916666666666668,1234.0,5.852271166666667
17.0,1206.0,5.852271166666667
17.166666666666668,1162.0,5.852271166666667
17.25,1152.0,4.9431805
17.416666666666668,1253.0,5.113635
17.583333333333332,1328.0,4.659089666666667
17.75,1377.0,5.113635
17.833333333333332,1393.0,4.8863623333333335
18.0,1345.0,4.8863623333333335
18.166666666666668,1345.0,4.8863623333333335
18.25,1318.0,4.7159078333333335
18.333333333333332,1316.0,4.7159078333333335
18.416666666666668,1217.0,4.8295441666666665
18.583333333333332,1097.0,4.8295441666666665
18.666666666666668,1085.0,5.340907666666666
18.833333333333332,1168.0,5.340907666666666
19.0,1305.0,5.340907666666666
19.166666666666668,1398.0,4.8295441666666665
19.333333333333332,1400.0,4.8295441666666665
19.416666666666668,1449.0,5.681816666666667
19.583333333333332,1475.0,4.8295441666666665
19.75,1422.0,4.8295441666666665
19.916666666666668,1230.0,4.8295441666666665
19.916666666666668,1143.0,4.7727260000000005
19.916666666666668,1088.0,4.7727260000000005
20.083333333333332,1088.0,4.7727260000000005
20.166666666666668,1091.0,5.6249985
20.333333333333332,1139.0,5.6249985
20.5,1131.0,5.6249985
20.666666666666668,1107.0,5.6249985
20.666666666666668,1092.0,5.568180333333333
20.75,1104.0,5.568180333333333
20.833333333333332,1103.0,1.6477268333333333
20.916666666666668,1107.0,5.397725833333334
21.0,1095.0,2.8409083333333336
21.0,1057.0,2.8409083333333336
21.083333333333332,1035.0,1.3068178333333333
21.083333333333332,1052.0,1.3068178333333333
21.25,1082.0,1.761363166666667
21.416666666666668,1085.0,5.227271333333333
21.583333333333332,1052.0,5.227271333333333
21.75,1015.0,5.852271166666667
21.833333333333332,1004.0,5.113635
21.916666666666668,1012.0,5.113635
21.916666666666668,1015.0,1.704545
21.916666666666668,991.0,1.704545
22.0,965.0,1.0795451666666667
22.0,967.0,1.0795451666666667
22.0,1010.0,1.0795451666666667
22.166666666666668,1031.0,1.0795451666666667
22.333333333333332,993.0,5.397725833333334
22.5,976.0,5.397725833333334
22.666666666666668,976.0,5.568180333333333
22.75,1004.0,5.397725833333334
22.916666666666668,1127.0,5.397725833333334
23.083333333333332,1016.0,5.397725833333334
23.25,882.0,5.6249985
23.416666666666668,784.0,5.340907666666666
23.416666666666668,736.0,5.2840895
23.416666666666668,805.0,5.2840895
23.583333333333332,811.0,5.2840895
23.75,791.0,5.454544
23.916666666666668,763.0,5.454544
24.0,841.0,5.170453166666666
24.25,866.0,5.397725833333334
24.416666666666668,823.0,5.397725833333334
24.5,777.0,5.852271166666667
24.666666666666668,624.0,6.420452833333333
24.833333333333332,573.0,5.340907666666666
25.0,714.0,5.227271333333333
25.0,948.0,6.874998166666668
25.083333333333332,1132.0,6.874998166666668
25.25,1121.0,6.874998166666668
25.416666666666668,1028.0,6.022725666666667
25.583333333333332,971.0,6.022725666666667
25.75,951.0,5.909089333333333
25.916666666666668,861.0,5.568180333333333
26.0,764.0,5.909089333333333
26.083333333333332,676.0,2.7840901666666666
26.25,676.0,2.7840901666666666
26.25,927.0,5.454544
26.333333333333332,1015.0,5.454544
26.416666666666668,1046.0,6.022725666666667
26.5,1036.0,6.022725666666667
26.666666666666668,1042.0,6.022725666666667
26.833333333333332,1079.0,6.022725666666667
26.916666666666668,1069.0,5.6249985
27.083333333333332,1003.0,5.6249985
27.25,944.0,5.6249985
27.333333333333332,920.0,4.318180666666667
27.416666666666668,934.0,5.454544
27.416666666666668,923.0,5.454544
27.5,917.0,1.4204541666666668
27.5,907.0,1.4204541666666668
27.583333333333332,907.0,1.4204541666666668
27.75,915.0,1.4204541666666668
27.75,914.0,4.9999986666666665
27.916666666666668,939.0,4.9999986666666665
28.0,965.0,5.2840895
28.083333333333332,958.0,5.2840895
28.083333333333332,944.0,1.8181813333333334
28.25,964.0,2.6136356666666667
28.416666666666668,992.0,5.738634833333333
28.5,980.0,4.659089666666667
28.583333333333332,956.0,4.659089666666667
28.583333333333332,997.0,1.761363166666667
28.666666666666668,1107.0,1.761363166666667
28.75,1088.0,1.363636
28.916666666666668,954.0,3.1249991666666666
29.0,978.0,5.113635
29.166666666666668,976.0,5.113635
29.25,1028.0,5.738634833333333
29.333333333333332,989.0,5.738634833333333
29.5,1018.0,5.738634833333333
29.583333333333332,1082.0,5.170453166666666
29.583333333333332,1145.0,5.170453166666666
29.583333333333332,1116.0,5.170453166666666
29.666666666666668,1002.0,5.170453166666666
29.833333333333332,900.0,5.170453166666666
29.916666666666668,834.0,6.022725666666667
30.083333333333332,824.0,5.6249985
30.25,927.0,5.6249985
30.333333333333332,948.0,4.8863623333333335
30.5,964.0,4.8863623333333335
30.583333333333332,963.0,5.397725833333334
30.75,954.0,5.397725833333334
30.916666666666668,933.0,5.454544
31.0,916.0,4.488635166666667
31.166666666666668,862.0,4.488635166666667
31.333333333333332,800.0,5.170453166666666
31.5,815.0,5.170453166666666
31.666666666666668,849.0,5.170453166666666
31.833333333333332,881.0,5.397725833333334
31.916666666666668,908.0,5.170453166666666
32.0,1042.0,2.727272
32.166666666666664,1111.0,4.9431805
32.333333333333336,1111.0,5.113635
32.416666666666664,1111.0,5.454544
32.416666666666664,1112.0,2.670453833333333
32.5,1166.0,2.670453833333333
32.666666666666664,1196.0,5.795453
32.833333333333336,1097.0,5.795453
33.0,1019.0,5.6249985
33.166666666666664,1016.0,5.6249985
33.25,1047.0,5.511362166666667
33.333333333333336,1060.0,5.511362166666667
33.5,1099.0,5.511362166666667
33.666666666666664,1170.0,5.511362166666667
33.666666666666664,1194.0,4.8295441666666665
33.75,1143.0,4.8295441666666665
33.833333333333336,1120.0,5.2840895
33.916666666666664,1110.0,5.2840895
34.083333333333336,1086.0,5.2840895
34.25,940.0,5.2840895
34.416666666666664,879.0,4.8863623333333335
34.5,871.0,6.3068165
34.583333333333336,910.0,5.6249985
34.75,1069.0,5.6249985
34.916666666666664,1097.0,5.681816666666667
35.083333333333336,1003.0,5.170453166666666
35.25,878.0,5.227271333333333
35.416666666666664,779.0,5.568180333333333
35.5,781.0,5.056816833333333
35.666666666666664,791.0,5.056816833333333
35.833333333333336,846.0,5.056816833333333
36.0,889.0,5.056816833333333
36.166666666666664,902.0,5.056816833333333
36.333333333333336,965.0,5.454544
36.416666666666664,902.0,5.568180333333333
36.5,810.0,5.568180333333333
36.666666666666664,842.0,5.568180333333333
36.75,906.0,5.568180333333333
36.916666666666664,905.0,5.568180333333333
36.916666666666664,894.0,5.170453166666666
37.0,951.0,5.170453166666666
37.166666666666664,1074.0,5.170453166666666
37.333333333333336,1090.0,5.795453
37.5,1100.0,5.397725833333334
37.583333333333336,1149.0,4.9999986666666665
37.666666666666664,1123.0,4.9999986666666665
37.833333333333336,1123.0,4.9999986666666665
37.916666666666664,1119.0,5.738634833333333
38.083333333333336,1074.0,5.6249985
38.166666666666664,1004.0,5.6249985
38.25,993.0,5.6249985
38.333333333333336,1074.0,5.2840895
38.333333333333336,1208.0,5.2840895
38.5,1309.0,5.2840895
38.666666666666664,1274.0,5.227271333333333
38.833333333333336,1159.0,5.227271333333333
38.833333333333336,1153.0,5.2840895
38.916666666666664,1156.0,5.2840895
39.083333333333336,1126.0,5.2840895
39.25,1014.0,5.170453166666666
39.416666666666664,973.0,5.170453166666666
39.5,972.0,5.227271333333333
39.5,1107.0,5.227271333333333
39.5,1291.0,5.227271333333333
39.583333333333336,1280.0,5.227271333333333
39.75,1194.0,5.227271333333333
39.833333333333336,1226.0,5.227271333333333
40.0,1315.0,5.056816833333333
40.166666666666664,1282.0,5.6249985
40.333333333333336,1285.0,5.6249985
40.5,1341.0,5.568180333333333
40.666666666666664,1307.0,5.568180333333333
40.666666666666664,1095.0,5.170453166666666
40.75,1092.0,1.8181813333333334
40.75,1127.0,1.8181813333333334
40.75,1127.0,1.8181813333333334
40.916666666666664,1113.0,1.8181813333333334
41.0,1158.0,6.249998333333333
41.166666666666664,1251.0,6.136362
41.333333333333336,1329.0,6.079543833333333
41.416666666666664,1341.0,5.511362166666667
41.5,1348.0,5.511362166666667
41.5,1364.0,1.8181813333333334
41.583333333333336,1330.0,1.8181813333333334
41.666666666666664,1292.0,1.704545
41.666666666666664,1378.0,2.670453833333333
41.75,1432.0,1.6477268333333333
41.833333333333336,1357.0,1.6477268333333333
42.0,1357.0,4.8863623333333335
42.083333333333336,1297.0,5.511362166666667
42.25,1305.0,5.511362166666667
42.416666666666664,1456.0,5.511362166666667
42.583333333333336,1380.0,5.227271333333333
42.75,1392.0,5.2840895
42.833333333333336,1430.0,4.7727260000000005
42.916666666666664,1371.0,2.7840901666666666
43.0,1313.0,4.8295441666666665
43.0,1290.0,4.8295441666666665
43.0,1266.0,4.8295441666666665
43.083333333333336,1268.0,4.8295441666666665
43.25,1252.0,5.170453166666666
43.333333333333336,1219.0,5.6249985
43.5,1232.0,5.511362166666667
43.666666666666664,1253.0,5.511362166666667
43.833333333333336,1213.0,5.397725833333334
44.0,1108.0,5.397725833333334
44.083333333333336,999.0,5.227271333333333
44.166666666666664,925.0,5.227271333333333
44.25,961.0,1.704545
44.333333333333336,1209.0,4.9999986666666665
44.333333333333336,1417.0,4.9999986666666665
44.333333333333336,1456.0,4.9999986666666665
44.416666666666664,1329.0,0.8522725
44.583333333333336,1202.0,4.659089666666667
44.75,1269.0,4.659089666666667
44.916666666666664,1250.0,5.170453166666666
45.0,1144.0,4.8295441666666665
45.166666666666664,1070.0,4.8295441666666665
45.25,1045.0,5.113635
45.416666666666664,1053.0,4.7727260000000005
45.583333333333336,1153.0,4.7727260000000005
45.583333333333336,1272.0,6.079543833333333
45.666666666666664,1191.0,1.761363166666667
45.666666666666664,1157.0,1.761363166666667
45.833333333333336,1208.0,1.761363166666667
46.0,1225.0,5.454544
46.166666666666664,1152.0,5.454544
46.25,1192.0,4.7159078333333335
46.25,1234.0,4.7159078333333335
46.416666666666664,1242.0,4.7159078333333335
46.583333333333336,1190.0,5.454544
46.75,1190.0,5.340907666666666
46.916666666666664,1153.0,5.340907666666666
46.916666666666664,1152.0,5.170453166666666
46.916666666666664,1171.0,5.170453166666666
46.916666666666664,1184.0,5.170453166666666
47.083333333333336,1205.0,5.170453166666666
47.25,1209.0,5.170453166666666
47.416666666666664,1201.0,5.170453166666666
47.416666666666664,1196.0,5.9659075
47.416666666666664,1161.0,5.9659075
47.583333333333336,1062.0,5.9659075
47.583333333333336,1040.0,5.340907666666666
47.666666666666664,1071.0,5.340907666666666
47.666666666666664,1134.0,1.363636
47.666666666666664,1202.0,1.363636
47.666666666666664,1202.0,1.363636
47.75,1078.0,0.7954543333333334
47.833333333333336,980.0,2.4999993333333332
47.833333333333336,1051.0,2.4999993333333332
48.0,1081.0,2.4999993333333332
48.083333333333336,1069.0,5.397725833333334
48.083333333333336,1010.0,5.397725833333334
48.166666666666664,889.0,1.363636
48.166666666666664,882.0,1.363636
48.166666666666664,937.0,1.363636
48.333333333333336,974.0,1.363636
48.416666666666664,989.0,4.8863623333333335
48.416666666666664,1077.0,4.8863623333333335
48.5,1078.0,4.8863623333333335
48.583333333333336,1078.0,4.659089666666667
48.75,1058.0,4.659089666666667
48.916666666666664,1100.0,4.8295441666666665
49.083333333333336,1064.0,4.9999986666666665
49.166666666666664,945.0,4.9431805
49.25,951.0,4.659089666666667
49.333333333333336,1088.0,2.6136356666666667
49.416666666666664,1192.0,2.6136356666666667
49.5,1186.0,1.6477268333333333
49.583333333333336,1257.0,2.3863630000000002
49.583333333333336,1291.0,5.2840895
49.583333333333336,1124.0,5.2840895
49.666666666666664,997.0,1.0227270000000002
49.833333333333336,1054.0,2.4999993333333332
49.916666666666664,1054.0,5.738634833333333
50.083333333333336,1053.0,5.738634833333333
50.25,1269.0,5.340907666666666
50.416666666666664,1212.0,5.340907666666666
50.5,1196.0,5.397725833333334
50.583333333333336,1251.0,5.397725833333334
50.666666666666664,1344.0,5.056816833333333
50.666666666666664,1449.0,5.056816833333333
50.75,1487.0,5.056816833333333
50.916666666666664,1506.0,5.056816833333333
51.083333333333336,1420.0,5.056816833333333
51.25,1289.0,5.568180333333333
51.333333333333336,1355.0,6.363634666666667
51.5,1369.0,5.6249985
51.666666666666664,1335.0,5.6249985
51.75,1333.0,4.8863623333333335
51.833333333333336,1361.0,6.022725666666667
51.833333333333336,1385.0,6.022725666666667
52.0,1393.0,6.022725666666667
52.0,1382.0,5.511362166666667
52.166666666666664,1358.0,5.511362166666667
52.166666666666664,1372.0,4.659089666666667
52.25,1376.0,4.659089666666667
52.333333333333336,1368.0,1.3068178333333333
52.5,1359.0,4.545453333333334
52.666666666666664,1360.0,4.7159078333333335
52.833333333333336,1357.0,5.113635
53.0,1363.0,4.8295441666666665
53.166666666666664,1393.0,4.8295441666666665
53.166666666666664,1443.0,4.9431805
53.333333333333336,1385.0,4.9431805
53.333333333333336,1154.0,4.7159078333333335
53.416666666666664,1098.0,1.6477268333333333
53.416666666666664,1312.0,1.6477268333333333
53.5,1441.0,1.6477268333333333
53.666666666666664,1431.0,5.340907666666666
53.833333333333336,1349.0,5.340907666666666
54.0,1235.0,5.340907666666666
54.166666666666664,1312.0,5.511362166666667
54.333333333333336,1378.0,5.340907666666666
54.416666666666664,1309.0,5.454544
54.5,1246.0,4.9999986666666665
54.666666666666664,1246.0,4.9999986666666665
54.666666666666664,1155.0,4.7727260000000005
54.666666666666664,1167.0,4.7727260000000005
54.75,1183.0,1.2499996666666666
54.75,1231.0,1.2499996666666666
54.833333333333336,1328.0,1.3068178333333333
55.0,1329.0,2.4431811666666667
55.083333333333336,1360.0,5.511362166666667
55.25,1481.0,4.8863623333333335
55.333333333333336,1578.0,5.397725833333334
55.5,1491.0,5.397725833333334
55.583333333333336,1409.0,5.2840895
55.75,1375.0,5.2840895
55.75,1352.0,5.6249985
55.833333333333336,1308.0,1.5909086666666667
55.833333333333336,1302.0,1.5909086666666667
55.833333333333336,1204.0,1.5909086666666667
55.916666666666664,1222.0,1.5909086666666667
56.083333333333336,1354.0,5.056816833333333
56.166666666666664,1410.0,5.454544
56.333333333333336,1375.0,5.454544
56.5,1372.0,5.170453166666666
56.583333333333336,1417.0,4.6022715000000005
56.666666666666664,1491.0,2.4999993333333332
56.833333333333336,1478.0,4.8295441666666665
57.0,1430.0,4.8295441666666665
57.083333333333336,1404.0,4.7159078333333335
57.083333333333336,1442.0,4.7159078333333335
57.166666666666664,1459.0,4.7159078333333335
57.25,1459.0,4.9431805
57.416666666666664,1433.0,4.9431805
57.5,1446.0,5.056816833333333
57.666666666666664,1488.0,5.056816833333333
57.75,1512.0,5.056816833333333
57.916666666666664,1526.0,4.7727260000000005
58.083333333333336,1528.0,4.7727260000000005
58.166666666666664,1431.0,5.227271333333333
58.25,1518.0,4.6022715000000005
58.416666666666664,1562.0,4.6022715000000005
58.416666666666664,1498.0,5.2840895
58.5,1344.0,2.5568175
58.5,1340.0,2.5568175
58.5,1422.0,2.5568175
58.583333333333336,1422.0,2.5568175
58.75,1423.0,2.5568175
58.916666666666664,1449.0,4.659089666666667
59.0,1468.0,4.7727260000000005
59.166666666666664,1414.0,4.659089666666667
59.333333333333336,1334.0,4.659089666666667
59.416666666666664,1270.0,5.454544
59.583333333333336,1416.0,4.9431805
59.666666666666664,1522.0,5.113635
59.75,1435.0,2.272726666666667
59.833333333333336,1317.0,2.272726666666667
59.833333333333336,1264.0,2.272726666666667
59.916666666666664,1301.0,2.272726666666667
60.0,1321.0,1.3068178333333333
60.083333333333336,1351.0,2.4999993333333332
60.25,1354.0,4.659089666666667
60.416666666666664,1404.0,4.659089666666667
60.5,1385.0,4.7727260000000005
60.583333333333336,1375.0,4.7727260000000005
60.75,1398.0,4.7727260000000005
60.833333333333336,1431.0,4.374998833333334
60.916666666666664,1357.0,5.568180333333333
61.083333333333336,1276.0,5.113635
61.166666666666664,1280.0,4.8295441666666665
61.166666666666664,1301.0,4.8295441666666665
61.166666666666664,1379.0,4.8295441666666665
61.333333333333336,1419.0,4.8295441666666665
61.5,1391.0,5.113635
61.666666666666664,1348.0,5.227271333333333
61.833333333333336,1349.0,4.9999986666666665
61.916666666666664,1356.0,4.8295441666666665
62.083333333333336,1355.0,5.056816833333333
62.25,1353.0,5.056816833333333
62.333333333333336,1388.0,5.2840895
62.5,1440.0,5.2840895
62.5,1410.0,4.8295441666666665
62.5,1378.0,4.8295441666666665
62.583333333333336,1393.0,4.8295441666666665
62.666666666666664,1453.0,4.261362500000001
62.75,1483.0,2.7840901666666666
62.916666666666664,1547.0,4.488635166666667
63.0,1530.0,5.738634833333333
63.083333333333336,1469.0,5.738634833333333
63.166666666666664,1469.0,4.7727260000000005
63.333333333333336,1341.0,4.7727260000000005
63.416666666666664,1381.0,6.3068165
63.5,1443.0,5.6249985
63.583333333333336,1457.0,5.6249985
63.583333333333336,1426.0,1.704545
63.666666666666664,1364.0,1.704545
63.75,1346.0,1.3068178333333333
63.833333333333336,1375.0,2.6136356666666667
64.0,1299.0,4.488635166666667
64.08333333333333,1166.0,4.9999986666666665
64.16666666666667,1107.0,4.9999986666666665
64.16666666666667,1157.0,1.761363166666667
64.25,1300.0,2.272726666666667
64.41666666666667,1357.0,2.4431811666666667
64.58333333333333,1316.0,4.147726166666667
64.58333333333333,1378.0,5.227271333333333
64.58333333333333,1477.0,5.227271333333333
64.66666666666667,1243.0,5.227271333333333
64.75,1166.0,0.9659088333333334
64.75,1225.0,2.7840901666666666
64.91666666666667,1316.0,2.7840901666666666
65.08333333333333,1351.0,4.8863623333333335
65.25,1251.0,4.659089666666667
65.33333333333333,1152.0,6.249998333333333
65.41666666666667,1114.0,6.249998333333333
65.5,1186.0,2.3295448333333333
65.66666666666667,1352.0,5.511362166666667
65.75,1357.0,5.9659075
65.75,1304.0,2.5568175
65.83333333333333,1239.0,2.5568175
66.0,1287.0,5.454544
66.08333333333333,1345.0,5.2840895
66.25,1273.0,5.2840895
66.33333333333333,1135.0,5.6249985
66.5,1074.0,5.6249985
66.66666666666667,1157.0,5.170453166666666
66.83333333333333,1294.0,5.170453166666666
66.91666666666667,1285.0,5.568180333333333
67.0,1172.0,6.3068165
67.08333333333333,1285.0,6.3068165
67.08333333333333,1466.0,1.6477268333333333
67.25,1466.0,1.6477268333333333
67.33333333333333,1467.0,5.056816833333333
67.41666666666667,1358.0,5.397725833333334
67.58333333333333,1176.0,5.397725833333334
67.75,1206.0,4.9999986666666665
67.91666666666667,1290.0,4.9999986666666665
68.08333333333333,1323.0,4.9999986666666665
68.25,1283.0,4.9999986666666665
68.33333333333333,1191.0,4.9431805
68.5,1255.0,4.9431805
68.58333333333333,1345.0,5.170453166666666
68.58333333333333,1381.0,2.6136356666666667
68.75,1302.0,2.6136356666666667
68.91666666666667,1289.0,5.795453
69.0,1388.0,5.454544
69.16666666666667,1389.0,5.113635
69.33333333333333,1279.0,5.113635
69.5,1112.0,5.2840895
69.66666666666667,1154.0,5.2840895
69.83333333333333,1384.0,5.2840895
70.0,1528.0,5.340907666666666
70.08333333333333,1253.0,6.590907333333333
70.16666666666667,1123.0,4.8863623333333335
70.33333333333333,1142.0,5.113635
70.33333333333333,1285.0,5.340907666666666
70.33333333333333,1463.0,5.340907666666666
70.41666666666667,1440.0,5.340907666666666
70.5,1394.0,1.0795451666666667
70.66666666666667,1410.0,4.6022715000000005
70.83333333333333,1431.0,4.9999986666666665
71.0,1473.0,4.9999986666666665
71.08333333333333,1395.0,6.136362
71.25,1292.0,6.136362
71.41666666666667,1218.0,5.511362166666667
71.58333333333333,1124.0,5.511362166666667
71.66666666666667,1191.0,5.568180333333333
71.66666666666667,1280.0,2.2159085000000003
71.75,1317.0,2.2159085000000003
71.91666666666667,1413.0,2.2159085000000003
72.0,1498.0,5.397725833333334
72.16666666666667,1519.0,5.397725833333334
72.33333333333333,1476.0,5.340907666666666
72.5,1322.0,5.113635
72.58333333333333,1322.0,5.113635
72.75,1252.0,5.113635
72.91666666666667,1233.0,5.2840895
73.0,1219.0,5.056816833333333
73.0,1268.0,2.8977265
73.08333333333333,1212.0,2.8977265
73.25,1201.0,5.909089333333333
73.33333333333333,1319.0,4.9999986666666665
73.41666666666667,1445.0,4.9999986666666665
73.58333333333333,1525.0,5.227271333333333
73.75,1510.0,5.227271333333333
73.91666666666667,1489.0,5.227271333333333
74.0,1432.0,5.340907666666666
74.0,1313.0,2.4999993333333332
74.08333333333333,1211.0,1.761363166666667
74.08333333333333,1166.0,1.761363166666667
74.25,1165.0,1.761363166666667
74.33333333333333,1182.0,6.079543833333333
74.41666666666667,1305.0,2.3863630000000002
74.58333333333333,1335.0,2.727272
74.75,1307.0,5.056816833333333
74.83333333333333,1293.0,5.852271166666667
75.0,1374.0,5.795453
75.16666666666667,1541.0,5.340907666666666
75.25,1498.0,5.056816833333333
75.41666666666667,1440.0,5.056816833333333
75.5,1385.0,5.2840895
75.58333333333333,1396.0,5.056816833333333
75.66666666666667,1403.0,2.4431811666666667
75.66666666666667,1412.0,2.4431811666666667
75.83333333333333,1384.0,2.4431811666666667
75.83333333333333,1343.0,6.079543833333333
76.0,1381.0,6.079543833333333
76.16666666666667,1413.0,5.9659075
76.16666666666667,1370.0,5.170453166666666
76.25,1222.0,5.170453166666666
76.33333333333333,1239.0,1.2499996666666666
76.41666666666667,1262.0,5.454544
76.58333333333333,1243.0,5.454544
76.66666666666667,1248.0,4.659089666666667
76.75,1364.0,2.3863630000000002
76.75,1391.0,5.2840895
76.83333333333333,1390.0,5.2840895
77.0,1390.0,5.227271333333333
77.08333333333333,1441.0,4.374998833333334
77.25,1481.0,4.374998833333334
77.33333333333333,1452.0,4.9431805
77.41666666666667,1368.0,4.9431805
77.5,1319.0,5.568180333333333
77.66666666666667,1352.0,5.568180333333333
77.83333333333333,1442.0,5.454544
77.91666666666667,1392.0,4.6022715000000005
77.91666666666667,1290.0,4.6022715000000005
78.08333333333333,1256.0,4.6022715000000005
78.08333333333333,1389.0,4.7159078333333335
78.25,1555.0,4.7159078333333335
78.33333333333333,1581.0,5.170453166666666
78.5,1583.0,5.170453166666666
78.66666666666667,1567.0,5.170453166666666
78.83333333333333,1559.0,5.170453166666666
78.91666666666667,1551.0,5.397725833333334
79.08333333333333,1529.0,4.7727260000000005
79.16666666666667,1516.0,4.9431805
79.25,1501.0,4.9431805
79.25,1492.0,2.4431811666666667
79.33333333333333,1503.0,1.5909086666666667
79.41666666666667,1515.0,4.147726166666667
79.41666666666667,1501.0,4.147726166666667
79.5,1509.0,4.147726166666667
79.66666666666667,1518.0,4.147726166666667
79.75,1531.0,4.9431805
79.91666666666667,1534.0,4.9431805
80.08333333333333,1463.0,4.9431805
80.25,1381.0,4.9431805
80.33333333333333,1439.0,4.7159078333333335
80.5,1456.0,4.6022715000000005
80.58333333333333,1387.0,4.431817000000001
80.66666666666667,1339.0,5.340907666666666
80.75,1312.0,5.340907666666666
80.75,1321.0,1.5340905
80.83333333333333,1372.0,1.5340905
80.83333333333333,1514.0,1.4204541666666668
80.91666666666667,1548.0,1.4204541666666668
81.08333333333333,1540.0,4.659089666666667
81.16666666666667,1528.0,4.659089666666667
81.33333333333333,1528.0,4.7727260000000005
81.41666666666667,1541.0,4.261362500000001
81.58333333333333,1567.0,4.545453333333334
81.75,1583.0,4.659089666666667
81.75,1589.0,4.659089666666667
81.91666666666667,1579.0,4.659089666666667
82.0,1572.0,3.806817166666667
82.08333333333333,1570.0,3.806817166666667
82.08333333333333,1554.0,2.2159085000000003
82.08333333333333,1513.0,2.2159085000000003
82.08333333333333,1347.0,2.2159085000000003
82.25,1306.0,2.2159085000000003
82.33333333333333,1322.0,4.6022715000000005
82.5,1369.0,4.6022715000000005
82.66666666666667,1405.0,4.659089666666667
82.75,1446.0,4.8295441666666665
82.91666666666667,1488.0,4.8295441666666665
83.08333333333333,1556.0,4.7159078333333335
83.16666666666667,1627.0,4.9999986666666665
83.33333333333333,1615.0,4.9999986666666665
83.41666666666667,1547.0,5.056816833333333
83.41666666666667,1470.0,5.056816833333333
83.58333333333333,1470.0,5.056816833333333
83.75,1507.0,4.9431805
83.75,1428.0,4.8295441666666665
83.83333333333333,1353.0,4.8295441666666665
83.91666666666667,1316.0,1.5909086666666667
84.08333333333333,1297.0,2.272726666666667
84.16666666666667,1285.0,4.8863623333333335
84.33333333333333,1345.0,4.8295441666666665
84.41666666666667,1445.0,4.7159078333333335
84.5,1444.0,4.6022715000000005
84.58333333333333,1397.0,2.4999993333333332
84.66666666666667,1402.0,2.4999993333333332
84.66666666666667,1386.0,1.5909086666666667
84.66666666666667,1313.0,1.5909086666666667
84.83333333333333,1191.0,1.5909086666666667
84.91666666666667,1317.0,4.659089666666667
85.08333333333333,1461.0,4.9999986666666665
85.25,1507.0,4.9431805
85.33333333333333,1467.0,4.9999986666666665
85.5,1424.0,4.9999986666666665
85.66666666666667,1426.0,4.9999986666666665
85.83333333333333,1426.0,4.659089666666667
85.83333333333333,1527.0,6.3068165
85.91666666666667,1498.0,2.4431811666666667
86.0,1204.0,2.4431811666666667
86.0,1098.0,1.5909086666666667
86.08333333333333,1139.0,2.102272166666667
86.25,1225.0,2.6136356666666667
86.41666666666667,1263.0,4.9431805
86.5,1187.0,5.454544
86.66666666666667,1215.0,5.454544
86.83333333333333,1351.0,4.9999986666666665
86.91666666666667,1470.0,4.9999986666666665
87.0,1430.0,4.9999986666666665
87.08333333333333,1396.0,5.170453166666666
87.16666666666667,1397.0,5.170453166666666
87.25,1374.0,5.227271333333333
87.25,1272.0,5.227271333333333
87.41666666666667,1242.0,5.227271333333333
87.41666666666667,1304.0,5.511362166666667
87.41666666666667,1399.0,5.511362166666667
87.58333333333333,1416.0,5.511362166666667
87.75,1243.0,5.511362166666667
87.91666666666667,1222.0,5.511362166666667
88.0,1292.0,5.2840895
88.08333333333333,1401.0,4.7159078333333335
88.25,1431.0,4.7159078333333335
88.25,1371.0,4.9999986666666665
88.33333333333333,1282.0,4.9999986666666665
88.41666666666667,1281.0,5.056816833333333
88.5,1410.0,2.3863630000000002
88.5,1468.0,2.3863630000000002
88.58333333333333,1460.0,2.3863630000000002
88.66666666666667,1420.0,1.1931815000000001
88.83333333333333,1380.0,2.670453833333333
88.91666666666667,1343.0,4.261362500000001
89.08333333333333,1262.0,4.261362500000001
89.25,1163.0,4.6022715000000005
89.41666666666667,1112.0,5.170453166666666
89.5,1278.0,5.2840895
89.58333333333333,1408.0,4.545453333333334
89.75,1400.0,4.545453333333334
89.75,1392.0,5.511362166666667
89.83333333333333,1393.0,2.3295448333333333
89.83333333333333,1393.0,2.3295448333333333
90.0,1352.0,2.3295448333333333
90.0,1182.0,5.170453166666666
90.16666666666667,1051.0,5.170453166666666
90.33333333333333,1026.0,5.056816833333333
90.5,1268.0,5.056816833333333
90.58333333333333,1266.0,5.340907666666666
90.75,1116.0,5.340907666666666
90.83333333333333,1062.0,4.488635166666667
90.91666666666667,1231.0,4.488635166666667
90.91666666666667,1553.0,1.704545
91.0,1546.0,1.704545
91.0,1486.0,1.5909086666666667
91.0,1446.0,1.5909086666666667
91.08333333333333,1312.0,1.5909086666666667
91.25,1264.0,4.8295441666666665
91.33333333333333,1314.0,5.056816833333333
91.5,1347.0,5.056816833333333
91.66666666666667,1279.0,5.056816833333333
91.83333333333333,1292.0,5.056816833333333
91.91666666666667,1356.0,4.9999986666666665
92.0,1443.0,4.8295441666666665
92.08333333333333,1503.0,4.8295441666666665
92.16666666666667,1505.0,1.5340905
92.33333333333333,1475.0,4.431817000000001
92.33333333333333,1459.0,4.8295441666666665
92.33333333333333,1459.0,4.8295441666666665
92.41666666666667,1453.0,1.1931815000000001
92.58333333333333,1433.0,2.272726666666667
92.66666666666667,1440.0,5.9659075
92.83333333333333,1456.0,5.9659075
93.0,1395.0,5.454544
93.16666666666667,1385.0,5.056816833333333
93.25,1446.0,4.8863623333333335
93.33333333333333,1540.0,4.545453333333334
93.41666666666667,1494.0,4.545453333333334
93.5,1294.0,1.5909086666666667
93.5,1216.0,4.9431805
93.66666666666667,1208.0,4.9431805
93.66666666666667,1241.0,5.397725833333334
93.83333333333333,1302.0,5.397725833333334
94.0,1312.0,5.397725833333334
94.16666666666667,1312.0,4.6022715000000005
94.25,1423.0,4.318180666666667
94.41666666666667,1517.0,4.8295441666666665
94.5,1575.0,5.397725833333334
94.66666666666667,1554.0,5.397725833333334
94.75,1514.0,5.511362166666667
94.83333333333333,1516.0,4.204544333333334
95.0,1558.0,4.374998833333334
95.08333333333333,1494.0,4.7159078333333335
95.16666666666667,1443.0,5.227271333333333
95.16666666666667,1474.0,5.227271333333333
95.25,1503.0,5.227271333333333
95.33333333333333,1419.0,4.6022715000000005
95.5,1383.0,4.6022715000000005
95.66666666666667,1382.0,4.374998833333334
95.75,1402.0,6.3068165
95.83333333333333,1397.0,5.170453166666666
95.91666666666667,1415.0,2.3863630000000002
96.0,1473.0,2.4999993333333332
96.08333333333333,1559.0,2.4999993333333332
96.25,1524.0,3.636362666666667
96.33333333333333,1330.0,5.511362166666667
96.41666666666667,1341.0,4.090908000000001
96.41666666666667,1415.0,4.090908000000001
96.5,1405.0,4.090908000000001
96.5,1308.0,1.1931815000000001
96.66666666666667,1335.0,1.5909086666666667
96.83333333333333,1377.0,5.113635
96.83333333333333,1378.0,5.909089333333333
96.91666666666667,1355.0,5.909089333333333
97.0,1432.0,5.113635
97.08333333333333,1479.0,5.113635
97.25,1510.0,5.113635
97.41666666666667,1547.0,5.113635
97.5,1465.0,5.056816833333333
97.66666666666667,1387.0,5.056816833333333
97.66666666666667,1405.0,4.318180666666667
97.75,1474.0,4.318180666666667
97.83333333333333,1470.0,1.5909086666666667
98.0,1382.0,2.5568175
98.08333333333333,1370.0,4.374998833333334
98.25,1350.0,4.374998833333334
98.41666666666667,1350.0,4.374998833333334
98.5,1350.0,4.8295441666666665
98.58333333333333,1368.0,4.8863623333333335
98.66666666666667,1406.0,4.8863623333333335
98.75,1444.0,1.5340905
98.83333333333333,1506.0,4.8295441666666665
98.83333333333333,1504.0,2.3863630000000002
98.91666666666667,1424.0,1.5909086666666667
99.08333333333333,1441.0,4.318180666666667
99.25,1452.0,4.431817000000001
99.33333333333333,1439.0,4.8295441666666665
99.5,1362.0,4.8295441666666665
99.58333333333333,1301.0,5.113635
99.58333333333333,1286.0,5.113635
99.66666666666667,1366.0,1.5340905
99.83333333333333,1408.0,2.1590903333333333
99.83333333333333,1465.0,5.340907666666666
100.0,1485.0,5.340907666666666
100.0,1478.0,5.227271333333333
100.08333333333333,1436.0,5.227271333333333
100.25,1426.0,4.659089666666667
100.25,1407.0,4.318180666666667
100.33333333333333,1384.0,4.318180666666667
100.5,1377.0,4.488635166666667
100.58333333333333,1518.0,4.8295441666666665
100.75,1557.0,4.8295441666666665
100.91666666666667,1544.0,4.8295441666666665
101.0,1537.0,5.170453166666666
101.08333333333333,1526.0,4.545453333333334
101.16666666666667,1474.0,4.545453333333334
101.33333333333333,1376.0,4.545453333333334
101.41666666666667,1344.0,4.261362500000001
101.5,1366.0,2.4431811666666667
101.5,1380.0,4.034089833333334
101.5,1404.0,4.034089833333334
101.66666666666667,1479.0,4.034089833333334
101.75,1548.0,4.9999986666666665
101.83333333333333,1606.0,2.3295448333333333
102.0,1658.0,4.204544333333334
102.08333333333333,1646.0,4.545453333333334
102.25,1593.0,4.374998833333334
102.41666666666667,1544.0,4.374998833333334
102.5,1545.0,4.8863623333333335
102.58333333333333,1479.0,4.318180666666667
102.66666666666667,1479.0,2.3295448333333333
102.66666666666667,1450.0,2.3295448333333333
102.75,1459.0,1.4204541666666668
102.91666666666667,1455.0,1.4204541666666668
102.91666666666667,1423.0,4.261362500000001
103.0,1384.0,4.261362500000001
103.0,1427.0,1.4772723333333333
103.08333333333333,1575.0,1.4772723333333333
103.25,1585.0,1.5909086666666667
103.33333333333333,1581.0,5.2840895
103.33333333333333,1574.0,5.2840895
103.5,1613.0,5.2840895
103.58333333333333,1650.0,4.9999986666666665
103.75,1650.0,4.204544333333334
103.83333333333333,1653.0,4.431817000000001
103.91666666666667,1653.0,4.545453333333334
104.0,1648.0,4.545453333333334
104.08333333333333,1628.0,4.7159078333333335
104.16666666666667,1614.0,2.272726666666667
104.33333333333333,1592.0,2.272726666666667
104.41666666666667,1502.0,4.488635166666667
104.58333333333333,1384.0,4.488635166666667
104.75,1389.0,4.488635166666667
104.83333333333333,1445.0,4.488635166666667
105.0,1489.0,4.261362500000001
105.08333333333333,1617.0,5.340907666666666
105.25,1702.0,4.090908000000001
105.33333333333333,1702.0,5.227271333333333
105.5,1752.0,5.227271333333333
105.58333333333333,1590.0,4.090908000000001
105.66666666666667,1419.0,2.4999993333333332
105.66666666666667,1385.0,2.4999993333333332
105.75,1423.0,1.4772723333333333
105.83333333333333,1466.0,1.4772723333333333
105.83333333333333,1488.0,2.2159085000000003
106.0,1483.0,2.2159085000000003
106.16666666666667,1543.0,3.8636353333333338
106.25,1635.0,4.8863623333333335
106.33333333333333,1609.0,4.204544333333334
106.41666666666667,1577.0,4.204544333333334
106.58333333333333,1580.0,4.204544333333334
106.58333333333333,1578.0,3.9204535000000003
106.75,1578.0,3.9204535000000003
106.83333333333333,1533.0,5.227271333333333
107.0,1511.0,5.227271333333333
107.0,1562.0,5.681816666666667
107.16666666666667,1602.0,5.681816666666667
107.16666666666667,1593.0,4.545453333333334
107.25,1547.0,4.545453333333334
107.33333333333333,1537.0,5.568180333333333
107.41666666666667,1522.0,2.2159085000000003
107.58333333333333,1482.0,2.2159085000000003
107.58333333333333,1465.0,4.488635166666667
107.75,1502.0,4.488635166666667
107.91666666666667,1489.0,4.488635166666667
108.0,1415.0,4.659089666666667
108.16666666666667,1417.0,4.261362500000001
108.16666666666667,1429.0,5.2840895
108.33333333333333,1420.0,5.2840895
108.41666666666667,1423.0,6.079543833333333
108.41666666666667,1467.0,6.079543833333333
108.5,1568.0,1.363636
108.5,1522.0,1.363636
108.66666666666667,1488.0,1.5909086666666667
108.75,1460.0,4.488635166666667
108.91666666666667,1404.0,4.488635166666667
109.08333333333333,1398.0,4.488635166666667
109.16666666666667,1431.0,5.738634833333333
109.33333333333333,1463.0,4.9999986666666665
109.41666666666667,1495.0,4.7159078333333335
109.58333333333333,1533.0,4.204544333333334
109.58333333333333,1586.0,6.022725666666667
109.66666666666667,1623.0,1.8749995000000002
109.66666666666667,1649.0,1.8749995000000002
109.66666666666667,1640.0,1.8749995000000002
109.75,1603.0,1.8749995000000002
109.75,1542.0,0.8522725
109.83333333333333,1462.0,0.8522725
110.0,1484.0,1.5340905
110.08333333333333,1737.0,4.034089833333334
110.25,1778.0,4.147726166666667
110.33333333333333,1699.0,4.261362500000001
110.5,1652.0,4.147726166666667
110.58333333333333,1662.0,5.227271333333333
110.75,1687.0,4.034089833333334
110.83333333333333,1687.0,3.522726333333334
110.83333333333333,1618.0,4.9999986666666665
110.83333333333333,1496.0,4.9999986666666665
110.91666666666667,1455.0,1.0227270000000002
111.08333333333333,1525.0,3.636362666666667
111.16666666666667,1563.0,4.431817000000001
111.25,1587.0,4.431817000000001
111.33333333333333,1599.0,4.090908000000001
111.5,1628.0,4.090908000000001
111.66666666666667,1624.0,4.090908000000001
111.75,1595.0,4.374998833333334
111.91666666666667,1542.0,4.374998833333334
112.0,1455.0,4.659089666666667
112.08333333333333,1405.0,3.636362666666667
112.25,1339.0,3.636362666666667
112.33333333333333,1297.0,4.488635166666667
112.41666666666667,1332.0,4.318180666666667
112.5,1424.0,1.9318176666666669
112.58333333333333,1451.0,1.9318176666666669
112.66666666666667,1501.0,1.8749995000000002
112.83333333333333,1574.0,4.659089666666667
112.83333333333333,1611.0,4.8863623333333335
112.91666666666667,1583.0,4.8863623333333335
113.0,1554.0,1.4204541666666668
113.16666666666667,1492.0,3.5795445000000004
113.25,1420.0,4.659089666666667
113.33333333333333,1384.0,4.090908000000001
113.5,1384.0,4.090908000000001
113.5,1352.0,4.8863623333333335
113.66666666666667,1348.0,4.8863623333333335
113.75,1485.0,5.568180333333333
113.83333333333333,1561.0,3.636362666666667
113.91666666666667,1587.0,3.636362666666667
113.91666666666667,1557.0,2.102272166666667
114.0,1552.0,1.761363166666667
114.0,1654.0,1.761363166666667
114.08333333333333,1677.0,1.4772723333333333
114.16666666666667,1599.0,1.9886358333333334
114.25,1536.0,4.431817000000001
114.33333333333333,1551.0,4.431817000000001
114.41666666666667,1568.0,4.090908000000001
114.58333333333333,1569.0,4.090908000000001
114.66666666666667,1580.0,5.227271333333333
114.83333333333333,1580.0,5.227271333333333
114.83333333333333,1566.0,4.147726166666667
115.0,1594.0,4.147726166666667
115.0,1618.0,4.034089833333334
115.0,1625.0,4.034089833333334
115.08333333333333,1607.0,1.3068178333333333
115.08333333333333,1585.0,1.3068178333333333
115.25,1589.0,1.3068178333333333
115.25,1607.0,4.431817000000001
115.33333333333333,1623.0,2.102272166666667
115.41666666666667,1636.0,2.102272166666667
115.5,1650.0,1.8749995000000002
115.66666666666667,1668.0,4.204544333333334
115.75,1667.0,4.431817000000001
115.83333333333333,1672.0,3.4659081666666665
115.91666666666667,1696.0,3.4659081666666665
116.0,1725.0,4.374998833333334
116.08333333333333,1730.0,4.374998833333334
116.16666666666667,1709.0,1.9318176666666669
116.16666666666667,1693.0,3.9204535000000003
116.16666666666667,1670.0,3.9204535000000003
116.25,1653.0,1.1931815000000001
116.25,1660.0,1.1931815000000001
116.33333333333333,1640.0,1.2499996666666666
116.33333333333333,1609.0,1.2499996666666666
116.41666666666667,1592.0,1.2499996666666666
116.5,1544.0,3.9772716666666668
116.58333333333333,1557.0,3.636362666666667
116.75,1646.0,3.636362666666667
116.83333333333333,1671.0,3.7499990000000003
116.91666666666667,1613.0,3.522726333333334
117.08333333333333,1627.0,3.522726333333334
117.16666666666667,1663.0,3.522726333333334
117.25,1608.0,2.8977265
117.41666666666667,1600.0,2.8977265
117.5,1589.0,3.7499990000000003
117.58333333333333,1550.0,3.5795445000000004
117.58333333333333,1544.0,2.9545446666666666
117.66666666666667,1507.0,1.761363166666667
117.66666666666667,1514.0,1.761363166666667
117.75,1589.0,1.761363166666667
117.83333333333333,1654.0,3.8636353333333338
118.0,1654.0,3.636362666666667
118.08333333333333,1701.0,3.40909
118.16666666666667,1724.0,3.5795445000000004
118.25,1752.0,2.727272
118.33333333333333,1870.0,3.9204535000000003
118.5,1798.0,3.636362666666667
118.58333333333333,1664.0,3.4659081666666665
118.66666666666667,1591.0,2.8977265
118.66666666666667,1634.0,3.693180833333334
118.75,1690.0,1.761363166666667
118.91666666666667,1742.0,1.761363166666667
119.0,1750.0,3.40909
119.0,1715.0,3.352271833333334
119.08333333333333,1698.0,1.6477268333333333
119.08333333333333,1682.0,1.6477268333333333
119.08333333333333,1668.0,1.6477268333333333
119.16666666666667,1660.0,1.0795451666666667
119.25,1624.0,3.068181
119.33333333333333,1645.0,3.068181
119.33333333333333,1731.0,1.761363166666667
119.41666666666667,1833.0,1.761363166666667
119.41666666666667,1877.0,1.761363166666667
119.58333333333333,1845.0,1.761363166666667
119.66666666666667,1798.0,3.068181
119.75,1778.0,3.2954536666666665
119.83333333333333,1786.0,3.2954536666666665
119.91666666666667,1693.0,3.4659081666666665
119.91666666666667,1681.0,3.4659081666666665
120.0,1611.0,1.5340905
120.08333333333333,1610.0,1.5340905
120.16666666666667,1609.0,1.761363166666667
120.25,1575.0,2.3863630000000002
120.33333333333333,1574.0,4.431817000000001
120.41666666666667,1661.0,2.727272
120.41666666666667,1841.0,2.727272
120.41666666666667,1984.0,2.727272
120.5,2011.0,1.0227270000000002
120.58333333333333,1949.0,3.352271833333334
120.66666666666667,1838.0,2.8977265
120.75,1762.0,2.8977265
120.83333333333333,1787.0,1.5909086666666667
120.91666666666667,1787.0,3.1249991666666666
121.0,1822.0,2.9545446666666666
121.08333333333333,1822.0,4.261362500000001
121.16666666666667,1839.0,4.261362500000001
121.25,1849.0,2.3295448333333333
121.33333333333333,1899.0,3.0113628333333335
121.33333333333333,1942.0,3.0113628333333335
121.41666666666667,1879.0,3.0113628333333335
121.5,1733.0,1.4204541666666668
121.58333333333333,1745.0,3.068181
121.66666666666667,1759.0,2.9545446666666666
121.66666666666667,1822.0,2.9545446666666666
121.75,1926.0,1.4204541666666668
121.83333333333333,1956.0,2.9545446666666666
121.83333333333333,1909.0,2.9545446666666666
121.83333333333333,1908.0,2.9545446666666666
121.91666666666667,1812.0,2.9545446666666666
121.91666666666667,1762.0,0.9090906666666667
122.0,1771.0,0.9090906666666667
122.0,1797.0,1.363636
122.08333333333333,1836.0,1.363636
122.16666666666667,1825.0,1.3068178333333333
122.25,1833.0,2.9545446666666666
122.25,1906.0,2.6136356666666667
122.33333333333333,1993.0,2.2159085000000003
122.41666666666667,1999.0,2.8977265
122.5,1901.0,2.5568175
122.58333333333333,1885.0,2.5568175
122.66666666666667,1894.0,2.1590903333333333
122.75,1893.0,2.6136356666666667
122.83333333333333,1832.0,3.068181
122.83333333333333,1710.0,2.3295448333333333
122.91666666666667,1655.0,2.3295448333333333
123.0,1655.0,2.4431811666666667
123.0,1777.0,2.4431811666666667
123.0,1893.0,2.4431811666666667
123.08333333333333,1898.0,2.4431811666666667
123.08333333333333,1882.0,0.7954543333333334
123.08333333333333,1931.0,0.7954543333333334
123.08333333333333,2009.0,0.7954543333333334
123.16666666666667,2003.0,0.7954543333333334
123.25,1948.0,0.7386361666666666
123.25,1855.0,2.272726666666667
123.25,1824.0,2.272726666666667
123.33333333333333,1839.0,2.272726666666667
123.41666666666667,1839.0,1.0795451666666667
123.41666666666667,1898.0,2.8409083333333336
123.41666666666667,1950.0,2.8409083333333336
123.41666666666667,1987.0,2.8409083333333336
123.5,2049.0,2.8409083333333336
123.5,2105.0,0.681818
123.58333333333333,2110.0,2.2159085000000003
123.66666666666667,2036.0,2.2159085000000003
123.66666666666667,1799.0,1.704545
123.75,1684.0,1.9318176666666669
123.83333333333333,1669.0,2.4999993333333332
123.83333333333333,1707.0,2.4999993333333332
123.83333333333333,1759.0,2.4999993333333332
123.83333333333333,1832.0,2.4999993333333332
123.91666666666667,1848.0,2.4999993333333332
123.91666666666667,1862.0,0.6249998333333333
123.91666666666667,1910.0,0.6249998333333333
123.91666666666667,1913.0,0.6249998333333333
124.0,1864.0,0.7954543333333334
124.0,1817.0,0.7954543333333334
124.08333333333333,1767.0,0.7954543333333334
124.08333333333333,1749.0,1.0795451666666667
124.16666666666667,1797.0,1.8181813333333334
124.16666666666667,1844.0,1.8181813333333334
124.16666666666667,1856.0,1.8181813333333334
124.16666666666667,1866.0,1.8181813333333334
124.25,1866.0,0.7954543333333334
124.33333333333333,1815.0,0.7954543333333334
124.33333333333333,1794.0,1.9318176666666669
124.33333333333333,1779.0,1.9318176666666669
124.33333333333333,1798.0,1.9318176666666669
124.41666666666667,1770.0,0.7386361666666666
124.41666666666667,1731.0,0.7386361666666666
124.5,1720.0,1.5909086666666667
124.5,1744.0,1.5909086666666667
124.5,1734.0,1.5909086666666667
124.5,1730.0,1.5909086666666667
124.58333333333333,1735.0,0.7386361666666666
124.58333333333333,1732.0,0.7386361666666666
124.58333333333333,1749.0,0.7386361666666666
124.58333333333333,1750.0,0.7386361666666666
124.66666666666667,1720.0,0.681818
124.66666666666667,1720.0,0.681818
124.75,1686.0,0.681818
124.75,1658.0,1.3068178333333333
124.83333333333333,1656.0,1.5340905
124.83333333333333,1663.0,1.5340905
124.83333333333333,1650.0,1.5340905
124.91666666666667,1634.0,1.0795451666666667
124.91666666666667,1639.0,1.0795451666666667
124.91666666666667,1651.0,1.0795451666666667
124.91666666666667,1665.0,1.0795451666666667
125.0,1658.0,1.0795451666666667
125.0,1640.0,0.5681816666666667
125.0,1659.0,0.5681816666666667
125.0,1660.0,0.5681816666666667
125.08333333333333,1731.0,0.5681816666666667
125.08333333333333,1922.0,0.7386361666666666
125.08333333333333,1915.0,0.7386361666666666
125.16666666666667,1821.0,1.1931815000000001
125.16666666666667,1739.0,1.1931815000000001
125.16666666666667,1733.0,1.1931815000000001
125.16666666666667,1744.0,1.1931815000000001
125.25,1724.0,0.7386361666666666
125.25,1704.0,0.7386361666666666
125.25,1712.0,0.7386361666666666
125.25,1734.0,0.7386361666666666
125.25,1736.0,0.7386361666666666
125.25,1730.0,0.7386361666666666
125.25,1730.0,0.7386361666666666
125.25,1698.0,0.7386361666666666
125.33333333333333,1665.0,0.340909
125.33333333333333,1596.0,0.340909
125.33333333333333,1533.0,0.340909
125.33333333333333,1496.0,0.340909
125.33333333333333,1493.0,0.340909
125.41666666666667,1503.0,0.340909
125.41666666666667,1530.0,0.5113635000000001
125.41666666666667,1612.0,0.5113635000000001
125.41666666666667,1845.0,0.5113635000000001
125.41666666666667,1977.0,0.5113635000000001
125.41666666666667,1987.0,0.5113635000000001
125.41666666666667,1892.0,0.5113635000000001
125.41666666666667,1821.0,0.5113635000000001
125.41666666666667,1645.0,0.5113635000000001
125.41666666666667,1645.0,0.5113635000000001
125.41666666666667,1585.0,0.5113635000000001
125.41666666666667,1549.0,0.5113635000000001
125.41666666666667,1510.0,0.5113635000000001
125.41666666666667,1438.0,0.5113635000000001
125.41666666666667,1438.0,0.5113635000000001
125.41666666666667,1443.0,0.5113635000000001
125.41666666666667,1437.0,0.5113635000000001
125.41666666666667,1397.0,0.5113635000000001
125.41666666666667,1395.0,0.5113635000000001
125.41666666666667,1420.0,0.5113635000000001
125.41666666666667,1436.0,0.5113635000000001
125.41666666666667,1469.0,0.5113635000000001
125.41666666666667,1663.0,0.5113635000000001
125.41666666666667,1841.0,0.5113635000000001
125.41666666666667,1933.0,0.5113635000000001
125.41666666666667,1906.0,0.5113635000000001
125.41666666666667,1511.0,0.5113635000000001
125.41666666666667,1233.0,0.5113635000000001
125.41666666666667,1045.0,0.5113635000000001
125.41666666666667,958.0,0.5113635000000001
125.41666666666667,974.0,0.5113635000000001
125.41666666666667,1051.0,0.5113635000000001
125.41666666666667,1113.0,0.5113635000000001
125.41666666666667,1149.0,0.5113635000000001
125.41666666666667,1127.0,0.5113635000000001
125.41666666666667,1040.0,0.5113635000000001
125.41666666666667,869.0,0.5113635000000001
125.41666666666667,749.0,0.5113635000000001
125.41666666666667,681.0,0.5113635000000001
125.41666666666667,681.0,0.5113635000000001
125.41666666666667,716.0,0.5113635000000001
125.41666666666667,713.0,0.5113635000000001
125.41666666666667,682.0,0.5113635000000001
125.41666666666667,605.0,0.5113635000000001
125.41666666666667,443.0,0.5113635000000001
125.41666666666667,318.0,0.5113635000000001
125.41666666666667,216.0,0.5113635000000001
125.41666666666667,150.0,0.5113635000000001
125.41666666666667,135.0,0.5113635000000001
125.41666666666667,133.0,0.5113635000000001
125.41666666666667,174.0,0.5113635000000001
125.41666666666667,198.0,0.0
125.41666666666667,198.0,0.0
125.41666666666667,169.0,0.0
125.41666666666667,87.0,0.0
125.41666666666667,60.0,0.0
125.41666666666667,91.0,0.0
125.41666666666667,191.0,0.0
125.41666666666667,308.0,0.0
125.41666666666667,234.0,0.0
125.41666666666667,153.0,0.0
125.41666666666667,96.0,0.0
125.41666666666667,81.0,0.0
125.41666666666667,86.0,0.0
125.41666666666667,86.0,0.0
125.41666666666667,54.0,0.0
125.41666666666667,34.0,0.0
125.41666666666667,62.0,0.0
125.41666666666667,93.0,0.0
125.41666666666667,97.0,0.0
125.41666666666667,75.0,0.0
125.41666666666667,33.0,0.0
125.41666666666667,25.0,0.0
125.41666666666667,26.0,0.0
125.41666666666667,25.0,0.0
125.41666666666667,18.0,0.0
125.41666666666667,18.0,0.0
125.41666666666667,22.0,0.0
125.41666666666667,22.0,0.0
125.41666666666667,22.0,0.0
125.41666666666667,18.0,0.0
125.41666666666667,21.0,0.0
125.41666666666667,25.0,0.0
125.41666666666667,29.0,0.0
125.41666666666667,31.0,0.0
125.41666666666667,32.0,0.0
125.41666666666667,32.0,0.0
125.41666666666667,33.0,0.0
125.41666666666667,32.0,0.0
125.41666666666667,31.0,0.0
125.41666666666667,34.0,0.0
125.41666666666667,34.0,0.0
125.41666666666667,34.0,0.0
125.41666666666667,35.0,0.0
125.41666666666667,35.0,0.0
125.41666666666667,37.0,0.0
125.41666666666667,39.0,0.0
125.41666666666667,40.0,0.0
125.41666666666667,41.0,0.0
125.41666666666667,40.0,0.0
125.41666666666667,38.0,0.0
125.41666666666667,34.0,0.0
125.41666666666667,29.0,0.0
125.41666666666667,24.0,0.0
125.41666666666667,22.0,0.0
125.41666666666667,21.0,0.0
125.41666666666667,21.0,0.0
125.41666666666667,21.0,0.0
125.41666666666667,22.0,0.0
125.41666666666667,25.0,0.0
125.41666666666667,26.0,0.0
125.41666666666667,29.0,0.0
125.41666666666667,30.0,0.0
125.41666666666667,31.0,0.0
125.41666666666667,30.0,0.0
125.41666666666667,28.0,0.0
125.41666666666667,22.0,0.0
125.41666666666667,18.0,0.0
125.41666666666667,15.0,0.0
125.41666666666667,15.0,0.0
125.41666666666667,18.0,0.0
125.41666666666667,22.0,0.0
125.41666666666667,25.0,0.0
125.41666666666667,27.0,0.0
125.41666666666667,28.0,0.0
125.41666666666667,29.0,0.0
125.41666666666667,28.0,0.0
125.41666666666667,29.0,0.0
125.41666666666667,29.0,0.0
125.41666666666667,29.0,0.0
125.41666666666667,29.0,0.0
125.41666666666667,27.0,0.0
125.41666666666667,30.0,0.0
125.41666666666667,30.0,0.0
125.41666666666667,33.0,0.0
125.41666666666667,35.0,0.0
125.41666666666667,37.0,0.0
125.41666666666667,37.0,0.0
125.41666666666667,38.0,0.0
125.41666666666667,36.0,0.0
125.41666666666667,33.0,0.0
125.41666666666667,28.0,0.0
125.41666666666667,27.0,0.0
125.41666666666667,25.0,0.0
125.41666666666667,25.0,0.0
125.41666666666667,26.0,0.0
125.41666666666667,27.0,0.0
125.41666666666667,28.0,0.0
125.41666666666667,27.0,0.0
125.41666666666667,27.0,0.0
125.41666666666667,25.0,0.0
125.41666666666667,25.0,0.0
125.41666666666667,27.0,0.0
125.41666666666667,27.0,0.0
125.41666666666667,27.0,0.0
125.41666666666667,26.0,0.0
125.41666666666667,25.0,0.0
125.41666666666667,23.0,0.0
125.41666666666667,21.0,0.0
125.41666666666667,20.0,0.0
125.41666666666667,20.0,0.0
125.41666666666667,20.0,0.0
125.41666666666667,21.0,0.0
125.41666666666667,21.0,0.0
125.41666666666667,21.0,0.0
125.41666666666667,21.0,0.0
125.41666666666667,21.0,0.0
125.41666666666667,21.0,0.0
125.41666666666667,21.0,0.0
125.41666666666667,20.0,0.0
125.41666666666667,18.0,0.0
125.41666666666667,17.0,0.0
125.41666666666667,19.0,0.0
125.41666666666667,20.0,0.0
125.41666666666667,25.0,0.0
125.41666666666667,30.0,0.0
125.41666666666667,34.0,0.0
125.41666666666667,34.0,0.0
125.41666666666667,39.0,0.0
125.41666666666667,39.0,0.0
125.41666666666667,39.0,0.0
125.41666666666667,40.0,0.0
125.41666666666667,40.0,0.0
125.41666666666667,40.0,0.0
125.41666666666667,36.0,0.0
125.41666666666667,32.0,0.0
125.41666666666667,27.0,0.0
125.41666666666667,26.0,0.0
125.41666666666667,19.0,0.0
125.41666666666667,18.0,0.0
125.41666666666667,18.0,0.0
125.41666666666667,19.0,0.0
125.41666666666667,19.0,0.0
125.41666666666667,21.0,0.0
125.41666666666667,21.0,0.0
125.41666666666667,21.0,0.0
125.41666666666667,22.0,0.0
125.41666666666667,19.0,0.0
125.41666666666667,19.0,0.0
125.41666666666667,17.0,0.0
125.41666666666667,17.0,0.0
125.41666666666667,18.0,0.0
125.41666666666667,19.0,0.0
125.41666666666667,20.0,0.0
125.41666666666667,20.0,0.0
125.41666666666667,21.0,0.0
125.41666666666667,20.0,0.0
125.41666666666667,22.0,0.0
125.41666666666667,24.0,0.0
125.41666666666667,23.0,0.0
125.41666666666667,26.0,0.0
125.41666666666667,23.0,0.0
125.41666666666667,22.0,0.0
125.41666666666667,20.0,0.0
125.41666666666667,18.0,0.0
125.41666666666667,18.0,0.0
125.41666666666667,17.0,0.0
125.41666666666667,15.0,0.0
125.41666666666667,15.0,0.0
125.41666666666667,17.0,0.0
125.41666666666667,17.0,0.0
125.41666666666667,19.0,0.0
125.41666666666667,19.0,0.0
125.41666666666667,18.0,0.0
125.41666666666667,18.0,0.0
125.41666666666667,18.0,0.0
125.41666666666667,16.0,0.0
125.41666666666667,15.0,0.0
125.41666666666667,15.0,0.0
125.41666666666667,17.0,0.0
125.41666666666667,15.0,0.0
125.41666666666667,11.0,0.0
125.41666666666667,12.0,0.0
125.41666666666667,17.0,0.0
125.41666666666667,19.0,0.0
125.41666666666667,14.0,0.0
125.41666666666667,11.0,0.0
125.41666666666667,15.0,0.0
125.41666666666667,21.0,0.0
125.41666666666667,18.0,0.0
125.41666666666667,15.0,0.0
125.41666666666667,16.0,0.0
125.41666666666667,24.0,0.0
125.41666666666667,24.0,0.0
125.41666666666667,21.0,0.0
125.41666666666667,19.0,0.0
125.41666666666667,20.0,0.0
125.41666666666667,16.0,0.0
125.41666666666667,15.0,0.0
125.41666666666667,12.0,0.0
125.41666666666667,14.0,0.0
125.41666666666667,16.0,0.0
125.41666666666667,16.0,0.0
125.41666666666667,17.0,0.0
125.41666666666667,16.0,0.0
125.41666666666667,13.0,0.0
125.41666666666667,12.0,0.0
125.41666666666667,13.0,0.0
125.41666666666667,14.0,0.0
125.41666666666667,14.0,0.0
125.41666666666667,15.0,0.0
125.41666666666667,15.0,0.0
125.41666666666667,17.0,0.0
125.41666666666667,14.0,0.0
125.41666666666667,15.0,0.0
125.41666666666667,15.0,0.0
125.41666666666667,16.0,0.0
125.41666666666667,16.0,0.0
125.41666666666667,15.0,0.0
125.41666666666667,16.0,0.0
125.41666666666667,15.0,0.0
125.41666666666667,15.0,0.0
125.41666666666667,14.0,0.0
125.41666666666667,14.0,0.0
125.41666666666667,15.0,0.0
125.41666666666667,15.0,0.0
125.41666666666667,16.0,0.0
125.41666666666667,16.0,0.0
125.41666666666667,15.0,0.0
125.41666666666667,16.0,0.0
125.41666666666667,16.0,0.0
125.41666666666667,16.0,0.0
125.41666666666667,16.0,0.0
125.41666666666667,17.0,0.0
125.41666666666667,16.0,0.0
125.41666666666667,16.0,0.0
125.41666666666667,15.0,0.0
125.41666666666667,16.0,0.0
125.41666666666667,15.0,0.0
125.41666666666667,15.0,0.0
125.41666666666667,15.0,0.0
125.41666666666667,15.0,0.0
125.41666666666667,15.0,0.0
125.41666666666667,15.0,0.0
125.41666666666667,16.0,0.0
125.41666666666667,16.0,0.0
125.41666666666667,15.0,0.0
125.41666666666667,15.0,0.0
125.41666666666667,16.0,0.0
125.41666666666667,15.0,0.0
125.41666666666667,15.0,0.0
125.41666666666667,14.0,0.0
125.41666666666667,13.0,0.0
125.41666666666667,12.0,0.0
125.41666666666667,14.0,0.0
125.41666666666667,13.0,0.0
125.41666666666667,10.0,0.0
125.41666666666667,3.0,0.0
125.41666666666667,3.0,0.0
125.41666666666667,0.0,0.0
125.41666666666667,0.0,0.0
125.41666666666667,0.0,0.0
125.41666666666667,0.0,0.0
125.41666666666667,0.0,0.0
125.41666666666667,0.0,0.0
125.41666666666667,0.0,0.0
125.41666666666667,0.0,0.0
125.41666666666667,0.0,0.0
125.41666666666667,0.0,0.0
125.41666666666667,0.0,0.0
125.41666666666667,0.0,0.0
125.41666666666667,0.0,0.0
125.41666666666667,0.0,0.0
125.41666666666667,0.0,0.0
125.41666666666667,0.0,0.0
125.41666666666667,0.0,0.0
125.41666666666667,0.0,0.0
125.41666666666667,0.0,0.0
125.41666666666667,0.0,0.0
125.41666666666667,0.0,0.0
125.41666666666667,0.0,0.0
125.41666666666667,0.0,0.0
125.41666666666667,0.0,0.0
125.41666666666667,0.0,0.0
125.41666666666667,0.0,0.0
125.41666666666667,0.0,0.0
125.41666666666667,0.0,0.0
125.41666666666667,0.0,0.0
125.41666666666667,0.0,0.0
125.41666666666667,0.0,0.0
125.41666666666667,0.0,0.0
125.41666666666667,0.0,0.0
125.41666666666667,0.0,0.0
125.41666666666667,0.0,0.0
125.41666666666667,0.0,0.0
125.41666666666667,0.0,0.0
125.41666666666667,0.0,0.0
125.41666666666667,0.0,0.0
125.41666666666667,0.0,0.0
125.41666666666667,0.0,0.0
125.41666666666667,0.0,0.0
125.41666666666667,0.0,0.0
125.41666666666667,0.0,0.0
125.41666666666667,0.0,0.0
125.41666666666667,0.0,0.0
125.41666666666667,0.0,0.0
125.41666666666667,0.0,0.0
125.41666666666667,0.0,0.0
125.41666666666667,0.0,0.0
125.41666666666667,0.0,0.0
125.41666666666667,0.0,0.0
125.41666666666667,0.0,0.0
125.41666666666667,0.0,0.0
125.41666666666667,0.0,0.0
125.41666666666667,0.0,0.0
125.41666666666667,0.0,0.0
125.41666666666667,0.0,0.0
125.41666666666667,0.0,0.0
125.41666666666667,0.0,0.0
125.41666666666667,0.0,0.0
125.41666666666667,0.0,0.0
125.41666666666667,0.0,0.0
125.41666666666667,0.0,0.0
125.41666666666667,0.0,0.0
125.41666666666667,0.0,0.0
125.41666666666667,0.0,0.0
125.41666666666667,0.0,0.0
125.41666666666667,0.0,0.0
125.41666666666667,0.0,0.0
125.41666666666667,0.0,0.0
125.41666666666667,0.0,0.0
125.41666666666667,0.0,0.0
125.41666666666667,0.0,0.0
125.41666666666667,0.0,0.0
125.41666666666667,0.0,0.0
125.41666666666667,0.0,0.0
125.41666666666667,0.0,0.0
125.41666666666667,0.0,0.0
125.41666666666667,0.0,0.0
125.41666666666667,0.0,0.0
125.41666666666667,0.0,0.0
125.41666666666667,0.0,0.0
125.41666666666667,0.0,0.0
125.41666666666667,0.0,0.0
125.41666666666667,0.0,0.0
125.41666666666667,0.0,0.0
125.41666666666667,0.0,0.0
125.41666666666667,0.0,0.0
125.41666666666667,0.0,0.0
125.41666666666667,0.0,0.0
125.41666666666667,0.0,0.0
125.41666666666667,0.0,0.0
125.41666666666667,0.0,0.0
125.41666666666667,0.0,0.0
125.41666666666667,0.0,0.0
125.41666666666667,0.0,0.0
125.41666666666667,0.0,0.0
125.41666666666667,0.0,0.0
125.41666666666667,0.0,0.0
125.41666666666667,0.0,0.0
125.41666666666667,0.0,0.0
125.41666666666667,0.0,0.0
125.41666666666667,0.0,0.0
125.41666666666667,0.0,0.0
125.41666666666667,0.0,0.0
125.41666666666667,0.0,0.0
125.41666666666667,0.0,0.0
125.41666666666667,0.0,0.0
125.41666666666667,0.0,0.0
125.41666666666667,0.0,0.0
125.41666666666667,0.0,0.0
125.41666666666667,0.0,0.0
125.41666666666667,0.0,0.0
125.41666666666667,0.0,0.0
125.41666666666667,0.0,0.0
125.41666666666667,0.0,0.0
125.41666666666667,0.0,0.0
125.41666666666667,0.0,0.0
125.41666666666667,0.0,0.0
125.41666666666667,0.0,0.0
125.41666666666667,0.0,0.0
125.41666666666667,0.0,0.0
125.41666666666667,0.0,0.0
125.41666666666667,0.0,0.0
125.41666666666667,0.0,0.0
125.41666666666667,0.0,0.0
125.41666666666667,0.0,0.0
125.41666666666667,0.0,0.0
125.41666666666667,0.0,0.0
125.41666666666667,0.0,0.0
125.41666666666667,0.0,0.0
125.41666666666667,0.0,0.0
125.41666666666667,0.0,0.0
125.41666666666667,0.0,0.0
125.41666666666667,0.0,0.0
125.41666666666667,0.0,0.0
125.41666666666667,0.0,0.0
125.41666666666667,0.0,0.0
125.41666666666667,0.0,0.0
125.41666666666667,0.0,0.0
125.41666666666667,0.0,0.0
125.41666666666667,0.0,0.0
125.41666666666667,0.0,0.0
125.41666666666667,0.0,0.0
125.41666666666667,0.0,0.0
125.41666666666667,0.0,0.0
125.41666666666667,0.0,0.0
125.41666666666667,0.0,0.0
125.41666666666667,0.0,0.0
125.41666666666667,0.0,0.0
125.41666666666667,0.0,0.0
125.41666666666667,0.0,0.0
125.41666666666667,0.0,0.0
125.41666666666667,0.0,0.0
125.41666666666667,0.0,0.0
125.41666666666667,0.0,0.0
125.41666666666667,0.0,0.0
125.41666666666667,0.0,0.0
125.41666666666667,0.0,0.0
125.41666666666667,0.0,0.0
125.41666666666667,0.0,0.0
125.41666666666667,0.0,0.0
125.41666666666667,0.0,0.0
125.41666666666667,0.0,0.0
125.41666666666667,0.0,0.0
125.41666666666667,0.0,0.0
125.41666666666667,0.0,0.0
125.41666666666667,0.0,0.0
125.41666666666667,0.0,0.0
125.41666666666667,0.0,0.0
125.41666666666667,0.0,0.0
125.41666666666667,0.0,0.0
125.41666666666667,0.0,0.0
125.41666666666667,0.0,0.0
125.41666666666667,0.0,0.0
125.41666666666667,0.0,0.0
125.41666666666667,0.0,0.0
125.41666666666667,0.0,0.0
125.41666666666667,0.0,0.0
125.41666666666667,0.0,0.0
125.41666666666667,0.0,0.0
125.41666666666667,0.0,0.0
125.41666666666667,0.0,0.0
125.41666666666667,0.0,0.0
125.41666666666667,0.0,0.0
125.41666666666667,0.0,0.0
125.41666666666667,0.0,0.0
125.41666666666667,0.0,0.0
125.41666666666667,0.0,0.0
125.41666666666667,0.0,0.0
125.41666666666667,0.0,0.0
125.41666666666667,0.0,0.0
125.41666666666667,0.0,0.0
125.41666666666667,0.0,0.0
125.41666666666667,0.0,0.0
125.41666666666667,0.0,0.0
125.41666666666667,0.0,0.0
125.41666666666667,0.0,0.0
125.41666666666667,0.0,0.0
125.41666666666667,0.0,0.0
125.41666666666667,0.0,0.0
125.41666666666667,0.0,0.0
125.41666666666667,0.0,0.0
125.41666666666667,0.0,0.0
125.41666666666667,0.0,0.0
125.41666666666667,0.0,0.0
125.41666666666667,0.0,0.0
125.41666666666667,0.0,0.0
125.41666666666667,0.0,0.0
125.41666666666667,0.0,0.0
125.41666666666667,0.0,0.0
125.41666666666667,0.0,0.0
125.41666666666667,0.0,0.0
125.41666666666667,0.0,0.0
125.41666666666667,0.0,0.0
125.41666666666667,0.0,0.0
125.41666666666667,0.0,0.0
125.41666666666667,0.0,0.0
125.41666666666667,0.0,0.0
125.41666666666667,0.0,0.0
125.41666666666667,0.0,0.0
125.41666666666667,0.0,0.0
125.41666666666667,0.0,0.0
125.41666666666667,0.0,0.0
125.41666666666667,0.0,0.0
125.41666666666667,0.0,0.0
125.41666666666667,0.0,0.0
125.41666666666667,0.0,0.0
125.41666666666667,0.0,0.0
125.41666666666667,0.0,0.0
125.41666666666667,0.0,0.0
125.41666666666667,0.0,0.0
125.41666666666667,0.0,0.0
125.41666666666667,0.0,0.0
125.41666666666667,0.0,0.0
125.41666666666667,0.0,0.0
125.41666666666667,0.0,0.0
125.41666666666667,0.0,0.0
125.41666666666667,0.0,0.0
125.41666666666667,0.0,0.0
125.41666666666667,0.0,0.0
125.41666666666667,0.0,0.0
125.41666666666667,0.0,0.0
125.41666666666667,0.0,0.0
125.41666666666667,0.0,0.0
125.41666666666667,0.0,0.0
125.41666666666667,0.0,0.0
125.41666666666667,0.0,0.0
125.41666666666667,0.0,0.0
125.41666666666667,0.0,0.0
125.41666666666667,0.0,0.0
125.41666666666667,0.0,0.0
125.41666666666667,0.0,0.0
125.41666666666667,0.0,0.0
125.41666666666667,0.0,0.0
125.41666666666667,0.0,0.0
125.41666666666667,0.0,0.0
125.41666666666667,0.0,0.0
125.41666666666667,0.0,0.0
125.41666666666667,0.0,0.0
125.41666666666667,0.0,0.0
125.41666666666667,0.0,0.0
125.41666666666667,0.0,0.0
125.41666666666667,0.0,0.0
125.41666666666667,0.0,0.0
125.41666666666667,0.0,0.0
125.41666666666667,0.0,0.0
125.41666666666667,0.0,0.0
125.41666666666667,0.0,0.0
125.41666666666667,0.0,0.0
125.41666666666667,0.0,0.0
125.41666666666667,0.0,0.0
125.41666666666667,0.0,0.0
125.41666666666667,0.0,0.0
125.41666666666667,0.0,0.0
125.41666666666667,0.0,0.0
125.41666666666667,0.0,0.0
125.41666666666667,0.0,0.0
125.41666666666667,0.0,0.0
125.41666666666667,0.0,0.0
125.41666666666667,0.0,0.0
125.41666666666667,0.0,0.0
125.41666666666667,0.0,0.0
125.41666666666667,0.0,0.0
125.41666666666667,0.0,0.0
125.41666666666667,0.0,0.0
125.41666666666667,0.0,0.0
125.41666666666667,0.0,0.0
125.41666666666667,0.0,0.0
125.41666666666667,0.0,0.0
125.41666666666667,0.0,0.0
125.41666666666667,0.0,0.0
125.41666666666667,0.0,0.0
125.41666666666667,0.0,0.0
125.41666666666667,0.0,0.0
125.41666666666667,0.0,0.0
125.41666666666667,0.0,0.0
125.41666666666667,0.0,0.0
125.41666666666667,0.0,0.0
125.41666666666667,0.0,0.0
125.41666666666667,0.0,0.0
125.41666666666667,0.0,0.0
125.41666666666667,0.0,0.0
125.41666666666667,0.0,0.0
125.41666666666667,0.0,0.0
125.41666666666667,0.0,0.0
125.41666666666667,0.0,0.0
125.41666666666667,0.0,0.0
