0.0,0.0,0.0
0.0,0.0,0.0
0.0,0.0,0.0
0.0,0.0,0.0
0.0,0.0,0.0
0.0,0.0,0.0
0.0,0.0,0.0
0.0,0.0,0.0
0.0,0.0,0.0
0.0,0.0,0.0
0.0,0.0,0.0
0.0,0.0,0.0
0.0,0.0,0.0
0.0,0.0,0.0
0.0,0.0,0.0
0.0,0.0,0.0
0.0,0.0,0.0
0.0,0.0,0.0
0.0,0.0,0.0
0.0,0.0,0.0
0.0,0.0,0.0
0.0,0.0,0.0
0.0,0.0,0.0
0.0,0.0,0.0
0.0,0.0,0.0
0.0,0.0,0.0
0.0,0.0,0.0
0.0,0.0,0.0
0.0,0.0,0.0
0.0,0.0,0.0
0.0,0.0,0.0
0.0,0.0,0.0
0.0,0.0,0.0
0.0,0.0,0.0
0.0,0.0,0.0
0.0,0.0,0.0
0.0,0.0,0.0
0.0,0.0,0.0
0.0,0.0,0.0
0.0,0.0,0.0
0.0,0.0,0.0
0.0,0.0,0.0
0.0,0.0,0.0
0.0,0.0,0.0
0.0,0.0,0.0
0.0,0.0,0.0
0.0,0.0,0.0
0.0,0.0,0.0
0.0,0.0,0.0
0.0,0.0,0.0
0.0,0.0,0.0
0.0,0.0,0.0
0.0,0.0,0.0
0.0,0.0,0.0
0.0,0.0,0.0
0.0,0.0,0.0
0.0,0.0,0.0
0.0,0.0,0.0
0.0,0.0,0.0
0.0,0.0,0.0
0.0,0.0,0.0
0.0,0.0,0.0
0.0,0.0,0.0
0.0,0.0,0.0
0.0,0.0,0.0
0.0,0.0,0.0
0.0,0.0,0.0
0.0,0.0,0.0
0.0,0.0,0.0
0.0,0.0,0.0
0.0,0.0,0.0
0.0,0.0,0.0
0.0,0.0,0.0
0.0,0.0,0.0
0.0,0.0,0.0
0.0,0.0,0.0
0.0,0.0,0.0
0.0,0.0,0.0
0.0,0.0,0.0
0.0,0.0,0.0
0.0,0.0,0.0
0.0,0.0,0.0
0.0,0.0,0.0
0.0,0.0,0.0
0.0,0.0,0.0
0.0,0.0,0.0
0.0,0.0,0.0
0.0,0.0,0.0
0.0,0.0,0.0
0.0,0.0,0.0
0.0,0.0,0.0
0.0,0.0,0.0
0.0,0.0,0.0
0.0,0.0,0.0
0.0,0.0,0.0
0.0,0.0,0.0
0.0,0.0,0.0
0.0,0.0,0.0
0.0,0.0,0.0
0.0,0.0,0.0
0.0,0.0,0.0
0.0,0.0,0.0
0.0,0.0,0.0
0.0,0.0,0.0
0.0,0.0,0.0
0.0,0.0,0.0
0.0,0.0,0.0
0.0,0.0,0.0
0.0,0.0,0.0
0.0,0.0,0.0
0.0,0.0,0.0
0.0,0.0,0.0
0.0,0.0,0.0
0.0,0.0,0.0
0.0,0.0,0.0
0.0,0.0,0.0
0.0,0.0,0.0
0.0,0.0,0.0
0.0,0.0,0.0
0.0,0.0,0.0
0.0,0.0,0.0
0.0,0.0,0.0
0.0,0.0,0.0
0.0,0.0,0.0
0.0,0.0,0.0
0.0,0.0,0.0
0.0,0.0,0.0
0.0,0.0,0.0
0.0,0.0,0.0
0.0,0.0,0.0
0.0,0.0,0.0
0.0,0.0,0.0
0.0,0.0,0.0
0.0,0.0,0.0
0.0,0.0,0.0
0.0,0.0,0.0
0.0,0.0,0.0
0.0,0.0,0.0
0.0,0.0,0.0
0.0,0.0,0.0
0.0,0.0,0.0
0.0,0.0,0.0
0.0,0.0,0.0
0.0,0.0,0.0
0.0,0.0,0.0
0.0,0.0,0.0
0.0,0.0,0.0
0.0,0.0,0.0
0.0,0.0,0.0
0.0,0.0,0.0
0.0,0.0,0.0
0.0,0.0,0.0
0.0,0.0,0.0
0.0,0.0,0.0
0.0,0.0,0.0
0.0,0.0,0.0
0.0,0.0,0.0
0.0,0.0,0.0
0.0,0.0,0.0
0.0,0.0,0.0
0.0,0.0,0.0
0.0,0.0,0.0
0.0,0.0,0.0
0.0,0.0,0.0
0.0,0.0,0.0
0.0,0.0,0.0
0.0,0.0,0.0
0.0,0.0,0.0
0.0,0.0,0.0
0.0,0.0,0.0
0.0,0.0,0.0
0.0,0.0,0.0
0.0,0.0,0.0
0.0,0.0,0.0
0.0,0.0,0.0
0.0,0.0,0.0
0.0,0.0,0.0
0.0,0.0,0.0
0.0,0.0,0.0
0.0,0.0,0.0
0.0,0.0,0.0
0.0,0.0,0.0
0.0,0.0,0.0
0.0,0.0,0.0
0.0,0.0,0.0
0.0,0.0,0.0
0.0,0.0,0.0
0.0,0.0,0.0
0.0,0.0,0.0
0.0,0.0,0.0
0.0,0.0,0.0
0.0,0.0,0.0
0.0,0.0,0.0
0.0,0.0,0.0
0.0,0.0,0.0
0.0,0.0,0.0
0.0,0.0,0.0
0.0,0.0,0.0
0.0,0.0,0.0
0.0,0.0,0.0
0.0,0.0,0.0
0.0,0.0,0.0
0.0,0.0,0.0
0.0,0.0,0.0
0.0,0.0,0.0
0.0,0.0,0.0
0.0,0.0,0.0
0.0,0.0,0.0
0.0,0.0,0.0
0.0,0.0,0.0
0.0,0.0,0.0
0.0,0.0,0.0
0.0,0.0,0.0
0.0,0.0,0.0
0.0,0.0,0.0
0.0,0.0,0.0
0.0,0.0,0.0
0.0,0.0,0.0
0.0,0.0,0.0
0.0,0.0,0.0
0.0,0.0,0.0
0.0,0.0,0.0
0.0,0.0,0.0
0.0,0.0,0.0
0.0,0.0,0.0
0.0,0.0,0.0
0.0,0.0,0.0
0.0,0.0,0.0
0.0,0.0,0.0
0.0,0.0,0.0
0.0,0.0,0.0
0.0,0.0,0.0
0.0,0.0,0.0
0.0,0.0,0.0
0.0,0.0,0.0
0.0,0.0,0.0
0.0,0.0,0.0
0.0,0.0,0.0
0.0,0.0,0.0
0.0,0.0,0.0
0.0,0.0,0.0
0.0,0.0,0.0
0.0,0.0,0.0
0.0,0.0,0.0
0.0,0.0,0.0
0.0,0.0,0.0
0.0,0.0,0.0
0.0,0.0,0.0
0.0,0.0,0.0
0.0,0.0,0.0
0.0,0.0,0.0
0.0,0.0,0.0
0.0,0.0,0.0
0.0,0.0,0.0
0.0,0.0,0.0
0.0,0.0,0.0
0.0,0.0,0.0
0.0,0.0,0.0
0.0,0.0,0.0
0.0,107.0,0.0
0.0,186.0,0.0
0.0,185.0,0.0
0.0,170.0,0.0
0.0,116.0,0.0
0.0,99.0,0.0
0.0,108.0,0.0
0.0,138.0,0.0
0.0,175.0,0.0
0.0,205.0,0.0
0.0,259.0,0.0
0.0,333.0,0.0
0.0,397.0,0.0
0.0,497.0,0.0
0.0,516.0,0.0
0.0,511.0,0.0
0.0,511.0,0.0
0.0,503.0,0.0
0.0,513.0,0.0
0.0,529.0,0.0
0.0,540.0,0.0
0.0,543.0,0.0
0.0,538.0,0.0
0.0,542.0,0.0
0.0,550.0,0.0
0.0,563.0,0.0
0.0,606.0,0.0
0.0,691.0,0.0
0.0,792.0,0.0
0.0,904.0,0.0
0.0,959.0,0.0
0.0,997.0,0.0
0.0,1012.0,0.0
0.0,1081.0,0.0
0.0,1210.0,0.0
0.0,1559.0,0.0
0.0,1781.0,0.0
0.0,1927.0,0.0
0.0,1929.0,0.0
0.0,1886.0,0.0
0.0,1886.0,0.0
0.08333333333333333,1868.0,0.0
0.08333333333333333,1730.0,0.0
0.08333333333333333,1668.0,0.0
0.08333333333333333,1641.0,0.0
0.08333333333333333,1510.0,0.0
0.08333333333333333,1424.0,0.0
0.16666666666666666,1434.0,0.0
0.16666666666666666,1456.0,0.0
0.16666666666666666,1391.0,0.0
0.16666666666666666,1390.0,0.0
0.16666666666666666,1393.0,0.0
0.16666666666666666,1385.0,0.0
0.25,1396.0,0.5113635000000001
0.25,1408.0,0.5113635000000001
0.25,1368.0,0.5113635000000001
0.25,1322.0,0.5113635000000001
0.25,1297.0,0.5113635000000001
0.25,1292.0,0.5113635000000001
0.25,1253.0,0.5113635000000001
0.25,1214.0,0.5113635000000001
0.25,1138.0,0.5113635000000001
0.25,1015.0,0.5113635000000001
0.25,1019.0,0.5113635000000001
0.25,1028.0,0.5113635000000001
0.25,986.0,0.5113635000000001
0.25,861.0,0.5113635000000001
0.25,839.0,0.5113635000000001
0.25,911.0,0.5113635000000001
0.25,943.0,0.5113635000000001
0.25,965.0,0.5113635000000001
0.25,1012.0,0.5113635000000001
0.25,1015.0,0.5113635000000001
0.25,1004.0,0.5113635000000001
0.25,979.0,0.5113635000000001
0.25,859.0,0.5113635000000001
0.25,698.0,0.5113635000000001
0.25,681.0,0.5113635000000001
0.25,708.0,0.5113635000000001
0.25,689.0,0.5113635000000001
0.25,643.0,0.5113635000000001
0.25,674.0,0.5113635000000001
0.25,674.0,0.5113635000000001
0.25,755.0,0.5113635000000001
0.25,878.0,0.5113635000000001
0.25,1163.0,0.5113635000000001
0.25,1247.0,0.5113635000000001
0.25,1247.0,0.5113635000000001
0.25,1216.0,0.5113635000000001
0.25,1125.0,0.5113635000000001
0.25,1061.0,0.5113635000000001
0.3333333333333333,1089.0,0.05681816666666667
0.3333333333333333,1127.0,0.05681816666666667
0.3333333333333333,1148.0,0.05681816666666667
0.3333333333333333,1137.0,0.05681816666666667
0.4166666666666667,1161.0,0.681818
0.4166666666666667,1180.0,0.681818
0.4166666666666667,1221.0,0.681818
0.4166666666666667,1343.0,0.681818
0.4166666666666667,1370.0,0.681818
0.4166666666666667,1378.0,0.681818
0.5,1377.0,0.681818
0.5,1389.0,0.45454533333333336
0.5,1378.0,0.45454533333333336
0.5833333333333334,1355.0,0.45454533333333336
0.5833333333333334,1316.0,0.9659088333333334
0.5833333333333334,1205.0,0.9659088333333334
0.6666666666666666,1058.0,0.9659088333333334
0.6666666666666666,982.0,0.9090906666666667
0.6666666666666666,912.0,0.9090906666666667
0.6666666666666666,897.0,0.9090906666666667
0.75,1019.0,0.8522725
0.75,1238.0,0.8522725
0.75,1403.0,0.8522725
0.8333333333333334,1525.0,0.9090906666666667
0.8333333333333334,1527.0,0.9090906666666667
0.8333333333333334,1526.0,0.9090906666666667
0.9166666666666666,1480.0,0.9659088333333334
0.9166666666666666,1431.0,0.9659088333333334
0.9166666666666666,1383.0,0.9659088333333334
1.0,1312.0,0.9659088333333334
1.0,1277.0,0.9659088333333334
1.0833333333333333,1268.0,0.9659088333333334
1.0833333333333333,1278.0,1.0227270000000002
1.0833333333333333,1324.0,1.0227270000000002
1.1666666666666667,1324.0,1.1363633333333334
1.1666666666666667,1416.0,1.1363633333333334
1.1666666666666667,1511.0,1.1363633333333334
1.1666666666666667,1546.0,1.1363633333333334
1.1666666666666667,1571.0,1.1363633333333334
1.1666666666666667,1508.0,1.1363633333333334
1.25,1450.0,0.45454533333333336
1.25,1428.0,0.45454533333333336
1.25,1419.0,0.45454533333333336
1.3333333333333333,1367.0,1.0227270000000002
1.3333333333333333,1297.0,1.0227270000000002
1.3333333333333333,1285.0,1.0227270000000002
1.3333333333333333,1290.0,1.0227270000000002
1.3333333333333333,1299.0,1.0227270000000002
1.3333333333333333,1375.0,1.0227270000000002
1.4166666666666667,1375.0,0.45454533333333336
1.4166666666666667,1339.0,0.45454533333333336
1.5,1323.0,0.45454533333333336
1.5,1325.0,1.0227270000000002
1.5,1293.0,1.0227270000000002
1.5833333333333333,1252.0,1.0227270000000002
1.5833333333333333,1179.0,1.0227270000000002
1.5833333333333333,1073.0,1.0227270000000002
1.6666666666666667,984.0,1.0795451666666667
1.6666666666666667,983.0,1.0795451666666667
1.75,1031.0,1.0795451666666667
1.75,1077.0,1.1363633333333334
1.75,1132.0,1.1363633333333334
1.8333333333333333,1170.0,1.1931815000000001
1.8333333333333333,1166.0,1.1931815000000001
1.9166666666666667,1122.0,1.1931815000000001
1.9166666666666667,1101.0,1.1931815000000001
2.0,1104.0,1.1931815000000001
2.0,1088.0,1.3068178333333333
2.0,1068.0,1.3068178333333333
2.0833333333333335,1085.0,1.1931815000000001
2.1666666666666665,1113.0,1.1931815000000001
2.1666666666666665,1120.0,1.5909086666666667
2.25,1149.0,1.5909086666666667
2.25,1214.0,1.5340905
2.3333333333333335,1201.0,1.5340905
2.3333333333333335,1221.0,1.3068178333333333
2.4166666666666665,1283.0,1.3068178333333333
2.4166666666666665,1283.0,1.8181813333333334
2.5,1332.0,1.4772723333333333
2.5,1316.0,1.4772723333333333
2.5833333333333335,1282.0,1.5340905
2.6666666666666665,1281.0,1.5340905
2.6666666666666665,1232.0,1.761363166666667
2.6666666666666665,1193.0,1.761363166666667
2.6666666666666665,1109.0,1.761363166666667
2.75,1031.0,0.8522725
2.8333333333333335,946.0,0.8522725
2.8333333333333335,881.0,1.704545
2.9166666666666665,828.0,1.704545
2.9166666666666665,788.0,1.4772723333333333
3.0,790.0,1.9886358333333334
3.0,839.0,1.9886358333333334
3.0,963.0,1.9886358333333334
3.0,1181.0,1.9886358333333334
3.0833333333333335,1364.0,1.9886358333333334
3.0833333333333335,1366.0,0.5681816666666667
3.0833333333333335,1572.0,0.5681816666666667
3.1666666666666665,1812.0,0.5681816666666667
3.1666666666666665,1891.0,1.0795451666666667
3.1666666666666665,1856.0,1.0795451666666667
3.25,1734.0,1.0795451666666667
3.3333333333333335,1447.0,1.0795451666666667
3.4166666666666665,1006.0,1.9886358333333334
3.4166666666666665,850.0,2.1590903333333333
3.5,801.0,2.1590903333333333
3.5833333333333335,818.0,1.5909086666666667
3.5833333333333335,990.0,2.3295448333333333
3.6666666666666665,1090.0,2.670453833333333
3.75,1138.0,2.1590903333333333
3.8333333333333335,1138.0,2.1590903333333333
3.8333333333333335,1181.0,2.1590903333333333
3.8333333333333335,1235.0,2.1590903333333333
3.8333333333333335,1285.0,2.1590903333333333
3.9166666666666665,1329.0,0.7386361666666666
4.0,1373.0,0.7386361666666666
4.083333333333333,1449.0,2.272726666666667
4.166666666666667,1525.0,2.4431811666666667
4.166666666666667,1596.0,2.6136356666666667
4.166666666666667,1659.0,2.6136356666666667
4.25,1659.0,2.6136356666666667
4.333333333333333,1748.0,3.2954536666666665
4.416666666666667,1765.0,3.2954536666666665
4.416666666666667,1756.0,2.5568175
4.416666666666667,1738.0,2.5568175
4.416666666666667,1715.0,2.5568175
4.5,1588.0,2.5568175
4.5,1490.0,0.681818
4.5,1394.0,0.681818
4.583333333333333,1300.0,1.2499996666666666
4.583333333333333,1163.0,1.2499996666666666
4.583333333333333,1104.0,1.2499996666666666
4.666666666666667,1078.0,0.9090906666666667
4.833333333333333,1091.0,2.5568175
4.916666666666667,1177.0,4.147726166666667
5.0,1269.0,3.1249991666666666
5.0,1387.0,3.1818173333333335
5.0,1533.0,3.1818173333333335
5.083333333333333,1695.0,3.1818173333333335
5.083333333333333,1868.0,0.9090906666666667
5.166666666666667,1925.0,1.704545
5.25,1885.0,3.40909
5.333333333333333,1796.0,2.4999993333333332
5.5,1489.0,2.4999993333333332
5.583333333333333,1347.0,3.2954536666666665
5.666666666666667,1281.0,3.1249991666666666
5.75,1251.0,3.2954536666666665
5.833333333333333,1223.0,3.1818173333333335
5.916666666666667,1255.0,3.0113628333333335
6.0,1340.0,3.636362666666667
6.0,1410.0,3.636362666666667
6.083333333333333,1451.0,3.636362666666667
6.166666666666667,1546.0,1.0227270000000002
6.25,1612.0,3.9204535000000003
6.333333333333333,1701.0,3.352271833333334
6.416666666666667,1743.0,3.693180833333334
6.5,1687.0,3.693180833333334
6.5,1724.0,1.5909086666666667
6.5,1746.0,1.5909086666666667
6.583333333333333,1734.0,1.1931815000000001
6.666666666666667,1754.0,1.1931815000000001
6.666666666666667,1772.0,1.9886358333333334
6.75,1689.0,1.5909086666666667
6.75,1689.0,1.5909086666666667
6.75,1624.0,1.5909086666666667
6.833333333333333,1582.0,1.5909086666666667
6.916666666666667,1474.0,3.40909
7.083333333333333,1469.0,3.40909
7.083333333333333,1557.0,3.806817166666667
7.166666666666667,1567.0,1.704545
7.333333333333333,1635.0,3.9204535000000003
7.416666666666667,1782.0,4.204544333333334
7.5,1809.0,4.034089833333334
7.666666666666667,1854.0,3.8636353333333338
7.666666666666667,1876.0,3.7499990000000003
7.75,1780.0,3.7499990000000003
7.916666666666667,1718.0,3.7499990000000003
8.0,1673.0,3.636362666666667
8.083333333333334,1662.0,3.7499990000000003
8.166666666666666,1594.0,4.147726166666667
8.25,1524.0,4.147726166666667
8.416666666666666,1528.0,4.147726166666667
8.5,1499.0,4.8295441666666665
8.583333333333334,1494.0,4.147726166666667
8.666666666666666,1572.0,4.147726166666667
8.75,1611.0,1.8749995000000002
8.833333333333334,1632.0,4.261362500000001
9.0,1644.0,4.261362500000001
9.083333333333334,1614.0,4.431817000000001
9.166666666666666,1598.0,4.204544333333334
9.166666666666666,1559.0,4.204544333333334
9.333333333333334,1552.0,4.204544333333334
9.416666666666666,1544.0,4.7727260000000005
9.416666666666666,1532.0,3.7499990000000003
9.583333333333334,1548.0,3.7499990000000003
9.666666666666666,1546.0,4.090908000000001
9.833333333333334,1593.0,4.090908000000001
9.916666666666666,1776.0,4.6022715000000005
10.083333333333334,1817.0,4.6022715000000005
10.166666666666666,1823.0,4.9431805
10.333333333333334,1786.0,4.9431805
10.416666666666666,1739.0,3.5795445000000004
10.583333333333334,1742.0,4.545453333333334
10.666666666666666,1728.0,4.659089666666667
10.833333333333334,1714.0,4.204544333333334
10.916666666666666,1615.0,4.318180666666667
11.083333333333334,1615.0,4.318180666666667
11.166666666666666,1488.0,4.545453333333334
11.166666666666666,1473.0,3.9204535000000003
11.333333333333334,1465.0,3.9204535000000003
11.5,1461.0,4.034089833333334
11.583333333333334,1483.0,4.374998833333334
11.583333333333334,1505.0,4.374998833333334
11.666666666666666,1527.0,4.374998833333334
11.833333333333334,1606.0,4.374998833333334
11.916666666666666,1700.0,4.488635166666667
12.083333333333334,1668.0,4.7159078333333335
12.25,1643.0,4.7159078333333335
12.25,1599.0,4.8863623333333335
12.25,1522.0,4.8863623333333335
12.416666666666666,1379.0,4.8863623333333335
12.583333333333334,1326.0,4.545453333333334
12.666666666666666,1310.0,4.431817000000001
12.833333333333334,1350.0,4.431817000000001
12.916666666666666,1432.0,4.431817000000001
12.916666666666666,1521.0,4.431817000000001
13.0,1553.0,1.4772723333333333
13.166666666666666,1585.0,1.4772723333333333
13.333333333333334,1625.0,4.488635166666667
13.416666666666666,1662.0,4.8863623333333335
13.583333333333334,1716.0,4.7727260000000005
13.666666666666666,1749.0,3.8636353333333338
13.833333333333334,1754.0,3.8636353333333338
13.916666666666666,1693.0,4.7159078333333335
14.0,1646.0,4.7159078333333335
14.166666666666666,1644.0,4.8863623333333335
14.25,1672.0,5.056816833333333
14.416666666666666,1698.0,5.056816833333333
14.583333333333334,1679.0,4.8863623333333335
14.583333333333334,1674.0,4.659089666666667
14.583333333333334,1674.0,4.659089666666667
14.666666666666666,1674.0,1.0795451666666667
14.833333333333334,1659.0,4.9999986666666665
15.0,1645.0,4.9999986666666665
15.083333333333334,1641.0,4.9999986666666665
15.25,1629.0,4.9999986666666665
15.416666666666666,1605.0,4.7159078333333335
15.5,1615.0,4.8863623333333335
15.666666666666666,1615.0,4.8295441666666665
15.75,1605.0,4.545453333333334
15.833333333333334,1601.0,2.3863630000000002
15.916666666666666,1621.0,3.9772716666666668
16.0,1632.0,3.9772716666666668
16.083333333333332,1617.0,1.5909086666666667
16.25,1622.0,4.9431805
16.416666666666668,1600.0,4.9431805
16.583333333333332,1570.0,4.9431805
16.666666666666668,1593.0,4.204544333333334
16.833333333333332,1620.0,4.545453333333334
16.916666666666668,1656.0,5.568180333333333
17.083333333333332,1753.0,5.568180333333333
17.166666666666668,1763.0,5.909089333333333
17.333333333333332,1781.0,5.681816666666667
17.5,1804.0,5.568180333333333
17.583333333333332,1823.0,4.7159078333333335
17.583333333333332,1776.0,4.7159078333333335
17.75,1776.0,4.7159078333333335
17.833333333333332,1650.0,4.9431805
18.0,1595.0,4.9431805
18.166666666666668,1596.0,5.227271333333333
18.333333333333332,1547.0,5.170453166666666
18.333333333333332,1550.0,5.170453166666666
18.5,1591.0,5.170453166666666
18.666666666666668,1689.0,5.170453166666666
18.666666666666668,1758.0,5.909089333333333
18.833333333333332,1783.0,5.909089333333333
18.916666666666668,1784.0,5.340907666666666
19.0,1739.0,5.568180333333333
19.0,1669.0,5.568180333333333
19.166666666666668,1648.0,5.568180333333333
19.333333333333332,1648.0,5.568180333333333
19.5,1572.0,5.568180333333333
19.666666666666668,1466.0,5.568180333333333
19.833333333333332,1480.0,5.511362166666667
20.0,1521.0,5.511362166666667
20.166666666666668,1570.0,5.227271333333333
20.25,1655.0,6.193180166666667
20.5,1836.0,6.193180166666667
20.5,1904.0,5.2840895
20.583333333333332,1904.0,5.2840895
20.666666666666668,1879.0,1.8181813333333334
20.833333333333332,1879.0,2.0454540000000003
21.0,1803.0,5.340907666666666
21.166666666666668,1778.0,5.340907666666666
21.333333333333332,1734.0,5.340907666666666
21.416666666666668,1734.0,5.340907666666666
21.583333333333332,1550.0,6.136362
21.75,1465.0,6.136362
21.833333333333332,1489.0,5.852271166666667
21.916666666666668,1567.0,5.852271166666667
21.916666666666668,1658.0,1.8749995000000002
22.166666666666668,1749.0,1.9886358333333334
22.333333333333332,1767.0,5.738634833333333
22.5,1779.0,6.193180166666667
22.583333333333332,1777.0,5.568180333333333
22.666666666666668,1793.0,2.727272
22.833333333333332,1762.0,3.352271833333334
22.916666666666668,1675.0,6.079543833333333
23.0,1550.0,2.9545446666666666
23.083333333333332,1520.0,2.9545446666666666
23.25,1417.0,2.9545446666666666
23.333333333333332,1371.0,5.568180333333333
23.416666666666668,1347.0,6.931816333333333
23.583333333333332,1295.0,6.931816333333333
23.75,1376.0,6.363634666666667
23.916666666666668,1466.0,5.9659075
23.916666666666668,1553.0,3.068181
24.083333333333332,1639.0,3.068181
24.166666666666668,1665.0,6.136362
24.25,1652.0,6.136362
24.25,1620.0,1.5909086666666667
24.333333333333332,1589.0,2.2159085000000003
24.583333333333332,1502.0,3.0113628333333335
24.75,1519.0,6.534089166666668
24.833333333333332,1525.0,5.795453
25.0,1573.0,5.795453
25.083333333333332,1631.0,5.6249985
25.25,1649.0,5.6249985
25.416666666666668,1677.0,5.6249985
25.416666666666668,1693.0,6.193180166666667
25.583333333333332,1727.0,6.193180166666667
25.666666666666668,1723.0,6.477271
25.833333333333332,1659.0,6.477271
26.0,1624.0,6.022725666666667
26.083333333333332,1624.0,5.568180333333333
26.25,1651.0,5.568180333333333
26.333333333333332,1669.0,6.761361833333333
26.5,1610.0,7.272725333333334
26.583333333333332,1559.0,7.272725333333334
26.583333333333332,1568.0,2.102272166666667
26.666666666666668,1561.0,2.102272166666667
26.833333333333332,1607.0,3.806817166666667
27.0,1670.0,6.534089166666668
27.25,1752.0,6.534089166666668
27.333333333333332,1792.0,6.363634666666667
27.583333333333332,1778.0,6.363634666666667
27.75,1791.0,6.81818
27.916666666666668,1716.0,6.81818
28.0,1679.0,6.022725666666667
28.083333333333332,1635.0,6.022725666666667
28.333333333333332,1601.0,6.022725666666667
28.5,1601.0,6.3068165
28.666666666666668,1626.0,6.704543666666668
28.833333333333332,1629.0,6.704543666666668
28.916666666666668,1634.0,6.590907333333333
29.083333333333332,1619.0,6.590907333333333
29.083333333333332,1619.0,6.590907333333333
29.166666666666668,1628.0,1.704545
29.25,1609.0,1.704545
29.25,1598.0,1.761363166666667
29.5,1630.0,1.761363166666667
29.583333333333332,1665.0,6.590907333333333
29.75,1702.0,6.590907333333333
29.833333333333332,1824.0,7.386361666666668
30.0,1816.0,7.386361666666668
30.166666666666668,1819.0,7.386361666666668
30.333333333333332,1838.0,6.477271
30.416666666666668,1797.0,6.477271
30.666666666666668,1736.0,6.477271
30.833333333333332,1640.0,7.045452666666668
31.083333333333332,1529.0,7.670452500000001
31.166666666666668,1455.0,6.761361833333333
31.333333333333332,1431.0,7.5568161666666676
31.416666666666668,1456.0,7.5568161666666676
31.666666666666668,1415.0,7.5568161666666676
31.666666666666668,1367.0,7.102270833333333
31.916666666666668,1367.0,7.102270833333333
31.916666666666668,1325.0,6.931816333333333
32.166666666666664,1322.0,6.931816333333333
32.25,1353.0,7.102270833333333
32.5,1352.0,7.102270833333333
32.666666666666664,1382.0,6.81818
32.916666666666664,1386.0,6.81818
33.083333333333336,1366.0,6.988634500000001
33.25,1331.0,7.272725333333334
33.333333333333336,1310.0,8.465906833333333
33.5,1222.0,8.465906833333333
33.666666666666664,1241.0,7.272725333333334
33.833333333333336,1328.0,7.272725333333334
33.916666666666664,1408.0,6.193180166666667
34.083333333333336,1490.0,6.704543666666668
34.25,1521.0,7.215907166666668
34.25,1492.0,7.215907166666668
34.416666666666664,1502.0,7.499998000000001
34.5,1502.0,7.499998000000001
34.75,1415.0,7.499998000000001
34.916666666666664,1405.0,7.499998000000001
35.083333333333336,1425.0,7.159089000000001
35.333333333333336,1440.0,7.159089000000001
35.416666666666664,1488.0,7.045452666666668
35.416666666666664,1562.0,7.045452666666668
35.5,1619.0,7.045452666666668
35.583333333333336,1601.0,1.1363633333333334
35.75,1574.0,6.761361833333333
35.833333333333336,1600.0,7.670452500000001
36.083333333333336,1579.0,7.670452500000001
36.166666666666664,1589.0,8.579543166666667
36.416666666666664,1611.0,8.579543166666667
36.583333333333336,1630.0,8.295452333333333
36.833333333333336,1613.0,7.386361666666668
37.083333333333336,1568.0,7.386361666666668
37.166666666666664,1477.0,6.988634500000001
37.416666666666664,1451.0,6.988634500000001
37.583333333333336,1467.0,7.215907166666668
37.75,1475.0,6.022725666666667
37.916666666666664,1441.0,6.534089166666668
38.166666666666664,1387.0,6.534089166666668
38.333333333333336,1329.0,7.329543500000001
38.416666666666664,1331.0,6.988634500000001
38.583333333333336,1331.0,6.988634500000001
38.666666666666664,1331.0,7.613634333333334
38.833333333333336,1313.0,7.613634333333334
39.0,1300.0,7.613634333333334
39.166666666666664,1342.0,7.215907166666668
39.416666666666664,1376.0,7.215907166666668
39.5,1373.0,7.670452500000001
39.583333333333336,1395.0,3.4659081666666665
39.583333333333336,1479.0,3.4659081666666665
39.666666666666664,1467.0,3.4659081666666665
39.75,1472.0,1.0227270000000002
39.916666666666664,1503.0,2.4999993333333332
40.166666666666664,1495.0,6.6477255
40.25,1491.0,9.034088500000001
40.416666666666664,1462.0,9.034088500000001
40.666666666666664,1423.0,8.522725000000001
40.75,1419.0,7.443179833333334
40.75,1416.0,7.443179833333334
41.0,1406.0,7.443179833333334
41.083333333333336,1415.0,8.238634166666667
41.25,1413.0,6.6477255
41.416666666666664,1347.0,7.8977251666666675
41.5,1294.0,7.8409070000000005
41.75,1246.0,7.8409070000000005
41.916666666666664,1219.0,7.272725333333334
42.0,1198.0,3.9772716666666668
42.0,1176.0,3.9772716666666668
42.166666666666664,1206.0,3.9772716666666668
42.416666666666664,1250.0,3.9772716666666668
42.583333333333336,1214.0,7.045452666666668
42.75,1204.0,7.045452666666668
42.916666666666664,1205.0,6.761361833333333
43.083333333333336,1182.0,6.761361833333333
43.083333333333336,1184.0,8.068179666666667
43.166666666666664,1340.0,8.068179666666667
43.333333333333336,1353.0,8.068179666666667
43.583333333333336,1355.0,8.068179666666667
43.75,1411.0,8.068179666666667
43.916666666666664,1455.0,7.443179833333334
44.083333333333336,1475.0,7.443179833333334
44.166666666666664,1478.0,6.534089166666668
44.416666666666664,1470.0,6.534089166666668
44.5,1487.0,7.8409070000000005
44.583333333333336,1487.0,3.4659081666666665
44.833333333333336,1482.0,7.5568161666666676
45.083333333333336,1472.0,7.5568161666666676
45.166666666666664,1474.0,7.386361666666668
45.416666666666664,1440.0,7.386361666666668
45.666666666666664,1398.0,8.0113615
45.833333333333336,1442.0,8.0113615
45.833333333333336,1461.0,7.215907166666668
45.916666666666664,1493.0,7.215907166666668
46.083333333333336,1558.0,7.215907166666668
46.333333333333336,1564.0,7.215907166666668
46.5,1544.0,7.386361666666668
46.666666666666664,1547.0,6.874998166666668
46.833333333333336,1559.0,7.670452500000001
47.0,1645.0,4.034089833333334
47.166666666666664,1612.0,4.034089833333334
47.25,1588.0,6.988634500000001
47.416666666666664,1588.0,6.988634500000001
47.666666666666664,1554.0,6.988634500000001
47.833333333333336,1542.0,7.045452666666668
48.0,1513.0,7.045452666666668
48.25,1463.0,8.0113615
48.416666666666664,1396.0,8.0113615
48.416666666666664,1363.0,7.5568161666666676
48.583333333333336,1361.0,7.5568161666666676
48.833333333333336,1337.0,7.5568161666666676
49.083333333333336,1297.0,7.670452500000001
49.166666666666664,1297.0,8.295452333333333
49.416666666666664,1304.0,8.295452333333333
49.583333333333336,1324.0,8.352270500000001
49.666666666666664,1357.0,3.5795445000000004
49.666666666666664,1393.0,3.5795445000000004
49.833333333333336,1551.0,3.5795445000000004
50.0,1562.0,7.670452500000001
50.166666666666664,1510.0,7.670452500000001
50.333333333333336,1410.0,7.5568161666666676
50.5,1206.0,7.5568161666666676
50.666666666666664,1144.0,7.5568161666666676
50.833333333333336,1123.0,7.5568161666666676
50.833333333333336,1109.0,6.988634500000001
50.916666666666664,1162.0,6.988634500000001
51.166666666666664,1272.0,6.988634500000001
51.333333333333336,1272.0,6.988634500000001
51.416666666666664,1338.0,5.9659075
51.583333333333336,1370.0,5.9659075
51.75,1396.0,7.7272706666666675
51.916666666666664,1392.0,7.7272706666666675
52.0,1374.0,7.329543500000001
52.083333333333336,1384.0,7.329543500000001
52.333333333333336,1382.0,7.329543500000001
52.583333333333336,1267.0,7.613634333333334
52.75,1213.0,7.7272706666666675
53.0,1212.0,7.7272706666666675
53.083333333333336,1236.0,8.295452333333333
53.166666666666664,1254.0,8.295452333333333
53.166666666666664,1222.0,1.9318176666666669
53.333333333333336,1185.0,1.9318176666666669
53.5,1169.0,1.9318176666666669
53.666666666666664,1155.0,4.090908000000001
53.916666666666664,1163.0,7.8977251666666675
54.083333333333336,1184.0,8.068179666666667
54.25,1193.0,8.068179666666667
54.25,1230.0,7.386361666666668
54.333333333333336,1257.0,7.386361666666668
54.5,1240.0,7.386361666666668
54.666666666666664,1254.0,7.386361666666668
54.916666666666664,1292.0,7.386361666666668
54.916666666666664,1325.0,8.0113615
55.166666666666664,1384.0,8.0113615
55.25,1365.0,9.318179333333333
55.416666666666664,1284.0,9.318179333333333
55.5,1176.0,8.0113615
55.666666666666664,1032.0,8.0113615
55.75,1017.0,4.261362500000001
56.0,1041.0,4.261362500000001
56.083333333333336,1064.0,7.613634333333334
56.25,1079.0,7.215907166666668
56.333333333333336,1033.0,3.636362666666667
56.333333333333336,1092.0,3.636362666666667
56.416666666666664,1241.0,1.5340905
56.666666666666664,1297.0,7.613634333333334
56.916666666666664,1163.0,7.613634333333334
57.166666666666664,1099.0,7.613634333333334
57.333333333333336,1181.0,7.613634333333334
57.416666666666664,1228.0,7.443179833333334
57.5,1228.0,2.670453833333333
57.583333333333336,1228.0,8.863634000000001
57.583333333333336,1304.0,8.863634000000001
57.75,1304.0,8.863634000000001
57.916666666666664,1291.0,8.465906833333333
58.083333333333336,1301.0,8.465906833333333
58.083333333333336,1337.0,7.159089000000001
58.25,1299.0,7.159089000000001
58.416666666666664,1268.0,7.443179833333334
58.5,1248.0,7.443179833333334
58.583333333333336,1069.0,7.5568161666666676
58.666666666666664,1047.0,7.5568161666666676
58.916666666666664,1068.0,7.5568161666666676
59.166666666666664,1052.0,7.5568161666666676
59.333333333333336,1039.0,7.8409070000000005
59.583333333333336,1015.0,8.0113615
59.666666666666664,1020.0,7.8977251666666675
59.75,1020.0,7.8977251666666675
59.833333333333336,1123.0,7.499998000000001
59.916666666666664,1196.0,7.499998000000001
60.083333333333336,1244.0,2.0454540000000003
60.333333333333336,1272.0,7.8977251666666675
60.416666666666664,1328.0,9.318179333333333
60.666666666666664,1306.0,9.318179333333333
60.833333333333336,1331.0,7.8977251666666675
60.833333333333336,1402.0,8.0113615
60.916666666666664,1338.0,8.0113615
61.0,1168.0,1.3068178333333333
61.25,1123.0,2.4999993333333332
61.416666666666664,1064.0,7.215907166666668
61.666666666666664,932.0,7.215907166666668
61.833333333333336,932.0,7.102270833333333
61.916666666666664,1072.0,8.409088666666667
61.916666666666664,1124.0,8.409088666666667
62.083333333333336,1084.0,7.7272706666666675
62.166666666666664,1028.0,7.7272706666666675
62.333333333333336,871.0,7.613634333333334
62.5,809.0,7.613634333333334
62.666666666666664,866.0,7.613634333333334
62.916666666666664,926.0,7.613634333333334
63.083333333333336,943.0,7.613634333333334
63.083333333333336,826.0,7.5568161666666676
63.166666666666664,739.0,7.5568161666666676
63.333333333333336,739.0,7.5568161666666676
63.416666666666664,737.0,7.329543500000001
63.666666666666664,864.0,7.5568161666666676
63.916666666666664,904.0,7.5568161666666676
64.0,943.0,8.749997666666667
64.16666666666667,951.0,8.806815833333333
64.41666666666667,916.0,8.238634166666667
64.5,844.0,7.9545433333333335
64.58333333333333,909.0,7.9545433333333335
64.83333333333333,963.0,7.7272706666666675
65.0,1035.0,7.7272706666666675
65.25,1072.0,7.5568161666666676
65.41666666666667,955.0,8.806815833333333
65.66666666666667,1058.0,8.806815833333333
65.66666666666667,1119.0,7.499998000000001
65.91666666666667,1140.0,7.499998000000001
66.08333333333333,1189.0,7.272725333333334
66.25,1194.0,7.272725333333334
66.5,1195.0,7.272725333333334
66.75,1197.0,7.272725333333334
66.83333333333333,1170.0,6.420452833333333
67.08333333333333,1123.0,6.420452833333333
67.16666666666667,1120.0,8.352270500000001
67.16666666666667,1112.0,8.352270500000001
67.16666666666667,1094.0,8.352270500000001
67.41666666666667,953.0,8.352270500000001
67.58333333333333,873.0,7.272725333333334
67.83333333333333,953.0,7.272725333333334
68.08333333333333,1113.0,7.272725333333334
68.25,1192.0,7.272725333333334
68.5,1235.0,7.272725333333334
68.66666666666667,1249.0,8.0113615
68.91666666666667,1243.0,7.670452500000001
69.08333333333333,1307.0,7.670452500000001
69.25,1429.0,7.670452500000001
69.41666666666667,1467.0,6.931816333333333
69.66666666666667,1538.0,6.931816333333333
69.91666666666667,1555.0,7.045452666666668
70.08333333333333,1360.0,7.045452666666668
70.25,1148.0,6.81818
70.41666666666667,1026.0,3.693180833333334
70.41666666666667,955.0,8.579543166666667
70.66666666666667,955.0,7.7272706666666675
70.91666666666667,939.0,7.7272706666666675
71.08333333333333,849.0,7.443179833333334
71.33333333333333,843.0,7.443179833333334
71.58333333333333,916.0,7.386361666666668
71.58333333333333,865.0,6.3068165
71.83333333333333,1003.0,6.3068165
72.08333333333333,1206.0,7.670452500000001
72.25,1317.0,7.613634333333334
72.5,1458.0,7.613634333333334
72.75,1552.0,7.613634333333334
72.91666666666667,1558.0,7.613634333333334
73.16666666666667,1622.0,7.8409070000000005
73.33333333333333,1671.0,7.5568161666666676
73.5,1665.0,7.670452500000001
73.75,1580.0,7.670452500000001
74.0,1585.0,7.499998000000001
74.16666666666667,1593.0,7.499998000000001
74.41666666666667,1522.0,7.499998000000001
74.41666666666667,1463.0,8.863634000000001
74.66666666666667,1455.0,8.863634000000001
74.75,1463.0,7.159089000000001
74.91666666666667,1536.0,7.159089000000001
75.08333333333333,1631.0,7.159089000000001
75.25,1757.0,7.159089000000001
75.5,1633.0,7.159089000000001
75.66666666666667,1579.0,7.159089000000001
75.91666666666667,1593.0,6.988634500000001
76.16666666666667,1395.0,7.272725333333334
76.25,1347.0,9.090906666666667
76.33333333333333,1374.0,9.090906666666667
76.5,1377.0,9.090906666666667
76.66666666666667,1371.0,7.159089000000001
76.91666666666667,1311.0,7.784088833333334
77.08333333333333,1168.0,7.784088833333334
77.25,1221.0,7.7272706666666675
77.33333333333333,1289.0,6.761361833333333
77.5,1301.0,6.761361833333333
77.58333333333333,1389.0,7.443179833333334
77.66666666666667,1498.0,2.3295448333333333
77.75,1606.0,2.3295448333333333
77.91666666666667,1550.0,7.7272706666666675
78.08333333333333,1597.0,7.7272706666666675
78.33333333333333,1597.0,6.81818
78.41666666666667,1607.0,6.874998166666668
78.58333333333333,1562.0,6.874998166666668
78.66666666666667,1527.0,6.534089166666668
78.83333333333333,1229.0,7.102270833333333
78.83333333333333,1137.0,7.159089000000001
78.91666666666667,1027.0,7.159089000000001
79.08333333333333,1015.0,7.159089000000001
79.25,1047.0,6.988634500000001
79.5,865.0,6.988634500000001
79.58333333333333,785.0,5.738634833333333
79.75,808.0,7.7272706666666675
79.75,915.0,7.7272706666666675
79.91666666666667,1032.0,7.7272706666666675
80.08333333333333,1048.0,6.81818
80.08333333333333,1016.0,6.136362
80.33333333333333,969.0,6.136362
80.5,1020.0,6.136362
80.66666666666667,1141.0,6.81818
80.83333333333333,1193.0,8.0113615
81.0,1223.0,7.8977251666666675
81.16666666666667,1196.0,6.931816333333333
81.41666666666667,1152.0,6.420452833333333
81.58333333333333,1160.0,6.420452833333333
81.75,1156.0,6.477271
81.75,1082.0,6.874998166666668
81.91666666666667,1065.0,6.874998166666668
82.16666666666667,1088.0,6.874998166666668
82.33333333333333,1061.0,6.874998166666668
82.5,1059.0,6.874998166666668
82.66666666666667,1065.0,5.795453
82.83333333333333,1019.0,6.136362
82.83333333333333,1056.0,6.931816333333333
83.0,1151.0,6.931816333333333
83.08333333333333,1248.0,8.806815833333333
83.25,1281.0,8.806815833333333
83.41666666666667,1237.0,6.590907333333333
83.5,1155.0,6.420452833333333
83.58333333333333,1100.0,6.420452833333333
83.75,944.0,6.420452833333333
83.83333333333333,919.0,6.931816333333333
83.91666666666667,1015.0,2.272726666666667
83.91666666666667,1132.0,2.272726666666667
83.91666666666667,1132.0,2.272726666666667
84.08333333333333,1141.0,2.272726666666667
84.25,1137.0,6.761361833333333
84.5,1113.0,6.761361833333333
84.58333333333333,1096.0,8.352270500000001
84.66666666666667,1141.0,8.352270500000001
84.75,1314.0,1.704545
84.91666666666667,1256.0,2.9545446666666666
85.08333333333333,1221.0,6.022725666666667
85.16666666666667,1269.0,6.590907333333333
85.33333333333333,1270.0,6.590907333333333
85.5,1270.0,6.704543666666668
85.66666666666667,1305.0,6.704543666666668
85.83333333333333,1316.0,6.931816333333333
85.91666666666667,1354.0,6.3068165
86.08333333333333,1506.0,6.3068165
86.33333333333333,1509.0,6.874998166666668
86.33333333333333,1603.0,7.329543500000001
86.41666666666667,1600.0,2.1590903333333333
86.58333333333333,1543.0,2.3863630000000002
86.75,1540.0,6.6477255
87.0,1467.0,6.6477255
87.08333333333333,1364.0,6.704543666666668
87.16666666666667,1254.0,5.738634833333333
87.33333333333333,1196.0,5.738634833333333
87.5,1198.0,5.909089333333333
87.58333333333333,1249.0,6.477271
87.58333333333333,1304.0,6.477271
87.66666666666667,1313.0,6.477271
87.83333333333333,1322.0,6.477271
88.08333333333333,1323.0,7.386361666666668
88.16666666666667,1414.0,6.81818
88.25,1479.0,3.352271833333334
88.5,1436.0,3.352271833333334
88.66666666666667,1411.0,5.681816666666667
88.91666666666667,1370.0,6.534089166666668
89.08333333333333,1304.0,6.477271
89.33333333333333,1270.0,7.215907166666668
89.41666666666667,1240.0,7.8977251666666675
89.5,1202.0,3.352271833333334
89.75,1189.0,6.6477255
89.91666666666667,1308.0,6.6477255
90.08333333333333,1308.0,5.9659075
90.08333333333333,1375.0,3.693180833333334
90.25,1421.0,3.693180833333334
90.33333333333333,1423.0,6.931816333333333
90.5,1504.0,7.613634333333334
90.66666666666667,1436.0,6.988634500000001
90.83333333333333,1348.0,6.988634500000001
91.08333333333333,1285.0,7.102270833333333
91.16666666666667,1172.0,6.420452833333333
91.41666666666667,1074.0,6.420452833333333
91.5,1088.0,7.159089000000001
91.58333333333333,1061.0,7.159089000000001
91.66666666666667,1044.0,2.272726666666667
91.66666666666667,1146.0,2.1590903333333333
91.75,1422.0,2.4431811666666667
91.91666666666667,1536.0,3.0113628333333335
92.08333333333333,1714.0,6.022725666666667
92.25,1772.0,6.931816333333333
92.33333333333333,1869.0,6.590907333333333
92.5,1871.0,6.590907333333333
92.58333333333333,1900.0,6.704543666666668
92.58333333333333,1828.0,6.704543666666668
92.58333333333333,1542.0,6.704543666666668
92.83333333333333,1359.0,6.704543666666668
93.0,1295.0,6.704543666666668
93.25,1338.0,6.704543666666668
93.41666666666667,1213.0,6.6477255
93.66666666666667,1111.0,6.420452833333333
93.83333333333333,1089.0,7.159089000000001
93.83333333333333,1102.0,8.693179500000001
93.91666666666667,1134.0,2.102272166666667
94.0,1120.0,2.1590903333333333
94.08333333333333,1100.0,3.40909
94.33333333333333,1128.0,3.40909
94.5,1176.0,5.9659075
94.75,1304.0,6.249998333333333
94.91666666666667,1371.0,6.249998333333333
95.08333333333333,1337.0,6.249998333333333
95.16666666666667,1253.0,8.806815833333333
95.33333333333333,1365.0,8.806815833333333
95.33333333333333,1384.0,6.249998333333333
95.5,1361.0,6.249998333333333
95.58333333333333,1338.0,7.443179833333334
95.75,1338.0,7.443179833333334
96.0,1297.0,7.045452666666668
96.08333333333333,1191.0,6.931816333333333
96.25,1190.0,6.931816333333333
96.41666666666667,1191.0,6.704543666666668
96.5,1232.0,6.704543666666668
96.58333333333333,1385.0,6.81818
96.58333333333333,1354.0,6.81818
96.66666666666667,1255.0,6.81818
96.83333333333333,1148.0,6.761361833333333
97.0,1063.0,6.761361833333333
97.08333333333333,1021.0,6.534089166666668
97.33333333333333,1036.0,6.534089166666668
97.5,1039.0,6.193180166666667
97.58333333333333,1062.0,5.9659075
97.66666666666667,1106.0,6.761361833333333
97.66666666666667,1105.0,6.761361833333333
97.66666666666667,936.0,6.761361833333333
97.75,779.0,6.761361833333333
97.91666666666667,828.0,6.761361833333333
98.08333333333333,975.0,6.761361833333333
98.25,997.0,6.761361833333333
98.25,916.0,6.477271
98.41666666666667,869.0,6.477271
98.58333333333333,970.0,5.852271166666667
98.75,1077.0,5.852271166666667
98.83333333333333,1272.0,5.681816666666667
98.83333333333333,1405.0,5.681816666666667
99.0,1421.0,5.681816666666667
99.16666666666667,1577.0,6.079543833333333
99.33333333333333,1579.0,6.193180166666667
99.5,1523.0,6.193180166666667
99.66666666666667,1688.0,6.193180166666667
99.83333333333333,1738.0,5.6249985
100.0,1693.0,5.6249985
100.16666666666667,1737.0,5.9659075
100.33333333333333,1750.0,5.568180333333333
100.5,1803.0,5.568180333333333
100.66666666666667,1858.0,5.568180333333333
100.83333333333333,1845.0,5.568180333333333
100.91666666666667,1825.0,5.170453166666666
101.0,1823.0,2.8409083333333336
101.16666666666667,1762.0,2.8409083333333336
101.33333333333333,1762.0,5.170453166666666
101.5,1686.0,5.738634833333333
101.66666666666667,1685.0,5.6249985
101.75,1620.0,5.340907666666666
101.83333333333333,1614.0,5.340907666666666
101.83333333333333,1637.0,1.8749995000000002
101.91666666666667,1613.0,1.8749995000000002
102.0,1573.0,1.3068178333333333
102.08333333333333,1573.0,6.193180166666667
102.25,1533.0,6.193180166666667
102.33333333333333,1580.0,5.454544
102.5,1670.0,5.454544
102.66666666666667,1586.0,5.6249985
102.83333333333333,1515.0,5.568180333333333
103.0,1496.0,5.568180333333333
103.08333333333333,1449.0,4.8863623333333335
103.25,1452.0,4.8863623333333335
103.25,1467.0,5.511362166666667
103.41666666666667,1451.0,5.511362166666667
103.58333333333333,1504.0,5.340907666666666
103.75,1670.0,5.340907666666666
103.91666666666667,1828.0,5.340907666666666
104.08333333333333,1911.0,5.340907666666666
104.16666666666667,1882.0,4.545453333333334
104.25,1820.0,4.545453333333334
104.41666666666667,1789.0,4.545453333333334
104.58333333333333,1707.0,4.9999986666666665
104.75,1630.0,4.9999986666666665
104.83333333333333,1574.0,5.397725833333334
104.83333333333333,1469.0,5.397725833333334
104.83333333333333,1470.0,5.397725833333334
104.91666666666667,1492.0,5.397725833333334
105.08333333333333,1486.0,5.2840895
105.25,1584.0,5.170453166666666
105.41666666666667,1788.0,5.170453166666666
105.58333333333333,1824.0,4.9999986666666665
105.66666666666667,1872.0,4.7727260000000005
105.75,1902.0,5.170453166666666
105.75,1851.0,5.170453166666666
105.91666666666667,1655.0,5.170453166666666
105.91666666666667,1555.0,6.079543833333333
106.08333333333333,1484.0,6.079543833333333
106.16666666666667,1484.0,5.227271333333333
106.33333333333333,1453.0,5.2840895
106.5,1445.0,5.2840895
106.66666666666667,1481.0,5.170453166666666
106.83333333333333,1519.0,5.170453166666666
106.91666666666667,1527.0,4.9431805
107.08333333333333,1530.0,4.9431805
107.25,1552.0,5.227271333333333
107.41666666666667,1529.0,5.227271333333333
107.58333333333333,1510.0,4.7159078333333335
107.66666666666667,1518.0,5.568180333333333
107.66666666666667,1498.0,5.568180333333333
107.83333333333333,1472.0,5.568180333333333
108.0,1446.0,5.397725833333334
108.16666666666667,1399.0,5.397725833333334
108.33333333333333,1393.0,5.227271333333333
108.41666666666667,1394.0,5.681816666666667
108.58333333333333,1559.0,5.170453166666666
108.75,1686.0,4.9999986666666665
108.91666666666667,1753.0,4.9999986666666665
109.08333333333333,1719.0,4.9999986666666665
109.16666666666667,1714.0,4.7727260000000005
109.33333333333333,1715.0,4.9431805
109.5,1686.0,4.9431805
109.66666666666667,1609.0,5.2840895
109.83333333333333,1545.0,5.2840895
109.91666666666667,1499.0,5.340907666666666
110.08333333333333,1489.0,4.9431805
110.25,1513.0,4.9431805
110.41666666666667,1549.0,4.9431805
110.5,1550.0,5.056816833333333
110.58333333333333,1665.0,5.113635
110.75,1741.0,5.113635
110.91666666666667,1685.0,5.113635
111.0,1611.0,5.738634833333333
111.0,1518.0,5.738634833333333
111.0,1503.0,5.738634833333333
111.16666666666667,1495.0,5.738634833333333
111.16666666666667,1529.0,4.9999986666666665
111.25,1616.0,2.3863630000000002
111.41666666666667,1652.0,2.3863630000000002
111.58333333333333,1665.0,5.056816833333333
111.66666666666667,1644.0,4.8863623333333335
111.83333333333333,1644.0,4.7159078333333335
111.91666666666667,1583.0,4.7727260000000005
112.0,1583.0,4.7727260000000005
112.16666666666667,1627.0,4.7727260000000005
112.16666666666667,1621.0,3.806817166666667
112.16666666666667,1550.0,3.806817166666667
112.25,1481.0,3.806817166666667
112.25,1447.0,0.9659088333333334
112.33333333333333,1471.0,0.9659088333333334
112.5,1580.0,4.7159078333333335
112.66666666666667,1649.0,4.8295441666666665
112.75,1696.0,5.113635
112.91666666666667,1674.0,4.9431805
113.0,1668.0,4.9431805
113.08333333333333,1690.0,2.272726666666667
113.25,1685.0,4.659089666666667
113.33333333333333,1684.0,3.9772716666666668
113.33333333333333,1666.0,3.9772716666666668
113.41666666666667,1658.0,3.9772716666666668
113.41666666666667,1678.0,1.1931815000000001
113.41666666666667,1713.0,1.1931815000000001
113.5,1726.0,1.1931815000000001
113.66666666666667,1705.0,2.272726666666667
113.75,1701.0,5.454544
113.91666666666667,1701.0,4.488635166666667
114.08333333333333,1709.0,4.488635166666667
114.08333333333333,1656.0,4.6022715000000005
114.25,1568.0,4.6022715000000005
114.41666666666667,1531.0,4.6022715000000005
114.41666666666667,1580.0,5.170453166666666
114.5,1622.0,2.0454540000000003
114.58333333333333,1758.0,2.0454540000000003
114.58333333333333,1832.0,1.6477268333333333
114.66666666666667,1828.0,1.6477268333333333
114.75,1750.0,1.5909086666666667
114.75,1696.0,2.3295448333333333
114.91666666666667,1683.0,2.3295448333333333
115.0,1636.0,4.8295441666666665
115.16666666666667,1591.0,4.8295441666666665
115.16666666666667,1602.0,4.6022715000000005
115.16666666666667,1637.0,4.6022715000000005
115.33333333333333,1628.0,4.6022715000000005
115.41666666666667,1648.0,5.227271333333333
115.5,1648.0,2.272726666666667
115.58333333333333,1692.0,4.659089666666667
115.58333333333333,1812.0,2.4999993333333332
115.66666666666667,1852.0,2.4999993333333332
115.66666666666667,1854.0,1.5340905
115.66666666666667,1815.0,1.5340905
115.83333333333333,1638.0,1.5340905
116.0,1571.0,4.261362500000001
116.08333333333333,1559.0,5.113635
116.25,1553.0,4.7159078333333335
116.33333333333333,1536.0,4.545453333333334
116.41666666666667,1583.0,2.2159085000000003
116.58333333333333,1620.0,2.2159085000000003
116.66666666666667,1610.0,4.488635166666667
116.75,1623.0,4.488635166666667
116.91666666666667,1686.0,4.488635166666667
116.91666666666667,1766.0,5.113635
116.91666666666667,1792.0,5.113635
116.91666666666667,1790.0,5.113635
117.08333333333333,1764.0,5.113635
117.16666666666667,1716.0,4.659089666666667
117.33333333333333,1610.0,4.659089666666667
117.5,1465.0,4.659089666666667
117.58333333333333,1362.0,4.488635166666667
117.66666666666667,1387.0,4.261362500000001
117.66666666666667,1410.0,2.3295448333333333
117.83333333333333,1436.0,2.3295448333333333
117.83333333333333,1468.0,4.9431805
118.0,1471.0,4.9431805
118.08333333333333,1473.0,3.40909
118.25,1456.0,4.545453333333334
118.33333333333333,1462.0,4.8295441666666665
118.5,1449.0,4.318180666666667
118.58333333333333,1409.0,3.636362666666667
118.75,1396.0,3.806817166666667
118.83333333333333,1395.0,4.7159078333333335
119.0,1406.0,4.7159078333333335
119.08333333333333,1469.0,4.545453333333334
119.16666666666667,1466.0,3.9772716666666668
119.33333333333333,1457.0,3.9772716666666668
119.33333333333333,1491.0,5.2840895
119.41666666666667,1533.0,5.2840895
119.5,1533.0,1.3068178333333333
119.58333333333333,1532.0,3.522726333333334
119.58333333333333,1534.0,2.272726666666667
119.58333333333333,1548.0,2.272726666666667
119.58333333333333,1517.0,2.272726666666667
119.58333333333333,1481.0,2.272726666666667
119.75,1455.0,2.272726666666667
119.75,1434.0,4.8295441666666665
119.91666666666667,1483.0,4.8295441666666665
120.0,1584.0,3.693180833333334
120.16666666666667,1587.0,3.9204535000000003
120.25,1572.0,4.204544333333334
120.33333333333333,1555.0,4.147726166666667
120.33333333333333,1529.0,4.147726166666667
120.5,1549.0,4.147726166666667
120.5,1563.0,3.8636353333333338
120.66666666666667,1565.0,3.8636353333333338
120.75,1555.0,4.488635166666667
120.75,1600.0,3.40909
120.75,1627.0,3.40909
120.75,1626.0,3.40909
120.75,1627.0,3.40909
120.83333333333333,1610.0,0.6249998333333333
121.0,1608.0,0.6249998333333333
121.08333333333333,1621.0,3.40909
121.16666666666667,1619.0,3.636362666666667
121.25,1603.0,3.522726333333334
121.41666666666667,1621.0,3.522726333333334
121.41666666666667,1610.0,3.693180833333334
121.5,1615.0,3.693180833333334
121.58333333333333,1613.0,4.488635166666667
121.75,1607.0,4.488635166666667
121.75,1610.0,4.034089833333334
121.83333333333333,1619.0,4.034089833333334
121.91666666666667,1600.0,1.4772723333333333
121.91666666666667,1560.0,3.4659081666666665
121.91666666666667,1544.0,3.4659081666666665
121.91666666666667,1527.0,3.4659081666666665
122.0,1498.0,3.4659081666666665
122.0,1530.0,0.681818
122.08333333333333,1575.0,0.681818
122.08333333333333,1541.0,1.6477268333333333
122.16666666666667,1530.0,1.5909086666666667
122.25,1530.0,2.8409083333333336
122.33333333333333,1538.0,3.2954536666666665
122.5,1534.0,3.352271833333334
122.58333333333333,1512.0,3.4659081666666665
122.66666666666667,1511.0,3.1249991666666666
122.66666666666667,1515.0,3.068181
122.66666666666667,1526.0,3.068181
122.66666666666667,1537.0,3.068181
122.75,1531.0,3.068181
122.83333333333333,1520.0,3.0113628333333335
122.91666666666667,1530.0,3.0113628333333335
122.91666666666667,1521.0,2.2159085000000003
123.0,1517.0,1.761363166666667
123.08333333333333,1527.0,2.7840901666666666
123.08333333333333,1530.0,2.7840901666666666
123.08333333333333,1512.0,2.7840901666666666
123.16666666666667,1472.0,0.9659088333333334
123.16666666666667,1443.0,0.9659088333333334
123.25,1406.0,1.4772723333333333
123.33333333333333,1373.0,2.7840901666666666
123.41666666666667,1397.0,2.7840901666666666
123.41666666666667,1453.0,2.7840901666666666
123.5,1509.0,1.3068178333333333
123.58333333333333,1549.0,3.1249991666666666
123.66666666666667,1613.0,3.1818173333333335
123.75,1578.0,2.7840901666666666
123.83333333333333,1515.0,2.5568175
123.91666666666667,1460.0,2.8409083333333336
123.91666666666667,1428.0,2.8409083333333336
124.0,1391.0,2.8409083333333336
124.0,1361.0,1.3068178333333333
124.08333333333333,1369.0,1.3068178333333333
124.08333333333333,1371.0,1.4204541666666668
124.16666666666667,1460.0,1.4204541666666668
124.25,1576.0,1.2499996666666666
124.25,1639.0,2.5568175
124.25,1636.0,2.5568175
124.25,1636.0,2.5568175
124.25,1615.0,2.5568175
124.25,1535.0,2.5568175
124.25,1438.0,2.5568175
124.33333333333333,1388.0,0.45454533333333336
124.33333333333333,1371.0,0.45454533333333336
124.41666666666667,1371.0,0.45454533333333336
124.5,1371.0,1.1363633333333334
124.5,1422.0,2.272726666666667
124.58333333333333,1471.0,2.102272166666667
124.66666666666667,1518.0,2.102272166666667
124.75,1547.0,1.9318176666666669
124.75,1556.0,2.6136356666666667
124.83333333333333,1539.0,2.0454540000000003
124.91666666666667,1475.0,2.1590903333333333
124.91666666666667,1458.0,2.1590903333333333
124.91666666666667,1438.0,2.1590903333333333
125.0,1395.0,2.1590903333333333
125.0,1357.0,0.8522725
125.0,1348.0,0.8522725
125.08333333333333,1364.0,1.0795451666666667
125.16666666666667,1364.0,1.0795451666666667
125.16666666666667,1429.0,1.8181813333333334
125.16666666666667,1503.0,1.8181813333333334
125.16666666666667,1466.0,1.8181813333333334
125.25,1427.0,0.7954543333333334
125.33333333333333,1390.0,0.7954543333333334
125.33333333333333,1327.0,2.1590903333333333
125.41666666666667,1287.0,2.1590903333333333
125.41666666666667,1303.0,1.3068178333333333
125.41666666666667,1329.0,1.3068178333333333
125.41666666666667,1349.0,1.3068178333333333
125.41666666666667,1418.0,1.3068178333333333
125.5,1433.0,1.3068178333333333
125.5,1444.0,0.5681816666666667
125.5,1444.0,0.5681816666666667
125.5,1487.0,0.5681816666666667
125.5,1475.0,0.5681816666666667
125.5,1447.0,0.5681816666666667
125.58333333333333,1426.0,0.5681816666666667
125.58333333333333,1416.0,0.5113635000000001
125.66666666666667,1414.0,0.5113635000000001
125.66666666666667,1440.0,1.3068178333333333
125.75,1465.0,1.3068178333333333
125.75,1478.0,1.4204541666666668
125.75,1508.0,1.4204541666666668
125.83333333333333,1511.0,1.4204541666666668
125.83333333333333,1504.0,1.0227270000000002
125.83333333333333,1504.0,1.0227270000000002
125.91666666666667,1490.0,1.1363633333333334
125.91666666666667,1475.0,1.1363633333333334
126.0,1367.0,1.1363633333333334
126.0,1314.0,1.1363633333333334
126.0,1302.0,1.1363633333333334
126.08333333333333,1303.0,1.1363633333333334
126.08333333333333,1309.0,0.9659088333333334
126.08333333333333,1325.0,0.9659088333333334
126.16666666666667,1339.0,0.9659088333333334
126.16666666666667,1354.0,0.9659088333333334
126.16666666666667,1360.0,0.9659088333333334
126.16666666666667,1358.0,0.9659088333333334
126.25,1361.0,0.9659088333333334
126.25,1335.0,0.6249998333333333
126.25,1283.0,0.6249998333333333
126.25,1272.0,0.6249998333333333
126.25,1281.0,0.6249998333333333
126.33333333333333,1314.0,0.6249998333333333
126.33333333333333,1356.0,0.6249998333333333
126.33333333333333,1401.0,0.6249998333333333
126.33333333333333,1392.0,0.6249998333333333
126.33333333333333,1343.0,0.6249998333333333
126.33333333333333,1307.0,0.6249998333333333
126.33333333333333,1280.0,0.6249998333333333
126.33333333333333,1248.0,0.6249998333333333
126.33333333333333,1230.0,0.6249998333333333
126.33333333333333,1224.0,0.6249998333333333
126.33333333333333,1229.0,0.6249998333333333
126.33333333333333,1247.0,0.6249998333333333
126.33333333333333,1249.0,0.6249998333333333
126.33333333333333,1252.0,0.6249998333333333
126.33333333333333,1255.0,0.6249998333333333
126.33333333333333,1276.0,0.6249998333333333
126.33333333333333,1295.0,0.6249998333333333
126.33333333333333,1318.0,0.6249998333333333
126.33333333333333,1370.0,0.6249998333333333
126.33333333333333,1388.0,0.6249998333333333
126.33333333333333,1333.0,0.6249998333333333
126.33333333333333,1309.0,0.6249998333333333
126.33333333333333,1295.0,0.6249998333333333
126.33333333333333,1293.0,0.6249998333333333
126.33333333333333,1327.0,0.6249998333333333
126.33333333333333,1327.0,0.6249998333333333
126.33333333333333,1329.0,0.6249998333333333
126.33333333333333,1297.0,0.6249998333333333
126.33333333333333,1288.0,0.6249998333333333
126.33333333333333,1278.0,0.6249998333333333
126.33333333333333,1273.0,0.6249998333333333
126.33333333333333,1295.0,0.6249998333333333
126.33333333333333,1315.0,0.6249998333333333
126.33333333333333,1316.0,0.6249998333333333
126.33333333333333,1324.0,0.6249998333333333
126.33333333333333,1330.0,0.6249998333333333
126.33333333333333,1331.0,0.6249998333333333
126.33333333333333,1339.0,0.6249998333333333
126.33333333333333,1368.0,0.6249998333333333
126.33333333333333,1385.0,0.6249998333333333
126.33333333333333,1385.0,0.6249998333333333
126.33333333333333,1396.0,0.6249998333333333
126.33333333333333,1302.0,0.6249998333333333
126.33333333333333,499.0,0.6249998333333333
126.33333333333333,219.0,0.6249998333333333
126.33333333333333,67.0,0.6249998333333333
126.33333333333333,0.0,0.6249998333333333
126.33333333333333,0.0,0.6249998333333333
126.33333333333333,0.0,0.6249998333333333
126.33333333333333,0.0,0.6249998333333333
126.33333333333333,0.0,0.6249998333333333
126.33333333333333,0.0,0.6249998333333333
126.33333333333333,12.0,0.6249998333333333
126.33333333333333,34.0,0.6249998333333333
126.33333333333333,33.0,0.6249998333333333
126.33333333333333,8.0,0.6249998333333333
126.33333333333333,0.0,0.6249998333333333
126.33333333333333,0.0,0.6249998333333333
126.33333333333333,0.0,0.6249998333333333
126.33333333333333,0.0,0.6249998333333333
126.33333333333333,0.0,0.0
126.33333333333333,0.0,0.0
126.33333333333333,0.0,0.0
126.33333333333333,0.0,0.0
126.33333333333333,0.0,0.0
126.33333333333333,0.0,0.0
126.33333333333333,0.0,0.0
126.33333333333333,0.0,0.0
126.33333333333333,0.0,0.0
126.33333333333333,0.0,0.0
126.33333333333333,0.0,0.0
126.33333333333333,0.0,0.0
126.33333333333333,0.0,0.0
126.33333333333333,0.0,0.0
126.33333333333333,0.0,0.0
126.33333333333333,0.0,0.0
126.33333333333333,0.0,0.0
126.33333333333333,0.0,0.0
126.33333333333333,0.0,0.0
126.33333333333333,0.0,0.0
126.33333333333333,0.0,0.0
126.33333333333333,0.0,0.0
126.33333333333333,0.0,0.0
126.33333333333333,0.0,0.0
126.33333333333333,0.0,0.0
126.33333333333333,0.0,0.0
126.33333333333333,0.0,0.0
126.33333333333333,0.0,0.0
126.33333333333333,0.0,0.0
126.33333333333333,0.0,0.0
126.33333333333333,0.0,0.0
126.33333333333333,0.0,0.0
126.33333333333333,0.0,0.0
126.33333333333333,0.0,0.0
126.33333333333333,0.0,0.0
126.33333333333333,0.0,0.0
126.33333333333333,0.0,0.0
126.33333333333333,0.0,0.0
126.33333333333333,0.0,0.0
126.33333333333333,0.0,0.0
126.33333333333333,0.0,0.0
126.33333333333333,0.0,0.0
126.33333333333333,0.0,0.0
126.33333333333333,0.0,0.0
126.33333333333333,0.0,0.0
126.33333333333333,0.0,0.0
126.33333333333333,0.0,0.0
126.33333333333333,0.0,0.0
126.33333333333333,0.0,0.0
126.33333333333333,0.0,0.0
126.33333333333333,0.0,0.0
126.33333333333333,0.0,0.0
126.33333333333333,0.0,0.0
126.33333333333333,0.0,0.0
126.33333333333333,0.0,0.0
126.33333333333333,0.0,0.0
126.33333333333333,0.0,0.0
126.33333333333333,0.0,0.0
126.33333333333333,0.0,0.0
126.33333333333333,0.0,0.0
126.33333333333333,0.0,0.0
126.33333333333333,0.0,0.0
126.33333333333333,0.0,0.0
126.33333333333333,0.0,0.0
126.33333333333333,0.0,0.0
126.33333333333333,0.0,0.0
126.33333333333333,0.0,0.0
126.33333333333333,0.0,0.0
126.33333333333333,0.0,0.0
126.33333333333333,0.0,0.0
126.33333333333333,0.0,0.0
126.33333333333333,0.0,0.0
126.33333333333333,0.0,0.0
126.33333333333333,0.0,0.0
126.33333333333333,0.0,0.0
126.33333333333333,0.0,0.0
126.33333333333333,0.0,0.0
126.33333333333333,0.0,0.0
126.33333333333333,0.0,0.0
126.33333333333333,0.0,0.0
126.33333333333333,0.0,0.0
126.33333333333333,0.0,0.0
126.33333333333333,0.0,0.0
126.33333333333333,0.0,0.0
126.33333333333333,0.0,0.0
126.33333333333333,0.0,0.0
126.33333333333333,0.0,0.0
126.33333333333333,0.0,0.0
126.33333333333333,0.0,0.0
126.33333333333333,0.0,0.0
126.33333333333333,0.0,0.0
126.33333333333333,0.0,0.0
126.33333333333333,0.0,0.0
126.33333333333333,0.0,0.0
126.33333333333333,0.0,0.0
126.33333333333333,0.0,0.0
126.33333333333333,0.0,0.0
126.33333333333333,0.0,0.0
126.33333333333333,0.0,0.0
126.33333333333333,0.0,0.0
126.33333333333333,0.0,0.0
126.33333333333333,0.0,0.0
126.33333333333333,0.0,0.0
126.33333333333333,0.0,0.0
126.33333333333333,0.0,0.0
126.33333333333333,0.0,0.0
126.33333333333333,0.0,0.0
126.33333333333333,0.0,0.0
126.33333333333333,0.0,0.0
126.33333333333333,0.0,0.0
126.33333333333333,0.0,0.0
126.33333333333333,0.0,0.0
126.33333333333333,0.0,0.0
126.33333333333333,0.0,0.0
126.33333333333333,0.0,0.0
126.33333333333333,0.0,0.0
126.33333333333333,0.0,0.0
126.33333333333333,0.0,0.0
126.33333333333333,0.0,0.0
126.33333333333333,0.0,0.0
126.33333333333333,0.0,0.0
126.33333333333333,0.0,0.0
126.33333333333333,0.0,0.0
126.33333333333333,0.0,0.0
126.33333333333333,0.0,0.0
126.33333333333333,0.0,0.0
126.33333333333333,0.0,0.0
126.33333333333333,0.0,0.0
126.33333333333333,0.0,0.0
126.33333333333333,0.0,0.0
126.33333333333333,0.0,0.0
126.33333333333333,0.0,0.0
126.33333333333333,0.0,0.0
126.33333333333333,0.0,0.0
126.33333333333333,0.0,0.0
126.33333333333333,0.0,0.0
126.33333333333333,0.0,0.0
126.33333333333333,0.0,0.0
126.33333333333333,0.0,0.0
126.33333333333333,0.0,0.0
126.33333333333333,0.0,0.0
126.33333333333333,0.0,0.0
126.33333333333333,0.0,0.0
126.33333333333333,0.0,0.0
126.33333333333333,0.0,0.0
126.33333333333333,0.0,0.0
126.33333333333333,0.0,0.0
126.33333333333333,0.0,0.0
126.33333333333333,0.0,0.0
126.33333333333333,0.0,0.0
126.33333333333333,0.0,0.0
126.33333333333333,0.0,0.0
126.33333333333333,0.0,0.0
126.33333333333333,0.0,0.0
126.33333333333333,0.0,0.0
126.33333333333333,0.0,0.0
126.33333333333333,0.0,0.0
126.33333333333333,0.0,0.0
126.33333333333333,0.0,0.0
126.33333333333333,0.0,0.0
126.33333333333333,0.0,0.0
126.33333333333333,0.0,0.0
126.33333333333333,0.0,0.0
126.33333333333333,0.0,0.0
126.33333333333333,0.0,0.0
126.33333333333333,0.0,0.0
126.33333333333333,0.0,0.0
126.33333333333333,0.0,0.0
126.33333333333333,0.0,0.0
