0.25,0.0,0.0
0.25,0.0,0.0
0.25,0.0,0.0
0.25,0.0,0.0
0.25,0.0,0.0
0.25,0.0,0.0
0.25,0.0,0.0
0.25,0.0,0.0
0.25,0.0,0.0
0.25,0.0,0.0
0.25,0.0,0.0
0.25,0.0,0.0
0.25,0.0,0.0
0.25,0.0,0.0
0.25,0.0,0.0
0.25,0.0,0.0
0.25,0.0,0.0
0.25,0.0,0.0
0.25,0.0,0.0
0.25,0.0,0.0
0.25,0.0,0.0
0.25,0.0,0.0
0.25,0.0,0.0
0.25,0.0,0.0
0.25,0.0,0.0
0.25,0.0,0.0
0.25,0.0,0.0
0.25,0.0,0.0
0.25,0.0,0.0
0.25,0.0,0.0
0.25,0.0,0.0
0.25,0.0,0.0
0.25,0.0,0.0
0.25,0.0,0.0
0.25,0.0,0.0
0.25,0.0,0.0
0.25,0.0,0.0
0.25,0.0,0.0
0.25,0.0,0.0
0.25,0.0,0.0
0.25,0.0,0.0
0.25,0.0,0.0
0.25,0.0,0.0
0.25,0.0,0.0
0.25,0.0,0.0
0.25,0.0,0.0
0.25,0.0,0.0
0.25,0.0,0.0
0.25,0.0,0.0
0.25,0.0,0.0
0.25,0.0,0.0
0.25,0.0,0.0
0.25,0.0,0.0
0.25,0.0,0.0
0.25,0.0,0.0
0.25,0.0,0.0
0.25,0.0,0.0
0.25,0.0,0.0
0.25,0.0,0.0
0.25,0.0,0.0
0.25,0.0,0.0
0.25,0.0,0.0
0.25,0.0,0.0
0.25,0.0,0.0
0.25,0.0,0.0
0.25,0.0,0.0
0.25,0.0,0.0
0.25,0.0,0.0
0.25,0.0,0.0
0.25,0.0,0.0
0.25,0.0,0.0
0.25,0.0,0.0
0.25,0.0,0.0
0.25,0.0,0.0
0.25,0.0,0.0
0.25,0.0,0.0
0.25,0.0,0.0
0.25,0.0,0.0
0.25,0.0,0.0
0.25,0.0,0.0
0.25,0.0,0.0
0.25,0.0,0.0
0.25,0.0,0.0
0.25,0.0,0.0
0.25,0.0,0.0
0.25,0.0,0.0
0.25,0.0,0.0
0.25,0.0,0.0
0.25,0.0,0.0
0.25,0.0,0.0
0.25,0.0,0.0
0.25,0.0,0.0
0.25,0.0,0.0
0.25,0.0,0.0
0.25,0.0,0.0
0.25,0.0,0.0
0.25,0.0,0.0
0.25,0.0,0.0
0.25,0.0,0.0
0.25,0.0,0.0
0.25,0.0,0.0
0.25,0.0,0.0
0.25,0.0,0.0
0.25,0.0,0.0
0.25,0.0,0.0
0.25,0.0,0.0
0.25,0.0,0.0
0.25,0.0,0.0
0.25,0.0,0.0
0.25,0.0,0.0
0.25,0.0,0.0
0.25,0.0,0.0
0.25,0.0,0.0
0.25,0.0,0.0
0.25,0.0,0.0
0.25,0.0,0.0
0.25,0.0,0.0
0.25,0.0,0.0
0.25,0.0,0.0
0.25,0.0,0.0
0.25,0.0,0.0
0.25,0.0,0.0
0.25,0.0,0.0
0.25,0.0,0.0
0.25,0.0,0.0
0.25,0.0,0.0
0.25,0.0,0.0
0.25,0.0,0.0
0.25,0.0,0.0
0.25,0.0,0.0
0.25,0.0,0.0
0.25,0.0,0.0
0.25,0.0,0.0
0.25,0.0,0.0
0.25,0.0,0.0
0.25,0.0,0.0
0.25,0.0,0.0
0.25,0.0,0.0
0.25,0.0,0.0
0.25,0.0,0.0
0.25,0.0,0.0
0.25,0.0,0.0
0.25,0.0,0.0
0.25,0.0,0.0
0.25,0.0,0.0
0.25,0.0,0.0
0.25,0.0,0.0
0.25,0.0,0.0
0.25,0.0,0.0
0.25,0.0,0.0
0.25,0.0,0.0
0.25,0.0,0.0
0.25,0.0,0.0
0.25,0.0,0.0
0.25,0.0,0.0
0.25,0.0,0.0
0.25,0.0,0.0
0.25,0.0,0.0
0.25,0.0,0.0
0.25,0.0,0.0
0.25,0.0,0.0
0.25,0.0,0.0
0.25,0.0,0.0
0.25,0.0,0.0
0.25,0.0,0.0
0.25,0.0,0.0
0.25,0.0,0.0
0.25,0.0,0.0
0.25,0.0,0.0
0.25,0.0,0.0
0.25,0.0,0.0
0.25,0.0,0.0
0.25,0.0,0.0
0.25,0.0,0.0
0.25,0.0,0.0
0.25,0.0,0.0
0.25,0.0,0.0
0.25,0.0,0.0
0.25,0.0,0.0
0.25,0.0,0.0
0.25,0.0,0.0
0.25,0.0,0.0
0.25,0.0,0.0
0.25,0.0,0.0
0.25,0.0,0.0
0.25,0.0,0.0
0.25,0.0,0.0
0.25,0.0,0.0
0.25,0.0,0.0
0.25,0.0,0.0
0.25,0.0,0.0
0.25,0.0,0.0
0.25,0.0,0.0
0.25,0.0,0.0
0.25,0.0,0.0
0.25,0.0,0.0
0.25,0.0,0.0
0.25,0.0,0.0
0.25,0.0,0.0
0.25,0.0,0.0
0.25,0.0,0.0
0.25,0.0,0.0
0.25,0.0,0.0
0.25,0.0,0.0
0.25,0.0,0.0
0.25,0.0,0.0
0.25,0.0,0.0
0.25,0.0,0.0
0.25,0.0,0.0
0.25,0.0,0.0
0.25,0.0,0.0
0.25,0.0,0.0
0.25,0.0,0.0
0.25,0.0,0.0
0.25,0.0,0.0
0.25,0.0,0.0
0.25,0.0,0.0
0.25,0.0,0.0
0.25,0.0,0.0
0.25,0.0,0.0
0.25,0.0,0.0
0.25,0.0,0.0
0.25,0.0,0.0
0.25,0.0,0.0
0.25,0.0,0.0
0.25,0.0,0.0
0.25,0.0,0.0
0.25,0.0,0.0
0.25,0.0,0.0
0.25,0.0,0.0
0.25,0.0,0.0
0.25,0.0,0.0
0.25,0.0,0.0
0.25,0.0,0.0
0.25,0.0,0.0
0.25,0.0,0.0
0.25,0.0,0.0
0.25,0.0,0.0
0.25,0.0,0.0
0.25,0.0,0.0
0.25,0.0,0.0
0.25,0.0,0.0
0.25,0.0,0.0
0.25,0.0,0.0
0.25,0.0,0.0
0.25,0.0,0.0
0.25,0.0,0.0
0.25,0.0,0.0
0.25,0.0,0.0
0.25,0.0,0.0
0.25,0.0,0.0
0.25,0.0,0.0
0.25,0.0,0.0
0.25,0.0,0.0
0.25,0.0,0.0
0.25,0.0,0.0
0.25,0.0,0.0
0.25,0.0,0.0
0.25,0.0,0.0
0.25,0.0,0.0
0.25,0.0,0.0
0.25,0.0,0.0
0.25,0.0,0.0
0.25,0.0,0.0
0.25,0.0,0.0
0.25,0.0,0.0
0.25,0.0,0.0
0.25,0.0,0.0
0.25,0.0,0.0
0.25,0.0,0.0
0.25,0.0,0.0
0.25,0.0,0.0
0.25,0.0,0.0
0.25,0.0,0.0
0.25,0.0,0.0
0.25,0.0,0.0
0.25,0.0,0.0
0.25,0.0,0.0
0.25,0.0,0.0
0.25,0.0,0.0
0.25,0.0,0.0
0.25,0.0,0.0
0.25,0.0,0.0
0.25,0.0,0.0
0.25,0.0,0.0
0.25,0.0,0.0
0.25,0.0,0.0
0.25,0.0,0.0
0.25,0.0,0.0
0.25,0.0,0.0
0.25,0.0,0.0
0.25,0.0,0.0
0.25,0.0,0.0
0.25,0.0,0.0
0.25,0.0,0.0
0.25,0.0,0.0
0.25,0.0,0.0
0.25,0.0,0.0
0.25,124.0,0.0
0.25,317.0,0.0
0.25,507.0,0.0
0.25,609.0,0.0
0.25,667.0,0.0
0.25,738.0,0.0
0.25,800.0,0.0
0.25,830.0,0.0
0.25,820.0,0.0
0.25,867.0,0.0
0.25,950.0,0.0
0.25,1002.0,0.0
0.25,966.0,0.0
0.25,959.0,0.0
0.25,975.0,0.0
0.25,998.0,0.0
0.25,1002.0,0.0
0.25,1042.0,0.0
0.25,1123.0,0.0
0.25,1185.0,0.0
0.25,1182.0,0.0
0.25,1179.0,0.0
0.25,1154.0,0.0
0.25,1145.0,0.0
0.25,1128.0,0.0
0.25,1125.0,0.0
0.25,1133.0,0.0
0.25,1133.0,0.0
0.25,1129.0,0.0
0.25,1129.0,0.0
0.25,1113.0,0.0
0.25,1105.0,0.0
0.25,1102.0,0.0
0.25,1092.0,0.0
0.25,1082.0,0.0
0.25,1084.0,0.0
0.25,1084.0,0.0
0.25,1086.0,0.0
0.25,1088.0,0.0
0.25,1088.0,0.0
0.25,1099.0,0.0
0.25,1138.0,0.0
0.25,1319.0,0.0
0.25,1651.0,0.0
0.25,1773.0,0.0
0.25,1832.0,0.0
0.25,1895.0,0.0
0.25,1995.0,0.0
0.25,2090.0,0.0
0.25,2204.0,0.0
0.25,2204.0,0.0
0.3333333333333333,2380.0,0.0
0.3333333333333333,2619.0,0.0
0.3333333333333333,2728.0,0.0
0.3333333333333333,2830.0,0.0
0.3333333333333333,2876.0,0.0
0.3333333333333333,2941.0,0.0
0.3333333333333333,2953.0,0.0
0.3333333333333333,2948.0,0.0
0.4166666666666667,2921.0,0.3977271666666667
0.4166666666666667,2877.0,0.3977271666666667
0.4166666666666667,2771.0,0.3977271666666667
0.4166666666666667,2714.0,0.3977271666666667
0.4166666666666667,2673.0,0.3977271666666667
0.4166666666666667,2662.0,0.3977271666666667
0.4166666666666667,2574.0,0.3977271666666667
0.4166666666666667,2567.0,0.3977271666666667
0.4166666666666667,2556.0,0.3977271666666667
0.4166666666666667,2504.0,0.3977271666666667
0.4166666666666667,2417.0,0.3977271666666667
0.4166666666666667,2328.0,0.3977271666666667
0.4166666666666667,2283.0,0.3977271666666667
0.4166666666666667,2283.0,0.3977271666666667
0.4166666666666667,2260.0,0.3977271666666667
0.4166666666666667,2238.0,0.3977271666666667
0.4166666666666667,2162.0,0.3977271666666667
0.4166666666666667,2143.0,0.3977271666666667
0.4166666666666667,2120.0,0.3977271666666667
0.4166666666666667,2067.0,0.3977271666666667
0.4166666666666667,1965.0,0.3977271666666667
0.4166666666666667,1916.0,0.3977271666666667
0.4166666666666667,1927.0,0.3977271666666667
0.4166666666666667,1918.0,0.3977271666666667
0.4166666666666667,1895.0,0.3977271666666667
0.4166666666666667,1862.0,0.3977271666666667
0.4166666666666667,1869.0,0.3977271666666667
0.4166666666666667,1883.0,0.3977271666666667
0.4166666666666667,1916.0,0.3977271666666667
0.5,2031.0,0.11363633333333334
0.5,2046.0,0.11363633333333334
0.5,2011.0,0.11363633333333334
0.5,1975.0,0.11363633333333334
0.5,1941.0,0.11363633333333334
0.5,1907.0,0.11363633333333334
0.5,1896.0,0.11363633333333334
0.5833333333333334,1902.0,0.11363633333333334
0.5833333333333334,1899.0,0.3977271666666667
0.6666666666666666,1923.0,0.3977271666666667
0.6666666666666666,1960.0,1.363636
0.6666666666666666,2035.0,1.363636
0.75,2103.0,1.2499996666666666
0.75,2118.0,1.2499996666666666
0.8333333333333334,1978.0,1.3068178333333333
0.8333333333333334,1767.0,1.3068178333333333
0.9166666666666666,1530.0,1.5340905
0.9166666666666666,1423.0,1.5340905
1.0,1317.0,1.4204541666666668
1.0,1346.0,1.4204541666666668
1.0833333333333333,1365.0,1.4772723333333333
1.1666666666666667,1361.0,1.4772723333333333
1.1666666666666667,1346.0,1.704545
1.25,1392.0,1.704545
1.25,1470.0,1.5340905
1.3333333333333333,1545.0,1.5909086666666667
1.3333333333333333,1575.0,1.5909086666666667
1.4166666666666667,1575.0,1.5340905
1.4166666666666667,1552.0,1.5340905
1.5,1535.0,1.5909086666666667
1.5833333333333333,1482.0,1.5909086666666667
1.5833333333333333,1401.0,1.704545
1.6666666666666667,1334.0,1.704545
1.6666666666666667,1331.0,1.4772723333333333
1.75,1287.0,1.5340905
1.75,1257.0,1.5340905
1.75,1201.0,1.5340905
1.75,1193.0,1.5340905
1.8333333333333333,1208.0,1.5340905
1.8333333333333333,1221.0,0.6249998333333333
1.8333333333333333,1200.0,0.6249998333333333
1.8333333333333333,1115.0,0.6249998333333333
1.9166666666666667,1049.0,0.8522725
2.0,1007.0,0.8522725
2.0,991.0,2.1590903333333333
2.0833333333333335,1011.0,1.8181813333333334
2.1666666666666665,991.0,1.8181813333333334
2.1666666666666665,991.0,1.6477268333333333
2.25,955.0,1.8749995000000002
2.3333333333333335,926.0,1.8749995000000002
2.3333333333333335,917.0,2.272726666666667
2.4166666666666665,909.0,1.8181813333333334
2.5,880.0,1.8181813333333334
2.5,782.0,2.0454540000000003
2.5,650.0,2.0454540000000003
2.5833333333333335,608.0,2.0454540000000003
2.5833333333333335,563.0,0.9090906666666667
2.5833333333333335,505.0,0.9090906666666667
2.5833333333333335,361.0,0.9090906666666667
2.6666666666666665,298.0,0.8522725
2.75,285.0,2.2159085000000003
2.8333333333333335,283.0,2.2159085000000003
2.8333333333333335,291.0,1.761363166666667
2.8333333333333335,285.0,1.761363166666667
2.8333333333333335,286.0,1.761363166666667
2.9166666666666665,297.0,1.761363166666667
2.9166666666666665,326.0,0.7954543333333334
3.0,413.0,0.7954543333333334
3.0,447.0,1.3068178333333333
3.0833333333333335,447.0,1.761363166666667
3.0833333333333335,484.0,1.761363166666667
3.1666666666666665,527.0,1.5340905
3.1666666666666665,579.0,1.5340905
3.1666666666666665,605.0,1.5340905
3.1666666666666665,612.0,1.5340905
3.1666666666666665,626.0,1.5340905
3.25,641.0,1.5340905
3.25,899.0,0.5113635000000001
3.25,967.0,0.5113635000000001
3.25,1004.0,0.5113635000000001
3.25,1050.0,0.5113635000000001
3.25,1113.0,0.5113635000000001
3.3333333333333335,1140.0,0.5113635000000001
3.3333333333333335,1181.0,0.5113635000000001
3.4166666666666665,1233.0,1.6477268333333333
3.5,1294.0,1.6477268333333333
3.5,1312.0,1.761363166666667
3.5833333333333335,1320.0,1.8749995000000002
3.6666666666666665,1341.0,1.8749995000000002
3.6666666666666665,1348.0,1.9318176666666669
3.75,1307.0,1.704545
3.75,1271.0,1.704545
3.75,1263.0,1.704545
3.8333333333333335,1276.0,1.704545
3.9166666666666665,1228.0,0.9090906666666667
3.9166666666666665,1180.0,2.1590903333333333
4.0,1162.0,1.9318176666666669
4.083333333333333,1135.0,1.9318176666666669
4.083333333333333,1086.0,1.9886358333333334
4.166666666666667,1041.0,1.9886358333333334
4.25,1027.0,1.9886358333333334
4.25,1016.0,1.8749995000000002
4.333333333333333,997.0,2.0454540000000003
4.416666666666667,964.0,2.0454540000000003
4.416666666666667,855.0,1.8749995000000002
4.5,799.0,1.9886358333333334
4.583333333333333,772.0,1.9886358333333334
4.583333333333333,741.0,1.9318176666666669
4.666666666666667,683.0,1.8749995000000002
4.75,633.0,2.0454540000000003
4.75,590.0,2.0454540000000003
4.833333333333333,561.0,1.8181813333333334
4.916666666666667,561.0,2.102272166666667
5.0,582.0,2.102272166666667
5.0,612.0,1.8749995000000002
5.083333333333333,628.0,1.9886358333333334
5.166666666666667,630.0,1.9886358333333334
5.25,649.0,2.0454540000000003
5.25,654.0,2.3295448333333333
5.333333333333333,681.0,2.0454540000000003
5.416666666666667,718.0,2.0454540000000003
5.416666666666667,771.0,2.102272166666667
5.416666666666667,811.0,2.102272166666667
5.5,801.0,1.0227270000000002
5.583333333333333,805.0,1.0227270000000002
5.666666666666667,826.0,2.102272166666667
5.666666666666667,832.0,2.3863630000000002
5.75,815.0,2.3863630000000002
5.833333333333333,815.0,1.704545
5.916666666666667,816.0,2.727272
5.916666666666667,800.0,2.3295448333333333
6.0,759.0,2.2159085000000003
6.083333333333333,760.0,2.1590903333333333
6.083333333333333,673.0,2.1590903333333333
6.083333333333333,640.0,2.1590903333333333
6.166666666666667,589.0,1.0227270000000002
6.25,527.0,2.7840901666666666
6.333333333333333,465.0,2.272726666666667
6.416666666666667,424.0,2.272726666666667
6.416666666666667,378.0,2.3295448333333333
6.5,369.0,1.8749995000000002
6.583333333333333,389.0,2.4999993333333332
6.666666666666667,409.0,2.4999993333333332
6.666666666666667,373.0,2.272726666666667
6.666666666666667,284.0,2.272726666666667
6.75,244.0,1.0227270000000002
6.833333333333333,243.0,1.0227270000000002
6.916666666666667,210.0,2.1590903333333333
6.916666666666667,156.0,2.727272
7.0,120.0,2.102272166666667
7.083333333333333,86.0,2.3863630000000002
7.083333333333333,50.0,2.3863630000000002
7.083333333333333,7.0,2.3863630000000002
7.166666666666667,0.0,0.9659088333333334
7.25,0.0,2.8977265
7.333333333333333,0.0,2.3295448333333333
7.416666666666667,0.0,2.3295448333333333
7.5,0.0,2.272726666666667
7.5,0.0,2.1590903333333333
7.583333333333333,0.0,2.2159085000000003
7.666666666666667,0.0,2.2159085000000003
7.75,0.0,2.2159085000000003
7.75,203.0,2.0454540000000003
7.75,371.0,2.0454540000000003
7.833333333333333,402.0,2.0454540000000003
7.833333333333333,414.0,1.0795451666666667
7.833333333333333,493.0,1.0795451666666667
7.833333333333333,680.0,1.0795451666666667
7.916666666666667,813.0,0.7386361666666666
8.0,938.0,0.7386361666666666
8.0,1041.0,2.102272166666667
8.0,1167.0,2.102272166666667
8.0,1231.0,2.102272166666667
8.083333333333334,1312.0,2.102272166666667
8.166666666666666,1395.0,0.7386361666666666
8.166666666666666,1432.0,2.3295448333333333
8.25,1469.0,2.3863630000000002
8.333333333333334,1478.0,2.272726666666667
8.333333333333334,1464.0,2.272726666666667
8.333333333333334,1461.0,2.272726666666667
8.333333333333334,1570.0,2.272726666666667
8.333333333333334,1654.0,2.272726666666667
8.333333333333334,1731.0,2.272726666666667
8.333333333333334,1772.0,2.272726666666667
8.416666666666666,1742.0,0.3977271666666667
8.5,1643.0,2.8977265
8.583333333333334,1545.0,2.8977265
8.666666666666666,1522.0,2.6136356666666667
8.75,1520.0,2.4999993333333332
8.833333333333334,1412.0,2.6136356666666667
8.916666666666666,1294.0,2.3863630000000002
8.916666666666666,1196.0,2.670453833333333
9.0,1101.0,2.6136356666666667
9.083333333333334,1021.0,2.670453833333333
9.166666666666666,1014.0,2.7840901666666666
9.25,991.0,2.8977265
9.333333333333334,930.0,2.670453833333333
9.416666666666666,930.0,3.1249991666666666
9.5,846.0,2.3863630000000002
9.583333333333334,742.0,2.8977265
9.666666666666666,629.0,3.068181
9.75,531.0,2.8409083333333336
9.833333333333334,449.0,2.4431811666666667
9.833333333333334,414.0,2.4431811666666667
9.916666666666666,343.0,2.4431811666666667
10.0,270.0,3.0113628333333335
10.083333333333334,202.0,2.8977265
10.166666666666666,163.0,2.8977265
10.25,131.0,2.670453833333333
10.333333333333334,92.0,2.6136356666666667
10.416666666666666,58.0,2.6136356666666667
10.5,9.0,2.272726666666667
10.5,0.0,2.727272
10.583333333333334,0.0,2.5568175
10.666666666666666,0.0,2.5568175
10.75,0.0,2.5568175
10.833333333333334,18.0,2.4999993333333332
10.916666666666666,22.0,2.4999993333333332
11.0,31.0,2.5568175
11.083333333333334,23.0,2.5568175
11.166666666666666,17.0,2.4999993333333332
11.166666666666666,35.0,2.670453833333333
11.25,75.0,2.2159085000000003
11.333333333333334,198.0,2.3295448333333333
11.416666666666666,315.0,2.5568175
11.5,359.0,2.5568175
11.583333333333334,396.0,2.4431811666666667
11.666666666666666,519.0,2.727272
11.666666666666666,683.0,2.4431811666666667
11.75,897.0,2.272726666666667
11.75,988.0,2.272726666666667
11.75,984.0,2.272726666666667
11.75,1125.0,2.272726666666667
11.833333333333334,1269.0,2.272726666666667
11.833333333333334,1354.0,0.5681816666666667
11.916666666666666,1388.0,2.4431811666666667
12.0,1404.0,2.6136356666666667
12.0,1401.0,2.6136356666666667
12.0,1366.0,2.6136356666666667
12.0,1345.0,2.6136356666666667
12.083333333333334,1345.0,0.6249998333333333
12.083333333333334,1346.0,0.6249998333333333
12.166666666666666,1364.0,0.6249998333333333
12.166666666666666,1401.0,1.3068178333333333
12.166666666666666,1414.0,1.3068178333333333
12.25,1406.0,1.3068178333333333
12.333333333333334,1408.0,0.8522725
12.333333333333334,1348.0,2.6136356666666667
12.416666666666666,1281.0,2.6136356666666667
12.5,1226.0,2.6136356666666667
12.5,1111.0,2.6136356666666667
12.583333333333334,970.0,1.363636
12.583333333333334,800.0,1.363636
12.666666666666666,753.0,1.4204541666666668
12.75,726.0,2.4999993333333332
12.75,720.0,2.4999993333333332
12.833333333333334,733.0,2.4999993333333332
12.916666666666666,748.0,1.2499996666666666
13.0,730.0,2.727272
13.083333333333334,691.0,2.6136356666666667
13.083333333333334,691.0,2.3863630000000002
13.166666666666666,683.0,2.4431811666666667
13.25,707.0,2.102272166666667
13.333333333333334,745.0,2.102272166666667
13.416666666666666,789.0,2.670453833333333
13.5,846.0,2.4431811666666667
13.583333333333334,896.0,2.6136356666666667
13.583333333333334,941.0,2.4431811666666667
13.666666666666666,996.0,2.2159085000000003
13.75,1078.0,2.3863630000000002
13.75,1134.0,2.3863630000000002
13.75,1148.0,2.3863630000000002
13.833333333333334,1163.0,1.0795451666666667
13.916666666666666,1218.0,2.727272
14.0,1300.0,2.727272
14.083333333333334,1361.0,1.8749995000000002
14.083333333333334,1377.0,2.272726666666667
14.166666666666666,1391.0,2.272726666666667
14.166666666666666,1476.0,2.272726666666667
14.25,1575.0,2.272726666666667
14.333333333333334,1631.0,1.1363633333333334
14.333333333333334,1702.0,2.272726666666667
14.416666666666666,1802.0,2.1590903333333333
14.5,1802.0,2.1590903333333333
14.583333333333334,1951.0,2.1590903333333333
14.583333333333334,1992.0,2.2159085000000003
14.666666666666666,2019.0,2.1590903333333333
14.75,2035.0,2.1590903333333333
14.833333333333334,2035.0,2.1590903333333333
14.833333333333334,1991.0,2.102272166666667
14.916666666666666,1981.0,2.2159085000000003
15.0,2028.0,2.1590903333333333
15.083333333333334,2134.0,2.1590903333333333
15.166666666666666,2231.0,2.2159085000000003
15.166666666666666,2290.0,2.272726666666667
15.25,2295.0,2.102272166666667
15.333333333333334,2261.0,2.102272166666667
15.416666666666666,2296.0,2.102272166666667
15.416666666666666,2348.0,2.272726666666667
15.5,2365.0,2.4431811666666667
15.583333333333334,2372.0,2.102272166666667
15.666666666666666,2364.0,2.102272166666667
15.75,2372.0,2.272726666666667
15.833333333333334,2370.0,2.3295448333333333
15.833333333333334,2364.0,2.670453833333333
15.916666666666666,2360.0,2.3863630000000002
16.0,2362.0,2.4999993333333332
16.083333333333332,2361.0,2.5568175
16.166666666666668,2357.0,2.5568175
16.166666666666668,2318.0,2.4999993333333332
16.166666666666668,2088.0,2.4999993333333332
16.166666666666668,2004.0,2.4999993333333332
16.25,2052.0,0.7386361666666666
16.333333333333332,2153.0,2.4999993333333332
16.333333333333332,2265.0,2.4999993333333332
16.333333333333332,2347.0,2.4999993333333332
16.333333333333332,2348.0,2.4999993333333332
16.333333333333332,2342.0,2.4999993333333332
16.333333333333332,2308.0,2.4999993333333332
16.333333333333332,2277.0,2.4999993333333332
16.333333333333332,2278.0,2.4999993333333332
16.333333333333332,2254.0,2.4999993333333332
16.416666666666668,2201.0,0.340909
16.416666666666668,2058.0,0.340909
16.5,1942.0,1.4772723333333333
16.583333333333332,1942.0,2.4431811666666667
16.666666666666668,1884.0,3.0113628333333335
16.75,1833.0,3.1818173333333335
16.833333333333332,1757.0,2.8977265
17.0,1715.0,2.8977265
17.0,1691.0,3.0113628333333335
17.0,1691.0,3.0113628333333335
17.083333333333332,1668.0,3.0113628333333335
17.166666666666668,1707.0,0.9659088333333334
17.25,1746.0,3.352271833333334
17.333333333333332,1756.0,2.9545446666666666
17.333333333333332,1723.0,2.8409083333333336
17.333333333333332,1643.0,2.8409083333333336
17.416666666666668,1481.0,1.0795451666666667
17.416666666666668,1394.0,1.0795451666666667
17.416666666666668,1294.0,1.0795451666666667
17.416666666666668,1193.0,1.0795451666666667
17.416666666666668,1108.0,1.0795451666666667
17.416666666666668,1089.0,1.0795451666666667
17.416666666666668,1072.0,1.0795451666666667
17.583333333333332,1068.0,1.0795451666666667
17.583333333333332,968.0,3.068181
17.75,888.0,3.068181
17.833333333333332,815.0,3.5795445000000004
17.916666666666668,751.0,3.1249991666666666
18.0,669.0,3.1818173333333335
18.083333333333332,540.0,3.1249991666666666
18.166666666666668,468.0,2.8977265
18.25,422.0,3.1818173333333335
18.333333333333332,394.0,2.9545446666666666
18.416666666666668,369.0,3.1818173333333335
18.5,329.0,2.727272
18.583333333333332,299.0,3.0113628333333335
18.666666666666668,230.0,2.8977265
18.75,185.0,2.8409083333333336
18.833333333333332,109.0,2.670453833333333
18.916666666666668,87.0,3.1249991666666666
19.0,43.0,2.9545446666666666
19.083333333333332,3.0,2.9545446666666666
19.166666666666668,0.0,2.9545446666666666
19.25,0.0,2.670453833333333
19.25,0.0,2.670453833333333
19.333333333333332,0.0,1.363636
19.416666666666668,0.0,3.1249991666666666
19.5,0.0,2.8977265
19.583333333333332,0.0,2.727272
19.666666666666668,0.0,2.4999993333333332
19.75,0.0,2.5568175
19.833333333333332,0.0,2.5568175
19.916666666666668,0.0,3.0113628333333335
20.0,0.0,3.0113628333333335
20.083333333333332,0.0,2.5568175
20.166666666666668,0.0,2.5568175
20.166666666666668,0.0,2.4999993333333332
20.25,0.0,2.2159085000000003
20.333333333333332,0.0,2.8977265
20.416666666666668,0.0,2.3863630000000002
20.416666666666668,0.0,2.3863630000000002
20.5,0.0,2.3863630000000002
20.5,0.0,1.1931815000000001
20.5,0.0,1.1931815000000001
20.5,0.0,1.1931815000000001
20.583333333333332,0.0,0.7386361666666666
20.583333333333332,0.0,0.7386361666666666
20.666666666666668,0.0,0.7386361666666666
20.666666666666668,0.0,1.3068178333333333
20.666666666666668,0.0,1.3068178333333333
20.75,0.0,1.0227270000000002
20.833333333333332,0.0,2.3863630000000002
20.916666666666668,0.0,2.3863630000000002
21.0,0.0,2.3863630000000002
21.0,0.0,2.2159085000000003
21.0,0.0,2.2159085000000003
21.083333333333332,0.0,2.2159085000000003
21.083333333333332,0.0,0.9659088333333334
21.083333333333332,0.0,0.9659088333333334
21.166666666666668,0.0,0.9659088333333334
21.25,0.0,1.0227270000000002
21.25,0.0,2.3863630000000002
21.25,0.0,2.3863630000000002
21.25,0.0,2.3863630000000002
21.333333333333332,0.0,0.8522725
21.333333333333332,0.0,0.8522725
21.416666666666668,0.0,0.8522725
21.416666666666668,0.0,1.0227270000000002
21.416666666666668,0.0,1.0227270000000002
21.416666666666668,0.0,1.0227270000000002
21.5,0.0,0.7954543333333334
21.583333333333332,0.0,0.7954543333333334
21.583333333333332,0.0,1.9318176666666669
21.583333333333332,0.0,1.9318176666666669
21.583333333333332,0.0,1.9318176666666669
21.666666666666668,0.0,0.7954543333333334
21.666666666666668,0.0,0.7954543333333334
21.666666666666668,0.0,0.7954543333333334
21.666666666666668,0.0,0.7954543333333334
21.666666666666668,0.0,0.7954543333333334
21.75,0.0,0.7954543333333334
21.75,0.0,0.5113635000000001
21.75,92.0,0.5113635000000001
21.75,1023.0,0.5113635000000001
21.75,2199.0,0.5113635000000001
21.833333333333332,2118.0,0.5113635000000001
21.833333333333332,1519.0,0.5681816666666667
21.916666666666668,1561.0,1.9318176666666669
21.916666666666668,1561.0,1.9318176666666669
22.0,1920.0,1.5340905
22.083333333333332,1804.0,1.5340905
22.166666666666668,1960.0,1.761363166666667
22.166666666666668,2147.0,2.4431811666666667
22.25,2073.0,1.9886358333333334
22.333333333333332,1521.0,1.9886358333333334
22.416666666666668,1385.0,1.761363166666667
22.416666666666668,1522.0,2.727272
22.5,1778.0,2.1590903333333333
22.583333333333332,1877.0,2.1590903333333333
22.666666666666668,1746.0,2.102272166666667
22.666666666666668,1727.0,1.9886358333333334
22.666666666666668,1768.0,1.9886358333333334
22.75,1768.0,1.1363633333333334
22.833333333333332,1759.0,1.1363633333333334
22.833333333333332,1725.0,2.4999993333333332
22.833333333333332,1697.0,2.4999993333333332
22.833333333333332,1646.0,2.4999993333333332
22.833333333333332,1565.0,2.4999993333333332
22.916666666666668,1537.0,0.6249998333333333
23.0,1559.0,2.6136356666666667
23.0,1573.0,2.6136356666666667
23.083333333333332,1573.0,2.6136356666666667
23.166666666666668,1619.0,1.2499996666666666
23.25,1790.0,2.272726666666667
23.333333333333332,1853.0,3.4659081666666665
23.416666666666668,1859.0,2.3863630000000002
23.5,1829.0,2.7840901666666666
23.583333333333332,1723.0,2.8409083333333336
23.583333333333332,1588.0,2.727272
23.666666666666668,1495.0,2.727272
23.75,1476.0,2.670453833333333
23.833333333333332,1466.0,2.8977265
23.916666666666668,1394.0,2.9545446666666666
24.083333333333332,1313.0,2.9545446666666666
24.083333333333332,1257.0,3.068181
24.166666666666668,1234.0,2.4999993333333332
24.333333333333332,1278.0,2.4999993333333332
24.416666666666668,1293.0,2.8409083333333336
24.5,1276.0,2.9545446666666666
24.583333333333332,1259.0,2.8409083333333336
24.666666666666668,1217.0,2.9545446666666666
24.75,1029.0,3.1818173333333335
24.833333333333332,935.0,3.0113628333333335
24.916666666666668,882.0,2.8977265
25.0,840.0,3.068181
25.083333333333332,770.0,2.727272
25.166666666666668,728.0,3.1818173333333335
25.25,673.0,2.670453833333333
25.333333333333332,557.0,3.4659081666666665
25.416666666666668,262.0,3.0113628333333335
25.5,166.0,3.1249991666666666
25.583333333333332,99.0,2.4431811666666667
25.666666666666668,44.0,3.693180833333334
25.75,1.0,2.8409083333333336
25.833333333333332,0.0,2.9545446666666666
25.916666666666668,0.0,2.8977265
25.916666666666668,0.0,2.8977265
25.916666666666668,0.0,2.8977265
26.0,0.0,0.9090906666666667
26.083333333333332,0.0,2.7840901666666666
26.166666666666668,0.0,2.8409083333333336
26.166666666666668,0.0,2.8409083333333336
26.166666666666668,0.0,2.8409083333333336
26.25,0.0,0.9090906666666667
26.333333333333332,0.0,2.3295448333333333
26.416666666666668,0.0,3.068181
26.5,0.0,3.068181
26.583333333333332,0.0,2.8977265
26.666666666666668,0.0,2.8977265
26.75,0.0,2.272726666666667
26.833333333333332,0.0,3.1249991666666666
26.916666666666668,0.0,2.4999993333333332
26.916666666666668,0.0,2.5568175
27.0,0.0,2.3295448333333333
27.083333333333332,0.0,2.7840901666666666
27.083333333333332,0.0,2.7840901666666666
27.166666666666668,0.0,2.7840901666666666
27.25,0.0,1.0795451666666667
27.25,0.0,2.4999993333333332
27.333333333333332,0.0,1.9886358333333334
27.333333333333332,0.0,1.9886358333333334
27.416666666666668,0.0,1.9886358333333334
27.416666666666668,0.0,1.1363633333333334
27.5,0.0,2.0454540000000003
27.583333333333332,0.0,2.0454540000000003
27.583333333333332,0.0,2.0454540000000003
27.666666666666668,0.0,1.9318176666666669
27.666666666666668,0.0,1.9318176666666669
27.75,0.0,1.9318176666666669
27.75,172.0,0.9659088333333334
27.833333333333332,2107.0,2.5568175
27.916666666666668,2617.0,2.5568175
27.916666666666668,2024.0,1.8181813333333334
28.0,1327.0,1.8181813333333334
28.0,1586.0,1.1931815000000001
28.083333333333332,1762.0,2.272726666666667
28.166666666666668,1743.0,2.272726666666667
28.25,1749.0,1.9318176666666669
28.25,1694.0,2.1590903333333333
28.333333333333332,1674.0,2.670453833333333
28.416666666666668,1427.0,2.3863630000000002
28.5,1310.0,2.3863630000000002
28.5,1243.0,2.3863630000000002
28.5,965.0,2.3863630000000002
28.583333333333332,1033.0,1.0227270000000002
28.666666666666668,1277.0,2.8977265
28.75,1456.0,2.2159085000000003
28.75,1456.0,2.2159085000000003
28.833333333333332,1416.0,2.2159085000000003
28.833333333333332,1416.0,1.1363633333333334
28.833333333333332,1470.0,1.1363633333333334
28.833333333333332,1503.0,1.1363633333333334
28.916666666666668,1480.0,0.8522725
28.916666666666668,1408.0,0.8522725
28.916666666666668,1366.0,0.8522725
29.0,1338.0,0.8522725
29.0,1319.0,0.8522725
29.0,1359.0,0.8522725
29.083333333333332,1396.0,0.8522725
29.083333333333332,1421.0,0.8522725
29.166666666666668,1440.0,2.272726666666667
29.25,1468.0,2.4999993333333332
29.333333333333332,1422.0,3.0113628333333335
29.416666666666668,1314.0,2.5568175
29.5,1258.0,2.8409083333333336
29.5,1153.0,2.8409083333333336
29.5,1126.0,2.8409083333333336
29.5,1059.0,2.8409083333333336
29.583333333333332,976.0,0.681818
29.666666666666668,913.0,3.0113628333333335
29.666666666666668,894.0,3.0113628333333335
29.75,890.0,3.0113628333333335
29.833333333333332,879.0,1.2499996666666666
29.833333333333332,826.0,3.0113628333333335
29.833333333333332,694.0,3.0113628333333335
29.916666666666668,586.0,3.0113628333333335
30.0,525.0,0.8522725
30.0,459.0,2.7840901666666666
30.0,417.0,2.7840901666666666
30.0,422.0,2.7840901666666666
30.083333333333332,318.0,0.8522725
30.166666666666668,232.0,2.4999993333333332
30.25,187.0,2.4999993333333332
30.333333333333332,151.0,2.5568175
30.416666666666668,114.0,2.2159085000000003
30.416666666666668,102.0,2.4999993333333332
30.5,120.0,2.670453833333333
30.583333333333332,152.0,2.2159085000000003
30.666666666666668,197.0,2.7840901666666666
30.75,197.0,2.4431811666666667
30.75,241.0,2.4431811666666667
30.75,277.0,2.4431811666666667
30.75,304.0,2.4431811666666667
30.833333333333332,330.0,0.7386361666666666
30.916666666666668,332.0,0.7386361666666666
31.0,333.0,2.3295448333333333
31.0,332.0,2.102272166666667
31.083333333333332,352.0,2.1590903333333333
31.083333333333332,371.0,2.1590903333333333
31.083333333333332,383.0,2.1590903333333333
31.083333333333332,409.0,2.1590903333333333
31.166666666666668,494.0,0.681818
31.25,610.0,0.681818
31.25,652.0,2.2159085000000003
31.25,662.0,2.2159085000000003
31.25,655.0,2.2159085000000003
31.25,646.0,2.2159085000000003
31.333333333333332,669.0,2.2159085000000003
31.333333333333332,668.0,0.5681816666666667
31.333333333333332,739.0,0.5681816666666667
31.416666666666668,839.0,0.5681816666666667
31.5,957.0,1.0227270000000002
31.5,1023.0,2.1590903333333333
31.583333333333332,1090.0,2.3295448333333333
31.666666666666668,1147.0,2.2159085000000003
31.75,1197.0,2.2159085000000003
31.833333333333332,1194.0,2.272726666666667
31.833333333333332,1192.0,2.5568175
31.833333333333332,1179.0,2.5568175
31.916666666666668,1159.0,2.5568175
32.0,1154.0,1.0227270000000002
32.0,1154.0,3.1249991666666666
32.083333333333336,1155.0,1.8181813333333334
32.166666666666664,1169.0,2.727272
32.25,1191.0,2.3295448333333333
32.333333333333336,1210.0,2.3295448333333333
32.333333333333336,1230.0,2.3295448333333333
32.333333333333336,1242.0,2.3295448333333333
32.416666666666664,1234.0,1.0227270000000002
32.5,1227.0,3.0113628333333335
32.583333333333336,1229.0,3.0113628333333335
32.666666666666664,1238.0,2.272726666666667
32.75,1238.0,2.3295448333333333
32.75,1263.0,2.4431811666666667
32.75,1304.0,2.4431811666666667
32.833333333333336,1355.0,1.1363633333333334
32.916666666666664,1422.0,1.1363633333333334
33.0,1428.0,2.4999993333333332
33.083333333333336,1494.0,2.6136356666666667
33.083333333333336,1450.0,2.102272166666667
33.166666666666664,1403.0,2.4999993333333332
33.25,1372.0,2.7840901666666666
33.333333333333336,1338.0,2.670453833333333
33.416666666666664,1379.0,2.4999993333333332
33.5,1456.0,2.6136356666666667
33.583333333333336,1462.0,2.6136356666666667
33.666666666666664,1425.0,2.4999993333333332
33.75,1403.0,2.4431811666666667
33.833333333333336,1357.0,2.8977265
33.833333333333336,1319.0,2.6136356666666667
33.916666666666664,1248.0,2.2159085000000003
34.0,1270.0,2.7840901666666666
34.083333333333336,1288.0,2.8409083333333336
34.083333333333336,1308.0,2.8409083333333336
34.166666666666664,1350.0,1.1931815000000001
34.25,1354.0,2.9545446666666666
34.333333333333336,1307.0,2.6136356666666667
34.416666666666664,1292.0,2.6136356666666667
34.5,1267.0,2.727272
34.583333333333336,1201.0,2.7840901666666666
34.666666666666664,1160.0,2.5568175
34.666666666666664,1199.0,2.4431811666666667
34.75,1184.0,2.4431811666666667
34.833333333333336,1141.0,1.5340905
34.916666666666664,1104.0,2.8977265
35.0,1093.0,2.3863630000000002
35.083333333333336,1081.0,2.8977265
35.166666666666664,1088.0,2.9545446666666666
35.25,1116.0,2.9545446666666666
35.25,1082.0,2.5568175
35.333333333333336,1027.0,2.5568175
35.416666666666664,987.0,1.363636
35.5,962.0,3.352271833333334
35.5,886.0,2.670453833333333
35.583333333333336,848.0,2.3863630000000002
35.75,848.0,2.7840901666666666
35.75,835.0,3.1249991666666666
35.833333333333336,833.0,2.670453833333333
35.916666666666664,829.0,2.8409083333333336
35.916666666666664,827.0,2.8409083333333336
36.0,809.0,2.8409083333333336
36.083333333333336,784.0,1.0227270000000002
36.083333333333336,768.0,2.8409083333333336
36.083333333333336,738.0,2.8409083333333336
36.166666666666664,733.0,2.8409083333333336
36.25,710.0,0.9090906666666667
36.333333333333336,671.0,3.0113628333333335
36.416666666666664,715.0,2.7840901666666666
36.416666666666664,793.0,2.8977265
36.416666666666664,807.0,2.8977265
36.5,796.0,2.8977265
36.5,800.0,0.9090906666666667
36.583333333333336,773.0,2.670453833333333
36.666666666666664,774.0,2.4431811666666667
36.75,797.0,2.7840901666666666
36.75,808.0,2.7840901666666666
36.833333333333336,790.0,1.4772723333333333
36.916666666666664,818.0,2.4999993333333332
37.0,840.0,2.670453833333333
37.083333333333336,834.0,2.5568175
37.166666666666664,815.0,2.8977265
37.25,869.0,2.727272
37.333333333333336,896.0,2.727272
37.333333333333336,884.0,2.727272
37.416666666666664,864.0,2.727272
37.5,826.0,2.9545446666666666
37.5,839.0,2.9545446666666666
37.583333333333336,837.0,2.9545446666666666
37.666666666666664,887.0,3.352271833333334
37.75,1013.0,3.352271833333334
37.833333333333336,1076.0,3.0113628333333335
37.916666666666664,1117.0,2.7840901666666666
38.0,1142.0,2.7840901666666666
38.083333333333336,1136.0,2.7840901666666666
38.083333333333336,1131.0,2.4431811666666667
38.166666666666664,1122.0,1.5909086666666667
38.25,1091.0,2.9545446666666666
38.25,1091.0,2.9545446666666666
38.333333333333336,1049.0,1.4772723333333333
38.333333333333336,1034.0,1.4772723333333333
38.333333333333336,1033.0,1.4772723333333333
38.333333333333336,1016.0,1.4772723333333333
38.333333333333336,1022.0,1.4772723333333333
38.416666666666664,1026.0,0.5681816666666667
38.416666666666664,1042.0,0.5681816666666667
38.5,1070.0,1.4204541666666668
38.5,1099.0,1.4204541666666668
38.583333333333336,1116.0,1.4204541666666668
38.666666666666664,1117.0,3.0113628333333335
38.75,1122.0,3.0113628333333335
38.833333333333336,1138.0,2.9545446666666666
39.0,1157.0,3.1818173333333335
39.083333333333336,1197.0,3.1818173333333335
39.166666666666664,1159.0,2.8977265
39.25,1146.0,3.068181
39.333333333333336,1150.0,2.670453833333333
39.416666666666664,1151.0,2.727272
39.5,1178.0,3.806817166666667
39.583333333333336,1206.0,3.068181
39.666666666666664,1225.0,2.9545446666666666
39.75,1302.0,2.8977265
39.833333333333336,1446.0,2.9545446666666666
39.916666666666664,1487.0,3.4659081666666665
40.0,1502.0,3.068181
40.166666666666664,1519.0,3.068181
40.25,1512.0,3.2386355
40.333333333333336,1425.0,3.2386355
40.416666666666664,1380.0,3.1818173333333335
40.416666666666664,1367.0,3.2954536666666665
40.5,1387.0,3.2954536666666665
40.583333333333336,1396.0,3.522726333333334
40.75,1406.0,3.522726333333334
40.833333333333336,1415.0,3.2954536666666665
40.833333333333336,1420.0,3.522726333333334
40.833333333333336,1426.0,3.522726333333334
40.833333333333336,1397.0,3.522726333333334
40.833333333333336,1387.0,3.522726333333334
40.916666666666664,1388.0,0.6249998333333333
41.0,1341.0,3.4659081666666665
41.083333333333336,1318.0,3.4659081666666665
41.166666666666664,1318.0,1.704545
41.166666666666664,1333.0,3.352271833333334
41.166666666666664,1339.0,3.352271833333334
41.166666666666664,1343.0,3.352271833333334
41.25,1344.0,3.352271833333334
41.25,1343.0,0.681818
41.25,1343.0,0.681818
41.416666666666664,1342.0,1.0795451666666667
41.416666666666664,1345.0,4.7727260000000005
41.583333333333336,1347.0,4.7727260000000005
41.666666666666664,1349.0,3.7499990000000003
41.666666666666664,1363.0,3.1249991666666666
41.75,1354.0,1.8749995000000002
41.833333333333336,1325.0,3.1818173333333335
41.916666666666664,1308.0,3.1818173333333335
42.0,1283.0,1.761363166666667
42.083333333333336,1197.0,3.2954536666666665
42.166666666666664,1106.0,2.8977265
42.333333333333336,1089.0,3.522726333333334
42.416666666666664,1061.0,3.9772716666666668
42.5,1068.0,3.522726333333334
42.5,1122.0,3.522726333333334
42.5,1153.0,3.522726333333334
42.583333333333336,1158.0,1.1363633333333334
42.583333333333336,1176.0,1.1363633333333334
42.583333333333336,1181.0,1.1363633333333334
42.666666666666664,1158.0,0.8522725
42.833333333333336,1109.0,3.7499990000000003
42.916666666666664,1053.0,4.318180666666667
42.916666666666664,1041.0,3.1249991666666666
42.916666666666664,1051.0,3.1249991666666666
42.916666666666664,1072.0,3.1249991666666666
43.083333333333336,1071.0,3.1249991666666666
43.083333333333336,1134.0,3.7499990000000003
43.083333333333336,1236.0,3.7499990000000003
43.166666666666664,1322.0,1.1931815000000001
43.25,1348.0,3.0113628333333335
43.416666666666664,1275.0,3.0113628333333335
43.5,1164.0,3.352271833333334
43.583333333333336,1071.0,3.40909
43.666666666666664,1049.0,3.352271833333334
43.833333333333336,1038.0,3.352271833333334
43.916666666666664,1048.0,3.806817166666667
44.0,1048.0,3.068181
44.083333333333336,1127.0,4.6022715000000005
44.166666666666664,1226.0,3.4659081666666665
44.333333333333336,1291.0,3.4659081666666665
44.416666666666664,1288.0,3.4659081666666665
44.5,1179.0,3.5795445000000004
44.5,1046.0,3.5795445000000004
44.666666666666664,1039.0,3.5795445000000004
44.75,1037.0,3.9772716666666668
44.75,1059.0,3.9772716666666668
44.916666666666664,1108.0,3.9772716666666668
45.0,1124.0,4.147726166666667
45.0,1158.0,3.068181
45.0,1199.0,3.068181
45.0,1185.0,3.068181
45.0,1153.0,3.068181
45.166666666666664,1149.0,3.068181
45.25,1149.0,3.8636353333333338
45.25,1148.0,3.522726333333334
45.333333333333336,1103.0,1.5909086666666667
45.416666666666664,1094.0,3.636362666666667
45.583333333333336,1112.0,3.806817166666667
45.666666666666664,1129.0,3.5795445000000004
45.75,1137.0,3.4659081666666665
45.833333333333336,1140.0,3.5795445000000004
46.0,1151.0,3.5795445000000004
46.083333333333336,1148.0,4.147726166666667
46.166666666666664,1123.0,2.272726666666667
46.25,1011.0,3.352271833333334
46.25,964.0,3.068181
46.333333333333336,919.0,1.8181813333333334
46.5,873.0,3.40909
46.583333333333336,911.0,3.636362666666667
46.666666666666664,908.0,3.5795445000000004
46.666666666666664,832.0,3.5795445000000004
46.75,775.0,3.5795445000000004
46.833333333333336,691.0,1.1363633333333334
46.916666666666664,561.0,3.693180833333334
47.0,539.0,3.7499990000000003
47.166666666666664,524.0,3.4659081666666665
47.25,469.0,3.4659081666666665
47.333333333333336,318.0,3.4659081666666665
47.416666666666664,318.0,3.522726333333334
47.5,296.0,3.7499990000000003
47.666666666666664,322.0,3.7499990000000003
47.75,345.0,3.40909
47.833333333333336,373.0,3.40909
47.916666666666664,384.0,3.1818173333333335
48.0,386.0,3.2954536666666665
48.083333333333336,388.0,3.0113628333333335
48.083333333333336,400.0,3.0113628333333335
48.083333333333336,450.0,3.0113628333333335
48.25,463.0,3.0113628333333335
48.333333333333336,449.0,3.5795445000000004
48.416666666666664,440.0,3.2386355
48.5,430.0,3.1818173333333335
48.583333333333336,423.0,3.068181
48.666666666666664,453.0,3.1818173333333335
48.75,503.0,3.352271833333334
48.833333333333336,492.0,3.1818173333333335
48.916666666666664,466.0,3.2386355
49.083333333333336,383.0,3.2386355
49.083333333333336,310.0,3.1818173333333335
49.25,273.0,3.1818173333333335
49.333333333333336,340.0,3.693180833333334
49.416666666666664,383.0,3.068181
49.5,402.0,3.068181
49.583333333333336,431.0,2.8977265
49.583333333333336,484.0,3.0113628333333335
49.666666666666664,518.0,3.0113628333333335
49.75,528.0,1.3068178333333333
49.833333333333336,522.0,3.1818173333333335
49.916666666666664,494.0,2.9545446666666666
49.916666666666664,500.0,3.068181
50.0,502.0,3.068181
50.083333333333336,538.0,3.522726333333334
50.166666666666664,633.0,3.1818173333333335
50.25,769.0,2.6136356666666667
50.333333333333336,834.0,2.7840901666666666
50.416666666666664,867.0,3.2954536666666665
50.5,937.0,3.068181
50.583333333333336,1053.0,3.0113628333333335
50.583333333333336,1100.0,3.0113628333333335
50.666666666666664,1119.0,1.363636
50.75,1163.0,2.9545446666666666
50.833333333333336,1163.0,3.1249991666666666
50.916666666666664,1228.0,2.8977265
51.0,1314.0,3.0113628333333335
51.166666666666664,1368.0,3.0113628333333335
51.166666666666664,1375.0,2.9545446666666666
51.333333333333336,1454.0,2.9545446666666666
51.333333333333336,1546.0,3.068181
51.333333333333336,1571.0,3.068181
51.416666666666664,1587.0,3.068181
51.5,1604.0,1.0227270000000002
51.583333333333336,1625.0,2.5568175
51.666666666666664,1592.0,3.9204535000000003
51.75,1564.0,3.352271833333334
51.833333333333336,1578.0,2.8409083333333336
51.916666666666664,1634.0,3.522726333333334
52.0,1773.0,3.1818173333333335
52.166666666666664,1817.0,3.1818173333333335
52.25,1880.0,3.2954536666666665
52.333333333333336,1886.0,2.7840901666666666
52.416666666666664,1851.0,3.1249991666666666
52.5,1785.0,3.636362666666667
52.583333333333336,1761.0,3.2386355
52.666666666666664,1759.0,3.2954536666666665
52.666666666666664,1750.0,3.2954536666666665
52.75,1634.0,1.4772723333333333
52.833333333333336,1616.0,1.4772723333333333
52.916666666666664,1620.0,3.2386355
53.0,1603.0,3.4659081666666665
53.0,1600.0,3.4659081666666665
53.083333333333336,1600.0,3.4659081666666665
53.166666666666664,1562.0,1.1363633333333334
53.166666666666664,1532.0,3.2386355
53.25,1547.0,1.5909086666666667
53.333333333333336,1579.0,3.5795445000000004
53.5,1539.0,3.5795445000000004
53.583333333333336,1574.0,3.522726333333334
53.583333333333336,1619.0,3.2954536666666665
53.666666666666664,1581.0,1.704545
53.833333333333336,1537.0,1.704545
53.916666666666664,1494.0,3.5795445000000004
53.916666666666664,1471.0,3.5795445000000004
54.0,1455.0,1.5909086666666667
54.083333333333336,1422.0,1.5909086666666667
54.166666666666664,1422.0,1.8749995000000002
54.25,1412.0,3.5795445000000004
54.25,1418.0,3.40909
54.333333333333336,1415.0,3.40909
54.416666666666664,1411.0,1.1931815000000001
54.5,1380.0,3.522726333333334
54.583333333333336,1256.0,3.693180833333334
54.75,1183.0,3.693180833333334
54.833333333333336,1112.0,3.636362666666667
54.916666666666664,1010.0,3.40909
54.916666666666664,992.0,3.40909
55.083333333333336,1046.0,3.40909
55.166666666666664,1058.0,3.7499990000000003
55.25,998.0,3.806817166666667
55.416666666666664,941.0,3.806817166666667
55.5,858.0,4.034089833333334
55.583333333333336,803.0,3.4659081666666665
55.666666666666664,803.0,3.352271833333334
55.75,773.0,3.5795445000000004
55.833333333333336,732.0,3.1818173333333335
55.833333333333336,699.0,3.1818173333333335
55.916666666666664,649.0,3.1818173333333335
56.0,666.0,3.2954536666666665
56.083333333333336,687.0,3.1818173333333335
56.166666666666664,679.0,3.8636353333333338
56.333333333333336,680.0,3.8636353333333338
56.416666666666664,654.0,3.2954536666666665
56.5,617.0,3.40909
56.583333333333336,624.0,3.40909
56.666666666666664,643.0,2.8409083333333336
56.833333333333336,617.0,3.0113628333333335
56.916666666666664,610.0,4.659089666666667
57.0,633.0,3.4659081666666665
57.083333333333336,657.0,3.40909
57.25,703.0,3.40909
57.333333333333336,834.0,3.40909
57.333333333333336,909.0,3.1818173333333335
57.333333333333336,963.0,3.1818173333333335
57.333333333333336,1001.0,3.1818173333333335
57.333333333333336,1045.0,3.1818173333333335
57.5,1114.0,3.1818173333333335
57.583333333333336,1226.0,3.2386355
57.666666666666664,1226.0,3.636362666666667
57.75,1344.0,3.5795445000000004
57.833333333333336,1415.0,3.522726333333334
58.0,1499.0,3.522726333333334
58.083333333333336,1499.0,3.693180833333334
58.166666666666664,1480.0,3.522726333333334
58.25,1494.0,3.1818173333333335
58.333333333333336,1638.0,3.40909
58.5,1685.0,3.693180833333334
58.583333333333336,1738.0,3.693180833333334
58.666666666666664,1767.0,3.40909
58.75,1712.0,3.5795445000000004
58.75,1744.0,3.5795445000000004
58.75,1781.0,3.5795445000000004
58.833333333333336,1798.0,3.5795445000000004
58.916666666666664,1828.0,4.090908000000001
58.916666666666664,1846.0,4.090908000000001
59.083333333333336,1821.0,4.090908000000001
59.166666666666664,1821.0,3.9772716666666668
59.25,1807.0,4.318180666666667
59.416666666666664,1749.0,4.318180666666667
59.5,1737.0,3.7499990000000003
59.583333333333336,1692.0,3.636362666666667
59.583333333333336,1616.0,3.636362666666667
59.666666666666664,1572.0,3.636362666666667
59.75,1533.0,1.1931815000000001
59.833333333333336,1483.0,3.522726333333334
59.916666666666664,1430.0,3.068181
60.0,1381.0,3.806817166666667
60.083333333333336,1305.0,1.9886358333333334
60.166666666666664,1387.0,3.40909
60.25,1460.0,3.8636353333333338
60.25,1465.0,3.8636353333333338
60.25,1633.0,3.8636353333333338
60.333333333333336,1673.0,0.9090906666666667
60.5,1624.0,3.4659081666666665
60.583333333333336,1584.0,3.693180833333334
60.666666666666664,1544.0,3.4659081666666665
60.833333333333336,1514.0,3.8636353333333338
60.916666666666664,1540.0,4.147726166666667
61.0,1548.0,3.636362666666667
61.083333333333336,1544.0,3.693180833333334
61.166666666666664,1476.0,3.693180833333334
61.25,1476.0,3.806817166666667
61.333333333333336,1446.0,3.693180833333334
61.5,1440.0,3.693180833333334
61.583333333333336,1439.0,3.8636353333333338
61.583333333333336,1478.0,3.352271833333334
61.666666666666664,1519.0,3.352271833333334
61.666666666666664,1553.0,1.1931815000000001
61.666666666666664,1555.0,1.1931815000000001
61.75,1591.0,1.1931815000000001
61.916666666666664,1652.0,1.1931815000000001
62.0,1656.0,3.5795445000000004
62.083333333333336,1689.0,4.204544333333334
62.25,1653.0,3.9204535000000003
62.333333333333336,1630.0,3.806817166666667
62.333333333333336,1661.0,3.5795445000000004
62.333333333333336,1636.0,3.5795445000000004
62.416666666666664,1610.0,3.5795445000000004
62.416666666666664,1597.0,0.9090906666666667
62.5,1568.0,1.6477268333333333
62.583333333333336,1549.0,3.806817166666667
62.583333333333336,1567.0,3.806817166666667
62.583333333333336,1570.0,3.806817166666667
62.666666666666664,1656.0,0.8522725
62.75,1693.0,3.40909
62.916666666666664,1680.0,3.8636353333333338
63.0,1642.0,4.090908000000001
63.083333333333336,1605.0,3.5795445000000004
63.25,1541.0,3.5795445000000004
63.333333333333336,1476.0,3.693180833333334
63.416666666666664,1431.0,3.5795445000000004
63.583333333333336,1430.0,3.5795445000000004
63.666666666666664,1440.0,3.636362666666667
63.75,1469.0,3.7499990000000003
63.833333333333336,1504.0,4.034089833333334
64.0,1540.0,3.693180833333334
64.08333333333333,1609.0,3.636362666666667
64.16666666666667,1723.0,3.5795445000000004
64.16666666666667,1807.0,3.5795445000000004
64.25,1823.0,3.5795445000000004
64.33333333333333,1750.0,1.2499996666666666
64.41666666666667,1671.0,3.7499990000000003
64.58333333333333,1647.0,3.7499990000000003
64.66666666666667,1666.0,3.068181
64.83333333333333,1666.0,3.9204535000000003
64.91666666666667,1688.0,4.488635166666667
65.0,1716.0,3.522726333333334
65.08333333333333,1707.0,3.636362666666667
65.16666666666667,1717.0,3.4659081666666665
65.16666666666667,1761.0,3.4659081666666665
65.25,1861.0,1.3068178333333333
65.33333333333333,1925.0,1.3068178333333333
65.41666666666667,1927.0,1.8749995000000002
65.5,1894.0,3.068181
65.66666666666667,1811.0,3.068181
65.66666666666667,1698.0,3.7499990000000003
65.83333333333333,1653.0,3.7499990000000003
65.91666666666667,1641.0,3.9772716666666668
65.91666666666667,1627.0,3.693180833333334
65.91666666666667,1558.0,3.693180833333334
66.0,1531.0,3.693180833333334
66.08333333333333,1532.0,3.4659081666666665
66.25,1498.0,3.4659081666666665
66.33333333333333,1429.0,4.374998833333334
66.41666666666667,1407.0,3.9204535000000003
66.5,1339.0,3.1249991666666666
66.58333333333333,1257.0,2.102272166666667
66.66666666666667,1212.0,4.090908000000001
66.83333333333333,1224.0,4.090908000000001
66.91666666666667,1210.0,3.9772716666666668
66.91666666666667,1110.0,3.9772716666666668
67.08333333333333,989.0,3.9772716666666668
67.16666666666667,934.0,3.8636353333333338
67.33333333333333,887.0,3.8636353333333338
67.41666666666667,828.0,4.034089833333334
67.58333333333333,829.0,4.034089833333334
67.58333333333333,798.0,4.034089833333334
67.66666666666667,761.0,4.034089833333334
67.83333333333333,757.0,4.034089833333334
67.91666666666667,757.0,4.261362500000001
68.08333333333333,728.0,4.090908000000001
68.08333333333333,660.0,4.090908000000001
68.08333333333333,642.0,4.090908000000001
68.25,666.0,4.090908000000001
68.33333333333333,694.0,3.9204535000000003
68.41666666666667,688.0,3.9204535000000003
68.58333333333333,688.0,3.9204535000000003
68.66666666666667,734.0,3.8636353333333338
68.75,762.0,3.5795445000000004
68.75,793.0,3.5795445000000004
68.75,797.0,3.5795445000000004
68.83333333333333,902.0,1.0227270000000002
68.91666666666667,1071.0,1.0227270000000002
69.0,1160.0,3.522726333333334
69.16666666666667,1153.0,3.5795445000000004
69.25,1132.0,4.034089833333334
69.33333333333333,1134.0,4.034089833333334
69.5,1137.0,3.8636353333333338
69.5,1136.0,3.636362666666667
69.58333333333333,1239.0,2.102272166666667
69.75,1343.0,3.1818173333333335
69.83333333333333,1258.0,4.488635166666667
70.0,1161.0,4.488635166666667
70.0,1142.0,4.034089833333334
70.0,1238.0,4.034089833333334
70.08333333333333,1341.0,4.034089833333334
70.08333333333333,1357.0,0.9659088333333334
70.16666666666667,1313.0,2.0454540000000003
70.25,1215.0,2.0454540000000003
70.25,1238.0,2.0454540000000003
70.41666666666667,1280.0,2.0454540000000003
70.5,1312.0,3.7499990000000003
70.66666666666667,1347.0,3.7499990000000003
70.66666666666667,1395.0,3.9772716666666668
70.75,1430.0,3.9772716666666668
70.83333333333333,1487.0,1.761363166666667
70.91666666666667,1507.0,2.102272166666667
71.08333333333333,1513.0,3.9204535000000003
71.16666666666667,1516.0,3.2954536666666665
71.25,1502.0,4.318180666666667
71.33333333333333,1469.0,3.9772716666666668
71.33333333333333,1417.0,3.9772716666666668
71.41666666666667,1295.0,3.9772716666666668
71.5,1216.0,1.0227270000000002
71.58333333333333,1236.0,4.374998833333334
71.66666666666667,1309.0,4.374998833333334
71.83333333333333,1249.0,4.261362500000001
71.91666666666667,1221.0,3.9204535000000003
72.08333333333333,1260.0,3.9204535000000003
72.16666666666667,1260.0,4.147726166666667
72.25,1307.0,4.034089833333334
72.25,1267.0,4.034089833333334
72.33333333333333,1252.0,1.363636
72.5,1284.0,1.363636
72.58333333333333,1237.0,4.374998833333334
72.58333333333333,1270.0,4.374998833333334
72.58333333333333,1390.0,4.374998833333334
72.66666666666667,1418.0,4.374998833333334
72.66666666666667,1403.0,0.8522725
72.75,1399.0,0.8522725
72.83333333333333,1366.0,1.4204541666666668
73.0,1347.0,3.9204535000000003
73.08333333333333,1362.0,4.8295441666666665
73.08333333333333,1355.0,3.9772716666666668
73.25,1370.0,3.9772716666666668
73.41666666666667,1386.0,4.204544333333334
73.5,1386.0,4.374998833333334
73.58333333333333,1405.0,4.204544333333334
73.58333333333333,1402.0,1.9318176666666669
73.58333333333333,1438.0,1.9318176666666669
73.58333333333333,1449.0,1.9318176666666669
73.66666666666667,1455.0,1.9318176666666669
73.66666666666667,1430.0,0.7386361666666666
73.83333333333333,1367.0,2.2159085000000003
73.91666666666667,1306.0,4.545453333333334
74.08333333333333,1298.0,4.545453333333334
74.16666666666667,1301.0,4.7727260000000005
74.25,1332.0,4.488635166666667
74.25,1382.0,1.9886358333333334
74.41666666666667,1410.0,2.272726666666667
74.5,1417.0,4.204544333333334
74.66666666666667,1390.0,4.204544333333334
74.75,1328.0,3.7499990000000003
74.83333333333333,1315.0,4.090908000000001
74.91666666666667,1341.0,2.102272166666667
75.08333333333333,1361.0,4.488635166666667
75.16666666666667,1383.0,4.204544333333334
75.33333333333333,1382.0,4.204544333333334
75.41666666666667,1359.0,5.056816833333333
75.5,1383.0,5.056816833333333
75.58333333333333,1409.0,4.545453333333334
75.75,1469.0,4.545453333333334
75.83333333333333,1469.0,4.261362500000001
76.0,1480.0,4.261362500000001
76.08333333333333,1453.0,4.8295441666666665
76.16666666666667,1462.0,4.034089833333334
76.25,1364.0,2.102272166666667
76.25,1367.0,2.102272166666667
76.25,1397.0,2.102272166666667
76.33333333333333,1421.0,2.102272166666667
76.5,1422.0,4.7727260000000005
76.58333333333333,1366.0,4.9431805
76.75,1340.0,4.8863623333333335
76.83333333333333,1357.0,3.9772716666666668
77.0,1349.0,3.9772716666666668
77.08333333333333,1295.0,4.545453333333334
77.25,1338.0,4.545453333333334
77.33333333333333,1315.0,3.9772716666666668
77.5,1252.0,3.9772716666666668
77.66666666666667,1274.0,3.9772716666666668
77.66666666666667,1312.0,4.261362500000001
77.75,1311.0,2.0454540000000003
77.75,1327.0,2.0454540000000003
77.83333333333333,1324.0,1.5340905
77.83333333333333,1198.0,1.5340905
77.91666666666667,1203.0,1.5340905
78.0,1232.0,4.545453333333334
78.0,1268.0,4.545453333333334
78.08333333333333,1375.0,1.4204541666666668
78.25,1410.0,4.318180666666667
78.41666666666667,1377.0,4.8295441666666665
78.5,1360.0,4.431817000000001
78.66666666666667,1355.0,4.431817000000001
78.75,1340.0,4.261362500000001
78.91666666666667,1336.0,4.261362500000001
79.0,1270.0,3.9204535000000003
79.08333333333333,1200.0,3.9204535000000003
79.08333333333333,1209.0,2.1590903333333333
79.16666666666667,1207.0,2.2159085000000003
79.25,1195.0,2.2159085000000003
79.25,1236.0,1.5340905
79.41666666666667,1363.0,2.3295448333333333
79.5,1449.0,4.318180666666667
79.66666666666667,1470.0,4.318180666666667
79.83333333333333,1470.0,4.318180666666667
79.83333333333333,1469.0,4.8295441666666665
80.0,1464.0,4.8295441666666665
80.08333333333333,1459.0,5.340907666666666
80.25,1456.0,5.340907666666666
80.33333333333333,1463.0,4.6022715000000005
80.5,1473.0,4.8295441666666665
80.58333333333333,1494.0,4.659089666666667
80.66666666666667,1537.0,4.659089666666667
80.75,1589.0,2.0454540000000003
80.83333333333333,1649.0,4.147726166666667
81.0,1699.0,4.147726166666667
81.16666666666667,1741.0,4.204544333333334
81.25,1739.0,4.034089833333334
81.41666666666667,1782.0,4.204544333333334
81.5,1815.0,5.511362166666667
81.58333333333333,1793.0,2.102272166666667
81.75,1784.0,3.9772716666666668
81.75,1763.0,5.2840895
81.91666666666667,1660.0,5.2840895
81.91666666666667,1545.0,4.545453333333334
81.91666666666667,1507.0,4.545453333333334
81.91666666666667,1479.0,4.545453333333334
82.0,1475.0,4.545453333333334
82.08333333333333,1538.0,0.681818
82.25,1684.0,4.431817000000001
82.33333333333333,1718.0,5.454544
82.41666666666667,1701.0,4.8295441666666665
82.58333333333333,1682.0,4.8295441666666665
82.66666666666667,1549.0,4.6022715000000005
82.83333333333333,1491.0,4.6022715000000005
83.0,1489.0,4.6022715000000005
83.0,1506.0,5.681816666666667
83.08333333333333,1485.0,5.681816666666667
83.08333333333333,1465.0,1.5340905
83.08333333333333,1499.0,1.5340905
83.16666666666667,1508.0,1.5340905
83.25,1530.0,4.6022715000000005
83.41666666666667,1618.0,4.6022715000000005
83.58333333333333,1660.0,4.6022715000000005
83.66666666666667,1662.0,5.170453166666666
83.83333333333333,1623.0,5.170453166666666
83.91666666666667,1528.0,5.113635
84.0,1528.0,2.2159085000000003
84.16666666666667,1460.0,2.2159085000000003
84.33333333333333,1440.0,4.8863623333333335
84.33333333333333,1438.0,5.170453166666666
84.33333333333333,1426.0,5.170453166666666
84.33333333333333,1452.0,5.170453166666666
84.33333333333333,1501.0,5.170453166666666
84.41666666666667,1550.0,5.170453166666666
84.58333333333333,1607.0,4.6022715000000005
84.66666666666667,1738.0,4.374998833333334
84.83333333333333,1801.0,4.374998833333334
85.0,1734.0,4.374998833333334
85.16666666666667,1610.0,4.7727260000000005
85.25,1502.0,4.7727260000000005
85.33333333333333,1474.0,4.431817000000001
85.33333333333333,1581.0,4.431817000000001
85.5,1610.0,4.431817000000001
85.5,1602.0,4.374998833333334
85.5,1559.0,4.374998833333334
85.5,1625.0,4.374998833333334
85.58333333333333,1663.0,4.374998833333334
85.66666666666667,1648.0,0.681818
85.75,1594.0,4.545453333333334
85.83333333333333,1495.0,4.7159078333333335
86.0,1421.0,4.7159078333333335
86.0,1384.0,4.8863623333333335
86.0,1364.0,4.8863623333333335
86.08333333333333,1414.0,1.1363633333333334
86.25,1511.0,2.3295448333333333
86.33333333333333,1520.0,5.2840895
86.5,1512.0,4.8295441666666665
86.58333333333333,1520.0,4.147726166666667
86.75,1502.0,4.147726166666667
86.83333333333333,1472.0,4.545453333333334
87.0,1379.0,4.545453333333334
87.08333333333333,1142.0,4.545453333333334
87.25,887.0,4.431817000000001
87.41666666666667,882.0,4.374998833333334
87.5,896.0,5.2840895
87.66666666666667,928.0,4.374998833333334
87.75,1067.0,4.204544333333334
87.91666666666667,1040.0,4.090908000000001
88.0,963.0,4.261362500000001
88.16666666666667,963.0,4.261362500000001
88.25,932.0,4.374998833333334
88.33333333333333,1060.0,4.659089666666667
88.33333333333333,1092.0,4.659089666666667
88.33333333333333,1038.0,4.659089666666667
88.33333333333333,991.0,4.659089666666667
88.5,1061.0,4.659089666666667
88.58333333333333,1090.0,4.261362500000001
88.75,1044.0,4.261362500000001
88.83333333333333,1099.0,4.7727260000000005
89.0,1201.0,4.431817000000001
89.08333333333333,1240.0,4.374998833333334
89.25,1246.0,4.374998833333334
89.41666666666667,1233.0,4.034089833333334
89.5,1183.0,5.568180333333333
89.58333333333333,1151.0,4.318180666666667
89.58333333333333,1144.0,4.318180666666667
89.66666666666667,1177.0,1.3068178333333333
89.75,1155.0,1.3068178333333333
89.83333333333333,1140.0,5.511362166666667
89.83333333333333,1162.0,5.511362166666667
89.91666666666667,1191.0,1.4204541666666668
90.08333333333333,1230.0,4.034089833333334
90.16666666666667,1300.0,4.431817000000001
90.33333333333333,1372.0,4.374998833333334
90.41666666666667,1392.0,4.431817000000001
90.58333333333333,1330.0,4.431817000000001
90.75,1217.0,4.431817000000001
90.83333333333333,1197.0,4.8295441666666665
91.0,1287.0,4.318180666666667
91.0,1291.0,4.090908000000001
91.0,1399.0,4.090908000000001
91.0,1402.0,4.090908000000001
91.0,1274.0,4.090908000000001
91.08333333333333,1287.0,4.090908000000001
91.25,1401.0,4.090908000000001
91.33333333333333,1508.0,4.488635166666667
91.41666666666667,1459.0,4.261362500000001
91.5,1394.0,2.0454540000000003
91.58333333333333,1402.0,4.8295441666666665
91.66666666666667,1449.0,2.102272166666667
91.83333333333333,1524.0,4.204544333333334
91.91666666666667,1524.0,4.7727260000000005
92.08333333333333,1457.0,4.7727260000000005
92.16666666666667,1364.0,4.090908000000001
92.25,1364.0,4.204544333333334
92.33333333333333,1415.0,4.204544333333334
92.33333333333333,1479.0,2.102272166666667
92.41666666666667,1478.0,1.4204541666666668
92.58333333333333,1417.0,1.4204541666666668
92.66666666666667,1331.0,4.659089666666667
92.75,1285.0,2.3295448333333333
92.91666666666667,1244.0,4.034089833333334
93.0,1264.0,4.6022715000000005
93.16666666666667,1318.0,4.6022715000000005
93.16666666666667,1333.0,4.659089666666667
93.25,1274.0,2.0454540000000003
93.41666666666667,1314.0,2.2159085000000003
93.5,1417.0,5.2840895
93.58333333333333,1418.0,4.147726166666667
93.66666666666667,1585.0,4.147726166666667
93.66666666666667,1625.0,2.2159085000000003
93.66666666666667,1620.0,2.2159085000000003
93.75,1590.0,2.2159085000000003
93.83333333333333,1594.0,4.659089666666667
93.91666666666667,1619.0,4.659089666666667
94.08333333333333,1660.0,4.659089666666667
94.16666666666667,1730.0,4.7727260000000005
94.33333333333333,1763.0,4.659089666666667
94.41666666666667,1678.0,4.431817000000001
94.58333333333333,1581.0,4.374998833333334
94.75,1600.0,4.374998833333334
94.83333333333333,1646.0,4.545453333333334
94.91666666666667,1663.0,4.545453333333334
94.91666666666667,1731.0,4.545453333333334
94.91666666666667,1669.0,4.545453333333334
95.0,1486.0,0.9659088333333334
95.0,1351.0,0.9659088333333334
95.16666666666667,1387.0,1.5340905
95.25,1451.0,4.374998833333334
95.41666666666667,1483.0,4.659089666666667
95.58333333333333,1459.0,4.7727260000000005
95.66666666666667,1466.0,4.7159078333333335
95.75,1457.0,4.034089833333334
95.83333333333333,1441.0,6.363634666666667
95.91666666666667,1441.0,6.363634666666667
96.08333333333333,1439.0,4.431817000000001
96.08333333333333,1448.0,4.431817000000001
96.16666666666667,1509.0,4.431817000000001
96.16666666666667,1496.0,1.5340905
96.16666666666667,1390.0,1.5340905
96.33333333333333,1249.0,1.5340905
96.5,1109.0,4.261362500000001
96.58333333333333,1109.0,4.431817000000001
96.75,1100.0,4.545453333333334
96.91666666666667,1122.0,4.7159078333333335
97.0,1245.0,4.374998833333334
97.16666666666667,1337.0,4.374998833333334
97.25,1344.0,4.8295441666666665
97.41666666666667,1397.0,4.8295441666666665
97.41666666666667,1446.0,4.204544333333334
97.5,1464.0,2.3295448333333333
97.5,1375.0,2.3295448333333333
97.5,1206.0,2.3295448333333333
97.5,1118.0,2.3295448333333333
97.66666666666667,1149.0,2.3295448333333333
97.75,1213.0,4.7159078333333335
97.91666666666667,1239.0,4.7159078333333335
98.0,1212.0,4.7727260000000005
98.16666666666667,1140.0,4.7727260000000005
98.33333333333333,1091.0,4.204544333333334
98.41666666666667,1113.0,4.204544333333334
98.58333333333333,1143.0,4.659089666666667
98.66666666666667,1161.0,4.261362500000001
98.66666666666667,1182.0,4.261362500000001
98.66666666666667,1182.0,4.261362500000001
98.66666666666667,1156.0,4.261362500000001
98.75,1118.0,0.7386361666666666
98.91666666666667,1126.0,4.261362500000001
99.08333333333333,1176.0,4.261362500000001
99.16666666666667,1178.0,4.318180666666667
99.33333333333333,1175.0,4.374998833333334
99.5,1176.0,4.374998833333334
99.58333333333333,1180.0,4.318180666666667
99.66666666666667,1190.0,4.545453333333334
99.66666666666667,1259.0,4.545453333333334
99.83333333333333,1331.0,4.545453333333334
99.91666666666667,1326.0,4.6022715000000005
99.91666666666667,1326.0,4.7159078333333335
100.0,1184.0,4.7159078333333335
100.08333333333333,1183.0,4.431817000000001
100.16666666666667,1195.0,2.2159085000000003
100.33333333333333,1311.0,4.374998833333334
100.41666666666667,1316.0,4.488635166666667
100.58333333333333,1293.0,4.488635166666667
100.66666666666667,1299.0,4.545453333333334
100.83333333333333,1300.0,4.545453333333334
101.0,1256.0,4.488635166666667
101.08333333333333,1295.0,4.261362500000001
101.25,1278.0,4.147726166666667
101.25,1262.0,4.374998833333334
101.41666666666667,1209.0,4.374998833333334
101.41666666666667,1118.0,4.374998833333334
101.5,1071.0,4.374998833333334
101.58333333333333,1071.0,1.4772723333333333
101.75,1205.0,4.034089833333334
101.83333333333333,1355.0,4.204544333333334
102.0,1399.0,4.204544333333334
102.08333333333333,1403.0,4.488635166666667
102.25,1332.0,4.488635166666667
102.33333333333333,1250.0,4.318180666666667
102.5,1298.0,4.318180666666667
102.5,1303.0,4.545453333333334
102.5,1269.0,4.545453333333334
102.58333333333333,1241.0,1.0227270000000002
102.58333333333333,1245.0,1.0227270000000002
102.66666666666667,1266.0,1.4204541666666668
102.66666666666667,1293.0,1.4204541666666668
102.66666666666667,1298.0,1.4204541666666668
102.66666666666667,1266.0,1.4204541666666668
102.66666666666667,1223.0,1.4204541666666668
102.83333333333333,1175.0,1.4204541666666668
103.0,1163.0,1.4204541666666668
103.08333333333333,1137.0,4.318180666666667
103.16666666666667,1129.0,4.261362500000001
103.33333333333333,1152.0,4.318180666666667
103.41666666666667,1178.0,4.659089666666667
103.5,1212.0,3.806817166666667
103.58333333333333,1238.0,2.0454540000000003
103.75,1287.0,4.7159078333333335
103.83333333333333,1287.0,4.204544333333334
104.0,1318.0,4.090908000000001
104.08333333333333,1286.0,4.034089833333334
104.08333333333333,1237.0,4.034089833333334
104.08333333333333,1198.0,4.034089833333334
104.08333333333333,1213.0,4.034089833333334
104.16666666666667,1259.0,4.034089833333334
104.33333333333333,1354.0,4.034089833333334
104.41666666666667,1466.0,3.693180833333334
104.58333333333333,1434.0,4.7159078333333335
104.66666666666667,1388.0,4.374998833333334
104.83333333333333,1348.0,4.261362500000001
104.83333333333333,1339.0,3.9772716666666668
104.83333333333333,1311.0,3.9772716666666668
104.91666666666667,1277.0,3.9772716666666668
105.0,1258.0,4.659089666666667
105.08333333333333,1244.0,4.659089666666667
105.08333333333333,1260.0,2.0454540000000003
105.08333333333333,1302.0,2.0454540000000003
105.08333333333333,1388.0,2.0454540000000003
105.08333333333333,1453.0,2.0454540000000003
105.25,1496.0,2.0454540000000003
105.33333333333333,1506.0,4.374998833333334
105.5,1516.0,4.147726166666667
105.58333333333333,1469.0,4.6022715000000005
105.75,1351.0,4.545453333333334
105.83333333333333,1319.0,4.204544333333334
105.83333333333333,1289.0,3.9204535000000003
105.91666666666667,1305.0,3.9204535000000003
106.0,1327.0,1.363636
106.08333333333333,1331.0,2.1590903333333333
106.25,1274.0,2.1590903333333333
106.33333333333333,1376.0,3.9204535000000003
106.41666666666667,1480.0,3.8636353333333338
106.58333333333333,1340.0,3.9204535000000003
106.66666666666667,1294.0,4.545453333333334
106.83333333333333,1308.0,4.545453333333334
106.91666666666667,1320.0,3.806817166666667
107.08333333333333,1357.0,4.147726166666667
107.16666666666667,1412.0,4.318180666666667
107.33333333333333,1480.0,4.318180666666667
107.41666666666667,1525.0,3.7499990000000003
107.5,1518.0,4.659089666666667
107.58333333333333,1518.0,4.659089666666667
107.66666666666667,1510.0,1.9318176666666669
107.75,1512.0,2.1590903333333333
107.83333333333333,1435.0,3.9772716666666668
107.91666666666667,1325.0,4.261362500000001
107.91666666666667,1378.0,4.261362500000001
108.08333333333333,1406.0,4.261362500000001
108.08333333333333,1394.0,4.9999986666666665
108.25,1403.0,4.9999986666666665
108.33333333333333,1476.0,3.9772716666666668
108.41666666666667,1474.0,4.6022715000000005
108.58333333333333,1450.0,4.6022715000000005
108.66666666666667,1427.0,4.374998833333334
108.75,1353.0,4.374998833333334
108.83333333333333,1206.0,1.8181813333333334
109.0,1208.0,3.8636353333333338
109.08333333333333,1207.0,5.2840895
109.16666666666667,1206.0,3.636362666666667
109.25,1283.0,3.636362666666667
109.33333333333333,1421.0,4.261362500000001
109.33333333333333,1541.0,4.261362500000001
109.41666666666667,1582.0,4.261362500000001
109.5,1568.0,3.9772716666666668
109.66666666666667,1446.0,3.9772716666666668
109.75,1356.0,3.9772716666666668
109.91666666666667,1344.0,3.9772716666666668
110.0,1388.0,3.693180833333334
110.08333333333333,1452.0,4.8863623333333335
110.25,1445.0,4.8863623333333335
110.33333333333333,1442.0,4.6022715000000005
110.5,1446.0,4.090908000000001
110.58333333333333,1481.0,3.693180833333334
110.66666666666667,1514.0,4.204544333333334
110.75,1521.0,3.693180833333334
110.83333333333333,1524.0,3.693180833333334
110.91666666666667,1518.0,4.318180666666667
110.91666666666667,1488.0,4.318180666666667
110.91666666666667,1481.0,4.318180666666667
111.08333333333333,1485.0,4.318180666666667
111.08333333333333,1508.0,3.636362666666667
111.25,1540.0,3.636362666666667
111.33333333333333,1522.0,4.034089833333334
111.41666666666667,1480.0,3.2386355
111.58333333333333,1480.0,4.204544333333334
111.66666666666667,1412.0,3.693180833333334
111.75,1432.0,3.9772716666666668
111.83333333333333,1509.0,3.1818173333333335
111.91666666666667,1535.0,3.1818173333333335
112.08333333333333,1575.0,3.1818173333333335
112.08333333333333,1596.0,3.636362666666667
112.16666666666667,1583.0,3.636362666666667
112.33333333333333,1576.0,3.636362666666667
112.41666666666667,1519.0,3.9772716666666668
112.41666666666667,1455.0,3.9204535000000003
112.5,1453.0,1.761363166666667
112.58333333333333,1397.0,1.761363166666667
112.58333333333333,1371.0,1.8749995000000002
112.66666666666667,1384.0,1.9886358333333334
112.83333333333333,1385.0,3.522726333333334
112.91666666666667,1428.0,3.9772716666666668
113.08333333333333,1520.0,3.9772716666666668
113.16666666666667,1583.0,3.9204535000000003
113.25,1662.0,3.9772716666666668
113.41666666666667,1676.0,3.9772716666666668
113.5,1605.0,4.261362500000001
113.66666666666667,1600.0,4.261362500000001
113.75,1626.0,3.9204535000000003
113.83333333333333,1554.0,3.806817166666667
113.83333333333333,1454.0,3.806817166666667
113.91666666666667,1458.0,3.806817166666667
114.0,1478.0,3.806817166666667
114.08333333333333,1473.0,3.806817166666667
114.16666666666667,1472.0,1.9886358333333334
114.25,1482.0,4.034089833333334
114.41666666666667,1483.0,4.034089833333334
114.5,1520.0,4.9431805
114.58333333333333,1599.0,4.488635166666667
114.75,1622.0,4.488635166666667
114.83333333333333,1654.0,4.374998833333334
114.83333333333333,1703.0,4.374998833333334
114.91666666666667,1729.0,1.8181813333333334
115.0,1722.0,1.9886358333333334
115.08333333333333,1625.0,4.318180666666667
115.08333333333333,1503.0,4.318180666666667
115.08333333333333,1519.0,4.318180666666667
115.25,1519.0,4.318180666666667
115.25,1537.0,3.693180833333334
115.33333333333333,1532.0,3.693180833333334
115.41666666666667,1497.0,3.8636353333333338
115.58333333333333,1506.0,3.8636353333333338
115.66666666666667,1547.0,3.9772716666666668
115.75,1569.0,4.090908000000001
115.91666666666667,1576.0,4.034089833333334
116.0,1572.0,3.7499990000000003
116.08333333333333,1565.0,3.522726333333334
116.25,1551.0,3.636362666666667
116.25,1529.0,4.261362500000001
116.33333333333333,1501.0,1.8749995000000002
116.41666666666667,1424.0,3.4659081666666665
116.5,1401.0,3.4659081666666665
116.58333333333333,1395.0,1.761363166666667
116.66666666666667,1396.0,3.636362666666667
116.83333333333333,1403.0,3.636362666666667
116.91666666666667,1471.0,3.068181
117.08333333333333,1528.0,3.806817166666667
117.08333333333333,1501.0,4.6022715000000005
117.16666666666667,1459.0,4.6022715000000005
117.25,1432.0,3.8636353333333338
117.33333333333333,1474.0,3.806817166666667
117.5,1546.0,3.806817166666667
117.58333333333333,1605.0,3.8636353333333338
117.75,1607.0,3.8636353333333338
117.83333333333333,1661.0,3.806817166666667
117.91666666666667,1687.0,4.034089833333334
117.91666666666667,1705.0,4.034089833333334
118.0,1713.0,1.761363166666667
118.08333333333333,1694.0,1.761363166666667
118.08333333333333,1645.0,1.8181813333333334
118.25,1648.0,1.8749995000000002
118.33333333333333,1655.0,3.9204535000000003
118.33333333333333,1644.0,3.4659081666666665
118.41666666666667,1675.0,3.4659081666666665
118.5,1689.0,1.2499996666666666
118.58333333333333,1713.0,3.522726333333334
118.66666666666667,1730.0,3.0113628333333335
118.75,1705.0,4.545453333333334
118.83333333333333,1676.0,4.545453333333334
118.91666666666667,1670.0,4.261362500000001
119.08333333333333,1670.0,4.261362500000001
119.16666666666667,1659.0,4.374998833333334
119.25,1656.0,3.636362666666667
119.33333333333333,1596.0,3.693180833333334
119.5,1564.0,3.5795445000000004
119.5,1589.0,2.9545446666666666
119.58333333333333,1666.0,1.8749995000000002
119.58333333333333,1722.0,1.8749995000000002
119.75,1740.0,1.8749995000000002
119.75,1724.0,3.5795445000000004
119.75,1643.0,3.5795445000000004
119.83333333333333,1585.0,1.1931815000000001
119.91666666666667,1585.0,3.4659081666666665
120.0,1555.0,3.4659081666666665
120.08333333333333,1560.0,1.6477268333333333
120.16666666666667,1576.0,3.4659081666666665
120.25,1597.0,3.806817166666667
120.33333333333333,1621.0,2.670453833333333
120.5,1641.0,2.670453833333333
120.58333333333333,1633.0,3.4659081666666665
120.66666666666667,1615.0,3.522726333333334
120.75,1608.0,2.727272
120.75,1638.0,2.727272
120.91666666666667,1637.0,2.727272
120.91666666666667,1614.0,3.522726333333334
121.0,1556.0,3.522726333333334
121.0,1496.0,1.761363166666667
121.0,1519.0,1.761363166666667
121.0,1563.0,1.761363166666667
121.0,1582.0,1.761363166666667
121.08333333333333,1579.0,1.761363166666667
121.16666666666667,1598.0,3.693180833333334
121.25,1585.0,2.9545446666666666
121.33333333333333,1539.0,3.522726333333334
121.5,1453.0,3.522726333333334
121.58333333333333,1450.0,3.9204535000000003
121.58333333333333,1472.0,3.522726333333334
121.66666666666667,1508.0,1.5909086666666667
121.66666666666667,1602.0,1.5909086666666667
121.83333333333333,1569.0,1.6477268333333333
121.91666666666667,1580.0,3.693180833333334
122.0,1618.0,3.352271833333334
122.0,1648.0,2.670453833333333
122.08333333333333,1648.0,1.761363166666667
122.08333333333333,1654.0,1.761363166666667
122.08333333333333,1604.0,1.761363166666667
122.08333333333333,1600.0,1.761363166666667
122.16666666666667,1624.0,1.761363166666667
122.25,1640.0,0.6249998333333333
122.25,1603.0,3.522726333333334
122.33333333333333,1572.0,1.5909086666666667
122.5,1581.0,3.4659081666666665
122.58333333333333,1612.0,3.5795445000000004
122.66666666666667,1614.0,3.2386355
122.75,1563.0,3.2954536666666665
122.83333333333333,1485.0,3.40909
122.91666666666667,1459.0,3.40909
122.91666666666667,1406.0,3.40909
123.0,1406.0,3.40909
123.08333333333333,1594.0,1.0227270000000002
123.16666666666667,1683.0,3.0113628333333335
123.25,1707.0,3.4659081666666665
123.25,1678.0,3.4659081666666665
123.25,1625.0,3.4659081666666665
123.25,1566.0,3.4659081666666665
123.25,1569.0,3.4659081666666665
123.33333333333333,1627.0,0.5681816666666667
123.41666666666667,1678.0,3.40909
123.41666666666667,1729.0,3.40909
123.41666666666667,1693.0,3.40909
123.58333333333333,1576.0,3.40909
123.66666666666667,1542.0,3.522726333333334
123.75,1549.0,3.2954536666666665
123.75,1584.0,3.2954536666666665
123.83333333333333,1693.0,1.5340905
123.83333333333333,1765.0,1.5340905
123.91666666666667,1756.0,1.5340905
124.0,1739.0,1.1363633333333334
124.08333333333333,1750.0,3.5795445000000004
124.16666666666667,1761.0,2.8977265
124.33333333333333,1774.0,2.8977265
124.33333333333333,1781.0,3.5795445000000004
124.33333333333333,1737.0,3.5795445000000004
124.41666666666667,1555.0,3.5795445000000004
124.5,1476.0,3.693180833333334
124.58333333333333,1476.0,3.40909
124.58333333333333,1471.0,3.40909
124.58333333333333,1475.0,3.40909
124.66666666666667,1545.0,3.40909
124.75,1559.0,3.693180833333334
124.83333333333333,1572.0,3.352271833333334
125.0,1604.0,3.352271833333334
125.0,1659.0,3.4659081666666665
125.08333333333333,1761.0,3.4659081666666665
125.16666666666667,1807.0,1.4204541666666668
125.25,1769.0,3.1818173333333335
125.33333333333333,1641.0,2.8409083333333336
125.41666666666667,1423.0,3.40909
125.41666666666667,1334.0,3.40909
125.5,1318.0,1.6477268333333333
125.66666666666667,1350.0,2.7840901666666666
125.66666666666667,1382.0,3.068181
125.75,1579.0,3.068181
125.83333333333333,1679.0,1.5909086666666667
125.91666666666667,1765.0,3.1818173333333335
126.0,1814.0,2.9545446666666666
126.0,1701.0,2.9545446666666666
126.08333333333333,1655.0,1.4772723333333333
126.16666666666667,1650.0,3.2386355
126.33333333333333,1642.0,3.352271833333334
126.41666666666667,1572.0,3.5795445000000004
126.5,1466.0,3.1249991666666666
126.5,1463.0,3.1818173333333335
126.5,1480.0,3.1818173333333335
126.58333333333333,1500.0,3.1818173333333335
126.66666666666667,1468.0,3.1818173333333335
126.75,1423.0,3.352271833333334
126.83333333333333,1469.0,3.0113628333333335
126.83333333333333,1568.0,3.0113628333333335
126.91666666666667,1584.0,1.4772723333333333
127.0,1565.0,3.068181
127.08333333333333,1605.0,3.0113628333333335
127.16666666666667,1680.0,2.6136356666666667
127.16666666666667,1731.0,2.6136356666666667
127.16666666666667,1675.0,2.6136356666666667
127.25,1636.0,2.6136356666666667
127.25,1626.0,0.7954543333333334
127.25,1649.0,0.7954543333333334
127.33333333333333,1649.0,0.7954543333333334
127.41666666666667,1673.0,3.0113628333333335
127.5,1665.0,3.0113628333333335
127.58333333333333,1674.0,3.0113628333333335
127.58333333333333,1701.0,3.0113628333333335
127.58333333333333,1746.0,3.0113628333333335
127.58333333333333,1748.0,3.0113628333333335
127.66666666666667,1737.0,0.7386361666666666
127.75,1759.0,3.4659081666666665
127.75,1763.0,3.4659081666666665
127.83333333333333,1765.0,1.4204541666666668
128.0,1777.0,2.8409083333333336
128.08333333333334,1742.0,3.1249991666666666
128.08333333333334,1586.0,2.7840901666666666
128.08333333333334,1531.0,2.7840901666666666
128.16666666666666,1539.0,2.7840901666666666
128.25,1578.0,0.9659088333333334
128.33333333333334,1689.0,3.068181
128.41666666666666,1838.0,3.40909
128.5,1841.0,2.4431811666666667
128.58333333333334,1815.0,3.7499990000000003
128.66666666666666,1842.0,2.727272
128.75,1831.0,3.0113628333333335
128.83333333333334,1752.0,2.670453833333333
128.91666666666666,1761.0,3.2954536666666665
129.0,1732.0,2.8977265
129.08333333333334,1722.0,2.9545446666666666
129.16666666666666,1742.0,3.1249991666666666
129.16666666666666,1775.0,3.1249991666666666
129.25,1774.0,1.363636
129.33333333333334,1783.0,3.068181
129.41666666666666,1796.0,3.0113628333333335
129.5,1923.0,2.7840901666666666
129.5,1895.0,2.7840901666666666
129.58333333333334,1872.0,1.363636
129.58333333333334,1924.0,1.363636
129.58333333333334,2068.0,1.363636
129.66666666666666,2086.0,0.9659088333333334
129.75,2082.0,3.40909
129.83333333333334,2075.0,2.8409083333333336
129.83333333333334,2020.0,2.8409083333333336
129.83333333333334,1970.0,2.8409083333333336
129.91666666666666,1946.0,0.9659088333333334
130.0,1946.0,2.7840901666666666
130.08333333333334,1946.0,2.7840901666666666
130.16666666666666,1849.0,2.9545446666666666
130.25,1838.0,2.4999993333333332
130.33333333333334,1928.0,2.727272
130.33333333333334,2011.0,2.727272
130.33333333333334,2097.0,2.727272
130.41666666666666,2206.0,0.9659088333333334
130.5,2207.0,2.5568175
130.5,2163.0,2.5568175
130.58333333333334,2128.0,1.363636
130.66666666666666,2112.0,1.363636
130.75,2066.0,3.352271833333334
130.83333333333334,2079.0,3.352271833333334
130.83333333333334,2132.0,2.4999993333333332
130.83333333333334,2132.0,2.4999993333333332
130.91666666666666,2059.0,2.4999993333333332
131.0,1997.0,0.8522725
131.0,1990.0,2.670453833333333
131.0,1969.0,2.670453833333333
131.08333333333334,1899.0,1.1931815000000001
131.16666666666666,1900.0,3.2386355
131.25,1921.0,2.670453833333333
131.33333333333334,1912.0,2.670453833333333
131.41666666666666,1854.0,2.2159085000000003
131.5,1859.0,2.8409083333333336
131.58333333333334,1898.0,2.4431811666666667
131.58333333333334,1967.0,2.3863630000000002
131.58333333333334,1976.0,2.3863630000000002
131.66666666666666,1887.0,2.3863630000000002
131.75,1842.0,3.2386355
131.83333333333334,1868.0,3.2386355
131.91666666666666,1871.0,2.3863630000000002
131.91666666666666,1844.0,2.3863630000000002
131.91666666666666,1851.0,2.3863630000000002
132.0,1870.0,1.1363633333333334
132.08333333333334,1851.0,1.1363633333333334
132.16666666666666,1843.0,2.102272166666667
132.25,1801.0,2.5568175
132.25,1734.0,2.2159085000000003
132.25,1718.0,2.2159085000000003
132.25,1712.0,2.2159085000000003
132.33333333333334,1712.0,2.2159085000000003
132.33333333333334,1695.0,0.7386361666666666
132.33333333333334,1638.0,0.7386361666666666
132.41666666666666,1580.0,1.1363633333333334
132.41666666666666,1605.0,1.1363633333333334
132.41666666666666,1627.0,1.1363633333333334
132.41666666666666,1668.0,1.1363633333333334
132.5,1636.0,0.681818
132.58333333333334,1559.0,0.681818
132.58333333333334,1493.0,1.8749995000000002
132.66666666666666,1504.0,2.3863630000000002
132.75,1560.0,2.3863630000000002
132.75,1630.0,1.761363166666667
132.83333333333334,1704.0,1.9886358333333334
132.91666666666666,1745.0,1.9886358333333334
132.91666666666666,1731.0,1.8181813333333334
132.91666666666666,1687.0,1.8181813333333334
133.0,1641.0,1.8181813333333334
133.0,1608.0,0.9659088333333334
133.0,1670.0,0.9659088333333334
133.08333333333334,1768.0,0.9659088333333334
133.08333333333334,1842.0,0.9090906666666667
133.16666666666666,1848.0,2.102272166666667
133.25,1811.0,2.102272166666667
133.25,1841.0,2.0454540000000003
133.33333333333334,1874.0,1.704545
133.41666666666666,1916.0,1.704545
133.41666666666666,1989.0,1.9886358333333334
133.5,2045.0,1.6477268333333333
133.5,2039.0,1.6477268333333333
133.5,2153.0,1.6477268333333333
133.58333333333334,2195.0,1.6477268333333333
133.66666666666666,2188.0,0.8522725
133.66666666666666,2177.0,2.2159085000000003
133.66666666666666,2126.0,2.2159085000000003
133.66666666666666,2055.0,2.2159085000000003
133.75,2034.0,0.8522725
133.83333333333334,2051.0,0.8522725
133.83333333333334,2009.0,1.6477268333333333
133.91666666666666,1952.0,1.6477268333333333
133.91666666666666,1921.0,1.761363166666667
134.0,1995.0,1.6477268333333333
134.0,2028.0,1.6477268333333333
134.08333333333334,2028.0,1.5340905
134.16666666666666,2036.0,2.1590903333333333
134.16666666666666,2097.0,2.1590903333333333
134.25,2142.0,1.704545
134.25,2101.0,1.704545
134.33333333333334,2061.0,1.4204541666666668
134.41666666666666,2037.0,1.4204541666666668
134.41666666666666,2047.0,1.8181813333333334
134.5,2000.0,1.6477268333333333
134.58333333333334,1994.0,1.6477268333333333
134.58333333333334,2033.0,1.8181813333333334
134.66666666666666,2057.0,1.8181813333333334
134.66666666666666,2046.0,1.6477268333333333
134.75,2054.0,1.6477268333333333
134.75,2071.0,1.6477268333333333
134.83333333333334,2072.0,1.6477268333333333
134.83333333333334,2076.0,1.6477268333333333
134.83333333333334,2097.0,1.6477268333333333
134.91666666666666,2084.0,1.6477268333333333
134.91666666666666,2069.0,0.7954543333333334
135.0,2057.0,0.7954543333333334
135.0,2062.0,1.5340905
135.08333333333334,2089.0,1.5909086666666667
135.08333333333334,2135.0,1.5909086666666667
135.08333333333334,2223.0,1.5909086666666667
135.08333333333334,2213.0,1.5909086666666667
135.16666666666666,2189.0,0.7386361666666666
135.16666666666666,2168.0,0.7386361666666666
135.16666666666666,2120.0,0.7386361666666666
135.16666666666666,2096.0,0.7386361666666666
135.16666666666666,2031.0,0.7386361666666666
135.25,2075.0,0.7386361666666666
135.25,2074.0,0.5113635000000001
135.25,2062.0,0.5113635000000001
135.33333333333334,2141.0,1.2499996666666666
135.41666666666666,2212.0,1.2499996666666666
135.41666666666666,2340.0,1.8181813333333334
135.5,2427.0,1.8181813333333334
135.5,2430.0,1.363636
135.58333333333334,2356.0,1.704545
135.58333333333334,2303.0,1.704545
135.66666666666666,2300.0,1.5340905
135.66666666666666,2304.0,1.5340905
135.75,2304.0,1.5340905
135.75,2262.0,1.5340905
135.83333333333334,2229.0,1.5340905
135.83333333333334,2135.0,1.2499996666666666
135.91666666666666,2064.0,1.8749995000000002
135.91666666666666,2039.0,1.8749995000000002
136.0,2065.0,1.363636
136.0,2153.0,1.363636
136.08333333333334,2231.0,1.4204541666666668
136.16666666666666,2290.0,1.4204541666666668
136.16666666666666,2266.0,1.761363166666667
136.25,2163.0,1.761363166666667
136.25,2144.0,1.5340905
136.33333333333334,2140.0,1.5340905
136.33333333333334,2126.0,1.363636
136.41666666666666,2059.0,1.363636
136.41666666666666,2038.0,1.363636
136.5,2008.0,1.363636
136.5,1984.0,1.4772723333333333
136.58333333333334,2051.0,1.4772723333333333
136.58333333333334,2125.0,1.2499996666666666
136.58333333333334,2159.0,1.2499996666666666
136.66666666666666,2179.0,1.363636
136.66666666666666,2205.0,1.363636
136.75,2232.0,1.1931815000000001
136.75,2265.0,1.1931815000000001
136.83333333333334,2249.0,1.5340905
136.83333333333334,2258.0,1.5340905
136.91666666666666,2266.0,1.5340905
136.91666666666666,2292.0,1.2499996666666666
137.0,2317.0,1.2499996666666666
137.0,2336.0,1.363636
137.08333333333334,2343.0,1.363636
137.08333333333334,2284.0,1.363636
137.08333333333334,2261.0,1.363636
137.16666666666666,2322.0,1.363636
137.16666666666666,2362.0,1.0227270000000002
137.25,2335.0,1.0227270000000002
137.25,2316.0,1.4772723333333333
137.33333333333334,2350.0,1.4772723333333333
137.33333333333334,2473.0,1.3068178333333333
137.41666666666666,2526.0,1.3068178333333333
137.41666666666666,2526.0,1.2499996666666666
137.41666666666666,2516.0,1.2499996666666666
137.5,2543.0,1.1363633333333334
137.5,2484.0,1.1363633333333334
137.58333333333334,2415.0,1.1363633333333334
137.58333333333334,2330.0,1.1363633333333334
137.58333333333334,2287.0,1.1363633333333334
137.66666666666666,2285.0,1.1931815000000001
137.66666666666666,2376.0,1.1931815000000001
137.75,2364.0,1.1931815000000001
137.75,2332.0,1.0795451666666667
137.75,2348.0,1.0795451666666667
137.83333333333334,2420.0,1.0795451666666667
137.83333333333334,2467.0,1.0795451666666667
137.83333333333334,2505.0,1.0795451666666667
137.91666666666666,2504.0,1.0795451666666667
137.91666666666666,2412.0,1.0795451666666667
138.0,2296.0,1.0795451666666667
138.0,2337.0,1.1363633333333334
138.0,2338.0,1.1363633333333334
138.08333333333334,2319.0,1.0795451666666667
138.08333333333334,2364.0,1.0795451666666667
138.08333333333334,2303.0,1.0795451666666667
138.16666666666666,2262.0,0.9659088333333334
138.16666666666666,2275.0,0.9659088333333334
138.16666666666666,2339.0,0.9659088333333334
138.25,2379.0,0.9659088333333334
138.25,2363.0,0.9659088333333334
138.25,2374.0,0.9659088333333334
138.33333333333334,2365.0,0.9659088333333334
138.33333333333334,2269.0,0.9659088333333334
138.41666666666666,2346.0,0.9659088333333334
138.41666666666666,2397.0,0.9659088333333334
138.41666666666666,2336.0,0.9659088333333334
138.41666666666666,2173.0,0.9659088333333334
138.5,2238.0,0.8522725
138.5,2322.0,0.8522725
138.5,2300.0,0.8522725
138.58333333333334,2276.0,0.8522725
138.58333333333334,2232.0,0.8522725
138.58333333333334,2190.0,0.8522725
138.66666666666666,2182.0,0.8522725
138.66666666666666,2182.0,0.9090906666666667
138.66666666666666,2182.0,0.9090906666666667
138.66666666666666,2169.0,0.9090906666666667
138.75,2106.0,0.7954543333333334
138.75,2010.0,0.7954543333333334
138.75,1978.0,0.7954543333333334
138.75,1952.0,0.7954543333333334
138.83333333333334,1887.0,0.7386361666666666
138.83333333333334,1841.0,0.7386361666666666
138.83333333333334,1780.0,0.7386361666666666
138.83333333333334,1688.0,0.7386361666666666
138.91666666666666,1447.0,0.7386361666666666
138.91666666666666,1243.0,0.6249998333333333
138.91666666666666,1024.0,0.6249998333333333
138.91666666666666,804.0,0.6249998333333333
138.91666666666666,655.0,0.6249998333333333
138.91666666666666,524.0,0.6249998333333333
138.91666666666666,391.0,0.6249998333333333
138.91666666666666,298.0,0.6249998333333333
138.91666666666666,268.0,0.6249998333333333
138.91666666666666,254.0,0.6249998333333333
138.91666666666666,227.0,0.6249998333333333
138.91666666666666,207.0,0.6249998333333333
138.91666666666666,168.0,0.6249998333333333
138.91666666666666,70.0,0.6249998333333333
138.91666666666666,10.0,0.6249998333333333
138.91666666666666,0.0,0.6249998333333333
138.91666666666666,2.0,0.6249998333333333
138.91666666666666,32.0,0.6249998333333333
138.91666666666666,131.0,0.6249998333333333
138.91666666666666,337.0,0.6249998333333333
138.91666666666666,545.0,0.6249998333333333
138.91666666666666,731.0,0.6249998333333333
138.91666666666666,1010.0,0.6249998333333333
138.91666666666666,1181.0,0.6249998333333333
138.91666666666666,1299.0,0.6249998333333333
138.91666666666666,1414.0,0.6249998333333333
138.91666666666666,1576.0,0.6249998333333333
138.91666666666666,1789.0,0.6249998333333333
138.91666666666666,1920.0,0.6249998333333333
138.91666666666666,2020.0,0.6249998333333333
138.91666666666666,2110.0,0.6249998333333333
138.91666666666666,2241.0,0.6249998333333333
138.91666666666666,2250.0,0.6249998333333333
138.91666666666666,2250.0,0.6249998333333333
138.91666666666666,2304.0,0.6249998333333333
138.91666666666666,2287.0,0.6249998333333333
138.91666666666666,2237.0,0.6249998333333333
138.91666666666666,2214.0,0.6249998333333333
138.91666666666666,2221.0,0.6249998333333333
138.91666666666666,2239.0,0.6249998333333333
138.91666666666666,2301.0,0.6249998333333333
138.91666666666666,2374.0,0.6249998333333333
138.91666666666666,2382.0,0.6249998333333333
138.91666666666666,2378.0,0.6249998333333333
138.91666666666666,2391.0,0.6249998333333333
138.91666666666666,2476.0,0.6249998333333333
138.91666666666666,2482.0,0.6249998333333333
138.91666666666666,2481.0,0.6249998333333333
138.91666666666666,2491.0,0.6249998333333333
138.91666666666666,2528.0,0.6249998333333333
138.91666666666666,2557.0,0.6249998333333333
138.91666666666666,2582.0,0.6249998333333333
138.91666666666666,2609.0,0.6249998333333333
138.91666666666666,2647.0,0.6249998333333333
138.91666666666666,2705.0,0.0
138.91666666666666,2706.0,0.0
138.91666666666666,2697.0,0.0
138.91666666666666,2696.0,0.0
138.91666666666666,2733.0,0.0
138.91666666666666,2721.0,0.0
138.91666666666666,2697.0,0.0
138.91666666666666,2697.0,0.0
138.91666666666666,2667.0,0.0
138.91666666666666,2658.0,0.0
138.91666666666666,2672.0,0.0
138.91666666666666,2719.0,0.0
138.91666666666666,2757.0,0.0
138.91666666666666,2777.0,0.0
138.91666666666666,2724.0,0.0
138.91666666666666,2679.0,0.0
138.91666666666666,2670.0,0.0
138.91666666666666,2650.0,0.0
138.91666666666666,2630.0,0.0
138.91666666666666,2628.0,0.0
138.91666666666666,2623.0,0.0
138.91666666666666,2623.0,0.0
138.91666666666666,2625.0,0.0
138.91666666666666,2638.0,0.0
138.91666666666666,2644.0,0.0
138.91666666666666,2648.0,0.0
138.91666666666666,2641.0,0.0
138.91666666666666,2601.0,0.0
138.91666666666666,2480.0,0.0
138.91666666666666,2368.0,0.0
138.91666666666666,2282.0,0.0
138.91666666666666,2169.0,0.0
138.91666666666666,1937.0,0.0
138.91666666666666,1696.0,0.0
138.91666666666666,1375.0,0.0
138.91666666666666,1022.0,0.0
138.91666666666666,624.0,0.0
138.91666666666666,322.0,0.0
138.91666666666666,184.0,0.0
138.91666666666666,121.0,0.0
138.91666666666666,86.0,0.0
138.91666666666666,64.0,0.0
138.91666666666666,45.0,0.0
138.91666666666666,23.0,0.0
138.91666666666666,0.0,0.0
138.91666666666666,0.0,0.0
138.91666666666666,0.0,0.0
138.91666666666666,0.0,0.0
138.91666666666666,0.0,0.0
138.91666666666666,0.0,0.0
138.91666666666666,0.0,0.0
138.91666666666666,0.0,0.0
138.91666666666666,0.0,0.0
138.91666666666666,0.0,0.0
138.91666666666666,0.0,0.0
138.91666666666666,0.0,0.0
138.91666666666666,0.0,0.0
138.91666666666666,0.0,0.0
138.91666666666666,0.0,0.0
138.91666666666666,0.0,0.0
138.91666666666666,0.0,0.0
138.91666666666666,0.0,0.0
138.91666666666666,0.0,0.0
138.91666666666666,0.0,0.0
138.91666666666666,0.0,0.0
138.91666666666666,0.0,0.0
138.91666666666666,0.0,0.0
138.91666666666666,0.0,0.0
138.91666666666666,0.0,0.0
138.91666666666666,0.0,0.0
138.91666666666666,0.0,0.0
138.91666666666666,0.0,0.0
138.91666666666666,0.0,0.0
138.91666666666666,0.0,0.0
138.91666666666666,0.0,0.0
138.91666666666666,0.0,0.0
138.91666666666666,0.0,0.0
138.91666666666666,0.0,0.0
138.91666666666666,0.0,0.0
138.91666666666666,0.0,0.0
138.91666666666666,0.0,0.0
138.91666666666666,0.0,0.0
138.91666666666666,0.0,0.0
138.91666666666666,0.0,0.0
138.91666666666666,0.0,0.0
138.91666666666666,0.0,0.0
138.91666666666666,0.0,0.0
138.91666666666666,0.0,0.0
138.91666666666666,0.0,0.0
138.91666666666666,0.0,0.0
138.91666666666666,0.0,0.0
138.91666666666666,0.0,0.0
138.91666666666666,0.0,0.0
138.91666666666666,0.0,0.0
138.91666666666666,0.0,0.0
138.91666666666666,0.0,0.0
138.91666666666666,0.0,0.0
138.91666666666666,0.0,0.0
138.91666666666666,0.0,0.0
138.91666666666666,0.0,0.0
138.91666666666666,0.0,0.0
138.91666666666666,0.0,0.0
138.91666666666666,0.0,0.0
138.91666666666666,0.0,0.0
138.91666666666666,0.0,0.0
138.91666666666666,0.0,0.0
138.91666666666666,0.0,0.0
138.91666666666666,0.0,0.0
138.91666666666666,0.0,0.0
138.91666666666666,0.0,0.0
138.91666666666666,0.0,0.0
138.91666666666666,0.0,0.0
138.91666666666666,0.0,0.0
138.91666666666666,0.0,0.0
138.91666666666666,0.0,0.0
138.91666666666666,0.0,0.0
138.91666666666666,0.0,0.0
138.91666666666666,0.0,0.0
138.91666666666666,0.0,0.0
138.91666666666666,0.0,0.0
138.91666666666666,0.0,0.0
138.91666666666666,0.0,0.0
138.91666666666666,0.0,0.0
138.91666666666666,0.0,0.0
138.91666666666666,0.0,0.0
138.91666666666666,0.0,0.0
138.91666666666666,0.0,0.0
138.91666666666666,0.0,0.0
138.91666666666666,0.0,0.0
138.91666666666666,0.0,0.0
138.91666666666666,0.0,0.0
138.91666666666666,0.0,0.0
138.91666666666666,0.0,0.0
138.91666666666666,0.0,0.0
138.91666666666666,0.0,0.0
138.91666666666666,0.0,0.0
138.91666666666666,0.0,0.0
138.91666666666666,0.0,0.0
138.91666666666666,0.0,0.0
138.91666666666666,0.0,0.0
138.91666666666666,0.0,0.0
138.91666666666666,0.0,0.0
138.91666666666666,0.0,0.0
138.91666666666666,0.0,0.0
138.91666666666666,0.0,0.0
138.91666666666666,0.0,0.0
138.91666666666666,0.0,0.0
138.91666666666666,0.0,0.0
138.91666666666666,0.0,0.0
138.91666666666666,0.0,0.0
138.91666666666666,0.0,0.0
138.91666666666666,0.0,0.0
138.91666666666666,0.0,0.0
138.91666666666666,0.0,0.0
138.91666666666666,0.0,0.0
138.91666666666666,0.0,0.0
138.91666666666666,0.0,0.0
138.91666666666666,0.0,0.0
138.91666666666666,0.0,0.0
138.91666666666666,0.0,0.0
138.91666666666666,0.0,0.0
138.91666666666666,0.0,0.0
138.91666666666666,0.0,0.0
138.91666666666666,0.0,0.0
138.91666666666666,0.0,0.0
138.91666666666666,0.0,0.0
138.91666666666666,0.0,0.0
138.91666666666666,0.0,0.0
138.91666666666666,0.0,0.0
138.91666666666666,0.0,0.0
138.91666666666666,0.0,0.0
138.91666666666666,0.0,0.0
138.91666666666666,0.0,0.0
138.91666666666666,0.0,0.0
138.91666666666666,0.0,0.0
138.91666666666666,0.0,0.0
138.91666666666666,0.0,0.0
138.91666666666666,0.0,0.0
138.91666666666666,0.0,0.0
138.91666666666666,0.0,0.0
138.91666666666666,0.0,0.0
138.91666666666666,0.0,0.0
138.91666666666666,0.0,0.0
138.91666666666666,0.0,0.0
138.91666666666666,0.0,0.0
138.91666666666666,0.0,0.0
138.91666666666666,0.0,0.0
138.91666666666666,0.0,0.0
138.91666666666666,0.0,0.0
138.91666666666666,0.0,0.0
138.91666666666666,0.0,0.0
138.91666666666666,0.0,0.0
138.91666666666666,0.0,0.0
138.91666666666666,0.0,0.0
138.91666666666666,0.0,0.0
138.91666666666666,0.0,0.0
138.91666666666666,0.0,0.0
138.91666666666666,0.0,0.0
138.91666666666666,0.0,0.0
138.91666666666666,0.0,0.0
138.91666666666666,0.0,0.0
138.91666666666666,0.0,0.0
138.91666666666666,0.0,0.0
138.91666666666666,0.0,0.0
138.91666666666666,0.0,0.0
138.91666666666666,0.0,0.0
138.91666666666666,0.0,0.0
138.91666666666666,0.0,0.0
138.91666666666666,0.0,0.0
