0.0,0.0,0.0
0.0,0.0,0.0
0.0,0.0,0.0
0.0,0.0,0.0
0.0,0.0,0.0
0.0,0.0,0.0
0.0,0.0,0.0
0.0,0.0,0.0
0.0,0.0,0.0
0.0,0.0,0.0
0.0,0.0,0.0
0.0,0.0,0.0
0.0,0.0,0.0
0.0,0.0,0.0
0.0,0.0,0.0
0.0,0.0,0.0
0.0,0.0,0.0
0.0,0.0,0.0
0.0,0.0,0.0
0.0,0.0,0.0
0.0,0.0,0.0
0.0,0.0,0.0
0.0,0.0,0.0
0.0,0.0,0.0
0.0,0.0,0.0
0.0,0.0,0.0
0.0,0.0,0.0
0.0,0.0,0.0
0.0,0.0,0.0
0.0,0.0,0.0
0.0,0.0,0.0
0.0,0.0,0.0
0.0,0.0,0.0
0.0,0.0,0.0
0.0,0.0,0.0
0.0,0.0,0.0
0.0,0.0,0.0
0.0,0.0,0.0
0.0,0.0,0.0
0.0,0.0,0.0
0.0,0.0,0.0
0.0,0.0,0.0
0.0,0.0,0.0
0.0,0.0,0.0
0.0,0.0,0.0
0.0,0.0,0.0
0.0,0.0,0.0
0.0,0.0,0.0
0.0,0.0,0.0
0.0,0.0,0.0
0.0,0.0,0.0
0.0,0.0,0.0
0.0,0.0,0.0
0.0,0.0,0.0
0.0,0.0,0.0
0.0,0.0,0.0
0.0,0.0,0.0
0.0,0.0,0.0
0.0,0.0,0.0
0.0,0.0,0.0
0.0,0.0,0.0
0.0,0.0,0.0
0.0,0.0,0.0
0.0,0.0,0.0
0.0,0.0,0.0
0.0,0.0,0.0
0.0,0.0,0.0
0.0,0.0,0.0
0.0,0.0,0.0
0.0,0.0,0.0
0.0,0.0,0.0
0.0,0.0,0.0
0.0,0.0,0.0
0.0,0.0,0.0
0.0,0.0,0.0
0.0,0.0,0.0
0.0,0.0,0.0
0.0,0.0,0.0
0.0,0.0,0.0
0.0,0.0,0.0
0.0,0.0,0.0
0.0,0.0,0.0
0.0,0.0,0.0
0.0,0.0,0.0
0.0,0.0,0.0
0.0,0.0,0.0
0.0,0.0,0.0
0.0,0.0,0.0
0.0,0.0,0.0
0.0,0.0,0.0
0.0,0.0,0.0
0.0,0.0,0.0
0.0,0.0,0.0
0.0,0.0,0.0
0.0,0.0,0.0
0.0,0.0,0.0
0.0,0.0,0.0
0.0,0.0,0.0
0.0,0.0,0.0
0.0,0.0,0.0
0.0,0.0,0.0
0.0,0.0,0.0
0.0,0.0,0.0
0.0,0.0,0.0
0.0,0.0,0.0
0.0,0.0,0.0
0.0,0.0,0.0
0.0,0.0,0.0
0.0,0.0,0.0
0.0,0.0,0.0
0.0,0.0,0.0
0.0,0.0,0.0
0.0,0.0,0.0
0.0,0.0,0.0
0.0,0.0,0.0
0.0,0.0,0.0
0.0,0.0,0.0
0.0,0.0,0.0
0.0,0.0,0.0
0.0,0.0,0.0
0.0,0.0,0.0
0.0,0.0,0.0
0.0,0.0,0.0
0.0,0.0,0.0
0.0,0.0,0.0
0.0,0.0,0.0
0.0,0.0,0.0
0.0,0.0,0.0
0.0,0.0,0.0
0.0,0.0,0.0
0.0,0.0,0.0
0.0,0.0,0.0
0.0,0.0,0.0
0.0,0.0,0.0
0.0,0.0,0.0
0.0,0.0,0.0
0.0,0.0,0.0
0.0,0.0,0.0
0.0,0.0,0.0
0.0,0.0,0.0
0.0,0.0,0.0
0.0,0.0,0.0
0.0,0.0,0.0
0.0,0.0,0.0
0.0,0.0,0.0
0.0,0.0,0.0
0.0,0.0,0.0
0.0,0.0,0.0
0.0,0.0,0.0
0.0,0.0,0.0
0.0,0.0,0.0
0.0,0.0,0.0
0.0,0.0,0.0
0.0,0.0,0.0
0.0,0.0,0.0
0.0,0.0,0.0
0.0,0.0,0.0
0.0,0.0,0.0
0.0,0.0,0.0
0.0,0.0,0.0
0.0,0.0,0.0
0.0,0.0,0.0
0.0,0.0,0.0
0.0,0.0,0.0
0.0,0.0,0.0
0.0,0.0,0.0
0.0,0.0,0.0
0.0,0.0,0.0
0.0,0.0,0.0
0.0,0.0,0.0
0.0,0.0,0.0
0.0,0.0,0.0
0.0,0.0,0.0
0.0,0.0,0.0
0.0,0.0,0.0
0.0,0.0,0.0
0.0,0.0,0.0
0.0,0.0,0.0
0.0,0.0,0.0
0.0,0.0,0.0
0.0,0.0,0.0
0.0,0.0,0.0
0.0,0.0,0.0
0.0,0.0,0.0
0.0,0.0,0.0
0.0,0.0,0.0
0.0,0.0,0.0
0.0,0.0,0.0
0.0,0.0,0.0
0.0,0.0,0.0
0.0,0.0,0.0
0.0,0.0,0.0
0.0,0.0,0.0
0.0,0.0,0.0
0.0,0.0,0.0
0.0,0.0,0.0
0.0,0.0,0.0
0.0,0.0,0.0
0.0,0.0,0.0
0.0,0.0,0.0
0.0,0.0,0.0
0.0,0.0,0.0
0.0,0.0,0.0
0.0,0.0,0.0
0.0,0.0,0.0
0.0,0.0,0.0
0.0,0.0,0.0
0.0,0.0,0.0
0.0,0.0,0.0
0.0,0.0,0.0
0.0,0.0,0.0
0.0,0.0,0.0
0.0,0.0,0.0
0.0,0.0,0.0
0.0,0.0,0.0
0.0,0.0,0.0
0.0,0.0,0.0
0.0,0.0,0.0
0.0,0.0,0.0
0.0,0.0,0.0
0.0,0.0,0.0
0.0,0.0,0.0
0.0,0.0,0.0
0.0,0.0,0.0
0.0,0.0,0.0
0.0,0.0,0.0
0.0,0.0,0.0
0.0,0.0,0.0
0.0,0.0,0.0
0.0,0.0,0.0
0.0,0.0,0.0
0.0,0.0,0.0
0.0,0.0,0.0
0.0,0.0,0.0
0.0,0.0,0.0
0.0,0.0,0.0
0.0,0.0,0.0
0.0,0.0,0.0
0.0,0.0,0.0
0.0,0.0,0.0
0.0,0.0,0.0
0.0,0.0,0.0
0.0,0.0,0.0
0.0,0.0,0.0
0.0,0.0,0.0
0.0,0.0,0.0
0.0,0.0,0.0
0.0,0.0,0.0
0.0,0.0,0.0
0.0,0.0,0.0
0.0,0.0,0.0
0.0,0.0,0.0
0.0,0.0,0.0
0.0,0.0,0.0
0.0,0.0,0.0
0.0,0.0,0.0
0.0,0.0,0.0
0.0,0.0,0.0
0.0,0.0,0.0
0.0,0.0,0.0
0.0,0.0,0.0
0.0,0.0,0.0
0.0,0.0,0.0
0.0,0.0,0.0
0.0,0.0,0.0
0.0,0.0,0.0
0.0,0.0,0.0
0.0,0.0,0.0
0.0,0.0,0.0
0.0,0.0,0.0
0.0,0.0,0.0
0.0,0.0,0.0
0.0,0.0,0.0
0.0,0.0,0.0
0.0,0.0,0.0
0.0,0.0,0.0
0.0,0.0,0.0
0.0,0.0,0.0
0.0,0.0,0.0
0.0,0.0,0.0
0.0,0.0,0.0
0.0,0.0,0.0
0.0,0.0,0.0
0.0,0.0,0.0
0.0,0.0,0.0
0.0,0.0,0.0
0.0,0.0,0.0
0.0,0.0,0.0
0.0,0.0,0.0
0.0,0.0,0.0
0.0,0.0,0.0
0.0,0.0,0.0
0.0,0.0,0.0
0.0,0.0,0.0
0.0,0.0,0.0
0.0,0.0,0.0
0.0,0.0,0.0
0.0,0.0,0.0
0.0,0.0,0.0
0.0,0.0,0.0
0.0,0.0,0.0
0.0,0.0,0.0
0.0,0.0,0.0
0.0,0.0,0.0
0.0,0.0,0.0
0.0,0.0,0.0
0.0,0.0,0.0
0.0,0.0,0.0
0.0,0.0,0.0
0.0,0.0,0.0
0.0,0.0,0.0
0.0,0.0,0.0
0.0,0.0,0.0
0.0,0.0,0.0
0.0,0.0,0.0
0.0,0.0,0.0
0.0,0.0,0.0
0.0,0.0,0.0
0.0,0.0,0.0
0.0,0.0,0.0
0.0,0.0,0.0
0.0,0.0,0.0
0.0,0.0,0.0
0.0,0.0,0.0
0.0,0.0,0.0
0.0,0.0,0.0
0.0,0.0,0.0
0.0,0.0,0.0
0.0,0.0,0.0
0.0,0.0,0.0
0.0,0.0,0.0
0.0,0.0,0.0
0.0,0.0,0.0
0.0,0.0,0.0
0.0,0.0,0.0
0.0,0.0,0.0
0.0,0.0,0.0
0.0,0.0,0.0
0.0,0.0,0.0
0.0,0.0,0.0
0.0,0.0,0.0
0.0,0.0,0.0
0.0,0.0,0.0
0.0,0.0,0.0
0.0,0.0,0.0
0.0,0.0,0.0
0.0,0.0,0.0
0.0,0.0,0.0
0.0,0.0,0.0
0.0,0.0,0.0
0.0,0.0,0.0
0.0,0.0,0.0
0.0,0.0,0.0
0.0,0.0,0.0
0.0,0.0,0.0
0.0,0.0,0.0
0.0,0.0,0.0
0.0,0.0,0.0
0.0,0.0,0.0
0.0,0.0,0.0
0.0,0.0,0.0
0.0,0.0,0.0
0.0,0.0,0.0
0.0,0.0,0.0
0.0,0.0,0.0
0.0,0.0,0.0
0.0,0.0,0.0
0.0,0.0,0.0
0.0,0.0,0.0
0.0,0.0,0.0
0.0,0.0,0.0
0.0,0.0,0.0
0.0,0.0,0.0
0.0,0.0,0.0
0.0,0.0,0.0
0.0,0.0,0.0
0.0,0.0,0.0
0.0,0.0,0.0
0.0,0.0,0.0
0.0,0.0,0.0
0.0,0.0,0.0
0.0,0.0,0.0
0.0,0.0,0.0
0.0,0.0,0.0
0.0,0.0,0.0
0.0,0.0,0.0
0.0,0.0,0.0
0.0,0.0,0.0
0.0,0.0,0.0
0.0,0.0,0.0
0.0,0.0,0.0
0.0,0.0,0.0
0.0,0.0,0.0
0.0,0.0,0.0
0.0,0.0,0.0
0.0,0.0,0.0
0.0,0.0,0.0
0.0,0.0,0.0
0.0,0.0,0.0
0.0,0.0,0.0
0.0,0.0,0.0
0.0,0.0,0.0
0.0,0.0,0.0
0.0,0.0,0.0
0.0,0.0,0.0
0.0,0.0,0.0
0.0,0.0,0.0
0.0,0.0,0.0
0.0,0.0,0.0
0.0,0.0,0.0
0.0,0.0,0.0
0.0,0.0,0.0
0.0,0.0,0.0
0.0,0.0,0.0
0.0,0.0,0.0
0.0,0.0,0.0
0.0,0.0,0.0
0.0,0.0,0.0
0.0,0.0,0.0
0.0,0.0,0.0
0.0,0.0,0.0
0.0,0.0,0.0
0.0,0.0,0.0
0.0,0.0,0.0
0.0,0.0,0.0
0.0,0.0,0.0
0.0,0.0,0.0
0.0,0.0,0.0
0.0,0.0,0.0
0.0,0.0,0.0
0.0,0.0,0.0
0.0,0.0,0.0
0.0,0.0,0.0
0.0,0.0,0.0
0.0,0.0,0.0
0.0,0.0,0.0
0.0,0.0,0.0
0.0,853.0,0.0
0.0,3648.0,0.0
0.08333333333333333,4877.0,0.0
0.08333333333333333,4474.0,0.11363633333333334
0.08333333333333333,2974.0,0.11363633333333334
0.08333333333333333,1240.0,0.11363633333333334
0.08333333333333333,1651.0,0.11363633333333334
0.08333333333333333,2408.0,0.11363633333333334
0.08333333333333333,2680.0,0.11363633333333334
0.08333333333333333,2043.0,0.11363633333333334
0.08333333333333333,1919.0,0.11363633333333334
0.08333333333333333,1921.0,0.11363633333333334
0.08333333333333333,2073.0,0.11363633333333334
0.08333333333333333,1992.0,0.11363633333333334
0.08333333333333333,1812.0,0.11363633333333334
0.08333333333333333,1842.0,0.11363633333333334
0.08333333333333333,1887.0,0.11363633333333334
0.16666666666666666,1836.0,0.11363633333333334
0.16666666666666666,1699.0,0.11363633333333334
0.16666666666666666,1812.0,0.11363633333333334
0.16666666666666666,2011.0,0.11363633333333334
0.25,2069.0,0.7954543333333334
0.25,1836.0,0.7954543333333334
0.25,1638.0,0.7954543333333334
0.25,1636.0,0.7954543333333334
0.25,1738.0,0.7954543333333334
0.25,1743.0,0.7954543333333334
0.3333333333333333,1722.0,0.45454533333333336
0.3333333333333333,1803.0,0.45454533333333336
0.3333333333333333,1926.0,0.45454533333333336
0.4166666666666667,1987.0,1.0227270000000002
0.4166666666666667,1875.0,1.0227270000000002
0.5,1776.0,1.0227270000000002
0.5,1776.0,1.0795451666666667
0.5,1757.0,1.0795451666666667
0.5833333333333334,1739.0,1.0227270000000002
0.5833333333333334,1734.0,1.0227270000000002
0.5833333333333334,1723.0,1.0227270000000002
0.5833333333333334,1735.0,1.0227270000000002
0.5833333333333334,1734.0,1.0227270000000002
0.6666666666666666,1767.0,1.0227270000000002
0.6666666666666666,1925.0,0.5681816666666667
0.75,1968.0,0.5681816666666667
0.75,1934.0,1.3068178333333333
0.8333333333333334,1861.0,1.3068178333333333
0.8333333333333334,1853.0,1.3068178333333333
0.8333333333333334,1860.0,1.3068178333333333
0.9166666666666666,1851.0,1.2499996666666666
0.9166666666666666,1803.0,1.2499996666666666
1.0,1718.0,1.4204541666666668
1.0,1655.0,1.4204541666666668
1.0,1665.0,1.4204541666666668
1.0,1691.0,1.4204541666666668
1.0833333333333333,1691.0,0.681818
1.0833333333333333,1694.0,0.681818
1.1666666666666667,1698.0,1.4772723333333333
1.1666666666666667,1708.0,1.4772723333333333
1.1666666666666667,1701.0,1.4772723333333333
1.1666666666666667,1688.0,1.4772723333333333
1.1666666666666667,1673.0,1.4772723333333333
1.1666666666666667,1671.0,1.4772723333333333
1.1666666666666667,1694.0,1.4772723333333333
1.1666666666666667,1696.0,1.4772723333333333
1.1666666666666667,1664.0,1.4772723333333333
1.1666666666666667,1654.0,1.4772723333333333
1.1666666666666667,1647.0,1.4772723333333333
1.25,1625.0,0.28409083333333335
1.3333333333333333,1647.0,0.28409083333333335
1.3333333333333333,1685.0,1.8181813333333334
1.4166666666666667,1682.0,1.6477268333333333
1.4166666666666667,1680.0,1.6477268333333333
1.4166666666666667,1660.0,1.6477268333333333
1.5,1490.0,0.9659088333333334
1.5833333333333333,1433.0,0.9659088333333334
1.6666666666666667,1457.0,2.0454540000000003
1.6666666666666667,1499.0,2.0454540000000003
1.75,1499.0,2.0454540000000003
1.75,1481.0,2.0454540000000003
1.75,1491.0,2.0454540000000003
1.8333333333333333,1487.0,0.9659088333333334
1.8333333333333333,1495.0,0.9659088333333334
1.9166666666666667,1519.0,0.9659088333333334
1.9166666666666667,1566.0,1.0795451666666667
1.9166666666666667,1573.0,1.0795451666666667
1.9166666666666667,1546.0,1.0795451666666667
2.0,1519.0,0.8522725
2.0833333333333335,1490.0,0.8522725
2.0833333333333335,1426.0,2.102272166666667
2.0833333333333335,1368.0,2.102272166666667
2.1666666666666665,1313.0,1.1363633333333334
2.1666666666666665,1296.0,1.1363633333333334
2.25,1301.0,1.1931815000000001
2.25,1237.0,1.1931815000000001
2.25,1176.0,1.1931815000000001
2.3333333333333335,1129.0,1.1931815000000001
2.3333333333333335,1113.0,0.8522725
2.4166666666666665,1083.0,2.3863630000000002
2.5,992.0,2.5568175
2.5833333333333335,894.0,2.8977265
2.6666666666666665,844.0,2.6136356666666667
2.75,791.0,2.8977265
2.8333333333333335,700.0,2.3863630000000002
2.9166666666666665,562.0,3.2954536666666665
3.0,389.0,3.2954536666666665
3.0,291.0,2.102272166666667
3.0833333333333335,288.0,2.102272166666667
3.1666666666666665,276.0,1.4204541666666668
3.1666666666666665,226.0,2.272726666666667
3.25,150.0,2.3295448333333333
3.3333333333333335,147.0,2.8977265
3.4166666666666665,101.0,2.5568175
3.4166666666666665,80.0,2.5568175
3.5,34.0,2.5568175
3.5833333333333335,25.0,1.1363633333333334
3.5833333333333335,29.0,2.3863630000000002
3.6666666666666665,69.0,2.2159085000000003
3.6666666666666665,143.0,2.2159085000000003
3.6666666666666665,174.0,2.2159085000000003
3.75,174.0,2.2159085000000003
3.8333333333333335,141.0,0.7954543333333334
3.8333333333333335,103.0,2.3863630000000002
3.8333333333333335,93.0,2.3863630000000002
3.9166666666666665,165.0,1.1363633333333334
3.9166666666666665,125.0,1.1363633333333334
4.0,124.0,1.4204541666666668
4.083333333333333,40.0,2.4431811666666667
4.166666666666667,21.0,2.4431811666666667
4.25,94.0,2.4999993333333332
4.333333333333333,213.0,2.4999993333333332
4.333333333333333,280.0,2.2159085000000003
4.333333333333333,270.0,2.2159085000000003
4.416666666666667,264.0,1.2499996666666666
4.5,289.0,2.3295448333333333
4.583333333333333,286.0,2.3295448333333333
4.583333333333333,259.0,2.3863630000000002
4.583333333333333,274.0,2.3863630000000002
4.666666666666667,301.0,1.1931815000000001
4.75,313.0,2.3863630000000002
4.75,312.0,2.3863630000000002
4.833333333333333,249.0,2.3863630000000002
4.833333333333333,195.0,1.0795451666666667
4.916666666666667,193.0,2.1590903333333333
4.916666666666667,171.0,2.1590903333333333
4.916666666666667,114.0,2.1590903333333333
5.0,39.0,2.1590903333333333
5.0,43.0,0.7386361666666666
5.083333333333333,116.0,2.0454540000000003
5.166666666666667,208.0,2.0454540000000003
5.25,197.0,2.3295448333333333
5.25,142.0,2.4431811666666667
5.333333333333333,119.0,2.102272166666667
5.416666666666667,120.0,2.5568175
5.5,130.0,2.272726666666667
5.583333333333333,176.0,2.272726666666667
5.583333333333333,142.0,2.1590903333333333
5.666666666666667,121.0,2.1590903333333333
5.75,115.0,2.1590903333333333
5.833333333333333,157.0,2.1590903333333333
5.833333333333333,171.0,2.272726666666667
5.916666666666667,125.0,1.9318176666666669
6.0,81.0,2.6136356666666667
6.083333333333333,81.0,2.6136356666666667
6.166666666666667,40.0,1.8749995000000002
6.166666666666667,67.0,2.4431811666666667
6.25,135.0,2.102272166666667
6.333333333333333,179.0,2.102272166666667
6.416666666666667,180.0,2.2159085000000003
6.416666666666667,136.0,2.1590903333333333
6.5,58.0,2.102272166666667
6.5,28.0,2.102272166666667
6.583333333333333,21.0,2.102272166666667
6.583333333333333,10.0,1.0795451666666667
6.666666666666667,9.0,2.2159085000000003
6.75,1.0,2.272726666666667
6.833333333333333,1.0,2.272726666666667
6.833333333333333,10.0,1.8749995000000002
6.916666666666667,40.0,1.9886358333333334
7.0,66.0,1.9886358333333334
7.0,129.0,1.9318176666666669
7.083333333333333,192.0,2.272726666666667
7.166666666666667,206.0,2.272726666666667
7.166666666666667,223.0,1.8749995000000002
7.25,283.0,1.9886358333333334
7.333333333333333,302.0,2.0454540000000003
7.333333333333333,315.0,2.0454540000000003
7.416666666666667,318.0,1.704545
7.5,343.0,2.1590903333333333
7.5,424.0,2.1590903333333333
7.5,546.0,2.1590903333333333
7.583333333333333,555.0,0.9659088333333334
7.666666666666667,543.0,0.9659088333333334
7.666666666666667,538.0,1.8749995000000002
7.75,600.0,1.9886358333333334
7.75,699.0,1.9886358333333334
7.833333333333333,726.0,1.6477268333333333
7.916666666666667,573.0,1.6477268333333333
7.916666666666667,496.0,1.8749995000000002
8.0,536.0,1.8749995000000002
8.083333333333334,630.0,1.9318176666666669
8.083333333333334,662.0,1.9318176666666669
8.166666666666666,673.0,1.761363166666667
8.166666666666666,647.0,1.761363166666667
8.25,545.0,1.4772723333333333
8.333333333333334,532.0,1.4772723333333333
8.333333333333334,532.0,1.8749995000000002
8.333333333333334,539.0,1.8749995000000002
8.416666666666666,564.0,1.8749995000000002
8.416666666666666,552.0,0.9090906666666667
8.5,455.0,1.761363166666667
8.5,455.0,1.761363166666667
8.583333333333334,336.0,1.3068178333333333
8.583333333333334,328.0,1.3068178333333333
8.583333333333334,416.0,1.3068178333333333
8.666666666666666,455.0,1.3068178333333333
8.666666666666666,472.0,0.8522725
8.75,457.0,0.8522725
8.75,424.0,1.363636
8.833333333333334,395.0,1.363636
8.833333333333334,384.0,1.5340905
8.916666666666666,398.0,1.5340905
8.916666666666666,479.0,1.4772723333333333
9.0,595.0,1.4772723333333333
9.0,701.0,1.4204541666666668
9.0,700.0,1.4204541666666668
9.0,702.0,1.4204541666666668
9.0,693.0,1.4204541666666668
9.0,758.0,1.4204541666666668
9.0,843.0,1.4204541666666668
9.083333333333334,876.0,0.45454533333333336
9.083333333333334,926.0,0.45454533333333336
9.166666666666666,985.0,0.45454533333333336
9.166666666666666,1007.0,1.1363633333333334
9.166666666666666,1003.0,1.1363633333333334
9.25,937.0,1.1363633333333334
9.25,954.0,1.1363633333333334
9.333333333333334,982.0,1.1363633333333334
9.333333333333334,939.0,1.0227270000000002
9.333333333333334,939.0,1.0227270000000002
9.416666666666666,924.0,1.1363633333333334
9.416666666666666,1013.0,1.1363633333333334
9.416666666666666,1018.0,1.1363633333333334
9.5,905.0,1.1363633333333334
9.5,724.0,1.1363633333333334
9.583333333333334,553.0,1.1931815000000001
9.583333333333334,539.0,1.1931815000000001
9.583333333333334,517.0,1.1931815000000001
9.666666666666666,517.0,0.9090906666666667
9.666666666666666,441.0,0.9090906666666667
9.666666666666666,203.0,0.9090906666666667
9.75,85.0,0.9659088333333334
9.75,47.0,0.9659088333333334
9.75,0.0,0.9659088333333334
9.833333333333334,0.0,0.9659088333333334
9.833333333333334,0.0,0.8522725
9.833333333333334,0.0,0.8522725
9.833333333333334,0.0,0.8522725
9.916666666666666,0.0,0.7954543333333334
9.916666666666666,0.0,0.7954543333333334
9.916666666666666,0.0,0.7954543333333334
9.916666666666666,0.0,0.7954543333333334
10.0,0.0,0.7386361666666666
10.0,0.0,0.7386361666666666
10.0,0.0,0.7386361666666666
10.0,0.0,0.7386361666666666
10.0,0.0,0.7386361666666666
10.083333333333334,0.0,0.6249998333333333
10.083333333333334,0.0,0.6249998333333333
10.083333333333334,0.0,0.6249998333333333
10.083333333333334,0.0,0.6249998333333333
10.083333333333334,0.0,0.6249998333333333
10.083333333333334,0.0,0.6249998333333333
10.166666666666666,0.0,0.45454533333333336
10.166666666666666,0.0,0.45454533333333336
10.166666666666666,0.0,0.45454533333333336
10.166666666666666,0.0,0.45454533333333336
10.166666666666666,0.0,0.45454533333333336
10.166666666666666,0.0,0.45454533333333336
10.166666666666666,0.0,0.45454533333333336
10.166666666666666,0.0,0.45454533333333336
10.166666666666666,0.0,0.45454533333333336
10.166666666666666,0.0,0.45454533333333336
10.166666666666666,0.0,0.45454533333333336
10.166666666666666,0.0,0.45454533333333336
10.25,0.0,0.22727266666666668
10.25,0.0,0.22727266666666668
10.25,0.0,0.22727266666666668
10.25,0.0,0.22727266666666668
10.25,0.0,0.22727266666666668
10.25,0.0,0.22727266666666668
10.25,0.0,0.22727266666666668
10.25,0.0,0.22727266666666668
10.25,0.0,0.22727266666666668
10.25,0.0,0.22727266666666668
10.25,0.0,0.22727266666666668
10.25,0.0,0.22727266666666668
10.25,0.0,0.22727266666666668
10.25,0.0,0.22727266666666668
10.25,0.0,0.22727266666666668
10.25,0.0,0.22727266666666668
10.25,0.0,0.22727266666666668
10.25,0.0,0.22727266666666668
10.25,0.0,0.22727266666666668
10.25,0.0,0.22727266666666668
10.25,0.0,0.22727266666666668
10.25,0.0,0.22727266666666668
10.25,0.0,0.22727266666666668
10.25,0.0,0.22727266666666668
10.25,0.0,0.22727266666666668
10.25,0.0,0.22727266666666668
10.25,0.0,0.22727266666666668
10.25,0.0,0.22727266666666668
10.25,0.0,0.22727266666666668
10.25,0.0,0.22727266666666668
10.25,0.0,0.22727266666666668
10.25,0.0,0.22727266666666668
10.25,0.0,0.22727266666666668
10.25,0.0,0.22727266666666668
10.25,0.0,0.22727266666666668
10.25,0.0,0.22727266666666668
10.25,0.0,0.22727266666666668
10.25,0.0,0.22727266666666668
10.25,0.0,0.22727266666666668
10.25,0.0,0.22727266666666668
10.25,0.0,0.22727266666666668
10.25,0.0,0.22727266666666668
10.25,0.0,0.22727266666666668
10.25,0.0,0.22727266666666668
10.25,0.0,0.22727266666666668
10.25,0.0,0.22727266666666668
10.25,0.0,0.22727266666666668
10.25,0.0,0.22727266666666668
10.25,0.0,0.22727266666666668
10.25,0.0,0.22727266666666668
10.25,0.0,0.0
10.25,0.0,0.0
10.25,0.0,0.0
10.25,0.0,0.0
10.25,0.0,0.0
10.25,0.0,0.0
10.25,0.0,0.0
10.25,0.0,0.0
10.25,0.0,0.0
10.25,0.0,0.0
10.25,0.0,0.0
10.25,0.0,0.0
10.25,0.0,0.0
10.25,0.0,0.0
10.25,0.0,0.0
10.25,0.0,0.0
10.25,0.0,0.0
10.25,0.0,0.0
10.25,0.0,0.0
10.25,0.0,0.0
10.25,0.0,0.0
10.25,0.0,0.0
10.25,0.0,0.0
10.25,0.0,0.0
10.25,0.0,0.0
10.25,0.0,0.0
10.25,0.0,0.0
10.25,0.0,0.0
10.25,0.0,0.0
10.25,0.0,0.0
10.25,0.0,0.0
10.25,0.0,0.0
10.25,0.0,0.0
10.25,0.0,0.0
10.25,0.0,0.0
10.25,0.0,0.0
10.25,0.0,0.0
10.25,0.0,0.0
10.25,0.0,0.0
10.25,0.0,0.0
10.25,0.0,0.0
10.25,0.0,0.0
10.25,0.0,0.0
10.25,0.0,0.0
10.25,0.0,0.0
10.25,0.0,0.0
10.25,0.0,0.0
10.25,0.0,0.0
10.25,0.0,0.0
10.25,0.0,0.0
10.25,0.0,0.0
10.25,0.0,0.0
10.25,0.0,0.0
10.25,0.0,0.0
10.25,0.0,0.0
10.25,0.0,0.0
10.25,0.0,0.0
10.25,0.0,0.0
10.25,0.0,0.0
10.25,0.0,0.0
10.25,0.0,0.0
10.25,0.0,0.0
10.25,0.0,0.0
10.25,0.0,0.0
10.25,0.0,0.0
10.25,0.0,0.0
10.25,0.0,0.0
10.25,0.0,0.0
10.25,0.0,0.0
10.25,0.0,0.0
10.25,0.0,0.0
10.25,0.0,0.0
10.25,0.0,0.0
10.25,0.0,0.0
10.25,0.0,0.0
10.25,0.0,0.0
10.25,0.0,0.0
10.25,0.0,0.0
10.25,0.0,0.0
10.25,0.0,0.0
10.25,0.0,0.0
10.25,0.0,0.0
10.25,0.0,0.0
10.25,0.0,0.0
10.25,0.0,0.0
10.25,0.0,0.0
10.25,0.0,0.0
10.25,0.0,0.0
10.25,0.0,0.0
10.25,0.0,0.0
10.25,0.0,0.0
10.25,0.0,0.0
10.25,0.0,0.0
10.25,0.0,0.0
10.25,0.0,0.0
10.25,0.0,0.0
10.25,0.0,0.0
10.25,0.0,0.0
10.25,0.0,0.0
10.25,0.0,0.0
10.25,0.0,0.0
10.25,0.0,0.0
10.25,0.0,0.0
10.25,0.0,0.0
10.25,0.0,0.0
10.25,0.0,0.0
10.25,0.0,0.0
10.25,0.0,0.0
10.25,0.0,0.0
10.25,0.0,0.0
10.25,0.0,0.0
10.25,0.0,0.0
10.25,0.0,0.0
10.25,0.0,0.0
10.25,0.0,0.0
10.25,0.0,0.0
10.25,0.0,0.0
10.25,0.0,0.0
10.25,0.0,0.0
10.25,0.0,0.0
10.25,0.0,0.0
10.25,0.0,0.0
10.25,0.0,0.0
10.25,0.0,0.0
10.25,0.0,0.0
10.25,0.0,0.0
10.25,0.0,0.0
10.25,0.0,0.0
10.25,0.0,0.0
10.25,0.0,0.0
10.25,0.0,0.0
10.25,0.0,0.0
10.25,0.0,0.0
10.25,0.0,0.0
10.25,0.0,0.0
10.25,0.0,0.0
10.25,0.0,0.0
10.25,0.0,0.0
10.25,0.0,0.0
10.25,0.0,0.0
10.25,0.0,0.0
10.25,0.0,0.0
10.25,0.0,0.0
10.25,0.0,0.0
10.25,0.0,0.0
10.25,0.0,0.0
10.25,0.0,0.0
10.25,0.0,0.0
10.25,0.0,0.0
10.25,0.0,0.0
10.25,0.0,0.0
10.25,0.0,0.0
10.25,0.0,0.0
10.25,0.0,0.0
10.25,0.0,0.0
10.25,0.0,0.0
10.25,0.0,0.0
10.25,0.0,0.0
10.25,0.0,0.0
10.25,0.0,0.0
10.25,0.0,0.0
10.25,0.0,0.0
10.25,0.0,0.0
10.25,0.0,0.0
10.25,0.0,0.0
10.25,0.0,0.0
10.25,0.0,0.0
10.25,0.0,0.0
10.25,0.0,0.0
10.25,0.0,0.0
10.25,0.0,0.0
10.25,0.0,0.0
10.25,0.0,0.0
10.25,0.0,0.0
10.25,0.0,0.0
10.25,0.0,0.0
10.25,0.0,0.0
10.25,0.0,0.0
10.25,0.0,0.0
10.25,0.0,0.0
10.25,0.0,0.0
10.25,0.0,0.0
10.25,0.0,0.0
10.25,0.0,0.0
10.25,0.0,0.0
10.25,0.0,0.0
10.25,0.0,0.0
10.25,0.0,0.0
10.25,0.0,0.0
10.25,0.0,0.0
10.25,0.0,0.0
10.25,0.0,0.0
10.25,0.0,0.0
10.25,0.0,0.0
10.25,0.0,0.0
10.25,0.0,0.0
10.25,0.0,0.0
10.25,0.0,0.0
10.25,0.0,0.0
10.25,0.0,0.0
10.25,0.0,0.0
10.25,0.0,0.0
10.25,0.0,0.0
10.25,0.0,0.0
10.25,0.0,0.0
10.25,0.0,0.0
10.25,0.0,0.0
10.25,0.0,0.0
10.25,0.0,0.0
10.25,0.0,0.0
10.25,0.0,0.0
10.25,0.0,0.0
10.25,0.0,0.0
10.25,0.0,0.0
10.25,0.0,0.0
10.25,0.0,0.0
10.25,0.0,0.0
10.25,0.0,0.0
10.25,0.0,0.0
10.25,0.0,0.0
10.25,0.0,0.0
10.25,0.0,0.0
10.25,0.0,0.0
10.25,0.0,0.0
10.25,0.0,0.0
10.25,0.0,0.0
10.25,0.0,0.0
10.25,0.0,0.0
10.25,0.0,0.0
10.25,0.0,0.0
10.25,0.0,0.0
10.25,0.0,0.0
10.25,0.0,0.0
10.25,0.0,0.0
10.25,0.0,0.0
10.25,0.0,0.0
10.25,0.0,0.0
10.25,0.0,0.0
10.25,0.0,0.0
10.25,0.0,0.0
10.25,0.0,0.0
10.25,0.0,0.0
10.25,0.0,0.0
10.25,0.0,0.0
10.25,0.0,0.0
10.25,0.0,0.0
10.25,0.0,0.0
10.25,0.0,0.0
10.25,0.0,0.0
10.25,0.0,0.0
10.25,0.0,0.0
10.25,0.0,0.0
10.25,0.0,0.0
10.25,0.0,0.0
10.25,0.0,0.0
10.25,0.0,0.0
10.25,0.0,0.0
10.25,0.0,0.0
10.25,0.0,0.0
10.25,0.0,0.0
10.25,0.0,0.0
10.25,0.0,0.0
10.25,0.0,0.0
10.25,0.0,0.0
10.25,0.0,0.0
10.25,0.0,0.0
10.25,0.0,0.0
10.25,0.0,0.0
10.25,0.0,0.0
10.25,0.0,0.0
10.25,0.0,0.0
10.25,0.0,0.0
10.25,0.0,0.0
10.25,0.0,0.0
10.25,0.0,0.0
10.25,0.0,0.0
10.25,0.0,0.0
10.25,0.0,0.0
10.25,0.0,0.0
10.25,0.0,0.0
10.25,0.0,0.0
10.25,0.0,0.0
10.25,0.0,0.0
10.25,0.0,0.0
10.25,0.0,0.0
10.25,0.0,0.0
10.25,0.0,0.0
10.25,0.0,0.0
10.25,0.0,0.0
10.25,0.0,0.0
10.25,0.0,0.0
10.25,0.0,0.0
10.25,0.0,0.0
10.25,0.0,0.0
10.25,0.0,0.0
10.25,0.0,0.0
10.25,0.0,0.0
10.25,0.0,0.0
10.25,0.0,0.0
10.25,0.0,0.0
10.25,0.0,0.0
10.25,0.0,0.0
10.25,0.0,0.0
10.25,0.0,0.0
10.25,0.0,0.0
10.25,0.0,0.0
10.25,0.0,0.0
10.25,0.0,0.0
10.25,0.0,0.0
10.25,0.0,0.0
10.25,0.0,0.0
10.25,0.0,0.0
10.25,0.0,0.0
10.25,0.0,0.0
10.25,0.0,0.0
10.25,0.0,0.0
10.25,0.0,0.0
10.25,0.0,0.0
10.25,0.0,0.0
10.25,0.0,0.0
10.25,0.0,0.0
10.25,0.0,0.0
10.25,0.0,0.0
10.25,0.0,0.0
10.25,0.0,0.0
10.25,0.0,0.0
10.25,0.0,0.0
10.25,0.0,0.0
10.25,0.0,0.0
10.25,0.0,0.0
10.25,0.0,0.0
10.25,0.0,0.0
10.25,0.0,0.0
10.25,0.0,0.0
10.25,0.0,0.0
10.25,0.0,0.0
10.25,0.0,0.0
10.25,0.0,0.0
10.25,0.0,0.0
10.25,0.0,0.0
10.25,0.0,0.0
10.25,0.0,0.0
10.25,0.0,0.0
10.25,0.0,0.0
10.25,0.0,0.0
10.25,0.0,0.0
10.25,0.0,0.0
10.25,0.0,0.0
10.25,0.0,0.0
10.25,0.0,0.0
10.25,0.0,0.0
10.25,0.0,0.0
10.25,0.0,0.0
10.25,0.0,0.0
10.25,0.0,0.0
10.25,0.0,0.0
10.25,0.0,0.0
10.25,0.0,0.0
10.25,0.0,0.0
10.25,0.0,0.0
10.25,0.0,0.0
10.25,0.0,0.0
10.25,0.0,0.0
10.25,0.0,0.0
10.25,0.0,0.0
10.25,0.0,0.0
10.25,0.0,0.0
10.25,0.0,0.0
10.25,0.0,0.0
10.25,0.0,0.0
10.25,0.0,0.0
10.25,0.0,0.0
10.25,0.0,0.0
10.25,0.0,0.0
10.25,0.0,0.0
10.25,0.0,0.0
10.25,0.0,0.0
10.25,0.0,0.0
10.25,0.0,0.0
10.25,0.0,0.0
10.25,0.0,0.0
10.25,0.0,0.0
10.25,0.0,0.0
10.25,0.0,0.0
10.25,0.0,0.0
10.25,0.0,0.0
10.25,0.0,0.0
10.25,0.0,0.0
10.25,0.0,0.0
10.25,0.0,0.0
10.25,0.0,0.0
10.25,0.0,0.0
10.25,0.0,0.0
10.25,0.0,0.0
10.25,0.0,0.0
10.25,0.0,0.0
10.25,0.0,0.0
10.25,0.0,0.0
10.25,0.0,0.0
10.25,0.0,0.0
10.25,0.0,0.0
10.25,0.0,0.0
10.25,0.0,0.0
10.25,0.0,0.0
10.25,0.0,0.0
10.25,0.0,0.0
10.25,0.0,0.0
10.25,0.0,0.0
10.25,0.0,0.0
10.25,0.0,0.0
10.25,0.0,0.0
10.25,0.0,0.0
10.25,0.0,0.0
10.25,0.0,0.0
10.25,0.0,0.0
10.25,0.0,0.0
10.25,0.0,0.0
10.25,0.0,0.0
10.25,0.0,0.0
10.25,0.0,0.0
10.25,0.0,0.0
10.25,0.0,0.0
10.25,0.0,0.0
10.25,0.0,0.0
10.25,0.0,0.0
10.25,0.0,0.0
10.25,0.0,0.0
10.25,0.0,0.0
10.25,0.0,0.0
10.25,0.0,0.0
10.25,0.0,0.0
10.25,0.0,0.0
10.25,0.0,0.0
10.25,0.0,0.0
10.25,0.0,0.0
10.25,0.0,0.0
10.25,0.0,0.0
10.25,0.0,0.0
10.25,0.0,0.0
10.25,0.0,0.0
10.25,0.0,0.0
10.25,0.0,0.0
10.25,0.0,0.0
10.25,0.0,0.0
10.25,0.0,0.0
10.25,0.0,0.0
10.25,0.0,0.0
10.25,0.0,0.0
10.25,0.0,0.0
10.25,0.0,0.0
10.25,0.0,0.0
10.25,0.0,0.0
10.25,0.0,0.0
10.25,0.0,0.0
10.25,0.0,0.0
10.25,0.0,0.0
10.25,0.0,0.0
10.25,0.0,0.0
10.25,0.0,0.0
10.25,0.0,0.0
10.25,0.0,0.0
10.25,0.0,0.0
10.25,0.0,0.0
10.25,0.0,0.0
10.25,0.0,0.0
10.25,0.0,0.0
10.25,0.0,0.0
10.25,0.0,0.0
10.25,0.0,0.0
10.25,0.0,0.0
10.25,0.0,0.0
10.25,0.0,0.0
10.25,0.0,0.0
10.25,0.0,0.0
10.25,0.0,0.0
10.25,0.0,0.0
10.25,0.0,0.0
10.25,0.0,0.0
10.25,0.0,0.0
10.25,0.0,0.0
10.25,0.0,0.0
10.25,0.0,0.0
10.25,0.0,0.0
10.25,0.0,0.0
10.25,0.0,0.0
10.25,0.0,0.0
10.25,0.0,0.0
10.25,0.0,0.0
10.25,0.0,0.0
10.25,0.0,0.0
10.25,0.0,0.0
10.25,0.0,0.0
10.25,0.0,0.0
10.25,0.0,0.0
10.25,0.0,0.0
10.25,0.0,0.0
10.25,0.0,0.0
10.25,0.0,0.0
10.25,0.0,0.0
10.25,0.0,0.0
10.25,0.0,0.0
10.25,0.0,0.0
10.25,0.0,0.0
10.25,0.0,0.0
10.25,0.0,0.0
10.25,0.0,0.0
10.25,0.0,0.0
10.25,0.0,0.0
10.25,0.0,0.0
10.25,0.0,0.0
10.25,0.0,0.0
10.25,0.0,0.0
10.25,0.0,0.0
10.25,0.0,0.0
10.25,0.0,0.0
10.25,0.0,0.0
10.25,0.0,0.0
10.25,0.0,0.0
10.25,0.0,0.0
10.25,0.0,0.0
10.25,0.0,0.0
10.25,0.0,0.0
10.25,0.0,0.0
10.25,0.0,0.0
10.25,0.0,0.0
10.25,0.0,0.0
10.25,0.0,0.0
10.25,0.0,0.0
10.25,0.0,0.0
10.25,0.0,0.0
10.25,0.0,0.0
10.25,0.0,0.0
10.25,0.0,0.0
10.25,0.0,0.0
10.25,0.0,0.0
10.25,0.0,0.0
10.25,0.0,0.0
10.25,0.0,0.0
10.25,0.0,0.0
10.25,0.0,0.0
10.25,0.0,0.0
10.25,0.0,0.0
10.25,0.0,0.0
10.25,0.0,0.0
10.25,0.0,0.0
10.25,0.0,0.0
10.25,0.0,0.0
10.25,0.0,0.0
10.25,0.0,0.0
10.25,0.0,0.0
10.25,0.0,0.0
10.25,0.0,0.0
10.25,0.0,0.0
10.25,0.0,0.0
10.25,0.0,0.0
10.25,0.0,0.0
10.25,0.0,0.0
10.25,0.0,0.0
10.25,0.0,0.0
10.25,0.0,0.0
10.25,0.0,0.0
10.25,0.0,0.0
10.25,0.0,0.0
10.25,0.0,0.0
10.25,0.0,0.0
10.25,0.0,0.0
10.25,0.0,0.0
10.25,0.0,0.0
10.25,0.0,0.0
10.25,0.0,0.0
10.25,0.0,0.0
10.25,0.0,0.0
10.25,0.0,0.0
10.25,0.0,0.0
10.25,0.0,0.0
10.25,0.0,0.0
