0.0,0.0,0.0
0.0,0.0,0.0
0.0,0.0,0.0
0.0,0.0,0.0
0.0,0.0,0.0
0.0,0.0,0.0
0.0,0.0,0.0
0.0,0.0,0.0
0.0,0.0,0.0
0.0,0.0,0.0
0.0,0.0,0.0
0.0,0.0,0.0
0.0,0.0,0.0
0.0,0.0,0.0
0.0,0.0,0.0
0.0,0.0,0.0
0.0,0.0,0.0
0.0,0.0,0.0
0.0,0.0,0.0
0.0,0.0,0.0
0.0,0.0,0.0
0.0,0.0,0.0
0.0,0.0,0.0
0.0,0.0,0.0
0.0,0.0,0.0
0.0,0.0,0.0
0.0,0.0,0.0
0.0,0.0,0.0
0.0,0.0,0.0
0.0,0.0,0.0
0.0,0.0,0.0
0.0,0.0,0.0
0.0,0.0,0.0
0.0,0.0,0.0
0.0,0.0,0.0
0.0,0.0,0.0
0.0,0.0,0.0
0.0,0.0,0.0
0.0,0.0,0.0
0.0,0.0,0.0
0.0,0.0,0.0
0.0,0.0,0.0
0.0,0.0,0.0
0.0,0.0,0.0
0.0,0.0,0.0
0.0,0.0,0.0
0.0,0.0,0.0
0.0,0.0,0.0
0.0,0.0,0.0
0.0,0.0,0.0
0.0,0.0,0.0
0.0,0.0,0.0
0.0,0.0,0.0
0.0,0.0,0.0
0.0,0.0,0.0
0.0,0.0,0.0
0.0,0.0,0.0
0.0,0.0,0.0
0.0,0.0,0.0
0.0,0.0,0.0
0.0,0.0,0.0
0.0,0.0,0.0
0.0,0.0,0.0
0.0,0.0,0.0
0.0,0.0,0.0
0.0,0.0,0.0
0.0,0.0,0.0
0.0,0.0,0.0
0.0,0.0,0.0
0.0,0.0,0.0
0.0,0.0,0.0
0.0,0.0,0.0
0.0,0.0,0.0
0.0,0.0,0.0
0.0,0.0,0.0
0.0,0.0,0.0
0.0,0.0,0.0
0.0,0.0,0.0
0.0,0.0,0.0
0.0,0.0,0.0
0.0,0.0,0.0
0.0,0.0,0.0
0.0,0.0,0.0
0.0,0.0,0.0
0.0,0.0,0.0
0.0,0.0,0.0
0.0,0.0,0.0
0.0,0.0,0.0
0.0,0.0,0.0
0.0,0.0,0.0
0.0,0.0,0.0
0.0,0.0,0.0
0.0,0.0,0.0
0.0,0.0,0.0
0.0,0.0,0.0
0.0,0.0,0.0
0.0,0.0,0.0
0.0,0.0,0.0
0.0,0.0,0.0
0.0,0.0,0.0
0.0,0.0,0.0
0.0,0.0,0.0
0.0,0.0,0.0
0.0,0.0,0.0
0.0,0.0,0.0
0.0,0.0,0.0
0.0,0.0,0.0
0.0,0.0,0.0
0.0,0.0,0.0
0.0,0.0,0.0
0.0,0.0,0.0
0.0,0.0,0.0
0.0,0.0,0.0
0.0,0.0,0.0
0.0,0.0,0.0
0.0,0.0,0.0
0.0,0.0,0.0
0.0,0.0,0.0
0.0,0.0,0.0
0.0,0.0,0.0
0.0,0.0,0.0
0.0,0.0,0.0
0.0,0.0,0.0
0.0,0.0,0.0
0.0,0.0,0.0
0.0,0.0,0.0
0.0,0.0,0.0
0.0,0.0,0.0
0.0,0.0,0.0
0.0,0.0,0.0
0.0,0.0,0.0
0.0,0.0,0.0
0.0,0.0,0.0
0.0,0.0,0.0
0.0,0.0,0.0
0.0,0.0,0.0
0.0,0.0,0.0
0.0,0.0,0.0
0.0,0.0,0.0
0.0,0.0,0.0
0.0,0.0,0.0
0.0,0.0,0.0
0.0,0.0,0.0
0.0,0.0,0.0
0.0,0.0,0.0
0.0,0.0,0.0
0.0,0.0,0.0
0.0,0.0,0.0
0.0,0.0,0.0
0.0,0.0,0.0
0.0,0.0,0.0
0.0,0.0,0.0
0.0,0.0,0.0
0.0,0.0,0.0
0.0,0.0,0.0
0.0,0.0,0.0
0.0,0.0,0.0
0.0,0.0,0.0
0.0,0.0,0.0
0.0,0.0,0.0
0.0,0.0,0.0
0.0,0.0,0.0
0.0,0.0,0.0
0.0,0.0,0.0
0.0,0.0,0.0
0.0,0.0,0.0
0.0,0.0,0.0
0.0,0.0,0.0
0.0,0.0,0.0
0.0,0.0,0.0
0.0,0.0,0.0
0.0,0.0,0.0
0.0,0.0,0.0
0.0,0.0,0.0
0.0,0.0,0.0
0.0,0.0,0.0
0.0,0.0,0.0
0.0,0.0,0.0
0.0,0.0,0.0
0.0,0.0,0.0
0.0,0.0,0.0
0.0,0.0,0.0
0.0,0.0,0.0
0.0,0.0,0.0
0.0,0.0,0.0
0.0,0.0,0.0
0.0,0.0,0.0
0.0,0.0,0.0
0.0,0.0,0.0
0.0,0.0,0.0
0.0,0.0,0.0
0.0,0.0,0.0
0.0,0.0,0.0
0.0,0.0,0.0
0.0,0.0,0.0
0.0,0.0,0.0
0.0,0.0,0.0
0.0,0.0,0.0
0.0,0.0,0.0
0.0,0.0,0.0
0.0,0.0,0.0
0.0,0.0,0.0
0.0,0.0,0.0
0.0,0.0,0.0
0.0,0.0,0.0
0.0,0.0,0.0
0.0,0.0,0.0
0.0,0.0,0.0
0.0,0.0,0.0
0.0,0.0,0.0
0.0,0.0,0.0
0.0,0.0,0.0
0.0,0.0,0.0
0.0,0.0,0.0
0.0,0.0,0.0
0.0,0.0,0.0
0.0,0.0,0.0
0.0,0.0,0.0
0.0,0.0,0.0
0.0,0.0,0.0
0.0,0.0,0.0
0.0,0.0,0.0
0.0,0.0,0.0
0.0,0.0,0.0
0.0,0.0,0.0
0.0,0.0,0.0
0.0,0.0,0.0
0.0,0.0,0.0
0.0,0.0,0.0
0.0,0.0,0.0
0.0,0.0,0.0
0.0,0.0,0.0
0.0,0.0,0.0
0.0,0.0,0.0
0.0,0.0,0.0
0.0,0.0,0.0
0.0,0.0,0.0
0.0,0.0,0.0
0.0,0.0,0.0
0.0,0.0,0.0
0.0,0.0,0.0
0.0,0.0,0.0
0.0,0.0,0.0
0.0,0.0,0.0
0.0,0.0,0.0
0.0,0.0,0.0
0.0,0.0,0.0
0.0,0.0,0.0
0.0,0.0,0.0
0.0,0.0,0.0
0.0,0.0,0.0
0.0,0.0,0.0
0.0,0.0,0.0
0.0,0.0,0.0
0.0,0.0,0.0
0.0,0.0,0.0
0.0,0.0,0.0
0.0,0.0,0.0
0.0,0.0,0.0
0.0,0.0,0.0
0.0,0.0,0.0
0.0,0.0,0.0
0.0,0.0,0.0
0.0,0.0,0.0
0.0,0.0,0.0
0.0,0.0,0.0
0.0,0.0,0.0
0.0,0.0,0.0
0.0,0.0,0.0
0.0,0.0,0.0
0.0,0.0,0.0
0.0,0.0,0.0
0.0,0.0,0.0
0.0,0.0,0.0
0.0,0.0,0.0
0.0,0.0,0.0
0.0,0.0,0.0
0.0,0.0,0.0
0.0,0.0,0.0
0.0,0.0,0.0
0.0,0.0,0.0
0.0,0.0,0.0
0.0,0.0,0.0
0.0,0.0,0.0
0.0,0.0,0.0
0.0,0.0,0.0
0.0,0.0,0.0
0.0,0.0,0.0
0.0,0.0,0.0
0.0,0.0,0.0
0.0,0.0,0.0
0.0,0.0,0.0
0.0,0.0,0.0
0.0,0.0,0.0
0.0,0.0,0.0
0.0,0.0,0.0
0.0,0.0,0.0
0.0,0.0,0.0
0.0,0.0,0.0
0.0,0.0,0.0
0.0,0.0,0.0
0.0,0.0,0.0
0.0,0.0,0.0
0.0,0.0,0.0
0.0,0.0,0.0
0.0,0.0,0.0
0.0,0.0,0.0
0.0,0.0,0.0
0.0,0.0,0.0
0.0,0.0,0.0
0.0,0.0,0.0
0.0,0.0,0.0
0.0,0.0,0.0
0.0,0.0,0.0
0.0,0.0,0.0
0.0,0.0,0.0
0.0,0.0,0.0
0.0,0.0,0.0
0.0,0.0,0.0
0.0,0.0,0.0
0.0,0.0,0.0
0.0,0.0,0.0
0.0,0.0,0.0
0.0,0.0,0.0
0.0,0.0,0.0
0.0,0.0,0.0
0.0,0.0,0.0
0.0,0.0,0.0
0.0,0.0,0.0
0.0,0.0,0.0
0.0,0.0,0.0
0.0,0.0,0.0
0.0,0.0,0.0
0.0,0.0,0.0
0.0,0.0,0.0
0.0,0.0,0.0
0.0,0.0,0.0
0.0,0.0,0.0
0.0,0.0,0.0
0.0,0.0,0.0
0.0,0.0,0.0
0.0,0.0,0.0
0.0,0.0,0.0
0.0,0.0,0.0
0.0,0.0,0.0
0.0,0.0,0.0
0.0,0.0,0.0
0.0,0.0,0.0
0.0,0.0,0.0
0.0,0.0,0.0
0.0,0.0,0.0
0.0,0.0,0.0
0.0,0.0,0.0
0.0,0.0,0.0
0.0,0.0,0.0
0.0,0.0,0.0
0.0,0.0,0.0
0.0,0.0,0.0
0.0,0.0,0.0
0.0,0.0,0.0
0.0,0.0,0.0
0.0,0.0,0.0
0.0,0.0,0.0
0.0,0.0,0.0
0.0,0.0,0.0
0.0,0.0,0.0
0.0,0.0,0.0
0.0,0.0,0.0
0.0,0.0,0.0
0.0,0.0,0.0
0.0,0.0,0.0
0.0,0.0,0.0
0.0,0.0,0.0
0.0,0.0,0.0
0.0,0.0,0.0
0.0,0.0,0.0
0.0,0.0,0.0
0.0,0.0,0.0
0.0,0.0,0.0
0.0,0.0,0.0
0.0,0.0,0.0
0.0,0.0,0.0
0.0,0.0,0.0
0.0,0.0,0.0
0.0,0.0,0.0
0.0,0.0,0.0
0.0,0.0,0.0
0.0,0.0,0.0
0.0,0.0,0.0
0.0,0.0,0.0
0.0,0.0,0.0
0.0,0.0,0.0
0.0,0.0,0.0
0.0,0.0,0.0
0.0,0.0,0.0
0.0,0.0,0.0
0.0,0.0,0.0
0.0,0.0,0.0
0.0,0.0,0.0
0.0,0.0,0.0
0.0,0.0,0.0
0.0,0.0,0.0
0.0,0.0,0.0
0.0,0.0,0.0
0.0,0.0,0.0
0.0,0.0,0.0
0.0,0.0,0.0
0.0,0.0,0.0
0.0,0.0,0.0
0.0,0.0,0.0
0.0,0.0,0.0
0.0,0.0,0.0
0.0,0.0,0.0
0.0,0.0,0.0
0.0,0.0,0.0
0.0,0.0,0.0
0.0,0.0,0.0
0.0,0.0,0.0
0.0,0.0,0.0
0.0,0.0,0.0
0.0,0.0,0.0
0.0,0.0,0.0
0.0,0.0,0.0
0.0,0.0,0.0
0.0,0.0,0.0
0.0,0.0,0.0
0.0,0.0,0.0
0.0,0.0,0.0
0.0,0.0,0.0
0.0,0.0,0.0
0.0,0.0,0.0
0.0,0.0,0.0
0.0,227.0,0.0
0.0,1832.0,0.0
0.0,3275.0,0.0
0.0,3075.0,0.0
0.0,2554.0,0.0
0.0,2360.0,0.0
0.0,2485.0,0.05681816666666667
0.0,2521.0,0.05681816666666667
0.0,2441.0,0.05681816666666667
0.0,2261.0,0.05681816666666667
0.0,1988.0,0.05681816666666667
0.0,1837.0,0.05681816666666667
0.0,1835.0,0.05681816666666667
0.0,1828.0,0.05681816666666667
0.0,1789.0,0.05681816666666667
0.08333333333333333,1739.0,0.05681816666666667
0.08333333333333333,1558.0,0.05681816666666667
0.08333333333333333,1440.0,0.05681816666666667
0.08333333333333333,1456.0,0.05681816666666667
0.08333333333333333,1713.0,0.05681816666666667
0.16666666666666666,1784.0,0.05681816666666667
0.16666666666666666,1749.0,0.05681816666666667
0.16666666666666666,1727.0,0.05681816666666667
0.16666666666666666,1813.0,0.05681816666666667
0.25,1962.0,0.7386361666666666
0.25,2024.0,0.7386361666666666
0.25,2027.0,0.7386361666666666
0.25,1957.0,0.7386361666666666
0.3333333333333333,1834.0,0.7386361666666666
0.3333333333333333,1834.0,0.7386361666666666
0.3333333333333333,1829.0,0.7386361666666666
0.4166666666666667,1843.0,0.7386361666666666
0.4166666666666667,1844.0,0.7954543333333334
0.4166666666666667,1806.0,0.7954543333333334
0.4166666666666667,1774.0,0.7954543333333334
0.5,1773.0,0.7954543333333334
0.5,1796.0,0.7954543333333334
0.5,1864.0,0.7954543333333334
0.5,1918.0,0.7954543333333334
0.5,1941.0,0.7954543333333334
0.5,1955.0,0.7954543333333334
0.5833333333333334,1940.0,0.7954543333333334
0.5833333333333334,1896.0,0.45454533333333336
0.5833333333333334,1871.0,0.45454533333333336
0.6666666666666666,1872.0,1.1363633333333334
0.6666666666666666,1876.0,1.1363633333333334
0.75,1839.0,1.1363633333333334
0.75,1792.0,1.1931815000000001
0.8333333333333334,1723.0,1.1931815000000001
0.8333333333333334,1683.0,1.4772723333333333
0.8333333333333334,1679.0,1.4772723333333333
0.8333333333333334,1847.0,1.4772723333333333
0.8333333333333334,1932.0,1.4772723333333333
0.9166666666666666,1916.0,0.6249998333333333
0.9166666666666666,1868.0,0.6249998333333333
1.0,1864.0,1.4204541666666668
1.0,1857.0,1.4204541666666668
1.0,1824.0,1.4204541666666668
1.0,1824.0,1.4204541666666668
1.0,1846.0,1.4204541666666668
1.0,1835.0,1.4204541666666668
1.0,1781.0,1.4204541666666668
1.0833333333333333,1720.0,1.4204541666666668
1.0833333333333333,1663.0,0.3977271666666667
1.0833333333333333,1610.0,0.3977271666666667
1.0833333333333333,1582.0,0.3977271666666667
1.0833333333333333,1556.0,0.3977271666666667
1.0833333333333333,1553.0,0.3977271666666667
1.0833333333333333,1616.0,0.3977271666666667
1.1666666666666667,1663.0,0.45454533333333336
1.25,1685.0,0.45454533333333336
1.25,1693.0,1.8181813333333334
1.25,1693.0,1.8181813333333334
1.3333333333333333,1694.0,1.8181813333333334
1.3333333333333333,1697.0,1.0227270000000002
1.4166666666666667,1687.0,1.8181813333333334
1.5,1689.0,1.8181813333333334
1.5833333333333333,1696.0,2.1590903333333333
1.5833333333333333,1721.0,2.3863630000000002
1.5833333333333333,1753.0,2.3863630000000002
1.6666666666666667,1816.0,2.3863630000000002
1.6666666666666667,1837.0,0.9090906666666667
1.75,1828.0,2.2159085000000003
1.8333333333333333,1797.0,3.2386355
1.9166666666666667,1761.0,3.2386355
1.9166666666666667,1801.0,1.8749995000000002
2.0,1925.0,2.0454540000000003
2.0833333333333335,2061.0,2.3295448333333333
2.1666666666666665,2148.0,2.3295448333333333
2.25,2209.0,2.3295448333333333
2.25,2240.0,2.272726666666667
2.25,2171.0,2.272726666666667
2.3333333333333335,2054.0,1.0795451666666667
2.3333333333333335,1947.0,1.0795451666666667
2.4166666666666665,1858.0,1.0795451666666667
2.5,1767.0,1.1931815000000001
2.5,1737.0,2.727272
2.5,1752.0,2.727272
2.5833333333333335,1740.0,1.2499996666666666
2.6666666666666665,1714.0,2.102272166666667
2.6666666666666665,1694.0,2.102272166666667
2.75,1726.0,2.102272166666667
2.8333333333333335,1764.0,1.363636
2.9166666666666665,1845.0,2.8409083333333336
3.0,1895.0,2.9545446666666666
3.0,1878.0,2.272726666666667
3.0,1861.0,2.272726666666667
3.0,1834.0,2.272726666666667
3.0833333333333335,1807.0,2.272726666666667
3.1666666666666665,1757.0,0.7386361666666666
3.1666666666666665,1738.0,2.8409083333333336
3.25,1713.0,2.8409083333333336
3.3333333333333335,1670.0,1.3068178333333333
3.4166666666666665,1704.0,2.7840901666666666
3.4166666666666665,1725.0,3.068181
3.4166666666666665,1725.0,3.068181
3.4166666666666665,1769.0,3.068181
3.4166666666666665,1778.0,3.068181
3.5,1783.0,3.068181
3.5833333333333335,1795.0,3.693180833333334
3.6666666666666665,1817.0,2.6136356666666667
3.8333333333333335,1859.0,2.6136356666666667
3.9166666666666665,1927.0,3.5795445000000004
4.0,1900.0,3.2954536666666665
4.083333333333333,1810.0,3.0113628333333335
4.166666666666667,1784.0,3.0113628333333335
4.166666666666667,1799.0,3.0113628333333335
4.333333333333333,1775.0,3.0113628333333335
4.416666666666667,1746.0,3.806817166666667
4.5,1746.0,2.5568175
4.583333333333333,1700.0,3.5795445000000004
4.666666666666667,1636.0,3.2386355
4.75,1555.0,3.2386355
4.833333333333333,1511.0,1.9318176666666669
4.916666666666667,1529.0,3.693180833333334
5.083333333333333,1573.0,3.693180833333334
5.166666666666667,1621.0,3.636362666666667
5.25,1667.0,3.40909
5.416666666666667,1749.0,3.806817166666667
5.5,1835.0,3.9772716666666668
5.583333333333333,1891.0,3.693180833333334
5.75,1883.0,3.693180833333334
5.833333333333333,1859.0,3.9204535000000003
5.916666666666667,1857.0,4.034089833333334
6.0,1756.0,3.693180833333334
6.083333333333333,1670.0,3.693180833333334
6.25,1573.0,3.693180833333334
6.333333333333333,1493.0,4.090908000000001
6.5,1465.0,4.090908000000001
6.583333333333333,1507.0,3.9772716666666668
6.666666666666667,1488.0,4.147726166666667
6.666666666666667,1436.0,4.147726166666667
6.666666666666667,1400.0,4.147726166666667
6.666666666666667,1418.0,4.147726166666667
6.75,1537.0,0.681818
6.916666666666667,1596.0,0.681818
7.0,1731.0,4.147726166666667
7.166666666666667,1731.0,4.147726166666667
7.333333333333333,1729.0,4.318180666666667
7.416666666666667,1643.0,5.227271333333333
7.583333333333333,1747.0,4.6022715000000005
7.583333333333333,1882.0,4.488635166666667
7.75,1898.0,4.488635166666667
7.75,1663.0,4.7159078333333335
7.75,1474.0,4.7159078333333335
7.75,1467.0,4.7159078333333335
7.75,1432.0,4.7159078333333335
7.916666666666667,1322.0,4.7159078333333335
8.0,1170.0,4.545453333333334
8.166666666666666,1176.0,4.488635166666667
8.25,1193.0,4.7159078333333335
8.416666666666666,1260.0,4.7159078333333335
8.583333333333334,1385.0,4.7159078333333335
8.666666666666666,1501.0,4.7727260000000005
8.833333333333334,1567.0,4.7727260000000005
9.0,1657.0,4.8295441666666665
9.0,1701.0,5.056816833333333
9.0,1564.0,5.056816833333333
9.0,1461.0,5.056816833333333
9.083333333333334,1417.0,5.056816833333333
9.25,1440.0,5.056816833333333
9.333333333333334,1495.0,5.397725833333334
9.416666666666666,1429.0,4.9431805
9.583333333333334,1364.0,4.8295441666666665
9.75,1367.0,4.7159078333333335
9.833333333333334,1362.0,4.6022715000000005
10.0,1401.0,4.6022715000000005
10.083333333333334,1453.0,5.2840895
10.25,1512.0,4.8863623333333335
10.416666666666666,1507.0,4.8295441666666665
10.416666666666666,1447.0,4.9431805
10.5,1433.0,4.9431805
10.666666666666666,1454.0,4.374998833333334
10.75,1452.0,4.374998833333334
10.916666666666666,1297.0,4.374998833333334
11.083333333333334,1195.0,4.659089666666667
11.166666666666666,1211.0,4.9431805
11.333333333333334,1300.0,4.9431805
11.5,1382.0,4.8863623333333335
11.583333333333334,1387.0,4.9999986666666665
11.75,1387.0,4.9999986666666665
11.916666666666666,1279.0,5.170453166666666
12.083333333333334,1307.0,5.170453166666666
12.25,1415.0,5.170453166666666
12.25,1420.0,5.170453166666666
12.25,1340.0,5.170453166666666
12.25,1281.0,5.170453166666666
12.333333333333334,1247.0,0.9659088333333334
12.5,1248.0,2.727272
12.666666666666666,1243.0,5.2840895
12.833333333333334,1179.0,4.8863623333333335
12.916666666666666,1103.0,4.7727260000000005
12.916666666666666,1096.0,4.7727260000000005
13.083333333333334,1273.0,4.7727260000000005
13.166666666666666,1284.0,4.659089666666667
13.333333333333334,1272.0,4.659089666666667
13.416666666666666,1222.0,4.9999986666666665
13.583333333333334,1214.0,4.8295441666666665
13.583333333333334,1189.0,4.7727260000000005
13.583333333333334,1115.0,4.7727260000000005
13.666666666666666,1049.0,1.1931815000000001
13.833333333333334,1053.0,2.670453833333333
14.0,1095.0,5.511362166666667
14.166666666666666,1133.0,5.511362166666667
14.25,1152.0,4.9431805
14.416666666666666,1157.0,4.9431805
14.5,1192.0,5.738634833333333
14.666666666666666,1205.0,5.738634833333333
14.833333333333334,1206.0,5.340907666666666
14.833333333333334,1127.0,5.170453166666666
15.0,1095.0,5.170453166666666
15.166666666666666,1082.0,5.170453166666666
15.25,1064.0,5.056816833333333
15.416666666666666,1038.0,5.056816833333333
15.583333333333334,1047.0,5.056816833333333
15.666666666666666,1068.0,5.340907666666666
15.833333333333334,1046.0,5.340907666666666
16.0,1026.0,5.340907666666666
16.166666666666668,1032.0,4.9431805
16.25,1048.0,4.9999986666666665
16.333333333333332,1062.0,4.7727260000000005
16.333333333333332,1102.0,4.7727260000000005
16.333333333333332,1102.0,4.7727260000000005
16.333333333333332,1102.0,4.7727260000000005
16.416666666666668,1180.0,4.7727260000000005
16.583333333333332,1151.0,5.056816833333333
16.75,1173.0,5.056816833333333
16.916666666666668,1197.0,5.056816833333333
17.0,1173.0,5.113635
17.166666666666668,1092.0,4.9431805
17.333333333333332,1076.0,4.9431805
17.5,1081.0,4.9431805
17.666666666666668,1031.0,4.9431805
17.75,1000.0,4.9999986666666665
17.916666666666668,1119.0,4.9999986666666665
18.083333333333332,1229.0,4.8295441666666665
18.166666666666668,1281.0,5.113635
18.333333333333332,1274.0,5.113635
18.5,1223.0,5.113635
18.666666666666668,1243.0,5.738634833333333
18.75,1209.0,6.022725666666667
18.833333333333332,1090.0,4.9999986666666665
19.0,937.0,4.9999986666666665
19.083333333333332,926.0,4.9431805
19.25,934.0,4.9431805
19.333333333333332,916.0,5.170453166666666
19.333333333333332,913.0,5.170453166666666
19.5,1014.0,5.170453166666666
19.5,1113.0,4.9999986666666665
19.583333333333332,1148.0,4.9999986666666665
19.75,1154.0,4.9999986666666665
19.833333333333332,1125.0,5.909089333333333
19.916666666666668,1115.0,6.193180166666667
20.083333333333332,1098.0,6.193180166666667
20.166666666666668,1020.0,5.454544
20.333333333333332,926.0,5.454544
20.333333333333332,863.0,5.2840895
20.5,832.0,5.2840895
20.5,853.0,5.6249985
20.583333333333332,897.0,5.6249985
20.75,942.0,5.6249985
20.916666666666668,979.0,5.6249985
21.083333333333332,1005.0,5.511362166666667
21.166666666666668,956.0,4.9431805
21.333333333333332,867.0,4.9431805
21.5,867.0,4.9431805
21.583333333333332,882.0,6.363634666666667
21.666666666666668,919.0,2.670453833333333
21.666666666666668,905.0,2.8409083333333336
21.75,824.0,1.8749995000000002
21.833333333333332,793.0,1.8749995000000002
22.0,859.0,2.727272
22.0,911.0,2.8409083333333336
22.166666666666668,915.0,2.8409083333333336
22.333333333333332,895.0,4.488635166666667
22.416666666666668,881.0,5.6249985
22.583333333333332,865.0,5.6249985
22.583333333333332,836.0,5.2840895
22.75,803.0,5.2840895
22.75,792.0,5.170453166666666
22.75,744.0,5.170453166666666
22.833333333333332,744.0,5.170453166666666
23.0,808.0,6.193180166666667
23.166666666666668,856.0,5.909089333333333
23.333333333333332,812.0,5.909089333333333
23.5,767.0,5.909089333333333
23.666666666666668,743.0,5.852271166666667
23.833333333333332,785.0,5.681816666666667
24.0,820.0,6.136362
24.166666666666668,799.0,6.022725666666667
24.25,770.0,4.9431805
24.416666666666668,785.0,5.568180333333333
24.583333333333332,762.0,5.568180333333333
24.666666666666668,760.0,5.2840895
24.75,717.0,2.8977265
24.916666666666668,718.0,3.0113628333333335
25.083333333333332,629.0,6.022725666666667
25.333333333333332,582.0,5.9659075
25.5,611.0,5.852271166666667
25.5,704.0,5.6249985
25.666666666666668,809.0,5.6249985
25.75,835.0,7.9545433333333335
25.916666666666668,899.0,4.7159078333333335
26.0,984.0,5.454544
26.166666666666668,996.0,5.454544
26.333333333333332,896.0,5.568180333333333
26.5,815.0,5.397725833333334
26.583333333333332,814.0,6.022725666666667
26.666666666666668,814.0,6.022725666666667
26.833333333333332,786.0,6.136362
26.916666666666668,711.0,5.340907666666666
27.0,704.0,5.340907666666666
27.083333333333332,714.0,6.249998333333333
27.166666666666668,715.0,6.249998333333333
27.25,749.0,6.079543833333333
27.333333333333332,801.0,6.079543833333333
27.416666666666668,809.0,5.568180333333333
27.583333333333332,775.0,5.568180333333333
27.75,731.0,5.568180333333333
27.916666666666668,728.0,5.568180333333333
28.083333333333332,729.0,5.568180333333333
28.25,680.0,5.909089333333333
28.333333333333332,679.0,5.227271333333333
28.416666666666668,701.0,2.6136356666666667
28.416666666666668,819.0,2.6136356666666667
28.416666666666668,875.0,2.6136356666666667
28.583333333333332,851.0,2.6136356666666667
28.75,795.0,5.568180333333333
28.916666666666668,771.0,5.568180333333333
29.083333333333332,751.0,5.9659075
29.25,710.0,5.511362166666667
29.333333333333332,694.0,6.363634666666667
29.5,717.0,6.363634666666667
29.583333333333332,709.0,5.909089333333333
29.666666666666668,712.0,5.909089333333333
29.833333333333332,741.0,5.909089333333333
29.916666666666668,741.0,5.170453166666666
30.0,715.0,5.170453166666666
30.166666666666668,690.0,5.170453166666666
30.333333333333332,702.0,5.170453166666666
30.5,736.0,5.170453166666666
30.666666666666668,773.0,5.227271333333333
30.666666666666668,748.0,5.852271166666667
30.833333333333332,717.0,5.852271166666667
31.0,717.0,6.193180166666667
31.166666666666668,832.0,6.193180166666667
31.166666666666668,897.0,4.9431805
31.25,879.0,1.761363166666667
31.333333333333332,856.0,1.761363166666667
31.333333333333332,843.0,1.8749995000000002
31.5,830.0,1.9318176666666669
31.666666666666668,830.0,4.8863623333333335
31.833333333333332,838.0,5.397725833333334
32.0,855.0,5.397725833333334
32.083333333333336,873.0,5.6249985
32.25,860.0,5.6249985
32.333333333333336,869.0,5.113635
32.416666666666664,925.0,2.8977265
32.416666666666664,999.0,2.8977265
32.416666666666664,972.0,2.8977265
32.5,816.0,2.8977265
32.666666666666664,744.0,5.568180333333333
32.833333333333336,732.0,5.568180333333333
33.0,750.0,5.511362166666667
33.166666666666664,792.0,5.852271166666667
33.333333333333336,812.0,5.454544
33.416666666666664,786.0,5.397725833333334
33.583333333333336,775.0,5.397725833333334
33.583333333333336,941.0,5.2840895
33.583333333333336,1039.0,5.2840895
33.583333333333336,958.0,5.2840895
33.75,823.0,5.2840895
33.833333333333336,774.0,6.3068165
34.0,881.0,5.681816666666667
34.166666666666664,880.0,5.681816666666667
34.333333333333336,828.0,5.568180333333333
34.5,810.0,5.568180333333333
34.666666666666664,879.0,5.568180333333333
34.833333333333336,885.0,5.568180333333333
34.916666666666664,926.0,5.2840895
35.0,896.0,5.2840895
35.0,802.0,2.5568175
35.083333333333336,822.0,2.5568175
35.25,923.0,5.795453
35.416666666666664,985.0,5.681816666666667
35.583333333333336,889.0,5.6249985
35.75,864.0,5.6249985
35.916666666666664,960.0,5.6249985
36.083333333333336,1010.0,5.681816666666667
36.25,972.0,5.511362166666667
36.333333333333336,865.0,5.454544
36.333333333333336,864.0,5.454544
36.333333333333336,863.0,5.454544
36.333333333333336,863.0,5.454544
36.5,902.0,5.454544
36.666666666666664,925.0,5.454544
36.833333333333336,965.0,5.795453
37.0,989.0,5.568180333333333
37.166666666666664,1004.0,5.568180333333333
37.25,1016.0,5.454544
37.416666666666664,1042.0,5.454544
37.583333333333336,1030.0,5.454544
37.583333333333336,999.0,5.568180333333333
37.583333333333336,962.0,5.568180333333333
37.666666666666664,951.0,1.0795451666666667
37.75,1010.0,1.0795451666666667
37.916666666666664,1062.0,4.9431805
38.083333333333336,1062.0,5.340907666666666
38.25,1033.0,5.795453
38.416666666666664,923.0,5.795453
38.583333333333336,947.0,5.795453
38.666666666666664,996.0,4.9999986666666665
38.916666666666664,1012.0,5.511362166666667
39.0,962.0,5.738634833333333
39.0,985.0,5.738634833333333
39.0,1026.0,5.738634833333333
39.083333333333336,1049.0,5.738634833333333
39.25,1022.0,5.738634833333333
39.416666666666664,975.0,5.6249985
39.583333333333336,960.0,5.852271166666667
39.666666666666664,956.0,5.340907666666666
39.75,957.0,3.068181
39.833333333333336,953.0,3.068181
40.0,941.0,5.340907666666666
40.083333333333336,949.0,5.340907666666666
40.083333333333336,959.0,5.340907666666666
40.083333333333336,957.0,5.340907666666666
40.166666666666664,950.0,5.340907666666666
40.25,958.0,0.7954543333333334
40.416666666666664,973.0,2.727272
40.583333333333336,965.0,5.340907666666666
40.75,911.0,5.909089333333333
40.833333333333336,902.0,5.113635
40.916666666666664,912.0,6.136362
41.083333333333336,929.0,6.136362
41.166666666666664,936.0,5.738634833333333
41.25,936.0,5.738634833333333
41.25,940.0,1.761363166666667
41.416666666666664,948.0,1.761363166666667
41.583333333333336,960.0,5.852271166666667
41.666666666666664,965.0,5.454544
41.833333333333336,960.0,5.454544
41.916666666666664,959.0,5.568180333333333
42.083333333333336,961.0,5.568180333333333
42.083333333333336,958.0,6.3068165
42.333333333333336,919.0,6.3068165
42.416666666666664,901.0,5.397725833333334
42.416666666666664,889.0,4.7159078333333335
42.5,880.0,4.7159078333333335
42.583333333333336,893.0,6.477271
42.666666666666664,904.0,6.477271
42.833333333333336,911.0,5.738634833333333
43.0,933.0,5.2840895
43.166666666666664,968.0,5.454544
43.333333333333336,1030.0,5.227271333333333
43.5,989.0,5.9659075
43.666666666666664,894.0,5.9659075
43.75,819.0,4.8863623333333335
43.75,774.0,4.8863623333333335
43.833333333333336,756.0,4.8863623333333335
43.833333333333336,807.0,1.2499996666666666
43.916666666666664,941.0,1.2499996666666666
44.083333333333336,1036.0,5.113635
44.25,1027.0,5.340907666666666
44.416666666666664,954.0,5.6249985
44.5,900.0,5.568180333333333
44.666666666666664,848.0,5.568180333333333
44.75,835.0,5.227271333333333
44.916666666666664,857.0,5.227271333333333
45.0,919.0,5.852271166666667
45.0,1026.0,5.852271166666667
45.083333333333336,1108.0,1.363636
45.083333333333336,1011.0,1.363636
45.25,945.0,1.363636
45.25,993.0,6.420452833333333
45.416666666666664,1068.0,6.420452833333333
45.583333333333336,1074.0,5.852271166666667
45.75,1072.0,5.6249985
45.833333333333336,1050.0,5.454544
46.0,1050.0,5.454544
46.166666666666664,1050.0,5.227271333333333
46.25,1092.0,5.511362166666667
46.333333333333336,1084.0,2.8409083333333336
46.5,1047.0,2.8409083333333336
46.666666666666664,1018.0,2.8409083333333336
46.833333333333336,1031.0,5.738634833333333
46.916666666666664,1044.0,5.511362166666667
47.083333333333336,1040.0,5.511362166666667
47.25,1024.0,5.511362166666667
47.416666666666664,1012.0,5.454544
47.583333333333336,999.0,5.568180333333333
47.75,981.0,5.568180333333333
47.916666666666664,980.0,5.511362166666667
48.0,998.0,5.568180333333333
48.0,1066.0,5.568180333333333
48.166666666666664,1077.0,5.568180333333333
48.333333333333336,1048.0,5.568180333333333
48.5,1036.0,5.568180333333333
48.666666666666664,1052.0,5.511362166666667
48.833333333333336,1053.0,5.568180333333333
49.0,1033.0,5.568180333333333
49.166666666666664,992.0,5.568180333333333
49.25,966.0,5.681816666666667
49.416666666666664,1013.0,5.340907666666666
49.5,1024.0,5.113635
49.5,1058.0,5.113635
49.5,1058.0,5.113635
49.583333333333336,1010.0,5.113635
49.75,976.0,5.113635
49.916666666666664,1011.0,5.397725833333334
50.083333333333336,1049.0,5.397725833333334
50.25,1021.0,5.397725833333334
50.416666666666664,901.0,5.113635
50.583333333333336,878.0,5.568180333333333
50.75,893.0,5.568180333333333
50.75,893.0,5.6249985
50.916666666666664,922.0,5.6249985
51.083333333333336,895.0,5.454544
51.25,861.0,5.909089333333333
51.416666666666664,848.0,5.909089333333333
51.583333333333336,868.0,5.6249985
51.75,868.0,5.6249985
51.916666666666664,899.0,5.6249985
52.083333333333336,941.0,5.6249985
52.166666666666664,987.0,5.340907666666666
52.333333333333336,1025.0,5.340907666666666
52.5,1119.0,5.340907666666666
52.583333333333336,1156.0,5.454544
52.75,1143.0,5.056816833333333
52.75,1092.0,4.9999986666666665
52.833333333333336,1065.0,4.9999986666666665
53.0,1055.0,5.454544
53.166666666666664,1028.0,5.2840895
53.333333333333336,1027.0,5.2840895
53.5,1045.0,5.2840895
53.666666666666664,1073.0,5.2840895
53.833333333333336,1078.0,5.681816666666667
54.0,1084.0,5.6249985
54.166666666666664,1091.0,5.6249985
54.25,1091.0,5.511362166666667
54.25,1097.0,2.670453833333333
54.333333333333336,1113.0,2.670453833333333
54.5,1132.0,2.670453833333333
54.666666666666664,1126.0,5.397725833333334
54.833333333333336,1109.0,5.397725833333334
55.0,1100.0,5.454544
55.083333333333336,1098.0,5.6249985
55.166666666666664,1096.0,5.397725833333334
55.333333333333336,1093.0,5.397725833333334
55.416666666666664,1051.0,5.340907666666666
55.5,968.0,2.5568175
55.5,938.0,2.5568175
55.666666666666664,1005.0,2.5568175
55.75,1035.0,4.9999986666666665
55.916666666666664,1023.0,4.9999986666666665
56.083333333333336,1022.0,4.9999986666666665
56.25,1022.0,5.909089333333333
56.333333333333336,991.0,4.8295441666666665
56.333333333333336,990.0,2.9545446666666666
56.5,1006.0,6.249998333333333
56.583333333333336,1011.0,6.249998333333333
56.75,983.0,5.681816666666667
56.833333333333336,981.0,5.170453166666666
56.833333333333336,1005.0,5.170453166666666
56.916666666666664,1005.0,1.363636
57.083333333333336,1033.0,2.8977265
57.25,1040.0,5.852271166666667
57.333333333333336,1052.0,5.852271166666667
57.5,1098.0,5.852271166666667
57.583333333333336,1122.0,4.9999986666666665
57.666666666666664,1104.0,6.249998333333333
57.666666666666664,1059.0,6.249998333333333
57.833333333333336,1052.0,6.249998333333333
58.0,1048.0,5.340907666666666
58.0,1035.0,5.170453166666666
58.0,996.0,5.170453166666666
58.166666666666664,1066.0,5.170453166666666
58.333333333333336,1065.0,5.170453166666666
58.5,1106.0,5.2840895
58.666666666666664,1031.0,5.2840895
58.833333333333336,1083.0,5.2840895
58.916666666666664,1207.0,6.022725666666667
59.083333333333336,1322.0,5.340907666666666
59.25,1319.0,5.852271166666667
59.25,1114.0,5.852271166666667
59.25,1005.0,5.852271166666667
59.25,1010.0,5.852271166666667
59.416666666666664,1092.0,5.852271166666667
59.583333333333336,1167.0,5.340907666666666
59.666666666666664,1143.0,6.022725666666667
59.833333333333336,1132.0,5.2840895
59.916666666666664,1131.0,5.2840895
60.083333333333336,1172.0,5.2840895
60.25,1215.0,5.2840895
60.416666666666664,1203.0,5.2840895
60.583333333333336,1177.0,5.2840895
60.666666666666664,1157.0,4.9431805
60.666666666666664,1155.0,4.9431805
60.833333333333336,1190.0,4.9431805
61.0,1218.0,5.397725833333334
61.083333333333336,1221.0,5.340907666666666
61.25,1210.0,5.340907666666666
61.416666666666664,1220.0,5.340907666666666
61.5,1254.0,5.2840895
61.5,1259.0,5.2840895
61.666666666666664,1256.0,5.2840895
61.833333333333336,1121.0,4.8863623333333335
62.0,1121.0,4.8863623333333335
62.083333333333336,1108.0,5.340907666666666
62.083333333333336,1118.0,2.5568175
62.083333333333336,1130.0,2.5568175
62.166666666666664,1120.0,2.5568175
62.25,1087.0,5.511362166666667
62.416666666666664,1063.0,5.511362166666667
62.583333333333336,1075.0,5.511362166666667
62.75,1135.0,5.511362166666667
62.916666666666664,1167.0,5.511362166666667
63.0,1141.0,4.7159078333333335
63.166666666666664,1134.0,7.329543500000001
63.25,1133.0,7.329543500000001
63.333333333333336,1123.0,5.6249985
63.333333333333336,1107.0,5.6249985
63.333333333333336,1075.0,5.6249985
63.5,1062.0,5.6249985
63.666666666666664,1103.0,5.6249985
63.833333333333336,1195.0,5.6249985
64.0,1187.0,5.511362166666667
64.16666666666667,1148.0,5.511362166666667
64.33333333333333,1125.0,5.511362166666667
64.5,1120.0,5.511362166666667
64.66666666666667,1129.0,5.681816666666667
64.66666666666667,1129.0,5.056816833333333
64.66666666666667,1145.0,5.056816833333333
64.66666666666667,1157.0,5.056816833333333
64.75,1133.0,5.056816833333333
64.91666666666667,1099.0,5.056816833333333
65.08333333333333,1095.0,5.568180333333333
65.25,1109.0,5.568180333333333
65.41666666666667,1178.0,5.568180333333333
65.5,1215.0,5.511362166666667
65.66666666666667,1120.0,5.511362166666667
65.83333333333333,941.0,5.511362166666667
65.91666666666667,960.0,5.227271333333333
66.0,1069.0,5.227271333333333
66.16666666666667,1034.0,5.2840895
66.25,962.0,5.681816666666667
66.33333333333333,952.0,5.227271333333333
66.5,953.0,5.397725833333334
66.66666666666667,1031.0,5.397725833333334
66.83333333333333,1031.0,5.397725833333334
66.91666666666667,1188.0,5.681816666666667
67.0,1189.0,6.874998166666668
67.16666666666667,1061.0,6.874998166666668
67.33333333333333,1088.0,6.022725666666667
67.41666666666667,1145.0,5.6249985
67.41666666666667,1165.0,5.6249985
67.41666666666667,1133.0,5.6249985
67.5,1058.0,0.8522725
67.58333333333333,1063.0,2.7840901666666666
67.75,1228.0,5.852271166666667
67.91666666666667,1195.0,5.852271166666667
68.08333333333333,980.0,5.454544
68.25,975.0,5.227271333333333
68.41666666666667,1063.0,5.454544
68.58333333333333,1242.0,5.511362166666667
68.75,1280.0,5.227271333333333
68.91666666666667,1036.0,5.397725833333334
69.0,846.0,5.511362166666667
69.16666666666667,874.0,5.511362166666667
69.33333333333333,1125.0,5.511362166666667
69.5,1207.0,5.681816666666667
69.66666666666667,1125.0,5.681816666666667
69.83333333333333,1019.0,5.681816666666667
70.0,971.0,5.568180333333333
70.16666666666667,1093.0,5.568180333333333
70.25,1187.0,5.511362166666667
70.41666666666667,1188.0,5.511362166666667
70.41666666666667,1104.0,5.113635
70.41666666666667,1152.0,5.113635
70.41666666666667,1125.0,5.113635
70.58333333333333,1098.0,5.113635
70.75,1116.0,5.397725833333334
70.91666666666667,1193.0,5.397725833333334
71.08333333333333,1142.0,5.397725833333334
71.25,1057.0,5.397725833333334
71.41666666666667,1034.0,5.397725833333334
71.5,1086.0,5.454544
71.58333333333333,1037.0,5.681816666666667
71.75,1027.0,5.681816666666667
71.91666666666667,1080.0,5.2840895
72.08333333333333,1079.0,5.568180333333333
72.25,1131.0,5.568180333333333
72.33333333333333,1131.0,5.2840895
72.5,1159.0,5.2840895
72.66666666666667,1200.0,5.340907666666666
72.83333333333333,1211.0,5.340907666666666
73.0,1214.0,5.340907666666666
73.0,1232.0,5.454544
73.16666666666667,1137.0,5.454544
73.33333333333333,1048.0,5.454544
73.41666666666667,1066.0,5.681816666666667
73.5,1257.0,2.5568175
73.66666666666667,1203.0,5.056816833333333
73.75,1151.0,5.454544
73.91666666666667,1074.0,5.454544
74.08333333333333,1108.0,5.454544
74.16666666666667,1253.0,5.511362166666667
74.33333333333333,1223.0,5.340907666666666
74.5,1104.0,5.340907666666666
74.58333333333333,1069.0,4.9431805
74.75,1236.0,4.9431805
74.91666666666667,1247.0,5.340907666666666
75.0,1181.0,5.2840895
75.0,1134.0,5.2840895
75.08333333333333,1147.0,5.2840895
75.25,1178.0,5.2840895
75.41666666666667,1202.0,5.170453166666666
75.5,1190.0,5.909089333333333
75.66666666666667,1155.0,5.909089333333333
75.83333333333333,1129.0,5.6249985
76.0,1176.0,5.568180333333333
76.16666666666667,1248.0,5.511362166666667
76.33333333333333,1238.0,5.454544
76.41666666666667,1100.0,5.340907666666666
76.5,1193.0,2.5568175
76.5,1262.0,2.5568175
76.66666666666667,1199.0,2.5568175
76.83333333333333,1076.0,5.397725833333334
77.0,1104.0,5.397725833333334
77.08333333333333,1164.0,5.397725833333334
77.25,1168.0,6.136362
77.41666666666667,1144.0,6.136362
77.58333333333333,1136.0,5.568180333333333
77.75,1150.0,5.568180333333333
77.91666666666667,1136.0,5.568180333333333
78.08333333333333,1136.0,5.511362166666667
78.08333333333333,1124.0,5.2840895
78.16666666666667,1174.0,5.2840895
78.33333333333333,1249.0,5.2840895
78.5,1177.0,5.2840895
78.66666666666667,1072.0,5.2840895
78.83333333333333,1042.0,5.2840895
79.0,1081.0,5.6249985
79.16666666666667,1076.0,5.6249985
79.25,1121.0,5.511362166666667
79.41666666666667,1170.0,5.227271333333333
79.58333333333333,1159.0,5.227271333333333
79.66666666666667,1154.0,4.9431805
79.66666666666667,1233.0,4.9431805
79.83333333333333,1293.0,4.9431805
80.0,1221.0,5.2840895
80.16666666666667,1136.0,5.2840895
80.33333333333333,1169.0,5.2840895
80.5,1246.0,5.2840895
80.58333333333333,1289.0,5.2840895
80.75,1211.0,5.2840895
80.91666666666667,1179.0,5.2840895
80.91666666666667,1216.0,5.340907666666666
80.91666666666667,1275.0,5.340907666666666
80.91666666666667,1308.0,5.340907666666666
80.91666666666667,1260.0,5.340907666666666
81.08333333333333,1261.0,6.193180166666667
81.25,1166.0,6.193180166666667
81.41666666666667,1157.0,5.568180333333333
81.5,1213.0,4.7159078333333335
81.58333333333333,1177.0,2.4431811666666667
81.66666666666667,1119.0,2.4431811666666667
81.66666666666667,1155.0,1.8181813333333334
81.83333333333333,1324.0,2.4999993333333332
81.91666666666667,1312.0,5.6249985
82.08333333333333,1308.0,5.6249985
82.25,1296.0,5.2840895
82.41666666666667,1260.0,5.2840895
82.58333333333333,1163.0,5.2840895
82.66666666666667,1133.0,5.340907666666666
82.83333333333333,1133.0,5.2840895
83.0,1341.0,5.2840895
83.16666666666667,1341.0,5.2840895
83.33333333333333,1111.0,5.2840895
83.5,1111.0,5.2840895
83.5,1273.0,4.6022715000000005
83.5,1400.0,4.6022715000000005
83.5,1328.0,4.6022715000000005
83.5,1212.0,4.6022715000000005
83.5,1154.0,4.6022715000000005
83.58333333333333,1108.0,4.6022715000000005
83.75,1105.0,4.6022715000000005
83.91666666666667,1168.0,4.6022715000000005
84.08333333333333,1171.0,4.6022715000000005
84.25,1163.0,4.8863623333333335
84.41666666666667,1161.0,5.227271333333333
84.5,1309.0,5.2840895
84.66666666666667,1385.0,5.227271333333333
84.75,1307.0,4.034089833333334
84.75,1270.0,4.034089833333334
84.75,1386.0,4.034089833333334
84.91666666666667,1326.0,4.034089833333334
85.0,1158.0,5.2840895
85.16666666666667,1075.0,5.2840895
85.33333333333333,1120.0,5.397725833333334
85.33333333333333,1279.0,5.454544
85.41666666666667,1308.0,5.454544
85.58333333333333,1299.0,5.454544
85.75,1251.0,4.9999986666666665
85.83333333333333,1290.0,5.340907666666666
86.0,1393.0,5.340907666666666
86.08333333333333,1433.0,5.170453166666666
86.25,1390.0,5.170453166666666
86.41666666666667,1333.0,4.8295441666666665
86.41666666666667,1376.0,5.340907666666666
86.58333333333333,1347.0,5.340907666666666
86.75,1272.0,4.9431805
86.91666666666667,1228.0,4.9431805
87.08333333333333,1181.0,4.9431805
87.16666666666667,1152.0,5.113635
87.16666666666667,1156.0,2.5568175
87.25,1162.0,2.5568175
87.25,1161.0,1.704545
87.25,1155.0,1.704545
87.25,1173.0,1.704545
87.33333333333333,1173.0,1.704545
87.5,1206.0,4.8295441666666665
87.66666666666667,1315.0,5.113635
87.83333333333333,1282.0,5.113635
87.91666666666667,1256.0,4.545453333333334
88.08333333333333,1294.0,5.340907666666666
88.25,1352.0,5.113635
88.41666666666667,1353.0,5.113635
88.58333333333333,1284.0,5.113635
88.58333333333333,1201.0,5.056816833333333
88.58333333333333,1151.0,5.056816833333333
88.58333333333333,1210.0,5.056816833333333
88.66666666666667,1273.0,5.056816833333333
88.83333333333333,1306.0,5.056816833333333
88.91666666666667,1353.0,5.397725833333334
89.08333333333333,1342.0,5.170453166666666
89.25,1265.0,5.170453166666666
89.41666666666667,1274.0,5.170453166666666
89.58333333333333,1238.0,5.113635
89.66666666666667,1244.0,5.2840895
89.83333333333333,1352.0,5.056816833333333
90.0,1355.0,5.056816833333333
90.0,1254.0,4.659089666666667
90.0,1133.0,4.659089666666667
90.0,1132.0,4.659089666666667
90.16666666666667,1309.0,4.659089666666667
90.33333333333333,1315.0,4.659089666666667
90.5,1220.0,4.9999986666666665
90.66666666666667,1218.0,5.056816833333333
90.75,1289.0,5.227271333333333
90.91666666666667,1291.0,5.227271333333333
91.08333333333333,1270.0,5.227271333333333
91.25,1178.0,5.227271333333333
91.33333333333333,1125.0,5.170453166666666
91.41666666666667,1253.0,2.4999993333333332
91.5,1261.0,2.4999993333333332
91.5,1225.0,2.5568175
91.5,1219.0,2.5568175
91.66666666666667,1275.0,2.5568175
91.75,1341.0,5.113635
91.91666666666667,1342.0,5.113635
92.08333333333333,1374.0,5.113635
92.25,1401.0,5.2840895
92.41666666666667,1401.0,5.2840895
92.5,1270.0,5.795453
92.58333333333333,1146.0,2.6136356666666667
92.66666666666667,1115.0,2.6136356666666667
92.66666666666667,1180.0,2.272726666666667
92.66666666666667,1376.0,2.272726666666667
92.75,1377.0,1.0227270000000002
92.91666666666667,1304.0,5.056816833333333
93.0,1235.0,5.397725833333334
93.16666666666667,1288.0,5.397725833333334
93.33333333333333,1327.0,5.170453166666666
93.5,1349.0,5.170453166666666
93.58333333333333,1346.0,4.7159078333333335
93.75,1312.0,5.113635
93.91666666666667,1276.0,5.113635
93.91666666666667,1278.0,5.227271333333333
93.91666666666667,1300.0,5.227271333333333
94.0,1298.0,5.227271333333333
94.08333333333333,1226.0,0.9659088333333334
94.25,1147.0,4.431817000000001
94.41666666666667,1113.0,5.113635
94.5,1122.0,4.7727260000000005
94.66666666666667,1388.0,4.7727260000000005
94.83333333333333,1497.0,4.7727260000000005
95.0,1360.0,4.9999986666666665
95.16666666666667,1144.0,5.340907666666666
95.25,1138.0,4.9999986666666665
95.41666666666667,1195.0,4.9999986666666665
95.5,1352.0,4.374998833333334
95.5,1431.0,4.374998833333334
95.5,1372.0,4.374998833333334
95.66666666666667,1248.0,4.374998833333334
95.83333333333333,1265.0,4.8863623333333335
96.0,1368.0,4.8863623333333335
96.08333333333333,1447.0,5.909089333333333
96.25,1425.0,5.056816833333333
96.41666666666667,1381.0,5.113635
96.58333333333333,1332.0,4.9999986666666665
96.66666666666667,1308.0,5.454544
96.83333333333333,1299.0,4.9431805
96.91666666666667,1291.0,4.431817000000001
97.0,1276.0,4.431817000000001
97.08333333333333,1276.0,1.5909086666666667
97.25,1311.0,5.056816833333333
97.41666666666667,1367.0,5.056816833333333
97.58333333333333,1373.0,4.9999986666666665
97.66666666666667,1346.0,4.8863623333333335
97.83333333333333,1347.0,4.8863623333333335
98.0,1440.0,4.8863623333333335
98.16666666666667,1531.0,4.8863623333333335
98.25,1445.0,4.6022715000000005
98.41666666666667,1321.0,4.6022715000000005
98.58333333333333,1245.0,4.6022715000000005
98.66666666666667,1245.0,4.6022715000000005
98.83333333333333,1288.0,4.6022715000000005
98.91666666666667,1422.0,5.170453166666666
98.91666666666667,1394.0,5.170453166666666
99.0,1317.0,1.2499996666666666
99.16666666666667,1324.0,4.7159078333333335
99.33333333333333,1336.0,4.8295441666666665
99.5,1306.0,5.056816833333333
99.58333333333333,1293.0,5.397725833333334
99.75,1333.0,5.340907666666666
99.91666666666667,1413.0,5.170453166666666
100.0,1381.0,4.7727260000000005
100.08333333333333,1356.0,4.9431805
100.25,1387.0,4.9431805
100.33333333333333,1413.0,4.8863623333333335
100.33333333333333,1418.0,4.8863623333333335
100.33333333333333,1391.0,4.8863623333333335
100.41666666666667,1371.0,0.9659088333333334
100.5,1360.0,2.5568175
100.66666666666667,1364.0,4.6022715000000005
100.83333333333333,1347.0,4.8295441666666665
101.0,1331.0,4.8295441666666665
101.08333333333333,1308.0,4.6022715000000005
101.25,1307.0,4.7159078333333335
101.41666666666667,1310.0,4.7159078333333335
101.58333333333333,1313.0,4.7159078333333335
101.66666666666667,1311.0,4.8863623333333335
101.83333333333333,1329.0,4.8863623333333335
101.83333333333333,1351.0,5.568180333333333
102.0,1352.0,5.568180333333333
102.16666666666667,1344.0,5.568180333333333
102.33333333333333,1320.0,4.8863623333333335
102.41666666666667,1320.0,4.431817000000001
102.58333333333333,1328.0,4.431817000000001
102.75,1374.0,4.659089666666667
102.75,1403.0,4.9999986666666665
102.83333333333333,1387.0,4.9999986666666665
103.0,1318.0,4.9999986666666665
103.08333333333333,1291.0,4.7159078333333335
103.25,1320.0,4.488635166666667
103.33333333333333,1321.0,5.170453166666666
103.33333333333333,1291.0,5.170453166666666
103.5,1296.0,5.170453166666666
103.58333333333333,1295.0,5.568180333333333
103.66666666666667,1293.0,5.227271333333333
103.83333333333333,1293.0,5.227271333333333
104.0,1306.0,5.113635
104.08333333333333,1347.0,4.7159078333333335
104.25,1438.0,4.6022715000000005
104.41666666666667,1451.0,4.6022715000000005
104.5,1459.0,4.7727260000000005
104.66666666666667,1468.0,4.7727260000000005
104.66666666666667,1454.0,4.488635166666667
104.75,1498.0,4.488635166666667
104.83333333333333,1521.0,1.5909086666666667
104.91666666666667,1391.0,4.488635166666667
105.0,1313.0,4.488635166666667
105.16666666666667,1290.0,4.488635166666667
105.33333333333333,1291.0,4.488635166666667
105.41666666666667,1274.0,4.7159078333333335
105.58333333333333,1365.0,4.7727260000000005
105.58333333333333,1452.0,3.9204535000000003
105.66666666666667,1468.0,3.9204535000000003
105.83333333333333,1385.0,3.9204535000000003
105.91666666666667,1325.0,4.488635166666667
106.0,1381.0,4.545453333333334
106.0,1457.0,2.0454540000000003
106.0,1484.0,2.0454540000000003
106.0,1454.0,2.0454540000000003
106.16666666666667,1478.0,2.0454540000000003
106.25,1498.0,5.113635
106.33333333333333,1520.0,2.102272166666667
106.5,1491.0,2.102272166666667
106.58333333333333,1368.0,5.113635
106.75,1283.0,4.7159078333333335
106.83333333333333,1283.0,4.8863623333333335
106.91666666666667,1289.0,4.090908000000001
107.0,1371.0,2.0454540000000003
107.08333333333333,1472.0,2.0454540000000003
107.16666666666667,1396.0,2.4431811666666667
107.16666666666667,1276.0,2.2159085000000003
107.25,1256.0,2.272726666666667
107.25,1372.0,2.272726666666667
107.25,1464.0,2.272726666666667
107.33333333333333,1511.0,0.8522725
107.41666666666667,1499.0,4.374998833333334
107.5,1440.0,1.9886358333333334
107.66666666666667,1456.0,1.9886358333333334
107.75,1492.0,3.806817166666667
107.75,1463.0,2.3863630000000002
107.83333333333333,1434.0,2.2159085000000003
107.83333333333333,1461.0,2.2159085000000003
108.0,1499.0,2.2159085000000003
108.08333333333333,1523.0,4.6022715000000005
108.16666666666667,1523.0,4.034089833333334
108.33333333333333,1502.0,4.034089833333334
108.33333333333333,1478.0,5.2840895
108.41666666666667,1436.0,5.2840895
108.41666666666667,1448.0,1.363636
108.58333333333333,1514.0,2.2159085000000003
108.58333333333333,1616.0,4.261362500000001
108.75,1546.0,4.261362500000001
108.83333333333333,1523.0,4.318180666666667
109.0,1551.0,4.318180666666667
109.08333333333333,1566.0,4.488635166666667
109.25,1501.0,4.488635166666667
109.25,1455.0,4.545453333333334
109.41666666666667,1469.0,4.545453333333334
109.5,1524.0,4.431817000000001
109.58333333333333,1525.0,3.8636353333333338
109.66666666666667,1542.0,3.7499990000000003
109.66666666666667,1576.0,3.7499990000000003
109.66666666666667,1595.0,3.7499990000000003
109.75,1650.0,0.8522725
109.83333333333333,1655.0,0.8522725
109.83333333333333,1645.0,2.1590903333333333
109.91666666666667,1616.0,1.8749995000000002
110.08333333333333,1616.0,1.8749995000000002
110.16666666666667,1522.0,4.9431805
110.25,1490.0,3.40909
110.33333333333333,1498.0,3.40909
110.33333333333333,1500.0,2.0454540000000003
110.33333333333333,1413.0,2.0454540000000003
110.5,1317.0,2.0454540000000003
110.5,1355.0,3.9772716666666668
110.5,1452.0,3.9772716666666668
110.5,1545.0,3.9772716666666668
110.5,1585.0,3.9772716666666668
110.5,1587.0,3.9772716666666668
110.58333333333333,1587.0,3.9772716666666668
110.75,1639.0,4.090908000000001
110.83333333333333,1683.0,4.374998833333334
110.91666666666667,1649.0,4.034089833333334
111.08333333333333,1621.0,4.147726166666667
111.16666666666667,1656.0,4.545453333333334
111.25,1758.0,3.8636353333333338
111.25,1823.0,3.8636353333333338
111.25,1734.0,3.8636353333333338
111.33333333333333,1696.0,3.8636353333333338
111.41666666666667,1725.0,0.7954543333333334
111.41666666666667,1702.0,4.090908000000001
111.41666666666667,1628.0,4.090908000000001
111.41666666666667,1589.0,4.090908000000001
111.41666666666667,1589.0,4.090908000000001
111.5,1572.0,4.090908000000001
111.5,1621.0,0.5681816666666667
111.66666666666667,1645.0,1.8749995000000002
111.75,1655.0,4.261362500000001
111.83333333333333,1633.0,4.034089833333334
112.0,1566.0,4.034089833333334
112.08333333333333,1591.0,4.488635166666667
112.16666666666667,1618.0,3.693180833333334
112.33333333333333,1622.0,3.693180833333334
112.33333333333333,1536.0,4.034089833333334
112.41666666666667,1486.0,1.9318176666666669
112.58333333333333,1504.0,3.5795445000000004
112.66666666666667,1543.0,4.034089833333334
112.83333333333333,1543.0,4.034089833333334
112.83333333333333,1577.0,3.636362666666667
112.91666666666667,1641.0,1.9318176666666669
112.91666666666667,1641.0,1.9318176666666669
113.0,1667.0,1.9318176666666669
113.08333333333333,1629.0,4.034089833333334
113.16666666666667,1452.0,4.034089833333334
113.25,1445.0,1.761363166666667
113.33333333333333,1528.0,3.522726333333334
113.5,1616.0,3.522726333333334
113.58333333333333,1704.0,3.636362666666667
113.66666666666667,1763.0,3.5795445000000004
113.75,1690.0,3.5795445000000004
113.83333333333333,1606.0,1.8749995000000002
114.0,1628.0,3.806817166666667
114.08333333333333,1709.0,3.9204535000000003
114.16666666666667,1655.0,3.7499990000000003
114.25,1522.0,3.9772716666666668
114.25,1425.0,3.9772716666666668
114.25,1405.0,3.9772716666666668
114.33333333333333,1423.0,0.9659088333333334
114.41666666666667,1435.0,3.5795445000000004
114.41666666666667,1469.0,3.5795445000000004
114.58333333333333,1503.0,3.5795445000000004
114.66666666666667,1469.0,4.374998833333334
114.75,1505.0,4.318180666666667
114.91666666666667,1611.0,4.318180666666667
115.0,1655.0,4.261362500000001
115.08333333333333,1667.0,3.5795445000000004
115.16666666666667,1654.0,3.40909
115.33333333333333,1642.0,3.40909
115.41666666666667,1631.0,4.318180666666667
115.5,1596.0,3.40909
115.66666666666667,1553.0,3.8636353333333338
115.75,1553.0,3.9772716666666668
115.75,1544.0,3.636362666666667
115.91666666666667,1515.0,3.636362666666667
116.0,1608.0,3.2954536666666665
116.08333333333333,1659.0,4.431817000000001
116.25,1660.0,4.431817000000001
116.33333333333333,1677.0,4.488635166666667
116.5,1802.0,4.488635166666667
116.58333333333333,1837.0,4.659089666666667
116.58333333333333,1890.0,3.7499990000000003
116.66666666666667,1956.0,1.8181813333333334
116.83333333333333,1921.0,1.8181813333333334
116.91666666666667,1921.0,4.318180666666667
117.08333333333333,1827.0,4.318180666666667
117.16666666666667,1806.0,3.806817166666667
117.25,1748.0,3.693180833333334
117.33333333333333,1687.0,3.9204535000000003
117.5,1615.0,3.7499990000000003
117.58333333333333,1574.0,4.318180666666667
117.58333333333333,1581.0,4.318180666666667
117.75,1622.0,4.318180666666667
117.83333333333333,1646.0,3.636362666666667
117.91666666666667,1628.0,3.522726333333334
118.0,1627.0,3.693180833333334
118.16666666666667,1583.0,3.693180833333334
118.25,1507.0,3.40909
118.33333333333333,1514.0,3.522726333333334
118.41666666666667,1525.0,3.522726333333334
118.5,1551.0,1.704545
118.58333333333333,1603.0,3.693180833333334
118.75,1619.0,3.5795445000000004
118.83333333333333,1628.0,3.522726333333334
118.91666666666667,1673.0,3.40909
119.0,1730.0,3.5795445000000004
119.16666666666667,1766.0,3.5795445000000004
119.25,1722.0,3.636362666666667
119.33333333333333,1645.0,3.352271833333334
119.41666666666667,1643.0,3.522726333333334
119.58333333333333,1554.0,3.522726333333334
119.66666666666667,1549.0,3.1818173333333335
119.75,1572.0,3.4659081666666665
119.91666666666667,1595.0,3.9204535000000003
120.0,1631.0,3.7499990000000003
120.08333333333333,1685.0,3.5795445000000004
120.16666666666667,1782.0,4.034089833333334
120.33333333333333,1818.0,4.034089833333334
120.41666666666667,1716.0,3.7499990000000003
120.5,1563.0,3.522726333333334
120.58333333333333,1453.0,3.068181
120.75,1441.0,3.068181
120.83333333333333,1449.0,3.693180833333334
120.91666666666667,1447.0,3.40909
121.0,1466.0,3.5795445000000004
121.16666666666667,1608.0,3.522726333333334
121.25,1608.0,3.522726333333334
121.33333333333333,1726.0,3.693180833333334
121.41666666666667,1722.0,3.8636353333333338
121.58333333333333,1684.0,3.8636353333333338
121.66666666666667,1737.0,3.9772716666666668
121.75,1783.0,3.9772716666666668
121.83333333333333,1784.0,3.5795445000000004
121.91666666666667,1744.0,3.1249991666666666
122.08333333333333,1775.0,3.40909
122.16666666666667,1762.0,4.147726166666667
122.25,1641.0,3.40909
122.33333333333333,1563.0,3.806817166666667
122.5,1628.0,3.806817166666667
122.58333333333333,1674.0,3.352271833333334
122.66666666666667,1624.0,3.2954536666666665
122.75,1615.0,3.40909
122.91666666666667,1624.0,3.40909
123.0,1569.0,3.522726333333334
123.0,1572.0,3.5795445000000004
123.08333333333333,1597.0,1.8181813333333334
123.16666666666667,1630.0,3.1818173333333335
123.33333333333333,1690.0,3.1818173333333335
123.41666666666667,1664.0,3.636362666666667
123.5,1639.0,3.2954536666666665
123.58333333333333,1655.0,3.636362666666667
123.66666666666667,1684.0,3.636362666666667
123.75,1725.0,1.5909086666666667
123.83333333333333,1779.0,3.693180833333334
123.91666666666667,1740.0,3.2954536666666665
124.08333333333333,1686.0,3.2954536666666665
124.08333333333333,1677.0,3.352271833333334
124.25,1658.0,3.352271833333334
124.33333333333333,1646.0,3.693180833333334
124.41666666666667,1627.0,3.352271833333334
124.41666666666667,1666.0,3.068181
124.5,1771.0,1.5340905
124.66666666666667,1831.0,3.40909
124.75,1838.0,3.5795445000000004
124.83333333333333,1825.0,3.40909
124.91666666666667,1817.0,2.8977265
125.0,1778.0,3.9204535000000003
125.08333333333333,1812.0,2.8977265
125.16666666666667,1865.0,3.636362666666667
125.25,1865.0,3.2954536666666665
125.33333333333333,1795.0,3.0113628333333335
125.5,1759.0,3.0113628333333335
125.58333333333333,1734.0,3.352271833333334
125.66666666666667,1729.0,2.8977265
125.75,1785.0,3.352271833333334
125.83333333333333,1769.0,3.352271833333334
125.91666666666667,1699.0,3.0113628333333335
126.0,1694.0,3.2386355
126.08333333333333,1759.0,3.0113628333333335
126.16666666666667,1848.0,3.4659081666666665
126.25,1853.0,2.8409083333333336
126.33333333333333,1830.0,3.1249991666666666
126.5,1816.0,3.1249991666666666
126.58333333333333,1810.0,3.1818173333333335
126.66666666666667,1735.0,3.068181
126.75,1704.0,2.6136356666666667
126.83333333333333,1705.0,3.522726333333334
126.91666666666667,1701.0,3.522726333333334
127.0,1657.0,2.8977265
127.08333333333333,1622.0,2.8409083333333336
127.08333333333333,1581.0,2.8409083333333336
127.08333333333333,1568.0,2.8409083333333336
127.16666666666667,1652.0,0.9659088333333334
127.25,1700.0,3.2386355
127.25,1701.0,3.2386355
127.33333333333333,1835.0,1.4772723333333333
127.41666666666667,1890.0,2.8409083333333336
127.41666666666667,1801.0,2.8409083333333336
127.5,1735.0,1.4204541666666668
127.5,1699.0,1.4204541666666668
127.5,1675.0,1.4204541666666668
127.5,1669.0,1.4204541666666668
127.5,1663.0,1.4204541666666668
127.58333333333333,1669.0,0.5681816666666667
127.66666666666667,1672.0,2.7840901666666666
127.75,1824.0,2.7840901666666666
127.75,1911.0,2.102272166666667
127.83333333333333,1933.0,2.102272166666667
127.91666666666667,1931.0,1.4772723333333333
128.0,1927.0,3.352271833333334
128.08333333333334,1918.0,2.7840901666666666
128.16666666666666,1910.0,2.6136356666666667
128.16666666666666,1910.0,2.9545446666666666
128.16666666666666,1907.0,2.9545446666666666
128.33333333333334,1906.0,2.9545446666666666
128.33333333333334,1782.0,2.8409083333333336
128.41666666666666,1674.0,2.6136356666666667
128.5,1665.0,2.3295448333333333
128.58333333333334,1695.0,2.727272
128.66666666666666,1722.0,2.727272
128.75,1746.0,2.1590903333333333
128.83333333333334,1819.0,2.8977265
128.83333333333334,1948.0,2.1590903333333333
128.83333333333334,1961.0,2.1590903333333333
128.83333333333334,2157.0,2.1590903333333333
128.91666666666666,2165.0,0.7954543333333334
128.91666666666666,2099.0,0.7954543333333334
128.91666666666666,2026.0,0.7954543333333334
129.0,1922.0,1.0795451666666667
129.08333333333334,1774.0,2.3295448333333333
129.08333333333334,1714.0,2.3295448333333333
129.16666666666666,1718.0,2.3295448333333333
129.25,1755.0,1.1931815000000001
129.25,1758.0,2.4431811666666667
129.33333333333334,1703.0,2.102272166666667
129.41666666666666,1702.0,2.4999993333333332
129.5,1724.0,2.4999993333333332
129.58333333333334,1758.0,2.1590903333333333
129.58333333333334,1853.0,2.1590903333333333
129.58333333333334,1982.0,2.1590903333333333
129.66666666666666,2141.0,2.1590903333333333
129.75,2229.0,1.0795451666666667
129.75,2216.0,2.1590903333333333
129.75,2194.0,2.1590903333333333
129.83333333333334,2135.0,2.1590903333333333
129.83333333333334,2049.0,1.0795451666666667
129.83333333333334,1877.0,1.0795451666666667
129.91666666666666,1748.0,1.0795451666666667
130.0,1641.0,0.9659088333333334
130.0,1559.0,2.102272166666667
130.0,1501.0,2.102272166666667
130.0,1517.0,2.102272166666667
130.0,1518.0,2.102272166666667
130.08333333333334,1485.0,0.681818
130.16666666666666,1485.0,0.681818
130.16666666666666,1493.0,1.9318176666666669
130.16666666666666,1594.0,1.9318176666666669
130.16666666666666,1605.0,1.9318176666666669
130.16666666666666,1591.0,1.9318176666666669
130.25,1569.0,1.9318176666666669
130.25,1606.0,0.5681816666666667
130.33333333333334,1620.0,1.8181813333333334
130.33333333333334,1609.0,1.8181813333333334
130.33333333333334,1582.0,1.8181813333333334
130.41666666666666,1582.0,1.8181813333333334
130.41666666666666,1591.0,0.7386361666666666
130.5,1822.0,0.7386361666666666
130.5,1967.0,1.761363166666667
130.58333333333334,1976.0,1.4772723333333333
130.58333333333334,1875.0,1.4772723333333333
130.66666666666666,1826.0,1.6477268333333333
130.66666666666666,1838.0,1.6477268333333333
130.75,1870.0,1.5340905
130.75,1908.0,1.5340905
130.83333333333334,1912.0,1.363636
130.91666666666666,1922.0,1.363636
130.91666666666666,1929.0,1.8181813333333334
131.0,1900.0,1.8181813333333334
131.0,1827.0,1.2499996666666666
131.08333333333334,1825.0,1.2499996666666666
131.08333333333334,1755.0,1.5340905
131.16666666666666,1696.0,1.5340905
131.16666666666666,1596.0,1.4772723333333333
131.25,1606.0,1.4772723333333333
131.25,1662.0,1.363636
131.33333333333334,1742.0,1.363636
131.33333333333334,1799.0,1.363636
131.41666666666666,1752.0,1.363636
131.41666666666666,1734.0,1.3068178333333333
131.41666666666666,1713.0,1.3068178333333333
131.5,1695.0,1.3068178333333333
131.5,1733.0,1.3068178333333333
131.58333333333334,1766.0,1.2499996666666666
131.58333333333334,1768.0,1.2499996666666666
131.66666666666666,1878.0,1.2499996666666666
131.66666666666666,1950.0,1.1931815000000001
131.66666666666666,1950.0,1.1931815000000001
131.75,1950.0,1.1931815000000001
131.75,1920.0,1.1931815000000001
131.83333333333334,1862.0,1.1931815000000001
131.83333333333334,1816.0,1.1363633333333334
131.83333333333334,1835.0,1.1363633333333334
131.91666666666666,1820.0,1.0795451666666667
131.91666666666666,1779.0,1.0795451666666667
131.91666666666666,1726.0,1.0795451666666667
132.0,1748.0,1.0227270000000002
132.0,1794.0,1.0227270000000002
132.0,1820.0,1.0227270000000002
132.08333333333334,1820.0,0.9090906666666667
132.08333333333334,1888.0,0.9090906666666667
132.08333333333334,1927.0,0.9090906666666667
132.16666666666666,1984.0,0.9090906666666667
132.16666666666666,2045.0,0.9090906666666667
132.16666666666666,2029.0,0.9090906666666667
132.25,1844.0,0.9090906666666667
132.25,1788.0,0.9090906666666667
132.25,1784.0,0.9090906666666667
132.33333333333334,1791.0,0.9090906666666667
132.33333333333334,1818.0,0.8522725
132.33333333333334,1830.0,0.8522725
132.33333333333334,1825.0,0.8522725
132.41666666666666,1815.0,0.8522725
132.41666666666666,1817.0,0.7386361666666666
132.41666666666666,1814.0,0.7386361666666666
132.41666666666666,1815.0,0.7386361666666666
132.5,1840.0,0.7386361666666666
132.5,1885.0,0.681818
132.5,1955.0,0.681818
132.5,1892.0,0.681818
132.5,1837.0,0.681818
132.5,1797.0,0.681818
132.58333333333334,1729.0,0.5681816666666667
132.58333333333334,1715.0,0.5681816666666667
132.58333333333334,1683.0,0.5681816666666667
132.58333333333334,1635.0,0.5681816666666667
132.58333333333334,1596.0,0.5681816666666667
132.58333333333334,1573.0,0.5681816666666667
132.66666666666666,1573.0,0.5681816666666667
132.66666666666666,1588.0,0.45454533333333336
132.66666666666666,1611.0,0.45454533333333336
132.66666666666666,1611.0,0.45454533333333336
132.66666666666666,1673.0,0.45454533333333336
132.66666666666666,1672.0,0.45454533333333336
132.66666666666666,1642.0,0.45454533333333336
132.66666666666666,1633.0,0.45454533333333336
132.66666666666666,1659.0,0.45454533333333336
132.66666666666666,1622.0,0.45454533333333336
132.66666666666666,1547.0,0.45454533333333336
132.66666666666666,1480.0,0.45454533333333336
132.66666666666666,1463.0,0.45454533333333336
132.66666666666666,1453.0,0.45454533333333336
132.66666666666666,1455.0,0.45454533333333336
132.66666666666666,1455.0,0.45454533333333336
132.66666666666666,1438.0,0.45454533333333336
132.66666666666666,1308.0,0.45454533333333336
132.66666666666666,1197.0,0.45454533333333336
132.66666666666666,1124.0,0.45454533333333336
132.66666666666666,1096.0,0.45454533333333336
132.66666666666666,1107.0,0.45454533333333336
132.66666666666666,1131.0,0.45454533333333336
132.66666666666666,1118.0,0.45454533333333336
132.66666666666666,1077.0,0.45454533333333336
132.66666666666666,1030.0,0.45454533333333336
132.66666666666666,963.0,0.45454533333333336
132.66666666666666,958.0,0.45454533333333336
132.66666666666666,930.0,0.45454533333333336
132.66666666666666,913.0,0.45454533333333336
132.66666666666666,894.0,0.45454533333333336
132.66666666666666,875.0,0.45454533333333336
132.66666666666666,846.0,0.45454533333333336
132.66666666666666,794.0,0.45454533333333336
132.66666666666666,696.0,0.45454533333333336
132.66666666666666,550.0,0.45454533333333336
132.66666666666666,508.0,0.45454533333333336
132.66666666666666,492.0,0.45454533333333336
132.66666666666666,493.0,0.45454533333333336
132.66666666666666,500.0,0.45454533333333336
132.66666666666666,492.0,0.45454533333333336
132.66666666666666,491.0,0.45454533333333336
132.66666666666666,470.0,0.45454533333333336
132.66666666666666,440.0,0.45454533333333336
132.66666666666666,383.0,0.45454533333333336
132.66666666666666,383.0,0.45454533333333336
132.66666666666666,358.0,0.45454533333333336
132.66666666666666,358.0,0.45454533333333336
132.66666666666666,375.0,0.45454533333333336
132.66666666666666,394.0,0.45454533333333336
132.66666666666666,376.0,0.45454533333333336
132.66666666666666,345.0,0.45454533333333336
132.66666666666666,323.0,0.45454533333333336
132.66666666666666,311.0,0.45454533333333336
132.66666666666666,311.0,0.45454533333333336
132.66666666666666,323.0,0.45454533333333336
132.66666666666666,323.0,0.0
132.66666666666666,331.0,0.0
132.66666666666666,319.0,0.0
132.66666666666666,301.0,0.0
132.66666666666666,288.0,0.0
132.66666666666666,276.0,0.0
132.66666666666666,278.0,0.0
132.66666666666666,309.0,0.0
132.66666666666666,340.0,0.0
132.66666666666666,364.0,0.0
132.66666666666666,355.0,0.0
132.66666666666666,286.0,0.0
132.66666666666666,263.0,0.0
132.66666666666666,248.0,0.0
132.66666666666666,248.0,0.0
132.66666666666666,261.0,0.0
132.66666666666666,276.0,0.0
132.66666666666666,291.0,0.0
132.66666666666666,297.0,0.0
132.66666666666666,283.0,0.0
132.66666666666666,264.0,0.0
132.66666666666666,245.0,0.0
132.66666666666666,229.0,0.0
132.66666666666666,209.0,0.0
132.66666666666666,205.0,0.0
132.66666666666666,205.0,0.0
132.66666666666666,206.0,0.0
132.66666666666666,200.0,0.0
132.66666666666666,176.0,0.0
132.66666666666666,150.0,0.0
132.66666666666666,138.0,0.0
132.66666666666666,139.0,0.0
132.66666666666666,139.0,0.0
132.66666666666666,178.0,0.0
132.66666666666666,250.0,0.0
132.66666666666666,313.0,0.0
132.66666666666666,366.0,0.0
132.66666666666666,389.0,0.0
132.66666666666666,345.0,0.0
132.66666666666666,279.0,0.0
132.66666666666666,209.0,0.0
132.66666666666666,178.0,0.0
132.66666666666666,126.0,0.0
132.66666666666666,129.0,0.0
132.66666666666666,151.0,0.0
132.66666666666666,193.0,0.0
132.66666666666666,251.0,0.0
132.66666666666666,288.0,0.0
132.66666666666666,250.0,0.0
132.66666666666666,201.0,0.0
132.66666666666666,161.0,0.0
132.66666666666666,116.0,0.0
132.66666666666666,112.0,0.0
132.66666666666666,133.0,0.0
132.66666666666666,168.0,0.0
132.66666666666666,203.0,0.0
132.66666666666666,214.0,0.0
132.66666666666666,202.0,0.0
132.66666666666666,186.0,0.0
132.66666666666666,172.0,0.0
132.66666666666666,170.0,0.0
132.66666666666666,183.0,0.0
132.66666666666666,199.0,0.0
132.66666666666666,214.0,0.0
132.66666666666666,228.0,0.0
132.66666666666666,215.0,0.0
132.66666666666666,196.0,0.0
132.66666666666666,180.0,0.0
132.66666666666666,173.0,0.0
132.66666666666666,175.0,0.0
132.66666666666666,174.0,0.0
132.66666666666666,181.0,0.0
132.66666666666666,185.0,0.0
132.66666666666666,184.0,0.0
132.66666666666666,179.0,0.0
132.66666666666666,179.0,0.0
132.66666666666666,174.0,0.0
132.66666666666666,171.0,0.0
132.66666666666666,167.0,0.0
132.66666666666666,168.0,0.0
132.66666666666666,170.0,0.0
132.66666666666666,172.0,0.0
132.66666666666666,174.0,0.0
132.66666666666666,169.0,0.0
132.66666666666666,166.0,0.0
132.66666666666666,165.0,0.0
132.66666666666666,162.0,0.0
132.66666666666666,162.0,0.0
132.66666666666666,164.0,0.0
132.66666666666666,166.0,0.0
132.66666666666666,166.0,0.0
132.66666666666666,165.0,0.0
132.66666666666666,163.0,0.0
132.66666666666666,162.0,0.0
132.66666666666666,161.0,0.0
132.66666666666666,163.0,0.0
132.66666666666666,165.0,0.0
132.66666666666666,166.0,0.0
132.66666666666666,165.0,0.0
132.66666666666666,165.0,0.0
132.66666666666666,164.0,0.0
132.66666666666666,162.0,0.0
132.66666666666666,162.0,0.0
132.66666666666666,163.0,0.0
132.66666666666666,164.0,0.0
132.66666666666666,163.0,0.0
132.66666666666666,163.0,0.0
132.66666666666666,162.0,0.0
132.66666666666666,162.0,0.0
132.66666666666666,161.0,0.0
132.66666666666666,160.0,0.0
132.66666666666666,159.0,0.0
132.66666666666666,160.0,0.0
132.66666666666666,160.0,0.0
132.66666666666666,161.0,0.0
132.66666666666666,161.0,0.0
132.66666666666666,161.0,0.0
132.66666666666666,161.0,0.0
132.66666666666666,161.0,0.0
132.66666666666666,160.0,0.0
132.66666666666666,159.0,0.0
132.66666666666666,159.0,0.0
132.66666666666666,158.0,0.0
132.66666666666666,159.0,0.0
132.66666666666666,158.0,0.0
132.66666666666666,160.0,0.0
132.66666666666666,159.0,0.0
132.66666666666666,160.0,0.0
132.66666666666666,158.0,0.0
132.66666666666666,160.0,0.0
132.66666666666666,158.0,0.0
132.66666666666666,158.0,0.0
132.66666666666666,159.0,0.0
132.66666666666666,158.0,0.0
132.66666666666666,159.0,0.0
132.66666666666666,157.0,0.0
132.66666666666666,158.0,0.0
132.66666666666666,157.0,0.0
132.66666666666666,159.0,0.0
132.66666666666666,158.0,0.0
132.66666666666666,156.0,0.0
132.66666666666666,158.0,0.0
132.66666666666666,156.0,0.0
132.66666666666666,157.0,0.0
132.66666666666666,154.0,0.0
132.66666666666666,154.0,0.0
132.66666666666666,151.0,0.0
132.66666666666666,148.0,0.0
132.66666666666666,149.0,0.0
132.66666666666666,147.0,0.0
132.66666666666666,152.0,0.0
132.66666666666666,150.0,0.0
132.66666666666666,148.0,0.0
132.66666666666666,150.0,0.0
132.66666666666666,145.0,0.0
132.66666666666666,144.0,0.0
132.66666666666666,144.0,0.0
132.66666666666666,143.0,0.0
132.66666666666666,147.0,0.0
132.66666666666666,145.0,0.0
132.66666666666666,145.0,0.0
132.66666666666666,148.0,0.0
132.66666666666666,147.0,0.0
132.66666666666666,145.0,0.0
132.66666666666666,142.0,0.0
132.66666666666666,142.0,0.0
132.66666666666666,145.0,0.0
132.66666666666666,144.0,0.0
132.66666666666666,141.0,0.0
132.66666666666666,142.0,0.0
132.66666666666666,142.0,0.0
132.66666666666666,143.0,0.0
132.66666666666666,140.0,0.0
132.66666666666666,140.0,0.0
132.66666666666666,141.0,0.0
132.66666666666666,141.0,0.0
132.66666666666666,140.0,0.0
132.66666666666666,141.0,0.0
132.66666666666666,142.0,0.0
132.66666666666666,143.0,0.0
132.66666666666666,141.0,0.0
132.66666666666666,140.0,0.0
132.66666666666666,142.0,0.0
132.66666666666666,141.0,0.0
132.66666666666666,140.0,0.0
132.66666666666666,141.0,0.0
132.66666666666666,142.0,0.0
132.66666666666666,141.0,0.0
132.66666666666666,140.0,0.0
132.66666666666666,140.0,0.0
132.66666666666666,139.0,0.0
132.66666666666666,139.0,0.0
132.66666666666666,138.0,0.0
132.66666666666666,139.0,0.0
132.66666666666666,140.0,0.0
132.66666666666666,140.0,0.0
132.66666666666666,142.0,0.0
132.66666666666666,142.0,0.0
132.66666666666666,142.0,0.0
132.66666666666666,140.0,0.0
132.66666666666666,141.0,0.0
132.66666666666666,140.0,0.0
132.66666666666666,140.0,0.0
132.66666666666666,140.0,0.0
132.66666666666666,138.0,0.0
132.66666666666666,140.0,0.0
132.66666666666666,140.0,0.0
132.66666666666666,140.0,0.0
132.66666666666666,140.0,0.0
132.66666666666666,141.0,0.0
132.66666666666666,138.0,0.0
132.66666666666666,134.0,0.0
132.66666666666666,132.0,0.0
132.66666666666666,132.0,0.0
132.66666666666666,133.0,0.0
132.66666666666666,136.0,0.0
132.66666666666666,142.0,0.0
132.66666666666666,146.0,0.0
132.66666666666666,147.0,0.0
132.66666666666666,148.0,0.0
132.66666666666666,148.0,0.0
132.66666666666666,148.0,0.0
132.66666666666666,147.0,0.0
132.66666666666666,150.0,0.0
132.66666666666666,149.0,0.0
132.66666666666666,147.0,0.0
132.66666666666666,146.0,0.0
132.66666666666666,144.0,0.0
132.66666666666666,143.0,0.0
132.66666666666666,140.0,0.0
132.66666666666666,141.0,0.0
132.66666666666666,142.0,0.0
132.66666666666666,142.0,0.0
132.66666666666666,141.0,0.0
132.66666666666666,142.0,0.0
132.66666666666666,140.0,0.0
132.66666666666666,139.0,0.0
132.66666666666666,140.0,0.0
132.66666666666666,141.0,0.0
132.66666666666666,138.0,0.0
132.66666666666666,139.0,0.0
132.66666666666666,138.0,0.0
132.66666666666666,136.0,0.0
132.66666666666666,136.0,0.0
132.66666666666666,137.0,0.0
132.66666666666666,137.0,0.0
132.66666666666666,137.0,0.0
132.66666666666666,135.0,0.0
132.66666666666666,137.0,0.0
132.66666666666666,139.0,0.0
132.66666666666666,138.0,0.0
132.66666666666666,138.0,0.0
132.66666666666666,138.0,0.0
132.66666666666666,138.0,0.0
132.66666666666666,136.0,0.0
132.66666666666666,136.0,0.0
132.66666666666666,137.0,0.0
132.66666666666666,134.0,0.0
132.66666666666666,134.0,0.0
132.66666666666666,135.0,0.0
132.66666666666666,135.0,0.0
132.66666666666666,135.0,0.0
132.66666666666666,136.0,0.0
132.66666666666666,137.0,0.0
132.66666666666666,138.0,0.0
132.66666666666666,137.0,0.0
132.66666666666666,139.0,0.0
132.66666666666666,138.0,0.0
132.66666666666666,137.0,0.0
132.66666666666666,138.0,0.0
132.66666666666666,137.0,0.0
132.66666666666666,137.0,0.0
132.66666666666666,138.0,0.0
132.66666666666666,137.0,0.0
132.66666666666666,137.0,0.0
132.66666666666666,136.0,0.0
132.66666666666666,137.0,0.0
132.66666666666666,136.0,0.0
132.66666666666666,134.0,0.0
132.66666666666666,132.0,0.0
132.66666666666666,120.0,0.0
132.66666666666666,114.0,0.0
132.66666666666666,110.0,0.0
132.66666666666666,109.0,0.0
132.66666666666666,99.0,0.0
132.66666666666666,86.0,0.0
132.66666666666666,77.0,0.0
132.66666666666666,46.0,0.0
132.66666666666666,46.0,0.0
132.66666666666666,21.0,0.0
132.66666666666666,3.0,0.0
132.66666666666666,7.0,0.0
132.66666666666666,10.0,0.0
132.66666666666666,9.0,0.0
132.66666666666666,9.0,0.0
132.66666666666666,11.0,0.0
132.66666666666666,11.0,0.0
132.66666666666666,9.0,0.0
132.66666666666666,7.0,0.0
132.66666666666666,9.0,0.0
132.66666666666666,11.0,0.0
132.66666666666666,13.0,0.0
132.66666666666666,14.0,0.0
132.66666666666666,20.0,0.0
132.66666666666666,23.0,0.0
132.66666666666666,24.0,0.0
132.66666666666666,22.0,0.0
132.66666666666666,19.0,0.0
132.66666666666666,18.0,0.0
132.66666666666666,19.0,0.0
132.66666666666666,23.0,0.0
132.66666666666666,28.0,0.0
132.66666666666666,34.0,0.0
132.66666666666666,38.0,0.0
132.66666666666666,38.0,0.0
132.66666666666666,36.0,0.0
132.66666666666666,30.0,0.0
132.66666666666666,28.0,0.0
132.66666666666666,27.0,0.0
132.66666666666666,29.0,0.0
132.66666666666666,33.0,0.0
132.66666666666666,37.0,0.0
132.66666666666666,39.0,0.0
132.66666666666666,38.0,0.0
132.66666666666666,38.0,0.0
132.66666666666666,37.0,0.0
132.66666666666666,38.0,0.0
132.66666666666666,40.0,0.0
