0.0,0.0,0.0
0.0,0.0,0.0
0.0,0.0,0.0
0.0,0.0,0.0
0.0,0.0,0.0
0.0,0.0,0.0
0.0,0.0,0.0
0.0,0.0,0.0
0.0,0.0,0.0
0.0,0.0,0.0
0.0,0.0,0.0
0.0,0.0,0.0
0.0,0.0,0.0
0.0,0.0,0.0
0.0,0.0,0.0
0.0,0.0,0.0
0.0,0.0,0.0
0.0,0.0,0.0
0.0,0.0,0.0
0.0,0.0,0.0
0.0,0.0,0.0
0.0,0.0,0.0
0.0,0.0,0.0
0.0,0.0,0.0
0.0,0.0,0.0
0.0,0.0,0.0
0.0,0.0,0.0
0.0,0.0,0.0
0.0,0.0,0.0
0.0,0.0,0.0
0.0,0.0,0.0
0.0,0.0,0.0
0.0,0.0,0.0
0.0,0.0,0.0
0.0,0.0,0.0
0.0,0.0,0.0
0.0,0.0,0.0
0.0,0.0,0.0
0.0,0.0,0.0
0.0,0.0,0.0
0.0,0.0,0.0
0.0,0.0,0.0
0.0,0.0,0.0
0.0,0.0,0.0
0.0,0.0,0.0
0.0,0.0,0.0
0.0,0.0,0.0
0.0,0.0,0.0
0.0,0.0,0.0
0.0,0.0,0.0
0.0,0.0,0.0
0.0,0.0,0.0
0.0,0.0,0.0
0.0,0.0,0.0
0.0,0.0,0.0
0.0,0.0,0.0
0.0,0.0,0.0
0.0,0.0,0.0
0.0,0.0,0.0
0.0,0.0,0.0
0.0,0.0,0.0
0.0,0.0,0.0
0.0,0.0,0.0
0.0,0.0,0.0
0.0,0.0,0.0
0.0,0.0,0.0
0.0,0.0,0.0
0.0,0.0,0.0
0.0,0.0,0.0
0.0,0.0,0.0
0.0,0.0,0.0
0.0,0.0,0.0
0.0,0.0,0.0
0.0,0.0,0.0
0.0,0.0,0.0
0.0,0.0,0.0
0.0,0.0,0.0
0.0,0.0,0.0
0.0,0.0,0.0
0.0,0.0,0.0
0.0,0.0,0.0
0.0,0.0,0.0
0.0,0.0,0.0
0.0,0.0,0.0
0.0,0.0,0.0
0.0,0.0,0.0
0.0,0.0,0.0
0.0,0.0,0.0
0.0,0.0,0.0
0.0,0.0,0.0
0.0,0.0,0.0
0.0,0.0,0.0
0.0,0.0,0.0
0.0,0.0,0.0
0.0,0.0,0.0
0.0,0.0,0.0
0.0,0.0,0.0
0.0,0.0,0.0
0.0,0.0,0.0
0.0,0.0,0.0
0.0,0.0,0.0
0.0,0.0,0.0
0.0,0.0,0.0
0.0,0.0,0.0
0.0,0.0,0.0
0.0,0.0,0.0
0.0,0.0,0.0
0.0,0.0,0.0
0.0,0.0,0.0
0.0,0.0,0.0
0.0,0.0,0.0
0.0,0.0,0.0
0.0,0.0,0.0
0.0,0.0,0.0
0.0,0.0,0.0
0.0,0.0,0.0
0.0,0.0,0.0
0.0,0.0,0.0
0.0,0.0,0.0
0.0,0.0,0.0
0.0,0.0,0.0
0.0,0.0,0.0
0.0,0.0,0.0
0.0,0.0,0.0
0.0,0.0,0.0
0.0,0.0,0.0
0.0,0.0,0.0
0.0,0.0,0.0
0.0,0.0,0.0
0.0,0.0,0.0
0.0,0.0,0.0
0.0,0.0,0.0
0.0,0.0,0.0
0.0,0.0,0.0
0.0,0.0,0.0
0.0,0.0,0.0
0.0,0.0,0.0
0.0,0.0,0.0
0.0,0.0,0.0
0.0,0.0,0.0
0.0,0.0,0.0
0.0,0.0,0.0
0.0,0.0,0.0
0.0,0.0,0.0
0.0,0.0,0.0
0.0,0.0,0.0
0.0,0.0,0.0
0.0,0.0,0.0
0.0,0.0,0.0
0.0,0.0,0.0
0.0,0.0,0.0
0.0,0.0,0.0
0.0,0.0,0.0
0.0,0.0,0.0
0.0,0.0,0.0
0.0,0.0,0.0
0.0,0.0,0.0
0.0,0.0,0.0
0.0,0.0,0.0
0.0,0.0,0.0
0.0,0.0,0.0
0.0,0.0,0.0
0.0,0.0,0.0
0.0,0.0,0.0
0.0,0.0,0.0
0.0,0.0,0.0
0.0,0.0,0.0
0.0,0.0,0.0
0.0,0.0,0.0
0.0,0.0,0.0
0.0,0.0,0.0
0.0,0.0,0.0
0.0,0.0,0.0
0.0,0.0,0.0
0.0,0.0,0.0
0.0,0.0,0.0
0.0,0.0,0.0
0.0,0.0,0.0
0.0,0.0,0.0
0.0,0.0,0.0
0.0,0.0,0.0
0.0,0.0,0.0
0.0,0.0,0.0
0.0,0.0,0.0
0.0,0.0,0.0
0.0,0.0,0.0
0.0,0.0,0.0
0.0,0.0,0.0
0.0,0.0,0.0
0.0,0.0,0.0
0.0,0.0,0.0
0.0,0.0,0.0
0.0,0.0,0.0
0.0,0.0,0.0
0.0,0.0,0.0
0.0,0.0,0.0
0.0,0.0,0.0
0.0,0.0,0.0
0.0,0.0,0.0
0.0,0.0,0.0
0.0,0.0,0.0
0.0,0.0,0.0
0.0,0.0,0.0
0.0,0.0,0.0
0.0,0.0,0.0
0.0,0.0,0.0
0.0,0.0,0.0
0.0,0.0,0.0
0.0,0.0,0.0
0.0,0.0,0.0
0.0,0.0,0.0
0.0,0.0,0.0
0.0,0.0,0.0
0.0,0.0,0.0
0.0,0.0,0.0
0.0,0.0,0.0
0.0,0.0,0.0
0.0,0.0,0.0
0.0,0.0,0.0
0.0,0.0,0.0
0.0,0.0,0.0
0.0,0.0,0.0
0.0,0.0,0.0
0.0,0.0,0.0
0.0,0.0,0.0
0.0,0.0,0.0
0.0,0.0,0.0
0.0,0.0,0.0
0.0,0.0,0.0
0.0,0.0,0.0
0.0,0.0,0.0
0.0,0.0,0.0
0.0,0.0,0.0
0.0,0.0,0.0
0.0,0.0,0.0
0.0,0.0,0.0
0.0,0.0,0.0
0.0,0.0,0.0
0.0,0.0,0.0
0.0,0.0,0.0
0.0,0.0,0.0
0.0,0.0,0.0
0.0,0.0,0.0
0.0,0.0,0.0
0.0,0.0,0.0
0.0,0.0,0.0
0.0,0.0,0.0
0.0,0.0,0.0
0.0,0.0,0.0
0.0,0.0,0.0
0.0,0.0,0.0
0.0,0.0,0.0
0.0,0.0,0.0
0.0,0.0,0.0
0.0,0.0,0.0
0.0,0.0,0.0
0.0,0.0,0.0
0.0,0.0,0.0
0.0,0.0,0.0
0.0,0.0,0.0
0.0,0.0,0.0
0.0,0.0,0.0
0.0,0.0,0.0
0.0,0.0,0.0
0.0,0.0,0.0
0.0,0.0,0.0
0.0,0.0,0.0
0.0,0.0,0.0
0.0,0.0,0.0
0.0,0.0,0.0
0.0,0.0,0.0
0.0,0.0,0.0
0.0,0.0,0.0
0.0,0.0,0.0
0.0,0.0,0.0
0.0,0.0,0.0
0.0,0.0,0.0
0.0,0.0,0.0
0.0,0.0,0.0
0.0,0.0,0.0
0.0,0.0,0.0
0.0,0.0,0.0
0.0,0.0,0.0
0.0,0.0,0.0
0.0,0.0,0.0
0.0,0.0,0.0
0.0,0.0,0.0
0.0,0.0,0.0
0.0,0.0,0.0
0.0,0.0,0.0
0.0,0.0,0.0
0.0,0.0,0.0
0.0,0.0,0.0
0.0,0.0,0.0
0.0,0.0,0.0
0.0,0.0,0.0
0.0,0.0,0.0
0.0,0.0,0.0
0.0,0.0,0.0
0.0,0.0,0.0
0.0,0.0,0.0
0.0,0.0,0.0
0.0,0.0,0.0
0.0,0.0,0.0
0.0,0.0,0.0
0.0,111.0,0.0
0.0,746.0,0.0
0.0,1260.0,0.0
0.0,824.0,0.0
0.0,428.0,0.0
0.0,187.0,0.0
0.0,52.0,0.0
0.0,0.0,0.0
0.0,40.0,0.0
0.0,164.0,0.0
0.0,291.0,0.0
0.0,220.0,0.0
0.0,122.0,0.0
0.0,65.0,0.0
0.0,57.0,0.0
0.0,145.0,0.0
0.0,225.0,0.0
0.0,230.0,0.0
0.0,214.0,0.0
0.0,191.0,0.0
0.0,261.0,0.0
0.0,357.0,0.0
0.0,412.0,0.0
0.0,412.0,0.0
0.0,392.0,0.0
0.0,383.0,0.0
0.0,395.0,0.0
0.0,407.0,0.0
0.0,417.0,0.0
0.0,429.0,0.0
0.0,449.0,0.0
0.0,512.0,0.0
0.0,553.0,0.0
0.0,565.0,0.0
0.0,566.0,0.0
0.0,571.0,0.0
0.0,605.0,0.0
0.0,661.0,0.0
0.0,677.0,0.0
0.0,677.0,0.0
0.0,687.0,0.0
0.0,682.0,0.0
0.0,688.0,0.0
0.0,682.0,0.0
0.0,676.0,0.0
0.0,687.0,0.0
0.08333333333333333,688.0,0.11363633333333334
0.08333333333333333,714.0,0.11363633333333334
0.08333333333333333,734.0,0.11363633333333334
0.08333333333333333,770.0,0.11363633333333334
0.08333333333333333,859.0,0.11363633333333334
0.08333333333333333,924.0,0.11363633333333334
0.08333333333333333,917.0,0.11363633333333334
0.08333333333333333,917.0,0.11363633333333334
0.08333333333333333,921.0,0.11363633333333334
0.08333333333333333,960.0,0.11363633333333334
0.08333333333333333,1181.0,0.11363633333333334
0.08333333333333333,1280.0,0.11363633333333334
0.08333333333333333,1375.0,0.11363633333333334
0.08333333333333333,1450.0,0.11363633333333334
0.08333333333333333,1463.0,0.11363633333333334
0.08333333333333333,1414.0,0.11363633333333334
0.16666666666666666,1384.0,0.11363633333333334
0.16666666666666666,1392.0,0.11363633333333334
0.16666666666666666,1418.0,0.11363633333333334
0.16666666666666666,1440.0,0.11363633333333334
0.16666666666666666,1420.0,0.11363633333333334
0.16666666666666666,1421.0,0.11363633333333334
0.16666666666666666,1410.0,0.11363633333333334
0.16666666666666666,1411.0,0.11363633333333334
0.25,1413.0,0.340909
0.25,1427.0,0.340909
0.25,1422.0,0.340909
0.25,1420.0,0.340909
0.25,1433.0,0.340909
0.3333333333333333,1476.0,0.340909
0.3333333333333333,1576.0,0.5113635000000001
0.3333333333333333,1729.0,0.5113635000000001
0.3333333333333333,2203.0,0.5113635000000001
0.4166666666666667,2354.0,0.5113635000000001
0.4166666666666667,2566.0,0.7386361666666666
0.4166666666666667,2566.0,0.7386361666666666
0.4166666666666667,2566.0,0.7386361666666666
0.4166666666666667,2787.0,0.7386361666666666
0.4166666666666667,2926.0,0.7386361666666666
0.4166666666666667,2921.0,0.7386361666666666
0.4166666666666667,2815.0,0.7386361666666666
0.4166666666666667,2663.0,0.7386361666666666
0.4166666666666667,2505.0,0.7386361666666666
0.4166666666666667,2370.0,0.7386361666666666
0.4166666666666667,2229.0,0.7386361666666666
0.4166666666666667,2140.0,0.7386361666666666
0.4166666666666667,2011.0,0.7386361666666666
0.4166666666666667,1910.0,0.7386361666666666
0.5,1817.0,0.7386361666666666
0.5,1808.0,0.1704545
0.5,1888.0,0.1704545
0.5,2091.0,0.1704545
0.5,2158.0,0.1704545
0.5,2187.0,0.1704545
0.5833333333333334,2206.0,0.5113635000000001
0.5833333333333334,2295.0,0.5113635000000001
0.6666666666666666,2324.0,1.5340905
0.6666666666666666,2286.0,1.5340905
0.75,2214.0,1.6477268333333333
0.8333333333333334,2143.0,1.6477268333333333
0.8333333333333334,2148.0,1.761363166666667
0.9166666666666666,2180.0,1.761363166666667
1.0,2173.0,1.761363166666667
1.0,2154.0,2.272726666666667
1.0,2136.0,2.272726666666667
1.0833333333333333,2155.0,2.272726666666667
1.1666666666666667,2165.0,0.8522725
1.1666666666666667,2123.0,2.4431811666666667
1.25,1966.0,2.2159085000000003
1.3333333333333333,2099.0,2.2159085000000003
1.3333333333333333,2276.0,2.0454540000000003
1.4166666666666667,2381.0,1.8181813333333334
1.4166666666666667,2338.0,1.8181813333333334
1.5,2285.0,1.8181813333333334
1.5,2324.0,1.1363633333333334
1.5,2332.0,1.1363633333333334
1.5,2301.0,1.1363633333333334
1.5833333333333333,2264.0,1.1363633333333334
1.5833333333333333,2264.0,0.681818
1.5833333333333333,2274.0,0.681818
1.6666666666666667,2301.0,1.1931815000000001
1.75,2346.0,2.727272
1.8333333333333333,2451.0,2.5568175
1.9166666666666667,2516.0,2.5568175
2.0,2485.0,2.5568175
2.0833333333333335,2372.0,2.4431811666666667
2.1666666666666665,2261.0,2.727272
2.25,2131.0,2.3295448333333333
2.3333333333333335,2093.0,2.7840901666666666
2.4166666666666665,2064.0,3.1818173333333335
2.5,2037.0,2.4431811666666667
2.5,2045.0,3.522726333333334
2.5,2044.0,3.522726333333334
2.5833333333333335,2054.0,1.2499996666666666
2.6666666666666665,2073.0,1.2499996666666666
2.75,2086.0,1.6477268333333333
2.8333333333333335,2102.0,3.0113628333333335
2.8333333333333335,2102.0,3.0113628333333335
2.8333333333333335,2099.0,3.0113628333333335
2.8333333333333335,2100.0,3.0113628333333335
2.9166666666666665,2095.0,3.0113628333333335
2.9166666666666665,2111.0,0.681818
2.9166666666666665,2127.0,0.681818
3.0,2115.0,1.1363633333333334
3.0833333333333335,1992.0,3.522726333333334
3.25,1896.0,3.522726333333334
3.3333333333333335,1896.0,3.693180833333334
3.4166666666666665,1870.0,3.636362666666667
3.5,1823.0,3.1818173333333335
3.5,1769.0,3.1818173333333335
3.5,1760.0,3.1818173333333335
3.5,1767.0,3.1818173333333335
3.6666666666666665,1771.0,3.1818173333333335
3.6666666666666665,1813.0,3.8636353333333338
3.6666666666666665,1837.0,3.8636353333333338
3.6666666666666665,1835.0,3.8636353333333338
3.75,1827.0,3.8636353333333338
3.8333333333333335,1774.0,3.636362666666667
3.9166666666666665,1744.0,3.636362666666667
3.9166666666666665,1723.0,3.636362666666667
3.9166666666666665,1723.0,3.636362666666667
4.083333333333333,1723.0,3.636362666666667
4.166666666666667,1661.0,3.806817166666667
4.333333333333333,1589.0,3.806817166666667
4.416666666666667,1555.0,3.693180833333334
4.583333333333333,1557.0,4.090908000000001
4.666666666666667,1581.0,4.431817000000001
4.833333333333333,1610.0,4.431817000000001
4.916666666666667,1579.0,4.431817000000001
5.083333333333333,1506.0,4.261362500000001
5.166666666666667,1448.0,3.9772716666666668
5.25,1481.0,4.318180666666667
5.25,1495.0,4.318180666666667
5.333333333333333,1484.0,1.4204541666666668
5.333333333333333,1485.0,1.4204541666666668
5.5,1487.0,1.4772723333333333
5.5,1620.0,4.7727260000000005
5.666666666666667,1732.0,4.7727260000000005
5.75,1768.0,4.545453333333334
5.916666666666667,1694.0,4.8295441666666665
6.083333333333333,1560.0,4.8295441666666665
6.083333333333333,1564.0,4.9431805
6.25,1638.0,4.9431805
6.25,1676.0,4.261362500000001
6.416666666666667,1596.0,4.261362500000001
6.5,1457.0,4.488635166666667
6.5,1465.0,2.3295448333333333
6.583333333333333,1498.0,2.3295448333333333
6.666666666666667,1514.0,5.113635
6.75,1511.0,2.2159085000000003
6.833333333333333,1500.0,2.2159085000000003
7.0,1512.0,4.431817000000001
7.166666666666667,1526.0,4.9431805
7.25,1540.0,4.9431805
7.416666666666667,1560.0,4.9431805
7.583333333333333,1588.0,4.9431805
7.75,1593.0,4.488635166666667
7.833333333333333,1603.0,4.431817000000001
8.0,1649.0,5.170453166666666
8.166666666666666,1661.0,5.170453166666666
8.333333333333334,1615.0,4.9431805
8.416666666666666,1559.0,4.9431805
8.583333333333334,1493.0,4.9431805
8.75,1519.0,4.9431805
8.916666666666666,1519.0,4.8863623333333335
9.0,1559.0,4.9999986666666665
9.166666666666666,1591.0,4.9999986666666665
9.25,1612.0,5.056816833333333
9.416666666666666,1614.0,5.056816833333333
9.5,1563.0,5.738634833333333
9.666666666666666,1511.0,5.738634833333333
9.75,1523.0,5.170453166666666
9.75,1685.0,4.7727260000000005
9.75,1753.0,4.7727260000000005
9.75,1740.0,4.7727260000000005
9.916666666666666,1718.0,4.7727260000000005
10.083333333333334,1752.0,4.7727260000000005
10.25,1783.0,5.454544
10.416666666666666,1888.0,5.454544
10.583333333333334,1950.0,5.454544
10.75,1980.0,5.454544
10.75,2037.0,5.795453
10.75,2038.0,5.795453
10.75,1957.0,5.795453
10.75,1789.0,5.795453
10.916666666666666,1625.0,5.795453
11.083333333333334,1747.0,5.738634833333333
11.25,1881.0,5.738634833333333
11.416666666666666,1902.0,5.511362166666667
11.583333333333334,1782.0,5.340907666666666
11.666666666666666,1719.0,5.170453166666666
11.75,1719.0,5.056816833333333
11.916666666666666,1858.0,5.056816833333333
12.083333333333334,1854.0,5.056816833333333
12.25,1650.0,5.056816833333333
12.333333333333334,1657.0,4.9431805
12.5,1757.0,5.056816833333333
12.666666666666666,1810.0,5.170453166666666
12.833333333333334,1794.0,5.2840895
13.0,1754.0,5.2840895
13.083333333333334,1728.0,4.8863623333333335
13.166666666666666,1753.0,5.2840895
13.25,1795.0,5.2840895
13.416666666666666,1850.0,5.2840895
13.5,1854.0,5.170453166666666
13.666666666666666,1855.0,5.170453166666666
13.833333333333334,1855.0,5.170453166666666
14.0,1840.0,5.170453166666666
14.0,1813.0,4.9999986666666665
14.083333333333334,1818.0,4.9999986666666665
14.166666666666666,1813.0,5.340907666666666
14.333333333333334,1804.0,5.340907666666666
14.416666666666666,1802.0,4.7159078333333335
14.583333333333334,1778.0,6.590907333333333
14.833333333333334,1766.0,6.022725666666667
15.0,1759.0,6.022725666666667
15.083333333333334,1738.0,5.681816666666667
15.25,1687.0,5.681816666666667
15.333333333333334,1701.0,5.6249985
15.333333333333334,1719.0,2.727272
15.5,1718.0,2.727272
15.583333333333334,1576.0,5.454544
15.666666666666666,1499.0,3.0113628333333335
15.833333333333334,1545.0,3.0113628333333335
16.0,1621.0,6.193180166666667
16.166666666666668,1636.0,6.193180166666667
16.333333333333332,1539.0,6.193180166666667
16.5,1559.0,5.9659075
16.583333333333332,1703.0,5.170453166666666
16.666666666666668,1824.0,2.9545446666666666
16.666666666666668,1693.0,2.9545446666666666
16.666666666666668,1602.0,2.9545446666666666
16.916666666666668,1620.0,2.9545446666666666
17.083333333333332,1646.0,6.590907333333333
17.25,1627.0,6.590907333333333
17.333333333333332,1447.0,5.909089333333333
17.416666666666668,1372.0,6.022725666666667
17.5,1358.0,3.1818173333333335
17.583333333333332,1342.0,3.1818173333333335
17.75,1294.0,3.1818173333333335
17.916666666666668,1332.0,5.852271166666667
17.916666666666668,1403.0,6.079543833333333
18.0,1432.0,1.9318176666666669
18.166666666666668,1428.0,2.1590903333333333
18.333333333333332,1518.0,5.340907666666666
18.5,1612.0,5.852271166666667
18.583333333333332,1610.0,6.079543833333333
18.666666666666668,1486.0,6.079543833333333
18.75,1334.0,1.9318176666666669
18.833333333333332,1334.0,4.9999986666666665
18.833333333333332,1288.0,4.9999986666666665
18.916666666666668,1252.0,1.363636
19.083333333333332,1174.0,2.8977265
19.166666666666668,1059.0,5.9659075
19.333333333333332,1071.0,5.9659075
19.5,1159.0,5.9659075
19.5,1278.0,7.499998000000001
19.666666666666668,1383.0,7.499998000000001
19.916666666666668,1412.0,7.499998000000001
20.0,1451.0,5.511362166666667
20.166666666666668,1520.0,5.511362166666667
20.166666666666668,1547.0,6.534089166666668
20.166666666666668,1543.0,6.534089166666668
20.333333333333332,1503.0,6.534089166666668
20.5,1473.0,6.534089166666668
20.666666666666668,1360.0,6.136362
20.916666666666668,1187.0,6.420452833333333
21.083333333333332,1233.0,6.420452833333333
21.25,1334.0,6.420452833333333
21.416666666666668,1383.0,6.420452833333333
21.5,1396.0,5.511362166666667
21.5,1425.0,5.511362166666667
21.583333333333332,1453.0,5.511362166666667
21.666666666666668,1478.0,1.0795451666666667
21.833333333333332,1460.0,3.2386355
21.833333333333332,1317.0,4.034089833333334
22.0,1306.0,4.034089833333334
22.166666666666668,1308.0,5.738634833333333
22.25,1278.0,6.988634500000001
22.25,1168.0,2.1590903333333333
22.416666666666668,1107.0,2.1590903333333333
22.416666666666668,1130.0,6.81818
22.416666666666668,1202.0,6.81818
22.583333333333332,1334.0,6.81818
22.75,1464.0,6.079543833333333
23.0,1333.0,7.159089000000001
23.0,1222.0,7.159089000000001
23.083333333333332,1285.0,7.159089000000001
23.25,1449.0,6.249998333333333
23.5,1442.0,6.249998333333333
23.583333333333332,1440.0,7.499998000000001
23.583333333333332,1424.0,7.499998000000001
23.75,1424.0,7.499998000000001
23.916666666666668,1466.0,7.499998000000001
24.166666666666668,1493.0,7.499998000000001
24.25,1438.0,6.420452833333333
24.333333333333332,1267.0,6.420452833333333
24.416666666666668,1188.0,2.1590903333333333
24.5,1449.0,6.420452833333333
24.583333333333332,1447.0,6.420452833333333
24.75,1260.0,6.420452833333333
24.833333333333332,1193.0,6.420452833333333
25.083333333333332,1456.0,6.420452833333333
25.25,1657.0,6.420452833333333
25.416666666666668,1460.0,6.420452833333333
25.583333333333332,1461.0,6.193180166666667
25.666666666666668,1418.0,3.1818173333333335
25.75,1471.0,3.7499990000000003
25.75,1373.0,3.7499990000000003
25.75,1308.0,3.7499990000000003
25.833333333333332,1339.0,3.7499990000000003
25.916666666666668,1423.0,6.81818
26.083333333333332,1341.0,6.81818
26.25,1240.0,9.090906666666667
26.333333333333332,1246.0,9.090906666666667
26.583333333333332,1343.0,9.090906666666667
26.75,1333.0,7.045452666666668
27.0,1293.0,6.6477255
27.0,1266.0,6.534089166666668
27.083333333333332,1268.0,6.534089166666668
27.166666666666668,1278.0,1.4204541666666668
27.333333333333332,1264.0,3.352271833333334
27.583333333333332,1204.0,5.9659075
27.75,1113.0,6.136362
28.0,1211.0,6.988634500000001
28.083333333333332,1424.0,6.761361833333333
28.333333333333332,1417.0,6.761361833333333
28.5,1322.0,6.81818
28.583333333333332,1255.0,6.3068165
28.666666666666668,1285.0,2.4999993333333332
28.916666666666668,1324.0,3.4659081666666665
29.083333333333332,1318.0,6.3068165
29.25,1266.0,7.215907166666668
29.416666666666668,1247.0,6.6477255
29.666666666666668,1247.0,7.045452666666668
29.833333333333332,1243.0,7.102270833333333
29.833333333333332,1267.0,7.159089000000001
29.916666666666668,1310.0,7.159089000000001
30.083333333333332,1300.0,7.159089000000001
30.333333333333332,1228.0,7.272725333333334
30.5,1215.0,7.272725333333334
30.75,1249.0,7.272725333333334
30.916666666666668,1319.0,7.386361666666668
31.0,1404.0,8.693179500000001
31.166666666666668,1349.0,8.693179500000001
31.333333333333332,1343.0,7.045452666666668
31.416666666666668,1347.0,3.806817166666667
31.666666666666668,1315.0,3.806817166666667
31.833333333333332,1263.0,7.272725333333334
32.0,1258.0,6.3068165
32.083333333333336,1285.0,3.806817166666667
32.333333333333336,1296.0,3.806817166666667
32.416666666666664,1246.0,7.7272706666666675
32.5,1218.0,2.3295448333333333
32.5,1213.0,2.3295448333333333
32.583333333333336,1238.0,2.3295448333333333
32.75,1259.0,2.3295448333333333
32.916666666666664,1218.0,3.5795445000000004
33.166666666666664,1101.0,6.6477255
33.333333333333336,1054.0,7.215907166666668
33.583333333333336,1119.0,7.5568161666666676
33.666666666666664,1166.0,6.931816333333333
33.916666666666664,1078.0,6.931816333333333
33.916666666666664,1089.0,7.215907166666668
34.083333333333336,1245.0,7.215907166666668
34.25,1327.0,7.215907166666668
34.5,1101.0,7.8409070000000005
34.666666666666664,960.0,6.704543666666668
34.833333333333336,1026.0,6.704543666666668
35.0,1230.0,6.6477255
35.166666666666664,1237.0,7.670452500000001
35.333333333333336,1117.0,6.534089166666668
35.416666666666664,1039.0,6.534089166666668
35.583333333333336,1052.0,6.534089166666668
35.833333333333336,1085.0,6.534089166666668
35.916666666666664,1084.0,6.761361833333333
36.166666666666664,1086.0,6.761361833333333
36.25,1086.0,6.761361833333333
36.416666666666664,1112.0,7.443179833333334
36.5,1097.0,3.522726333333334
36.5,1062.0,3.522726333333334
36.75,1074.0,3.522726333333334
36.833333333333336,1122.0,7.329543500000001
37.0,1146.0,7.329543500000001
37.166666666666664,1091.0,6.022725666666667
37.333333333333336,1020.0,8.579543166666667
37.5,1069.0,6.874998166666668
37.583333333333336,1186.0,9.715906500000001
37.75,1121.0,9.715906500000001
37.916666666666664,1019.0,7.5568161666666676
38.0,1018.0,6.761361833333333
38.25,998.0,7.102270833333333
38.416666666666664,882.0,6.477271
38.583333333333336,766.0,7.329543500000001
38.75,766.0,7.329543500000001
38.75,801.0,7.045452666666668
38.916666666666664,803.0,7.045452666666668
38.916666666666664,750.0,7.386361666666668
39.0,770.0,2.4431811666666667
39.25,818.0,2.4999993333333332
39.416666666666664,850.0,7.443179833333334
39.5,806.0,6.6477255
39.666666666666664,788.0,6.6477255
39.833333333333336,783.0,7.159089000000001
40.083333333333336,784.0,7.443179833333334
40.166666666666664,773.0,6.81818
40.25,770.0,6.81818
40.333333333333336,795.0,7.9545433333333335
40.583333333333336,825.0,7.9545433333333335
40.666666666666664,829.0,6.704543666666668
40.75,848.0,6.704543666666668
41.0,1051.0,6.704543666666668
41.166666666666664,1217.0,6.704543666666668
41.166666666666664,1222.0,6.3068165
41.25,1027.0,6.3068165
41.25,997.0,1.2499996666666666
41.5,1057.0,2.4999993333333332
41.666666666666664,1115.0,7.443179833333334
41.916666666666664,1119.0,6.988634500000001
42.083333333333336,1079.0,7.9545433333333335
42.25,1079.0,6.6477255
42.416666666666664,1007.0,7.386361666666668
42.583333333333336,1005.0,7.386361666666668
42.833333333333336,1174.0,7.329543500000001
42.916666666666664,1201.0,6.874998166666668
43.166666666666664,1000.0,6.931816333333333
43.333333333333336,1036.0,7.215907166666668
43.416666666666664,1184.0,6.988634500000001
43.666666666666664,1195.0,6.988634500000001
43.666666666666664,1063.0,6.761361833333333
43.833333333333336,1094.0,6.761361833333333
43.833333333333336,1133.0,7.272725333333334
43.916666666666664,1143.0,7.272725333333334
44.0,1037.0,3.693180833333334
44.25,1034.0,3.7499990000000003
44.416666666666664,1108.0,6.6477255
44.583333333333336,1156.0,6.6477255
44.666666666666664,925.0,9.659088333333333
44.916666666666664,998.0,9.659088333333333
45.0,1075.0,7.102270833333333
45.0,1092.0,7.102270833333333
45.083333333333336,1147.0,7.102270833333333
45.25,1115.0,7.102270833333333
45.333333333333336,1093.0,3.522726333333334
45.416666666666664,1149.0,3.9204535000000003
45.666666666666664,1147.0,3.9204535000000003
45.833333333333336,1034.0,6.590907333333333
45.916666666666664,1071.0,6.81818
46.0,1144.0,6.81818
46.0,1049.0,1.761363166666667
46.166666666666664,854.0,8.579543166666667
46.333333333333336,936.0,8.579543166666667
46.583333333333336,1136.0,7.5568161666666676
46.583333333333336,1257.0,7.159089000000001
46.833333333333336,1210.0,7.159089000000001
46.916666666666664,969.0,7.5568161666666676
46.916666666666664,981.0,7.5568161666666676
47.166666666666664,1058.0,7.5568161666666676
47.333333333333336,1074.0,7.5568161666666676
47.5,1024.0,6.363634666666667
47.666666666666664,1014.0,6.363634666666667
47.833333333333336,1009.0,7.272725333333334
48.0,1009.0,7.272725333333334
48.166666666666664,993.0,6.590907333333333
48.166666666666664,1018.0,8.636361333333333
48.166666666666664,1051.0,8.636361333333333
48.25,1015.0,1.1931815000000001
48.333333333333336,979.0,1.1931815000000001
48.5,961.0,1.9318176666666669
48.666666666666664,977.0,3.2954536666666665
48.75,1022.0,7.9545433333333335
48.916666666666664,1041.0,7.9545433333333335
49.166666666666664,1029.0,7.9545433333333335
49.333333333333336,1019.0,7.9545433333333335
49.416666666666664,1039.0,6.81818
49.583333333333336,1040.0,6.81818
49.75,1056.0,6.534089166666668
50.0,1055.0,6.874998166666668
50.166666666666664,1087.0,7.8977251666666675
50.333333333333336,1137.0,6.420452833333333
50.5,1165.0,7.8409070000000005
50.583333333333336,1118.0,6.534089166666668
50.75,1160.0,6.534089166666668
50.75,1212.0,6.931816333333333
50.916666666666664,1197.0,6.931816333333333
51.0,1168.0,7.670452500000001
51.166666666666664,1186.0,7.613634333333334
51.25,1175.0,6.079543833333333
51.333333333333336,1137.0,6.079543833333333
51.5,1136.0,6.079543833333333
51.666666666666664,1138.0,6.534089166666668
51.916666666666664,1154.0,6.931816333333333
52.166666666666664,1164.0,6.931816333333333
52.333333333333336,1147.0,6.931816333333333
52.5,1136.0,6.931816333333333
52.75,1211.0,8.0113615
52.916666666666664,1237.0,5.795453
53.083333333333336,1173.0,6.704543666666668
53.25,1135.0,6.704543666666668
53.416666666666664,1154.0,6.704543666666668
53.583333333333336,1345.0,6.704543666666668
53.666666666666664,1395.0,7.7272706666666675
53.75,1270.0,7.7272706666666675
53.916666666666664,1270.0,6.590907333333333
54.083333333333336,1390.0,7.102270833333333
54.083333333333336,1390.0,7.8409070000000005
54.25,1387.0,7.8409070000000005
54.5,1257.0,7.8409070000000005
54.666666666666664,1214.0,7.386361666666668
54.833333333333336,1357.0,6.988634500000001
54.916666666666664,1502.0,3.40909
55.083333333333336,1463.0,3.7499990000000003
55.166666666666664,1400.0,7.272725333333334
55.416666666666664,1246.0,7.272725333333334
55.583333333333336,1199.0,7.272725333333334
55.666666666666664,1313.0,7.215907166666668
55.916666666666664,1333.0,7.215907166666668
56.0,1303.0,6.6477255
56.0,1294.0,6.6477255
56.0,1327.0,6.6477255
56.166666666666664,1376.0,8.0113615
56.333333333333336,1447.0,8.0113615
56.583333333333336,1316.0,8.0113615
56.666666666666664,1152.0,7.670452500000001
56.75,1132.0,2.3295448333333333
56.833333333333336,1257.0,3.2386355
57.0,1429.0,3.2386355
57.083333333333336,1411.0,6.704543666666668
57.333333333333336,1234.0,6.704543666666668
57.416666666666664,1109.0,7.215907166666668
57.666666666666664,1080.0,7.215907166666668
57.833333333333336,1209.0,7.215907166666668
57.916666666666664,1455.0,3.2954536666666665
58.083333333333336,1494.0,3.2954536666666665
58.25,1342.0,3.2954536666666665
58.5,1181.0,7.159089000000001
58.5,1197.0,7.159089000000001
58.666666666666664,1309.0,7.159089000000001
58.666666666666664,1427.0,7.443179833333334
58.916666666666664,1426.0,7.443179833333334
59.0,1191.0,6.6477255
59.25,1016.0,6.6477255
59.333333333333336,1017.0,6.477271
59.416666666666664,1157.0,3.636362666666667
59.416666666666664,1207.0,2.3863630000000002
59.5,1203.0,2.3863630000000002
59.666666666666664,1122.0,2.3863630000000002
59.916666666666664,1033.0,8.181816000000001
60.083333333333336,1033.0,8.181816000000001
60.333333333333336,1070.0,8.181816000000001
60.583333333333336,1289.0,7.443179833333334
60.75,1342.0,7.215907166666668
61.0,1237.0,7.9545433333333335
61.166666666666664,1095.0,7.9545433333333335
61.25,1109.0,6.590907333333333
61.416666666666664,1216.0,6.590907333333333
61.666666666666664,1148.0,6.988634500000001
61.833333333333336,1024.0,6.988634500000001
62.0,951.0,6.477271
62.166666666666664,972.0,6.477271
62.25,974.0,7.045452666666668
62.333333333333336,1102.0,8.181816000000001
62.333333333333336,1157.0,8.181816000000001
62.5,1190.0,8.181816000000001
62.666666666666664,1192.0,8.124997833333333
62.916666666666664,1170.0,6.874998166666668
63.083333333333336,1159.0,6.988634500000001
63.333333333333336,1176.0,6.988634500000001
63.5,1193.0,7.215907166666668
63.666666666666664,1169.0,6.193180166666667
63.666666666666664,1141.0,6.988634500000001
63.75,1124.0,6.988634500000001
63.833333333333336,1100.0,1.4204541666666668
64.0,1097.0,6.874998166666668
64.08333333333333,1100.0,6.931816333333333
64.25,1118.0,5.6249985
64.5,1089.0,5.6249985
64.66666666666667,1062.0,6.534089166666668
64.91666666666667,1093.0,7.102270833333333
64.91666666666667,1137.0,7.102270833333333
65.08333333333333,1153.0,7.102270833333333
65.25,1142.0,7.102270833333333
65.5,1150.0,7.102270833333333
65.66666666666667,1170.0,7.102270833333333
65.83333333333333,1193.0,6.931816333333333
66.08333333333333,1196.0,6.931816333333333
66.25,1172.0,7.5568161666666676
66.5,1141.0,7.5568161666666676
66.5,1138.0,7.499998000000001
66.75,1118.0,7.499998000000001
66.83333333333333,1118.0,7.329543500000001
67.08333333333333,1120.0,7.329543500000001
67.25,1140.0,7.329543500000001
67.5,1165.0,7.329543500000001
67.66666666666667,1191.0,7.5568161666666676
67.91666666666667,1170.0,7.5568161666666676
68.08333333333333,1072.0,6.363634666666667
68.08333333333333,1037.0,6.6477255
68.33333333333333,1154.0,6.6477255
68.5,1320.0,6.6477255
68.75,1222.0,6.704543666666668
68.91666666666667,1132.0,7.329543500000001
69.0,1052.0,3.636362666666667
69.16666666666667,1094.0,3.636362666666667
69.33333333333333,1333.0,9.318179333333333
69.33333333333333,1126.0,9.318179333333333
69.58333333333333,919.0,8.806815833333333
69.83333333333333,927.0,7.386361666666668
70.0,1177.0,7.386361666666668
70.25,1235.0,6.81818
70.41666666666667,1213.0,7.215907166666668
70.66666666666667,1143.0,7.215907166666668
70.83333333333333,1124.0,7.215907166666668
71.08333333333333,1267.0,7.215907166666668
71.16666666666667,1286.0,7.045452666666668
71.33333333333333,1205.0,7.045452666666668
71.58333333333333,1165.0,7.215907166666668
71.75,1198.0,7.272725333333334
72.0,1170.0,7.613634333333334
72.16666666666667,1104.0,7.613634333333334
72.41666666666667,1088.0,7.613634333333334
72.58333333333333,1164.0,7.613634333333334
72.83333333333333,1203.0,7.045452666666668
72.91666666666667,1191.0,6.874998166666668
73.0,1168.0,2.5568175
73.25,1219.0,7.272725333333334
73.41666666666667,1229.0,7.5568161666666676
73.66666666666667,1177.0,7.5568161666666676
73.66666666666667,1173.0,9.999997333333333
73.91666666666667,1186.0,7.8977251666666675
73.91666666666667,1199.0,6.534089166666668
74.08333333333333,1201.0,6.534089166666668
74.25,1173.0,7.499998000000001
74.41666666666667,1173.0,7.499998000000001
74.66666666666667,1147.0,7.386361666666668
74.75,1180.0,7.215907166666668
74.91666666666667,1228.0,9.545452000000001
75.08333333333333,1195.0,9.545452000000001
75.33333333333333,1172.0,7.784088833333334
75.5,1186.0,7.045452666666668
75.58333333333333,1259.0,8.124997833333333
75.75,1302.0,8.124997833333333
75.91666666666667,1302.0,6.81818
76.16666666666667,1287.0,6.81818
76.33333333333333,1289.0,6.81818
76.58333333333333,1291.0,6.81818
76.66666666666667,1263.0,6.590907333333333
76.75,1324.0,7.7272706666666675
76.83333333333333,1394.0,2.4431811666666667
77.0,1262.0,2.4431811666666667
77.08333333333333,1177.0,7.272725333333334
77.25,1240.0,9.261361166666667
77.33333333333333,1386.0,3.4659081666666665
77.58333333333333,1410.0,3.4659081666666665
77.75,1310.0,6.590907333333333
78.0,1282.0,6.704543666666668
78.16666666666667,1381.0,6.761361833333333
78.25,1530.0,6.931816333333333
78.33333333333333,1474.0,6.931816333333333
78.58333333333333,1474.0,6.931816333333333
78.75,1405.0,6.931816333333333
78.91666666666667,1440.0,6.931816333333333
79.08333333333333,1430.0,6.704543666666668
79.33333333333333,1360.0,7.272725333333334
79.5,1331.0,6.931816333333333
79.58333333333333,1430.0,6.704543666666668
79.58333333333333,1611.0,2.272726666666667
79.75,1524.0,2.272726666666667
79.91666666666667,1379.0,7.272725333333334
80.16666666666667,1343.0,7.272725333333334
80.33333333333333,1387.0,7.272725333333334
80.5,1336.0,6.079543833333333
80.58333333333333,1272.0,7.5568161666666676
80.75,1275.0,7.5568161666666676
80.83333333333333,1371.0,6.6477255
80.91666666666667,1351.0,6.704543666666668
81.0,1351.0,2.5568175
81.16666666666667,1276.0,2.5568175
81.33333333333333,1262.0,6.590907333333333
81.41666666666667,1343.0,7.670452500000001
81.66666666666667,1463.0,7.670452500000001
81.83333333333333,1400.0,7.215907166666668
82.08333333333333,1290.0,7.215907166666668
82.08333333333333,1273.0,7.386361666666668
82.33333333333333,1313.0,7.386361666666668
82.41666666666667,1300.0,6.249998333333333
82.66666666666667,1329.0,6.249998333333333
82.83333333333333,1363.0,7.272725333333334
82.91666666666667,1363.0,7.215907166666668
82.91666666666667,1306.0,7.215907166666668
83.16666666666667,1343.0,7.215907166666668
83.33333333333333,1394.0,7.215907166666668
83.33333333333333,1424.0,6.988634500000001
83.5,1346.0,6.988634500000001
83.75,1180.0,6.988634500000001
84.0,1176.0,6.988634500000001
84.08333333333333,1272.0,6.590907333333333
84.33333333333333,1352.0,6.590907333333333
84.41666666666667,1302.0,9.488633833333333
84.5,1264.0,2.3295448333333333
84.58333333333333,1208.0,2.3295448333333333
84.75,1146.0,3.9204535000000003
84.91666666666667,1205.0,5.738634833333333
85.16666666666667,1327.0,6.420452833333333
85.41666666666667,1316.0,6.761361833333333
85.5,1213.0,6.6477255
85.75,1141.0,6.6477255
85.83333333333333,1225.0,6.249998333333333
86.08333333333333,1311.0,6.761361833333333
86.25,1347.0,7.215907166666668
86.33333333333333,1280.0,6.81818
86.58333333333333,1191.0,6.81818
86.66666666666667,1277.0,6.931816333333333
86.91666666666667,1305.0,7.5568161666666676
86.91666666666667,1261.0,8.0113615
87.08333333333333,1231.0,8.0113615
87.25,1273.0,8.0113615
87.5,1268.0,7.670452500000001
87.58333333333333,1268.0,7.386361666666668
87.66666666666667,1217.0,7.386361666666668
87.91666666666667,1185.0,7.386361666666668
88.08333333333333,1158.0,7.386361666666668
88.33333333333333,1203.0,7.386361666666668
88.41666666666667,1223.0,8.068179666666667
88.58333333333333,1159.0,8.068179666666667
88.75,1167.0,7.329543500000001
88.83333333333333,1266.0,6.874998166666668
88.91666666666667,1274.0,2.3295448333333333
89.08333333333333,1281.0,2.5568175
89.33333333333333,1380.0,5.9659075
89.5,1357.0,7.272725333333334
89.75,1114.0,7.499998000000001
89.83333333333333,1130.0,6.249998333333333
89.91666666666667,1329.0,7.9545433333333335
90.0,1304.0,2.272726666666667
90.0,1261.0,2.272726666666667
90.0,1338.0,2.272726666666667
90.25,1273.0,2.272726666666667
90.5,1151.0,7.215907166666668
90.58333333333333,1142.0,6.6477255
90.75,1247.0,3.40909
90.91666666666667,1369.0,3.40909
91.0,1358.0,3.8636353333333338
91.08333333333333,1277.0,3.8636353333333338
91.25,1275.0,7.386361666666668
91.33333333333333,1334.0,7.386361666666668
91.58333333333333,1310.0,7.386361666666668
91.83333333333333,1046.0,7.386361666666668
92.0,1103.0,7.386361666666668
92.16666666666667,1277.0,7.386361666666668
92.33333333333333,1362.0,7.386361666666668
92.58333333333333,1333.0,7.272725333333334
92.66666666666667,1231.0,7.5568161666666676
92.75,1188.0,7.5568161666666676
92.83333333333333,1204.0,2.3295448333333333
93.0,1211.0,2.4999993333333332
93.16666666666667,1258.0,3.8636353333333338
93.41666666666667,1284.0,6.874998166666668
93.58333333333333,1282.0,6.874998166666668
93.75,1231.0,6.874998166666668
93.83333333333333,1225.0,6.6477255
93.83333333333333,1225.0,6.6477255
93.91666666666667,1345.0,6.6477255
94.16666666666667,1330.0,6.6477255
94.41666666666667,1284.0,6.874998166666668
94.58333333333333,1296.0,6.874998166666668
94.75,1231.0,7.8977251666666675
94.91666666666667,1148.0,7.8977251666666675
95.0,1146.0,6.477271
95.0,1208.0,6.477271
95.08333333333333,1281.0,1.4204541666666668
95.25,1261.0,2.4431811666666667
95.5,1222.0,2.4431811666666667
95.66666666666667,1218.0,6.193180166666667
95.83333333333333,1252.0,6.193180166666667
95.91666666666667,1277.0,7.102270833333333
96.08333333333333,1276.0,7.102270833333333
96.33333333333333,1294.0,7.102270833333333
96.5,1299.0,7.102270833333333
96.5,1317.0,6.590907333333333
96.66666666666667,1337.0,6.590907333333333
96.91666666666667,1325.0,7.102270833333333
97.08333333333333,1291.0,7.102270833333333
97.25,1307.0,6.477271
97.41666666666667,1454.0,6.477271
97.58333333333333,1523.0,8.238634166666667
97.66666666666667,1527.0,8.238634166666667
97.83333333333333,1524.0,8.238634166666667
97.83333333333333,1427.0,7.499998000000001
98.08333333333333,1286.0,7.499998000000001
98.25,1236.0,7.499998000000001
98.41666666666667,1369.0,6.761361833333333
98.58333333333333,1559.0,6.761361833333333
98.75,1360.0,7.102270833333333
98.83333333333333,1155.0,7.159089000000001
98.91666666666667,1138.0,6.534089166666668
98.91666666666667,1348.0,6.534089166666668
99.0,1564.0,6.534089166666668
99.16666666666667,1447.0,1.1363633333333334
99.33333333333333,1372.0,1.1363633333333334
99.5,1291.0,6.534089166666668
99.66666666666667,1492.0,6.534089166666668
99.83333333333333,1594.0,6.534089166666668
99.91666666666667,1499.0,7.8409070000000005
100.08333333333333,1499.0,7.8409070000000005
100.08333333333333,1378.0,5.852271166666667
100.25,1363.0,5.852271166666667
100.33333333333333,1523.0,7.443179833333334
100.5,1640.0,7.443179833333334
100.75,1636.0,6.874998166666668
100.91666666666667,1470.0,6.874998166666668
101.08333333333333,1361.0,7.272725333333334
101.16666666666667,1509.0,6.363634666666667
101.33333333333333,1548.0,6.363634666666667
101.33333333333333,1458.0,8.352270500000001
101.33333333333333,1383.0,8.352270500000001
101.58333333333333,1347.0,8.352270500000001
101.75,1333.0,6.534089166666668
101.91666666666667,1464.0,7.045452666666668
102.16666666666667,1562.0,7.045452666666668
102.33333333333333,1383.0,6.704543666666668
102.5,1218.0,6.590907333333333
102.58333333333333,1259.0,6.931816333333333
102.58333333333333,1474.0,2.272726666666667
102.66666666666667,1592.0,2.0454540000000003
102.83333333333333,1404.0,2.0454540000000003
102.91666666666667,1273.0,7.7272706666666675
103.08333333333333,1264.0,7.7272706666666675
103.33333333333333,1448.0,7.443179833333334
103.5,1575.0,7.443179833333334
103.66666666666667,1517.0,6.590907333333333
103.91666666666667,1393.0,6.590907333333333
104.08333333333333,1317.0,6.590907333333333
104.33333333333333,1338.0,6.590907333333333
104.5,1417.0,6.079543833333333
104.58333333333333,1576.0,8.409088666666667
104.75,1723.0,8.409088666666667
104.91666666666667,1512.0,7.045452666666668
105.0,1371.0,7.272725333333334
105.08333333333333,1427.0,7.5568161666666676
105.25,1603.0,7.5568161666666676
105.41666666666667,1686.0,6.931816333333333
105.5,1487.0,6.363634666666667
105.5,1482.0,6.363634666666667
105.58333333333333,1378.0,6.363634666666667
105.75,1368.0,6.363634666666667
106.0,1368.0,6.363634666666667
106.16666666666667,1480.0,6.363634666666667
106.25,1607.0,6.249998333333333
106.5,1615.0,7.102270833333333
106.66666666666667,1535.0,7.102270833333333
106.75,1542.0,6.3068165
106.83333333333333,1624.0,3.2386355
106.91666666666667,1618.0,3.2386355
107.0,1584.0,6.590907333333333
107.08333333333333,1536.0,6.590907333333333
107.33333333333333,1462.0,6.704543666666668
107.5,1504.0,6.704543666666668
107.75,1503.0,6.704543666666668
107.91666666666667,1531.0,6.249998333333333
108.08333333333333,1351.0,6.363634666666667
108.16666666666667,1333.0,7.386361666666668
108.16666666666667,1443.0,3.2386355
108.33333333333333,1553.0,3.2386355
108.41666666666667,1478.0,6.704543666666668
108.66666666666667,1356.0,6.704543666666668
108.83333333333333,1412.0,6.420452833333333
108.83333333333333,1528.0,6.590907333333333
109.08333333333333,1656.0,6.590907333333333
109.16666666666667,1754.0,8.920452166666667
109.25,1672.0,3.1249991666666666
109.41666666666667,1623.0,6.704543666666668
109.41666666666667,1620.0,6.704543666666668
109.58333333333333,1591.0,6.704543666666668
109.83333333333333,1505.0,6.6477255
110.0,1431.0,6.704543666666668
110.16666666666667,1421.0,6.931816333333333
110.41666666666667,1504.0,6.704543666666668
110.58333333333333,1694.0,6.704543666666668
110.75,1805.0,6.249998333333333
110.91666666666667,1870.0,6.249998333333333
110.91666666666667,1860.0,5.9659075
111.08333333333333,1760.0,5.9659075
111.25,1678.0,5.9659075
111.41666666666667,1635.0,6.704543666666668
111.58333333333333,1497.0,6.704543666666668
111.75,1444.0,6.704543666666668
111.91666666666667,1475.0,6.022725666666667
112.0,1594.0,7.386361666666668
112.16666666666667,1594.0,7.386361666666668
112.33333333333333,1566.0,6.6477255
112.33333333333333,1399.0,5.6249985
112.5,1385.0,5.6249985
112.66666666666667,1585.0,7.329543500000001
112.83333333333333,1715.0,6.704543666666668
113.0,1694.0,6.534089166666668
113.08333333333333,1561.0,6.249998333333333
113.33333333333333,1595.0,6.249998333333333
113.5,1682.0,6.249998333333333
113.66666666666667,1680.0,6.704543666666668
113.66666666666667,1578.0,6.534089166666668
113.75,1507.0,6.534089166666668
113.75,1530.0,1.5340905
113.91666666666667,1593.0,1.704545
114.16666666666667,1644.0,6.136362
114.33333333333333,1613.0,6.136362
114.5,1622.0,6.193180166666667
114.66666666666667,1730.0,6.193180166666667
114.91666666666667,1874.0,6.3068165
115.08333333333333,1775.0,6.249998333333333
115.16666666666667,1542.0,6.477271
115.33333333333333,1392.0,6.477271
115.5,1330.0,6.363634666666667
115.66666666666667,1380.0,6.363634666666667
115.83333333333333,1589.0,6.136362
115.91666666666667,1600.0,6.534089166666668
116.16666666666667,1514.0,6.534089166666668
116.33333333333333,1503.0,6.534089166666668
116.5,1730.0,6.477271
116.58333333333333,1860.0,5.852271166666667
116.58333333333333,1835.0,5.852271166666667
116.75,1715.0,5.852271166666667
116.91666666666667,1585.0,6.420452833333333
117.08333333333333,1586.0,6.420452833333333
117.33333333333333,1573.0,6.420452833333333
117.5,1474.0,6.136362
117.58333333333333,1335.0,5.795453
117.75,1266.0,5.795453
117.91666666666667,1269.0,5.795453
118.0,1441.0,6.022725666666667
118.0,1577.0,6.022725666666667
118.08333333333333,1660.0,6.022725666666667
118.25,1660.0,6.022725666666667
118.41666666666667,1648.0,6.022725666666667
118.58333333333333,1649.0,6.022725666666667
118.75,1690.0,6.136362
118.83333333333333,1747.0,6.136362
119.0,1723.0,6.136362
119.08333333333333,1591.0,5.2840895
119.08333333333333,1469.0,5.2840895
119.08333333333333,1468.0,5.2840895
119.16666666666667,1621.0,5.2840895
119.33333333333333,1639.0,5.6249985
119.5,1638.0,5.6249985
119.66666666666667,1620.0,5.795453
119.75,1632.0,5.227271333333333
119.91666666666667,1777.0,5.227271333333333
120.08333333333333,1837.0,6.477271
120.25,1828.0,6.136362
120.33333333333333,1788.0,5.568180333333333
120.33333333333333,1741.0,5.568180333333333
120.33333333333333,1772.0,5.568180333333333
120.41666666666667,1796.0,0.9659088333333334
120.58333333333333,1781.0,3.1818173333333335
120.75,1744.0,5.6249985
120.75,1795.0,5.6249985
120.83333333333333,1875.0,5.6249985
120.83333333333333,1877.0,1.5340905
120.83333333333333,1852.0,1.5340905
121.0,1678.0,1.5340905
121.16666666666667,1614.0,5.6249985
121.16666666666667,1614.0,6.079543833333333
121.25,1652.0,6.079543833333333
121.33333333333333,1616.0,1.1931815000000001
121.5,1470.0,2.8977265
121.66666666666667,1410.0,5.795453
121.75,1528.0,5.909089333333333
121.91666666666667,1846.0,5.852271166666667
122.08333333333333,2155.0,5.852271166666667
122.08333333333333,2169.0,6.079543833333333
122.25,2182.0,6.079543833333333
122.33333333333333,2181.0,5.170453166666666
122.33333333333333,2115.0,5.170453166666666
122.41666666666667,1830.0,1.6477268333333333
122.58333333333333,1830.0,2.7840901666666666
122.75,1590.0,5.340907666666666
122.91666666666667,1482.0,5.340907666666666
123.08333333333333,1635.0,5.170453166666666
123.25,1747.0,5.681816666666667
123.41666666666667,1694.0,5.227271333333333
123.5,1721.0,5.397725833333334
123.66666666666667,1859.0,5.170453166666666
123.83333333333333,2109.0,5.113635
124.0,2142.0,5.113635
124.0,2145.0,5.227271333333333
124.0,2022.0,5.227271333333333
124.16666666666667,1573.0,5.227271333333333
124.33333333333333,1162.0,5.227271333333333
124.5,1084.0,4.9999986666666665
124.66666666666667,1272.0,4.9999986666666665
124.75,1663.0,4.8295441666666665
124.91666666666667,1996.0,5.227271333333333
124.91666666666667,2086.0,5.2840895
125.08333333333333,2200.0,5.2840895
125.08333333333333,2378.0,5.170453166666666
125.08333333333333,2610.0,5.170453166666666
125.08333333333333,2539.0,5.170453166666666
125.25,2339.0,5.170453166666666
125.33333333333333,2236.0,5.738634833333333
125.5,2065.0,5.738634833333333
125.66666666666667,1994.0,5.738634833333333
125.75,1947.0,5.454544
125.91666666666667,1827.0,5.454544
126.08333333333333,1643.0,5.397725833333334
126.25,1662.0,5.397725833333334
126.33333333333333,1872.0,4.9431805
126.33333333333333,2077.0,4.9431805
126.33333333333333,2158.0,4.9431805
126.33333333333333,2043.0,4.9431805
126.41666666666667,2095.0,4.9431805
126.58333333333333,2251.0,5.2840895
126.58333333333333,2328.0,5.2840895
126.75,2219.0,5.2840895
126.91666666666667,2194.0,5.227271333333333
127.0,2077.0,4.7159078333333335
127.16666666666667,1893.0,4.7159078333333335
127.33333333333333,1753.0,4.7727260000000005
127.5,1753.0,5.170453166666666
127.66666666666667,1728.0,4.8863623333333335
127.66666666666667,1850.0,4.261362500000001
127.66666666666667,2006.0,4.261362500000001
127.75,2131.0,4.261362500000001
127.91666666666667,2137.0,4.261362500000001
128.0,2054.0,5.170453166666666
128.16666666666666,2022.0,5.170453166666666
128.33333333333334,2028.0,4.7159078333333335
128.33333333333334,2056.0,4.9431805
128.41666666666666,2039.0,1.704545
128.58333333333334,2038.0,1.704545
128.58333333333334,2019.0,4.659089666666667
128.75,2016.0,4.659089666666667
128.75,1925.0,4.7727260000000005
128.91666666666666,1776.0,4.7727260000000005
129.08333333333334,1670.0,4.7159078333333335
129.08333333333334,1658.0,6.022725666666667
129.16666666666666,1840.0,6.022725666666667
129.33333333333334,2038.0,5.909089333333333
129.5,2047.0,5.568180333333333
129.58333333333334,2052.0,4.7727260000000005
129.66666666666666,2135.0,5.056816833333333
129.75,2274.0,5.056816833333333
129.91666666666666,2286.0,5.056816833333333
130.0,2286.0,5.113635
130.16666666666666,2175.0,5.113635
130.33333333333334,2049.0,4.7727260000000005
130.33333333333334,2035.0,4.6022715000000005
130.33333333333334,2059.0,4.6022715000000005
130.33333333333334,2067.0,4.6022715000000005
130.5,2009.0,4.6022715000000005
130.58333333333334,1965.0,5.511362166666667
130.75,2017.0,4.7727260000000005
130.91666666666666,2089.0,4.7727260000000005
130.91666666666666,2149.0,4.6022715000000005
131.08333333333334,2118.0,4.6022715000000005
131.25,2097.0,4.6022715000000005
131.33333333333334,2098.0,4.034089833333334
131.5,2096.0,4.7159078333333335
131.58333333333334,2157.0,4.545453333333334
131.58333333333334,2232.0,4.545453333333334
131.66666666666666,2264.0,4.545453333333334
131.83333333333334,2264.0,4.545453333333334
131.91666666666666,2244.0,5.6249985
132.08333333333334,2162.0,5.6249985
132.25,2061.0,5.227271333333333
132.33333333333334,2141.0,4.7159078333333335
132.5,2196.0,4.7159078333333335
132.58333333333334,2101.0,4.6022715000000005
132.66666666666666,1796.0,4.6022715000000005
132.83333333333334,1744.0,4.6022715000000005
132.91666666666666,1790.0,4.7159078333333335
133.08333333333334,1787.0,4.431817000000001
133.08333333333334,1778.0,4.261362500000001
133.08333333333334,1849.0,4.261362500000001
133.16666666666666,2006.0,1.0795451666666667
133.33333333333334,2129.0,4.431817000000001
133.5,2176.0,4.431817000000001
133.58333333333334,2261.0,4.431817000000001
133.75,2305.0,4.431817000000001
133.83333333333334,2218.0,4.9431805
133.91666666666666,2070.0,3.9204535000000003
134.0,2031.0,2.3295448333333333
134.16666666666666,2110.0,4.204544333333334
134.33333333333334,2034.0,4.204544333333334
134.41666666666666,1954.0,4.204544333333334
134.41666666666666,1827.0,4.488635166666667
134.5,1978.0,4.488635166666667
134.66666666666666,2046.0,4.545453333333334
134.83333333333334,1970.0,4.545453333333334
134.91666666666666,1895.0,4.8295441666666665
135.08333333333334,2116.0,4.7727260000000005
135.16666666666666,2267.0,4.374998833333334
135.33333333333334,2229.0,4.545453333333334
135.5,2147.0,4.8863623333333335
135.58333333333334,2178.0,4.659089666666667
135.75,2304.0,4.204544333333334
135.83333333333334,2281.0,5.795453
135.91666666666666,2189.0,4.374998833333334
136.0,2070.0,4.374998833333334
136.16666666666666,1984.0,4.374998833333334
136.33333333333334,2008.0,4.488635166666667
136.41666666666666,2026.0,4.545453333333334
136.5,2032.0,4.147726166666667
136.58333333333334,2032.0,4.147726166666667
136.75,2119.0,4.147726166666667
136.83333333333334,2185.0,4.7159078333333335
137.0,2133.0,4.7159078333333335
137.16666666666666,2037.0,4.7159078333333335
137.25,2074.0,4.659089666666667
137.41666666666666,2306.0,4.659089666666667
137.5,2363.0,5.056816833333333
137.66666666666666,2344.0,4.8863623333333335
137.66666666666666,2328.0,4.374998833333334
137.75,2341.0,4.374998833333334
137.83333333333334,2342.0,4.7159078333333335
138.0,2301.0,4.374998833333334
138.0,2287.0,4.261362500000001
138.0,2387.0,4.261362500000001
138.08333333333334,2648.0,1.0227270000000002
138.25,2613.0,1.0227270000000002
138.33333333333334,2419.0,3.9204535000000003
138.5,2267.0,3.9204535000000003
138.58333333333334,2468.0,4.488635166666667
138.75,2629.0,4.374998833333334
138.83333333333334,2529.0,4.431817000000001
138.91666666666666,2204.0,4.034089833333334
139.0,2128.0,1.9886358333333334
139.16666666666666,2552.0,1.9886358333333334
139.16666666666666,2557.0,4.374998833333334
139.25,2472.0,4.374998833333334
139.41666666666666,2163.0,4.374998833333334
139.5,1970.0,4.431817000000001
139.66666666666666,2114.0,4.431817000000001
139.75,2174.0,4.318180666666667
139.83333333333334,2043.0,4.374998833333334
140.0,1929.0,4.034089833333334
140.08333333333334,2154.0,3.8636353333333338
140.16666666666666,2320.0,3.9772716666666668
140.33333333333334,2294.0,3.9772716666666668
140.5,2236.0,3.9772716666666668
140.58333333333334,2303.0,3.9204535000000003
140.75,2391.0,4.204544333333334
140.83333333333334,2391.0,4.318180666666667
140.91666666666666,2555.0,4.261362500000001
141.08333333333334,2363.0,4.261362500000001
141.16666666666666,2219.0,3.7499990000000003
141.16666666666666,2219.0,3.7499990000000003
141.16666666666666,2290.0,3.7499990000000003
141.33333333333334,2474.0,3.7499990000000003
141.41666666666666,2526.0,4.204544333333334
141.5,2316.0,3.2954536666666665
141.66666666666666,2104.0,4.090908000000001
141.75,2080.0,4.147726166666667
141.91666666666666,2237.0,4.261362500000001
142.0,2268.0,4.659089666666667
142.08333333333334,2226.0,3.7499990000000003
142.08333333333334,2225.0,2.272726666666667
142.25,2226.0,2.272726666666667
142.25,2279.0,4.147726166666667
142.25,2337.0,4.147726166666667
142.25,2332.0,4.147726166666667
142.33333333333334,2272.0,4.147726166666667
142.5,2159.0,4.147726166666667
142.58333333333334,2135.0,4.147726166666667
142.75,2155.0,4.147726166666667
142.83333333333334,2225.0,3.8636353333333338
142.91666666666666,2305.0,3.352271833333334
143.0,2364.0,3.9204535000000003
143.16666666666666,2317.0,3.9204535000000003
143.25,2283.0,3.7499990000000003
143.41666666666666,2267.0,3.7499990000000003
143.5,2287.0,3.7499990000000003
143.58333333333334,2287.0,3.806817166666667
143.75,2231.0,3.7499990000000003
143.83333333333334,2142.0,3.7499990000000003
143.91666666666666,2257.0,3.7499990000000003
144.08333333333334,2524.0,3.7499990000000003
144.16666666666666,2453.0,3.7499990000000003
144.25,2297.0,3.7499990000000003
144.41666666666666,2202.0,3.7499990000000003
144.5,2379.0,3.636362666666667
144.58333333333334,2438.0,3.636362666666667
144.75,2371.0,3.636362666666667
144.83333333333334,2287.0,4.147726166666667
144.91666666666666,2243.0,3.7499990000000003
145.08333333333334,2258.0,3.7499990000000003
145.16666666666666,2227.0,3.636362666666667
145.16666666666666,2200.0,3.9204535000000003
145.25,2221.0,1.761363166666667
145.41666666666666,2221.0,3.2954536666666665
145.5,2340.0,3.806817166666667
145.66666666666666,2389.0,3.806817166666667
145.75,2427.0,4.7159078333333335
145.75,2503.0,3.636362666666667
145.75,2582.0,3.636362666666667
145.91666666666666,2459.0,3.636362666666667
146.0,2254.0,3.806817166666667
146.0,2134.0,3.636362666666667
146.08333333333334,2106.0,1.704545
146.25,2056.0,1.704545
146.33333333333334,1872.0,3.636362666666667
146.41666666666666,1810.0,3.8636353333333338
146.58333333333334,1890.0,3.7499990000000003
146.66666666666666,2142.0,3.5795445000000004
146.75,2208.0,3.40909
146.83333333333334,2228.0,3.40909
147.0,2273.0,3.7499990000000003
147.08333333333334,2452.0,4.034089833333334
147.16666666666666,2593.0,3.693180833333334
147.25,2495.0,3.5795445000000004
147.25,2341.0,3.5795445000000004
147.25,2279.0,3.5795445000000004
147.25,2248.0,3.5795445000000004
147.41666666666666,2247.0,3.5795445000000004
147.5,2131.0,3.068181
147.58333333333334,2066.0,4.090908000000001
147.66666666666666,2159.0,3.2954536666666665
147.75,2199.0,3.9772716666666668
147.91666666666666,2198.0,3.40909
148.0,2229.0,3.40909
148.08333333333334,2367.0,3.40909
148.08333333333334,2499.0,3.1249991666666666
148.16666666666666,2460.0,1.5340905
148.25,2395.0,3.693180833333334
148.41666666666666,2371.0,3.7499990000000003
148.5,2372.0,3.9772716666666668
148.58333333333334,2193.0,2.9545446666666666
148.66666666666666,2193.0,3.7499990000000003
148.83333333333334,1977.0,3.522726333333334
148.83333333333334,2068.0,3.2386355
148.83333333333334,2236.0,3.2386355
148.91666666666666,2236.0,1.1363633333333334
149.0,2226.0,4.090908000000001
149.08333333333334,2202.0,4.090908000000001
149.16666666666666,2284.0,1.761363166666667
149.25,2625.0,2.7840901666666666
149.33333333333334,2759.0,3.1818173333333335
149.41666666666666,2683.0,3.5795445000000004
149.5,2517.0,3.352271833333334
149.66666666666666,2335.0,3.352271833333334
149.75,2318.0,3.522726333333334
149.75,2302.0,3.40909
149.83333333333334,2301.0,3.40909
149.91666666666666,2164.0,3.9204535000000003
150.0,2058.0,3.1818173333333335
150.08333333333334,2036.0,3.2386355
150.25,2015.0,3.2386355
150.25,1971.0,3.4659081666666665
150.25,2139.0,3.4659081666666665
150.33333333333334,2339.0,3.4659081666666665
150.41666666666666,2479.0,1.0227270000000002
150.5,2563.0,3.522726333333334
150.5,2691.0,3.522726333333334
150.5,2752.0,3.522726333333334
150.66666666666666,2723.0,3.522726333333334
150.75,2668.0,3.8636353333333338
150.83333333333334,2604.0,3.352271833333334
150.91666666666666,2271.0,3.1818173333333335
151.0,2125.0,3.40909
151.0,2055.0,3.40909
151.0,2055.0,3.40909
151.08333333333334,1942.0,1.0227270000000002
151.25,1906.0,1.0227270000000002
151.25,1967.0,3.352271833333334
151.25,2090.0,3.352271833333334
151.25,2363.0,3.352271833333334
151.33333333333334,2586.0,0.7954543333333334
151.41666666666666,2679.0,3.806817166666667
151.41666666666666,2791.0,3.806817166666667
151.5,2782.0,3.806817166666667
151.58333333333334,2592.0,1.0795451666666667
151.66666666666666,2471.0,3.068181
151.75,2382.0,3.7499990000000003
151.91666666666666,2293.0,3.7499990000000003
152.0,2293.0,3.40909
152.08333333333334,2086.0,3.1249991666666666
152.16666666666666,1926.0,3.2954536666666665
152.16666666666666,1920.0,3.693180833333334
152.25,2000.0,1.5340905
152.33333333333334,2070.0,2.8977265
152.5,2038.0,2.8977265
152.58333333333334,2045.0,3.2386355
152.66666666666666,2100.0,3.636362666666667
152.75,2146.0,3.2954536666666665
152.83333333333334,2259.0,3.5795445000000004
152.83333333333334,2361.0,3.5795445000000004
152.83333333333334,2436.0,3.5795445000000004
152.83333333333334,2440.0,3.5795445000000004
152.91666666666666,2312.0,0.681818
152.91666666666666,2174.0,0.681818
153.0,2084.0,1.5909086666666667
153.08333333333334,1997.0,3.2954536666666665
153.16666666666666,1882.0,3.2954536666666665
153.25,1773.0,3.636362666666667
153.33333333333334,1809.0,3.5795445000000004
153.5,1892.0,3.5795445000000004
153.5,1982.0,3.9204535000000003
153.5,2138.0,3.9204535000000003
153.58333333333334,2172.0,1.0795451666666667
153.75,2324.0,3.4659081666666665
153.83333333333334,2423.0,4.090908000000001
153.83333333333334,2528.0,3.40909
153.83333333333334,2556.0,3.40909
153.83333333333334,2520.0,3.40909
153.83333333333334,2389.0,3.40909
153.83333333333334,2218.0,3.40909
153.91666666666666,2111.0,3.40909
154.0,2090.0,3.40909
154.08333333333334,2049.0,2.8977265
154.08333333333334,2024.0,2.8977265
154.25,2027.0,2.8977265
154.33333333333334,2054.0,4.034089833333334
154.41666666666666,2053.0,3.40909
154.41666666666666,2100.0,3.352271833333334
154.58333333333334,2160.0,3.352271833333334
154.58333333333334,2152.0,3.352271833333334
154.66666666666666,2139.0,3.352271833333334
154.75,2139.0,3.2386355
154.83333333333334,2137.0,3.522726333333334
154.91666666666666,2120.0,4.034089833333334
154.91666666666666,2043.0,4.034089833333334
154.91666666666666,2044.0,4.034089833333334
154.91666666666666,2062.0,4.034089833333334
154.91666666666666,2090.0,4.034089833333334
155.0,2110.0,4.034089833333334
155.08333333333334,2023.0,0.45454533333333336
155.16666666666666,1942.0,3.2954536666666665
155.25,1942.0,2.7840901666666666
155.33333333333334,1965.0,3.4659081666666665
155.41666666666666,2051.0,3.693180833333334
155.58333333333334,2024.0,3.693180833333334
155.66666666666666,2003.0,3.522726333333334
155.75,2061.0,3.1249991666666666
155.75,2265.0,4.034089833333334
155.75,2364.0,4.034089833333334
155.75,2393.0,4.034089833333334
155.91666666666666,2455.0,4.034089833333334
156.0,2539.0,3.8636353333333338
156.08333333333334,2548.0,3.4659081666666665
156.16666666666666,2499.0,3.2954536666666665
156.25,2387.0,3.1249991666666666
156.33333333333334,2386.0,3.0113628333333335
156.33333333333334,2421.0,3.0113628333333335
156.41666666666666,2358.0,3.0113628333333335
156.5,2275.0,1.0795451666666667
156.58333333333334,2249.0,2.8977265
156.58333333333334,2365.0,2.727272
156.66666666666666,2505.0,2.727272
156.75,2536.0,3.806817166666667
156.83333333333334,2521.0,2.8977265
156.91666666666666,2501.0,3.068181
157.08333333333334,2450.0,3.068181
157.08333333333334,1998.0,3.068181
157.16666666666666,1219.0,2.272726666666667
157.16666666666666,600.0,2.272726666666667
157.25,320.0,1.5909086666666667
157.33333333333334,48.0,1.9886358333333334
157.41666666666666,0.0,1.9886358333333334
157.41666666666666,0.0,2.4999993333333332
157.41666666666666,0.0,2.4999993333333332
157.41666666666666,0.0,2.4999993333333332
157.5,0.0,0.7386361666666666
157.5,115.0,0.7386361666666666
157.5,889.0,0.7386361666666666
157.5,1945.0,0.7386361666666666
157.5,2019.0,0.7386361666666666
157.5,1539.0,0.7386361666666666
157.5,1292.0,0.7386361666666666
157.5,1304.0,0.7386361666666666
157.5,1323.0,0.7386361666666666
157.5,1084.0,0.7386361666666666
157.5,554.0,0.7386361666666666
157.5,241.0,0.7386361666666666
157.5,75.0,0.7386361666666666
157.5,0.0,0.7386361666666666
157.5,0.0,0.7386361666666666
157.5,0.0,0.7386361666666666
157.5,0.0,0.7386361666666666
157.58333333333334,0.0,0.7386361666666666
157.58333333333334,0.0,0.1704545
157.58333333333334,0.0,0.1704545
157.58333333333334,0.0,0.1704545
157.58333333333334,0.0,0.1704545
157.58333333333334,0.0,0.1704545
157.58333333333334,0.0,0.1704545
157.58333333333334,0.0,0.1704545
157.58333333333334,0.0,0.1704545
157.58333333333334,0.0,0.1704545
157.58333333333334,0.0,0.1704545
157.58333333333334,0.0,0.1704545
157.58333333333334,203.0,0.1704545
157.58333333333334,576.0,0.1704545
157.66666666666666,460.0,0.22727266666666668
157.66666666666666,241.0,0.22727266666666668
157.66666666666666,99.0,0.22727266666666668
157.66666666666666,13.0,0.22727266666666668
157.66666666666666,0.0,0.22727266666666668
157.66666666666666,0.0,0.22727266666666668
157.66666666666666,0.0,0.22727266666666668
157.66666666666666,0.0,0.22727266666666668
157.66666666666666,0.0,0.22727266666666668
157.66666666666666,0.0,0.22727266666666668
157.66666666666666,0.0,0.22727266666666668
157.66666666666666,0.0,0.22727266666666668
157.66666666666666,0.0,0.22727266666666668
157.66666666666666,0.0,0.22727266666666668
157.66666666666666,0.0,0.22727266666666668
157.66666666666666,0.0,0.22727266666666668
157.66666666666666,0.0,0.22727266666666668
157.66666666666666,0.0,0.22727266666666668
157.66666666666666,0.0,0.22727266666666668
157.66666666666666,0.0,0.22727266666666668
157.66666666666666,0.0,0.22727266666666668
157.66666666666666,0.0,0.22727266666666668
157.66666666666666,0.0,0.22727266666666668
157.66666666666666,0.0,0.22727266666666668
157.66666666666666,0.0,0.22727266666666668
157.66666666666666,0.0,0.22727266666666668
157.66666666666666,0.0,0.22727266666666668
157.66666666666666,0.0,0.22727266666666668
157.66666666666666,0.0,0.22727266666666668
157.66666666666666,0.0,0.22727266666666668
157.66666666666666,0.0,0.22727266666666668
157.66666666666666,0.0,0.22727266666666668
157.66666666666666,0.0,0.22727266666666668
157.66666666666666,0.0,0.22727266666666668
157.66666666666666,0.0,0.22727266666666668
157.66666666666666,0.0,0.22727266666666668
157.66666666666666,0.0,0.22727266666666668
157.66666666666666,0.0,0.22727266666666668
157.66666666666666,0.0,0.22727266666666668
157.66666666666666,0.0,0.22727266666666668
157.66666666666666,0.0,0.22727266666666668
157.66666666666666,0.0,0.22727266666666668
157.66666666666666,0.0,0.22727266666666668
157.66666666666666,0.0,0.22727266666666668
157.66666666666666,0.0,0.22727266666666668
157.66666666666666,0.0,0.22727266666666668
157.66666666666666,0.0,0.22727266666666668
157.66666666666666,0.0,0.22727266666666668
157.66666666666666,0.0,0.22727266666666668
157.66666666666666,0.0,0.22727266666666668
157.66666666666666,0.0,0.0
157.66666666666666,0.0,0.0
157.66666666666666,0.0,0.0
157.66666666666666,0.0,0.0
157.66666666666666,0.0,0.0
157.66666666666666,0.0,0.0
157.66666666666666,0.0,0.0
157.66666666666666,0.0,0.0
157.66666666666666,0.0,0.0
157.66666666666666,0.0,0.0
157.66666666666666,0.0,0.0
157.66666666666666,0.0,0.0
157.66666666666666,0.0,0.0
157.66666666666666,0.0,0.0
157.66666666666666,0.0,0.0
157.66666666666666,0.0,0.0
157.66666666666666,0.0,0.0
157.66666666666666,0.0,0.0
157.66666666666666,0.0,0.0
157.66666666666666,0.0,0.0
157.66666666666666,0.0,0.0
157.66666666666666,0.0,0.0
157.66666666666666,0.0,0.0
157.66666666666666,0.0,0.0
157.66666666666666,0.0,0.0
157.66666666666666,0.0,0.0
157.66666666666666,0.0,0.0
157.66666666666666,0.0,0.0
157.66666666666666,0.0,0.0
157.66666666666666,0.0,0.0
157.66666666666666,0.0,0.0
157.66666666666666,0.0,0.0
157.66666666666666,0.0,0.0
157.66666666666666,0.0,0.0
157.66666666666666,0.0,0.0
157.66666666666666,0.0,0.0
157.66666666666666,0.0,0.0
157.66666666666666,0.0,0.0
157.66666666666666,0.0,0.0
157.66666666666666,0.0,0.0
157.66666666666666,0.0,0.0
157.66666666666666,0.0,0.0
157.66666666666666,0.0,0.0
157.66666666666666,0.0,0.0
157.66666666666666,0.0,0.0
157.66666666666666,0.0,0.0
157.66666666666666,0.0,0.0
157.66666666666666,0.0,0.0
157.66666666666666,0.0,0.0
157.66666666666666,0.0,0.0
157.66666666666666,0.0,0.0
157.66666666666666,0.0,0.0
157.66666666666666,0.0,0.0
157.66666666666666,0.0,0.0
157.66666666666666,0.0,0.0
157.66666666666666,0.0,0.0
157.66666666666666,0.0,0.0
157.66666666666666,0.0,0.0
157.66666666666666,0.0,0.0
157.66666666666666,0.0,0.0
157.66666666666666,0.0,0.0
157.66666666666666,0.0,0.0
157.66666666666666,0.0,0.0
157.66666666666666,0.0,0.0
157.66666666666666,0.0,0.0
157.66666666666666,0.0,0.0
157.66666666666666,0.0,0.0
157.66666666666666,0.0,0.0
157.66666666666666,0.0,0.0
157.66666666666666,0.0,0.0
157.66666666666666,0.0,0.0
157.66666666666666,0.0,0.0
157.66666666666666,0.0,0.0
157.66666666666666,0.0,0.0
157.66666666666666,0.0,0.0
157.66666666666666,0.0,0.0
157.66666666666666,0.0,0.0
157.66666666666666,0.0,0.0
157.66666666666666,0.0,0.0
157.66666666666666,0.0,0.0
157.66666666666666,0.0,0.0
157.66666666666666,0.0,0.0
157.66666666666666,0.0,0.0
157.66666666666666,0.0,0.0
157.66666666666666,0.0,0.0
157.66666666666666,0.0,0.0
157.66666666666666,0.0,0.0
157.66666666666666,0.0,0.0
157.66666666666666,0.0,0.0
157.66666666666666,0.0,0.0
157.66666666666666,0.0,0.0
157.66666666666666,0.0,0.0
157.66666666666666,0.0,0.0
157.66666666666666,0.0,0.0
157.66666666666666,0.0,0.0
157.66666666666666,0.0,0.0
157.66666666666666,0.0,0.0
157.66666666666666,0.0,0.0
157.66666666666666,0.0,0.0
157.66666666666666,0.0,0.0
157.66666666666666,0.0,0.0
157.66666666666666,0.0,0.0
157.66666666666666,0.0,0.0
157.66666666666666,0.0,0.0
157.66666666666666,0.0,0.0
157.66666666666666,0.0,0.0
157.66666666666666,1.0,0.0
157.66666666666666,0.0,0.0
157.66666666666666,0.0,0.0
157.66666666666666,0.0,0.0
157.66666666666666,0.0,0.0
157.66666666666666,0.0,0.0
157.66666666666666,0.0,0.0
157.66666666666666,0.0,0.0
157.66666666666666,0.0,0.0
157.66666666666666,0.0,0.0
157.66666666666666,0.0,0.0
157.66666666666666,0.0,0.0
157.66666666666666,0.0,0.0
157.66666666666666,0.0,0.0
157.66666666666666,0.0,0.0
157.66666666666666,0.0,0.0
157.66666666666666,0.0,0.0
157.66666666666666,0.0,0.0
157.66666666666666,0.0,0.0
157.66666666666666,0.0,0.0
157.66666666666666,0.0,0.0
157.66666666666666,0.0,0.0
157.66666666666666,0.0,0.0
157.66666666666666,0.0,0.0
157.66666666666666,0.0,0.0
157.66666666666666,0.0,0.0
157.66666666666666,0.0,0.0
157.66666666666666,0.0,0.0
157.66666666666666,0.0,0.0
157.66666666666666,0.0,0.0
157.66666666666666,0.0,0.0
157.66666666666666,0.0,0.0
157.66666666666666,0.0,0.0
157.66666666666666,0.0,0.0
157.66666666666666,0.0,0.0
157.66666666666666,0.0,0.0
157.66666666666666,0.0,0.0
157.66666666666666,0.0,0.0
157.66666666666666,0.0,0.0
157.66666666666666,0.0,0.0
157.66666666666666,0.0,0.0
157.66666666666666,0.0,0.0
157.66666666666666,0.0,0.0
157.66666666666666,0.0,0.0
157.66666666666666,0.0,0.0
157.66666666666666,0.0,0.0
157.66666666666666,0.0,0.0
157.66666666666666,0.0,0.0
157.66666666666666,0.0,0.0
157.66666666666666,0.0,0.0
157.66666666666666,0.0,0.0
157.66666666666666,0.0,0.0
157.66666666666666,0.0,0.0
157.66666666666666,0.0,0.0
157.66666666666666,0.0,0.0
157.66666666666666,0.0,0.0
157.66666666666666,0.0,0.0
157.66666666666666,0.0,0.0
157.66666666666666,0.0,0.0
157.66666666666666,0.0,0.0
157.66666666666666,1.0,0.0
157.66666666666666,0.0,0.0
157.66666666666666,0.0,0.0
157.66666666666666,0.0,0.0
157.66666666666666,0.0,0.0
157.66666666666666,0.0,0.0
157.66666666666666,0.0,0.0
157.66666666666666,0.0,0.0
157.66666666666666,0.0,0.0
157.66666666666666,0.0,0.0
157.66666666666666,0.0,0.0
157.66666666666666,0.0,0.0
157.66666666666666,0.0,0.0
157.66666666666666,0.0,0.0
157.66666666666666,0.0,0.0
157.66666666666666,0.0,0.0
157.66666666666666,0.0,0.0
157.66666666666666,0.0,0.0
157.66666666666666,0.0,0.0
157.66666666666666,0.0,0.0
157.66666666666666,0.0,0.0
157.66666666666666,0.0,0.0
157.66666666666666,0.0,0.0
157.66666666666666,0.0,0.0
157.66666666666666,0.0,0.0
157.66666666666666,0.0,0.0
157.66666666666666,0.0,0.0
157.66666666666666,0.0,0.0
157.66666666666666,0.0,0.0
157.66666666666666,0.0,0.0
157.66666666666666,0.0,0.0
157.66666666666666,0.0,0.0
157.66666666666666,0.0,0.0
157.66666666666666,0.0,0.0
157.66666666666666,0.0,0.0
157.66666666666666,0.0,0.0
157.66666666666666,0.0,0.0
157.66666666666666,0.0,0.0
157.66666666666666,0.0,0.0
157.66666666666666,0.0,0.0
157.66666666666666,0.0,0.0
157.66666666666666,0.0,0.0
157.66666666666666,0.0,0.0
157.66666666666666,0.0,0.0
157.66666666666666,0.0,0.0
157.66666666666666,0.0,0.0
157.66666666666666,0.0,0.0
157.66666666666666,0.0,0.0
157.66666666666666,0.0,0.0
157.66666666666666,0.0,0.0
157.66666666666666,0.0,0.0
157.66666666666666,0.0,0.0
157.66666666666666,0.0,0.0
157.66666666666666,0.0,0.0
157.66666666666666,0.0,0.0
157.66666666666666,0.0,0.0
157.66666666666666,0.0,0.0
157.66666666666666,0.0,0.0
157.66666666666666,0.0,0.0
157.66666666666666,0.0,0.0
157.66666666666666,0.0,0.0
157.66666666666666,0.0,0.0
157.66666666666666,0.0,0.0
157.66666666666666,0.0,0.0
157.66666666666666,0.0,0.0
157.66666666666666,0.0,0.0
157.66666666666666,0.0,0.0
157.66666666666666,0.0,0.0
157.66666666666666,0.0,0.0
157.66666666666666,0.0,0.0
157.66666666666666,0.0,0.0
157.66666666666666,0.0,0.0
157.66666666666666,0.0,0.0
157.66666666666666,0.0,0.0
157.66666666666666,0.0,0.0
157.66666666666666,0.0,0.0
157.66666666666666,0.0,0.0
157.66666666666666,0.0,0.0
157.66666666666666,0.0,0.0
157.66666666666666,0.0,0.0
157.66666666666666,0.0,0.0
157.66666666666666,0.0,0.0
157.66666666666666,0.0,0.0
157.66666666666666,0.0,0.0
157.66666666666666,0.0,0.0
157.66666666666666,0.0,0.0
157.66666666666666,0.0,0.0
157.66666666666666,0.0,0.0
157.66666666666666,0.0,0.0
157.66666666666666,0.0,0.0
157.66666666666666,0.0,0.0
157.66666666666666,0.0,0.0
157.66666666666666,0.0,0.0
157.66666666666666,0.0,0.0
157.66666666666666,0.0,0.0
157.66666666666666,0.0,0.0
157.66666666666666,0.0,0.0
157.66666666666666,1.0,0.0
157.66666666666666,0.0,0.0
157.66666666666666,0.0,0.0
157.66666666666666,0.0,0.0
157.66666666666666,0.0,0.0
157.66666666666666,0.0,0.0
157.66666666666666,0.0,0.0
157.66666666666666,0.0,0.0
157.66666666666666,0.0,0.0
157.66666666666666,0.0,0.0
157.66666666666666,0.0,0.0
157.66666666666666,0.0,0.0
157.66666666666666,0.0,0.0
157.66666666666666,0.0,0.0
157.66666666666666,0.0,0.0
157.66666666666666,0.0,0.0
157.66666666666666,0.0,0.0
157.66666666666666,0.0,0.0
157.66666666666666,0.0,0.0
157.66666666666666,0.0,0.0
157.66666666666666,0.0,0.0
157.66666666666666,0.0,0.0
157.66666666666666,0.0,0.0
157.66666666666666,0.0,0.0
157.66666666666666,0.0,0.0
157.66666666666666,0.0,0.0
157.66666666666666,0.0,0.0
157.66666666666666,0.0,0.0
157.66666666666666,0.0,0.0
157.66666666666666,0.0,0.0
157.66666666666666,0.0,0.0
157.66666666666666,0.0,0.0
157.66666666666666,0.0,0.0
157.66666666666666,0.0,0.0
157.66666666666666,0.0,0.0
157.66666666666666,0.0,0.0
157.66666666666666,0.0,0.0
157.66666666666666,0.0,0.0
157.66666666666666,0.0,0.0
157.66666666666666,0.0,0.0
157.66666666666666,0.0,0.0
157.66666666666666,0.0,0.0
157.66666666666666,0.0,0.0
157.66666666666666,0.0,0.0
157.66666666666666,0.0,0.0
157.66666666666666,0.0,0.0
157.66666666666666,0.0,0.0
157.66666666666666,0.0,0.0
157.66666666666666,0.0,0.0
157.66666666666666,0.0,0.0
157.66666666666666,0.0,0.0
157.66666666666666,0.0,0.0
157.66666666666666,0.0,0.0
157.66666666666666,0.0,0.0
157.66666666666666,0.0,0.0
157.66666666666666,0.0,0.0
157.66666666666666,0.0,0.0
157.66666666666666,0.0,0.0
157.66666666666666,0.0,0.0
157.66666666666666,0.0,0.0
157.66666666666666,0.0,0.0
157.66666666666666,0.0,0.0
157.66666666666666,0.0,0.0
157.66666666666666,0.0,0.0
157.66666666666666,0.0,0.0
157.66666666666666,0.0,0.0
157.66666666666666,0.0,0.0
157.66666666666666,0.0,0.0
157.66666666666666,0.0,0.0
157.66666666666666,0.0,0.0
157.66666666666666,0.0,0.0
157.66666666666666,0.0,0.0
157.66666666666666,0.0,0.0
157.66666666666666,0.0,0.0
157.66666666666666,0.0,0.0
157.66666666666666,0.0,0.0
157.66666666666666,0.0,0.0
157.66666666666666,0.0,0.0
157.66666666666666,0.0,0.0
157.66666666666666,0.0,0.0
157.66666666666666,0.0,0.0
157.66666666666666,0.0,0.0
157.66666666666666,0.0,0.0
157.66666666666666,0.0,0.0
157.66666666666666,0.0,0.0
157.66666666666666,0.0,0.0
157.66666666666666,0.0,0.0
157.66666666666666,0.0,0.0
157.66666666666666,0.0,0.0
157.66666666666666,0.0,0.0
157.66666666666666,0.0,0.0
157.66666666666666,0.0,0.0
157.66666666666666,0.0,0.0
157.66666666666666,0.0,0.0
157.66666666666666,0.0,0.0
157.66666666666666,0.0,0.0
157.66666666666666,0.0,0.0
157.66666666666666,0.0,0.0
157.66666666666666,0.0,0.0
157.66666666666666,0.0,0.0
157.66666666666666,0.0,0.0
157.66666666666666,0.0,0.0
157.66666666666666,0.0,0.0
157.66666666666666,0.0,0.0
157.66666666666666,0.0,0.0
157.66666666666666,0.0,0.0
157.66666666666666,0.0,0.0
157.66666666666666,0.0,0.0
157.66666666666666,0.0,0.0
157.66666666666666,0.0,0.0
157.66666666666666,0.0,0.0
157.66666666666666,0.0,0.0
157.66666666666666,0.0,0.0
157.66666666666666,0.0,0.0
157.66666666666666,0.0,0.0
157.66666666666666,0.0,0.0
157.66666666666666,0.0,0.0
157.66666666666666,0.0,0.0
157.66666666666666,0.0,0.0
157.66666666666666,0.0,0.0
157.66666666666666,0.0,0.0
157.66666666666666,0.0,0.0
157.66666666666666,0.0,0.0
157.66666666666666,0.0,0.0
157.66666666666666,0.0,0.0
157.66666666666666,0.0,0.0
157.66666666666666,0.0,0.0
157.66666666666666,0.0,0.0
157.66666666666666,0.0,0.0
157.66666666666666,0.0,0.0
157.66666666666666,0.0,0.0
157.66666666666666,0.0,0.0
157.66666666666666,0.0,0.0
157.66666666666666,0.0,0.0
157.66666666666666,0.0,0.0
157.66666666666666,0.0,0.0
157.66666666666666,0.0,0.0
157.66666666666666,0.0,0.0
157.66666666666666,0.0,0.0
157.66666666666666,0.0,0.0
157.66666666666666,0.0,0.0
157.66666666666666,0.0,0.0
157.66666666666666,0.0,0.0
157.66666666666666,0.0,0.0
157.66666666666666,0.0,0.0
157.66666666666666,0.0,0.0
157.66666666666666,0.0,0.0
157.66666666666666,0.0,0.0
157.66666666666666,0.0,0.0
157.66666666666666,0.0,0.0
157.66666666666666,0.0,0.0
157.66666666666666,0.0,0.0
157.66666666666666,0.0,0.0
157.66666666666666,0.0,0.0
157.66666666666666,0.0,0.0
157.66666666666666,0.0,0.0
157.66666666666666,0.0,0.0
157.66666666666666,0.0,0.0
157.66666666666666,0.0,0.0
157.66666666666666,0.0,0.0
157.66666666666666,0.0,0.0
157.66666666666666,0.0,0.0
157.66666666666666,0.0,0.0
157.66666666666666,0.0,0.0
157.66666666666666,0.0,0.0
157.66666666666666,0.0,0.0
157.66666666666666,0.0,0.0
157.66666666666666,0.0,0.0
157.66666666666666,0.0,0.0
157.66666666666666,0.0,0.0
157.66666666666666,0.0,0.0
157.66666666666666,0.0,0.0
157.66666666666666,0.0,0.0
157.66666666666666,0.0,0.0
157.66666666666666,0.0,0.0
157.66666666666666,0.0,0.0
157.66666666666666,0.0,0.0
157.66666666666666,0.0,0.0
157.66666666666666,0.0,0.0
157.66666666666666,0.0,0.0
157.66666666666666,0.0,0.0
157.66666666666666,0.0,0.0
157.66666666666666,0.0,0.0
157.66666666666666,0.0,0.0
157.66666666666666,0.0,0.0
157.66666666666666,0.0,0.0
157.66666666666666,0.0,0.0
157.66666666666666,0.0,0.0
157.66666666666666,0.0,0.0
157.66666666666666,0.0,0.0
157.66666666666666,0.0,0.0
157.66666666666666,0.0,0.0
157.66666666666666,0.0,0.0
157.66666666666666,0.0,0.0
157.66666666666666,0.0,0.0
157.66666666666666,0.0,0.0
157.66666666666666,0.0,0.0
157.66666666666666,0.0,0.0
157.66666666666666,0.0,0.0
157.66666666666666,0.0,0.0
157.66666666666666,0.0,0.0
157.66666666666666,0.0,0.0
157.66666666666666,0.0,0.0
157.66666666666666,0.0,0.0
157.66666666666666,0.0,0.0
157.66666666666666,0.0,0.0
157.66666666666666,0.0,0.0
157.66666666666666,0.0,0.0
157.66666666666666,0.0,0.0
157.66666666666666,0.0,0.0
157.66666666666666,0.0,0.0
157.66666666666666,0.0,0.0
157.66666666666666,0.0,0.0
157.66666666666666,0.0,0.0
157.66666666666666,0.0,0.0
157.66666666666666,0.0,0.0
157.66666666666666,0.0,0.0
157.66666666666666,0.0,0.0
157.66666666666666,0.0,0.0
157.66666666666666,0.0,0.0
157.66666666666666,0.0,0.0
157.66666666666666,0.0,0.0
157.66666666666666,0.0,0.0
157.66666666666666,0.0,0.0
157.66666666666666,0.0,0.0
157.66666666666666,0.0,0.0
157.66666666666666,0.0,0.0
157.66666666666666,0.0,0.0
157.66666666666666,0.0,0.0
157.66666666666666,0.0,0.0
157.66666666666666,0.0,0.0
157.66666666666666,0.0,0.0
157.66666666666666,0.0,0.0
157.66666666666666,0.0,0.0
157.66666666666666,0.0,0.0
157.66666666666666,0.0,0.0
157.66666666666666,0.0,0.0
157.66666666666666,0.0,0.0
157.66666666666666,0.0,0.0
157.66666666666666,0.0,0.0
157.66666666666666,0.0,0.0
157.66666666666666,0.0,0.0
157.66666666666666,0.0,0.0
157.66666666666666,0.0,0.0
157.66666666666666,0.0,0.0
157.66666666666666,0.0,0.0
157.66666666666666,0.0,0.0
157.66666666666666,0.0,0.0
157.66666666666666,0.0,0.0
157.66666666666666,0.0,0.0
157.66666666666666,0.0,0.0
157.66666666666666,0.0,0.0
157.66666666666666,0.0,0.0
157.66666666666666,0.0,0.0
157.66666666666666,0.0,0.0
157.66666666666666,0.0,0.0
157.66666666666666,0.0,0.0
157.66666666666666,0.0,0.0
157.66666666666666,0.0,0.0
157.66666666666666,0.0,0.0
157.66666666666666,0.0,0.0
157.66666666666666,0.0,0.0
157.66666666666666,0.0,0.0
157.66666666666666,0.0,0.0
157.66666666666666,0.0,0.0
157.66666666666666,0.0,0.0
157.66666666666666,0.0,0.0
157.66666666666666,0.0,0.0
157.66666666666666,0.0,0.0
157.66666666666666,0.0,0.0
157.66666666666666,0.0,0.0
157.66666666666666,0.0,0.0
157.66666666666666,0.0,0.0
157.66666666666666,0.0,0.0
157.66666666666666,0.0,0.0
157.66666666666666,0.0,0.0
157.66666666666666,0.0,0.0
157.66666666666666,0.0,0.0
157.66666666666666,0.0,0.0
157.66666666666666,0.0,0.0
157.66666666666666,0.0,0.0
157.66666666666666,0.0,0.0
157.66666666666666,0.0,0.0
157.66666666666666,0.0,0.0
157.66666666666666,0.0,0.0
157.66666666666666,0.0,0.0
157.66666666666666,0.0,0.0
157.66666666666666,0.0,0.0
157.66666666666666,0.0,0.0
157.66666666666666,0.0,0.0
157.66666666666666,0.0,0.0
157.66666666666666,0.0,0.0
157.66666666666666,0.0,0.0
157.66666666666666,0.0,0.0
157.66666666666666,0.0,0.0
157.66666666666666,0.0,0.0
157.66666666666666,0.0,0.0
157.66666666666666,0.0,0.0
157.66666666666666,0.0,0.0
157.66666666666666,0.0,0.0
157.66666666666666,0.0,0.0
157.66666666666666,0.0,0.0
157.66666666666666,0.0,0.0
157.66666666666666,0.0,0.0
157.66666666666666,0.0,0.0
157.66666666666666,0.0,0.0
157.66666666666666,0.0,0.0
157.66666666666666,0.0,0.0
157.66666666666666,0.0,0.0
157.66666666666666,0.0,0.0
157.66666666666666,0.0,0.0
157.66666666666666,0.0,0.0
157.66666666666666,0.0,0.0
157.66666666666666,0.0,0.0
157.66666666666666,0.0,0.0
157.66666666666666,0.0,0.0
157.66666666666666,0.0,0.0
157.66666666666666,0.0,0.0
157.66666666666666,0.0,0.0
157.66666666666666,0.0,0.0
157.66666666666666,0.0,0.0
157.66666666666666,0.0,0.0
157.66666666666666,0.0,0.0
157.66666666666666,0.0,0.0
157.66666666666666,0.0,0.0
157.66666666666666,0.0,0.0
157.66666666666666,0.0,0.0
157.66666666666666,0.0,0.0
157.66666666666666,0.0,0.0
157.66666666666666,0.0,0.0
157.66666666666666,0.0,0.0
157.66666666666666,0.0,0.0
157.66666666666666,0.0,0.0
157.66666666666666,0.0,0.0
157.66666666666666,0.0,0.0
157.66666666666666,0.0,0.0
157.66666666666666,0.0,0.0
157.66666666666666,0.0,0.0
157.66666666666666,0.0,0.0
157.66666666666666,0.0,0.0
157.66666666666666,0.0,0.0
157.66666666666666,0.0,0.0
157.66666666666666,0.0,0.0
157.66666666666666,0.0,0.0
157.66666666666666,0.0,0.0
157.66666666666666,0.0,0.0
157.66666666666666,0.0,0.0
157.66666666666666,0.0,0.0
157.66666666666666,0.0,0.0
157.66666666666666,0.0,0.0
157.66666666666666,0.0,0.0
157.66666666666666,0.0,0.0
157.66666666666666,0.0,0.0
157.66666666666666,0.0,0.0
157.66666666666666,0.0,0.0
157.66666666666666,0.0,0.0
157.66666666666666,0.0,0.0
157.66666666666666,0.0,0.0
157.66666666666666,0.0,0.0
157.66666666666666,0.0,0.0
157.66666666666666,0.0,0.0
157.66666666666666,0.0,0.0
157.66666666666666,0.0,0.0
157.66666666666666,0.0,0.0
157.66666666666666,0.0,0.0
157.66666666666666,0.0,0.0
157.66666666666666,0.0,0.0
157.66666666666666,0.0,0.0
157.66666666666666,0.0,0.0
157.66666666666666,0.0,0.0
157.66666666666666,0.0,0.0
157.66666666666666,0.0,0.0
157.66666666666666,0.0,0.0
157.66666666666666,0.0,0.0
157.66666666666666,0.0,0.0
157.66666666666666,0.0,0.0
157.66666666666666,0.0,0.0
157.66666666666666,0.0,0.0
157.66666666666666,0.0,0.0
157.66666666666666,0.0,0.0
157.66666666666666,0.0,0.0
157.66666666666666,0.0,0.0
157.66666666666666,0.0,0.0
157.66666666666666,0.0,0.0
157.66666666666666,0.0,0.0
157.66666666666666,0.0,0.0
157.66666666666666,0.0,0.0
157.66666666666666,0.0,0.0
157.66666666666666,0.0,0.0
157.66666666666666,0.0,0.0
157.66666666666666,0.0,0.0
157.66666666666666,0.0,0.0
157.66666666666666,0.0,0.0
157.66666666666666,0.0,0.0
157.66666666666666,0.0,0.0
157.66666666666666,0.0,0.0
157.66666666666666,0.0,0.0
157.66666666666666,0.0,0.0
157.66666666666666,0.0,0.0
157.66666666666666,0.0,0.0
157.66666666666666,0.0,0.0
157.66666666666666,0.0,0.0
157.66666666666666,0.0,0.0
157.66666666666666,0.0,0.0
157.66666666666666,0.0,0.0
157.66666666666666,0.0,0.0
157.66666666666666,0.0,0.0
157.66666666666666,0.0,0.0
157.66666666666666,0.0,0.0
157.66666666666666,0.0,0.0
157.66666666666666,0.0,0.0
157.66666666666666,0.0,0.0
157.66666666666666,0.0,0.0
157.66666666666666,0.0,0.0
157.66666666666666,0.0,0.0
157.66666666666666,0.0,0.0
157.66666666666666,0.0,0.0
157.66666666666666,0.0,0.0
157.66666666666666,0.0,0.0
157.66666666666666,0.0,0.0
157.66666666666666,0.0,0.0
157.66666666666666,0.0,0.0
157.66666666666666,0.0,0.0
157.66666666666666,0.0,0.0
157.66666666666666,0.0,0.0
157.66666666666666,0.0,0.0
157.66666666666666,0.0,0.0
157.66666666666666,0.0,0.0
157.66666666666666,0.0,0.0
157.66666666666666,0.0,0.0
157.66666666666666,0.0,0.0
157.66666666666666,0.0,0.0
157.66666666666666,0.0,0.0
157.66666666666666,0.0,0.0
157.66666666666666,0.0,0.0
157.66666666666666,0.0,0.0
157.66666666666666,0.0,0.0
157.66666666666666,0.0,0.0
157.66666666666666,0.0,0.0
157.66666666666666,0.0,0.0
157.66666666666666,0.0,0.0
157.66666666666666,0.0,0.0
157.66666666666666,0.0,0.0
157.66666666666666,0.0,0.0
157.66666666666666,0.0,0.0
157.66666666666666,0.0,0.0
157.66666666666666,0.0,0.0
157.66666666666666,0.0,0.0
157.66666666666666,0.0,0.0
157.66666666666666,0.0,0.0
157.66666666666666,0.0,0.0
157.66666666666666,0.0,0.0
157.66666666666666,0.0,0.0
157.66666666666666,0.0,0.0
157.66666666666666,0.0,0.0
157.66666666666666,0.0,0.0
157.66666666666666,0.0,0.0
157.66666666666666,0.0,0.0
157.66666666666666,0.0,0.0
157.66666666666666,0.0,0.0
157.66666666666666,0.0,0.0
157.66666666666666,0.0,0.0
157.66666666666666,0.0,0.0
157.66666666666666,0.0,0.0
157.66666666666666,0.0,0.0
157.66666666666666,0.0,0.0
157.66666666666666,0.0,0.0
157.66666666666666,0.0,0.0
157.66666666666666,0.0,0.0
157.66666666666666,0.0,0.0
157.66666666666666,0.0,0.0
157.66666666666666,0.0,0.0
157.66666666666666,0.0,0.0
157.66666666666666,0.0,0.0
157.66666666666666,0.0,0.0
157.66666666666666,0.0,0.0
157.66666666666666,0.0,0.0
157.66666666666666,0.0,0.0
157.66666666666666,0.0,0.0
157.66666666666666,0.0,0.0
157.66666666666666,0.0,0.0
157.66666666666666,0.0,0.0
157.66666666666666,0.0,0.0
157.66666666666666,0.0,0.0
157.66666666666666,0.0,0.0
157.66666666666666,0.0,0.0
157.66666666666666,0.0,0.0
157.66666666666666,0.0,0.0
157.66666666666666,0.0,0.0
157.66666666666666,0.0,0.0
157.66666666666666,0.0,0.0
157.66666666666666,0.0,0.0
157.66666666666666,0.0,0.0
157.66666666666666,0.0,0.0
157.66666666666666,0.0,0.0
157.66666666666666,0.0,0.0
157.66666666666666,0.0,0.0
157.66666666666666,0.0,0.0
157.66666666666666,0.0,0.0
157.66666666666666,0.0,0.0
157.66666666666666,0.0,0.0
157.66666666666666,0.0,0.0
157.66666666666666,0.0,0.0
157.66666666666666,0.0,0.0
157.66666666666666,0.0,0.0
157.66666666666666,0.0,0.0
157.66666666666666,0.0,0.0
157.66666666666666,0.0,0.0
157.66666666666666,0.0,0.0
157.66666666666666,0.0,0.0
157.66666666666666,0.0,0.0
157.66666666666666,0.0,0.0
157.66666666666666,0.0,0.0
157.66666666666666,0.0,0.0
157.66666666666666,0.0,0.0
157.66666666666666,0.0,0.0
157.66666666666666,0.0,0.0
157.66666666666666,0.0,0.0
157.66666666666666,0.0,0.0
157.66666666666666,0.0,0.0
157.66666666666666,0.0,0.0
157.66666666666666,0.0,0.0
157.66666666666666,0.0,0.0
157.66666666666666,0.0,0.0
157.66666666666666,0.0,0.0
157.66666666666666,0.0,0.0
157.66666666666666,0.0,0.0
157.66666666666666,0.0,0.0
157.66666666666666,0.0,0.0
157.66666666666666,0.0,0.0
157.66666666666666,0.0,0.0
157.66666666666666,0.0,0.0
157.66666666666666,0.0,0.0
157.66666666666666,0.0,0.0
157.66666666666666,0.0,0.0
157.66666666666666,0.0,0.0
157.66666666666666,0.0,0.0
157.66666666666666,0.0,0.0
157.66666666666666,0.0,0.0
157.66666666666666,0.0,0.0
157.66666666666666,0.0,0.0
157.66666666666666,0.0,0.0
157.66666666666666,0.0,0.0
157.66666666666666,0.0,0.0
157.66666666666666,0.0,0.0
157.66666666666666,0.0,0.0
157.66666666666666,0.0,0.0
157.66666666666666,0.0,0.0
157.66666666666666,0.0,0.0
157.66666666666666,0.0,0.0
157.66666666666666,0.0,0.0
157.66666666666666,0.0,0.0
157.66666666666666,0.0,0.0
157.66666666666666,0.0,0.0
157.66666666666666,0.0,0.0
157.66666666666666,0.0,0.0
157.66666666666666,0.0,0.0
157.66666666666666,0.0,0.0
157.66666666666666,0.0,0.0
157.66666666666666,0.0,0.0
157.66666666666666,0.0,0.0
157.66666666666666,1.0,0.0
157.66666666666666,0.0,0.0
157.66666666666666,0.0,0.0
157.66666666666666,0.0,0.0
157.66666666666666,0.0,0.0
157.66666666666666,0.0,0.0
157.66666666666666,0.0,0.0
157.66666666666666,0.0,0.0
157.66666666666666,0.0,0.0
157.66666666666666,0.0,0.0
157.66666666666666,0.0,0.0
157.66666666666666,0.0,0.0
157.66666666666666,0.0,0.0
157.66666666666666,0.0,0.0
157.66666666666666,0.0,0.0
157.66666666666666,0.0,0.0
157.66666666666666,0.0,0.0
157.66666666666666,1.0,0.0
157.66666666666666,0.0,0.0
157.66666666666666,0.0,0.0
157.66666666666666,0.0,0.0
157.66666666666666,0.0,0.0
157.66666666666666,0.0,0.0
157.66666666666666,0.0,0.0
157.66666666666666,0.0,0.0
157.66666666666666,0.0,0.0
157.66666666666666,0.0,0.0
157.66666666666666,0.0,0.0
157.66666666666666,0.0,0.0
157.66666666666666,0.0,0.0
157.66666666666666,0.0,0.0
157.66666666666666,0.0,0.0
157.66666666666666,0.0,0.0
157.66666666666666,0.0,0.0
157.66666666666666,0.0,0.0
157.66666666666666,0.0,0.0
157.66666666666666,0.0,0.0
157.66666666666666,0.0,0.0
157.66666666666666,0.0,0.0
157.66666666666666,0.0,0.0
157.66666666666666,0.0,0.0
157.66666666666666,0.0,0.0
157.66666666666666,0.0,0.0
157.66666666666666,0.0,0.0
157.66666666666666,0.0,0.0
157.66666666666666,0.0,0.0
157.66666666666666,0.0,0.0
157.66666666666666,0.0,0.0
157.66666666666666,0.0,0.0
157.66666666666666,0.0,0.0
157.66666666666666,0.0,0.0
157.66666666666666,0.0,0.0
157.66666666666666,0.0,0.0
157.66666666666666,0.0,0.0
157.66666666666666,0.0,0.0
157.66666666666666,0.0,0.0
157.66666666666666,0.0,0.0
157.66666666666666,0.0,0.0
157.66666666666666,0.0,0.0
157.66666666666666,0.0,0.0
157.66666666666666,0.0,0.0
157.66666666666666,0.0,0.0
157.66666666666666,0.0,0.0
157.66666666666666,0.0,0.0
157.66666666666666,0.0,0.0
157.66666666666666,0.0,0.0
157.66666666666666,0.0,0.0
157.66666666666666,0.0,0.0
157.66666666666666,0.0,0.0
157.66666666666666,0.0,0.0
157.66666666666666,0.0,0.0
157.66666666666666,0.0,0.0
157.66666666666666,0.0,0.0
157.66666666666666,0.0,0.0
157.66666666666666,0.0,0.0
157.66666666666666,0.0,0.0
157.66666666666666,0.0,0.0
157.66666666666666,0.0,0.0
157.66666666666666,0.0,0.0
157.66666666666666,0.0,0.0
157.66666666666666,0.0,0.0
157.66666666666666,0.0,0.0
157.66666666666666,0.0,0.0
157.66666666666666,0.0,0.0
157.66666666666666,0.0,0.0
157.66666666666666,0.0,0.0
157.66666666666666,0.0,0.0
157.66666666666666,0.0,0.0
157.66666666666666,0.0,0.0
157.66666666666666,0.0,0.0
157.66666666666666,0.0,0.0
157.66666666666666,0.0,0.0
157.66666666666666,0.0,0.0
157.66666666666666,0.0,0.0
157.66666666666666,0.0,0.0
157.66666666666666,0.0,0.0
157.66666666666666,0.0,0.0
157.66666666666666,0.0,0.0
157.66666666666666,0.0,0.0
157.66666666666666,0.0,0.0
157.66666666666666,0.0,0.0
157.66666666666666,0.0,0.0
157.66666666666666,0.0,0.0
157.66666666666666,0.0,0.0
157.66666666666666,0.0,0.0
157.66666666666666,0.0,0.0
157.66666666666666,0.0,0.0
157.66666666666666,0.0,0.0
157.66666666666666,0.0,0.0
157.66666666666666,0.0,0.0
157.66666666666666,0.0,0.0
157.66666666666666,0.0,0.0
157.66666666666666,0.0,0.0
157.66666666666666,0.0,0.0
157.66666666666666,0.0,0.0
157.66666666666666,0.0,0.0
157.66666666666666,0.0,0.0
157.66666666666666,0.0,0.0
157.66666666666666,0.0,0.0
157.66666666666666,0.0,0.0
157.66666666666666,0.0,0.0
157.66666666666666,0.0,0.0
157.66666666666666,0.0,0.0
157.66666666666666,0.0,0.0
157.66666666666666,0.0,0.0
157.66666666666666,0.0,0.0
157.66666666666666,0.0,0.0
157.66666666666666,0.0,0.0
157.66666666666666,0.0,0.0
157.66666666666666,0.0,0.0
157.66666666666666,0.0,0.0
157.66666666666666,0.0,0.0
157.66666666666666,0.0,0.0
157.66666666666666,0.0,0.0
