0.0,0.0,0.0
0.0,0.0,0.0
0.0,0.0,0.0
0.0,0.0,0.0
0.0,0.0,0.0
0.0,0.0,0.0
0.0,0.0,0.0
0.0,0.0,0.0
0.0,0.0,0.0
0.0,0.0,0.0
0.0,0.0,0.0
0.0,0.0,0.0
0.0,0.0,0.0
0.0,0.0,0.0
0.0,0.0,0.0
0.0,0.0,0.0
0.0,0.0,0.0
0.0,0.0,0.0
0.0,0.0,0.0
0.0,0.0,0.0
0.0,0.0,0.0
0.0,0.0,0.0
0.0,0.0,0.0
0.0,0.0,0.0
0.0,0.0,0.0
0.0,0.0,0.0
0.0,0.0,0.0
0.0,0.0,0.0
0.0,0.0,0.0
0.0,0.0,0.0
0.0,0.0,0.0
0.0,0.0,0.0
0.0,0.0,0.0
0.0,0.0,0.0
0.0,0.0,0.0
0.0,0.0,0.0
0.0,0.0,0.0
0.0,0.0,0.0
0.0,0.0,0.0
0.0,0.0,0.0
0.0,0.0,0.0
0.0,0.0,0.0
0.0,0.0,0.0
0.0,0.0,0.0
0.0,0.0,0.0
0.0,0.0,0.0
0.0,0.0,0.0
0.0,0.0,0.0
0.0,0.0,0.0
0.0,0.0,0.0
0.0,0.0,0.0
0.0,0.0,0.0
0.0,0.0,0.0
0.0,0.0,0.0
0.0,0.0,0.0
0.0,0.0,0.0
0.0,0.0,0.0
0.0,0.0,0.0
0.0,0.0,0.0
0.0,0.0,0.0
0.0,0.0,0.0
0.0,0.0,0.0
0.0,0.0,0.0
0.0,0.0,0.0
0.0,0.0,0.0
0.0,0.0,0.0
0.0,0.0,0.0
0.0,0.0,0.0
0.0,0.0,0.0
0.0,0.0,0.0
0.0,0.0,0.0
0.0,0.0,0.0
0.0,0.0,0.0
0.0,0.0,0.0
0.0,0.0,0.0
0.0,0.0,0.0
0.0,0.0,0.0
0.0,0.0,0.0
0.0,0.0,0.0
0.0,0.0,0.0
0.0,0.0,0.0
0.0,0.0,0.0
0.0,0.0,0.0
0.0,0.0,0.0
0.0,0.0,0.0
0.0,0.0,0.0
0.0,0.0,0.0
0.0,0.0,0.0
0.0,0.0,0.0
0.0,0.0,0.0
0.0,0.0,0.0
0.0,0.0,0.0
0.0,0.0,0.0
0.0,0.0,0.0
0.0,0.0,0.0
0.0,0.0,0.0
0.0,0.0,0.0
0.0,0.0,0.0
0.0,0.0,0.0
0.0,0.0,0.0
0.0,0.0,0.0
0.0,0.0,0.0
0.0,0.0,0.0
0.0,0.0,0.0
0.0,0.0,0.0
0.0,0.0,0.0
0.0,0.0,0.0
0.0,0.0,0.0
0.0,0.0,0.0
0.0,0.0,0.0
0.0,0.0,0.0
0.0,0.0,0.0
0.0,0.0,0.0
0.0,0.0,0.0
0.0,0.0,0.0
0.0,0.0,0.0
0.0,0.0,0.0
0.0,0.0,0.0
0.0,0.0,0.0
0.0,0.0,0.0
0.0,0.0,0.0
0.0,0.0,0.0
0.0,0.0,0.0
0.0,0.0,0.0
0.0,0.0,0.0
0.0,0.0,0.0
0.0,0.0,0.0
0.0,0.0,0.0
0.0,0.0,0.0
0.0,0.0,0.0
0.0,0.0,0.0
0.0,0.0,0.0
0.0,0.0,0.0
0.0,0.0,0.0
0.0,0.0,0.0
0.0,0.0,0.0
0.0,0.0,0.0
0.0,0.0,0.0
0.0,0.0,0.0
0.0,0.0,0.0
0.0,0.0,0.0
0.0,0.0,0.0
0.0,0.0,0.0
0.0,0.0,0.0
0.0,0.0,0.0
0.0,0.0,0.0
0.0,0.0,0.0
0.0,0.0,0.0
0.0,0.0,0.0
0.0,0.0,0.0
0.0,0.0,0.0
0.0,0.0,0.0
0.0,0.0,0.0
0.0,0.0,0.0
0.0,0.0,0.0
0.0,0.0,0.0
0.0,0.0,0.0
0.0,0.0,0.0
0.0,0.0,0.0
0.0,0.0,0.0
0.0,0.0,0.0
0.0,0.0,0.0
0.0,0.0,0.0
0.0,0.0,0.0
0.0,0.0,0.0
0.0,0.0,0.0
0.0,0.0,0.0
0.0,0.0,0.0
0.0,0.0,0.0
0.0,0.0,0.0
0.0,0.0,0.0
0.0,0.0,0.0
0.0,0.0,0.0
0.0,0.0,0.0
0.0,0.0,0.0
0.0,0.0,0.0
0.0,0.0,0.0
0.0,0.0,0.0
0.0,0.0,0.0
0.0,0.0,0.0
0.0,0.0,0.0
0.0,0.0,0.0
0.0,0.0,0.0
0.0,0.0,0.0
0.0,0.0,0.0
0.0,0.0,0.0
0.0,0.0,0.0
0.0,0.0,0.0
0.0,0.0,0.0
0.0,0.0,0.0
0.0,0.0,0.0
0.0,0.0,0.0
0.0,0.0,0.0
0.0,0.0,0.0
0.0,0.0,0.0
0.0,0.0,0.0
0.0,0.0,0.0
0.0,0.0,0.0
0.0,0.0,0.0
0.0,0.0,0.0
0.0,0.0,0.0
0.0,0.0,0.0
0.0,0.0,0.0
0.0,0.0,0.0
0.0,0.0,0.0
0.0,0.0,0.0
0.0,0.0,0.0
0.0,0.0,0.0
0.0,0.0,0.0
0.0,0.0,0.0
0.0,0.0,0.0
0.0,0.0,0.0
0.0,0.0,0.0
0.0,0.0,0.0
0.0,0.0,0.0
0.0,0.0,0.0
0.0,0.0,0.0
0.0,0.0,0.0
0.0,0.0,0.0
0.0,0.0,0.0
0.0,0.0,0.0
0.0,0.0,0.0
0.0,0.0,0.0
0.0,0.0,0.0
0.0,0.0,0.0
0.0,0.0,0.0
0.0,0.0,0.0
0.0,0.0,0.0
0.0,0.0,0.0
0.0,0.0,0.0
0.0,0.0,0.0
0.0,0.0,0.0
0.0,0.0,0.0
0.0,0.0,0.0
0.0,0.0,0.0
0.0,0.0,0.0
0.0,0.0,0.0
0.0,0.0,0.0
0.0,0.0,0.0
0.0,0.0,0.0
0.0,0.0,0.0
0.0,0.0,0.0
0.0,0.0,0.0
0.0,0.0,0.0
0.0,0.0,0.0
0.0,0.0,0.0
0.0,0.0,0.0
0.0,0.0,0.0
0.0,0.0,0.0
0.0,0.0,0.0
0.0,0.0,0.0
0.0,0.0,0.0
0.0,0.0,0.0
0.0,0.0,0.0
0.0,0.0,0.0
0.0,0.0,0.0
0.0,0.0,0.0
0.0,0.0,0.0
0.0,0.0,0.0
0.0,0.0,0.0
0.0,0.0,0.0
0.0,0.0,0.0
0.0,0.0,0.0
0.0,0.0,0.0
0.0,0.0,0.0
0.0,0.0,0.0
0.0,0.0,0.0
0.0,0.0,0.0
0.0,0.0,0.0
0.0,0.0,0.0
0.0,0.0,0.0
0.0,0.0,0.0
0.0,0.0,0.0
0.0,0.0,0.0
0.0,0.0,0.0
0.0,0.0,0.0
0.0,0.0,0.0
0.0,0.0,0.0
0.0,0.0,0.0
0.0,0.0,0.0
0.0,0.0,0.0
0.0,0.0,0.0
0.0,0.0,0.0
0.0,0.0,0.0
0.0,0.0,0.0
0.0,0.0,0.0
0.0,0.0,0.0
0.0,0.0,0.0
0.0,0.0,0.0
0.0,0.0,0.0
0.0,0.0,0.0
0.0,0.0,0.0
0.0,0.0,0.0
0.0,0.0,0.0
0.0,0.0,0.0
0.0,0.0,0.0
0.0,0.0,0.0
0.0,0.0,0.0
0.0,0.0,0.0
0.0,0.0,0.0
0.0,0.0,0.0
0.0,0.0,0.0
0.0,0.0,0.0
0.0,0.0,0.0
0.0,0.0,0.0
0.0,0.0,0.0
0.0,0.0,0.0
0.0,0.0,0.0
0.0,0.0,0.0
0.0,0.0,0.0
0.0,0.0,0.0
0.0,0.0,0.0
0.0,0.0,0.0
0.0,0.0,0.0
0.0,0.0,0.0
0.0,0.0,0.0
0.0,0.0,0.0
0.0,0.0,0.0
0.0,0.0,0.0
0.0,0.0,0.0
0.0,0.0,0.0
0.0,0.0,0.0
0.0,0.0,0.0
0.0,0.0,0.0
0.0,0.0,0.0
0.0,0.0,0.0
0.0,0.0,0.0
0.0,0.0,0.0
0.0,0.0,0.0
0.0,0.0,0.0
0.0,0.0,0.0
0.0,0.0,0.0
0.0,0.0,0.0
0.0,0.0,0.0
0.0,0.0,0.0
0.0,0.0,0.0
0.0,0.0,0.0
0.0,0.0,0.0
0.0,0.0,0.0
0.0,0.0,0.0
0.0,0.0,0.0
0.0,0.0,0.0
0.0,0.0,0.0
0.0,0.0,0.0
0.0,0.0,0.0
0.0,0.0,0.0
0.0,0.0,0.0
0.0,0.0,0.0
0.0,0.0,0.0
0.0,0.0,0.0
0.0,0.0,0.0
0.0,0.0,0.0
0.0,0.0,0.0
0.0,0.0,0.0
0.0,0.0,0.0
0.0,0.0,0.0
0.0,0.0,0.0
0.0,0.0,0.0
0.0,0.0,0.0
0.0,0.0,0.0
0.0,0.0,0.0
0.0,0.0,0.0
0.0,0.0,0.0
0.0,0.0,0.0
0.0,0.0,0.0
0.0,0.0,0.0
0.0,0.0,0.0
0.0,0.0,0.0
0.0,0.0,0.0
0.0,0.0,0.0
0.0,0.0,0.0
0.0,0.0,0.0
0.0,0.0,0.0
0.0,0.0,0.0
0.0,0.0,0.0
0.0,0.0,0.0
0.0,0.0,0.0
0.0,0.0,0.0
0.0,0.0,0.0
0.0,0.0,0.0
0.0,0.0,0.0
0.0,0.0,0.0
0.0,0.0,0.0
0.0,0.0,0.0
0.0,0.0,0.0
0.0,0.0,0.0
0.0,0.0,0.0
0.0,0.0,0.0
0.0,0.0,0.0
0.0,0.0,0.0
0.0,0.0,0.0
0.0,0.0,0.0
0.0,0.0,0.0
0.0,0.0,0.0
0.0,0.0,0.0
0.0,0.0,0.0
0.0,0.0,0.0
0.0,0.0,0.0
0.0,0.0,0.0
0.0,0.0,0.0
0.0,0.0,0.0
0.0,0.0,0.0
0.0,0.0,0.0
0.0,0.0,0.0
0.0,0.0,0.0
0.0,0.0,0.0
0.0,0.0,0.0
0.0,0.0,0.0
0.0,1.0,0.0
0.0,0.0,0.0
0.0,1.0,0.0
0.0,1.0,0.0
0.0,5.0,0.0
0.0,7.0,0.0
0.0,13.0,0.0
0.0,18.0,0.0
0.0,28.0,0.0
0.0,40.0,0.0
0.0,39.0,0.0
0.0,45.0,0.0
0.0,53.0,0.0
0.0,68.0,0.0
0.0,80.0,0.0
0.0,88.0,0.0
0.0,97.0,0.0
0.0,101.0,0.0
0.0,101.0,0.0
0.0,100.0,0.0
0.0,107.0,0.0
0.0,119.0,0.0
0.0,131.0,0.0
0.0,151.0,0.0
0.0,148.0,0.0
0.0,148.0,0.0
0.0,224.0,0.0
0.0,420.0,0.0
0.0,505.0,0.0
0.0,558.0,0.0
0.0,620.0,0.0
0.0,709.0,0.0
0.0,734.0,0.0
0.0,744.0,0.0
0.0,746.0,0.0
0.0,767.0,0.0
0.0,779.0,0.0
0.0,763.0,0.0
0.0,750.0,0.0
0.0,749.0,0.0
0.0,789.0,0.0
0.0,773.0,0.0
0.0,748.0,0.0
0.0,747.0,0.0
0.0,800.0,0.0
0.0,832.0,0.0
0.0,824.0,0.0
0.0,811.0,0.0
0.0,817.0,0.0
0.0,835.0,0.0
0.08333333333333333,850.0,0.0
0.08333333333333333,875.0,0.0
0.08333333333333333,940.0,0.0
0.08333333333333333,935.0,0.0
0.08333333333333333,931.0,0.0
0.08333333333333333,922.0,0.0
0.08333333333333333,890.0,0.0
0.08333333333333333,848.0,0.0
0.08333333333333333,837.0,0.0
0.08333333333333333,837.0,0.0
0.08333333333333333,811.0,0.0
0.08333333333333333,793.0,0.0
0.08333333333333333,839.0,0.0
0.08333333333333333,861.0,0.0
0.08333333333333333,900.0,0.0
0.08333333333333333,917.0,0.0
0.08333333333333333,922.0,0.0
0.08333333333333333,887.0,0.0
0.08333333333333333,887.0,0.0
0.08333333333333333,875.0,0.0
0.08333333333333333,903.0,0.0
0.08333333333333333,941.0,0.0
0.16666666666666666,905.0,0.0
0.16666666666666666,872.0,0.0
0.16666666666666666,871.0,0.0
0.16666666666666666,896.0,0.0
0.16666666666666666,855.0,0.0
0.16666666666666666,812.0,0.0
0.16666666666666666,833.0,0.0
0.16666666666666666,870.0,0.0
0.16666666666666666,862.0,0.0
0.16666666666666666,845.0,0.0
0.16666666666666666,802.0,0.0
0.16666666666666666,829.0,0.0
0.16666666666666666,978.0,0.0
0.16666666666666666,844.0,0.0
0.16666666666666666,737.0,0.0
0.25,792.0,0.0
0.25,930.0,0.1704545
0.25,986.0,0.1704545
0.25,849.0,0.1704545
0.25,787.0,0.1704545
0.25,856.0,0.1704545
0.25,949.0,0.1704545
0.25,890.0,0.1704545
0.25,889.0,0.1704545
0.25,903.0,0.1704545
0.25,969.0,0.1704545
0.25,990.0,0.1704545
0.3333333333333333,1054.0,0.1704545
0.3333333333333333,1219.0,0.22727266666666668
0.3333333333333333,1312.0,0.22727266666666668
0.3333333333333333,1283.0,0.22727266666666668
0.3333333333333333,1196.0,0.22727266666666668
0.3333333333333333,1145.0,0.22727266666666668
0.3333333333333333,1225.0,0.22727266666666668
0.3333333333333333,1415.0,0.22727266666666668
0.3333333333333333,1372.0,0.22727266666666668
0.4166666666666667,1314.0,0.22727266666666668
0.4166666666666667,1315.0,0.340909
0.4166666666666667,1465.0,0.340909
0.4166666666666667,1465.0,0.340909
0.4166666666666667,1532.0,0.340909
0.4166666666666667,1503.0,0.340909
0.4166666666666667,1570.0,0.340909
0.5,1630.0,0.45454533333333336
0.5,1677.0,0.45454533333333336
0.5,1643.0,0.45454533333333336
0.5,1625.0,0.45454533333333336
0.5,1662.0,0.45454533333333336
0.5833333333333334,1640.0,0.5681816666666667
0.5833333333333334,1629.0,0.5681816666666667
0.5833333333333334,1676.0,0.5681816666666667
0.5833333333333334,1773.0,0.5681816666666667
0.6666666666666666,1774.0,0.7386361666666666
0.6666666666666666,1743.0,0.7386361666666666
0.6666666666666666,1783.0,0.7386361666666666
0.75,1762.0,0.8522725
0.75,1710.0,0.8522725
0.75,1677.0,0.8522725
0.75,1715.0,0.8522725
0.75,1710.0,0.8522725
0.75,1653.0,0.8522725
0.75,1581.0,0.8522725
0.75,1560.0,0.8522725
0.75,1572.0,0.8522725
0.75,1559.0,0.8522725
0.75,1529.0,0.8522725
0.75,1536.0,0.8522725
0.8333333333333334,1556.0,0.22727266666666668
0.8333333333333334,1537.0,0.22727266666666668
0.8333333333333334,1510.0,0.22727266666666668
0.8333333333333334,1527.0,0.22727266666666668
0.8333333333333334,1604.0,0.22727266666666668
0.8333333333333334,1580.0,0.22727266666666668
0.8333333333333334,1536.0,0.22727266666666668
0.8333333333333334,1498.0,0.22727266666666668
0.8333333333333334,1504.0,0.22727266666666668
0.9166666666666666,1548.0,0.340909
0.9166666666666666,1579.0,0.340909
1.0,1586.0,0.340909
1.0,1586.0,1.1931815000000001
1.0833333333333333,1579.0,1.1931815000000001
1.0833333333333333,1579.0,1.4204541666666668
1.1666666666666667,1596.0,1.4204541666666668
1.1666666666666667,1617.0,1.363636
1.25,1622.0,1.363636
1.25,1625.0,1.363636
1.3333333333333333,1638.0,1.363636
1.3333333333333333,1664.0,1.4772723333333333
1.4166666666666667,1706.0,1.4772723333333333
1.4166666666666667,1797.0,1.6477268333333333
1.5,1806.0,1.6477268333333333
1.5,1800.0,1.363636
1.5833333333333333,1771.0,1.5909086666666667
1.5833333333333333,1775.0,1.5909086666666667
1.6666666666666667,1779.0,1.5909086666666667
1.75,1735.0,1.5909086666666667
1.75,1741.0,1.6477268333333333
1.8333333333333333,1779.0,1.6477268333333333
1.8333333333333333,1725.0,1.5340905
1.8333333333333333,1640.0,1.5340905
1.8333333333333333,1645.0,1.5340905
1.9166666666666667,1712.0,0.8522725
1.9166666666666667,1734.0,0.8522725
1.9166666666666667,1695.0,0.8522725
2.0,1724.0,0.9659088333333334
2.0,1775.0,0.9659088333333334
2.0,1765.0,0.9659088333333334
2.0,1629.0,0.9659088333333334
2.0833333333333335,1615.0,0.9659088333333334
2.0833333333333335,1586.0,0.5681816666666667
2.1666666666666665,1553.0,1.9886358333333334
2.25,1495.0,1.9886358333333334
2.25,1535.0,1.9318176666666669
2.25,1602.0,1.9318176666666669
2.25,1597.0,1.9318176666666669
2.3333333333333335,1509.0,1.9318176666666669
2.3333333333333335,1474.0,0.7386361666666666
2.3333333333333335,1532.0,0.7386361666666666
2.4166666666666665,1574.0,0.7386361666666666
2.5,1617.0,1.0227270000000002
2.5833333333333335,1749.0,2.4431811666666667
2.5833333333333335,1777.0,2.5568175
2.6666666666666665,1777.0,2.272726666666667
2.75,1738.0,2.3295448333333333
2.8333333333333335,1738.0,2.3863630000000002
2.9166666666666665,1636.0,2.3863630000000002
3.0,1527.0,2.4431811666666667
3.0,1518.0,2.272726666666667
3.0833333333333335,1511.0,2.272726666666667
3.1666666666666665,1469.0,2.8977265
3.25,1421.0,2.5568175
3.3333333333333335,1399.0,2.5568175
3.4166666666666665,1375.0,2.727272
3.5,1397.0,2.670453833333333
3.5833333333333335,1486.0,2.670453833333333
3.6666666666666665,1482.0,2.5568175
3.75,1469.0,2.8977265
3.8333333333333335,1469.0,3.1818173333333335
3.9166666666666665,1481.0,2.8977265
4.0,1500.0,3.1818173333333335
4.083333333333333,1489.0,2.6136356666666667
4.166666666666667,1444.0,3.8636353333333338
4.25,1351.0,2.5568175
4.333333333333333,1261.0,3.2386355
4.5,1221.0,3.2386355
4.5,1223.0,3.2386355
4.5,1260.0,3.2386355
4.583333333333333,1312.0,3.2386355
4.666666666666667,1353.0,3.40909
4.75,1359.0,3.1249991666666666
4.833333333333333,1341.0,3.2386355
5.0,1339.0,3.2386355
5.083333333333333,1245.0,3.2386355
5.166666666666667,1201.0,3.068181
5.25,1194.0,3.2386355
5.333333333333333,1146.0,3.1818173333333335
5.333333333333333,1028.0,3.1818173333333335
5.333333333333333,1035.0,3.1818173333333335
5.5,1022.0,3.1818173333333335
5.583333333333333,950.0,3.352271833333334
5.666666666666667,918.0,3.522726333333334
5.75,1001.0,2.9545446666666666
5.916666666666667,1046.0,3.352271833333334
6.0,1067.0,3.4659081666666665
6.083333333333333,1129.0,3.5795445000000004
6.083333333333333,1079.0,3.636362666666667
6.083333333333333,1058.0,3.636362666666667
6.25,1058.0,3.636362666666667
6.333333333333333,1090.0,4.034089833333334
6.416666666666667,1096.0,3.2954536666666665
6.5,1045.0,3.636362666666667
6.5,939.0,2.670453833333333
6.583333333333333,862.0,2.670453833333333
6.666666666666667,889.0,1.1931815000000001
6.75,1015.0,3.7499990000000003
6.75,1048.0,3.40909
6.833333333333333,834.0,3.40909
6.833333333333333,698.0,1.2499996666666666
6.916666666666667,663.0,1.2499996666666666
7.0,678.0,1.4772723333333333
7.083333333333333,743.0,3.2954536666666665
7.166666666666667,693.0,3.352271833333334
7.333333333333333,617.0,3.352271833333334
7.416666666666667,588.0,3.5795445000000004
7.416666666666667,560.0,3.5795445000000004
7.583333333333333,567.0,3.5795445000000004
7.666666666666667,559.0,4.545453333333334
7.666666666666667,519.0,3.522726333333334
7.75,503.0,1.704545
7.833333333333333,538.0,3.352271833333334
8.0,583.0,3.352271833333334
8.0,637.0,3.522726333333334
8.0,652.0,3.522726333333334
8.083333333333334,646.0,3.522726333333334
8.166666666666666,627.0,3.7499990000000003
8.333333333333334,661.0,3.4659081666666665
8.416666666666666,706.0,3.40909
8.5,731.0,3.40909
8.583333333333334,689.0,3.693180833333334
8.666666666666666,690.0,3.0113628333333335
8.833333333333334,726.0,3.4659081666666665
8.916666666666666,777.0,3.9204535000000003
9.0,742.0,3.1818173333333335
9.083333333333334,680.0,3.40909
9.166666666666666,673.0,2.9545446666666666
9.333333333333334,712.0,3.2386355
9.416666666666666,698.0,4.545453333333334
9.5,698.0,3.2386355
9.5,726.0,3.522726333333334
9.5,726.0,3.522726333333334
9.583333333333334,733.0,1.0795451666666667
9.666666666666666,772.0,3.4659081666666665
9.666666666666666,823.0,3.4659081666666665
9.75,844.0,3.4659081666666665
9.833333333333334,850.0,3.4659081666666665
9.916666666666666,916.0,3.5795445000000004
10.083333333333334,952.0,3.5795445000000004
10.166666666666666,947.0,3.4659081666666665
10.25,941.0,3.068181
10.333333333333334,942.0,3.4659081666666665
10.416666666666666,927.0,3.2954536666666665
10.583333333333334,940.0,3.2954536666666665
10.666666666666666,939.0,3.636362666666667
10.75,945.0,3.40909
10.833333333333334,981.0,3.40909
10.916666666666666,1014.0,3.2954536666666665
10.916666666666666,991.0,3.2954536666666665
11.0,951.0,3.2954536666666665
11.083333333333334,954.0,1.1363633333333334
11.166666666666666,997.0,3.7499990000000003
11.25,1003.0,2.8977265
11.333333333333334,998.0,3.1818173333333335
11.5,999.0,3.522726333333334
11.583333333333334,1048.0,3.806817166666667
11.666666666666666,1080.0,3.8636353333333338
11.75,1107.0,3.5795445000000004
11.833333333333334,1105.0,3.2386355
12.0,1290.0,3.2386355
12.083333333333334,1317.0,3.40909
12.166666666666666,1246.0,2.9545446666666666
12.25,1285.0,3.2954536666666665
12.333333333333334,1380.0,4.147726166666667
12.416666666666666,1358.0,3.352271833333334
12.583333333333334,1294.0,3.352271833333334
12.666666666666666,1284.0,3.2954536666666665
12.75,1308.0,3.2954536666666665
12.833333333333334,1363.0,3.0113628333333335
12.916666666666666,1388.0,3.1818173333333335
13.0,1380.0,3.1818173333333335
13.083333333333334,1387.0,3.1818173333333335
13.083333333333334,1416.0,3.1818173333333335
13.25,1468.0,3.1818173333333335
13.333333333333334,1468.0,3.1249991666666666
13.416666666666666,1457.0,2.727272
13.5,1494.0,3.522726333333334
13.583333333333334,1625.0,3.2954536666666665
13.666666666666666,1648.0,3.0113628333333335
13.75,1658.0,3.1818173333333335
13.833333333333334,1680.0,3.2386355
13.916666666666666,1664.0,2.7840901666666666
14.0,1572.0,3.4659081666666665
14.083333333333334,1468.0,3.0113628333333335
14.25,1392.0,3.0113628333333335
14.333333333333334,1390.0,3.693180833333334
14.333333333333334,1397.0,2.9545446666666666
14.416666666666666,1284.0,1.6477268333333333
14.416666666666666,1272.0,1.6477268333333333
14.416666666666666,1349.0,1.6477268333333333
14.416666666666666,1391.0,1.6477268333333333
14.416666666666666,1365.0,1.6477268333333333
14.5,1417.0,1.6477268333333333
14.5,1454.0,0.5113635000000001
14.583333333333334,1412.0,0.5113635000000001
14.666666666666666,1390.0,3.1818173333333335
14.75,1424.0,3.2386355
14.833333333333334,1372.0,3.522726333333334
14.916666666666666,1318.0,3.2386355
15.083333333333334,1318.0,3.2386355
15.166666666666666,1321.0,3.1818173333333335
15.25,1323.0,3.522726333333334
15.333333333333334,1320.0,3.636362666666667
15.416666666666666,1305.0,3.2954536666666665
15.5,1299.0,3.2954536666666665
15.5,1299.0,1.8749995000000002
15.583333333333334,1274.0,1.6477268333333333
15.666666666666666,1257.0,3.1818173333333335
15.75,1284.0,3.40909
15.916666666666666,1310.0,3.4659081666666665
16.0,1284.0,3.4659081666666665
16.083333333333332,1264.0,3.522726333333334
16.166666666666668,1263.0,3.636362666666667
16.333333333333332,1235.0,3.636362666666667
16.416666666666668,1226.0,3.2954536666666665
16.5,1195.0,3.806817166666667
16.583333333333332,1184.0,3.5795445000000004
16.666666666666668,1184.0,3.352271833333334
16.666666666666668,1166.0,3.352271833333334
16.75,1163.0,3.352271833333334
16.833333333333332,1142.0,3.806817166666667
16.916666666666668,1142.0,3.1818173333333335
17.0,1114.0,3.1818173333333335
17.083333333333332,993.0,1.761363166666667
17.166666666666668,1001.0,3.693180833333334
17.166666666666668,1050.0,3.693180833333334
17.25,1034.0,1.8181813333333334
17.25,937.0,1.8181813333333334
17.25,877.0,1.8181813333333334
17.416666666666668,876.0,1.8181813333333334
17.5,827.0,3.5795445000000004
17.583333333333332,808.0,3.636362666666667
17.666666666666668,769.0,4.034089833333334
17.833333333333332,784.0,3.7499990000000003
17.916666666666668,818.0,3.522726333333334
18.0,795.0,3.1249991666666666
18.166666666666668,755.0,3.1249991666666666
18.25,786.0,3.693180833333334
18.333333333333332,757.0,3.4659081666666665
18.416666666666668,708.0,3.4659081666666665
18.5,703.0,1.8749995000000002
18.583333333333332,688.0,3.40909
18.583333333333332,680.0,3.636362666666667
18.583333333333332,677.0,3.636362666666667
18.666666666666668,623.0,3.636362666666667
18.75,562.0,0.8522725
18.833333333333332,551.0,3.40909
18.916666666666668,504.0,3.5795445000000004
19.0,485.0,3.5795445000000004
19.083333333333332,548.0,1.704545
19.25,516.0,3.8636353333333338
19.333333333333332,493.0,4.090908000000001
19.333333333333332,473.0,3.7499990000000003
19.416666666666668,424.0,3.7499990000000003
19.583333333333332,458.0,3.7499990000000003
19.666666666666668,464.0,4.431817000000001
19.75,443.0,3.7499990000000003
19.916666666666668,448.0,3.7499990000000003
19.916666666666668,442.0,4.090908000000001
20.0,442.0,4.090908000000001
20.083333333333332,426.0,3.5795445000000004
20.083333333333332,415.0,3.5795445000000004
20.166666666666668,408.0,3.5795445000000004
20.25,389.0,4.147726166666667
20.333333333333332,383.0,3.636362666666667
20.5,382.0,3.2954536666666665
20.583333333333332,371.0,3.2954536666666665
20.666666666666668,377.0,3.693180833333334
20.75,381.0,3.9204535000000003
20.75,357.0,3.9204535000000003
20.75,339.0,3.9204535000000003
20.833333333333332,339.0,0.9090906666666667
20.916666666666668,343.0,3.2954536666666665
21.083333333333332,337.0,3.40909
21.166666666666668,330.0,3.7499990000000003
21.25,323.0,3.8636353333333338
21.333333333333332,316.0,3.9772716666666668
21.416666666666668,316.0,3.352271833333334
21.416666666666668,312.0,3.352271833333334
21.416666666666668,311.0,3.352271833333334
21.583333333333332,318.0,3.352271833333334
21.666666666666668,336.0,3.8636353333333338
21.75,340.0,3.068181
21.833333333333332,354.0,3.2954536666666665
21.916666666666668,374.0,3.2386355
22.083333333333332,390.0,3.2386355
22.166666666666668,409.0,3.40909
22.25,420.0,3.4659081666666665
22.333333333333332,418.0,3.636362666666667
22.416666666666668,424.0,2.8409083333333336
22.583333333333332,458.0,3.8636353333333338
22.666666666666668,458.0,4.261362500000001
22.666666666666668,474.0,3.0113628333333335
22.75,504.0,1.8749995000000002
22.75,511.0,1.8749995000000002
22.75,503.0,1.8749995000000002
22.75,523.0,1.8749995000000002
22.75,541.0,1.8749995000000002
22.833333333333332,543.0,1.8749995000000002
22.916666666666668,540.0,0.5113635000000001
23.0,499.0,3.352271833333334
23.166666666666668,490.0,3.352271833333334
23.25,490.0,3.4659081666666665
23.333333333333332,498.0,2.8977265
23.333333333333332,431.0,3.40909
23.416666666666668,416.0,1.6477268333333333
23.583333333333332,421.0,3.7499990000000003
23.666666666666668,414.0,3.9772716666666668
23.75,424.0,3.5795445000000004
23.833333333333332,446.0,3.4659081666666665
23.916666666666668,451.0,3.522726333333334
24.0,444.0,3.522726333333334
24.083333333333332,444.0,1.8749995000000002
24.166666666666668,459.0,3.2954536666666665
24.25,462.0,3.4659081666666665
24.25,477.0,3.4659081666666665
24.333333333333332,482.0,3.4659081666666665
24.416666666666668,472.0,1.1931815000000001
24.5,475.0,3.693180833333334
24.583333333333332,474.0,3.2386355
24.75,463.0,3.4659081666666665
24.833333333333332,461.0,3.806817166666667
24.916666666666668,472.0,3.693180833333334
25.0,462.0,3.693180833333334
25.083333333333332,447.0,3.693180833333334
25.166666666666668,433.0,1.761363166666667
25.25,424.0,3.5795445000000004
25.333333333333332,423.0,3.352271833333334
25.416666666666668,423.0,3.352271833333334
25.5,406.0,3.352271833333334
25.583333333333332,381.0,3.7499990000000003
25.666666666666668,401.0,3.522726333333334
25.666666666666668,425.0,3.522726333333334
25.75,428.0,3.522726333333334
25.833333333333332,416.0,3.636362666666667
25.916666666666668,416.0,3.40909
26.083333333333332,432.0,3.40909
26.166666666666668,460.0,3.2954536666666665
26.25,453.0,3.4659081666666665
26.333333333333332,403.0,4.147726166666667
26.416666666666668,429.0,3.636362666666667
26.5,475.0,3.636362666666667
26.583333333333332,475.0,1.6477268333333333
26.666666666666668,487.0,3.2954536666666665
26.75,550.0,3.2954536666666665
26.75,550.0,1.8181813333333334
26.833333333333332,575.0,1.8181813333333334
26.916666666666668,603.0,3.2954536666666665
27.0,640.0,3.40909
27.0,637.0,3.40909
27.0,639.0,3.40909
27.083333333333332,623.0,3.40909
27.166666666666668,572.0,0.8522725
27.25,606.0,3.4659081666666665
27.333333333333332,693.0,3.352271833333334
27.5,661.0,3.352271833333334
27.583333333333332,590.0,3.40909
27.666666666666668,594.0,3.352271833333334
27.75,600.0,3.4659081666666665
27.833333333333332,618.0,3.522726333333334
27.833333333333332,658.0,3.522726333333334
27.916666666666668,670.0,3.522726333333334
28.0,649.0,3.9772716666666668
28.166666666666668,691.0,3.9772716666666668
28.25,734.0,3.4659081666666665
28.333333333333332,751.0,3.2386355
28.416666666666668,759.0,3.2954536666666665
28.5,734.0,3.4659081666666665
28.583333333333332,736.0,3.5795445000000004
28.666666666666668,753.0,3.5795445000000004
28.75,767.0,1.704545
28.833333333333332,759.0,3.7499990000000003
28.833333333333332,762.0,3.7499990000000003
29.0,764.0,3.7499990000000003
29.083333333333332,758.0,3.806817166666667
29.166666666666668,756.0,4.034089833333334
29.25,779.0,3.40909
29.25,790.0,3.40909
29.333333333333332,792.0,3.40909
29.416666666666668,795.0,1.1931815000000001
29.416666666666668,801.0,3.40909
29.5,803.0,1.5909086666666667
29.666666666666668,816.0,3.2386355
29.666666666666668,828.0,4.7727260000000005
29.666666666666668,827.0,4.7727260000000005
29.75,841.0,4.7727260000000005
29.833333333333332,874.0,4.204544333333334
29.916666666666668,874.0,3.4659081666666665
30.0,861.0,3.4659081666666665
30.083333333333332,848.0,1.5909086666666667
30.166666666666668,867.0,4.204544333333334
30.25,861.0,3.352271833333334
30.416666666666668,855.0,3.352271833333334
30.5,856.0,3.40909
30.583333333333332,835.0,3.7499990000000003
30.666666666666668,814.0,3.522726333333334
30.833333333333332,825.0,3.522726333333334
30.916666666666668,851.0,3.7499990000000003
31.0,833.0,2.8977265
31.083333333333332,826.0,3.1818173333333335
31.25,817.0,3.4659081666666665
31.25,806.0,4.261362500000001
31.25,820.0,4.261362500000001
31.25,839.0,4.261362500000001
31.25,830.0,4.261362500000001
31.25,838.0,4.261362500000001
31.333333333333332,848.0,4.261362500000001
31.416666666666668,817.0,0.5113635000000001
31.416666666666668,820.0,3.068181
31.5,831.0,1.8749995000000002
31.666666666666668,824.0,1.8749995000000002
31.75,805.0,3.2954536666666665
31.75,804.0,3.7499990000000003
31.833333333333332,804.0,1.8181813333333334
31.916666666666668,791.0,3.5795445000000004
32.0,803.0,3.5795445000000004
32.083333333333336,804.0,1.704545
32.166666666666664,787.0,3.40909
32.25,789.0,3.2954536666666665
32.333333333333336,795.0,3.2954536666666665
32.333333333333336,801.0,1.8181813333333334
32.333333333333336,800.0,1.8181813333333334
32.333333333333336,789.0,1.8181813333333334
32.416666666666664,780.0,1.8181813333333334
32.5,794.0,0.681818
32.5,795.0,3.5795445000000004
32.5,778.0,3.5795445000000004
32.666666666666664,780.0,3.5795445000000004
32.75,801.0,4.374998833333334
32.75,802.0,2.7840901666666666
32.833333333333336,802.0,2.7840901666666666
32.916666666666664,796.0,3.7499990000000003
33.0,790.0,3.40909
33.083333333333336,791.0,3.40909
33.166666666666664,804.0,3.2954536666666665
33.25,779.0,3.636362666666667
33.333333333333336,753.0,2.7840901666666666
33.416666666666664,756.0,2.7840901666666666
33.5,767.0,1.9318176666666669
33.5,734.0,3.40909
33.583333333333336,720.0,3.40909
33.666666666666664,733.0,1.1931815000000001
33.75,733.0,3.1249991666666666
33.75,727.0,4.034089833333334
33.833333333333336,720.0,1.761363166666667
34.0,728.0,3.352271833333334
34.083333333333336,737.0,3.40909
34.166666666666664,723.0,3.806817166666667
34.25,686.0,3.806817166666667
34.333333333333336,692.0,3.806817166666667
34.333333333333336,706.0,1.8181813333333334
34.416666666666664,702.0,1.6477268333333333
34.5,696.0,3.693180833333334
34.583333333333336,702.0,3.693180833333334
34.583333333333336,694.0,1.6477268333333333
34.666666666666664,678.0,1.6477268333333333
34.75,689.0,3.7499990000000003
34.75,708.0,3.7499990000000003
34.916666666666664,698.0,3.7499990000000003
35.0,683.0,3.8636353333333338
35.083333333333336,692.0,3.522726333333334
35.25,708.0,3.522726333333334
35.333333333333336,713.0,3.522726333333334
35.416666666666664,705.0,4.204544333333334
35.5,678.0,3.1249991666666666
35.666666666666664,667.0,3.1249991666666666
35.666666666666664,688.0,3.5795445000000004
35.666666666666664,673.0,3.5795445000000004
35.666666666666664,653.0,3.5795445000000004
35.75,651.0,0.8522725
35.916666666666664,656.0,3.2386355
36.0,679.0,3.636362666666667
36.083333333333336,684.0,3.40909
36.166666666666664,684.0,3.636362666666667
36.166666666666664,623.0,3.636362666666667
36.166666666666664,580.0,3.636362666666667
36.166666666666664,706.0,3.636362666666667
36.166666666666664,763.0,3.636362666666667
36.333333333333336,727.0,3.636362666666667
36.416666666666664,596.0,3.5795445000000004
36.5,575.0,3.522726333333334
36.583333333333336,632.0,3.9772716666666668
36.75,687.0,3.9772716666666668
36.833333333333336,673.0,3.693180833333334
36.916666666666664,650.0,3.5795445000000004
37.0,666.0,3.4659081666666665
37.166666666666664,680.0,3.693180833333334
37.166666666666664,671.0,3.9772716666666668
37.25,644.0,1.704545
37.333333333333336,647.0,3.2954536666666665
37.5,651.0,3.522726333333334
37.583333333333336,645.0,3.636362666666667
37.583333333333336,632.0,3.2954536666666665
37.583333333333336,650.0,3.2954536666666665
37.666666666666664,672.0,3.2954536666666665
37.75,665.0,0.9090906666666667
37.75,644.0,3.1249991666666666
37.75,643.0,3.1249991666666666
37.833333333333336,644.0,1.1363633333333334
38.0,663.0,1.1363633333333334
38.083333333333336,671.0,3.40909
38.166666666666664,675.0,3.7499990000000003
38.166666666666664,691.0,3.2386355
38.333333333333336,698.0,3.2386355
38.416666666666664,698.0,3.1249991666666666
38.416666666666664,701.0,3.352271833333334
38.5,712.0,1.761363166666667
38.583333333333336,722.0,3.1818173333333335
38.75,725.0,3.7499990000000003
38.833333333333336,720.0,3.806817166666667
38.916666666666664,762.0,3.2954536666666665
38.916666666666664,810.0,3.2954536666666665
38.916666666666664,810.0,3.2954536666666665
39.0,741.0,3.2954536666666665
39.083333333333336,663.0,0.9090906666666667
39.083333333333336,663.0,3.522726333333334
39.166666666666664,741.0,1.6477268333333333
39.333333333333336,808.0,1.6477268333333333
39.416666666666664,820.0,3.2954536666666665
39.5,746.0,3.9772716666666668
39.583333333333336,692.0,3.522726333333334
39.583333333333336,755.0,3.522726333333334
39.666666666666664,805.0,3.522726333333334
39.75,800.0,1.0795451666666667
39.833333333333336,795.0,3.7499990000000003
39.833333333333336,804.0,3.7499990000000003
39.833333333333336,799.0,3.7499990000000003
39.833333333333336,800.0,3.7499990000000003
39.916666666666664,798.0,0.681818
40.0,769.0,3.40909
40.0,761.0,3.40909
40.083333333333336,761.0,3.40909
40.166666666666664,741.0,1.1931815000000001
40.25,757.0,1.8181813333333334
40.416666666666664,749.0,1.8181813333333334
40.5,736.0,3.4659081666666665
40.583333333333336,743.0,3.4659081666666665
40.666666666666664,722.0,3.2954536666666665
40.666666666666664,727.0,3.2954536666666665
40.75,756.0,3.2954536666666665
40.833333333333336,762.0,1.1363633333333334
40.916666666666664,772.0,3.8636353333333338
41.0,764.0,2.8409083333333336
41.166666666666664,768.0,3.693180833333334
41.25,774.0,3.693180833333334
41.333333333333336,786.0,3.693180833333334
41.333333333333336,769.0,3.693180833333334
41.5,747.0,3.693180833333334
41.5,741.0,4.090908000000001
41.583333333333336,750.0,1.761363166666667
41.666666666666664,745.0,3.9204535000000003
41.75,750.0,2.8409083333333336
41.916666666666664,753.0,3.40909
42.0,752.0,3.40909
42.083333333333336,758.0,3.9204535000000003
42.166666666666664,755.0,3.5795445000000004
42.25,756.0,3.5795445000000004
42.333333333333336,756.0,1.6477268333333333
42.416666666666664,773.0,3.7499990000000003
42.5,773.0,3.9204535000000003
42.583333333333336,750.0,3.068181
42.75,749.0,3.1249991666666666
42.833333333333336,755.0,3.693180833333334
42.916666666666664,751.0,3.40909
43.0,744.0,3.2386355
43.083333333333336,749.0,3.693180833333334
43.166666666666664,755.0,3.2954536666666665
43.25,757.0,3.2954536666666665
43.333333333333336,760.0,3.8636353333333338
43.5,789.0,3.8636353333333338
43.583333333333336,805.0,4.147726166666667
43.666666666666664,789.0,3.1249991666666666
43.75,762.0,3.40909
43.833333333333336,760.0,3.40909
43.916666666666664,773.0,3.1249991666666666
44.083333333333336,775.0,3.2386355
44.166666666666664,769.0,4.034089833333334
44.25,774.0,3.636362666666667
44.333333333333336,796.0,2.9545446666666666
44.5,805.0,2.9545446666666666
44.583333333333336,787.0,3.2386355
44.666666666666664,754.0,3.5795445000000004
44.75,751.0,3.2954536666666665
44.833333333333336,768.0,3.806817166666667
44.833333333333336,763.0,3.806817166666667
44.916666666666664,754.0,3.806817166666667
45.0,748.0,3.522726333333334
45.083333333333336,772.0,3.352271833333334
45.25,794.0,3.352271833333334
45.333333333333336,790.0,4.090908000000001
45.416666666666664,756.0,3.2954536666666665
45.5,753.0,3.5795445000000004
45.583333333333336,758.0,4.318180666666667
45.75,744.0,3.352271833333334
45.833333333333336,719.0,3.2954536666666665
45.916666666666664,728.0,3.2954536666666665
45.916666666666664,728.0,3.636362666666667
45.916666666666664,751.0,3.636362666666667
46.083333333333336,754.0,3.636362666666667
46.166666666666664,750.0,4.374998833333334
46.166666666666664,750.0,3.2954536666666665
46.166666666666664,774.0,3.2954536666666665
46.333333333333336,805.0,3.2954536666666665
46.416666666666664,811.0,3.2954536666666665
46.416666666666664,790.0,3.5795445000000004
46.5,815.0,3.5795445000000004
46.583333333333336,843.0,3.9772716666666668
46.75,857.0,3.522726333333334
46.833333333333336,851.0,3.4659081666666665
46.916666666666664,835.0,3.4659081666666665
47.0,838.0,3.522726333333334
47.166666666666664,838.0,3.522726333333334
47.25,802.0,3.636362666666667
47.333333333333336,798.0,3.352271833333334
47.416666666666664,796.0,3.352271833333334
47.5,766.0,3.2386355
47.666666666666664,749.0,3.2386355
47.75,744.0,3.40909
47.75,732.0,3.352271833333334
47.75,732.0,3.352271833333334
47.75,749.0,3.352271833333334
47.833333333333336,770.0,0.8522725
48.0,810.0,3.2954536666666665
48.083333333333336,803.0,3.2954536666666665
48.166666666666664,790.0,3.352271833333334
48.25,789.0,3.693180833333334
48.333333333333336,832.0,3.522726333333334
48.416666666666664,820.0,3.0113628333333335
48.5,810.0,3.0113628333333335
48.583333333333336,808.0,1.5340905
48.666666666666664,804.0,3.636362666666667
48.75,811.0,3.068181
48.833333333333336,821.0,3.5795445000000004
49.0,823.0,3.5795445000000004
49.083333333333336,831.0,3.693180833333334
49.166666666666664,869.0,3.40909
49.25,860.0,3.2954536666666665
49.333333333333336,843.0,3.4659081666666665
49.5,852.0,3.40909
49.583333333333336,850.0,3.40909
49.666666666666664,826.0,3.4659081666666665
49.75,823.0,3.636362666666667
49.833333333333336,823.0,2.727272
50.0,850.0,2.727272
50.083333333333336,878.0,3.4659081666666665
50.166666666666664,893.0,3.636362666666667
50.25,897.0,3.5795445000000004
50.333333333333336,897.0,2.9545446666666666
50.5,913.0,2.9545446666666666
50.583333333333336,959.0,3.5795445000000004
50.666666666666664,972.0,3.4659081666666665
50.75,974.0,3.1818173333333335
50.833333333333336,984.0,3.5795445000000004
51.0,1000.0,3.5795445000000004
51.083333333333336,974.0,3.40909
51.166666666666664,949.0,2.7840901666666666
51.25,954.0,3.636362666666667
51.416666666666664,948.0,3.636362666666667
51.5,895.0,3.4659081666666665
51.583333333333336,870.0,3.2386355
51.666666666666664,864.0,3.2954536666666665
51.75,853.0,3.693180833333334
51.833333333333336,831.0,3.693180833333334
52.0,847.0,3.693180833333334
52.083333333333336,862.0,3.7499990000000003
52.166666666666664,842.0,3.4659081666666665
52.25,793.0,3.40909
52.333333333333336,781.0,3.522726333333334
52.416666666666664,833.0,3.522726333333334
52.5,854.0,1.6477268333333333
52.583333333333336,848.0,3.5795445000000004
52.666666666666664,909.0,3.2954536666666665
52.75,933.0,3.2954536666666665
52.833333333333336,911.0,3.2954536666666665
52.916666666666664,907.0,3.068181
53.0,924.0,3.068181
53.083333333333336,882.0,3.4659081666666665
53.166666666666664,859.0,3.4659081666666665
53.25,850.0,3.40909
53.416666666666664,857.0,3.40909
53.5,899.0,4.204544333333334
53.583333333333336,901.0,3.40909
53.75,879.0,3.4659081666666665
53.833333333333336,890.0,3.4659081666666665
53.916666666666664,889.0,3.40909
54.0,889.0,3.4659081666666665
54.083333333333336,870.0,3.1249991666666666
54.25,877.0,3.1249991666666666
54.333333333333336,893.0,3.5795445000000004
54.416666666666664,887.0,3.352271833333334
54.5,872.0,4.090908000000001
54.5,879.0,4.090908000000001
54.5,883.0,4.090908000000001
54.666666666666664,891.0,4.090908000000001
54.75,907.0,3.636362666666667
54.833333333333336,899.0,3.5795445000000004
54.916666666666664,900.0,3.5795445000000004
55.083333333333336,907.0,3.5795445000000004
55.166666666666664,895.0,4.034089833333334
55.25,881.0,3.352271833333334
55.333333333333336,887.0,3.5795445000000004
55.5,882.0,3.5795445000000004
55.583333333333336,875.0,3.352271833333334
55.666666666666664,869.0,3.522726333333334
55.75,867.0,3.4659081666666665
55.833333333333336,855.0,3.2954536666666665
56.0,852.0,3.2954536666666665
56.083333333333336,839.0,3.4659081666666665
56.166666666666664,826.0,3.352271833333334
56.25,831.0,3.2954536666666665
56.25,831.0,3.2954536666666665
56.333333333333336,828.0,3.2954536666666665
56.416666666666664,862.0,1.1363633333333334
56.5,854.0,3.4659081666666665
56.583333333333336,822.0,3.522726333333334
56.75,804.0,3.522726333333334
56.833333333333336,840.0,4.318180666666667
56.916666666666664,833.0,3.636362666666667
57.0,815.0,3.4659081666666665
57.166666666666664,810.0,3.4659081666666665
57.25,804.0,3.40909
57.333333333333336,791.0,3.2954536666666665
57.416666666666664,783.0,3.806817166666667
57.5,774.0,3.636362666666667
57.666666666666664,776.0,3.636362666666667
57.75,798.0,3.40909
57.75,814.0,3.352271833333334
57.75,832.0,3.352271833333334
57.75,832.0,3.352271833333334
57.833333333333336,854.0,3.352271833333334
57.916666666666664,915.0,0.681818
58.0,944.0,3.5795445000000004
58.083333333333336,984.0,3.522726333333334
58.083333333333336,1010.0,3.522726333333334
58.25,1018.0,3.522726333333334
58.333333333333336,1051.0,3.806817166666667
58.416666666666664,1068.0,3.2954536666666665
58.5,1058.0,3.522726333333334
58.5,1059.0,3.1818173333333335
58.583333333333336,1065.0,3.1818173333333335
58.666666666666664,1073.0,1.1363633333333334
58.75,1093.0,3.1249991666666666
58.833333333333336,1112.0,3.352271833333334
58.916666666666664,1093.0,3.2954536666666665
58.916666666666664,1081.0,3.2954536666666665
59.083333333333336,1094.0,3.2954536666666665
59.083333333333336,1099.0,3.4659081666666665
59.083333333333336,1075.0,3.4659081666666665
59.166666666666664,1105.0,1.1363633333333334
59.25,1121.0,3.1249991666666666
59.333333333333336,1106.0,3.352271833333334
59.5,1098.0,3.522726333333334
59.583333333333336,1114.0,3.5795445000000004
59.666666666666664,1111.0,3.1249991666666666
59.75,1109.0,3.1249991666666666
59.833333333333336,1117.0,3.806817166666667
60.0,1115.0,3.40909
60.083333333333336,1124.0,3.40909
60.166666666666664,1141.0,3.068181
60.25,1133.0,3.9204535000000003
60.333333333333336,1128.0,3.1818173333333335
60.416666666666664,1183.0,3.1249991666666666
60.583333333333336,1184.0,3.2386355
60.666666666666664,1163.0,3.5795445000000004
60.75,1160.0,3.4659081666666665
60.833333333333336,1180.0,3.1818173333333335
60.833333333333336,1181.0,3.352271833333334
60.833333333333336,1189.0,3.352271833333334
60.916666666666664,1188.0,1.1363633333333334
61.0,1172.0,1.1363633333333334
61.0,1172.0,1.4772723333333333
61.083333333333336,1170.0,1.8749995000000002
61.166666666666664,1167.0,3.1818173333333335
61.333333333333336,1129.0,3.352271833333334
61.416666666666664,1113.0,3.636362666666667
61.5,1137.0,3.636362666666667
61.583333333333336,1115.0,3.068181
61.666666666666664,1095.0,3.8636353333333338
61.833333333333336,1095.0,3.8636353333333338
61.916666666666664,1081.0,3.40909
61.916666666666664,1072.0,3.2954536666666665
61.916666666666664,1072.0,3.2954536666666665
62.0,1056.0,1.0795451666666667
62.166666666666664,1033.0,1.0795451666666667
62.25,1066.0,3.693180833333334
62.333333333333336,1025.0,3.40909
62.416666666666664,1009.0,3.40909
62.5,1045.0,3.4659081666666665
62.583333333333336,1048.0,3.4659081666666665
62.75,1026.0,3.4659081666666665
62.833333333333336,1071.0,4.090908000000001
62.916666666666664,1095.0,3.2954536666666665
63.0,1053.0,3.5795445000000004
63.166666666666664,1057.0,3.2954536666666665
63.25,1084.0,3.1818173333333335
63.333333333333336,1084.0,3.1249991666666666
63.416666666666664,1083.0,3.522726333333334
63.5,1087.0,3.5795445000000004
63.583333333333336,1077.0,3.522726333333334
63.75,1094.0,3.522726333333334
63.75,1108.0,3.806817166666667
63.75,1075.0,3.806817166666667
63.833333333333336,1066.0,3.806817166666667
63.916666666666664,1073.0,3.352271833333334
64.08333333333333,1033.0,3.522726333333334
64.16666666666667,1014.0,3.693180833333334
64.25,1099.0,3.40909
64.33333333333333,1090.0,2.7840901666666666
64.41666666666667,1045.0,3.8636353333333338
64.5,1047.0,3.40909
64.66666666666667,1063.0,3.40909
64.75,1056.0,3.522726333333334
64.83333333333333,1044.0,3.352271833333334
64.91666666666667,1044.0,3.522726333333334
64.91666666666667,1037.0,3.522726333333334
65.08333333333333,1025.0,3.522726333333334
65.16666666666667,1021.0,3.8636353333333338
65.25,1010.0,3.1249991666666666
65.33333333333333,1006.0,3.352271833333334
65.41666666666667,1029.0,3.2386355
65.5,1047.0,3.1249991666666666
65.66666666666667,1028.0,3.1249991666666666
65.75,1030.0,3.40909
65.83333333333333,1026.0,3.2954536666666665
65.91666666666667,1031.0,3.1818173333333335
66.0,1050.0,3.636362666666667
66.16666666666667,1041.0,3.636362666666667
66.25,1016.0,3.9204535000000003
66.33333333333333,1011.0,3.2386355
66.33333333333333,1021.0,3.4659081666666665
66.33333333333333,1003.0,3.4659081666666665
66.5,973.0,3.4659081666666665
66.5,959.0,3.9204535000000003
66.58333333333333,967.0,3.9204535000000003
66.66666666666667,955.0,3.1818173333333335
66.75,965.0,3.40909
66.83333333333333,984.0,3.2954536666666665
67.0,975.0,3.2954536666666665
67.08333333333333,977.0,3.7499990000000003
67.08333333333333,981.0,3.4659081666666665
67.16666666666667,970.0,1.6477268333333333
67.25,967.0,3.4659081666666665
67.33333333333333,933.0,2.9545446666666666
67.5,904.0,3.2954536666666665
67.58333333333333,925.0,3.2954536666666665
67.66666666666667,964.0,2.8409083333333336
67.75,943.0,4.8295441666666665
67.91666666666667,911.0,4.8295441666666665
68.0,929.0,4.374998833333334
68.08333333333333,933.0,4.261362500000001
68.16666666666667,915.0,3.7499990000000003
68.25,914.0,3.7499990000000003
68.33333333333333,897.0,1.6477268333333333
68.41666666666667,907.0,3.2386355
68.5,937.0,3.9772716666666668
68.58333333333333,917.0,3.4659081666666665
68.58333333333333,917.0,3.4659081666666665
68.58333333333333,903.0,3.4659081666666665
68.58333333333333,943.0,3.4659081666666665
68.66666666666667,963.0,0.681818
68.75,945.0,0.681818
68.83333333333333,926.0,1.704545
68.91666666666667,918.0,3.522726333333334
69.0,904.0,4.318180666666667
69.16666666666667,914.0,4.318180666666667
69.25,913.0,3.806817166666667
69.33333333333333,909.0,3.40909
69.41666666666667,922.0,3.2954536666666665
69.41666666666667,940.0,3.2954536666666665
69.58333333333333,930.0,3.2954536666666665
69.66666666666667,936.0,3.2386355
69.66666666666667,937.0,3.4659081666666665
69.75,927.0,1.761363166666667
69.83333333333333,928.0,3.636362666666667
69.83333333333333,947.0,3.636362666666667
69.91666666666667,936.0,3.636362666666667
70.0,940.0,1.1363633333333334
70.0,958.0,3.1249991666666666
70.08333333333333,1001.0,1.8181813333333334
70.16666666666667,974.0,1.8181813333333334
70.25,974.0,1.704545
70.33333333333333,927.0,3.522726333333334
70.41666666666667,928.0,3.4659081666666665
70.58333333333333,952.0,3.4659081666666665
70.66666666666667,943.0,3.2386355
70.75,918.0,3.7499990000000003
70.83333333333333,904.0,3.693180833333334
71.0,909.0,3.693180833333334
71.0,907.0,4.034089833333334
71.08333333333333,922.0,4.034089833333334
71.16666666666667,937.0,3.4659081666666665
71.25,928.0,3.4659081666666665
71.25,918.0,1.8749995000000002
71.25,907.0,1.8749995000000002
71.25,909.0,1.8749995000000002
71.33333333333333,910.0,0.8522725
71.5,924.0,3.1249991666666666
71.58333333333333,894.0,3.636362666666667
71.66666666666667,894.0,2.7840901666666666
71.75,877.0,4.034089833333334
71.83333333333333,888.0,3.2386355
71.91666666666667,890.0,3.40909
71.91666666666667,869.0,3.40909
72.0,856.0,3.40909
72.08333333333333,858.0,3.806817166666667
72.25,868.0,3.7499990000000003
72.25,900.0,3.2386355
72.33333333333333,902.0,3.2386355
72.41666666666667,890.0,1.5909086666666667
72.5,889.0,3.7499990000000003
72.66666666666667,899.0,3.636362666666667
72.66666666666667,894.0,3.40909
72.66666666666667,879.0,3.40909
72.75,863.0,1.1363633333333334
72.83333333333333,845.0,3.522726333333334
72.91666666666667,849.0,2.8977265
73.0,852.0,2.8977265
73.08333333333333,856.0,3.1818173333333335
73.16666666666667,852.0,3.693180833333334
73.25,854.0,3.636362666666667
73.25,858.0,3.636362666666667
73.33333333333333,871.0,3.636362666666667
73.41666666666667,886.0,3.2954536666666665
73.41666666666667,882.0,3.2954536666666665
73.58333333333333,886.0,3.2954536666666665
73.66666666666667,925.0,3.522726333333334
73.75,968.0,2.8977265
73.83333333333333,968.0,3.8636353333333338
73.83333333333333,962.0,3.8636353333333338
73.91666666666667,994.0,3.8636353333333338
74.0,1005.0,1.1363633333333334
74.08333333333333,1018.0,3.352271833333334
74.08333333333333,979.0,3.40909
74.16666666666667,945.0,1.704545
74.25,973.0,3.2954536666666665
74.41666666666667,992.0,3.2954536666666665
74.5,975.0,3.7499990000000003
74.58333333333333,970.0,3.806817166666667
74.66666666666667,980.0,3.352271833333334
74.83333333333333,978.0,3.352271833333334
74.91666666666667,960.0,3.1249991666666666
75.0,960.0,3.40909
75.08333333333333,958.0,3.2386355
75.16666666666667,957.0,3.2386355
75.33333333333333,963.0,3.4659081666666665
75.33333333333333,989.0,3.522726333333334
75.33333333333333,1049.0,3.522726333333334
75.41666666666667,1031.0,1.1363633333333334
75.5,995.0,3.068181
75.66666666666667,991.0,3.4659081666666665
75.75,1038.0,3.7499990000000003
75.83333333333333,1063.0,3.1249991666666666
75.91666666666667,1051.0,3.522726333333334
76.0,1047.0,3.068181
76.16666666666667,1064.0,3.4659081666666665
76.25,1049.0,3.5795445000000004
76.33333333333333,1050.0,3.7499990000000003
76.41666666666667,1084.0,3.5795445000000004
76.5,1108.0,2.8977265
76.66666666666667,1074.0,2.8977265
76.75,1044.0,3.1818173333333335
76.83333333333333,1055.0,3.2386355
76.83333333333333,1097.0,4.034089833333334
76.91666666666667,1112.0,1.5909086666666667
77.0,1102.0,3.352271833333334
77.0,1102.0,3.352271833333334
77.0,1113.0,3.352271833333334
77.08333333333333,1110.0,3.352271833333334
77.16666666666667,1114.0,3.40909
77.25,1127.0,3.806817166666667
77.33333333333333,1123.0,3.806817166666667
77.41666666666667,1115.0,1.6477268333333333
77.5,1104.0,3.9772716666666668
77.58333333333333,1100.0,3.0113628333333335
77.75,1092.0,3.0113628333333335
77.83333333333333,1072.0,3.4659081666666665
77.91666666666667,1052.0,3.806817166666667
78.0,1056.0,4.261362500000001
78.16666666666667,1051.0,4.261362500000001
78.25,1052.0,4.318180666666667
78.33333333333333,1032.0,3.40909
78.41666666666667,1021.0,3.1249991666666666
78.41666666666667,1027.0,3.0113628333333335
78.41666666666667,1040.0,3.0113628333333335
78.58333333333333,1040.0,3.0113628333333335
78.66666666666667,1040.0,3.068181
78.75,1025.0,3.9204535000000003
78.83333333333333,1047.0,3.1249991666666666
79.0,1062.0,3.693180833333334
79.08333333333333,1045.0,4.261362500000001
79.16666666666667,1030.0,2.727272
79.25,1061.0,3.636362666666667
79.33333333333333,1052.0,3.40909
79.5,1035.0,3.40909
79.58333333333333,1033.0,3.636362666666667
79.58333333333333,1031.0,3.806817166666667
79.66666666666667,1019.0,1.8749995000000002
79.66666666666667,1025.0,1.8749995000000002
79.75,1020.0,1.5340905
79.91666666666667,1006.0,3.0113628333333335
80.0,999.0,3.8636353333333338
80.08333333333333,978.0,3.2386355
80.08333333333333,972.0,3.2386355
80.08333333333333,984.0,3.2386355
80.16666666666667,971.0,3.2386355
80.25,977.0,0.8522725
80.25,1003.0,3.2954536666666665
80.33333333333333,1009.0,1.761363166666667
80.5,1008.0,3.40909
80.58333333333333,1043.0,3.4659081666666665
80.66666666666667,1052.0,3.8636353333333338
80.75,1008.0,3.40909
80.91666666666667,977.0,3.40909
81.0,1034.0,4.147726166666667
81.08333333333333,1060.0,3.40909
81.16666666666667,1132.0,4.204544333333334
81.25,1110.0,3.2954536666666665
81.25,941.0,3.2954536666666665
81.41666666666667,1007.0,3.2954536666666665
81.41666666666667,1087.0,3.2954536666666665
81.41666666666667,1078.0,3.2954536666666665
81.41666666666667,1049.0,3.2954536666666665
81.5,1041.0,0.8522725
81.66666666666667,1045.0,3.2954536666666665
81.75,1061.0,3.5795445000000004
81.83333333333333,1076.0,3.352271833333334
81.91666666666667,1076.0,4.204544333333334
82.0,1069.0,3.068181
82.16666666666667,1102.0,3.4659081666666665
82.25,1139.0,3.4659081666666665
82.25,1136.0,4.261362500000001
82.33333333333333,1110.0,4.261362500000001
82.41666666666667,1147.0,3.5795445000000004
82.5,1180.0,3.5795445000000004
82.58333333333333,1182.0,1.9886358333333334
82.58333333333333,1160.0,3.2386355
82.58333333333333,1128.0,3.2386355
82.66666666666667,1158.0,1.0795451666666667
82.75,1174.0,3.40909
82.83333333333333,1153.0,3.40909
82.83333333333333,1129.0,1.704545
82.83333333333333,1169.0,1.704545
83.0,1170.0,1.704545
83.0,1131.0,3.2954536666666665
83.08333333333333,1107.0,3.2954536666666665
83.16666666666667,1142.0,3.636362666666667
83.25,1142.0,3.352271833333334
83.41666666666667,1136.0,3.352271833333334
83.41666666666667,1150.0,3.636362666666667
83.41666666666667,1159.0,3.636362666666667
83.5,1157.0,3.636362666666667
83.58333333333333,1168.0,4.147726166666667
83.75,1179.0,4.147726166666667
83.83333333333333,1184.0,3.5795445000000004
83.91666666666667,1173.0,3.352271833333334
84.0,1160.0,3.2954536666666665
84.08333333333333,1148.0,2.8977265
84.08333333333333,1150.0,2.8977265
84.08333333333333,1203.0,2.8977265
84.08333333333333,1298.0,2.8977265
84.16666666666667,1380.0,0.681818
84.16666666666667,1385.0,0.681818
84.16666666666667,1301.0,0.681818
84.33333333333333,1381.0,1.0795451666666667
84.41666666666667,1383.0,3.522726333333334
84.5,1370.0,3.5795445000000004
84.58333333333333,1303.0,3.5795445000000004
84.66666666666667,1432.0,3.2386355
84.75,1494.0,2.8977265
84.91666666666667,1494.0,3.4659081666666665
85.0,1403.0,3.9772716666666668
85.08333333333333,1279.0,2.8409083333333336
85.16666666666667,1333.0,3.522726333333334
85.16666666666667,1383.0,2.8977265
85.33333333333333,1325.0,2.8977265
85.33333333333333,1247.0,3.2954536666666665
85.33333333333333,1269.0,3.2954536666666665
85.41666666666667,1309.0,3.2954536666666665
85.41666666666667,1295.0,1.0795451666666667
85.5,1296.0,1.6477268333333333
85.58333333333333,1304.0,3.636362666666667
85.58333333333333,1351.0,3.636362666666667
85.66666666666667,1342.0,3.636362666666667
85.75,1333.0,1.0795451666666667
85.83333333333333,1352.0,3.40909
85.91666666666667,1397.0,3.352271833333334
86.0,1409.0,3.352271833333334
86.08333333333333,1411.0,1.6477268333333333
86.16666666666667,1418.0,3.352271833333334
86.25,1419.0,3.2386355
86.33333333333333,1412.0,3.522726333333334
86.41666666666667,1389.0,3.40909
86.41666666666667,1383.0,3.40909
86.41666666666667,1384.0,3.40909
86.41666666666667,1442.0,3.40909
86.41666666666667,1433.0,3.40909
86.41666666666667,1432.0,3.40909
86.5,1432.0,0.45454533333333336
86.5,1458.0,0.45454533333333336
86.58333333333333,1512.0,0.45454533333333336
86.66666666666667,1542.0,1.0795451666666667
86.75,1539.0,2.8409083333333336
86.83333333333333,1591.0,3.40909
86.83333333333333,1698.0,3.7499990000000003
86.91666666666667,1667.0,1.4772723333333333
87.0,1640.0,1.4772723333333333
87.08333333333333,1646.0,3.806817166666667
87.08333333333333,1655.0,3.806817166666667
87.16666666666667,1634.0,1.5909086666666667
87.25,1628.0,1.5909086666666667
87.33333333333333,1662.0,1.4772723333333333
87.41666666666667,1701.0,3.1249991666666666
87.5,1701.0,3.2386355
87.58333333333333,1698.0,3.7499990000000003
87.58333333333333,1699.0,3.7499990000000003
87.66666666666667,1703.0,1.5340905
87.75,1692.0,3.1818173333333335
87.75,1666.0,3.1818173333333335
87.83333333333333,1669.0,1.4772723333333333
87.83333333333333,1670.0,1.4772723333333333
87.91666666666667,1676.0,1.4772723333333333
88.0,1681.0,1.0227270000000002
88.08333333333333,1636.0,3.352271833333334
88.16666666666667,1616.0,3.4659081666666665
88.25,1633.0,3.1818173333333335
88.33333333333333,1646.0,3.1818173333333335
88.33333333333333,1596.0,3.1818173333333335
88.41666666666667,1577.0,3.1818173333333335
88.41666666666667,1580.0,1.0795451666666667
88.5,1593.0,1.0795451666666667
88.58333333333333,1607.0,1.4204541666666668
88.66666666666667,1598.0,3.1249991666666666
88.75,1609.0,3.2954536666666665
88.83333333333333,1632.0,3.068181
88.91666666666667,1627.0,2.8977265
89.0,1612.0,3.0113628333333335
89.16666666666667,1632.0,3.0113628333333335
89.16666666666667,1635.0,3.0113628333333335
89.25,1617.0,3.0113628333333335
89.25,1585.0,1.5909086666666667
89.33333333333333,1580.0,1.8749995000000002
89.41666666666667,1589.0,2.670453833333333
89.58333333333333,1576.0,2.670453833333333
89.66666666666667,1531.0,3.2386355
89.75,1534.0,3.068181
89.83333333333333,1564.0,3.1818173333333335
89.91666666666667,1565.0,3.9204535000000003
90.0,1544.0,3.068181
90.08333333333333,1524.0,2.8409083333333336
90.25,1523.0,2.8409083333333336
90.33333333333333,1516.0,3.4659081666666665
90.41666666666667,1521.0,2.8409083333333336
90.41666666666667,1509.0,3.4659081666666665
90.41666666666667,1500.0,3.4659081666666665
90.41666666666667,1500.0,3.4659081666666665
90.5,1474.0,0.8522725
90.66666666666667,1456.0,3.2386355
90.75,1432.0,3.2386355
90.83333333333333,1412.0,3.1249991666666666
90.91666666666667,1424.0,3.4659081666666665
91.0,1412.0,4.090908000000001
91.08333333333333,1366.0,3.2386355
91.25,1375.0,3.2386355
91.33333333333333,1378.0,3.2954536666666665
91.41666666666667,1378.0,3.4659081666666665
91.5,1321.0,3.40909
91.66666666666667,1319.0,3.40909
91.75,1301.0,3.4659081666666665
91.83333333333333,1268.0,3.1818173333333335
91.83333333333333,1245.0,3.1818173333333335
91.83333333333333,1193.0,3.1818173333333335
92.0,1143.0,3.1818173333333335
92.0,1131.0,3.352271833333334
92.08333333333333,1157.0,3.352271833333334
92.16666666666667,1173.0,3.352271833333334
92.25,1142.0,3.522726333333334
92.33333333333333,1147.0,3.0113628333333335
92.41666666666667,1205.0,3.0113628333333335
92.5,1205.0,1.704545
92.58333333333333,1237.0,3.806817166666667
92.66666666666667,1201.0,3.4659081666666665
92.83333333333333,1242.0,3.4659081666666665
92.91666666666667,1284.0,3.352271833333334
93.0,1277.0,3.2954536666666665
93.08333333333333,1275.0,3.8636353333333338
93.16666666666667,1238.0,3.4659081666666665
93.33333333333333,1167.0,3.4659081666666665
93.41666666666667,1138.0,3.9772716666666668
93.5,1212.0,3.40909
93.58333333333333,1209.0,3.40909
93.66666666666667,1186.0,3.40909
93.83333333333333,1166.0,3.40909
93.91666666666667,1159.0,3.40909
94.0,1131.0,3.4659081666666665
94.08333333333333,1107.0,3.352271833333334
94.25,1138.0,3.352271833333334
94.33333333333333,1175.0,3.5795445000000004
94.41666666666667,1175.0,3.352271833333334
94.5,1123.0,3.4659081666666665
94.58333333333333,1087.0,3.4659081666666665
94.75,1104.0,3.40909
94.83333333333333,1139.0,3.2386355
94.91666666666667,1113.0,3.7499990000000003
95.0,1102.0,3.636362666666667
95.16666666666667,1126.0,3.636362666666667
95.25,1120.0,3.8636353333333338
95.33333333333333,1094.0,3.0113628333333335
95.41666666666667,1114.0,3.693180833333334
95.5,1099.0,3.4659081666666665
95.58333333333333,1062.0,3.4659081666666665
95.75,1070.0,3.4659081666666665
95.83333333333333,1115.0,3.4659081666666665
95.91666666666667,1072.0,3.2954536666666665
96.0,1066.0,3.693180833333334
96.16666666666667,1095.0,3.693180833333334
96.25,1088.0,3.5795445000000004
96.33333333333333,1095.0,3.4659081666666665
96.41666666666667,1107.0,3.2954536666666665
96.5,1080.0,3.2954536666666665
96.58333333333333,1057.0,1.8181813333333334
96.58333333333333,1038.0,3.40909
96.66666666666667,1030.0,1.6477268333333333
96.66666666666667,1026.0,1.6477268333333333
96.75,1035.0,1.6477268333333333
96.75,1049.0,1.6477268333333333
96.83333333333333,1028.0,1.6477268333333333
96.91666666666667,995.0,3.352271833333334
97.0,992.0,3.40909
97.08333333333333,999.0,3.693180833333334
97.16666666666667,1018.0,3.693180833333334
97.25,1038.0,1.6477268333333333
97.33333333333333,1056.0,3.352271833333334
97.41666666666667,1064.0,3.4659081666666665
97.58333333333333,1064.0,3.4659081666666665
97.66666666666667,1066.0,3.806817166666667
97.75,1090.0,3.352271833333334
97.83333333333333,1102.0,4.147726166666667
98.0,1097.0,4.147726166666667
98.0,1109.0,3.636362666666667
98.08333333333333,1133.0,1.8181813333333334
98.08333333333333,1133.0,1.8181813333333334
98.08333333333333,1130.0,1.8181813333333334
98.25,1101.0,1.8181813333333334
98.25,1066.0,3.40909
98.25,1089.0,3.40909
98.33333333333333,1122.0,1.1363633333333334
98.41666666666667,1132.0,3.2386355
98.5,1086.0,3.2386355
98.58333333333333,1074.0,1.6477268333333333
98.66666666666667,1073.0,3.8636353333333338
98.75,1116.0,3.2386355
98.83333333333333,1123.0,3.5795445000000004
99.0,1101.0,3.5795445000000004
99.08333333333333,1143.0,4.034089833333334
99.16666666666667,1173.0,3.352271833333334
99.25,1159.0,3.8636353333333338
99.41666666666667,1137.0,3.8636353333333338
99.5,1153.0,3.693180833333334
99.58333333333333,1145.0,2.7840901666666666
99.66666666666667,1137.0,3.9772716666666668
99.75,1144.0,3.1818173333333335
99.83333333333333,1156.0,3.693180833333334
99.91666666666667,1156.0,3.4659081666666665
99.91666666666667,1157.0,3.4659081666666665
99.91666666666667,1159.0,3.4659081666666665
100.0,1185.0,3.4659081666666665
100.08333333333333,1203.0,3.2954536666666665
100.16666666666667,1188.0,3.068181
100.33333333333333,1173.0,3.068181
100.41666666666667,1201.0,3.1249991666666666
100.5,1226.0,3.2954536666666665
100.58333333333333,1224.0,3.693180833333334
100.66666666666667,1220.0,3.1249991666666666
100.83333333333333,1232.0,3.1818173333333335
100.91666666666667,1248.0,4.090908000000001
101.0,1245.0,2.670453833333333
101.08333333333333,1243.0,4.8295441666666665
101.16666666666667,1242.0,2.6136356666666667
101.25,1237.0,3.4659081666666665
101.33333333333333,1227.0,3.4659081666666665
101.41666666666667,1232.0,1.761363166666667
101.41666666666667,1243.0,3.40909
101.41666666666667,1243.0,3.40909
101.41666666666667,1254.0,3.40909
101.5,1235.0,0.7954543333333334
101.58333333333333,1236.0,0.7954543333333334
101.66666666666667,1262.0,1.5909086666666667
101.75,1276.0,3.4659081666666665
101.83333333333333,1258.0,3.352271833333334
102.0,1240.0,3.352271833333334
102.08333333333333,1231.0,3.2954536666666665
102.08333333333333,1245.0,3.636362666666667
102.08333333333333,1257.0,3.636362666666667
102.16666666666667,1244.0,1.1363633333333334
102.25,1236.0,3.1249991666666666
102.33333333333333,1261.0,3.1249991666666666
102.33333333333333,1287.0,1.5909086666666667
102.41666666666667,1269.0,1.5909086666666667
102.5,1287.0,3.7499990000000003
102.5,1322.0,3.7499990000000003
102.5,1327.0,3.7499990000000003
102.58333333333333,1309.0,3.7499990000000003
102.58333333333333,1320.0,0.7954543333333334
102.66666666666667,1336.0,0.7954543333333334
102.75,1342.0,3.4659081666666665
102.75,1328.0,3.4659081666666665
102.83333333333333,1313.0,1.5340905
103.0,1322.0,3.7499990000000003
103.08333333333333,1331.0,3.8636353333333338
103.16666666666667,1311.0,3.352271833333334
103.25,1293.0,3.2954536666666665
103.33333333333333,1315.0,2.5568175
103.5,1312.0,3.806817166666667
103.58333333333333,1283.0,4.147726166666667
103.66666666666667,1302.0,3.4659081666666665
103.75,1323.0,3.806817166666667
103.75,1299.0,3.806817166666667
103.75,1293.0,3.806817166666667
103.75,1321.0,3.806817166666667
103.83333333333333,1328.0,3.806817166666667
103.91666666666667,1339.0,0.6249998333333333
103.91666666666667,1366.0,3.522726333333334
104.0,1363.0,1.704545
104.08333333333333,1321.0,3.2386355
104.25,1322.0,3.2386355
104.33333333333333,1322.0,2.9545446666666666
104.41666666666667,1310.0,3.522726333333334
104.5,1278.0,3.806817166666667
104.58333333333333,1259.0,3.352271833333334
104.58333333333333,1242.0,3.352271833333334
104.66666666666667,1207.0,1.4204541666666668
104.75,1238.0,1.4204541666666668
104.83333333333333,1250.0,3.522726333333334
104.83333333333333,1222.0,3.522726333333334
104.91666666666667,1221.0,1.5340905
105.0,1247.0,3.806817166666667
105.0,1246.0,3.806817166666667
105.08333333333333,1265.0,3.806817166666667
105.16666666666667,1281.0,1.0795451666666667
105.16666666666667,1277.0,3.4659081666666665
105.25,1288.0,1.704545
105.33333333333333,1289.0,3.0113628333333335
105.5,1255.0,3.0113628333333335
105.58333333333333,1275.0,4.034089833333334
105.66666666666667,1315.0,3.9772716666666668
105.75,1313.0,3.522726333333334
105.83333333333333,1274.0,3.352271833333334
105.91666666666667,1281.0,3.352271833333334
106.0,1282.0,1.4772723333333333
106.08333333333333,1275.0,3.693180833333334
106.16666666666667,1286.0,4.090908000000001
106.33333333333333,1299.0,4.090908000000001
106.33333333333333,1304.0,3.522726333333334
106.33333333333333,1308.0,3.522726333333334
106.41666666666667,1301.0,3.522726333333334
106.41666666666667,1265.0,1.1363633333333334
106.41666666666667,1273.0,1.1363633333333334
106.5,1279.0,1.0795451666666667
106.66666666666667,1249.0,3.0113628333333335
106.75,1229.0,3.806817166666667
106.83333333333333,1251.0,2.9545446666666666
106.91666666666667,1234.0,3.522726333333334
107.0,1234.0,3.4659081666666665
107.16666666666667,1214.0,3.636362666666667
107.25,1217.0,3.7499990000000003
107.33333333333333,1221.0,3.2954536666666665
107.33333333333333,1218.0,3.4659081666666665
107.33333333333333,1204.0,3.4659081666666665
107.33333333333333,1204.0,3.4659081666666665
107.5,1214.0,3.4659081666666665
107.58333333333333,1228.0,3.636362666666667
107.58333333333333,1220.0,3.1249991666666666
107.66666666666667,1211.0,1.704545
107.75,1240.0,3.1249991666666666
107.75,1236.0,3.1249991666666666
107.91666666666667,1219.0,3.1249991666666666
108.0,1221.0,3.2954536666666665
108.0,1222.0,3.4659081666666665
108.08333333333333,1221.0,1.704545
108.16666666666667,1222.0,3.2386355
108.25,1234.0,2.9545446666666666
108.41666666666667,1233.0,3.2386355
108.5,1210.0,3.9772716666666668
108.58333333333333,1222.0,3.2954536666666665
108.66666666666667,1235.0,3.636362666666667
108.75,1242.0,2.9545446666666666
108.83333333333333,1234.0,3.636362666666667
109.0,1222.0,3.636362666666667
109.08333333333333,1231.0,3.693180833333334
109.16666666666667,1245.0,3.2386355
109.25,1248.0,3.2954536666666665
109.33333333333333,1261.0,3.2386355
109.33333333333333,1304.0,3.2386355
109.41666666666667,1305.0,1.6477268333333333
109.58333333333333,1275.0,1.6477268333333333
109.66666666666667,1267.0,3.1249991666666666
109.75,1296.0,3.1249991666666666
109.75,1308.0,3.40909
109.83333333333333,1304.0,1.5909086666666667
109.91666666666667,1286.0,3.352271833333334
110.0,1277.0,3.4659081666666665
110.08333333333333,1305.0,2.8409083333333336
110.25,1327.0,3.068181
110.25,1310.0,3.8636353333333338
110.25,1295.0,3.8636353333333338
110.33333333333333,1343.0,3.8636353333333338
110.41666666666667,1357.0,3.4659081666666665
110.5,1343.0,3.352271833333334
110.58333333333333,1356.0,3.4659081666666665
110.58333333333333,1377.0,3.4659081666666665
110.75,1377.0,3.4659081666666665
110.83333333333333,1374.0,3.636362666666667
110.91666666666667,1375.0,2.9545446666666666
110.91666666666667,1381.0,3.2954536666666665
110.91666666666667,1390.0,3.2954536666666665
111.0,1376.0,3.2954536666666665
111.08333333333333,1363.0,3.1249991666666666
111.16666666666667,1366.0,2.9545446666666666
111.16666666666667,1387.0,2.9545446666666666
111.25,1389.0,1.5909086666666667
111.33333333333333,1390.0,2.7840901666666666
111.5,1405.0,2.7840901666666666
111.58333333333333,1427.0,3.2954536666666665
111.58333333333333,1432.0,3.2954536666666665
111.66666666666667,1424.0,3.2954536666666665
111.75,1424.0,1.5909086666666667
111.83333333333333,1424.0,3.1818173333333335
111.91666666666667,1420.0,3.1818173333333335
112.0,1405.0,3.1818173333333335
112.08333333333333,1368.0,3.5795445000000004
112.16666666666667,1342.0,3.4659081666666665
112.33333333333333,1380.0,3.4659081666666665
112.33333333333333,1437.0,3.1818173333333335
112.33333333333333,1437.0,3.1818173333333335
112.33333333333333,1479.0,3.1818173333333335
112.41666666666667,1537.0,3.1818173333333335
112.5,1441.0,0.7954543333333334
112.58333333333333,1403.0,3.0113628333333335
112.66666666666667,1421.0,3.2386355
112.75,1448.0,3.2386355
112.83333333333333,1424.0,2.5568175
112.91666666666667,1427.0,3.1249991666666666
113.0,1425.0,3.1818173333333335
113.08333333333333,1406.0,2.9545446666666666
113.25,1377.0,3.2386355
113.25,1350.0,3.40909
113.33333333333333,1358.0,3.40909
113.41666666666667,1358.0,1.363636
113.5,1394.0,3.7499990000000003
113.58333333333333,1423.0,3.1249991666666666
113.66666666666667,1469.0,2.3295448333333333
113.75,1483.0,3.636362666666667
113.75,1459.0,3.0113628333333335
113.83333333333333,1459.0,1.5340905
113.91666666666667,1440.0,3.0113628333333335
113.91666666666667,1430.0,3.0113628333333335
113.91666666666667,1421.0,3.0113628333333335
114.0,1416.0,0.9659088333333334
114.08333333333333,1393.0,3.1818173333333335
114.08333333333333,1347.0,3.1818173333333335
114.16666666666667,1365.0,1.4772723333333333
114.16666666666667,1385.0,1.4772723333333333
114.33333333333333,1386.0,1.4772723333333333
114.41666666666667,1476.0,3.40909
114.5,1558.0,2.7840901666666666
114.5,1546.0,3.1249991666666666
114.58333333333333,1501.0,3.1249991666666666
114.66666666666667,1500.0,1.3068178333333333
114.75,1529.0,3.2386355
114.83333333333333,1519.0,3.1818173333333335
114.91666666666667,1486.0,2.9545446666666666
115.0,1449.0,2.7840901666666666
115.0,1409.0,3.0113628333333335
115.0,1395.0,3.0113628333333335
115.08333333333333,1397.0,3.0113628333333335
115.16666666666667,1395.0,0.9090906666666667
115.25,1388.0,2.7840901666666666
115.33333333333333,1392.0,3.068181
115.41666666666667,1420.0,2.8409083333333336
115.5,1452.0,2.8977265
115.5,1542.0,2.7840901666666666
115.5,1596.0,2.7840901666666666
115.58333333333333,1585.0,2.7840901666666666
115.66666666666667,1592.0,0.9659088333333334
115.75,1588.0,2.7840901666666666
115.83333333333333,1529.0,3.1818173333333335
115.91666666666667,1489.0,2.3295448333333333
116.0,1452.0,3.40909
116.0,1420.0,2.727272
116.08333333333333,1414.0,2.727272
116.16666666666667,1424.0,1.4204541666666668
116.25,1463.0,2.8977265
116.33333333333333,1541.0,2.4431811666666667
116.41666666666667,1616.0,3.0113628333333335
116.5,1625.0,3.352271833333334
116.5,1583.0,2.727272
116.5,1583.0,2.727272
116.58333333333333,1541.0,2.727272
116.58333333333333,1519.0,0.9659088333333334
116.58333333333333,1518.0,0.9659088333333334
116.66666666666667,1483.0,0.9659088333333334
116.75,1435.0,0.9659088333333334
116.83333333333333,1411.0,2.9545446666666666
116.91666666666667,1421.0,2.3295448333333333
117.0,1439.0,3.636362666666667
117.08333333333333,1444.0,2.7840901666666666
117.16666666666667,1453.0,2.727272
117.25,1481.0,2.670453833333333
117.33333333333333,1551.0,3.4659081666666665
117.41666666666667,1567.0,2.727272
117.5,1599.0,2.3863630000000002
117.5,1616.0,3.2386355
117.58333333333333,1561.0,1.5340905
117.66666666666667,1510.0,3.0113628333333335
117.75,1466.0,2.727272
117.83333333333333,1411.0,2.727272
117.83333333333333,1387.0,2.3863630000000002
117.91666666666667,1372.0,2.3863630000000002
118.0,1371.0,1.363636
118.08333333333333,1457.0,2.8977265
118.08333333333333,1513.0,2.727272
118.16666666666667,1484.0,2.727272
118.25,1530.0,1.4204541666666668
118.25,1626.0,2.6136356666666667
118.33333333333333,1655.0,2.6136356666666667
118.41666666666667,1581.0,1.5340905
118.5,1521.0,3.1249991666666666
118.58333333333333,1524.0,2.4999993333333332
118.66666666666667,1502.0,3.0113628333333335
118.75,1434.0,2.7840901666666666
118.83333333333333,1294.0,2.670453833333333
118.91666666666667,1279.0,2.8409083333333336
119.0,1277.0,2.3295448333333333
119.08333333333333,1336.0,2.8409083333333336
119.08333333333333,1389.0,3.352271833333334
119.08333333333333,1464.0,3.352271833333334
119.16666666666667,1501.0,1.1931815000000001
119.25,1524.0,3.1249991666666666
119.33333333333333,1524.0,2.8977265
119.33333333333333,1613.0,2.8977265
119.41666666666667,1693.0,1.363636
119.41666666666667,1547.0,1.363636
119.41666666666667,1436.0,1.363636
119.41666666666667,1432.0,1.363636
119.5,1379.0,0.681818
119.58333333333333,1268.0,2.670453833333333
119.58333333333333,1243.0,2.670453833333333
119.58333333333333,1243.0,2.670453833333333
119.66666666666667,1358.0,2.670453833333333
119.75,1418.0,0.9090906666666667
119.83333333333333,1481.0,3.806817166666667
119.91666666666667,1601.0,3.806817166666667
120.0,1681.0,2.670453833333333
120.0,1608.0,2.8409083333333336
120.08333333333333,1580.0,2.8409083333333336
120.16666666666667,1591.0,1.3068178333333333
120.25,1569.0,2.8409083333333336
120.33333333333333,1419.0,2.4999993333333332
120.41666666666667,1304.0,3.352271833333334
120.5,1301.0,2.7840901666666666
120.58333333333333,1321.0,2.727272
120.66666666666667,1320.0,2.7840901666666666
120.66666666666667,1462.0,2.670453833333333
120.66666666666667,1557.0,2.670453833333333
120.66666666666667,1597.0,2.670453833333333
120.75,1628.0,0.8522725
120.83333333333333,1698.0,2.9545446666666666
120.91666666666667,1648.0,2.670453833333333
121.0,1587.0,2.8977265
121.08333333333333,1572.0,2.8409083333333336
121.16666666666667,1498.0,2.3295448333333333
121.25,1306.0,3.0113628333333335
121.33333333333333,1273.0,2.5568175
121.41666666666667,1330.0,3.2954536666666665
121.5,1397.0,2.727272
121.58333333333333,1396.0,2.8409083333333336
121.66666666666667,1441.0,2.8409083333333336
121.66666666666667,1559.0,2.4999993333333332
121.75,1662.0,2.4999993333333332
121.83333333333333,1628.0,1.4204541666666668
121.83333333333333,1638.0,2.6136356666666667
121.91666666666667,1638.0,2.6136356666666667
122.0,1686.0,1.4772723333333333
122.08333333333333,1648.0,2.5568175
122.08333333333333,1537.0,2.3863630000000002
122.16666666666667,1457.0,2.3863630000000002
122.16666666666667,1438.0,1.4204541666666668
122.16666666666667,1408.0,1.4204541666666668
122.25,1391.0,1.4204541666666668
122.25,1385.0,0.9090906666666667
122.33333333333333,1373.0,2.5568175
122.33333333333333,1418.0,2.5568175
122.33333333333333,1485.0,2.5568175
122.41666666666667,1538.0,0.9090906666666667
122.5,1626.0,2.727272
122.58333333333333,1655.0,2.3295448333333333
122.66666666666667,1637.0,2.7840901666666666
122.75,1612.0,2.8409083333333336
122.83333333333333,1636.0,3.1249991666666666
122.91666666666667,1583.0,2.727272
123.0,1530.0,2.727272
123.08333333333333,1524.0,2.727272
123.16666666666667,1500.0,2.4431811666666667
123.25,1472.0,2.4431811666666667
123.33333333333333,1429.0,2.9545446666666666
123.41666666666667,1425.0,2.727272
123.41666666666667,1424.0,2.670453833333333
123.5,1481.0,2.670453833333333
123.5,1523.0,1.363636
123.5,1543.0,1.363636
123.5,1556.0,1.363636
123.5,1586.0,1.363636
123.58333333333333,1543.0,0.6249998333333333
123.66666666666667,1490.0,2.4999993333333332
123.75,1459.0,2.8409083333333336
123.83333333333333,1432.0,2.727272
123.83333333333333,1377.0,2.727272
123.83333333333333,1376.0,2.727272
123.91666666666667,1356.0,2.727272
124.0,1313.0,0.9090906666666667
124.08333333333333,1314.0,2.7840901666666666
124.16666666666667,1364.0,2.8409083333333336
124.25,1420.0,2.727272
124.33333333333333,1474.0,2.6136356666666667
124.41666666666667,1474.0,2.5568175
124.41666666666667,1465.0,3.068181
124.41666666666667,1459.0,3.068181
124.5,1472.0,1.2499996666666666
124.58333333333333,1433.0,2.6136356666666667
124.66666666666667,1375.0,2.7840901666666666
124.75,1423.0,2.9545446666666666
124.83333333333333,1478.0,2.6136356666666667
124.83333333333333,1479.0,2.6136356666666667
124.83333333333333,1383.0,2.6136356666666667
124.91666666666667,1271.0,2.6136356666666667
125.0,1305.0,0.8522725
125.0,1359.0,2.670453833333333
125.0,1443.0,2.670453833333333
125.08333333333333,1582.0,2.670453833333333
125.16666666666667,1668.0,0.9090906666666667
125.16666666666667,1646.0,2.4431811666666667
125.25,1583.0,2.4431811666666667
125.33333333333333,1512.0,2.3295448333333333
125.41666666666667,1517.0,3.5795445000000004
125.5,1535.0,2.7840901666666666
125.58333333333333,1526.0,2.5568175
125.66666666666667,1527.0,2.727272
125.75,1411.0,2.727272
125.75,1362.0,1.8749995000000002
125.83333333333333,1387.0,1.8749995000000002
125.91666666666667,1461.0,1.4772723333333333
126.0,1532.0,2.670453833333333
126.0,1623.0,2.727272
126.08333333333333,1652.0,2.102272166666667
126.16666666666667,1596.0,2.3863630000000002
126.25,1538.0,3.2954536666666665
126.33333333333333,1554.0,2.5568175
126.33333333333333,1534.0,2.5568175
126.33333333333333,1520.0,2.5568175
126.33333333333333,1521.0,2.5568175
126.33333333333333,1482.0,2.5568175
126.33333333333333,1473.0,2.5568175
126.41666666666667,1534.0,0.5113635000000001
126.5,1510.0,2.727272
126.58333333333333,1410.0,1.9886358333333334
126.58333333333333,1325.0,1.9886358333333334
126.66666666666667,1325.0,1.4204541666666668
126.75,1361.0,1.4204541666666668
126.83333333333333,1422.0,2.4999993333333332
126.83333333333333,1469.0,2.102272166666667
126.91666666666667,1484.0,2.4431811666666667
127.0,1473.0,2.9545446666666666
127.08333333333333,1455.0,2.4431811666666667
127.16666666666667,1445.0,2.4431811666666667
127.16666666666667,1431.0,2.4431811666666667
127.25,1455.0,2.4431811666666667
127.33333333333333,1487.0,1.2499996666666666
127.33333333333333,1465.0,2.3863630000000002
127.41666666666667,1405.0,2.272726666666667
127.5,1340.0,2.7840901666666666
127.5,1374.0,2.7840901666666666
127.58333333333333,1386.0,2.7840901666666666
127.66666666666667,1388.0,1.1363633333333334
127.66666666666667,1426.0,2.3295448333333333
127.66666666666667,1474.0,2.3295448333333333
127.66666666666667,1500.0,2.3295448333333333
127.75,1476.0,0.8522725
127.83333333333333,1423.0,2.272726666666667
127.91666666666667,1415.0,2.272726666666667
127.91666666666667,1462.0,2.5568175
127.91666666666667,1410.0,2.5568175
128.0,1361.0,1.0795451666666667
128.08333333333334,1498.0,2.4431811666666667
128.16666666666666,1538.0,2.9545446666666666
128.25,1464.0,2.9545446666666666
128.33333333333334,1418.0,2.4431811666666667
128.33333333333334,1512.0,2.6136356666666667
128.33333333333334,1600.0,2.6136356666666667
128.41666666666666,1607.0,2.6136356666666667
128.5,1600.0,0.9659088333333334
128.58333333333334,1615.0,2.3295448333333333
128.66666666666666,1636.0,2.5568175
128.66666666666666,1635.0,2.727272
128.66666666666666,1600.0,2.727272
128.75,1554.0,1.0795451666666667
128.83333333333334,1498.0,1.0795451666666667
128.83333333333334,1532.0,2.3295448333333333
128.83333333333334,1557.0,2.3295448333333333
128.91666666666666,1570.0,1.0795451666666667
128.91666666666666,1570.0,1.0795451666666667
128.91666666666666,1573.0,1.0795451666666667
128.91666666666666,1530.0,1.0795451666666667
129.0,1519.0,0.7386361666666666
129.08333333333334,1517.0,0.7386361666666666
129.08333333333334,1580.0,2.272726666666667
129.08333333333334,1747.0,2.272726666666667
129.08333333333334,1715.0,2.272726666666667
129.16666666666666,1714.0,2.272726666666667
129.16666666666666,1580.0,0.681818
129.25,1527.0,1.8749995000000002
129.33333333333334,1483.0,2.670453833333333
129.41666666666666,1490.0,2.670453833333333
129.41666666666666,1533.0,1.8749995000000002
129.5,1568.0,2.0454540000000003
129.58333333333334,1582.0,2.4999993333333332
129.66666666666666,1586.0,2.4999993333333332
129.66666666666666,1620.0,2.0454540000000003
129.66666666666666,1688.0,2.0454540000000003
129.75,1748.0,2.0454540000000003
129.83333333333334,1721.0,0.9659088333333334
129.83333333333334,1698.0,2.6136356666666667
129.91666666666666,1697.0,1.6477268333333333
130.0,1684.0,1.6477268333333333
130.08333333333334,1539.0,2.0454540000000003
130.08333333333334,1502.0,2.3863630000000002
130.16666666666666,1534.0,2.2159085000000003
130.16666666666666,1530.0,2.2159085000000003
130.16666666666666,1483.0,2.2159085000000003
130.16666666666666,1509.0,2.2159085000000003
130.25,1542.0,2.2159085000000003
130.25,1560.0,0.6249998333333333
130.33333333333334,1584.0,2.102272166666667
130.33333333333334,1559.0,2.102272166666667
130.41666666666666,1569.0,2.102272166666667
130.41666666666666,1623.0,0.9659088333333334
130.41666666666666,1621.0,0.9659088333333334
130.41666666666666,1606.0,0.9659088333333334
130.41666666666666,1607.0,0.9659088333333334
130.5,1595.0,0.681818
130.58333333333334,1574.0,0.681818
130.58333333333334,1587.0,2.102272166666667
130.66666666666666,1602.0,1.6477268333333333
130.75,1602.0,1.6477268333333333
130.83333333333334,1581.0,2.102272166666667
130.83333333333334,1572.0,2.3863630000000002
130.91666666666666,1612.0,1.9886358333333334
131.0,1703.0,1.9886358333333334
131.0,1691.0,1.9318176666666669
131.0,1665.0,1.9318176666666669
131.08333333333334,1632.0,1.9318176666666669
131.16666666666666,1624.0,0.9090906666666667
131.16666666666666,1628.0,2.670453833333333
131.25,1630.0,2.1590903333333333
131.25,1624.0,2.1590903333333333
131.25,1628.0,2.1590903333333333
131.33333333333334,1631.0,0.9659088333333334
131.33333333333334,1606.0,0.9659088333333334
131.33333333333334,1575.0,0.9659088333333334
131.41666666666666,1566.0,0.9659088333333334
131.5,1566.0,2.0454540000000003
131.5,1576.0,2.0454540000000003
131.58333333333334,1603.0,1.761363166666667
131.66666666666666,1624.0,2.102272166666667
131.75,1611.0,2.102272166666667
131.75,1601.0,2.1590903333333333
131.75,1608.0,2.1590903333333333
131.83333333333334,1593.0,2.1590903333333333
131.83333333333334,1553.0,0.9659088333333334
131.91666666666666,1569.0,1.9318176666666669
132.0,1599.0,1.9318176666666669
132.0,1589.0,1.9318176666666669
132.0,1581.0,1.9318176666666669
132.08333333333334,1612.0,1.9318176666666669
132.16666666666666,1591.0,0.9659088333333334
132.16666666666666,1574.0,2.4999993333333332
132.25,1598.0,1.9886358333333334
132.33333333333334,1631.0,1.9886358333333334
132.33333333333334,1634.0,1.6477268333333333
132.33333333333334,1640.0,1.6477268333333333
132.41666666666666,1641.0,1.6477268333333333
132.5,1620.0,1.0795451666666667
132.5,1478.0,2.0454540000000003
132.5,1386.0,2.0454540000000003
132.5,1363.0,2.0454540000000003
132.58333333333334,1363.0,0.9090906666666667
132.66666666666666,1402.0,0.9090906666666667
132.75,1480.0,1.8181813333333334
132.75,1536.0,2.0454540000000003
132.83333333333334,1554.0,2.0454540000000003
132.83333333333334,1535.0,1.5340905
132.91666666666666,1439.0,2.3295448333333333
132.91666666666666,1356.0,2.3295448333333333
132.91666666666666,1357.0,2.3295448333333333
132.91666666666666,1430.0,2.3295448333333333
132.91666666666666,1460.0,2.3295448333333333
132.91666666666666,1424.0,2.3295448333333333
133.0,1413.0,0.45454533333333336
133.0,1362.0,0.45454533333333336
133.0,1321.0,0.45454533333333336
133.0,1430.0,0.45454533333333336
133.0,1573.0,0.45454533333333336
133.08333333333334,1618.0,0.6249998333333333
133.16666666666666,1633.0,0.6249998333333333
133.16666666666666,1672.0,1.9886358333333334
133.16666666666666,1743.0,1.9886358333333334
133.25,1760.0,1.9886358333333334
133.25,1760.0,0.9090906666666667
133.33333333333334,1754.0,0.9090906666666667
133.41666666666666,1743.0,1.5909086666666667
133.41666666666666,1736.0,2.1590903333333333
133.5,1735.0,2.1590903333333333
133.5,1752.0,1.6477268333333333
133.5,1792.0,1.6477268333333333
133.58333333333334,1788.0,1.6477268333333333
133.58333333333334,1750.0,0.9090906666666667
133.66666666666666,1741.0,1.9886358333333334
133.66666666666666,1757.0,1.9886358333333334
133.75,1746.0,1.3068178333333333
133.83333333333334,1754.0,1.3068178333333333
133.83333333333334,1791.0,2.1590903333333333
133.91666666666666,1792.0,2.1590903333333333
133.91666666666666,1757.0,1.5340905
134.0,1720.0,1.4772723333333333
134.0,1728.0,1.4772723333333333
134.08333333333334,1739.0,1.761363166666667
134.16666666666666,1734.0,1.761363166666667
134.16666666666666,1688.0,1.761363166666667
134.16666666666666,1688.0,1.761363166666667
134.16666666666666,1648.0,1.761363166666667
134.25,1597.0,0.7386361666666666
134.25,1611.0,0.7386361666666666
134.25,1671.0,0.7386361666666666
134.25,1683.0,0.7386361666666666
134.33333333333334,1687.0,0.7954543333333334
134.41666666666666,1683.0,0.7954543333333334
134.41666666666666,1682.0,1.6477268333333333
134.41666666666666,1685.0,1.6477268333333333
134.41666666666666,1680.0,1.6477268333333333
134.5,1666.0,1.6477268333333333
134.5,1657.0,0.7386361666666666
134.58333333333334,1720.0,0.7386361666666666
134.58333333333334,1809.0,1.2499996666666666
134.66666666666666,1811.0,2.0454540000000003
134.66666666666666,1799.0,2.0454540000000003
134.75,1867.0,1.4204541666666668
134.75,1826.0,1.4204541666666668
134.83333333333334,1775.0,1.363636
134.83333333333334,1785.0,1.363636
134.91666666666666,1842.0,1.5909086666666667
135.0,1835.0,1.5909086666666667
135.0,1794.0,1.5340905
135.0,1746.0,1.5340905
135.0,1717.0,1.5340905
135.0,1760.0,1.5340905
135.08333333333334,1774.0,0.681818
135.08333333333334,1800.0,0.681818
135.16666666666666,1857.0,1.4204541666666668
135.16666666666666,1940.0,1.4204541666666668
135.16666666666666,1948.0,1.4204541666666668
135.25,1939.0,0.8522725
135.25,1951.0,0.8522725
135.25,1950.0,0.8522725
135.25,1940.0,0.8522725
135.33333333333334,1886.0,0.8522725
135.33333333333334,1771.0,0.681818
135.41666666666666,1753.0,0.681818
135.41666666666666,1739.0,1.3068178333333333
135.41666666666666,1723.0,1.3068178333333333
135.41666666666666,1736.0,1.3068178333333333
135.41666666666666,1753.0,1.3068178333333333
135.41666666666666,1753.0,1.3068178333333333
135.5,1783.0,1.3068178333333333
135.5,1887.0,0.45454533333333336
135.5,1903.0,0.45454533333333336
135.5,1868.0,0.45454533333333336
135.5,1831.0,0.45454533333333336
135.58333333333334,1779.0,0.45454533333333336
135.58333333333334,1773.0,0.6249998333333333
135.66666666666666,1658.0,0.6249998333333333
135.66666666666666,1644.0,1.3068178333333333
135.66666666666666,1739.0,1.3068178333333333
135.75,1821.0,1.1363633333333334
135.75,1818.0,1.1363633333333334
135.75,1813.0,1.1363633333333334
135.75,1819.0,1.1363633333333334
135.83333333333334,1772.0,1.1363633333333334
135.83333333333334,1686.0,0.6249998333333333
135.83333333333334,1591.0,0.6249998333333333
135.91666666666666,1559.0,1.2499996666666666
136.0,1654.0,1.2499996666666666
136.0,1671.0,1.761363166666667
136.0,1672.0,1.761363166666667
136.08333333333334,1657.0,1.761363166666667
136.08333333333334,1689.0,0.9659088333333334
136.16666666666666,1703.0,0.9659088333333334
136.16666666666666,1675.0,1.363636
136.16666666666666,1680.0,1.363636
136.25,1717.0,1.363636
136.25,1742.0,0.9659088333333334
136.25,1756.0,0.9659088333333334
136.25,1795.0,0.9659088333333334
136.25,1803.0,0.9659088333333334
136.33333333333334,1794.0,0.9659088333333334
136.33333333333334,1785.0,0.5113635000000001
136.33333333333334,1763.0,0.5113635000000001
136.41666666666666,1763.0,0.5113635000000001
136.41666666666666,1665.0,1.0227270000000002
136.41666666666666,1642.0,1.0227270000000002
136.5,1650.0,1.0227270000000002
136.5,1635.0,1.0227270000000002
136.5,1655.0,1.0227270000000002
136.58333333333334,1791.0,0.9659088333333334
136.58333333333334,1791.0,0.9659088333333334
136.58333333333334,1828.0,0.9659088333333334
136.66666666666666,1809.0,0.9659088333333334
136.66666666666666,1774.0,0.9659088333333334
136.66666666666666,1764.0,0.9659088333333334
136.75,1798.0,0.9659088333333334
136.75,1797.0,0.9659088333333334
136.83333333333334,1784.0,0.9659088333333334
136.83333333333334,1784.0,1.1363633333333334
136.83333333333334,1786.0,1.1363633333333334
136.91666666666666,1762.0,1.1363633333333334
136.91666666666666,1733.0,0.9659088333333334
136.91666666666666,1734.0,0.9659088333333334
136.91666666666666,1787.0,0.9659088333333334
137.0,1851.0,0.8522725
137.0,1852.0,0.8522725
137.08333333333334,1870.0,0.8522725
137.08333333333334,1911.0,1.0227270000000002
137.08333333333334,1934.0,1.0227270000000002
137.08333333333334,1929.0,1.0227270000000002
137.08333333333334,1933.0,1.0227270000000002
137.08333333333334,1943.0,1.0227270000000002
137.08333333333334,1926.0,1.0227270000000002
137.08333333333334,1908.0,1.0227270000000002
137.08333333333334,1888.0,1.0227270000000002
137.08333333333334,1880.0,1.0227270000000002
137.08333333333334,1938.0,1.0227270000000002
137.08333333333334,2053.0,1.0227270000000002
137.08333333333334,2061.0,1.0227270000000002
137.08333333333334,2059.0,1.0227270000000002
137.08333333333334,2054.0,1.0227270000000002
137.16666666666666,1967.0,0.1704545
137.16666666666666,1885.0,0.1704545
137.25,1866.0,0.1704545
137.25,1865.0,1.0795451666666667
137.25,1861.0,1.0795451666666667
137.33333333333334,1852.0,1.0795451666666667
137.33333333333334,1857.0,0.9659088333333334
137.33333333333334,1875.0,0.9659088333333334
137.41666666666666,1892.0,0.9659088333333334
137.41666666666666,1889.0,0.9659088333333334
137.41666666666666,1876.0,0.9659088333333334
137.5,1858.0,0.9659088333333334
137.5,1858.0,0.9659088333333334
137.58333333333334,1848.0,0.9659088333333334
137.58333333333334,1856.0,1.1931815000000001
137.58333333333334,1875.0,1.1931815000000001
137.66666666666666,1883.0,1.1931815000000001
137.66666666666666,1869.0,1.0227270000000002
137.66666666666666,1837.0,1.0227270000000002
137.66666666666666,1824.0,1.0227270000000002
137.66666666666666,1710.0,1.0227270000000002
137.66666666666666,1600.0,1.0227270000000002
137.75,1599.0,1.0227270000000002
137.75,1760.0,0.5113635000000001
137.75,1741.0,0.5113635000000001
137.83333333333334,1707.0,0.5113635000000001
137.83333333333334,1765.0,0.9090906666666667
137.83333333333334,1798.0,0.9090906666666667
137.91666666666666,1667.0,0.9090906666666667
137.91666666666666,1624.0,1.0227270000000002
137.91666666666666,1637.0,1.0227270000000002
138.0,1641.0,1.0227270000000002
138.0,1608.0,0.8522725
138.0,1608.0,0.8522725
138.08333333333334,1636.0,0.8522725
138.08333333333334,1652.0,1.0227270000000002
138.08333333333334,1619.0,1.0227270000000002
138.08333333333334,1616.0,1.0227270000000002
138.16666666666666,1658.0,0.8522725
138.16666666666666,1770.0,0.8522725
138.25,1702.0,0.8522725
138.25,1570.0,1.0227270000000002
138.25,1588.0,1.0227270000000002
138.25,1621.0,1.0227270000000002
138.25,1539.0,1.0227270000000002
138.33333333333334,1408.0,0.6249998333333333
138.33333333333334,1469.0,0.6249998333333333
138.33333333333334,1469.0,0.6249998333333333
138.33333333333334,1455.0,0.6249998333333333
138.33333333333334,1508.0,0.6249998333333333
138.33333333333334,1639.0,0.6249998333333333
138.33333333333334,1701.0,0.6249998333333333
138.33333333333334,1679.0,0.6249998333333333
138.33333333333334,1658.0,0.6249998333333333
138.33333333333334,1732.0,0.6249998333333333
138.33333333333334,1732.0,0.6249998333333333
138.41666666666666,1702.0,0.28409083333333335
138.41666666666666,1644.0,0.28409083333333335
138.41666666666666,1638.0,0.28409083333333335
138.41666666666666,1624.0,0.28409083333333335
138.5,1585.0,0.681818
138.5,1559.0,0.681818
138.5,1559.0,0.681818
138.5,1605.0,0.681818
138.5,1697.0,0.681818
138.58333333333334,1741.0,0.6249998333333333
138.58333333333334,1766.0,0.6249998333333333
138.58333333333334,1768.0,0.6249998333333333
138.58333333333334,1696.0,0.6249998333333333
138.66666666666666,1634.0,0.7386361666666666
138.66666666666666,1626.0,0.7386361666666666
138.66666666666666,1654.0,0.7386361666666666
138.66666666666666,1678.0,0.7386361666666666
138.75,1685.0,0.681818
138.75,1697.0,0.681818
138.75,1713.0,0.681818
138.75,1709.0,0.681818
138.83333333333334,1691.0,0.681818
138.83333333333334,1679.0,0.681818
138.83333333333334,1642.0,0.681818
138.83333333333334,1605.0,0.681818
138.83333333333334,1608.0,0.681818
138.91666666666666,1630.0,0.6249998333333333
138.91666666666666,1656.0,0.6249998333333333
138.91666666666666,1684.0,0.6249998333333333
138.91666666666666,1711.0,0.6249998333333333
139.0,1712.0,0.6249998333333333
139.0,1729.0,0.6249998333333333
139.0,1731.0,0.6249998333333333
139.0,1715.0,0.6249998333333333
139.0,1709.0,0.6249998333333333
139.08333333333334,1725.0,0.6249998333333333
139.08333333333334,1722.0,0.5681816666666667
139.08333333333334,1699.0,0.5681816666666667
139.08333333333334,1738.0,0.5681816666666667
139.08333333333334,1868.0,0.5681816666666667
139.16666666666666,1892.0,0.5681816666666667
139.16666666666666,1892.0,0.5681816666666667
139.16666666666666,1888.0,0.5681816666666667
139.16666666666666,1945.0,0.5681816666666667
139.16666666666666,2003.0,0.5681816666666667
139.16666666666666,1892.0,0.5681816666666667
139.25,1777.0,0.5681816666666667
139.25,1727.0,0.5113635000000001
139.25,1700.0,0.5113635000000001
139.25,1618.0,0.5113635000000001
139.25,1593.0,0.5113635000000001
139.25,1663.0,0.5113635000000001
139.25,1793.0,0.5113635000000001
139.33333333333334,1839.0,0.3977271666666667
139.33333333333334,1836.0,0.3977271666666667
139.33333333333334,1812.0,0.3977271666666667
139.33333333333334,1725.0,0.3977271666666667
139.33333333333334,1619.0,0.3977271666666667
139.33333333333334,1643.0,0.3977271666666667
139.33333333333334,1666.0,0.3977271666666667
139.41666666666666,1685.0,0.3977271666666667
139.41666666666666,1801.0,0.3977271666666667
139.41666666666666,1830.0,0.3977271666666667
139.41666666666666,1895.0,0.3977271666666667
139.41666666666666,1856.0,0.3977271666666667
139.41666666666666,1819.0,0.3977271666666667
139.41666666666666,1845.0,0.3977271666666667
139.41666666666666,1797.0,0.3977271666666667
139.5,1750.0,0.340909
139.5,1770.0,0.340909
139.5,1728.0,0.340909
139.5,1621.0,0.340909
139.5,1593.0,0.340909
139.5,1637.0,0.340909
139.5,1604.0,0.340909
139.5,1531.0,0.340909
139.5,1530.0,0.340909
139.5,1596.0,0.340909
139.5,1659.0,0.340909
139.5,1728.0,0.340909
139.58333333333334,1818.0,0.22727266666666668
139.58333333333334,1896.0,0.22727266666666668
139.58333333333334,1913.0,0.22727266666666668
139.58333333333334,1855.0,0.22727266666666668
139.58333333333334,1855.0,0.22727266666666668
139.58333333333334,1851.0,0.22727266666666668
139.58333333333334,1851.0,0.22727266666666668
139.58333333333334,1820.0,0.22727266666666668
139.58333333333334,1734.0,0.22727266666666668
139.58333333333334,1693.0,0.22727266666666668
139.58333333333334,1665.0,0.22727266666666668
139.58333333333334,1664.0,0.22727266666666668
139.58333333333334,1622.0,0.22727266666666668
139.58333333333334,1687.0,0.22727266666666668
139.58333333333334,1757.0,0.22727266666666668
139.58333333333334,1791.0,0.22727266666666668
139.58333333333334,1785.0,0.22727266666666668
139.58333333333334,1780.0,0.22727266666666668
139.58333333333334,1794.0,0.22727266666666668
139.58333333333334,1822.0,0.22727266666666668
139.58333333333334,1836.0,0.22727266666666668
139.58333333333334,1741.0,0.22727266666666668
139.58333333333334,1357.0,0.22727266666666668
139.58333333333334,909.0,0.22727266666666668
139.58333333333334,501.0,0.22727266666666668
139.58333333333334,501.0,0.22727266666666668
139.58333333333334,70.0,0.22727266666666668
139.58333333333334,0.0,0.22727266666666668
139.58333333333334,0.0,0.22727266666666668
139.58333333333334,0.0,0.22727266666666668
139.58333333333334,0.0,0.22727266666666668
139.58333333333334,0.0,0.22727266666666668
139.58333333333334,0.0,0.22727266666666668
139.58333333333334,0.0,0.22727266666666668
139.58333333333334,0.0,0.22727266666666668
139.58333333333334,1.0,0.22727266666666668
139.58333333333334,0.0,0.22727266666666668
139.58333333333334,0.0,0.22727266666666668
139.58333333333334,0.0,0.22727266666666668
139.58333333333334,0.0,0.22727266666666668
139.58333333333334,0.0,0.22727266666666668
139.58333333333334,0.0,0.22727266666666668
139.58333333333334,0.0,0.22727266666666668
139.58333333333334,0.0,0.22727266666666668
139.58333333333334,0.0,0.22727266666666668
139.58333333333334,0.0,0.22727266666666668
139.58333333333334,0.0,0.22727266666666668
139.58333333333334,0.0,0.22727266666666668
139.58333333333334,0.0,0.22727266666666668
139.58333333333334,0.0,0.22727266666666668
139.58333333333334,0.0,0.0
139.58333333333334,0.0,0.0
139.58333333333334,0.0,0.0
139.58333333333334,0.0,0.0
139.58333333333334,0.0,0.0
139.58333333333334,0.0,0.0
139.58333333333334,0.0,0.0
139.58333333333334,0.0,0.0
139.58333333333334,0.0,0.0
139.58333333333334,0.0,0.0
139.58333333333334,0.0,0.0
139.58333333333334,0.0,0.0
139.58333333333334,0.0,0.0
139.58333333333334,0.0,0.0
139.58333333333334,0.0,0.0
139.58333333333334,0.0,0.0
139.58333333333334,0.0,0.0
