0.0,0.0,0.0
0.0,0.0,0.0
0.0,0.0,0.0
0.0,0.0,0.0
0.0,0.0,0.0
0.0,0.0,0.0
0.0,0.0,0.0
0.0,0.0,0.0
0.0,0.0,0.0
0.0,0.0,0.0
0.0,0.0,0.0
0.0,0.0,0.0
0.0,0.0,0.0
0.0,0.0,0.0
0.0,0.0,0.0
0.0,0.0,0.0
0.0,0.0,0.0
0.0,0.0,0.0
0.0,0.0,0.0
0.0,0.0,0.0
0.0,0.0,0.0
0.0,0.0,0.0
0.0,0.0,0.0
0.0,0.0,0.0
0.0,0.0,0.0
0.0,0.0,0.0
0.0,0.0,0.0
0.0,0.0,0.0
0.0,0.0,0.0
0.0,0.0,0.0
0.0,0.0,0.0
0.0,0.0,0.0
0.0,0.0,0.0
0.0,0.0,0.0
0.0,0.0,0.0
0.0,0.0,0.0
0.0,0.0,0.0
0.0,0.0,0.0
0.0,0.0,0.0
0.0,0.0,0.0
0.0,0.0,0.0
0.0,0.0,0.0
0.0,0.0,0.0
0.0,0.0,0.0
0.0,0.0,0.0
0.0,0.0,0.0
0.0,0.0,0.0
0.0,0.0,0.0
0.0,0.0,0.0
0.0,0.0,0.0
0.0,0.0,0.0
0.0,0.0,0.0
0.0,0.0,0.0
0.0,0.0,0.0
0.0,0.0,0.0
0.0,0.0,0.0
0.0,0.0,0.0
0.0,0.0,0.0
0.0,0.0,0.0
0.0,0.0,0.0
0.0,0.0,0.0
0.0,0.0,0.0
0.0,0.0,0.0
0.0,0.0,0.0
0.0,0.0,0.0
0.0,0.0,0.0
0.0,0.0,0.0
0.0,0.0,0.0
0.0,0.0,0.0
0.0,0.0,0.0
0.0,0.0,0.0
0.0,0.0,0.0
0.0,0.0,0.0
0.0,0.0,0.0
0.0,0.0,0.0
0.0,0.0,0.0
0.0,0.0,0.0
0.0,0.0,0.0
0.0,0.0,0.0
0.0,0.0,0.0
0.0,0.0,0.0
0.0,0.0,0.0
0.0,0.0,0.0
0.0,0.0,0.0
0.0,0.0,0.0
0.0,0.0,0.0
0.0,0.0,0.0
0.0,0.0,0.0
0.0,0.0,0.0
0.0,0.0,0.0
0.0,0.0,0.0
0.0,0.0,0.0
0.0,0.0,0.0
0.0,0.0,0.0
0.0,0.0,0.0
0.0,0.0,0.0
0.0,0.0,0.0
0.0,0.0,0.0
0.0,0.0,0.0
0.0,0.0,0.0
0.0,0.0,0.0
0.0,0.0,0.0
0.0,0.0,0.0
0.0,0.0,0.0
0.0,0.0,0.0
0.0,0.0,0.0
0.0,0.0,0.0
0.0,0.0,0.0
0.0,0.0,0.0
0.0,0.0,0.0
0.0,0.0,0.0
0.0,0.0,0.0
0.0,0.0,0.0
0.0,0.0,0.0
0.0,0.0,0.0
0.0,0.0,0.0
0.0,0.0,0.0
0.0,0.0,0.0
0.0,0.0,0.0
0.0,0.0,0.0
0.0,0.0,0.0
0.0,0.0,0.0
0.0,0.0,0.0
0.0,0.0,0.0
0.0,0.0,0.0
0.0,0.0,0.0
0.0,0.0,0.0
0.0,0.0,0.0
0.0,0.0,0.0
0.0,0.0,0.0
0.0,0.0,0.0
0.0,0.0,0.0
0.0,0.0,0.0
0.0,0.0,0.0
0.0,0.0,0.0
0.0,0.0,0.0
0.0,0.0,0.0
0.0,0.0,0.0
0.0,0.0,0.0
0.0,0.0,0.0
0.0,0.0,0.0
0.0,0.0,0.0
0.0,0.0,0.0
0.0,0.0,0.0
0.0,0.0,0.0
0.0,0.0,0.0
0.0,0.0,0.0
0.0,0.0,0.0
0.0,0.0,0.0
0.0,0.0,0.0
0.0,0.0,0.0
0.0,0.0,0.0
0.0,0.0,0.0
0.0,0.0,0.0
0.0,0.0,0.0
0.0,0.0,0.0
0.0,0.0,0.0
0.0,0.0,0.0
0.0,0.0,0.0
0.0,0.0,0.0
0.0,0.0,0.0
0.0,0.0,0.0
0.0,0.0,0.0
0.0,0.0,0.0
0.0,0.0,0.0
0.0,0.0,0.0
0.0,0.0,0.0
0.0,0.0,0.0
0.0,0.0,0.0
0.0,0.0,0.0
0.0,0.0,0.0
0.0,0.0,0.0
0.0,0.0,0.0
0.0,0.0,0.0
0.0,0.0,0.0
0.0,0.0,0.0
0.0,0.0,0.0
0.0,0.0,0.0
0.0,0.0,0.0
0.0,0.0,0.0
0.0,0.0,0.0
0.0,0.0,0.0
0.0,0.0,0.0
0.0,0.0,0.0
0.0,0.0,0.0
0.0,0.0,0.0
0.0,0.0,0.0
0.0,0.0,0.0
0.0,0.0,0.0
0.0,0.0,0.0
0.0,0.0,0.0
0.0,0.0,0.0
0.0,0.0,0.0
0.0,0.0,0.0
0.0,0.0,0.0
0.0,0.0,0.0
0.0,0.0,0.0
0.0,0.0,0.0
0.0,0.0,0.0
0.0,0.0,0.0
0.0,0.0,0.0
0.0,0.0,0.0
0.0,0.0,0.0
0.0,0.0,0.0
0.0,0.0,0.0
0.0,0.0,0.0
0.0,0.0,0.0
0.0,0.0,0.0
0.0,0.0,0.0
0.0,0.0,0.0
0.0,0.0,0.0
0.0,0.0,0.0
0.0,0.0,0.0
0.0,0.0,0.0
0.0,0.0,0.0
0.0,0.0,0.0
0.0,0.0,0.0
0.0,0.0,0.0
0.0,0.0,0.0
0.0,0.0,0.0
0.0,0.0,0.0
0.0,0.0,0.0
0.0,0.0,0.0
0.0,0.0,0.0
0.0,0.0,0.0
0.0,0.0,0.0
0.0,0.0,0.0
0.0,0.0,0.0
0.0,0.0,0.0
0.0,0.0,0.0
0.0,0.0,0.0
0.0,0.0,0.0
0.0,0.0,0.0
0.0,0.0,0.0
0.0,0.0,0.0
0.0,0.0,0.0
0.0,0.0,0.0
0.0,0.0,0.0
0.0,0.0,0.0
0.0,0.0,0.0
0.0,0.0,0.0
0.0,0.0,0.0
0.0,0.0,0.0
0.0,0.0,0.0
0.0,0.0,0.0
0.0,0.0,0.0
0.0,0.0,0.0
0.0,0.0,0.0
0.0,0.0,0.0
0.0,0.0,0.0
0.0,0.0,0.0
0.0,0.0,0.0
0.0,0.0,0.0
0.0,0.0,0.0
0.0,0.0,0.0
0.0,0.0,0.0
0.0,0.0,0.0
0.0,0.0,0.0
0.0,0.0,0.0
0.0,4.0,0.0
0.0,58.0,0.0
0.0,169.0,0.0
0.0,268.0,0.0
0.0,336.0,0.0
0.0,372.0,0.0
0.0,375.0,0.0
0.0,345.0,0.0
0.0,340.0,0.0
0.0,365.0,0.0
0.0,401.0,0.0
0.0,474.0,0.0
0.0,474.0,0.0
0.0,524.0,0.0
0.0,588.0,0.0
0.0,665.0,0.0
0.0,785.0,0.0
0.0,892.0,0.0
0.0,950.0,0.0
0.0,1014.0,0.0
0.0,1050.0,0.0
0.0,1104.0,0.0
0.0,1428.0,0.0
0.0,1739.0,0.0
0.0,2004.0,0.0
0.0,2219.0,0.0
0.0,2233.0,0.0
0.0,2253.0,0.0
0.0,2293.0,0.0
0.0,2307.0,0.0
0.0,2243.0,0.0
0.0,2161.0,0.0
0.0,2092.0,0.0
0.08333333333333333,2043.0,0.0
0.08333333333333333,1861.0,0.0
0.08333333333333333,1844.0,0.0
0.08333333333333333,1802.0,0.0
0.08333333333333333,1806.0,0.0
0.08333333333333333,1854.0,0.0
0.08333333333333333,1897.0,0.0
0.08333333333333333,1913.0,0.0
0.08333333333333333,1955.0,0.0
0.08333333333333333,1979.0,0.0
0.08333333333333333,1884.0,0.0
0.08333333333333333,1822.0,0.0
0.08333333333333333,1793.0,0.0
0.08333333333333333,1765.0,0.0
0.08333333333333333,1723.0,0.0
0.08333333333333333,1721.0,0.0
0.08333333333333333,1720.0,0.0
0.08333333333333333,1766.0,0.0
0.08333333333333333,1807.0,0.0
0.08333333333333333,1824.0,0.0
0.08333333333333333,1812.0,0.0
0.08333333333333333,1798.0,0.0
0.08333333333333333,1798.0,0.0
0.08333333333333333,1781.0,0.0
0.08333333333333333,1739.0,0.0
0.08333333333333333,1756.0,0.0
0.16666666666666666,1815.0,0.0
0.16666666666666666,1899.0,0.0
0.16666666666666666,1952.0,0.0
0.25,1981.0,0.0
0.25,1961.0,1.0795451666666667
0.25,1960.0,1.0795451666666667
0.25,1896.0,1.0795451666666667
0.3333333333333333,1873.0,1.0795451666666667
0.3333333333333333,1884.0,0.681818
0.3333333333333333,1898.0,0.681818
0.4166666666666667,1894.0,1.1931815000000001
0.4166666666666667,1941.0,1.1931815000000001
0.5,2019.0,1.363636
0.5,2037.0,1.363636
0.5833333333333334,2028.0,1.3068178333333333
0.5833333333333334,2015.0,1.3068178333333333
0.6666666666666666,2000.0,1.3068178333333333
0.6666666666666666,1990.0,1.3068178333333333
0.75,1965.0,1.5340905
0.75,1959.0,1.5340905
0.8333333333333334,1840.0,1.5909086666666667
0.9166666666666666,1841.0,1.5909086666666667
0.9166666666666666,1846.0,1.6477268333333333
1.0,1848.0,1.6477268333333333
1.0,1845.0,1.761363166666667
1.0,1814.0,1.761363166666667
1.0833333333333333,1798.0,1.0227270000000002
1.1666666666666667,1797.0,1.0227270000000002
1.1666666666666667,1768.0,1.704545
1.1666666666666667,1714.0,1.704545
1.25,1695.0,1.704545
1.25,1728.0,1.0795451666666667
1.25,1840.0,1.0795451666666667
1.25,1918.0,1.0795451666666667
1.25,1959.0,1.0795451666666667
1.25,1947.0,1.0795451666666667
1.25,1923.0,1.0795451666666667
1.25,1850.0,1.0795451666666667
1.3333333333333333,1850.0,0.340909
1.4166666666666667,1798.0,0.340909
1.4166666666666667,1766.0,2.3295448333333333
1.5,1757.0,2.3295448333333333
1.5,1769.0,1.1931815000000001
1.5833333333333333,1866.0,2.3863630000000002
1.6666666666666667,1976.0,2.5568175
1.75,2092.0,2.670453833333333
1.8333333333333333,2126.0,2.5568175
1.9166666666666667,2152.0,2.5568175
2.0,2130.0,3.806817166666667
2.0833333333333335,2080.0,3.806817166666667
2.1666666666666665,2043.0,3.068181
2.25,1999.0,3.068181
2.3333333333333335,1828.0,2.670453833333333
2.4166666666666665,1744.0,3.1249991666666666
2.5,1728.0,3.1249991666666666
2.5833333333333335,1775.0,3.2954536666666665
2.6666666666666665,1920.0,3.068181
2.75,1913.0,3.1249991666666666
2.8333333333333335,1924.0,3.1818173333333335
2.8333333333333335,2007.0,3.1818173333333335
2.8333333333333335,2057.0,3.1818173333333335
2.9166666666666665,2038.0,3.1818173333333335
3.0,2013.0,0.7954543333333334
3.0833333333333335,2026.0,3.2386355
3.1666666666666665,2045.0,3.8636353333333338
3.3333333333333335,2090.0,3.5795445000000004
3.4166666666666665,2105.0,3.40909
3.5,2125.0,3.636362666666667
3.6666666666666665,2125.0,3.636362666666667
3.75,2011.0,3.5795445000000004
3.8333333333333335,1937.0,3.4659081666666665
3.9166666666666665,1933.0,4.318180666666667
4.083333333333333,1944.0,3.7499990000000003
4.166666666666667,1869.0,3.5795445000000004
4.25,1746.0,3.806817166666667
4.416666666666667,1744.0,3.806817166666667
4.5,1720.0,3.7499990000000003
4.583333333333333,1731.0,4.147726166666667
4.75,1808.0,4.034089833333334
4.75,1852.0,3.8636353333333338
4.916666666666667,1922.0,3.8636353333333338
5.0,1922.0,4.318180666666667
5.166666666666667,1998.0,4.318180666666667
5.25,2069.0,4.7159078333333335
5.333333333333333,2073.0,4.090908000000001
5.416666666666667,1991.0,4.090908000000001
5.5,1881.0,4.090908000000001
5.666666666666667,1773.0,4.318180666666667
5.75,1699.0,4.374998833333334
5.916666666666667,1712.0,4.374998833333334
5.916666666666667,1712.0,4.431817000000001
6.083333333333333,1747.0,4.431817000000001
6.083333333333333,1730.0,4.261362500000001
6.166666666666667,1687.0,4.261362500000001
6.333333333333333,1665.0,4.431817000000001
6.416666666666667,1690.0,4.8295441666666665
6.583333333333333,1725.0,4.261362500000001
6.583333333333333,1717.0,4.8863623333333335
6.75,1710.0,4.8863623333333335
6.833333333333333,1723.0,4.659089666666667
7.0,1726.0,4.318180666666667
7.166666666666667,1702.0,4.318180666666667
7.166666666666667,1713.0,5.170453166666666
7.25,1710.0,2.1590903333333333
7.25,1709.0,2.1590903333333333
7.333333333333333,1610.0,2.1590903333333333
7.333333333333333,1536.0,1.1931815000000001
7.5,1621.0,1.6477268333333333
7.583333333333333,1760.0,4.431817000000001
7.75,1832.0,4.431817000000001
7.916666666666667,1724.0,4.7727260000000005
8.0,1640.0,4.8295441666666665
8.083333333333334,1634.0,4.545453333333334
8.25,1634.0,4.545453333333334
8.25,1549.0,5.340907666666666
8.416666666666666,1625.0,5.340907666666666
8.5,1657.0,5.397725833333334
8.5,1592.0,5.397725833333334
8.583333333333334,1556.0,5.397725833333334
8.666666666666666,1570.0,5.795453
8.833333333333334,1637.0,5.795453
9.0,1621.0,5.795453
9.083333333333334,1625.0,5.738634833333333
9.25,1742.0,5.738634833333333
9.416666666666666,1742.0,4.545453333333334
9.5,1711.0,7.045452666666668
9.583333333333334,1676.0,7.045452666666668
9.75,1695.0,5.852271166666667
9.916666666666666,1654.0,5.852271166666667
10.083333333333334,1615.0,4.9999986666666665
10.083333333333334,1646.0,4.9431805
10.166666666666666,1669.0,4.9431805
10.25,1687.0,5.056816833333333
10.416666666666666,1682.0,5.056816833333333
10.583333333333334,1688.0,5.170453166666666
10.75,1698.0,5.170453166666666
10.833333333333334,1685.0,4.7727260000000005
10.916666666666666,1651.0,4.9431805
11.083333333333334,1695.0,5.056816833333333
11.25,1838.0,5.056816833333333
11.416666666666666,1920.0,5.056816833333333
11.5,1934.0,5.113635
11.5,1892.0,5.113635
11.666666666666666,1871.0,5.113635
11.833333333333334,1863.0,5.340907666666666
12.0,1872.0,5.340907666666666
12.166666666666666,1832.0,5.340907666666666
12.25,1671.0,5.454544
12.416666666666666,1623.0,5.454544
12.583333333333334,1653.0,5.2840895
12.666666666666666,1664.0,5.056816833333333
12.833333333333334,1641.0,5.056816833333333
12.833333333333334,1644.0,7.443179833333334
12.833333333333334,1654.0,7.443179833333334
12.916666666666666,1715.0,1.2499996666666666
13.0,1829.0,1.2499996666666666
13.166666666666666,1828.0,1.5909086666666667
13.25,1772.0,5.056816833333333
13.333333333333334,1698.0,2.6136356666666667
13.5,1676.0,4.9431805
13.583333333333334,1675.0,4.7159078333333335
13.666666666666666,1708.0,2.670453833333333
13.75,1700.0,2.6136356666666667
13.916666666666666,1655.0,2.670453833333333
13.916666666666666,1617.0,5.113635
14.083333333333334,1583.0,5.113635
14.166666666666666,1583.0,4.9999986666666665
14.333333333333334,1566.0,5.511362166666667
14.5,1578.0,5.511362166666667
14.666666666666666,1611.0,5.511362166666667
14.833333333333334,1620.0,5.511362166666667
15.0,1653.0,5.397725833333334
15.0,1720.0,5.397725833333334
15.0,1756.0,5.397725833333334
15.083333333333334,1747.0,5.397725833333334
15.083333333333334,1749.0,0.9090906666666667
15.25,1670.0,1.9318176666666669
15.333333333333334,1544.0,4.9431805
15.333333333333334,1498.0,4.9431805
15.416666666666666,1509.0,1.4204541666666668
15.5,1444.0,2.7840901666666666
15.666666666666666,1396.0,2.8409083333333336
15.833333333333334,1618.0,5.397725833333334
16.0,1724.0,5.397725833333334
16.0,1728.0,5.2840895
16.25,1681.0,5.2840895
16.333333333333332,1623.0,6.193180166666667
16.416666666666668,1626.0,2.727272
16.416666666666668,1612.0,2.8977265
16.5,1612.0,2.8977265
16.666666666666668,1543.0,2.8977265
16.833333333333332,1404.0,5.454544
17.0,1403.0,5.6249985
17.166666666666668,1387.0,5.909089333333333
17.333333333333332,1346.0,5.909089333333333
17.5,1302.0,5.909089333333333
17.666666666666668,1349.0,5.909089333333333
17.833333333333332,1422.0,5.909089333333333
17.833333333333332,1502.0,6.022725666666667
17.833333333333332,1594.0,6.022725666666667
17.833333333333332,1673.0,6.022725666666667
18.0,1608.0,6.022725666666667
18.166666666666668,1491.0,6.022725666666667
18.333333333333332,1492.0,6.590907333333333
18.416666666666668,1379.0,5.852271166666667
18.583333333333332,1301.0,5.852271166666667
18.833333333333332,1201.0,6.420452833333333
18.916666666666668,1141.0,5.568180333333333
18.916666666666668,1223.0,5.568180333333333
19.0,1223.0,5.568180333333333
19.083333333333332,1347.0,1.1931815000000001
19.166666666666668,1404.0,3.2386355
19.25,1466.0,3.068181
19.416666666666668,1531.0,7.045452666666668
19.583333333333332,1470.0,7.045452666666668
19.75,1413.0,6.81818
19.833333333333332,1406.0,7.272725333333334
20.0,1408.0,7.272725333333334
20.083333333333332,1393.0,6.3068165
20.083333333333332,1349.0,6.3068165
20.166666666666668,1250.0,6.3068165
20.333333333333332,1235.0,6.704543666666668
20.5,1356.0,6.704543666666668
20.75,1453.0,6.590907333333333
20.833333333333332,1384.0,5.852271166666667
21.0,1261.0,5.852271166666667
21.083333333333332,1202.0,5.909089333333333
21.333333333333332,1403.0,5.909089333333333
21.416666666666668,1474.0,7.045452666666668
21.416666666666668,1447.0,7.045452666666668
21.416666666666668,1389.0,7.045452666666668
21.5,1316.0,0.9090906666666667
21.666666666666668,1299.0,3.4659081666666665
21.833333333333332,1310.0,5.170453166666666
21.916666666666668,1328.0,7.613634333333334
22.166666666666668,1303.0,6.988634500000001
22.333333333333332,1252.0,6.81818
22.5,1273.0,6.81818
22.5,1321.0,6.249998333333333
22.5,1367.0,6.249998333333333
22.666666666666668,1313.0,6.249998333333333
22.833333333333332,1309.0,6.249998333333333
23.0,1351.0,6.249998333333333
23.25,1420.0,6.6477255
23.416666666666668,1466.0,6.6477255
23.583333333333332,1485.0,6.6477255
23.833333333333332,1477.0,6.6477255
23.916666666666668,1444.0,8.636361333333333
23.916666666666668,1403.0,8.636361333333333
23.916666666666668,1285.0,8.636361333333333
24.083333333333332,1270.0,8.636361333333333
24.25,1276.0,8.636361333333333
24.416666666666668,1276.0,6.81818
24.5,1271.0,5.6249985
24.5,1268.0,2.272726666666667
24.75,1261.0,2.272726666666667
24.916666666666668,1323.0,6.6477255
24.916666666666668,1403.0,6.022725666666667
25.083333333333332,1409.0,6.022725666666667
25.25,1315.0,6.136362
25.333333333333332,1313.0,7.215907166666668
25.583333333333332,1239.0,7.215907166666668
25.75,1165.0,7.215907166666668
25.916666666666668,1202.0,7.215907166666668
26.166666666666668,1269.0,7.215907166666668
26.333333333333332,1310.0,7.159089000000001
26.333333333333332,1305.0,7.499998000000001
26.333333333333332,1234.0,7.499998000000001
26.416666666666668,1229.0,1.0795451666666667
26.666666666666668,1260.0,1.0795451666666667
26.833333333333332,1240.0,6.3068165
27.083333333333332,1148.0,7.159089000000001
27.25,1042.0,6.874998166666668
27.5,1031.0,6.874998166666668
27.666666666666668,1034.0,6.931816333333333
27.75,1053.0,6.3068165
27.75,1059.0,6.3068165
27.75,1047.0,6.3068165
27.916666666666668,1047.0,6.3068165
28.166666666666668,1046.0,7.215907166666668
28.333333333333332,1060.0,6.988634500000001
28.5,1095.0,6.3068165
28.666666666666668,1104.0,6.3068165
28.916666666666668,1098.0,6.3068165
29.083333333333332,1074.0,6.534089166666668
29.166666666666668,1023.0,6.874998166666668
29.333333333333332,1017.0,6.874998166666668
29.5,1005.0,6.874998166666668
29.75,1005.0,6.874998166666668
29.833333333333332,983.0,6.079543833333333
30.083333333333332,1043.0,6.079543833333333
30.25,1061.0,6.079543833333333
30.416666666666668,1033.0,6.3068165
30.666666666666668,947.0,6.874998166666668
30.666666666666668,947.0,7.045452666666668
30.666666666666668,896.0,7.045452666666668
30.75,938.0,1.0795451666666667
31.0,995.0,3.9772716666666668
31.166666666666668,1049.0,6.022725666666667
31.166666666666668,1082.0,6.988634500000001
31.333333333333332,1074.0,6.988634500000001
31.583333333333332,1060.0,6.931816333333333
31.75,1065.0,6.931816333333333
31.916666666666668,1056.0,6.931816333333333
32.0,992.0,6.761361833333333
32.25,926.0,6.761361833333333
32.416666666666664,953.0,6.6477255
32.666666666666664,1027.0,6.6477255
32.833333333333336,984.0,6.761361833333333
33.083333333333336,942.0,6.761361833333333
33.166666666666664,972.0,6.761361833333333
33.166666666666664,1025.0,6.761361833333333
33.25,1049.0,1.3068178333333333
33.25,958.0,1.3068178333333333
33.5,916.0,1.704545
33.666666666666664,906.0,1.704545
33.916666666666664,908.0,1.704545
34.083333333333336,929.0,1.704545
34.166666666666664,966.0,5.170453166666666
34.333333333333336,993.0,5.170453166666666
34.416666666666664,1003.0,3.2386355
34.666666666666664,1080.0,3.4659081666666665
34.666666666666664,1139.0,6.874998166666668
34.833333333333336,1122.0,6.874998166666668
35.0,1047.0,6.704543666666668
35.166666666666664,998.0,7.329543500000001
35.416666666666664,1057.0,7.215907166666668
35.583333333333336,1051.0,7.215907166666668
35.833333333333336,1020.0,7.215907166666668
35.916666666666664,1007.0,6.363634666666667
35.916666666666664,992.0,6.363634666666667
35.916666666666664,965.0,6.363634666666667
36.083333333333336,888.0,6.363634666666667
36.166666666666664,870.0,7.5568161666666676
36.333333333333336,949.0,7.5568161666666676
36.5,993.0,7.8409070000000005
36.583333333333336,958.0,7.8409070000000005
36.75,958.0,7.7272706666666675
36.75,937.0,7.7272706666666675
36.75,933.0,7.7272706666666675
36.833333333333336,937.0,7.7272706666666675
37.0,972.0,7.784088833333334
37.166666666666664,969.0,7.784088833333334
37.333333333333336,935.0,6.420452833333333
37.416666666666664,935.0,3.4659081666666665
37.583333333333336,941.0,3.4659081666666665
37.666666666666664,961.0,7.8977251666666675
37.833333333333336,954.0,7.8977251666666675
37.833333333333336,942.0,6.534089166666668
37.833333333333336,966.0,6.534089166666668
38.0,962.0,6.534089166666668
38.166666666666664,959.0,8.0113615
38.333333333333336,943.0,6.931816333333333
38.416666666666664,908.0,5.568180333333333
38.583333333333336,856.0,5.568180333333333
38.75,849.0,6.534089166666668
38.75,855.0,6.761361833333333
39.0,853.0,6.761361833333333
39.0,882.0,6.022725666666667
39.166666666666664,884.0,6.022725666666667
39.333333333333336,920.0,6.6477255
39.583333333333336,927.0,7.159089000000001
39.75,878.0,7.159089000000001
39.916666666666664,776.0,7.272725333333334
40.083333333333336,713.0,7.272725333333334
40.25,699.0,8.522725000000001
40.25,663.0,7.386361666666668
40.333333333333336,692.0,7.386361666666668
40.583333333333336,713.0,7.386361666666668
40.75,737.0,6.6477255
41.0,767.0,6.6477255
41.083333333333336,801.0,6.420452833333333
41.166666666666664,846.0,3.2386355
41.25,846.0,2.4431811666666667
41.25,873.0,2.4431811666666667
41.333333333333336,939.0,1.363636
41.333333333333336,955.0,1.363636
41.5,938.0,1.704545
41.666666666666664,924.0,3.40909
41.916666666666664,1032.0,6.249998333333333
42.083333333333336,1032.0,6.931816333333333
42.166666666666664,1050.0,6.761361833333333
42.416666666666664,1019.0,6.761361833333333
42.5,934.0,7.272725333333334
42.666666666666664,795.0,7.272725333333334
42.75,652.0,7.272725333333334
42.916666666666664,682.0,7.272725333333334
43.083333333333336,737.0,7.159089000000001
43.166666666666664,737.0,6.534089166666668
43.333333333333336,849.0,3.2954536666666665
43.5,970.0,3.2954536666666665
43.75,1020.0,7.045452666666668
43.75,1022.0,8.409088666666667
43.75,986.0,8.409088666666667
44.0,884.0,6.761361833333333
44.083333333333336,851.0,6.3068165
44.25,872.0,6.3068165
44.416666666666664,911.0,6.3068165
44.583333333333336,883.0,6.3068165
44.75,915.0,6.590907333333333
44.833333333333336,963.0,7.102270833333333
45.083333333333336,1005.0,6.81818
45.25,1021.0,6.81818
45.416666666666664,1091.0,6.81818
45.5,1130.0,3.636362666666667
45.583333333333336,1047.0,3.636362666666667
45.833333333333336,931.0,3.636362666666667
46.0,909.0,6.874998166666668
46.083333333333336,902.0,6.704543666666668
46.166666666666664,901.0,6.249998333333333
46.25,956.0,3.2386355
46.5,1088.0,3.2386355
46.583333333333336,1044.0,6.704543666666668
46.666666666666664,1001.0,6.704543666666668
46.833333333333336,1020.0,6.874998166666668
47.0,1052.0,6.874998166666668
47.25,1046.0,6.874998166666668
47.333333333333336,1027.0,6.249998333333333
47.583333333333336,1023.0,6.249998333333333
47.666666666666664,1027.0,7.5568161666666676
47.75,1048.0,7.5568161666666676
47.833333333333336,1044.0,3.5795445000000004
47.833333333333336,1044.0,3.5795445000000004
48.083333333333336,1033.0,3.5795445000000004
48.25,1034.0,6.079543833333333
48.5,1005.0,6.704543666666668
48.666666666666664,994.0,6.363634666666667
48.75,1026.0,6.022725666666667
49.0,1057.0,6.477271
49.166666666666664,1027.0,6.931816333333333
49.333333333333336,988.0,6.704543666666668
49.5,997.0,6.193180166666667
49.666666666666664,1028.0,6.420452833333333
49.916666666666664,1051.0,6.81818
50.083333333333336,1037.0,6.81818
50.25,1028.0,6.988634500000001
50.333333333333336,1056.0,3.636362666666667
50.416666666666664,1085.0,3.636362666666667
50.5,1076.0,6.363634666666667
50.583333333333336,1039.0,2.1590903333333333
50.583333333333336,1039.0,2.1590903333333333
50.75,1063.0,2.1590903333333333
50.916666666666664,1081.0,6.136362
51.166666666666664,1123.0,6.136362
51.25,1123.0,6.420452833333333
51.416666666666664,1156.0,6.420452833333333
51.5,1144.0,6.761361833333333
51.5,1094.0,6.761361833333333
51.583333333333336,1073.0,6.761361833333333
51.583333333333336,1026.0,1.0795451666666667
51.75,962.0,2.102272166666667
51.916666666666664,938.0,3.352271833333334
52.083333333333336,1059.0,6.477271
52.166666666666664,1124.0,6.079543833333333
52.25,1092.0,6.079543833333333
52.333333333333336,1012.0,1.704545
52.5,1054.0,3.068181
52.5,1129.0,6.534089166666668
52.5,1130.0,6.534089166666668
52.583333333333336,1068.0,6.534089166666668
52.75,1101.0,6.534089166666668
52.833333333333336,1101.0,6.6477255
53.083333333333336,1090.0,6.6477255
53.166666666666664,1078.0,6.022725666666667
53.333333333333336,1052.0,6.022725666666667
53.583333333333336,1052.0,6.704543666666668
53.75,1135.0,6.193180166666667
53.916666666666664,1149.0,6.193180166666667
54.166666666666664,1124.0,6.193180166666667
54.333333333333336,1146.0,6.590907333333333
54.5,1245.0,6.590907333333333
54.75,1233.0,6.761361833333333
54.916666666666664,1197.0,6.534089166666668
55.0,1199.0,5.909089333333333
55.25,1214.0,6.420452833333333
55.333333333333336,1207.0,5.852271166666667
55.416666666666664,1161.0,5.852271166666667
55.666666666666664,1095.0,5.852271166666667
55.75,1080.0,6.590907333333333
55.916666666666664,1148.0,6.590907333333333
56.166666666666664,1206.0,6.6477255
56.333333333333336,1186.0,6.6477255
56.5,1158.0,6.6477255
56.583333333333336,1156.0,3.4659081666666665
56.666666666666664,1193.0,3.4659081666666665
56.75,1231.0,6.761361833333333
56.833333333333336,1250.0,6.761361833333333
56.916666666666664,1259.0,7.386361666666668
57.083333333333336,1203.0,7.386361666666668
57.25,1084.0,6.363634666666667
57.416666666666664,978.0,6.363634666666667
57.666666666666664,978.0,6.363634666666667
57.666666666666664,1139.0,7.215907166666668
57.833333333333336,1162.0,7.215907166666668
57.916666666666664,1119.0,6.534089166666668
57.916666666666664,1075.0,2.272726666666667
58.0,1021.0,2.272726666666667
58.166666666666664,1112.0,2.272726666666667
58.333333333333336,1216.0,6.136362
58.583333333333336,1238.0,6.363634666666667
58.666666666666664,1222.0,7.272725333333334
58.916666666666664,1180.0,7.272725333333334
59.083333333333336,1193.0,6.874998166666668
59.166666666666664,1208.0,6.136362
59.166666666666664,1166.0,6.136362
59.166666666666664,1014.0,6.136362
59.333333333333336,1144.0,6.136362
59.583333333333336,1227.0,6.136362
59.75,1227.0,6.136362
59.833333333333336,1216.0,6.590907333333333
60.0,1116.0,6.590907333333333
60.166666666666664,1040.0,7.215907166666668
60.416666666666664,1107.0,6.931816333333333
60.416666666666664,1160.0,6.136362
60.583333333333336,1232.0,6.136362
60.833333333333336,1322.0,6.136362
60.916666666666664,1096.0,6.81818
61.083333333333336,949.0,6.81818
61.25,1019.0,6.81818
61.416666666666664,1205.0,5.738634833333333
61.583333333333336,1194.0,6.3068165
61.666666666666664,1129.0,6.761361833333333
61.666666666666664,1112.0,6.761361833333333
61.666666666666664,1163.0,6.761361833333333
61.833333333333336,1076.0,6.761361833333333
62.0,1034.0,6.761361833333333
62.166666666666664,1104.0,6.761361833333333
62.416666666666664,1145.0,7.102270833333333
62.5,1082.0,6.249998333333333
62.666666666666664,1066.0,6.249998333333333
62.833333333333336,1101.0,8.636361333333333
62.916666666666664,1131.0,8.636361333333333
63.166666666666664,1082.0,8.636361333333333
63.25,911.0,6.704543666666668
63.416666666666664,963.0,3.4659081666666665
63.583333333333336,1057.0,6.193180166666667
63.833333333333336,1174.0,6.874998166666668
63.916666666666664,1206.0,6.420452833333333
64.08333333333333,1196.0,6.420452833333333
64.33333333333333,1209.0,6.420452833333333
64.33333333333333,1210.0,6.81818
64.41666666666667,1177.0,6.81818
64.66666666666667,1173.0,6.81818
64.83333333333333,1172.0,6.761361833333333
65.08333333333333,1073.0,6.6477255
65.08333333333333,918.0,8.579543166666667
65.33333333333333,963.0,8.579543166666667
65.41666666666667,1107.0,6.420452833333333
65.5,1200.0,3.2954536666666665
65.5,1204.0,3.2954536666666665
65.66666666666667,1204.0,3.2954536666666665
65.83333333333333,1152.0,7.215907166666668
65.91666666666667,1231.0,6.022725666666667
66.0,1337.0,2.3295448333333333
66.25,1365.0,6.079543833333333
66.41666666666667,1275.0,6.079543833333333
66.58333333333333,1184.0,6.079543833333333
66.83333333333333,1155.0,6.363634666666667
66.83333333333333,1155.0,6.761361833333333
67.0,1191.0,6.761361833333333
67.0,1194.0,7.102270833333333
67.16666666666667,1165.0,7.102270833333333
67.41666666666667,1163.0,7.102270833333333
67.58333333333333,1204.0,7.499998000000001
67.83333333333333,1286.0,6.704543666666668
68.0,1268.0,6.6477255
68.16666666666667,1162.0,8.181816000000001
68.16666666666667,1145.0,8.181816000000001
68.33333333333333,1263.0,8.181816000000001
68.33333333333333,1286.0,7.386361666666668
68.41666666666667,1195.0,7.386361666666668
68.58333333333333,1132.0,6.477271
68.75,1129.0,6.477271
69.0,1241.0,6.477271
69.16666666666667,1283.0,6.477271
69.25,1287.0,6.3068165
69.33333333333333,1254.0,3.40909
69.5,1161.0,3.522726333333334
69.5,1085.0,6.931816333333333
69.58333333333333,1172.0,6.931816333333333
69.75,1297.0,6.931816333333333
70.0,1352.0,6.931816333333333
70.16666666666667,1225.0,6.931816333333333
70.25,1103.0,5.6249985
70.25,1096.0,5.6249985
70.41666666666667,1120.0,5.852271166666667
70.58333333333333,1145.0,5.568180333333333
70.75,1248.0,5.568180333333333
70.75,1280.0,3.2954536666666665
70.83333333333333,1229.0,3.2954536666666665
71.0,1123.0,3.693180833333334
71.08333333333333,1114.0,6.590907333333333
71.33333333333333,1206.0,6.590907333333333
71.5,1206.0,7.102270833333333
71.75,1230.0,6.931816333333333
71.83333333333333,1184.0,6.136362
71.91666666666667,1114.0,7.215907166666668
71.91666666666667,1198.0,7.215907166666668
72.0,1315.0,1.3068178333333333
72.25,1331.0,6.6477255
72.41666666666667,1195.0,7.102270833333333
72.66666666666667,1132.0,7.102270833333333
72.75,1210.0,6.988634500000001
72.91666666666667,1283.0,6.988634500000001
73.08333333333333,1244.0,6.988634500000001
73.16666666666667,1050.0,6.931816333333333
73.41666666666667,1179.0,6.931816333333333
73.41666666666667,1302.0,6.420452833333333
73.66666666666667,1271.0,6.420452833333333
73.83333333333333,1092.0,6.420452833333333
73.91666666666667,1069.0,6.3068165
74.0,1094.0,6.3068165
74.16666666666667,1105.0,7.045452666666668
74.33333333333333,1098.0,6.874998166666668
74.41666666666667,1097.0,6.363634666666667
74.41666666666667,1112.0,2.2159085000000003
74.58333333333333,1135.0,2.2159085000000003
74.75,1155.0,2.2159085000000003
75.0,1306.0,6.363634666666667
75.16666666666667,1282.0,6.249998333333333
75.25,1156.0,7.8409070000000005
75.41666666666667,1046.0,7.8409070000000005
75.5,1120.0,7.9545433333333335
75.66666666666667,1309.0,6.136362
75.66666666666667,1297.0,3.693180833333334
75.83333333333333,1207.0,3.693180833333334
75.91666666666667,1137.0,6.931816333333333
76.08333333333333,1156.0,6.931816333333333
76.25,1158.0,6.704543666666668
76.41666666666667,1177.0,6.534089166666668
76.58333333333333,1202.0,6.534089166666668
76.83333333333333,1275.0,6.534089166666668
77.0,1268.0,6.534089166666668
77.16666666666667,1224.0,6.534089166666668
77.41666666666667,1195.0,6.534089166666668
77.58333333333333,1218.0,6.931816333333333
77.75,1218.0,6.761361833333333
77.91666666666667,1327.0,6.761361833333333
78.16666666666667,1392.0,6.761361833333333
78.33333333333333,1322.0,6.761361833333333
78.5,1125.0,6.022725666666667
78.66666666666667,1027.0,6.022725666666667
78.83333333333333,1247.0,6.022725666666667
78.83333333333333,1249.0,6.136362
79.0,1332.0,6.136362
79.16666666666667,1282.0,6.136362
79.41666666666667,1264.0,6.136362
79.5,1248.0,6.6477255
79.66666666666667,1271.0,6.6477255
79.91666666666667,1278.0,6.6477255
80.0,1298.0,6.193180166666667
80.16666666666667,1330.0,6.193180166666667
80.25,1277.0,6.761361833333333
80.33333333333333,1207.0,6.761361833333333
80.5,1125.0,6.761361833333333
80.66666666666667,1105.0,6.704543666666668
80.75,1103.0,7.9545433333333335
80.83333333333333,1105.0,2.272726666666667
81.0,1172.0,3.1249991666666666
81.25,1270.0,3.1249991666666666
81.33333333333333,1264.0,6.81818
81.33333333333333,1239.0,6.81818
81.58333333333333,1235.0,6.81818
81.75,1204.0,6.81818
82.0,1101.0,7.215907166666668
82.16666666666667,1021.0,7.159089000000001
82.25,991.0,6.420452833333333
82.5,1058.0,6.420452833333333
82.66666666666667,1137.0,6.420452833333333
82.75,1143.0,6.363634666666667
82.91666666666667,1131.0,6.363634666666667
82.91666666666667,1129.0,6.079543833333333
83.08333333333333,1166.0,6.079543833333333
83.16666666666667,1197.0,6.81818
83.41666666666667,1197.0,6.81818
83.58333333333333,1169.0,6.704543666666668
83.83333333333333,1153.0,6.761361833333333
84.0,1156.0,6.81818
84.16666666666667,1156.0,6.931816333333333
84.41666666666667,1138.0,6.761361833333333
84.5,1123.0,6.249998333333333
84.58333333333333,1120.0,6.249998333333333
84.83333333333333,1132.0,6.534089166666668
84.91666666666667,1131.0,7.102270833333333
85.0,1118.0,7.102270833333333
85.0,1110.0,1.6477268333333333
85.25,1124.0,2.1590903333333333
85.25,1123.0,6.874998166666668
85.41666666666667,1094.0,6.874998166666668
85.5,1107.0,6.931816333333333
85.58333333333333,1163.0,2.3295448333333333
85.75,1133.0,3.2386355
86.0,1101.0,7.159089000000001
86.16666666666667,1081.0,6.6477255
86.33333333333333,1070.0,6.477271
86.5,1232.0,6.477271
86.66666666666667,1251.0,6.931816333333333
86.83333333333333,1189.0,6.931816333333333
86.83333333333333,1160.0,6.874998166666668
87.0,1142.0,6.874998166666668
87.16666666666667,1148.0,6.874998166666668
87.33333333333333,1178.0,6.874998166666668
87.5,1213.0,7.102270833333333
87.58333333333333,1186.0,6.81818
87.83333333333333,1166.0,7.272725333333334
87.91666666666667,1198.0,7.386361666666668
88.0,1249.0,7.386361666666668
88.0,1317.0,7.386361666666668
88.16666666666667,1194.0,7.386361666666668
88.33333333333333,1167.0,7.272725333333334
88.58333333333333,1208.0,7.272725333333334
88.75,1266.0,6.81818
88.83333333333333,1237.0,6.477271
89.0,1227.0,6.477271
89.16666666666667,1219.0,6.704543666666668
89.16666666666667,1292.0,6.534089166666668
89.16666666666667,1444.0,6.534089166666668
89.16666666666667,1301.0,6.534089166666668
89.33333333333333,1144.0,6.534089166666668
89.5,1115.0,6.590907333333333
89.75,1214.0,6.590907333333333
89.91666666666667,1214.0,6.590907333333333
90.08333333333333,1442.0,6.3068165
90.25,1412.0,6.3068165
90.41666666666667,1286.0,6.3068165
90.5,1165.0,7.272725333333334
90.5,1095.0,7.272725333333334
90.58333333333333,1100.0,7.272725333333334
90.83333333333333,1103.0,6.761361833333333
91.0,1156.0,7.102270833333333
91.16666666666667,1177.0,7.102270833333333
91.16666666666667,1179.0,6.022725666666667
91.33333333333333,1212.0,6.022725666666667
91.41666666666667,1252.0,7.272725333333334
91.58333333333333,1258.0,7.272725333333334
91.66666666666667,1125.0,6.874998166666668
91.75,1126.0,2.2159085000000003
91.91666666666667,1207.0,6.761361833333333
92.16666666666667,1244.0,6.761361833333333
92.25,1251.0,5.909089333333333
92.33333333333333,1292.0,5.909089333333333
92.58333333333333,1302.0,5.909089333333333
92.75,1300.0,6.193180166666667
92.83333333333333,1252.0,6.590907333333333
92.83333333333333,1346.0,3.2386355
92.91666666666667,1350.0,3.2386355
93.08333333333333,1239.0,6.534089166666668
93.25,1127.0,6.534089166666668
93.5,1162.0,6.931816333333333
93.58333333333333,1213.0,6.704543666666668
93.66666666666667,1129.0,3.636362666666667
93.91666666666667,1011.0,3.636362666666667
93.91666666666667,951.0,6.81818
93.91666666666667,1076.0,6.81818
94.0,1168.0,6.81818
94.16666666666667,1286.0,6.81818
94.41666666666667,1286.0,7.045452666666668
94.58333333333333,1122.0,7.045452666666668
94.75,996.0,6.988634500000001
94.83333333333333,985.0,7.613634333333334
95.0,1105.0,7.613634333333334
95.08333333333333,1210.0,6.874998166666668
95.33333333333333,1136.0,6.874998166666668
95.5,1138.0,6.874998166666668
95.66666666666667,1138.0,6.81818
95.75,1206.0,7.499998000000001
95.91666666666667,1288.0,7.499998000000001
96.0,1328.0,6.6477255
96.16666666666667,1280.0,6.6477255
96.33333333333333,1235.0,6.6477255
96.58333333333333,1239.0,6.6477255
96.66666666666667,1251.0,6.761361833333333
96.66666666666667,1245.0,3.1249991666666666
96.75,1170.0,3.1249991666666666
96.91666666666667,1127.0,6.477271
97.08333333333333,1191.0,6.477271
97.33333333333333,1235.0,6.477271
97.41666666666667,1196.0,6.249998333333333
97.5,1183.0,3.2386355
97.66666666666667,1204.0,3.2386355
97.83333333333333,1329.0,3.40909
97.91666666666667,1436.0,6.193180166666667
98.0,1511.0,6.193180166666667
98.25,1484.0,6.193180166666667
98.41666666666667,1352.0,6.193180166666667
98.5,1354.0,6.590907333333333
98.58333333333333,1379.0,6.590907333333333
98.83333333333333,1384.0,6.590907333333333
99.0,1368.0,6.590907333333333
99.08333333333333,1262.0,7.272725333333334
99.33333333333333,1231.0,7.272725333333334
99.33333333333333,1224.0,6.590907333333333
99.5,1254.0,6.590907333333333
99.66666666666667,1441.0,6.590907333333333
99.83333333333333,1513.0,6.193180166666667
100.08333333333333,1383.0,6.193180166666667
100.25,1283.0,6.193180166666667
100.41666666666667,1292.0,6.193180166666667
100.5,1293.0,6.988634500000001
100.66666666666667,1190.0,6.988634500000001
100.83333333333333,1141.0,6.988634500000001
100.83333333333333,1158.0,6.81818
100.91666666666667,1241.0,6.81818
101.16666666666667,1267.0,6.761361833333333
101.33333333333333,1294.0,6.477271
101.5,1299.0,6.420452833333333
101.58333333333333,1299.0,7.159089000000001
101.83333333333333,1341.0,7.159089000000001
102.0,1397.0,6.81818
102.16666666666667,1393.0,6.420452833333333
102.16666666666667,1364.0,6.477271
102.16666666666667,1347.0,6.477271
102.25,1345.0,6.477271
102.41666666666667,1343.0,6.3068165
102.58333333333333,1311.0,6.3068165
102.75,1273.0,6.3068165
102.91666666666667,1240.0,6.193180166666667
102.91666666666667,1331.0,3.1818173333333335
103.08333333333333,1396.0,3.1818173333333335
103.08333333333333,1390.0,7.329543500000001
103.25,1302.0,7.329543500000001
103.33333333333333,1316.0,7.045452666666668
103.41666666666667,1406.0,3.068181
103.5,1440.0,3.1818173333333335
103.66666666666667,1405.0,3.1818173333333335
103.83333333333333,1274.0,6.022725666666667
104.0,1268.0,6.193180166666667
104.16666666666667,1266.0,6.193180166666667
104.33333333333333,1255.0,6.193180166666667
104.33333333333333,1231.0,5.6249985
104.41666666666667,1297.0,1.5340905
104.58333333333333,1344.0,3.2954536666666665
104.75,1372.0,6.136362
104.91666666666667,1417.0,6.136362
105.16666666666667,1457.0,6.136362
105.25,1445.0,5.681816666666667
105.33333333333333,1404.0,5.681816666666667
105.5,1354.0,5.681816666666667
105.75,1372.0,5.9659075
105.75,1382.0,5.9659075
105.75,1364.0,5.9659075
105.75,1363.0,5.9659075
105.83333333333333,1196.0,5.9659075
106.0,1394.0,5.9659075
106.25,1522.0,6.761361833333333
106.33333333333333,1497.0,6.363634666666667
106.5,1383.0,6.363634666666667
106.66666666666667,1367.0,6.363634666666667
106.83333333333333,1437.0,6.136362
106.91666666666667,1437.0,5.6249985
106.91666666666667,1444.0,5.6249985
106.91666666666667,1420.0,5.6249985
107.08333333333333,1378.0,5.6249985
107.33333333333333,1396.0,5.6249985
107.5,1434.0,6.079543833333333
107.66666666666667,1456.0,5.909089333333333
107.83333333333333,1459.0,5.909089333333333
107.91666666666667,1585.0,5.681816666666667
108.0,1521.0,3.352271833333334
108.08333333333333,1329.0,2.8977265
108.16666666666667,1244.0,2.8977265
108.25,1441.0,5.9659075
108.41666666666667,1596.0,5.9659075
108.5,1600.0,8.068179666666667
108.66666666666667,1562.0,8.068179666666667
108.91666666666667,1486.0,8.068179666666667
109.0,1453.0,6.6477255
109.16666666666667,1481.0,6.6477255
109.25,1502.0,5.9659075
109.41666666666667,1519.0,5.9659075
109.5,1474.0,6.3068165
109.5,1432.0,6.3068165
109.66666666666667,1451.0,6.3068165
109.83333333333333,1504.0,6.590907333333333
110.0,1587.0,5.511362166666667
110.16666666666667,1440.0,5.511362166666667
110.33333333333333,1368.0,5.511362166666667
110.5,1418.0,5.795453
110.66666666666667,1488.0,5.795453
110.83333333333333,1495.0,5.795453
111.0,1467.0,5.795453
111.08333333333333,1435.0,6.590907333333333
111.16666666666667,1443.0,3.0113628333333335
111.33333333333333,1510.0,3.2386355
111.5,1598.0,5.397725833333334
111.75,1589.0,5.397725833333334
111.91666666666667,1532.0,6.022725666666667
111.91666666666667,1453.0,5.454544
112.08333333333333,1353.0,5.454544
112.08333333333333,1396.0,7.329543500000001
112.08333333333333,1510.0,7.329543500000001
112.08333333333333,1579.0,7.329543500000001
112.08333333333333,1579.0,7.329543500000001
112.33333333333333,1488.0,7.329543500000001
112.5,1490.0,6.079543833333333
112.66666666666667,1587.0,6.079543833333333
112.75,1660.0,5.795453
112.91666666666667,1652.0,5.9659075
113.08333333333333,1646.0,6.249998333333333
113.16666666666667,1586.0,5.6249985
113.33333333333333,1449.0,5.6249985
113.41666666666667,1404.0,6.079543833333333
113.41666666666667,1536.0,6.079543833333333
113.5,1653.0,1.1931815000000001
113.75,1725.0,6.363634666666667
113.91666666666667,1721.0,6.363634666666667
114.0,1703.0,6.136362
114.16666666666667,1748.0,6.136362
114.33333333333333,1662.0,6.022725666666667
114.5,1491.0,6.022725666666667
114.66666666666667,1406.0,5.852271166666667
114.66666666666667,1509.0,5.511362166666667
114.66666666666667,1511.0,5.511362166666667
114.66666666666667,1456.0,5.511362166666667
114.83333333333333,1423.0,5.511362166666667
115.0,1507.0,5.9659075
115.16666666666667,1619.0,5.9659075
115.25,1696.0,5.511362166666667
115.33333333333333,1740.0,3.068181
115.5,1722.0,3.068181
115.66666666666667,1678.0,5.170453166666666
115.75,1656.0,5.738634833333333
115.83333333333333,1601.0,5.738634833333333
116.0,1519.0,5.681816666666667
116.16666666666667,1478.0,6.136362
116.33333333333333,1533.0,5.852271166666667
116.5,1533.0,5.454544
116.66666666666667,1552.0,5.454544
116.75,1855.0,5.056816833333333
117.0,2032.0,5.056816833333333
117.16666666666667,1991.0,5.6249985
117.33333333333333,1868.0,5.909089333333333
117.41666666666667,1620.0,5.681816666666667
117.41666666666667,1412.0,4.9431805
117.41666666666667,1412.0,4.9431805
117.5,1365.0,1.0795451666666667
117.58333333333333,1365.0,1.0795451666666667
117.66666666666667,1438.0,1.8749995000000002
117.83333333333333,1681.0,2.6136356666666667
118.0,1731.0,4.9999986666666665
118.08333333333333,1774.0,4.8295441666666665
118.08333333333333,1773.0,2.4999993333333332
118.33333333333333,1911.0,2.727272
118.5,2055.0,5.227271333333333
118.58333333333333,2093.0,5.6249985
118.75,2058.0,5.2840895
118.75,2070.0,5.227271333333333
118.91666666666667,2099.0,5.227271333333333
119.08333333333333,1956.0,5.852271166666667
119.25,1731.0,5.852271166666667
119.41666666666667,1516.0,5.397725833333334
119.5,1434.0,5.795453
119.66666666666667,1493.0,5.2840895
119.83333333333333,1511.0,5.2840895
120.0,1528.0,5.2840895
120.08333333333333,1588.0,4.147726166666667
120.25,1756.0,4.147726166666667
120.33333333333333,1853.0,5.227271333333333
120.5,1916.0,5.056816833333333
120.58333333333333,1848.0,4.8863623333333335
120.66666666666667,1629.0,4.8863623333333335
120.75,1623.0,4.7159078333333335
120.91666666666667,1657.0,5.056816833333333
121.08333333333333,1712.0,5.056816833333333
121.16666666666667,1703.0,4.6022715000000005
121.25,1653.0,2.6136356666666667
121.41666666666667,1668.0,4.374998833333334
121.5,1702.0,4.374998833333334
121.58333333333333,1668.0,4.374998833333334
121.66666666666667,1715.0,5.2840895
121.75,1798.0,4.659089666666667
121.75,1763.0,4.659089666666667
121.83333333333333,1765.0,1.2499996666666666
121.91666666666667,2019.0,1.2499996666666666
122.08333333333333,2056.0,4.545453333333334
122.25,1960.0,4.545453333333334
122.33333333333333,1890.0,4.7159078333333335
122.41666666666667,1890.0,5.056816833333333
122.58333333333333,1898.0,5.056816833333333
122.75,1969.0,5.056816833333333
122.75,1999.0,5.056816833333333
122.83333333333333,1944.0,2.272726666666667
122.83333333333333,1898.0,2.272726666666667
122.83333333333333,1759.0,2.272726666666667
122.83333333333333,1572.0,2.272726666666667
122.91666666666667,1563.0,0.681818
123.08333333333333,1632.0,0.681818
123.16666666666667,1689.0,4.090908000000001
123.33333333333333,1742.0,4.431817000000001
123.5,1828.0,4.431817000000001
123.58333333333333,1972.0,4.488635166666667
123.75,2130.0,4.488635166666667
123.91666666666667,2134.0,4.488635166666667
124.0,2057.0,4.545453333333334
124.16666666666667,1934.0,4.261362500000001
124.25,1802.0,4.147726166666667
124.33333333333333,1751.0,4.545453333333334
124.33333333333333,1753.0,4.545453333333334
124.41666666666667,1759.0,4.545453333333334
124.58333333333333,1677.0,4.545453333333334
124.66666666666667,1694.0,4.431817000000001
124.83333333333333,1952.0,4.204544333333334
124.91666666666667,2155.0,3.8636353333333338
125.08333333333333,2243.0,4.545453333333334
125.16666666666667,2176.0,4.659089666666667
125.25,2034.0,4.090908000000001
125.33333333333333,2018.0,2.272726666666667
125.5,2014.0,3.9772716666666668
125.58333333333333,1950.0,4.545453333333334
125.66666666666667,1788.0,4.204544333333334
125.66666666666667,1745.0,4.204544333333334
125.75,1745.0,1.3068178333333333
125.83333333333333,1644.0,1.3068178333333333
125.83333333333333,1635.0,2.102272166666667
125.91666666666667,1700.0,2.102272166666667
126.0,1713.0,4.8863623333333335
126.16666666666667,1726.0,3.9772716666666668
126.25,1755.0,3.9772716666666668
126.41666666666667,1840.0,3.9772716666666668
126.5,1875.0,3.9772716666666668
126.58333333333333,1875.0,4.431817000000001
126.66666666666667,1891.0,4.431817000000001
126.75,1914.0,1.704545
126.83333333333333,2072.0,3.9772716666666668
126.91666666666667,2266.0,3.9772716666666668
126.91666666666667,2283.0,1.761363166666667
126.91666666666667,2284.0,1.761363166666667
127.0,2117.0,1.761363166666667
127.08333333333333,2015.0,0.9659088333333334
127.16666666666667,2122.0,4.261362500000001
127.33333333333333,2086.0,3.9772716666666668
127.41666666666667,1888.0,3.693180833333334
127.41666666666667,1658.0,3.8636353333333338
127.58333333333333,1703.0,3.8636353333333338
127.66666666666667,1810.0,3.9204535000000003
127.75,1887.0,3.7499990000000003
127.91666666666667,1919.0,3.7499990000000003
127.91666666666667,1964.0,3.7499990000000003
128.0,1970.0,3.7499990000000003
128.08333333333334,1953.0,3.5795445000000004
128.25,1953.0,3.5795445000000004
128.33333333333334,2004.0,3.693180833333334
128.41666666666666,2003.0,3.5795445000000004
128.5,1957.0,4.488635166666667
128.5,1918.0,4.488635166666667
128.5,1892.0,4.488635166666667
128.66666666666666,1881.0,4.488635166666667
128.75,1854.0,3.636362666666667
128.83333333333334,1803.0,3.522726333333334
128.91666666666666,1756.0,3.7499990000000003
129.0,1702.0,3.2386355
129.16666666666666,1705.0,3.352271833333334
129.25,1826.0,4.374998833333334
129.33333333333334,2008.0,3.806817166666667
129.5,2110.0,3.806817166666667
129.58333333333334,2206.0,3.522726333333334
129.66666666666666,2286.0,3.352271833333334
129.83333333333334,2333.0,3.352271833333334
129.91666666666666,2252.0,3.352271833333334
129.91666666666666,2071.0,2.9545446666666666
129.91666666666666,1999.0,2.9545446666666666
129.91666666666666,1985.0,2.9545446666666666
129.91666666666666,1985.0,2.9545446666666666
129.91666666666666,2004.0,2.9545446666666666
129.91666666666666,1949.0,2.9545446666666666
130.0,1901.0,2.9545446666666666
130.0,1970.0,0.3977271666666667
130.08333333333334,2049.0,1.761363166666667
130.25,2208.0,1.761363166666667
130.33333333333334,2232.0,3.2954536666666665
130.41666666666666,2252.0,3.2954536666666665
130.5,2202.0,3.1249991666666666
130.58333333333334,2064.0,3.2386355
130.66666666666666,2046.0,3.2954536666666665
130.83333333333334,2160.0,3.2386355
130.91666666666666,2240.0,3.2386355
131.0,2253.0,3.1818173333333335
131.08333333333334,2179.0,3.1818173333333335
131.16666666666666,2230.0,3.1818173333333335
131.25,2299.0,3.1818173333333335
131.33333333333334,2304.0,2.9545446666666666
131.41666666666666,2183.0,3.1818173333333335
131.41666666666666,2093.0,3.1818173333333335
131.41666666666666,1948.0,3.1818173333333335
131.41666666666666,1845.0,3.1818173333333335
131.5,1817.0,0.7386361666666666
131.58333333333334,1954.0,3.1249991666666666
131.66666666666666,1986.0,2.670453833333333
131.75,1925.0,3.0113628333333335
131.83333333333334,1891.0,2.8409083333333336
131.91666666666666,2071.0,2.7840901666666666
132.0,2167.0,2.727272
132.08333333333334,2173.0,2.727272
132.16666666666666,2145.0,2.8409083333333336
132.25,2119.0,2.7840901666666666
132.33333333333334,2088.0,2.8409083333333336
132.41666666666666,2088.0,2.7840901666666666
132.5,1997.0,2.9545446666666666
132.58333333333334,1998.0,2.8977265
132.66666666666666,2066.0,2.8977265
132.75,2007.0,2.670453833333333
132.83333333333334,1896.0,2.8409083333333336
132.91666666666666,1822.0,2.670453833333333
133.0,1911.0,2.7840901666666666
133.08333333333334,2019.0,2.670453833333333
133.16666666666666,2019.0,2.670453833333333
133.25,1947.0,2.6136356666666667
133.33333333333334,1955.0,2.7840901666666666
133.41666666666666,2065.0,2.7840901666666666
133.5,2194.0,2.7840901666666666
133.58333333333334,2145.0,2.727272
133.66666666666666,2145.0,2.670453833333333
133.75,2043.0,2.670453833333333
133.83333333333334,2053.0,2.6136356666666667
133.91666666666666,2040.0,2.4999993333333332
133.91666666666666,2014.0,2.8409083333333336
134.0,1990.0,2.4999993333333332
134.0,2033.0,2.4999993333333332
134.0,2112.0,2.4999993333333332
134.08333333333334,2076.0,0.9090906666666667
134.16666666666666,1998.0,2.3295448333333333
134.25,1929.0,2.3295448333333333
134.33333333333334,1960.0,3.068181
134.41666666666666,1988.0,3.068181
134.5,2011.0,2.4431811666666667
134.58333333333334,2010.0,2.5568175
134.66666666666666,2043.0,2.5568175
134.66666666666666,2085.0,2.5568175
134.75,2125.0,2.5568175
134.83333333333334,2173.0,2.4999993333333332
134.91666666666666,2223.0,2.4431811666666667
135.0,2172.0,2.4999993333333332
135.08333333333334,2067.0,2.4999993333333332
135.16666666666666,2067.0,2.3863630000000002
135.25,2153.0,2.5568175
135.25,2262.0,2.4431811666666667
135.33333333333334,2270.0,2.3295448333333333
135.41666666666666,2269.0,2.4431811666666667
135.5,2321.0,2.6136356666666667
135.58333333333334,2320.0,2.727272
135.58333333333334,2235.0,2.727272
135.58333333333334,2188.0,2.727272
135.58333333333334,2207.0,2.727272
135.66666666666666,2169.0,0.7386361666666666
135.75,1973.0,2.272726666666667
135.83333333333334,1961.0,2.272726666666667
135.83333333333334,2049.0,2.272726666666667
135.91666666666666,2153.0,2.102272166666667
136.0,2153.0,2.3863630000000002
136.08333333333334,2127.0,2.3863630000000002
136.16666666666666,2003.0,2.2159085000000003
136.16666666666666,1956.0,2.102272166666667
136.25,1940.0,2.2159085000000003
136.33333333333334,1899.0,2.1590903333333333
136.41666666666666,1765.0,2.1590903333333333
136.41666666666666,1735.0,2.1590903333333333
136.5,1793.0,2.2159085000000003
136.58333333333334,1881.0,2.102272166666667
136.66666666666666,2067.0,2.102272166666667
136.75,2259.0,2.2159085000000003
136.75,2365.0,2.1590903333333333
136.83333333333334,2396.0,2.1590903333333333
136.91666666666666,2388.0,2.1590903333333333
137.0,2303.0,2.2159085000000003
137.0,2224.0,2.102272166666667
137.08333333333334,2155.0,2.102272166666667
137.16666666666666,2091.0,2.102272166666667
137.16666666666666,2023.0,2.0454540000000003
137.25,2080.0,2.0454540000000003
137.33333333333334,2117.0,2.102272166666667
137.41666666666666,2118.0,2.102272166666667
137.41666666666666,2191.0,2.1590903333333333
137.5,2212.0,2.0454540000000003
137.58333333333334,2191.0,2.102272166666667
137.58333333333334,2218.0,2.102272166666667
137.58333333333334,2238.0,2.102272166666667
137.58333333333334,2325.0,2.102272166666667
137.66666666666666,2305.0,2.102272166666667
137.66666666666666,2274.0,0.6249998333333333
137.66666666666666,2320.0,0.6249998333333333
137.75,2352.0,0.6249998333333333
137.83333333333334,2353.0,1.0227270000000002
137.83333333333334,2330.0,2.102272166666667
137.91666666666666,2310.0,2.102272166666667
138.0,2256.0,2.102272166666667
138.0,2093.0,2.0454540000000003
138.08333333333334,2024.0,1.9886358333333334
138.16666666666666,2032.0,2.102272166666667
138.25,2123.0,2.102272166666667
138.25,2195.0,2.0454540000000003
138.33333333333334,2195.0,1.8749995000000002
138.41666666666666,2193.0,1.8749995000000002
138.41666666666666,2225.0,1.9318176666666669
138.5,2282.0,2.0454540000000003
138.58333333333334,2300.0,2.0454540000000003
138.58333333333334,2223.0,1.9318176666666669
138.66666666666666,2223.0,1.9318176666666669
138.66666666666666,2188.0,1.6477268333333333
138.75,2184.0,1.8181813333333334
138.83333333333334,2192.0,1.8181813333333334
138.83333333333334,2139.0,1.761363166666667
138.91666666666666,2053.0,2.0454540000000003
139.0,2011.0,2.0454540000000003
139.0,2077.0,1.8181813333333334
139.08333333333334,2188.0,1.8749995000000002
139.16666666666666,2245.0,1.8749995000000002
139.16666666666666,2271.0,1.9318176666666669
139.25,2333.0,1.8749995000000002
139.33333333333334,2389.0,1.8749995000000002
139.33333333333334,2429.0,1.8749995000000002
139.41666666666666,2430.0,1.8181813333333334
139.5,2450.0,1.8181813333333334
139.5,2386.0,1.8749995000000002
139.58333333333334,2224.0,1.704545
139.66666666666666,2098.0,1.704545
139.66666666666666,1976.0,1.761363166666667
139.75,1819.0,1.761363166666667
139.75,1722.0,1.704545
139.83333333333334,1696.0,1.761363166666667
139.91666666666666,1739.0,1.761363166666667
139.91666666666666,1844.0,1.704545
140.0,2023.0,1.704545
140.0,2116.0,1.704545
140.08333333333334,2200.0,1.6477268333333333
140.16666666666666,2200.0,1.6477268333333333
140.16666666666666,2207.0,1.704545
140.25,2189.0,1.704545
140.25,2212.0,1.6477268333333333
140.33333333333334,2253.0,1.6477268333333333
140.33333333333334,2224.0,1.6477268333333333
140.41666666666666,2114.0,1.6477268333333333
140.41666666666666,2077.0,1.6477268333333333
140.5,2092.0,1.4204541666666668
140.58333333333334,2092.0,1.4204541666666668
140.58333333333334,2090.0,1.5340905
140.58333333333334,2001.0,1.5340905
140.58333333333334,1971.0,1.5340905
140.66666666666666,1978.0,0.8522725
140.66666666666666,1981.0,0.8522725
140.75,1965.0,1.4204541666666668
140.75,1976.0,1.4204541666666668
140.83333333333334,2025.0,1.4204541666666668
140.83333333333334,2167.0,1.1931815000000001
140.91666666666666,2273.0,1.1931815000000001
140.91666666666666,2311.0,1.363636
141.0,2327.0,1.363636
141.0,2283.0,1.5340905
141.08333333333334,2187.0,1.5340905
141.08333333333334,2018.0,1.4772723333333333
141.08333333333334,1987.0,1.4772723333333333
141.16666666666666,2002.0,1.1363633333333334
141.16666666666666,2014.0,1.1363633333333334
141.25,2013.0,1.3068178333333333
141.25,2082.0,1.3068178333333333
141.33333333333334,2118.0,1.3068178333333333
141.33333333333334,2134.0,1.1931815000000001
141.33333333333334,2147.0,1.1931815000000001
141.33333333333334,2125.0,1.1931815000000001
141.33333333333334,2115.0,1.1931815000000001
141.33333333333334,2106.0,1.1931815000000001
141.33333333333334,2083.0,1.1931815000000001
141.33333333333334,2005.0,1.1931815000000001
141.33333333333334,1977.0,1.1931815000000001
141.33333333333334,1997.0,1.1931815000000001
141.33333333333334,2041.0,1.1931815000000001
141.33333333333334,2111.0,1.1931815000000001
141.33333333333334,2200.0,1.1931815000000001
141.33333333333334,2135.0,1.1931815000000001
141.41666666666666,2079.0,1.1931815000000001
141.41666666666666,2083.0,0.1704545
141.41666666666666,2079.0,0.1704545
141.5,2043.0,1.0795451666666667
141.5,2013.0,1.0795451666666667
141.5,2023.0,1.0795451666666667
141.58333333333334,2078.0,1.0227270000000002
141.58333333333334,2109.0,1.0227270000000002
141.66666666666666,2109.0,1.0227270000000002
141.66666666666666,2156.0,1.1931815000000001
141.66666666666666,2201.0,1.1931815000000001
141.75,2199.0,1.1363633333333334
141.75,2135.0,1.1363633333333334
141.83333333333334,2131.0,1.1363633333333334
141.83333333333334,2064.0,1.1363633333333334
141.83333333333334,2009.0,1.1363633333333334
141.91666666666666,1891.0,1.0227270000000002
141.91666666666666,1868.0,1.0227270000000002
141.91666666666666,1897.0,1.0227270000000002
142.0,1951.0,0.9659088333333334
142.0,2038.0,0.9659088333333334
142.0,2212.0,0.9659088333333334
142.08333333333334,2307.0,0.9090906666666667
142.08333333333334,2320.0,0.9090906666666667
142.08333333333334,2266.0,0.9090906666666667
142.16666666666666,2157.0,0.9659088333333334
142.16666666666666,2104.0,0.9659088333333334
142.16666666666666,2104.0,0.9659088333333334
142.25,2002.0,0.9090906666666667
142.25,1964.0,0.9090906666666667
142.25,1949.0,0.9090906666666667
142.25,1794.0,0.9090906666666667
142.33333333333334,1295.0,0.7954543333333334
142.33333333333334,634.0,0.7954543333333334
142.33333333333334,109.0,0.7954543333333334
142.33333333333334,0.0,0.7954543333333334
142.33333333333334,0.0,0.7954543333333334
142.33333333333334,0.0,0.7954543333333334
142.41666666666666,0.0,0.45454533333333336
142.41666666666666,0.0,0.45454533333333336
142.41666666666666,0.0,0.45454533333333336
142.41666666666666,0.0,0.45454533333333336
142.41666666666666,0.0,0.45454533333333336
142.41666666666666,0.0,0.45454533333333336
142.41666666666666,0.0,0.45454533333333336
142.41666666666666,0.0,0.45454533333333336
142.41666666666666,0.0,0.45454533333333336
142.41666666666666,0.0,0.45454533333333336
142.41666666666666,0.0,0.45454533333333336
142.41666666666666,0.0,0.45454533333333336
142.41666666666666,0.0,0.45454533333333336
142.41666666666666,0.0,0.45454533333333336
142.41666666666666,0.0,0.45454533333333336
142.41666666666666,0.0,0.45454533333333336
142.41666666666666,0.0,0.45454533333333336
142.41666666666666,0.0,0.45454533333333336
142.41666666666666,0.0,0.45454533333333336
142.41666666666666,0.0,0.45454533333333336
142.41666666666666,0.0,0.45454533333333336
142.41666666666666,0.0,0.45454533333333336
142.41666666666666,0.0,0.45454533333333336
142.41666666666666,0.0,0.45454533333333336
142.41666666666666,0.0,0.45454533333333336
142.41666666666666,0.0,0.45454533333333336
142.41666666666666,0.0,0.45454533333333336
142.41666666666666,0.0,0.45454533333333336
142.41666666666666,0.0,0.45454533333333336
142.41666666666666,0.0,0.45454533333333336
142.41666666666666,0.0,0.45454533333333336
142.41666666666666,0.0,0.45454533333333336
142.41666666666666,0.0,0.45454533333333336
142.41666666666666,0.0,0.45454533333333336
142.41666666666666,0.0,0.45454533333333336
142.41666666666666,0.0,0.45454533333333336
142.41666666666666,0.0,0.45454533333333336
142.41666666666666,0.0,0.45454533333333336
142.41666666666666,0.0,0.45454533333333336
142.41666666666666,0.0,0.45454533333333336
142.41666666666666,0.0,0.45454533333333336
142.41666666666666,0.0,0.45454533333333336
142.41666666666666,0.0,0.45454533333333336
142.41666666666666,0.0,0.45454533333333336
142.41666666666666,0.0,0.45454533333333336
142.41666666666666,0.0,0.45454533333333336
142.41666666666666,0.0,0.45454533333333336
142.41666666666666,0.0,0.45454533333333336
142.41666666666666,0.0,0.45454533333333336
142.41666666666666,0.0,0.45454533333333336
142.41666666666666,0.0,0.0
142.41666666666666,0.0,0.0
142.41666666666666,0.0,0.0
142.41666666666666,0.0,0.0
142.41666666666666,0.0,0.0
142.41666666666666,0.0,0.0
142.41666666666666,0.0,0.0
142.41666666666666,0.0,0.0
142.41666666666666,0.0,0.0
142.41666666666666,0.0,0.0
142.41666666666666,0.0,0.0
142.41666666666666,0.0,0.0
142.41666666666666,0.0,0.0
142.41666666666666,0.0,0.0
142.41666666666666,0.0,0.0
142.41666666666666,0.0,0.0
142.41666666666666,0.0,0.0
142.41666666666666,0.0,0.0
142.41666666666666,0.0,0.0
142.41666666666666,0.0,0.0
142.41666666666666,0.0,0.0
142.41666666666666,0.0,0.0
142.41666666666666,0.0,0.0
142.41666666666666,0.0,0.0
142.41666666666666,0.0,0.0
142.41666666666666,0.0,0.0
142.41666666666666,0.0,0.0
142.41666666666666,0.0,0.0
142.41666666666666,0.0,0.0
142.41666666666666,0.0,0.0
142.41666666666666,0.0,0.0
142.41666666666666,0.0,0.0
142.41666666666666,0.0,0.0
142.41666666666666,0.0,0.0
142.41666666666666,0.0,0.0
142.41666666666666,0.0,0.0
142.41666666666666,0.0,0.0
142.41666666666666,0.0,0.0
142.41666666666666,0.0,0.0
142.41666666666666,0.0,0.0
142.41666666666666,0.0,0.0
142.41666666666666,0.0,0.0
142.41666666666666,0.0,0.0
142.41666666666666,0.0,0.0
142.41666666666666,0.0,0.0
142.41666666666666,0.0,0.0
142.41666666666666,0.0,0.0
142.41666666666666,0.0,0.0
142.41666666666666,0.0,0.0
142.41666666666666,0.0,0.0
142.41666666666666,0.0,0.0
142.41666666666666,0.0,0.0
142.41666666666666,0.0,0.0
142.41666666666666,0.0,0.0
142.41666666666666,0.0,0.0
142.41666666666666,0.0,0.0
142.41666666666666,0.0,0.0
142.41666666666666,0.0,0.0
142.41666666666666,0.0,0.0
142.41666666666666,0.0,0.0
142.41666666666666,0.0,0.0
142.41666666666666,0.0,0.0
142.41666666666666,0.0,0.0
142.41666666666666,0.0,0.0
142.41666666666666,0.0,0.0
142.41666666666666,0.0,0.0
142.41666666666666,0.0,0.0
142.41666666666666,0.0,0.0
142.41666666666666,0.0,0.0
142.41666666666666,0.0,0.0
142.41666666666666,0.0,0.0
142.41666666666666,0.0,0.0
142.41666666666666,0.0,0.0
142.41666666666666,0.0,0.0
142.41666666666666,0.0,0.0
142.41666666666666,0.0,0.0
142.41666666666666,0.0,0.0
142.41666666666666,0.0,0.0
142.41666666666666,0.0,0.0
142.41666666666666,0.0,0.0
142.41666666666666,0.0,0.0
142.41666666666666,0.0,0.0
142.41666666666666,0.0,0.0
142.41666666666666,0.0,0.0
142.41666666666666,0.0,0.0
142.41666666666666,0.0,0.0
142.41666666666666,0.0,0.0
142.41666666666666,0.0,0.0
142.41666666666666,0.0,0.0
142.41666666666666,0.0,0.0
142.41666666666666,0.0,0.0
142.41666666666666,0.0,0.0
142.41666666666666,0.0,0.0
142.41666666666666,0.0,0.0
142.41666666666666,0.0,0.0
142.41666666666666,0.0,0.0
142.41666666666666,0.0,0.0
142.41666666666666,0.0,0.0
142.41666666666666,0.0,0.0
142.41666666666666,0.0,0.0
142.41666666666666,0.0,0.0
142.41666666666666,0.0,0.0
142.41666666666666,0.0,0.0
142.41666666666666,0.0,0.0
142.41666666666666,0.0,0.0
142.41666666666666,0.0,0.0
142.41666666666666,0.0,0.0
142.41666666666666,0.0,0.0
142.41666666666666,0.0,0.0
142.41666666666666,0.0,0.0
142.41666666666666,1.0,0.0
142.41666666666666,0.0,0.0
142.41666666666666,0.0,0.0
142.41666666666666,0.0,0.0
142.41666666666666,0.0,0.0
142.41666666666666,0.0,0.0
142.41666666666666,0.0,0.0
142.41666666666666,0.0,0.0
142.41666666666666,0.0,0.0
142.41666666666666,0.0,0.0
142.41666666666666,0.0,0.0
142.41666666666666,0.0,0.0
142.41666666666666,0.0,0.0
142.41666666666666,0.0,0.0
142.41666666666666,0.0,0.0
142.41666666666666,0.0,0.0
142.41666666666666,0.0,0.0
142.41666666666666,0.0,0.0
142.41666666666666,0.0,0.0
142.41666666666666,0.0,0.0
142.41666666666666,0.0,0.0
142.41666666666666,0.0,0.0
142.41666666666666,0.0,0.0
142.41666666666666,0.0,0.0
142.41666666666666,0.0,0.0
142.41666666666666,0.0,0.0
142.41666666666666,0.0,0.0
142.41666666666666,0.0,0.0
142.41666666666666,0.0,0.0
142.41666666666666,0.0,0.0
142.41666666666666,0.0,0.0
142.41666666666666,0.0,0.0
142.41666666666666,0.0,0.0
142.41666666666666,0.0,0.0
142.41666666666666,0.0,0.0
142.41666666666666,0.0,0.0
142.41666666666666,0.0,0.0
142.41666666666666,0.0,0.0
142.41666666666666,0.0,0.0
142.41666666666666,0.0,0.0
142.41666666666666,0.0,0.0
142.41666666666666,0.0,0.0
142.41666666666666,0.0,0.0
142.41666666666666,0.0,0.0
142.41666666666666,0.0,0.0
142.41666666666666,0.0,0.0
142.41666666666666,0.0,0.0
142.41666666666666,0.0,0.0
142.41666666666666,0.0,0.0
142.41666666666666,0.0,0.0
142.41666666666666,0.0,0.0
142.41666666666666,0.0,0.0
142.41666666666666,0.0,0.0
142.41666666666666,0.0,0.0
142.41666666666666,0.0,0.0
142.41666666666666,0.0,0.0
142.41666666666666,0.0,0.0
142.41666666666666,0.0,0.0
142.41666666666666,0.0,0.0
142.41666666666666,0.0,0.0
142.41666666666666,0.0,0.0
142.41666666666666,0.0,0.0
142.41666666666666,0.0,0.0
142.41666666666666,0.0,0.0
142.41666666666666,0.0,0.0
142.41666666666666,0.0,0.0
142.41666666666666,0.0,0.0
142.41666666666666,0.0,0.0
142.41666666666666,0.0,0.0
142.41666666666666,0.0,0.0
142.41666666666666,0.0,0.0
142.41666666666666,0.0,0.0
142.41666666666666,0.0,0.0
142.41666666666666,0.0,0.0
142.41666666666666,0.0,0.0
142.41666666666666,0.0,0.0
142.41666666666666,0.0,0.0
142.41666666666666,0.0,0.0
142.41666666666666,0.0,0.0
142.41666666666666,0.0,0.0
142.41666666666666,0.0,0.0
142.41666666666666,0.0,0.0
142.41666666666666,0.0,0.0
142.41666666666666,0.0,0.0
142.41666666666666,0.0,0.0
142.41666666666666,0.0,0.0
142.41666666666666,0.0,0.0
142.41666666666666,0.0,0.0
142.41666666666666,0.0,0.0
142.41666666666666,0.0,0.0
142.41666666666666,0.0,0.0
142.41666666666666,0.0,0.0
142.41666666666666,0.0,0.0
142.41666666666666,0.0,0.0
142.41666666666666,0.0,0.0
142.41666666666666,1.0,0.0
142.41666666666666,0.0,0.0
142.41666666666666,0.0,0.0
142.41666666666666,0.0,0.0
142.41666666666666,0.0,0.0
142.41666666666666,0.0,0.0
142.41666666666666,0.0,0.0
142.41666666666666,0.0,0.0
142.41666666666666,0.0,0.0
142.41666666666666,0.0,0.0
142.41666666666666,0.0,0.0
142.41666666666666,0.0,0.0
142.41666666666666,0.0,0.0
142.41666666666666,0.0,0.0
142.41666666666666,0.0,0.0
142.41666666666666,0.0,0.0
142.41666666666666,0.0,0.0
142.41666666666666,0.0,0.0
142.41666666666666,0.0,0.0
142.41666666666666,0.0,0.0
142.41666666666666,0.0,0.0
142.41666666666666,0.0,0.0
142.41666666666666,0.0,0.0
142.41666666666666,0.0,0.0
142.41666666666666,0.0,0.0
142.41666666666666,0.0,0.0
142.41666666666666,0.0,0.0
142.41666666666666,0.0,0.0
142.41666666666666,0.0,0.0
142.41666666666666,0.0,0.0
142.41666666666666,0.0,0.0
142.41666666666666,0.0,0.0
142.41666666666666,0.0,0.0
142.41666666666666,0.0,0.0
142.41666666666666,0.0,0.0
142.41666666666666,0.0,0.0
142.41666666666666,0.0,0.0
142.41666666666666,0.0,0.0
142.41666666666666,0.0,0.0
142.41666666666666,0.0,0.0
142.41666666666666,0.0,0.0
142.41666666666666,0.0,0.0
142.41666666666666,0.0,0.0
142.41666666666666,0.0,0.0
142.41666666666666,0.0,0.0
142.41666666666666,0.0,0.0
142.41666666666666,0.0,0.0
142.41666666666666,0.0,0.0
142.41666666666666,0.0,0.0
142.41666666666666,0.0,0.0
142.41666666666666,0.0,0.0
142.41666666666666,0.0,0.0
142.41666666666666,0.0,0.0
142.41666666666666,0.0,0.0
142.41666666666666,0.0,0.0
142.41666666666666,0.0,0.0
142.41666666666666,0.0,0.0
142.41666666666666,0.0,0.0
142.41666666666666,0.0,0.0
142.41666666666666,0.0,0.0
142.41666666666666,0.0,0.0
142.41666666666666,0.0,0.0
142.41666666666666,0.0,0.0
142.41666666666666,0.0,0.0
142.41666666666666,0.0,0.0
142.41666666666666,0.0,0.0
142.41666666666666,0.0,0.0
142.41666666666666,0.0,0.0
142.41666666666666,0.0,0.0
142.41666666666666,0.0,0.0
142.41666666666666,0.0,0.0
142.41666666666666,0.0,0.0
142.41666666666666,0.0,0.0
142.41666666666666,0.0,0.0
142.41666666666666,0.0,0.0
142.41666666666666,0.0,0.0
142.41666666666666,0.0,0.0
142.41666666666666,0.0,0.0
142.41666666666666,0.0,0.0
142.41666666666666,0.0,0.0
142.41666666666666,0.0,0.0
142.41666666666666,1.0,0.0
142.41666666666666,0.0,0.0
142.41666666666666,0.0,0.0
142.41666666666666,0.0,0.0
142.41666666666666,0.0,0.0
142.41666666666666,0.0,0.0
142.41666666666666,0.0,0.0
142.41666666666666,0.0,0.0
142.41666666666666,0.0,0.0
142.41666666666666,0.0,0.0
142.41666666666666,0.0,0.0
142.41666666666666,0.0,0.0
142.41666666666666,0.0,0.0
142.41666666666666,0.0,0.0
142.41666666666666,0.0,0.0
142.41666666666666,0.0,0.0
142.41666666666666,0.0,0.0
142.41666666666666,0.0,0.0
142.41666666666666,0.0,0.0
142.41666666666666,0.0,0.0
142.41666666666666,0.0,0.0
142.41666666666666,0.0,0.0
142.41666666666666,0.0,0.0
142.41666666666666,0.0,0.0
142.41666666666666,0.0,0.0
142.41666666666666,0.0,0.0
142.41666666666666,0.0,0.0
142.41666666666666,0.0,0.0
142.41666666666666,0.0,0.0
142.41666666666666,0.0,0.0
142.41666666666666,0.0,0.0
142.41666666666666,0.0,0.0
142.41666666666666,0.0,0.0
142.41666666666666,0.0,0.0
142.41666666666666,0.0,0.0
142.41666666666666,0.0,0.0
142.41666666666666,0.0,0.0
142.41666666666666,0.0,0.0
142.41666666666666,0.0,0.0
142.41666666666666,0.0,0.0
142.41666666666666,0.0,0.0
142.41666666666666,0.0,0.0
142.41666666666666,0.0,0.0
142.41666666666666,0.0,0.0
142.41666666666666,0.0,0.0
142.41666666666666,0.0,0.0
142.41666666666666,0.0,0.0
142.41666666666666,0.0,0.0
142.41666666666666,0.0,0.0
142.41666666666666,0.0,0.0
142.41666666666666,0.0,0.0
142.41666666666666,0.0,0.0
142.41666666666666,0.0,0.0
142.41666666666666,0.0,0.0
142.41666666666666,0.0,0.0
142.41666666666666,0.0,0.0
142.41666666666666,0.0,0.0
142.41666666666666,0.0,0.0
142.41666666666666,0.0,0.0
142.41666666666666,0.0,0.0
142.41666666666666,0.0,0.0
142.41666666666666,0.0,0.0
142.41666666666666,0.0,0.0
142.41666666666666,0.0,0.0
142.41666666666666,0.0,0.0
142.41666666666666,0.0,0.0
142.41666666666666,0.0,0.0
142.41666666666666,0.0,0.0
142.41666666666666,0.0,0.0
142.41666666666666,0.0,0.0
142.41666666666666,0.0,0.0
142.41666666666666,0.0,0.0
142.41666666666666,0.0,0.0
142.41666666666666,0.0,0.0
142.41666666666666,0.0,0.0
142.41666666666666,0.0,0.0
142.41666666666666,0.0,0.0
142.41666666666666,0.0,0.0
142.41666666666666,0.0,0.0
142.41666666666666,0.0,0.0
142.41666666666666,0.0,0.0
142.41666666666666,0.0,0.0
142.41666666666666,0.0,0.0
142.41666666666666,0.0,0.0
142.41666666666666,0.0,0.0
142.41666666666666,0.0,0.0
142.41666666666666,0.0,0.0
142.41666666666666,0.0,0.0
142.41666666666666,0.0,0.0
142.41666666666666,0.0,0.0
142.41666666666666,0.0,0.0
142.41666666666666,0.0,0.0
142.41666666666666,0.0,0.0
142.41666666666666,0.0,0.0
142.41666666666666,0.0,0.0
142.41666666666666,0.0,0.0
142.41666666666666,0.0,0.0
142.41666666666666,0.0,0.0
142.41666666666666,0.0,0.0
142.41666666666666,0.0,0.0
142.41666666666666,0.0,0.0
142.41666666666666,0.0,0.0
142.41666666666666,0.0,0.0
142.41666666666666,0.0,0.0
142.41666666666666,0.0,0.0
142.41666666666666,0.0,0.0
142.41666666666666,0.0,0.0
142.41666666666666,0.0,0.0
142.41666666666666,0.0,0.0
142.41666666666666,0.0,0.0
142.41666666666666,0.0,0.0
142.41666666666666,0.0,0.0
142.41666666666666,0.0,0.0
142.41666666666666,0.0,0.0
142.41666666666666,0.0,0.0
142.41666666666666,0.0,0.0
142.41666666666666,0.0,0.0
142.41666666666666,0.0,0.0
142.41666666666666,0.0,0.0
142.41666666666666,0.0,0.0
142.41666666666666,0.0,0.0
142.41666666666666,0.0,0.0
142.41666666666666,0.0,0.0
142.41666666666666,0.0,0.0
142.41666666666666,0.0,0.0
142.41666666666666,0.0,0.0
142.41666666666666,0.0,0.0
142.41666666666666,0.0,0.0
142.41666666666666,0.0,0.0
142.41666666666666,0.0,0.0
142.41666666666666,0.0,0.0
142.41666666666666,0.0,0.0
142.41666666666666,0.0,0.0
142.41666666666666,0.0,0.0
142.41666666666666,0.0,0.0
142.41666666666666,0.0,0.0
142.41666666666666,0.0,0.0
142.41666666666666,0.0,0.0
142.41666666666666,0.0,0.0
142.41666666666666,0.0,0.0
142.41666666666666,0.0,0.0
142.41666666666666,0.0,0.0
142.41666666666666,0.0,0.0
142.41666666666666,0.0,0.0
142.41666666666666,0.0,0.0
142.41666666666666,0.0,0.0
142.41666666666666,0.0,0.0
142.41666666666666,0.0,0.0
142.41666666666666,0.0,0.0
142.41666666666666,0.0,0.0
142.41666666666666,0.0,0.0
142.41666666666666,0.0,0.0
142.41666666666666,0.0,0.0
142.41666666666666,0.0,0.0
142.41666666666666,0.0,0.0
142.41666666666666,0.0,0.0
142.41666666666666,0.0,0.0
142.41666666666666,0.0,0.0
142.41666666666666,0.0,0.0
142.41666666666666,0.0,0.0
142.41666666666666,0.0,0.0
142.41666666666666,0.0,0.0
142.41666666666666,0.0,0.0
142.41666666666666,0.0,0.0
142.41666666666666,0.0,0.0
142.41666666666666,0.0,0.0
142.41666666666666,0.0,0.0
142.41666666666666,0.0,0.0
142.41666666666666,0.0,0.0
142.41666666666666,0.0,0.0
142.41666666666666,0.0,0.0
142.41666666666666,0.0,0.0
142.41666666666666,0.0,0.0
142.41666666666666,0.0,0.0
142.41666666666666,0.0,0.0
142.41666666666666,0.0,0.0
142.41666666666666,0.0,0.0
142.41666666666666,0.0,0.0
142.41666666666666,0.0,0.0
142.41666666666666,0.0,0.0
142.41666666666666,0.0,0.0
142.41666666666666,0.0,0.0
142.41666666666666,0.0,0.0
142.41666666666666,0.0,0.0
142.41666666666666,0.0,0.0
142.41666666666666,0.0,0.0
142.41666666666666,0.0,0.0
142.41666666666666,0.0,0.0
142.41666666666666,0.0,0.0
142.41666666666666,0.0,0.0
142.41666666666666,0.0,0.0
142.41666666666666,0.0,0.0
142.41666666666666,0.0,0.0
142.41666666666666,0.0,0.0
142.41666666666666,0.0,0.0
142.41666666666666,0.0,0.0
142.41666666666666,0.0,0.0
142.41666666666666,0.0,0.0
142.41666666666666,1.0,0.0
142.41666666666666,0.0,0.0
142.41666666666666,0.0,0.0
142.41666666666666,0.0,0.0
142.41666666666666,0.0,0.0
142.41666666666666,0.0,0.0
142.41666666666666,0.0,0.0
142.41666666666666,0.0,0.0
142.41666666666666,0.0,0.0
142.41666666666666,0.0,0.0
142.41666666666666,0.0,0.0
142.41666666666666,0.0,0.0
142.41666666666666,0.0,0.0
142.41666666666666,0.0,0.0
142.41666666666666,0.0,0.0
142.41666666666666,0.0,0.0
142.41666666666666,0.0,0.0
142.41666666666666,0.0,0.0
142.41666666666666,0.0,0.0
142.41666666666666,0.0,0.0
142.41666666666666,0.0,0.0
142.41666666666666,0.0,0.0
142.41666666666666,0.0,0.0
142.41666666666666,0.0,0.0
142.41666666666666,0.0,0.0
142.41666666666666,0.0,0.0
142.41666666666666,0.0,0.0
142.41666666666666,0.0,0.0
142.41666666666666,0.0,0.0
142.41666666666666,0.0,0.0
142.41666666666666,0.0,0.0
142.41666666666666,0.0,0.0
142.41666666666666,0.0,0.0
142.41666666666666,0.0,0.0
142.41666666666666,0.0,0.0
142.41666666666666,0.0,0.0
142.41666666666666,0.0,0.0
142.41666666666666,0.0,0.0
142.41666666666666,0.0,0.0
142.41666666666666,0.0,0.0
142.41666666666666,0.0,0.0
142.41666666666666,0.0,0.0
142.41666666666666,0.0,0.0
142.41666666666666,0.0,0.0
142.41666666666666,0.0,0.0
142.41666666666666,0.0,0.0
142.41666666666666,0.0,0.0
142.41666666666666,0.0,0.0
142.41666666666666,0.0,0.0
142.41666666666666,0.0,0.0
142.41666666666666,0.0,0.0
142.41666666666666,0.0,0.0
142.41666666666666,0.0,0.0
142.41666666666666,0.0,0.0
142.41666666666666,0.0,0.0
142.41666666666666,0.0,0.0
142.41666666666666,0.0,0.0
142.41666666666666,0.0,0.0
142.41666666666666,0.0,0.0
142.41666666666666,0.0,0.0
142.41666666666666,0.0,0.0
142.41666666666666,0.0,0.0
142.41666666666666,0.0,0.0
142.41666666666666,0.0,0.0
142.41666666666666,0.0,0.0
142.41666666666666,0.0,0.0
142.41666666666666,0.0,0.0
142.41666666666666,0.0,0.0
142.41666666666666,0.0,0.0
142.41666666666666,0.0,0.0
142.41666666666666,0.0,0.0
142.41666666666666,0.0,0.0
142.41666666666666,0.0,0.0
142.41666666666666,0.0,0.0
142.41666666666666,0.0,0.0
142.41666666666666,0.0,0.0
142.41666666666666,0.0,0.0
142.41666666666666,0.0,0.0
142.41666666666666,0.0,0.0
142.41666666666666,0.0,0.0
142.41666666666666,0.0,0.0
142.41666666666666,0.0,0.0
142.41666666666666,0.0,0.0
142.41666666666666,0.0,0.0
142.41666666666666,0.0,0.0
142.41666666666666,0.0,0.0
142.41666666666666,0.0,0.0
142.41666666666666,0.0,0.0
142.41666666666666,0.0,0.0
142.41666666666666,0.0,0.0
142.41666666666666,0.0,0.0
142.41666666666666,0.0,0.0
142.41666666666666,0.0,0.0
142.41666666666666,0.0,0.0
142.41666666666666,0.0,0.0
142.41666666666666,0.0,0.0
142.41666666666666,0.0,0.0
142.41666666666666,0.0,0.0
142.41666666666666,0.0,0.0
142.41666666666666,0.0,0.0
142.41666666666666,0.0,0.0
142.41666666666666,0.0,0.0
142.41666666666666,0.0,0.0
142.41666666666666,0.0,0.0
142.41666666666666,0.0,0.0
142.41666666666666,0.0,0.0
142.41666666666666,0.0,0.0
142.41666666666666,0.0,0.0
142.41666666666666,0.0,0.0
142.41666666666666,0.0,0.0
142.41666666666666,0.0,0.0
142.41666666666666,0.0,0.0
142.41666666666666,0.0,0.0
142.41666666666666,0.0,0.0
142.41666666666666,0.0,0.0
142.41666666666666,0.0,0.0
142.41666666666666,0.0,0.0
142.41666666666666,0.0,0.0
142.41666666666666,0.0,0.0
142.41666666666666,0.0,0.0
142.41666666666666,0.0,0.0
142.41666666666666,0.0,0.0
142.41666666666666,0.0,0.0
142.41666666666666,0.0,0.0
142.41666666666666,0.0,0.0
142.41666666666666,0.0,0.0
142.41666666666666,0.0,0.0
142.41666666666666,0.0,0.0
142.41666666666666,0.0,0.0
142.41666666666666,0.0,0.0
142.41666666666666,0.0,0.0
142.41666666666666,0.0,0.0
142.41666666666666,0.0,0.0
142.41666666666666,0.0,0.0
142.41666666666666,0.0,0.0
142.41666666666666,0.0,0.0
142.41666666666666,0.0,0.0
142.41666666666666,0.0,0.0
142.41666666666666,0.0,0.0
142.41666666666666,0.0,0.0
142.41666666666666,0.0,0.0
142.41666666666666,0.0,0.0
142.41666666666666,0.0,0.0
142.41666666666666,0.0,0.0
142.41666666666666,0.0,0.0
142.41666666666666,0.0,0.0
142.41666666666666,0.0,0.0
142.41666666666666,0.0,0.0
142.41666666666666,0.0,0.0
142.41666666666666,0.0,0.0
142.41666666666666,0.0,0.0
142.41666666666666,0.0,0.0
142.41666666666666,0.0,0.0
142.41666666666666,0.0,0.0
142.41666666666666,0.0,0.0
142.41666666666666,0.0,0.0
142.41666666666666,0.0,0.0
142.41666666666666,0.0,0.0
142.41666666666666,0.0,0.0
142.41666666666666,0.0,0.0
142.41666666666666,0.0,0.0
142.41666666666666,0.0,0.0
142.41666666666666,0.0,0.0
142.41666666666666,0.0,0.0
142.41666666666666,0.0,0.0
142.41666666666666,0.0,0.0
142.41666666666666,0.0,0.0
142.41666666666666,0.0,0.0
142.41666666666666,0.0,0.0
142.41666666666666,0.0,0.0
142.41666666666666,0.0,0.0
142.41666666666666,0.0,0.0
142.41666666666666,0.0,0.0
142.41666666666666,0.0,0.0
142.41666666666666,0.0,0.0
142.41666666666666,0.0,0.0
142.41666666666666,0.0,0.0
142.41666666666666,0.0,0.0
142.41666666666666,0.0,0.0
142.41666666666666,0.0,0.0
142.41666666666666,0.0,0.0
142.41666666666666,0.0,0.0
142.41666666666666,0.0,0.0
142.41666666666666,0.0,0.0
142.41666666666666,0.0,0.0
142.41666666666666,0.0,0.0
142.41666666666666,0.0,0.0
142.41666666666666,0.0,0.0
142.41666666666666,0.0,0.0
142.41666666666666,0.0,0.0
142.41666666666666,0.0,0.0
142.41666666666666,0.0,0.0
142.41666666666666,0.0,0.0
142.41666666666666,0.0,0.0
142.41666666666666,0.0,0.0
142.41666666666666,0.0,0.0
142.41666666666666,0.0,0.0
142.41666666666666,0.0,0.0
142.41666666666666,0.0,0.0
142.41666666666666,0.0,0.0
142.41666666666666,0.0,0.0
142.41666666666666,0.0,0.0
142.41666666666666,0.0,0.0
142.41666666666666,0.0,0.0
142.41666666666666,0.0,0.0
142.41666666666666,0.0,0.0
142.41666666666666,0.0,0.0
142.41666666666666,0.0,0.0
142.41666666666666,0.0,0.0
142.41666666666666,0.0,0.0
142.41666666666666,0.0,0.0
142.41666666666666,0.0,0.0
142.41666666666666,0.0,0.0
142.41666666666666,0.0,0.0
142.41666666666666,0.0,0.0
142.41666666666666,0.0,0.0
142.41666666666666,0.0,0.0
142.41666666666666,0.0,0.0
142.41666666666666,1.0,0.0
142.41666666666666,0.0,0.0
142.41666666666666,0.0,0.0
142.41666666666666,0.0,0.0
142.41666666666666,0.0,0.0
142.41666666666666,0.0,0.0
142.41666666666666,0.0,0.0
142.41666666666666,0.0,0.0
142.41666666666666,0.0,0.0
142.41666666666666,0.0,0.0
142.41666666666666,0.0,0.0
142.41666666666666,0.0,0.0
142.41666666666666,0.0,0.0
142.41666666666666,0.0,0.0
142.41666666666666,0.0,0.0
142.41666666666666,0.0,0.0
142.41666666666666,0.0,0.0
142.41666666666666,0.0,0.0
142.41666666666666,0.0,0.0
142.41666666666666,0.0,0.0
142.41666666666666,0.0,0.0
142.41666666666666,0.0,0.0
142.41666666666666,0.0,0.0
142.41666666666666,0.0,0.0
142.41666666666666,0.0,0.0
142.41666666666666,0.0,0.0
142.41666666666666,0.0,0.0
142.41666666666666,0.0,0.0
142.41666666666666,0.0,0.0
142.41666666666666,0.0,0.0
142.41666666666666,0.0,0.0
142.41666666666666,0.0,0.0
142.41666666666666,0.0,0.0
142.41666666666666,0.0,0.0
142.41666666666666,0.0,0.0
142.41666666666666,0.0,0.0
142.41666666666666,0.0,0.0
142.41666666666666,0.0,0.0
142.41666666666666,0.0,0.0
142.41666666666666,0.0,0.0
142.41666666666666,0.0,0.0
142.41666666666666,0.0,0.0
142.41666666666666,0.0,0.0
142.41666666666666,0.0,0.0
142.41666666666666,0.0,0.0
142.41666666666666,0.0,0.0
142.41666666666666,0.0,0.0
142.41666666666666,0.0,0.0
142.41666666666666,0.0,0.0
142.41666666666666,0.0,0.0
142.41666666666666,0.0,0.0
142.41666666666666,0.0,0.0
142.41666666666666,0.0,0.0
142.41666666666666,0.0,0.0
142.41666666666666,0.0,0.0
142.41666666666666,0.0,0.0
142.41666666666666,0.0,0.0
142.41666666666666,0.0,0.0
142.41666666666666,0.0,0.0
142.41666666666666,1.0,0.0
142.41666666666666,0.0,0.0
142.41666666666666,0.0,0.0
142.41666666666666,0.0,0.0
142.41666666666666,0.0,0.0
142.41666666666666,0.0,0.0
142.41666666666666,0.0,0.0
142.41666666666666,0.0,0.0
142.41666666666666,0.0,0.0
142.41666666666666,0.0,0.0
142.41666666666666,0.0,0.0
142.41666666666666,0.0,0.0
142.41666666666666,0.0,0.0
142.41666666666666,0.0,0.0
142.41666666666666,0.0,0.0
142.41666666666666,0.0,0.0
142.41666666666666,0.0,0.0
142.41666666666666,0.0,0.0
142.41666666666666,0.0,0.0
142.41666666666666,0.0,0.0
142.41666666666666,0.0,0.0
142.41666666666666,0.0,0.0
142.41666666666666,0.0,0.0
142.41666666666666,0.0,0.0
142.41666666666666,0.0,0.0
142.41666666666666,0.0,0.0
142.41666666666666,0.0,0.0
142.41666666666666,0.0,0.0
142.41666666666666,0.0,0.0
142.41666666666666,0.0,0.0
142.41666666666666,0.0,0.0
142.41666666666666,0.0,0.0
142.41666666666666,0.0,0.0
142.41666666666666,0.0,0.0
142.41666666666666,0.0,0.0
142.41666666666666,0.0,0.0
142.41666666666666,0.0,0.0
142.41666666666666,0.0,0.0
142.41666666666666,0.0,0.0
142.41666666666666,0.0,0.0
142.41666666666666,0.0,0.0
142.41666666666666,0.0,0.0
142.41666666666666,0.0,0.0
142.41666666666666,0.0,0.0
142.41666666666666,0.0,0.0
142.41666666666666,0.0,0.0
142.41666666666666,0.0,0.0
142.41666666666666,0.0,0.0
142.41666666666666,0.0,0.0
142.41666666666666,0.0,0.0
142.41666666666666,0.0,0.0
142.41666666666666,0.0,0.0
142.41666666666666,0.0,0.0
142.41666666666666,0.0,0.0
142.41666666666666,0.0,0.0
142.41666666666666,0.0,0.0
142.41666666666666,0.0,0.0
142.41666666666666,0.0,0.0
142.41666666666666,0.0,0.0
142.41666666666666,0.0,0.0
142.41666666666666,0.0,0.0
142.41666666666666,0.0,0.0
142.41666666666666,0.0,0.0
142.41666666666666,0.0,0.0
142.41666666666666,0.0,0.45454533333333336
142.41666666666666,0.0,0.45454533333333336
142.5,0.0,0.0
142.5,0.0,0.0
142.5,0.0,0.0
142.5,0.0,0.0
142.5,0.0,0.0
142.5,0.0,0.0
142.5,0.0,0.0
142.5,0.0,0.0
142.5,0.0,0.0
142.5,0.0,0.0
142.5,0.0,0.0
142.5,0.0,0.0
142.5,0.0,0.0
142.5,0.0,0.0
142.5,0.0,0.0
142.5,0.0,0.0
142.5,0.0,0.0
142.5,0.0,0.0
142.5,0.0,0.0
142.5,0.0,0.0
142.5,0.0,0.0
142.5,0.0,0.0
142.5,0.0,0.0
142.5,0.0,0.0
142.5,0.0,0.0
142.5,0.0,0.0
142.5,0.0,0.0
142.5,0.0,0.0
142.5,0.0,0.0
142.5,0.0,0.0
142.5,0.0,0.0
142.5,0.0,0.0
142.5,0.0,0.0
142.5,0.0,0.0
142.5,0.0,0.0
142.5,0.0,0.0
142.5,0.0,0.0
142.5,0.0,0.0
142.5,0.0,0.0
142.5,0.0,0.0
142.5,0.0,0.0
142.5,0.0,0.0
142.5,0.0,0.0
142.5,0.0,0.0
142.5,0.0,0.0
142.5,0.0,0.0
142.5,0.0,0.0
142.5,0.0,0.0
142.5,0.0,0.0
142.5,0.0,0.0
142.5,0.0,0.0
142.5,0.0,0.0
142.5,0.0,0.0
142.5,0.0,0.0
142.5,0.0,0.0
142.5,0.0,0.0
142.5,0.0,0.0
142.5,0.0,0.0
142.5,0.0,0.0
142.5,0.0,0.0
142.5,0.0,0.0
142.5,0.0,0.0
142.5,0.0,0.0
142.5,0.0,0.0
142.5,0.0,0.0
142.5,0.0,0.0
142.5,0.0,0.0
142.5,0.0,0.0
142.5,0.0,0.0
142.5,0.0,0.0
142.5,0.0,0.0
142.5,0.0,0.0
142.5,0.0,0.0
142.5,0.0,0.0
142.5,0.0,0.0
142.5,0.0,0.0
142.5,0.0,0.0
142.5,0.0,0.0
142.5,0.0,0.0
142.5,0.0,0.0
142.5,0.0,0.0
142.5,0.0,0.0
142.5,0.0,0.0
142.5,0.0,0.0
142.5,0.0,0.0
142.5,0.0,0.0
142.5,0.0,0.0
142.5,0.0,0.0
142.5,0.0,0.0
142.5,0.0,0.0
142.5,0.0,0.0
142.5,0.0,0.0
142.5,0.0,0.0
142.5,0.0,0.0
142.5,0.0,0.0
142.5,0.0,0.0
142.5,0.0,0.0
142.5,0.0,0.0
142.5,0.0,0.0
142.5,0.0,0.0
142.5,0.0,0.0
142.5,0.0,0.0
142.5,0.0,0.0
142.5,0.0,0.0
142.5,0.0,0.0
142.5,0.0,0.0
142.5,0.0,0.0
142.5,0.0,0.0
142.5,0.0,0.0
