0.0,0.0,0.0
0.0,0.0,0.0
0.0,0.0,0.0
0.0,0.0,0.0
0.0,0.0,0.0
0.0,0.0,0.0
0.0,0.0,0.0
0.0,0.0,0.0
0.0,0.0,0.0
0.0,0.0,0.0
0.0,0.0,0.0
0.0,0.0,0.0
0.0,0.0,0.0
0.0,0.0,0.0
0.0,0.0,0.0
0.0,0.0,0.0
0.0,0.0,0.0
0.0,0.0,0.0
0.0,0.0,0.0
0.0,0.0,0.0
0.0,0.0,0.0
0.0,0.0,0.0
0.0,0.0,0.0
0.0,0.0,0.0
0.0,0.0,0.0
0.0,0.0,0.0
0.0,0.0,0.0
0.0,0.0,0.0
0.0,0.0,0.0
0.0,0.0,0.0
0.0,0.0,0.0
0.0,0.0,0.0
0.0,0.0,0.0
0.0,0.0,0.0
0.0,0.0,0.0
0.0,0.0,0.0
0.0,0.0,0.0
0.0,0.0,0.0
0.0,0.0,0.0
0.0,0.0,0.0
0.0,0.0,0.0
0.0,0.0,0.0
0.0,0.0,0.0
0.0,0.0,0.0
0.0,0.0,0.0
0.0,0.0,0.0
0.0,0.0,0.0
0.0,0.0,0.0
0.0,0.0,0.0
0.0,0.0,0.0
0.0,0.0,0.0
0.0,0.0,0.0
0.0,0.0,0.0
0.0,0.0,0.0
0.0,0.0,0.0
0.0,0.0,0.0
0.0,0.0,0.0
0.0,0.0,0.0
0.0,0.0,0.0
0.0,0.0,0.0
0.0,0.0,0.0
0.0,0.0,0.0
0.0,1.0,0.0
0.0,0.0,0.0
0.0,0.0,0.0
0.0,0.0,0.0
0.0,0.0,0.0
0.0,0.0,0.0
0.0,0.0,0.0
0.0,0.0,0.0
0.0,0.0,0.0
0.0,0.0,0.0
0.0,0.0,0.0
0.0,0.0,0.0
0.0,0.0,0.0
0.0,0.0,0.0
0.0,0.0,0.0
0.0,0.0,0.0
0.0,0.0,0.0
0.0,0.0,0.0
0.0,0.0,0.0
0.0,0.0,0.0
0.0,0.0,0.0
0.0,0.0,0.0
0.0,0.0,0.0
0.0,0.0,0.0
0.0,0.0,0.0
0.0,0.0,0.0
0.0,0.0,0.0
0.0,0.0,0.0
0.0,0.0,0.0
0.0,0.0,0.0
0.0,0.0,0.0
0.0,0.0,0.0
0.0,0.0,0.0
0.0,0.0,0.0
0.0,0.0,0.0
0.0,0.0,0.0
0.0,0.0,0.0
0.0,0.0,0.0
0.0,0.0,0.0
0.0,0.0,0.0
0.0,0.0,0.0
0.0,0.0,0.0
0.0,0.0,0.0
0.0,0.0,0.0
0.0,0.0,0.0
0.0,0.0,0.0
0.0,0.0,0.0
0.0,0.0,0.0
0.0,0.0,0.0
0.0,0.0,0.0
0.0,0.0,0.0
0.0,0.0,0.0
0.0,0.0,0.0
0.0,0.0,0.0
0.0,0.0,0.0
0.0,0.0,0.0
0.0,0.0,0.0
0.0,0.0,0.0
0.0,0.0,0.0
0.0,0.0,0.0
0.0,0.0,0.0
0.0,0.0,0.0
0.0,0.0,0.0
0.0,0.0,0.0
0.0,0.0,0.0
0.0,0.0,0.0
0.0,0.0,0.0
0.0,0.0,0.0
0.0,0.0,0.0
0.0,0.0,0.0
0.0,0.0,0.0
0.0,0.0,0.0
0.0,0.0,0.0
0.0,0.0,0.0
0.0,0.0,0.0
0.0,0.0,0.0
0.0,0.0,0.0
0.0,0.0,0.0
0.0,0.0,0.0
0.0,0.0,0.0
0.0,0.0,0.0
0.0,0.0,0.0
0.0,0.0,0.0
0.0,0.0,0.0
0.0,0.0,0.0
0.0,0.0,0.0
0.0,0.0,0.0
0.0,0.0,0.0
0.0,0.0,0.0
0.0,0.0,0.0
0.0,0.0,0.0
0.0,0.0,0.0
0.0,0.0,0.0
0.0,0.0,0.0
0.0,1.0,0.0
0.0,0.0,0.0
0.0,0.0,0.0
0.0,0.0,0.0
0.0,0.0,0.0
0.0,0.0,0.0
0.0,0.0,0.0
0.0,0.0,0.0
0.0,0.0,0.0
0.0,0.0,0.0
0.0,0.0,0.0
0.0,0.0,0.0
0.0,0.0,0.0
0.0,0.0,0.0
0.0,0.0,0.0
0.0,0.0,0.0
0.0,0.0,0.0
0.0,0.0,0.0
0.0,0.0,0.0
0.0,0.0,0.0
0.0,0.0,0.0
0.0,0.0,0.0
0.0,0.0,0.0
0.0,0.0,0.0
0.0,0.0,0.0
0.0,0.0,0.0
0.0,0.0,0.0
0.0,0.0,0.0
0.0,0.0,0.0
0.0,0.0,0.0
0.0,0.0,0.0
0.0,0.0,0.0
0.0,0.0,0.0
0.0,0.0,0.0
0.0,0.0,0.0
0.0,0.0,0.0
0.0,0.0,0.0
0.0,0.0,0.0
0.0,0.0,0.0
0.0,0.0,0.0
0.0,0.0,0.0
0.0,0.0,0.0
0.0,0.0,0.0
0.0,0.0,0.0
0.0,0.0,0.0
0.0,0.0,0.0
0.0,0.0,0.0
0.0,0.0,0.0
0.0,0.0,0.0
0.0,0.0,0.0
0.0,0.0,0.0
0.0,0.0,0.0
0.0,0.0,0.0
0.0,0.0,0.0
0.0,0.0,0.0
0.0,0.0,0.0
0.0,0.0,0.0
0.0,0.0,0.0
0.0,0.0,0.0
0.0,0.0,0.0
0.0,0.0,0.0
0.0,0.0,0.0
0.0,0.0,0.0
0.0,0.0,0.0
0.0,0.0,0.0
0.0,0.0,0.0
0.0,0.0,0.0
0.0,0.0,0.0
0.0,0.0,0.0
0.0,0.0,0.0
0.0,0.0,0.0
0.0,0.0,0.0
0.0,0.0,0.0
0.0,0.0,0.0
0.0,0.0,0.0
0.0,0.0,0.0
0.0,0.0,0.0
0.0,0.0,0.0
0.0,0.0,0.0
0.0,0.0,0.0
0.0,0.0,0.0
0.0,0.0,0.0
0.0,0.0,0.0
0.0,0.0,0.0
0.0,0.0,0.0
0.0,0.0,0.0
0.0,0.0,0.0
0.0,0.0,0.0
0.0,0.0,0.0
0.0,0.0,0.0
0.0,0.0,0.0
0.0,0.0,0.0
0.0,0.0,0.0
0.0,0.0,0.0
0.0,0.0,0.0
0.0,0.0,0.0
0.0,0.0,0.0
0.0,0.0,0.0
0.0,0.0,0.0
0.0,0.0,0.0
0.0,0.0,0.0
0.0,0.0,0.0
0.0,0.0,0.0
0.0,0.0,0.0
0.0,0.0,0.0
0.0,0.0,0.0
0.0,0.0,0.0
0.0,0.0,0.0
0.0,0.0,0.0
0.0,0.0,0.0
0.0,0.0,0.0
0.0,0.0,0.0
0.0,0.0,0.0
0.0,0.0,0.0
0.0,0.0,0.0
0.0,0.0,0.0
0.0,0.0,0.0
0.0,0.0,0.0
0.0,0.0,0.0
0.0,0.0,0.0
0.0,0.0,0.0
0.0,0.0,0.0
0.0,0.0,0.0
0.0,0.0,0.0
0.0,0.0,0.0
0.0,0.0,0.0
0.0,0.0,0.0
0.0,0.0,0.0
0.0,0.0,0.0
0.0,0.0,0.0
0.0,0.0,0.0
0.0,0.0,0.0
0.0,0.0,0.0
0.0,0.0,0.0
0.0,0.0,0.0
0.0,0.0,0.0
0.0,0.0,0.0
0.0,0.0,0.0
0.0,0.0,0.0
0.0,0.0,0.0
0.0,0.0,0.0
0.0,0.0,0.0
0.0,0.0,0.0
0.0,0.0,0.0
0.0,0.0,0.0
0.0,0.0,0.0
0.0,0.0,0.0
0.0,0.0,0.0
0.0,0.0,0.0
0.0,0.0,0.0
0.0,0.0,0.0
0.0,0.0,0.0
0.0,0.0,0.0
0.0,0.0,0.0
0.0,0.0,0.0
0.0,0.0,0.0
0.0,0.0,0.0
0.0,0.0,0.0
0.0,0.0,0.0
0.0,0.0,0.0
0.0,0.0,0.0
0.0,0.0,0.0
0.0,0.0,0.0
0.0,0.0,0.0
0.0,0.0,0.0
0.0,0.0,0.0
0.0,0.0,0.0
0.0,0.0,0.0
0.0,0.0,0.0
0.0,0.0,0.0
0.0,0.0,0.0
0.0,0.0,0.0
0.0,0.0,0.0
0.0,0.0,0.0
0.0,0.0,0.0
0.0,0.0,0.0
0.0,0.0,0.0
0.0,0.0,0.0
0.0,0.0,0.0
0.0,0.0,0.0
0.0,0.0,0.0
0.0,0.0,0.0
0.0,0.0,0.0
0.0,0.0,0.0
0.0,0.0,0.0
0.0,0.0,0.0
0.0,0.0,0.0
0.0,0.0,0.0
0.0,0.0,0.0
0.0,0.0,0.0
0.0,0.0,0.0
0.0,0.0,0.0
0.0,0.0,0.0
0.0,0.0,0.0
0.0,0.0,0.0
0.0,0.0,0.0
0.0,0.0,0.0
0.0,0.0,0.0
0.0,0.0,0.0
0.0,1.0,0.0
0.0,3.0,0.0
0.0,7.0,0.0
0.0,8.0,0.0
0.0,10.0,0.0
0.0,10.0,0.0
0.0,12.0,0.0
0.0,12.0,0.0
0.0,15.0,0.0
0.0,15.0,0.0
0.0,16.0,0.0
0.0,16.0,0.0
0.0,22.0,0.0
0.0,37.0,0.0
0.0,49.0,0.0
0.0,59.0,0.0
0.0,67.0,0.0
0.0,94.0,0.0
0.0,127.0,0.0
0.0,145.0,0.0
0.0,158.0,0.0
0.0,162.0,0.0
0.0,146.0,0.0
0.0,135.0,0.0
0.0,135.0,0.0
0.0,136.0,0.0
0.0,153.0,0.0
0.0,164.0,0.0
0.0,166.0,0.0
0.0,166.0,0.0
0.0,168.0,0.0
0.0,172.0,0.0
0.0,176.0,0.0
0.0,178.0,0.0
0.0,182.0,0.0
0.0,186.0,0.0
0.0,184.0,0.0
0.0,185.0,0.0
0.0,186.0,0.0
0.0,185.0,0.0
0.0,188.0,0.0
0.0,192.0,0.0
0.0,203.0,0.0
0.0,217.0,0.0
0.0,239.0,0.0
0.0,250.0,0.0
0.0,257.0,0.0
0.0,259.0,0.0
0.0,260.0,0.0
0.0,259.0,0.0
0.0,257.0,0.0
0.0,257.0,0.0
0.0,258.0,0.0
0.0,261.0,0.0
0.0,268.0,0.0
0.0,277.0,0.0
0.0,285.0,0.0
0.0,290.0,0.0
0.0,294.0,0.0
0.0,296.0,0.0
0.0,296.0,0.0
0.0,299.0,0.0
0.0,306.0,0.0
0.0,314.0,0.0
0.0,318.0,0.0
0.0,322.0,0.0
0.0,332.0,0.0
0.0,357.0,0.0
0.0,381.0,0.0
0.0,412.0,0.0
0.0,436.0,0.0
0.0,455.0,0.0
0.0,479.0,0.0
0.0,492.0,0.0
0.0,501.0,0.0
0.0,501.0,0.0
0.0,498.0,0.0
0.0,496.0,0.0
0.0,490.0,0.0
0.0,490.0,0.0
0.0,497.0,0.0
0.0,498.0,0.0
0.0,507.0,0.0
0.0,510.0,0.0
0.0,510.0,0.0
0.0,506.0,0.0
0.0,512.0,0.0
0.0,525.0,0.0
0.0,533.0,0.0
0.0,540.0,0.0
0.0,556.0,0.0
0.0,571.0,0.0
0.0,584.0,0.0
0.0,596.0,0.0
0.0,596.0,0.0
0.0,605.0,0.0
0.0,605.0,0.0
0.08333333333333333,617.0,0.0
0.08333333333333333,628.0,1.6477268333333333
0.08333333333333333,649.0,1.6477268333333333
0.08333333333333333,651.0,1.6477268333333333
0.08333333333333333,657.0,1.6477268333333333
0.08333333333333333,659.0,1.6477268333333333
0.08333333333333333,664.0,1.6477268333333333
0.08333333333333333,648.0,1.6477268333333333
0.08333333333333333,620.0,1.6477268333333333
0.08333333333333333,606.0,1.6477268333333333
0.08333333333333333,609.0,1.6477268333333333
0.08333333333333333,632.0,1.6477268333333333
0.08333333333333333,637.0,1.6477268333333333
0.08333333333333333,636.0,1.6477268333333333
0.08333333333333333,617.0,1.6477268333333333
0.08333333333333333,616.0,1.6477268333333333
0.08333333333333333,620.0,1.6477268333333333
0.08333333333333333,639.0,1.6477268333333333
0.08333333333333333,661.0,1.6477268333333333
0.08333333333333333,678.0,1.6477268333333333
0.08333333333333333,678.0,1.6477268333333333
0.08333333333333333,669.0,1.6477268333333333
0.08333333333333333,673.0,1.6477268333333333
0.08333333333333333,687.0,1.6477268333333333
0.08333333333333333,683.0,1.6477268333333333
0.08333333333333333,684.0,1.6477268333333333
0.08333333333333333,681.0,1.6477268333333333
0.08333333333333333,680.0,1.6477268333333333
0.08333333333333333,696.0,1.6477268333333333
0.08333333333333333,699.0,1.6477268333333333
0.08333333333333333,701.0,1.6477268333333333
0.08333333333333333,700.0,1.6477268333333333
0.08333333333333333,705.0,1.6477268333333333
0.08333333333333333,705.0,1.6477268333333333
0.08333333333333333,688.0,1.6477268333333333
0.08333333333333333,680.0,1.6477268333333333
0.08333333333333333,678.0,1.6477268333333333
0.16666666666666666,683.0,1.6477268333333333
0.16666666666666666,690.0,1.6477268333333333
0.16666666666666666,691.0,1.6477268333333333
0.16666666666666666,691.0,1.6477268333333333
0.16666666666666666,694.0,1.6477268333333333
0.16666666666666666,697.0,1.6477268333333333
0.16666666666666666,703.0,1.6477268333333333
0.16666666666666666,714.0,1.6477268333333333
0.16666666666666666,726.0,1.6477268333333333
0.16666666666666666,745.0,1.6477268333333333
0.16666666666666666,804.0,1.6477268333333333
0.16666666666666666,803.0,1.6477268333333333
0.16666666666666666,797.0,1.6477268333333333
0.16666666666666666,806.0,1.6477268333333333
0.16666666666666666,831.0,1.6477268333333333
0.16666666666666666,841.0,1.6477268333333333
0.16666666666666666,834.0,1.6477268333333333
0.16666666666666666,835.0,1.6477268333333333
0.16666666666666666,843.0,1.6477268333333333
0.16666666666666666,842.0,1.6477268333333333
0.16666666666666666,842.0,1.6477268333333333
0.16666666666666666,850.0,1.6477268333333333
0.16666666666666666,859.0,1.6477268333333333
0.16666666666666666,874.0,1.6477268333333333
0.16666666666666666,880.0,1.6477268333333333
0.16666666666666666,887.0,1.6477268333333333
0.16666666666666666,890.0,1.6477268333333333
0.16666666666666666,874.0,1.6477268333333333
0.16666666666666666,875.0,1.6477268333333333
0.16666666666666666,883.0,1.6477268333333333
0.16666666666666666,894.0,1.6477268333333333
0.16666666666666666,906.0,1.6477268333333333
0.16666666666666666,910.0,1.6477268333333333
0.16666666666666666,908.0,1.6477268333333333
0.16666666666666666,921.0,1.6477268333333333
0.16666666666666666,947.0,1.6477268333333333
0.16666666666666666,1023.0,1.6477268333333333
0.16666666666666666,1028.0,1.6477268333333333
0.16666666666666666,1020.0,1.6477268333333333
0.16666666666666666,1034.0,1.6477268333333333
0.16666666666666666,1060.0,1.6477268333333333
0.16666666666666666,1070.0,1.6477268333333333
0.16666666666666666,1060.0,1.6477268333333333
0.25,1049.0,0.05681816666666667
0.25,1055.0,0.05681816666666667
0.25,1055.0,0.05681816666666667
0.25,1057.0,0.05681816666666667
0.25,1056.0,0.05681816666666667
0.25,1060.0,0.05681816666666667
0.25,1062.0,0.05681816666666667
0.25,1066.0,0.05681816666666667
0.25,1072.0,0.05681816666666667
0.25,1078.0,0.05681816666666667
0.25,1083.0,0.05681816666666667
0.25,1080.0,0.05681816666666667
0.25,1080.0,0.05681816666666667
0.25,1080.0,0.05681816666666667
0.25,1078.0,0.05681816666666667
0.25,1081.0,0.05681816666666667
0.25,1091.0,0.05681816666666667
0.25,1100.0,0.05681816666666667
0.25,1100.0,0.05681816666666667
0.25,1108.0,0.05681816666666667
0.25,1110.0,0.05681816666666667
0.25,1104.0,0.05681816666666667
0.3333333333333333,1104.0,0.11363633333333334
0.3333333333333333,1113.0,0.11363633333333334
0.3333333333333333,1124.0,0.11363633333333334
0.3333333333333333,1125.0,0.11363633333333334
0.3333333333333333,1122.0,0.11363633333333334
0.3333333333333333,1130.0,0.11363633333333334
0.3333333333333333,1145.0,0.11363633333333334
0.3333333333333333,1163.0,0.11363633333333334
0.3333333333333333,1162.0,0.11363633333333334
0.3333333333333333,1165.0,0.11363633333333334
0.3333333333333333,1165.0,0.11363633333333334
0.3333333333333333,1205.0,0.11363633333333334
0.4166666666666667,1242.0,0.22727266666666668
0.4166666666666667,1254.0,0.22727266666666668
0.4166666666666667,1293.0,0.22727266666666668
0.4166666666666667,1325.0,0.22727266666666668
0.4166666666666667,1399.0,0.22727266666666668
0.4166666666666667,1440.0,0.22727266666666668
0.4166666666666667,1445.0,0.22727266666666668
0.4166666666666667,1462.0,0.22727266666666668
0.5,1491.0,0.22727266666666668
0.5,1489.0,0.340909
0.5,1479.0,0.340909
0.5,1479.0,0.340909
0.5,1475.0,0.340909
0.5,1473.0,0.340909
0.5,1433.0,0.340909
0.5833333333333334,1422.0,0.45454533333333336
0.5833333333333334,1424.0,0.45454533333333336
0.5833333333333334,1429.0,0.45454533333333336
0.5833333333333334,1466.0,0.45454533333333336
0.5833333333333334,1452.0,0.45454533333333336
0.6666666666666666,1445.0,0.45454533333333336
0.6666666666666666,1472.0,0.5113635000000001
0.6666666666666666,1488.0,0.5113635000000001
0.6666666666666666,1484.0,0.5113635000000001
0.6666666666666666,1481.0,0.5113635000000001
0.6666666666666666,1473.0,0.5113635000000001
0.75,1475.0,0.5113635000000001
0.75,1479.0,0.5113635000000001
0.75,1470.0,0.5113635000000001
0.75,1464.0,0.5113635000000001
0.8333333333333334,1469.0,0.5113635000000001
0.8333333333333334,1486.0,0.6249998333333333
0.8333333333333334,1488.0,0.6249998333333333
0.8333333333333334,1498.0,0.6249998333333333
0.8333333333333334,1513.0,0.6249998333333333
0.9166666666666666,1531.0,0.681818
0.9166666666666666,1550.0,0.681818
0.9166666666666666,1561.0,0.681818
1.0,1567.0,0.681818
1.0,1582.0,0.7386361666666666
1.0,1630.0,0.7386361666666666
1.0,1677.0,0.7386361666666666
1.0,1728.0,0.7386361666666666
1.0833333333333333,1793.0,0.681818
1.0833333333333333,1863.0,0.681818
1.0833333333333333,1935.0,0.681818
1.1666666666666667,1978.0,0.681818
1.1666666666666667,2011.0,0.7954543333333334
1.1666666666666667,2032.0,0.7954543333333334
1.25,2098.0,1.0227270000000002
1.25,2141.0,1.0227270000000002
1.25,2164.0,1.0227270000000002
1.3333333333333333,2175.0,1.0227270000000002
1.3333333333333333,2174.0,0.9090906666666667
1.3333333333333333,2174.0,0.9090906666666667
1.4166666666666667,2177.0,1.1931815000000001
1.4166666666666667,2173.0,1.1931815000000001
1.5,2145.0,1.1363633333333334
1.5,2105.0,1.1363633333333334
1.5833333333333333,2096.0,1.1363633333333334
1.5833333333333333,2120.0,1.1931815000000001
1.5833333333333333,2140.0,1.1931815000000001
1.6666666666666667,2142.0,1.2499996666666666
1.6666666666666667,2109.0,1.2499996666666666
1.75,2114.0,1.3068178333333333
1.75,2157.0,1.3068178333333333
1.8333333333333333,2267.0,1.5340905
1.9166666666666667,2249.0,1.5340905
1.9166666666666667,2135.0,1.5909086666666667
2.0,2134.0,1.5909086666666667
2.0,2106.0,1.704545
2.0833333333333335,2079.0,1.761363166666667
2.1666666666666665,2067.0,1.761363166666667
2.1666666666666665,2118.0,1.8181813333333334
2.25,2151.0,1.8749995000000002
2.25,2139.0,1.8749995000000002
2.3333333333333335,2089.0,1.704545
2.4166666666666665,2087.0,2.4431811666666667
2.5,2136.0,2.4431811666666667
2.5,2171.0,2.0454540000000003
2.5,2103.0,2.0454540000000003
2.5833333333333335,2054.0,1.0227270000000002
2.6666666666666665,2079.0,1.0227270000000002
2.6666666666666665,2079.0,2.3863630000000002
2.6666666666666665,2116.0,2.3863630000000002
2.6666666666666665,2123.0,2.3863630000000002
2.6666666666666665,2141.0,2.3863630000000002
2.6666666666666665,2186.0,2.3863630000000002
2.6666666666666665,2231.0,2.3863630000000002
2.6666666666666665,2259.0,2.3863630000000002
2.6666666666666665,2269.0,2.3863630000000002
2.6666666666666665,2233.0,2.3863630000000002
2.75,2163.0,2.3863630000000002
2.8333333333333335,2123.0,0.28409083333333335
2.8333333333333335,2207.0,2.7840901666666666
2.9166666666666665,2244.0,2.4999993333333332
3.0833333333333335,2244.0,2.7840901666666666
3.1666666666666665,2200.0,3.522726333333334
3.25,2201.0,3.068181
3.3333333333333335,2139.0,2.4999993333333332
3.4166666666666665,2197.0,3.522726333333334
3.5,2200.0,2.4999993333333332
3.5833333333333335,2157.0,3.522726333333334
3.5833333333333335,2084.0,3.522726333333334
3.6666666666666665,2043.0,1.704545
3.75,2069.0,1.704545
3.8333333333333335,2121.0,1.5909086666666667
3.9166666666666665,2153.0,2.9545446666666666
3.9166666666666665,2135.0,3.352271833333334
4.0,2102.0,1.704545
4.0,2075.0,1.704545
4.166666666666667,2046.0,1.704545
4.25,2026.0,4.034089833333334
4.333333333333333,1967.0,3.4659081666666665
4.5,1906.0,3.4659081666666665
4.583333333333333,1823.0,4.8863623333333335
4.666666666666667,1742.0,3.693180833333334
4.75,1685.0,3.693180833333334
4.833333333333333,1698.0,1.8749995000000002
4.916666666666667,1706.0,3.8636353333333338
5.083333333333333,1669.0,3.5795445000000004
5.166666666666667,1587.0,3.5795445000000004
5.25,1569.0,3.636362666666667
5.333333333333333,1581.0,3.636362666666667
5.333333333333333,1614.0,2.102272166666667
5.333333333333333,1616.0,2.102272166666667
5.333333333333333,1602.0,2.102272166666667
5.416666666666667,1579.0,0.7954543333333334
5.416666666666667,1580.0,0.7954543333333334
5.5,1586.0,0.7954543333333334
5.666666666666667,1653.0,4.090908000000001
5.75,1672.0,4.374998833333334
5.916666666666667,1642.0,4.431817000000001
6.0,1594.0,4.659089666666667
6.083333333333333,1493.0,4.374998833333334
6.083333333333333,1544.0,4.374998833333334
6.166666666666667,1673.0,4.374998833333334
6.333333333333333,1723.0,4.374998833333334
6.416666666666667,1675.0,4.261362500000001
6.5,1675.0,4.261362500000001
6.5,1567.0,2.3295448333333333
6.5,1544.0,2.3295448333333333
6.583333333333333,1535.0,2.3295448333333333
6.666666666666667,1538.0,0.8522725
6.75,1534.0,4.488635166666667
6.916666666666667,1542.0,4.488635166666667
7.083333333333333,1561.0,4.7159078333333335
7.166666666666667,1596.0,5.681816666666667
7.25,1617.0,5.681816666666667
7.333333333333333,1551.0,4.8863623333333335
7.416666666666667,1559.0,4.8863623333333335
7.583333333333333,1573.0,4.8863623333333335
7.75,1543.0,4.8863623333333335
7.833333333333333,1517.0,4.545453333333334
7.833333333333333,1518.0,4.431817000000001
7.833333333333333,1644.0,4.431817000000001
8.0,1716.0,4.431817000000001
8.083333333333334,1662.0,5.227271333333333
8.166666666666666,1696.0,2.3295448333333333
8.333333333333334,1752.0,4.374998833333334
8.5,1751.0,4.7727260000000005
8.5,1679.0,5.056816833333333
8.666666666666666,1646.0,5.056816833333333
8.75,1695.0,6.363634666666667
8.916666666666666,1670.0,6.363634666666667
9.0,1540.0,5.113635
9.166666666666666,1429.0,5.113635
9.166666666666666,1493.0,4.7727260000000005
9.25,1492.0,4.7727260000000005
9.416666666666666,1512.0,4.7727260000000005
9.583333333333334,1593.0,5.056816833333333
9.75,1682.0,5.056816833333333
9.916666666666666,1709.0,5.056816833333333
10.0,1698.0,4.8863623333333335
10.166666666666666,1724.0,4.8863623333333335
10.333333333333334,1846.0,5.227271333333333
10.5,1915.0,5.227271333333333
10.5,1896.0,5.227271333333333
10.583333333333334,1851.0,5.227271333333333
10.75,1835.0,5.227271333333333
10.75,1794.0,5.227271333333333
10.916666666666666,1710.0,5.227271333333333
11.083333333333334,1710.0,5.227271333333333
11.166666666666666,1711.0,5.2840895
11.333333333333334,1525.0,5.113635
11.5,1529.0,5.113635
11.666666666666666,1569.0,5.113635
11.833333333333334,1539.0,5.113635
11.916666666666666,1497.0,5.340907666666666
12.083333333333334,1679.0,5.340907666666666
12.25,1790.0,5.340907666666666
12.416666666666666,1754.0,5.340907666666666
12.583333333333334,1664.0,5.2840895
12.666666666666666,1578.0,5.6249985
12.833333333333334,1555.0,5.6249985
13.0,1546.0,5.568180333333333
13.166666666666666,1530.0,5.568180333333333
13.333333333333334,1522.0,5.454544
13.5,1450.0,5.454544
13.666666666666666,1482.0,5.397725833333334
13.833333333333334,1526.0,5.113635
13.916666666666666,1538.0,5.113635
13.916666666666666,1521.0,4.659089666666667
13.916666666666666,1533.0,4.659089666666667
13.916666666666666,1598.0,4.659089666666667
13.916666666666666,1653.0,4.659089666666667
14.0,1614.0,4.659089666666667
14.166666666666666,1598.0,5.227271333333333
14.333333333333334,1663.0,5.227271333333333
14.5,1681.0,5.511362166666667
14.666666666666666,1637.0,5.511362166666667
14.75,1576.0,5.511362166666667
14.833333333333334,1507.0,2.8409083333333336
14.916666666666666,1451.0,2.8409083333333336
15.0,1422.0,5.852271166666667
15.083333333333334,1426.0,5.852271166666667
15.25,1432.0,5.738634833333333
15.416666666666666,1402.0,5.738634833333333
15.583333333333334,1336.0,5.454544
15.75,1336.0,5.852271166666667
15.833333333333334,1486.0,5.227271333333333
16.0,1527.0,5.227271333333333
16.166666666666668,1506.0,5.397725833333334
16.333333333333332,1496.0,6.079543833333333
16.5,1496.0,6.079543833333333
16.666666666666668,1492.0,6.022725666666667
16.75,1504.0,4.9999986666666665
16.916666666666668,1497.0,5.852271166666667
17.083333333333332,1492.0,5.852271166666667
17.25,1521.0,5.852271166666667
17.416666666666668,1557.0,5.852271166666667
17.583333333333332,1533.0,5.738634833333333
17.833333333333332,1508.0,5.738634833333333
18.0,1494.0,6.193180166666667
18.166666666666668,1428.0,6.193180166666667
18.333333333333332,1350.0,5.852271166666667
18.333333333333332,1309.0,5.795453
18.416666666666668,1334.0,1.9318176666666669
18.666666666666668,1394.0,3.1818173333333335
18.833333333333332,1409.0,3.1818173333333335
19.0,1451.0,5.852271166666667
19.083333333333332,1507.0,5.795453
19.166666666666668,1493.0,5.795453
19.333333333333332,1395.0,5.795453
19.583333333333332,1411.0,6.704543666666668
19.583333333333332,1424.0,6.988634500000001
19.666666666666668,1394.0,6.988634500000001
19.833333333333332,1284.0,6.477271
19.916666666666668,1195.0,6.193180166666667
20.166666666666668,1165.0,6.193180166666667
20.333333333333332,1220.0,6.193180166666667
20.416666666666668,1306.0,6.704543666666668
20.416666666666668,1299.0,2.8977265
20.666666666666668,1300.0,2.8977265
20.833333333333332,1313.0,2.8977265
20.916666666666668,1336.0,6.420452833333333
20.916666666666668,1357.0,3.2386355
20.916666666666668,1334.0,3.2386355
21.083333333333332,1296.0,3.2386355
21.25,1269.0,6.3068165
21.5,1204.0,6.3068165
21.666666666666668,1168.0,6.81818
21.75,1171.0,6.193180166666667
21.916666666666668,1218.0,6.193180166666667
22.0,1287.0,7.045452666666668
22.0,1329.0,7.045452666666668
22.0,1312.0,7.045452666666668
22.083333333333332,1312.0,7.045452666666668
22.166666666666668,1313.0,0.7954543333333334
22.333333333333332,1350.0,2.2159085000000003
22.583333333333332,1338.0,5.9659075
22.75,1288.0,6.420452833333333
22.833333333333332,1268.0,6.761361833333333
23.0,1273.0,6.761361833333333
23.166666666666668,1215.0,6.761361833333333
23.25,1160.0,6.136362
23.333333333333332,1177.0,6.136362
23.5,1193.0,6.136362
23.583333333333332,1169.0,6.81818
23.833333333333332,1137.0,7.443179833333334
23.916666666666668,1150.0,7.499998000000001
24.166666666666668,1168.0,6.761361833333333
24.333333333333332,1170.0,6.988634500000001
24.5,1213.0,6.761361833333333
24.583333333333332,1267.0,6.3068165
24.583333333333332,1302.0,6.3068165
24.833333333333332,1331.0,6.3068165
25.0,1363.0,6.931816333333333
25.25,1390.0,6.931816333333333
25.416666666666668,1405.0,6.931816333333333
25.583333333333332,1394.0,6.590907333333333
25.833333333333332,1332.0,6.590907333333333
25.833333333333332,1109.0,6.590907333333333
26.0,1223.0,6.590907333333333
26.0,1407.0,6.931816333333333
26.166666666666668,1413.0,6.931816333333333
26.333333333333332,1308.0,7.045452666666668
26.5,1295.0,7.045452666666668
26.583333333333332,1493.0,6.81818
26.75,1613.0,6.81818
26.833333333333332,1508.0,7.499998000000001
26.916666666666668,1109.0,2.4431811666666667
26.916666666666668,1071.0,2.4431811666666667
26.916666666666668,1140.0,2.4431811666666667
27.083333333333332,1177.0,2.4431811666666667
27.25,1192.0,6.477271
27.416666666666668,1232.0,6.477271
27.583333333333332,1231.0,6.477271
27.75,1225.0,7.8409070000000005
27.916666666666668,1230.0,7.670452500000001
27.916666666666668,1230.0,7.8409070000000005
28.0,1258.0,7.8409070000000005
28.0,1271.0,1.363636
28.166666666666668,1260.0,1.761363166666667
28.25,1231.0,7.8409070000000005
28.416666666666668,1229.0,6.193180166666667
28.583333333333332,1261.0,6.193180166666667
28.75,1290.0,6.193180166666667
28.833333333333332,1303.0,8.238634166666667
28.833333333333332,1274.0,8.238634166666667
29.0,1272.0,8.238634166666667
29.0,1300.0,6.761361833333333
29.166666666666668,1316.0,6.761361833333333
29.416666666666668,1291.0,6.761361833333333
29.583333333333332,1253.0,6.81818
29.75,1289.0,7.159089000000001
29.916666666666668,1314.0,7.159089000000001
30.0,1301.0,4.204544333333334
30.25,1239.0,7.102270833333333
30.333333333333332,1231.0,6.988634500000001
30.5,1235.0,6.988634500000001
30.583333333333332,1232.0,7.045452666666668
30.833333333333332,1202.0,7.045452666666668
31.0,1196.0,7.045452666666668
31.25,1225.0,7.443179833333334
31.416666666666668,1245.0,7.443179833333334
31.5,1242.0,6.988634500000001
31.666666666666668,1201.0,6.988634500000001
31.75,1201.0,7.9545433333333335
31.916666666666668,1186.0,7.9545433333333335
32.083333333333336,1178.0,7.9545433333333335
32.333333333333336,1176.0,7.8977251666666675
32.5,1175.0,7.8977251666666675
32.666666666666664,1174.0,6.477271
32.833333333333336,1166.0,6.477271
32.916666666666664,1142.0,6.704543666666668
32.916666666666664,1104.0,2.4431811666666667
33.0,1087.0,2.4431811666666667
33.166666666666664,1009.0,2.4431811666666667
33.416666666666664,936.0,6.534089166666668
33.666666666666664,925.0,7.784088833333334
33.75,957.0,6.874998166666668
33.916666666666664,957.0,10.852269833333333
34.0,958.0,3.4659081666666665
34.25,1032.0,3.4659081666666665
34.25,827.0,6.874998166666668
34.5,773.0,6.874998166666668
34.75,861.0,6.874998166666668
34.916666666666664,909.0,7.102270833333333
35.083333333333336,919.0,6.420452833333333
35.25,821.0,6.420452833333333
35.5,775.0,7.272725333333334
35.5,807.0,6.874998166666668
35.5,850.0,6.874998166666668
35.583333333333336,890.0,6.874998166666668
35.75,941.0,7.215907166666668
35.916666666666664,965.0,7.215907166666668
36.0,965.0,6.761361833333333
36.083333333333336,868.0,6.761361833333333
36.166666666666664,738.0,1.704545
36.333333333333336,858.0,6.874998166666668
36.416666666666664,976.0,6.874998166666668
36.416666666666664,990.0,2.4431811666666667
36.5,836.0,2.4431811666666667
36.75,857.0,7.159089000000001
37.0,986.0,7.443179833333334
37.166666666666664,1101.0,7.443179833333334
37.25,1041.0,7.5568161666666676
37.333333333333336,921.0,2.4999993333333332
37.583333333333336,942.0,3.2386355
37.666666666666664,966.0,6.704543666666668
37.833333333333336,962.0,6.704543666666668
37.916666666666664,876.0,7.045452666666668
38.166666666666664,868.0,7.159089000000001
38.333333333333336,879.0,7.159089000000001
38.583333333333336,878.0,6.704543666666668
38.75,892.0,6.874998166666668
39.0,972.0,6.590907333333333
39.166666666666664,1028.0,6.590907333333333
39.416666666666664,1027.0,6.988634500000001
39.583333333333336,941.0,6.988634500000001
39.833333333333336,920.0,7.045452666666668
40.083333333333336,1000.0,7.045452666666668
40.166666666666664,999.0,7.159089000000001
40.333333333333336,962.0,7.159089000000001
40.5,962.0,7.159089000000001
40.666666666666664,950.0,7.159089000000001
40.666666666666664,949.0,6.81818
40.833333333333336,949.0,6.81818
40.916666666666664,948.0,6.477271
41.166666666666664,922.0,6.477271
41.333333333333336,941.0,6.6477255
41.583333333333336,1077.0,6.6477255
41.666666666666664,1147.0,6.931816333333333
41.75,1084.0,3.40909
41.916666666666664,935.0,3.40909
42.166666666666664,942.0,3.40909
42.333333333333336,941.0,7.159089000000001
42.416666666666664,925.0,7.102270833333333
42.583333333333336,934.0,7.102270833333333
42.833333333333336,959.0,7.102270833333333
43.0,967.0,7.215907166666668
43.166666666666664,984.0,6.136362
43.333333333333336,1065.0,6.136362
43.583333333333336,1084.0,6.81818
43.666666666666664,1035.0,6.761361833333333
43.833333333333336,1000.0,6.761361833333333
44.0,996.0,6.249998333333333
44.166666666666664,974.0,7.5568161666666676
44.416666666666664,936.0,6.988634500000001
44.583333333333336,916.0,7.159089000000001
44.666666666666664,948.0,6.81818
44.833333333333336,1016.0,6.81818
44.833333333333336,1079.0,6.590907333333333
45.0,1026.0,6.590907333333333
45.166666666666664,985.0,6.590907333333333
45.333333333333336,1073.0,7.8977251666666675
45.583333333333336,1221.0,7.613634333333334
45.75,1184.0,7.613634333333334
45.833333333333336,1046.0,8.636361333333333
46.083333333333336,915.0,8.636361333333333
46.083333333333336,957.0,6.590907333333333
46.166666666666664,1050.0,6.590907333333333
46.25,1055.0,1.8181813333333334
46.5,1022.0,2.1590903333333333
46.666666666666664,1019.0,7.045452666666668
46.916666666666664,1039.0,7.045452666666668
47.083333333333336,1036.0,7.159089000000001
47.166666666666664,1036.0,7.272725333333334
47.333333333333336,939.0,7.215907166666668
47.416666666666664,916.0,6.81818
47.5,910.0,2.4431811666666667
47.5,870.0,3.40909
47.666666666666664,859.0,3.40909
47.916666666666664,946.0,6.874998166666668
48.083333333333336,1073.0,7.443179833333334
48.333333333333336,891.0,7.272725333333334
48.583333333333336,820.0,7.272725333333334
48.75,947.0,7.272725333333334
48.833333333333336,1111.0,6.249998333333333
49.0,1076.0,6.249998333333333
49.166666666666664,892.0,7.329543500000001
49.333333333333336,891.0,7.329543500000001
49.583333333333336,948.0,7.329543500000001
49.75,1073.0,7.329543500000001
50.0,1085.0,7.329543500000001
50.25,1082.0,7.329543500000001
50.333333333333336,1092.0,7.613634333333334
50.416666666666664,1055.0,3.2386355
50.583333333333336,1002.0,3.9772716666666668
50.75,980.0,6.534089166666668
50.833333333333336,957.0,6.931816333333333
51.083333333333336,938.0,6.931816333333333
51.166666666666664,929.0,6.704543666666668
51.416666666666664,937.0,6.704543666666668
51.666666666666664,971.0,7.102270833333333
51.666666666666664,969.0,7.499998000000001
51.75,1093.0,2.2159085000000003
51.833333333333336,1190.0,2.4431811666666667
52.083333333333336,1210.0,3.9772716666666668
52.25,1131.0,7.045452666666668
52.5,1048.0,7.045452666666668
52.5,1121.0,6.874998166666668
52.666666666666664,1155.0,6.874998166666668
52.833333333333336,1059.0,6.590907333333333
52.833333333333336,892.0,6.534089166666668
53.0,883.0,6.534089166666668
53.083333333333336,1073.0,7.670452500000001
53.25,1164.0,7.670452500000001
53.5,1258.0,7.670452500000001
53.666666666666664,1258.0,7.272725333333334
53.916666666666664,1154.0,7.045452666666668
54.083333333333336,997.0,7.045452666666668
54.25,1155.0,7.045452666666668
54.5,1287.0,7.215907166666668
54.666666666666664,1230.0,7.215907166666668
54.75,1112.0,6.6477255
54.916666666666664,1142.0,6.6477255
55.166666666666664,1088.0,6.81818
55.25,1049.0,7.499998000000001
55.333333333333336,1190.0,6.3068165
55.5,1189.0,6.3068165
55.666666666666664,1044.0,6.3068165
55.75,972.0,5.681816666666667
55.833333333333336,979.0,6.477271
55.833333333333336,1030.0,6.477271
56.0,1095.0,6.477271
56.166666666666664,1206.0,6.477271
56.416666666666664,1336.0,7.102270833333333
56.583333333333336,1300.0,7.102270833333333
56.75,1168.0,7.443179833333334
57.0,1140.0,7.443179833333334
57.083333333333336,1217.0,6.136362
57.083333333333336,1213.0,6.136362
57.083333333333336,1209.0,6.136362
57.333333333333336,1249.0,6.136362
57.5,1325.0,7.045452666666668
57.666666666666664,1333.0,6.3068165
57.916666666666664,1296.0,6.3068165
58.083333333333336,1099.0,6.3068165
58.083333333333336,1174.0,6.931816333333333
58.333333333333336,1333.0,6.931816333333333
58.333333333333336,1275.0,7.102270833333333
58.416666666666664,1075.0,7.102270833333333
58.583333333333336,998.0,7.102270833333333
58.833333333333336,1064.0,7.102270833333333
59.0,1200.0,7.386361666666668
59.166666666666664,1278.0,7.102270833333333
59.25,1144.0,3.5795445000000004
59.5,1072.0,3.5795445000000004
59.583333333333336,1116.0,6.874998166666668
59.833333333333336,1164.0,6.874998166666668
60.083333333333336,1163.0,7.272725333333334
60.25,1163.0,7.272725333333334
60.5,1198.0,7.272725333333334
60.583333333333336,1186.0,7.7272706666666675
60.833333333333336,1186.0,7.7272706666666675
60.833333333333336,1148.0,7.8977251666666675
61.083333333333336,1102.0,7.8977251666666675
61.166666666666664,1125.0,6.477271
61.166666666666664,1213.0,6.477271
61.25,1149.0,1.4204541666666668
61.5,1051.0,1.4204541666666668
61.75,1032.0,6.534089166666668
61.916666666666664,1063.0,6.534089166666668
62.166666666666664,1093.0,6.874998166666668
62.333333333333336,1081.0,7.7272706666666675
62.583333333333336,1079.0,6.761361833333333
62.583333333333336,1090.0,6.590907333333333
62.666666666666664,1115.0,6.590907333333333
62.916666666666664,1093.0,7.386361666666668
63.083333333333336,1054.0,7.386361666666668
63.333333333333336,1038.0,7.386361666666668
63.5,1062.0,7.5568161666666676
63.666666666666664,1089.0,6.704543666666668
63.75,1051.0,6.6477255
63.916666666666664,1032.0,6.6477255
63.916666666666664,1019.0,7.386361666666668
64.0,959.0,1.8181813333333334
64.25,966.0,1.8181813333333334
64.41666666666667,1008.0,7.102270833333333
64.58333333333333,1007.0,8.920452166666667
64.75,1034.0,8.920452166666667
64.91666666666667,994.0,9.034088500000001
65.08333333333333,969.0,9.034088500000001
65.25,964.0,6.931816333333333
65.33333333333333,944.0,6.590907333333333
65.41666666666667,1097.0,2.272726666666667
65.58333333333333,1062.0,7.272725333333334
65.75,912.0,7.272725333333334
65.91666666666667,823.0,7.272725333333334
66.16666666666667,904.0,7.8977251666666675
66.25,1143.0,6.704543666666668
66.33333333333333,1144.0,7.613634333333334
66.33333333333333,1086.0,7.613634333333334
66.58333333333333,1087.0,7.613634333333334
66.66666666666667,1087.0,7.443179833333334
66.91666666666667,1081.0,7.443179833333334
67.0,1124.0,7.499998000000001
67.16666666666667,1143.0,7.499998000000001
67.41666666666667,1112.0,7.499998000000001
67.41666666666667,919.0,7.272725333333334
67.5,884.0,2.4431811666666667
67.5,1034.0,2.4431811666666667
67.75,1109.0,2.4431811666666667
67.91666666666667,996.0,6.931816333333333
68.16666666666667,800.0,7.272725333333334
68.33333333333333,889.0,7.272725333333334
68.5,1062.0,9.147724833333333
68.75,1147.0,9.147724833333333
68.91666666666667,1028.0,7.215907166666668
69.0,978.0,9.090906666666667
69.16666666666667,1030.0,7.8977251666666675
69.33333333333333,1069.0,6.988634500000001
69.5,1043.0,6.988634500000001
69.75,906.0,6.988634500000001
69.83333333333333,871.0,7.7272706666666675
70.08333333333333,995.0,7.7272706666666675
70.16666666666667,1168.0,6.704543666666668
70.25,1059.0,6.874998166666668
70.33333333333333,962.0,6.874998166666668
70.41666666666667,1035.0,1.8181813333333334
70.66666666666667,1095.0,6.079543833333333
70.83333333333333,1113.0,6.079543833333333
71.08333333333333,1086.0,7.272725333333334
71.25,1058.0,7.499998000000001
71.41666666666667,946.0,7.215907166666668
71.5,929.0,7.215907166666668
71.58333333333333,1074.0,6.3068165
71.66666666666667,1073.0,6.3068165
71.83333333333333,1033.0,6.3068165
72.08333333333333,1054.0,7.102270833333333
72.25,998.0,7.102270833333333
72.5,966.0,7.102270833333333
72.66666666666667,1020.0,7.499998000000001
72.75,1081.0,6.590907333333333
72.75,1116.0,6.590907333333333
73.0,1113.0,6.590907333333333
73.16666666666667,1113.0,6.874998166666668
73.33333333333333,1142.0,6.874998166666668
73.58333333333333,1050.0,6.874998166666668
73.66666666666667,944.0,7.8409070000000005
73.83333333333333,988.0,7.443179833333334
73.91666666666667,1073.0,3.8636353333333338
74.0,1138.0,8.409088666666667
74.08333333333333,1147.0,8.409088666666667
74.16666666666667,1060.0,8.352270500000001
74.33333333333333,1027.0,8.352270500000001
74.58333333333333,1028.0,7.7272706666666675
74.75,1043.0,7.215907166666668
75.0,1192.0,7.215907166666668
75.25,1225.0,7.443179833333334
75.33333333333333,1223.0,7.8977251666666675
75.5,1040.0,7.8977251666666675
75.5,1037.0,3.636362666666667
75.58333333333333,1100.0,3.636362666666667
75.66666666666667,1077.0,7.443179833333334
75.91666666666667,1087.0,7.443179833333334
76.0,1206.0,8.352270500000001
76.16666666666667,1361.0,8.352270500000001
76.33333333333333,1241.0,7.215907166666668
76.58333333333333,1037.0,7.045452666666668
76.66666666666667,1050.0,6.590907333333333
76.83333333333333,1229.0,6.136362
76.91666666666667,1208.0,6.81818
77.16666666666667,1097.0,6.81818
77.33333333333333,1097.0,6.81818
77.58333333333333,1104.0,6.249998333333333
77.75,1168.0,8.124997833333333
78.0,1161.0,8.124997833333333
78.16666666666667,1142.0,8.124997833333333
78.41666666666667,1136.0,7.102270833333333
78.58333333333333,1141.0,6.931816333333333
78.83333333333333,1131.0,6.931816333333333
79.0,1181.0,6.931816333333333
79.25,1386.0,6.931816333333333
79.41666666666667,1514.0,6.761361833333333
79.5,1161.0,7.5568161666666676
79.58333333333333,1078.0,7.5568161666666676
79.75,1072.0,8.352270500000001
79.75,1071.0,8.352270500000001
79.75,1071.0,8.352270500000001
79.83333333333333,1252.0,8.352270500000001
80.08333333333333,1162.0,8.352270500000001
80.25,994.0,8.352270500000001
80.5,1073.0,8.181816000000001
80.66666666666667,1291.0,7.613634333333334
80.91666666666667,1337.0,7.5568161666666676
81.0,1224.0,6.420452833333333
81.0,1190.0,3.352271833333334
81.0,1239.0,3.352271833333334
81.25,1345.0,3.352271833333334
81.41666666666667,1312.0,6.6477255
81.58333333333333,1229.0,7.102270833333333
81.66666666666667,1196.0,8.068179666666667
81.83333333333333,1243.0,7.670452500000001
82.0,1347.0,6.704543666666668
82.25,1280.0,6.704543666666668
82.25,1228.0,6.931816333333333
82.25,1214.0,6.931816333333333
82.41666666666667,1232.0,6.477271
82.58333333333333,1262.0,6.477271
82.75,1302.0,7.7272706666666675
82.83333333333333,1288.0,7.7272706666666675
83.08333333333333,1213.0,7.7272706666666675
83.16666666666667,1180.0,7.7272706666666675
83.33333333333333,1170.0,7.7272706666666675
83.33333333333333,1208.0,7.443179833333334
83.5,1334.0,7.443179833333334
83.66666666666667,1351.0,7.443179833333334
83.91666666666667,1362.0,7.045452666666668
84.08333333333333,1367.0,7.045452666666668
84.25,1332.0,6.477271
84.41666666666667,1215.0,7.8977251666666675
84.41666666666667,1142.0,8.579543166666667
84.41666666666667,1113.0,8.579543166666667
84.41666666666667,1186.0,8.579543166666667
84.58333333333333,1418.0,8.579543166666667
84.75,1365.0,8.579543166666667
84.91666666666667,1195.0,7.7272706666666675
85.08333333333333,1157.0,7.7272706666666675
85.16666666666667,1230.0,5.909089333333333
85.41666666666667,1378.0,5.909089333333333
85.5,1294.0,6.988634500000001
85.75,1294.0,6.988634500000001
85.83333333333333,1128.0,7.7272706666666675
86.0,1043.0,7.7272706666666675
86.16666666666667,1157.0,7.7272706666666675
86.41666666666667,1280.0,7.443179833333334
86.5,1183.0,6.249998333333333
86.75,1027.0,6.874998166666668
86.91666666666667,1057.0,7.045452666666668
86.91666666666667,1264.0,8.124997833333333
87.0,1228.0,8.124997833333333
87.16666666666667,1178.0,7.443179833333334
87.33333333333333,1203.0,7.443179833333334
87.58333333333333,1311.0,7.5568161666666676
87.83333333333333,1332.0,7.5568161666666676
87.91666666666667,1190.0,7.9545433333333335
88.16666666666667,1146.0,7.9545433333333335
88.33333333333333,1132.0,7.670452500000001
88.5,1214.0,6.477271
88.66666666666667,1280.0,6.761361833333333
88.75,1276.0,8.068179666666667
88.91666666666667,1244.0,8.068179666666667
89.16666666666667,1250.0,8.068179666666667
89.25,1290.0,9.602270166666667
89.41666666666667,1359.0,9.602270166666667
89.58333333333333,1395.0,6.363634666666667
89.75,1287.0,7.045452666666668
89.83333333333333,1274.0,7.5568161666666676
89.83333333333333,1274.0,2.4999993333333332
90.0,1333.0,2.4999993333333332
90.16666666666667,1232.0,2.4999993333333332
90.33333333333333,1022.0,3.40909
90.5,1040.0,6.022725666666667
90.66666666666667,1122.0,6.022725666666667
90.75,1242.0,8.863634000000001
90.91666666666667,1308.0,8.124997833333333
91.0,1229.0,7.329543500000001
91.08333333333333,1172.0,7.329543500000001
91.25,1176.0,1.704545
91.41666666666667,1281.0,7.5568161666666676
91.66666666666667,1339.0,7.5568161666666676
91.91666666666667,1316.0,7.5568161666666676
92.08333333333333,1316.0,7.102270833333333
92.16666666666667,1316.0,6.988634500000001
92.25,1288.0,3.40909
92.25,1328.0,3.40909
92.33333333333333,1342.0,3.40909
92.41666666666667,1345.0,1.1363633333333334
92.66666666666667,1317.0,6.988634500000001
92.83333333333333,1244.0,6.988634500000001
93.0,1259.0,6.249998333333333
93.16666666666667,1285.0,3.4659081666666665
93.33333333333333,1280.0,3.4659081666666665
93.33333333333333,1278.0,6.363634666666667
93.58333333333333,1256.0,6.363634666666667
93.66666666666667,1254.0,7.329543500000001
93.75,1247.0,2.4431811666666667
94.0,1247.0,3.636362666666667
94.16666666666667,1214.0,7.272725333333334
94.33333333333333,1206.0,6.81818
94.41666666666667,1204.0,3.4659081666666665
94.58333333333333,1226.0,3.8636353333333338
94.66666666666667,1240.0,6.249998333333333
94.75,1235.0,6.477271
94.83333333333333,1306.0,6.477271
95.08333333333333,1401.0,6.477271
95.25,1421.0,6.477271
95.5,1373.0,6.590907333333333
95.66666666666667,1316.0,6.590907333333333
95.91666666666667,1299.0,7.7272706666666675
95.91666666666667,1305.0,7.499998000000001
96.08333333333333,1330.0,7.499998000000001
96.08333333333333,1332.0,6.420452833333333
96.16666666666667,1315.0,6.420452833333333
96.33333333333333,1300.0,6.420452833333333
96.5,1291.0,6.420452833333333
96.66666666666667,1272.0,6.420452833333333
96.75,1278.0,6.874998166666668
97.0,1300.0,7.499998000000001
97.0,1310.0,7.7272706666666675
97.08333333333333,1282.0,1.761363166666667
97.16666666666667,1274.0,1.761363166666667
97.41666666666667,1272.0,2.272726666666667
97.58333333333333,1247.0,7.159089000000001
97.83333333333333,1181.0,7.272725333333334
97.83333333333333,1279.0,8.068179666666667
98.08333333333333,1279.0,8.068179666666667
98.25,1314.0,7.215907166666668
98.33333333333333,1235.0,7.102270833333333
98.5,1178.0,7.102270833333333
98.75,1276.0,7.102270833333333
98.91666666666667,1346.0,7.159089000000001
99.16666666666667,1406.0,7.215907166666668
99.33333333333333,1420.0,7.215907166666668
99.41666666666667,1285.0,7.784088833333334
99.58333333333333,1300.0,7.784088833333334
99.75,1340.0,7.784088833333334
99.91666666666667,1306.0,6.931816333333333
100.0,1268.0,3.636362666666667
100.0,1240.0,3.636362666666667
100.16666666666667,1273.0,3.636362666666667
100.41666666666667,1322.0,7.329543500000001
100.58333333333333,1347.0,7.329543500000001
100.83333333333333,1228.0,7.5568161666666676
101.0,1269.0,6.81818
101.25,1323.0,6.81818
101.25,1317.0,7.159089000000001
101.33333333333333,1263.0,7.159089000000001
101.5,1285.0,6.874998166666668
101.58333333333333,1323.0,6.6477255
101.83333333333333,1335.0,6.6477255
102.0,1299.0,6.704543666666668
102.08333333333333,1301.0,6.81818
102.25,1300.0,7.159089000000001
102.41666666666667,1339.0,7.045452666666668
102.5,1276.0,3.4659081666666665
102.5,1232.0,3.4659081666666665
102.5,1334.0,3.4659081666666665
102.66666666666667,1393.0,3.4659081666666665
102.83333333333333,1336.0,3.4659081666666665
103.0,1231.0,5.738634833333333
103.25,1273.0,6.988634500000001
103.25,1320.0,7.102270833333333
103.5,1316.0,7.102270833333333
103.66666666666667,1295.0,6.874998166666668
103.75,1336.0,6.590907333333333
103.75,1453.0,6.590907333333333
103.83333333333333,1453.0,6.590907333333333
104.08333333333333,1428.0,6.6477255
104.25,1428.0,6.249998333333333
104.41666666666667,1344.0,7.272725333333334
104.58333333333333,1380.0,6.363634666666667
104.75,1381.0,6.363634666666667
105.0,1328.0,7.102270833333333
105.16666666666667,1274.0,6.761361833333333
105.25,1225.0,6.249998333333333
105.41666666666667,1267.0,6.249998333333333
105.58333333333333,1327.0,6.874998166666668
105.83333333333333,1338.0,6.874998166666668
105.91666666666667,1281.0,8.0113615
106.16666666666667,1279.0,8.0113615
106.33333333333333,1274.0,7.329543500000001
106.5,1276.0,7.329543500000001
106.5,1281.0,6.6477255
106.58333333333333,1359.0,6.6477255
106.75,1363.0,6.874998166666668
107.0,1313.0,7.499998000000001
107.16666666666667,1288.0,6.477271
107.33333333333333,1414.0,6.477271
107.5,1428.0,6.3068165
107.66666666666667,1372.0,6.3068165
107.91666666666667,1299.0,6.3068165
108.0,1291.0,6.931816333333333
108.0,1329.0,6.931816333333333
108.08333333333333,1334.0,6.931816333333333
108.25,1331.0,6.931816333333333
108.5,1332.0,6.931816333333333
108.66666666666667,1342.0,6.931816333333333
108.75,1346.0,6.6477255
109.0,1347.0,6.6477255
109.16666666666667,1360.0,6.6477255
109.33333333333333,1381.0,6.6477255
109.41666666666667,1328.0,6.761361833333333
109.5,1221.0,2.3295448333333333
109.66666666666667,1248.0,3.2386355
109.83333333333333,1408.0,3.5795445000000004
110.0,1498.0,5.852271166666667
110.16666666666667,1468.0,5.852271166666667
110.33333333333333,1430.0,5.852271166666667
110.41666666666667,1420.0,6.3068165
110.66666666666667,1426.0,6.3068165
110.75,1426.0,6.590907333333333
110.83333333333333,1431.0,6.590907333333333
110.91666666666667,1429.0,6.590907333333333
111.08333333333333,1414.0,6.590907333333333
111.25,1380.0,6.590907333333333
111.33333333333333,1374.0,6.874998166666668
111.58333333333333,1398.0,6.874998166666668
111.75,1399.0,6.81818
111.91666666666667,1341.0,6.81818
112.0,1392.0,6.81818
112.08333333333333,1481.0,3.40909
112.08333333333333,1457.0,1.9318176666666669
112.25,1416.0,2.1590903333333333
112.5,1405.0,6.3068165
112.66666666666667,1408.0,6.761361833333333
112.75,1393.0,7.386361666666668
112.91666666666667,1376.0,7.386361666666668
113.08333333333333,1357.0,7.386361666666668
113.16666666666667,1360.0,6.136362
113.25,1372.0,6.136362
113.41666666666667,1379.0,6.136362
113.66666666666667,1375.0,6.136362
113.83333333333333,1374.0,6.761361833333333
114.0,1394.0,6.761361833333333
114.16666666666667,1420.0,7.329543500000001
114.33333333333333,1433.0,7.329543500000001
114.5,1482.0,6.249998333333333
114.58333333333333,1500.0,7.159089000000001
114.58333333333333,1389.0,7.159089000000001
114.66666666666667,1248.0,7.159089000000001
114.66666666666667,1246.0,1.0795451666666667
114.91666666666667,1538.0,1.0795451666666667
115.0,1577.0,6.761361833333333
115.16666666666667,1439.0,6.761361833333333
115.41666666666667,1363.0,6.761361833333333
115.5,1564.0,6.590907333333333
115.66666666666667,1631.0,6.590907333333333
115.83333333333333,1572.0,6.590907333333333
115.83333333333333,1515.0,5.9659075
115.91666666666667,1566.0,5.9659075
115.91666666666667,1755.0,1.3068178333333333
116.08333333333333,1757.0,1.3068178333333333
116.25,1624.0,6.136362
116.41666666666667,1624.0,6.136362
116.66666666666667,1515.0,6.363634666666667
116.83333333333333,1578.0,6.477271
117.0,1577.0,6.477271
117.08333333333333,1443.0,6.363634666666667
117.25,1271.0,6.931816333333333
117.33333333333333,1355.0,6.931816333333333
117.5,1635.0,6.704543666666668
117.66666666666667,1739.0,6.363634666666667
117.83333333333333,1668.0,6.363634666666667
117.83333333333333,1520.0,5.9659075
118.08333333333333,1505.0,5.9659075
118.25,1511.0,5.9659075
118.33333333333333,1510.0,5.6249985
118.33333333333333,1461.0,5.6249985
118.33333333333333,1648.0,5.6249985
118.41666666666667,1590.0,5.6249985
118.58333333333333,1398.0,6.534089166666668
118.66666666666667,1277.0,6.6477255
118.83333333333333,1439.0,6.6477255
119.08333333333333,1706.0,6.6477255
119.08333333333333,1725.0,8.465906833333333
119.25,1658.0,8.465906833333333
119.25,1632.0,6.249998333333333
119.33333333333333,1653.0,1.5340905
119.41666666666667,1575.0,1.5340905
119.5,1312.0,1.8749995000000002
119.66666666666667,1312.0,3.1818173333333335
119.75,1137.0,6.477271
120.0,1254.0,6.81818
120.08333333333333,1435.0,5.227271333333333
120.25,1549.0,5.227271333333333
120.33333333333333,1623.0,6.420452833333333
120.58333333333333,1862.0,6.534089166666668
120.66666666666667,1976.0,6.363634666666667
120.66666666666667,2010.0,6.363634666666667
120.83333333333333,1977.0,6.363634666666667
120.91666666666667,1734.0,6.079543833333333
121.08333333333333,1657.0,6.079543833333333
121.33333333333333,1721.0,6.874998166666668
121.5,1706.0,6.874998166666668
121.58333333333333,1526.0,6.079543833333333
121.75,1311.0,6.079543833333333
121.83333333333333,1311.0,6.022725666666667
121.91666666666667,1297.0,2.0454540000000003
121.91666666666667,1388.0,2.0454540000000003
122.0,1523.0,1.4204541666666668
122.16666666666667,1573.0,3.2954536666666665
122.33333333333333,1600.0,6.193180166666667
122.58333333333333,1682.0,6.477271
122.66666666666667,1706.0,5.511362166666667
122.83333333333333,1576.0,5.511362166666667
123.0,1555.0,6.3068165
123.16666666666667,1591.0,6.3068165
123.33333333333333,1620.0,6.022725666666667
123.5,1629.0,6.022725666666667
123.58333333333333,1633.0,6.6477255
123.66666666666667,1724.0,6.6477255
123.75,1772.0,2.102272166666667
123.91666666666667,1684.0,3.0113628333333335
124.16666666666667,1436.0,6.534089166666668
124.25,1451.0,6.022725666666667
124.41666666666667,1482.0,6.022725666666667
124.41666666666667,1493.0,5.852271166666667
124.41666666666667,1509.0,5.852271166666667
124.41666666666667,1562.0,5.852271166666667
124.41666666666667,1673.0,5.852271166666667
124.58333333333333,1835.0,5.852271166666667
124.75,2034.0,6.193180166666667
124.91666666666667,2155.0,6.193180166666667
125.0,2133.0,5.9659075
125.08333333333333,2153.0,5.9659075
125.25,2104.0,6.590907333333333
125.41666666666667,1807.0,6.590907333333333
125.41666666666667,1646.0,5.909089333333333
125.5,1489.0,1.9886358333333334
125.5,1334.0,1.9886358333333334
125.58333333333333,1227.0,1.9886358333333334
125.75,1327.0,1.9886358333333334
125.83333333333333,1494.0,5.681816666666667
126.0,1608.0,5.681816666666667
126.08333333333333,1662.0,5.6249985
126.25,1843.0,5.6249985
126.41666666666667,1857.0,5.6249985
126.5,2005.0,5.6249985
126.58333333333333,2005.0,5.6249985
126.75,1979.0,5.6249985
126.75,1911.0,5.227271333333333
126.83333333333333,1974.0,5.227271333333333
127.0,1985.0,5.568180333333333
127.16666666666667,1902.0,5.568180333333333
127.33333333333333,1761.0,6.420452833333333
127.5,1671.0,5.056816833333333
127.75,1626.0,5.056816833333333
127.91666666666667,1541.0,5.454544
127.91666666666667,1486.0,6.249998333333333
128.0,1718.0,6.249998333333333
128.0,1876.0,1.8181813333333334
128.0,1875.0,1.8181813333333334
128.08333333333334,1885.0,1.8181813333333334
128.25,1958.0,5.511362166666667
128.41666666666666,2092.0,5.511362166666667
128.58333333333334,2169.0,5.681816666666667
128.66666666666666,2146.0,5.9659075
128.83333333333334,2010.0,5.6249985
128.91666666666666,1896.0,5.909089333333333
129.08333333333334,1902.0,5.909089333333333
129.25,1941.0,5.909089333333333
129.33333333333334,1958.0,5.227271333333333
129.33333333333334,1860.0,5.227271333333333
129.41666666666666,1808.0,5.227271333333333
129.58333333333334,1726.0,5.568180333333333
129.66666666666666,1727.0,5.170453166666666
129.91666666666666,1717.0,5.170453166666666
130.0,1709.0,5.6249985
130.16666666666666,1609.0,5.6249985
130.25,1577.0,4.9431805
130.33333333333334,1608.0,2.9545446666666666
130.5,1763.0,2.9545446666666666
130.5,1945.0,5.795453
130.66666666666666,1997.0,5.795453
130.83333333333334,1962.0,5.454544
131.0,2187.0,5.738634833333333
131.0,2267.0,6.022725666666667
131.16666666666666,2110.0,6.3068165
131.33333333333334,1929.0,5.227271333333333
131.41666666666666,1904.0,4.6022715000000005
131.58333333333334,1698.0,4.6022715000000005
131.75,1698.0,5.6249985
131.91666666666666,1704.0,5.170453166666666
131.91666666666666,1775.0,4.431817000000001
131.91666666666666,1825.0,4.431817000000001
131.91666666666666,1767.0,4.431817000000001
132.0,1861.0,4.431817000000001
132.16666666666666,2071.0,4.431817000000001
132.33333333333334,2248.0,4.431817000000001
132.41666666666666,2217.0,5.6249985
132.58333333333334,1932.0,4.9431805
132.58333333333334,1814.0,4.8863623333333335
132.75,1806.0,4.8863623333333335
132.91666666666666,1804.0,4.8863623333333335
132.91666666666666,1784.0,5.227271333333333
133.0,1780.0,5.227271333333333
133.16666666666666,1809.0,4.9431805
133.25,1865.0,5.2840895
133.25,1929.0,5.2840895
133.33333333333334,1910.0,1.3068178333333333
133.5,1996.0,4.7727260000000005
133.66666666666666,2105.0,4.7727260000000005
133.83333333333334,2136.0,4.9431805
134.0,2116.0,4.9431805
134.0,2219.0,4.7159078333333335
134.08333333333334,2220.0,4.7159078333333335
134.25,2062.0,4.7159078333333335
134.41666666666666,1906.0,4.7159078333333335
134.5,1944.0,4.9999986666666665
134.58333333333334,1951.0,4.374998833333334
134.58333333333334,1889.0,4.374998833333334
134.75,1849.0,4.374998833333334
134.83333333333334,2040.0,4.9999986666666665
135.0,2331.0,4.9999986666666665
135.16666666666666,2434.0,4.545453333333334
135.25,2319.0,5.397725833333334
135.25,2129.0,4.261362500000001
135.25,2191.0,4.261362500000001
135.33333333333334,2221.0,4.261362500000001
135.41666666666666,2168.0,0.9090906666666667
135.58333333333334,2016.0,2.670453833333333
135.75,1930.0,4.659089666666667
135.75,1905.0,4.545453333333334
135.75,1894.0,4.545453333333334
135.83333333333334,1894.0,1.1931815000000001
135.91666666666666,1838.0,2.6136356666666667
136.08333333333334,1780.0,4.431817000000001
136.25,1828.0,4.431817000000001
136.41666666666666,1909.0,5.056816833333333
136.5,1984.0,5.056816833333333
136.66666666666666,2185.0,5.056816833333333
136.83333333333334,2435.0,4.8295441666666665
136.91666666666666,2550.0,5.056816833333333
137.08333333333334,2540.0,5.056816833333333
137.25,2479.0,5.056816833333333
137.41666666666666,2361.0,5.056816833333333
137.5,2359.0,4.8863623333333335
137.66666666666666,2213.0,4.8863623333333335
137.83333333333334,2137.0,4.7159078333333335
137.91666666666666,1997.0,4.488635166666667
138.08333333333334,2013.0,4.488635166666667
138.25,2084.0,4.659089666666667
138.25,2117.0,4.431817000000001
138.41666666666666,2110.0,4.431817000000001
138.58333333333334,2149.0,4.431817000000001
138.66666666666666,2190.0,4.090908000000001
138.66666666666666,2130.0,4.090908000000001
138.83333333333334,2017.0,4.090908000000001
138.83333333333334,2039.0,4.8295441666666665
138.83333333333334,2095.0,4.8295441666666665
138.83333333333334,2098.0,4.8295441666666665
138.83333333333334,2125.0,4.8295441666666665
138.91666666666666,2048.0,0.681818
139.08333333333334,1994.0,2.2159085000000003
139.16666666666666,2004.0,4.7159078333333335
139.33333333333334,2033.0,4.7159078333333335
139.5,2088.0,4.7159078333333335
139.58333333333334,2155.0,4.7727260000000005
139.75,2141.0,4.8295441666666665
139.91666666666666,2140.0,4.7159078333333335
140.0,2129.0,4.545453333333334
140.16666666666666,1995.0,4.545453333333334
140.33333333333334,1963.0,4.545453333333334
140.41666666666666,1980.0,4.7727260000000005
140.58333333333334,1979.0,4.7727260000000005
140.75,2089.0,4.8295441666666665
140.83333333333334,2089.0,4.7159078333333335
141.0,2030.0,4.6022715000000005
141.08333333333334,2092.0,4.431817000000001
141.08333333333334,2294.0,4.431817000000001
141.16666666666666,2435.0,1.5340905
141.25,2363.0,2.4431811666666667
141.41666666666666,2369.0,2.4431811666666667
141.5,2380.0,4.488635166666667
141.5,2297.0,4.488635166666667
141.5,2075.0,4.488635166666667
141.58333333333334,2002.0,4.488635166666667
141.75,1989.0,4.488635166666667
141.83333333333334,1940.0,4.488635166666667
142.0,1942.0,4.488635166666667
142.08333333333334,2045.0,3.9772716666666668
142.25,2168.0,3.9772716666666668
142.41666666666666,2209.0,4.374998833333334
142.5,2210.0,4.488635166666667
142.66666666666666,2379.0,4.7159078333333335
142.75,2420.0,4.545453333333334
142.83333333333334,2337.0,4.545453333333334
143.0,2261.0,4.8295441666666665
143.0,2265.0,5.113635
143.08333333333334,2324.0,5.113635
143.08333333333334,2310.0,1.363636
143.08333333333334,2211.0,1.363636
143.16666666666666,2145.0,1.1363633333333334
143.33333333333334,2130.0,1.1363633333333334
143.5,2161.0,4.147726166666667
143.58333333333334,2251.0,4.7727260000000005
143.66666666666666,2315.0,4.8863623333333335
143.66666666666666,2225.0,4.8863623333333335
143.83333333333334,2239.0,4.8863623333333335
143.91666666666666,2306.0,5.511362166666667
144.08333333333334,2302.0,5.511362166666667
144.08333333333334,2147.0,4.374998833333334
144.25,2030.0,4.374998833333334
144.25,2051.0,4.147726166666667
144.33333333333334,2079.0,4.147726166666667
144.41666666666666,2065.0,4.9999986666666665
144.58333333333334,2060.0,4.261362500000001
144.58333333333334,2097.0,4.204544333333334
144.75,2098.0,4.204544333333334
144.83333333333334,2098.0,4.7159078333333335
145.0,2081.0,4.204544333333334
145.0,2157.0,3.9772716666666668
145.16666666666666,2266.0,3.9772716666666668
145.25,2293.0,3.693180833333334
145.33333333333334,2286.0,3.806817166666667
145.5,2225.0,3.806817166666667
145.58333333333334,2208.0,4.7159078333333335
145.75,2312.0,4.7159078333333335
145.75,2323.0,4.090908000000001
145.83333333333334,2238.0,4.090908000000001
145.91666666666666,2203.0,1.363636
146.0,2205.0,3.9772716666666668
146.16666666666666,2278.0,3.9772716666666668
146.33333333333334,2308.0,3.9772716666666668
146.41666666666666,2155.0,5.113635
146.5,2158.0,3.9204535000000003
146.66666666666666,2178.0,3.8636353333333338
146.75,2040.0,4.659089666666667
146.83333333333334,1819.0,4.204544333333334
146.91666666666666,1601.0,2.1590903333333333
147.08333333333334,1590.0,2.1590903333333333
147.16666666666666,1701.0,3.2954536666666665
147.33333333333334,1875.0,3.2954536666666665
147.33333333333334,2035.0,3.806817166666667
147.33333333333334,2210.0,3.806817166666667
147.5,2211.0,3.806817166666667
147.58333333333334,2392.0,4.8295441666666665
147.75,2553.0,3.9772716666666668
147.83333333333334,2583.0,3.9204535000000003
147.91666666666666,2525.0,3.8636353333333338
148.08333333333334,2448.0,3.8636353333333338
148.16666666666666,2335.0,4.034089833333334
148.33333333333334,2026.0,3.9204535000000003
148.41666666666666,1813.0,4.6022715000000005
148.58333333333334,1655.0,4.6022715000000005
148.66666666666666,1615.0,4.090908000000001
148.75,1739.0,4.034089833333334
148.83333333333334,1934.0,4.261362500000001
148.83333333333334,2054.0,4.261362500000001
148.83333333333334,2054.0,4.261362500000001
149.0,2231.0,4.261362500000001
149.0,2666.0,3.806817166666667
149.16666666666666,2666.0,3.806817166666667
149.16666666666666,2833.0,3.9204535000000003
149.25,2817.0,1.9318176666666669
149.41666666666666,2686.0,4.090908000000001
149.5,2465.0,3.8636353333333338
149.66666666666666,2408.0,3.8636353333333338
149.75,2334.0,5.113635
149.83333333333334,2211.0,4.261362500000001
149.91666666666666,2021.0,4.261362500000001
150.0,1876.0,4.204544333333334
150.16666666666666,1875.0,4.204544333333334
150.25,1907.0,3.522726333333334
150.25,1917.0,4.034089833333334
150.25,2135.0,4.034089833333334
150.33333333333334,2179.0,4.034089833333334
150.41666666666666,2203.0,0.9659088333333334
150.5,2303.0,2.0454540000000003
150.5,2569.0,4.147726166666667
150.66666666666666,2620.0,4.147726166666667
150.75,2462.0,3.9772716666666668
150.91666666666666,2268.0,3.9772716666666668
151.0,2135.0,4.261362500000001
151.08333333333334,2192.0,4.8295441666666665
151.16666666666666,2251.0,4.8295441666666665
151.25,2187.0,1.9318176666666669
151.25,2107.0,4.147726166666667
151.33333333333334,2107.0,4.147726166666667
151.41666666666666,2161.0,3.693180833333334
151.58333333333334,2247.0,3.693180833333334
151.58333333333334,2295.0,4.034089833333334
151.75,2250.0,4.034089833333334
151.83333333333334,2192.0,5.056816833333333
151.91666666666666,2187.0,4.034089833333334
152.08333333333334,2131.0,4.034089833333334
152.16666666666666,1998.0,4.6022715000000005
152.33333333333334,1854.0,4.147726166666667
152.41666666666666,1890.0,3.9204535000000003
152.41666666666666,1993.0,3.9204535000000003
152.58333333333334,2035.0,3.9204535000000003
152.58333333333334,2066.0,4.7727260000000005
152.75,2199.0,4.7727260000000005
152.83333333333334,2303.0,3.636362666666667
153.0,2303.0,3.7499990000000003
153.08333333333334,2337.0,4.090908000000001
153.08333333333334,2234.0,3.9204535000000003
153.08333333333334,2082.0,3.9204535000000003
153.08333333333334,2053.0,3.9204535000000003
153.16666666666666,2096.0,0.7954543333333334
153.33333333333334,2079.0,3.693180833333334
153.41666666666666,1900.0,3.9772716666666668
153.5,1859.0,3.40909
153.66666666666666,1900.0,3.40909
153.75,1972.0,4.545453333333334
153.91666666666666,2007.0,4.034089833333334
154.0,2009.0,3.7499990000000003
154.08333333333334,2045.0,3.636362666666667
154.25,2118.0,3.636362666666667
154.33333333333334,2166.0,3.5795445000000004
154.41666666666666,2200.0,3.2386355
154.5,2315.0,4.7727260000000005
154.58333333333334,2598.0,3.40909
154.66666666666666,2924.0,3.40909
154.66666666666666,3168.0,1.6477268333333333
154.66666666666666,3345.0,1.6477268333333333
154.75,3558.0,1.6477268333333333
154.83333333333334,3720.0,0.9659088333333334
154.83333333333334,3849.0,2.670453833333333
154.91666666666666,4068.0,1.5909086666666667
155.0,4074.0,1.5909086666666667
155.08333333333334,4271.0,2.272726666666667
155.08333333333334,4351.0,2.4999993333333332
155.16666666666666,4420.0,2.4999993333333332
155.16666666666666,4497.0,1.761363166666667
155.25,4467.0,1.761363166666667
155.25,4288.0,1.2499996666666666
155.25,3975.0,1.2499996666666666
155.25,3863.0,1.2499996666666666
155.25,3872.0,1.2499996666666666
155.25,3869.0,1.2499996666666666
155.33333333333334,3752.0,1.2499996666666666
155.33333333333334,3390.0,0.45454533333333336
155.33333333333334,3213.0,0.45454533333333336
155.33333333333334,3211.0,0.45454533333333336
155.33333333333334,3165.0,0.45454533333333336
155.33333333333334,3048.0,0.45454533333333336
155.33333333333334,3048.0,0.45454533333333336
155.33333333333334,3100.0,0.45454533333333336
155.33333333333334,3199.0,0.45454533333333336
155.33333333333334,3287.0,0.45454533333333336
155.33333333333334,3448.0,0.45454533333333336
155.33333333333334,3557.0,0.45454533333333336
155.33333333333334,3440.0,0.45454533333333336
155.33333333333334,3177.0,0.45454533333333336
155.33333333333334,2952.0,0.45454533333333336
155.33333333333334,2884.0,0.45454533333333336
155.33333333333334,2880.0,0.45454533333333336
155.33333333333334,2859.0,0.45454533333333336
155.33333333333334,2860.0,0.45454533333333336
155.33333333333334,2964.0,0.45454533333333336
155.33333333333334,3101.0,0.45454533333333336
155.33333333333334,3120.0,0.45454533333333336
155.33333333333334,3087.0,0.45454533333333336
155.33333333333334,3103.0,0.45454533333333336
155.33333333333334,3139.0,0.45454533333333336
155.33333333333334,3073.0,0.45454533333333336
155.33333333333334,2998.0,0.45454533333333336
155.33333333333334,2960.0,0.45454533333333336
155.33333333333334,3061.0,0.45454533333333336
155.33333333333334,3188.0,0.45454533333333336
155.33333333333334,3237.0,0.45454533333333336
155.33333333333334,3210.0,0.45454533333333336
155.33333333333334,3187.0,0.45454533333333336
155.33333333333334,3190.0,0.45454533333333336
155.33333333333334,3230.0,0.45454533333333336
155.33333333333334,3061.0,0.45454533333333336
155.33333333333334,2538.0,0.45454533333333336
155.33333333333334,959.0,0.45454533333333336
155.33333333333334,376.0,0.45454533333333336
155.33333333333334,123.0,0.45454533333333336
155.33333333333334,0.0,0.45454533333333336
155.33333333333334,0.0,0.45454533333333336
155.33333333333334,0.0,0.45454533333333336
155.33333333333334,0.0,0.45454533333333336
155.33333333333334,0.0,0.45454533333333336
155.33333333333334,0.0,0.45454533333333336
155.33333333333334,0.0,0.45454533333333336
155.33333333333334,0.0,0.45454533333333336
155.33333333333334,0.0,0.45454533333333336
155.33333333333334,0.0,0.45454533333333336
155.33333333333334,0.0,0.45454533333333336
155.33333333333334,0.0,0.45454533333333336
155.33333333333334,0.0,0.45454533333333336
155.33333333333334,0.0,0.45454533333333336
155.33333333333334,113.0,0.0
155.33333333333334,385.0,0.0
155.33333333333334,299.0,0.0
155.33333333333334,138.0,0.0
155.33333333333334,29.0,0.0
155.33333333333334,0.0,0.0
155.33333333333334,0.0,0.0
155.33333333333334,0.0,0.0
155.33333333333334,0.0,0.0
155.33333333333334,0.0,0.0
155.33333333333334,0.0,0.0
155.33333333333334,0.0,0.0
155.33333333333334,0.0,0.0
155.33333333333334,0.0,0.0
155.33333333333334,8.0,0.0
155.33333333333334,52.0,0.0
155.33333333333334,43.0,0.0
155.33333333333334,23.0,0.0
155.33333333333334,7.0,0.0
155.33333333333334,0.0,0.0
155.33333333333334,0.0,0.0
155.33333333333334,0.0,0.0
155.33333333333334,0.0,0.0
155.33333333333334,0.0,0.0
155.33333333333334,0.0,0.0
155.33333333333334,0.0,0.0
155.33333333333334,0.0,0.0
155.33333333333334,0.0,0.0
155.33333333333334,0.0,0.0
155.33333333333334,0.0,0.0
155.33333333333334,0.0,0.0
155.33333333333334,0.0,0.0
155.33333333333334,0.0,0.0
155.33333333333334,0.0,0.0
155.33333333333334,0.0,0.0
155.33333333333334,0.0,0.0
155.33333333333334,0.0,0.0
155.33333333333334,0.0,0.0
155.33333333333334,14.0,0.0
155.33333333333334,27.0,0.0
155.33333333333334,34.0,0.0
155.33333333333334,34.0,0.0
155.33333333333334,13.0,0.0
155.33333333333334,0.0,0.0
155.33333333333334,0.0,0.0
155.33333333333334,0.0,0.0
155.33333333333334,0.0,0.0
155.33333333333334,0.0,0.0
155.33333333333334,0.0,0.0
155.33333333333334,0.0,0.0
155.33333333333334,0.0,0.0
155.33333333333334,0.0,0.0
155.33333333333334,0.0,0.0
155.33333333333334,0.0,0.0
155.33333333333334,0.0,0.0
155.33333333333334,0.0,0.0
155.33333333333334,0.0,0.0
155.33333333333334,0.0,0.0
155.33333333333334,0.0,0.0
155.33333333333334,0.0,0.0
155.33333333333334,0.0,0.0
155.33333333333334,0.0,0.0
155.33333333333334,0.0,0.0
155.33333333333334,0.0,0.0
155.33333333333334,0.0,0.0
155.33333333333334,0.0,0.0
155.33333333333334,0.0,0.0
155.33333333333334,0.0,0.0
155.33333333333334,0.0,0.0
155.33333333333334,0.0,0.0
155.33333333333334,0.0,0.0
155.33333333333334,0.0,0.0
155.33333333333334,0.0,0.0
155.33333333333334,0.0,0.0
155.33333333333334,0.0,0.0
155.33333333333334,0.0,0.0
155.33333333333334,0.0,0.0
155.33333333333334,0.0,0.0
155.33333333333334,0.0,0.0
155.33333333333334,0.0,0.0
155.33333333333334,0.0,0.0
155.33333333333334,0.0,0.0
155.33333333333334,0.0,0.0
155.33333333333334,0.0,0.0
155.33333333333334,0.0,0.0
155.33333333333334,0.0,0.0
155.33333333333334,0.0,0.0
155.33333333333334,0.0,0.0
155.33333333333334,0.0,0.0
155.33333333333334,0.0,0.0
155.33333333333334,0.0,0.0
155.33333333333334,0.0,0.0
155.33333333333334,2.0,0.0
155.33333333333334,6.0,0.0
155.33333333333334,9.0,0.0
155.33333333333334,11.0,0.0
155.33333333333334,10.0,0.0
155.33333333333334,5.0,0.0
155.33333333333334,1.0,0.0
155.33333333333334,0.0,0.0
155.33333333333334,0.0,0.0
155.33333333333334,0.0,0.0
155.33333333333334,1.0,0.0
155.33333333333334,0.0,0.0
155.33333333333334,0.0,0.0
155.33333333333334,0.0,0.0
155.33333333333334,0.0,0.0
155.33333333333334,0.0,0.0
155.33333333333334,0.0,0.0
155.33333333333334,0.0,0.0
155.33333333333334,0.0,0.0
155.33333333333334,0.0,0.0
155.33333333333334,0.0,0.0
155.33333333333334,0.0,0.0
155.33333333333334,1.0,0.0
155.33333333333334,4.0,0.0
155.33333333333334,9.0,0.0
155.33333333333334,7.0,0.0
155.33333333333334,0.0,0.0
155.33333333333334,1.0,0.0
155.33333333333334,0.0,0.0
155.33333333333334,0.0,0.0
155.33333333333334,0.0,0.0
155.33333333333334,0.0,0.0
155.33333333333334,0.0,0.0
155.33333333333334,0.0,0.0
155.33333333333334,0.0,0.0
155.33333333333334,0.0,0.0
155.33333333333334,0.0,0.0
155.33333333333334,0.0,0.0
155.33333333333334,0.0,0.0
155.33333333333334,0.0,0.0
155.33333333333334,0.0,0.0
155.33333333333334,0.0,0.0
155.33333333333334,0.0,0.0
155.33333333333334,0.0,0.0
155.33333333333334,0.0,0.0
155.33333333333334,0.0,0.0
155.33333333333334,0.0,0.0
155.33333333333334,0.0,0.0
155.33333333333334,0.0,0.0
155.33333333333334,0.0,0.0
155.33333333333334,0.0,0.0
155.33333333333334,0.0,0.0
155.33333333333334,0.0,0.0
155.33333333333334,0.0,0.0
155.33333333333334,0.0,0.0
155.33333333333334,0.0,0.0
155.33333333333334,0.0,0.0
155.33333333333334,0.0,0.0
155.33333333333334,0.0,0.0
155.33333333333334,0.0,0.0
155.33333333333334,0.0,0.0
155.33333333333334,0.0,0.0
155.33333333333334,0.0,0.0
155.33333333333334,0.0,0.0
155.33333333333334,0.0,0.0
155.33333333333334,0.0,0.0
155.33333333333334,0.0,0.0
155.33333333333334,0.0,0.0
155.33333333333334,0.0,0.0
155.33333333333334,0.0,0.0
155.33333333333334,0.0,0.0
155.33333333333334,0.0,0.0
155.33333333333334,0.0,0.0
155.33333333333334,0.0,0.0
155.33333333333334,0.0,0.0
155.33333333333334,0.0,0.0
155.33333333333334,0.0,0.0
155.33333333333334,2.0,0.0
155.33333333333334,4.0,0.0
155.33333333333334,4.0,0.0
155.33333333333334,1.0,0.0
155.33333333333334,0.0,0.0
155.33333333333334,0.0,0.0
155.33333333333334,0.0,0.0
155.33333333333334,0.0,0.0
155.33333333333334,0.0,0.0
155.33333333333334,0.0,0.0
155.33333333333334,0.0,0.0
155.33333333333334,0.0,0.0
155.33333333333334,0.0,0.0
155.33333333333334,0.0,0.0
155.33333333333334,0.0,0.0
155.33333333333334,0.0,0.0
155.33333333333334,0.0,0.0
155.33333333333334,0.0,0.0
155.33333333333334,0.0,0.0
155.33333333333334,0.0,0.0
155.33333333333334,0.0,0.0
155.33333333333334,0.0,0.0
155.33333333333334,0.0,0.0
155.33333333333334,2.0,0.0
155.33333333333334,5.0,0.0
155.33333333333334,7.0,0.0
155.33333333333334,5.0,0.0
155.33333333333334,2.0,0.0
155.33333333333334,1.0,0.0
155.33333333333334,0.0,0.0
155.33333333333334,0.0,0.0
155.33333333333334,0.0,0.0
155.33333333333334,0.0,0.0
155.33333333333334,0.0,0.0
155.33333333333334,0.0,0.0
155.33333333333334,0.0,0.0
155.33333333333334,0.0,0.0
155.33333333333334,0.0,0.0
155.33333333333334,1.0,0.0
155.33333333333334,1.0,0.0
155.33333333333334,1.0,0.0
155.33333333333334,0.0,0.0
155.33333333333334,0.0,0.0
155.33333333333334,0.0,0.0
155.33333333333334,0.0,0.0
155.33333333333334,0.0,0.0
155.33333333333334,0.0,0.0
155.33333333333334,0.0,0.0
155.33333333333334,0.0,0.0
155.33333333333334,0.0,0.0
155.33333333333334,0.0,0.0
155.33333333333334,0.0,0.0
155.33333333333334,0.0,0.0
155.33333333333334,0.0,0.0
155.33333333333334,0.0,0.0
155.33333333333334,0.0,0.0
155.33333333333334,0.0,0.0
155.33333333333334,0.0,0.0
155.33333333333334,0.0,0.0
155.33333333333334,0.0,0.0
155.33333333333334,0.0,0.0
155.33333333333334,0.0,0.0
155.33333333333334,0.0,0.0
155.33333333333334,0.0,0.0
155.33333333333334,0.0,0.0
155.33333333333334,0.0,0.0
155.33333333333334,0.0,0.0
155.33333333333334,0.0,0.0
155.33333333333334,0.0,0.0
155.33333333333334,0.0,0.0
155.33333333333334,0.0,0.0
155.33333333333334,0.0,0.0
155.33333333333334,0.0,0.0
155.33333333333334,0.0,0.0
155.33333333333334,0.0,0.0
155.33333333333334,0.0,0.0
155.33333333333334,0.0,0.0
155.33333333333334,0.0,0.0
155.33333333333334,0.0,0.0
155.33333333333334,0.0,0.0
155.33333333333334,0.0,0.0
155.33333333333334,0.0,0.0
155.33333333333334,0.0,0.0
155.33333333333334,0.0,0.0
155.33333333333334,0.0,0.0
155.33333333333334,0.0,0.0
155.33333333333334,0.0,0.0
155.33333333333334,0.0,0.0
155.33333333333334,0.0,0.0
155.33333333333334,0.0,0.0
155.33333333333334,0.0,0.0
155.33333333333334,0.0,0.0
155.33333333333334,0.0,0.0
155.33333333333334,0.0,0.0
155.33333333333334,0.0,0.0
155.33333333333334,0.0,0.0
155.33333333333334,0.0,0.0
155.33333333333334,0.0,0.0
155.33333333333334,0.0,0.0
155.33333333333334,0.0,0.0
155.33333333333334,0.0,0.0
155.33333333333334,0.0,0.0
155.33333333333334,0.0,0.0
155.33333333333334,0.0,0.0
155.33333333333334,0.0,0.0
155.33333333333334,0.0,0.0
155.33333333333334,0.0,0.0
155.33333333333334,0.0,0.0
155.33333333333334,0.0,0.0
155.33333333333334,0.0,0.0
155.33333333333334,0.0,0.0
155.33333333333334,0.0,0.0
155.33333333333334,0.0,0.0
155.33333333333334,0.0,0.0
155.33333333333334,0.0,0.0
155.33333333333334,0.0,0.0
155.33333333333334,0.0,0.0
155.33333333333334,0.0,0.0
155.33333333333334,0.0,0.0
155.33333333333334,0.0,0.0
155.33333333333334,0.0,0.0
155.33333333333334,0.0,0.0
155.33333333333334,0.0,0.0
155.33333333333334,0.0,0.0
155.33333333333334,0.0,0.0
155.33333333333334,0.0,0.0
155.33333333333334,0.0,0.0
155.33333333333334,0.0,0.0
155.33333333333334,0.0,0.0
155.33333333333334,0.0,0.0
155.33333333333334,0.0,0.0
155.33333333333334,0.0,0.0
155.33333333333334,0.0,0.0
155.33333333333334,0.0,0.0
155.33333333333334,0.0,0.0
155.33333333333334,0.0,0.0
155.33333333333334,0.0,0.0
155.33333333333334,0.0,0.0
155.33333333333334,0.0,0.0
155.33333333333334,0.0,0.0
155.33333333333334,0.0,0.0
155.33333333333334,0.0,0.0
155.33333333333334,0.0,0.0
155.33333333333334,0.0,0.0
155.33333333333334,0.0,0.0
155.33333333333334,0.0,0.0
155.33333333333334,0.0,0.0
155.33333333333334,0.0,0.0
155.33333333333334,0.0,0.0
155.33333333333334,0.0,0.0
155.33333333333334,0.0,0.0
155.33333333333334,0.0,0.0
155.33333333333334,0.0,0.0
155.33333333333334,0.0,0.0
155.33333333333334,0.0,0.0
155.33333333333334,0.0,0.0
155.33333333333334,0.0,0.0
155.33333333333334,0.0,0.0
155.33333333333334,0.0,0.0
155.33333333333334,0.0,0.0
155.33333333333334,0.0,0.0
155.33333333333334,0.0,0.0
155.33333333333334,0.0,0.0
155.33333333333334,0.0,0.0
155.33333333333334,0.0,0.0
155.33333333333334,0.0,0.0
155.33333333333334,0.0,0.0
155.33333333333334,0.0,0.0
155.33333333333334,0.0,0.0
155.33333333333334,0.0,0.0
155.33333333333334,0.0,0.0
155.33333333333334,0.0,0.0
155.33333333333334,0.0,0.0
155.33333333333334,0.0,0.0
155.33333333333334,0.0,0.0
155.33333333333334,0.0,0.0
155.33333333333334,0.0,0.0
155.33333333333334,0.0,0.0
155.33333333333334,0.0,0.0
155.33333333333334,0.0,0.0
155.33333333333334,0.0,0.0
155.33333333333334,0.0,0.0
155.33333333333334,0.0,0.0
155.33333333333334,0.0,0.0
155.33333333333334,0.0,0.0
155.33333333333334,0.0,0.0
155.33333333333334,0.0,0.0
155.33333333333334,0.0,0.0
155.33333333333334,0.0,0.0
155.33333333333334,0.0,0.0
155.33333333333334,0.0,0.0
155.33333333333334,0.0,0.0
155.33333333333334,0.0,0.0
155.33333333333334,0.0,0.0
155.33333333333334,0.0,0.0
155.33333333333334,0.0,0.0
155.33333333333334,0.0,0.0
155.33333333333334,0.0,0.0
155.33333333333334,0.0,0.0
155.33333333333334,0.0,0.0
155.33333333333334,0.0,0.0
155.33333333333334,0.0,0.0
155.33333333333334,0.0,0.0
155.33333333333334,0.0,0.0
155.33333333333334,0.0,0.0
155.33333333333334,0.0,0.0
155.33333333333334,0.0,0.0
155.33333333333334,0.0,0.0
155.33333333333334,0.0,0.0
155.33333333333334,0.0,0.0
155.33333333333334,0.0,0.0
155.33333333333334,0.0,0.0
155.33333333333334,0.0,0.0
155.33333333333334,0.0,0.0
155.33333333333334,0.0,0.0
155.33333333333334,0.0,0.0
155.33333333333334,0.0,0.0
155.33333333333334,0.0,0.0
155.33333333333334,0.0,0.0
155.33333333333334,0.0,0.0
155.33333333333334,0.0,0.0
155.33333333333334,0.0,0.0
155.33333333333334,0.0,0.0
155.33333333333334,0.0,0.0
155.33333333333334,0.0,0.0
155.33333333333334,0.0,0.0
155.33333333333334,0.0,0.0
155.33333333333334,0.0,0.0
155.33333333333334,0.0,0.0
155.33333333333334,0.0,0.0
155.33333333333334,0.0,0.0
155.33333333333334,0.0,0.0
155.33333333333334,0.0,0.0
155.33333333333334,0.0,0.0
155.33333333333334,0.0,0.0
155.33333333333334,0.0,0.0
155.33333333333334,0.0,0.0
155.33333333333334,0.0,0.0
155.33333333333334,0.0,0.0
155.33333333333334,0.0,0.0
155.33333333333334,0.0,0.0
155.33333333333334,0.0,0.0
155.33333333333334,0.0,0.0
155.33333333333334,0.0,0.0
155.33333333333334,0.0,0.0
155.33333333333334,0.0,0.0
155.33333333333334,0.0,0.0
155.33333333333334,0.0,0.0
155.33333333333334,0.0,0.0
155.33333333333334,0.0,0.0
155.33333333333334,0.0,0.0
155.33333333333334,0.0,0.0
155.33333333333334,0.0,0.0
155.33333333333334,0.0,0.0
155.33333333333334,0.0,0.0
155.33333333333334,0.0,0.0
155.33333333333334,0.0,0.0
155.33333333333334,0.0,0.0
155.33333333333334,0.0,0.0
155.33333333333334,0.0,0.0
155.33333333333334,0.0,0.0
155.33333333333334,0.0,0.0
155.33333333333334,0.0,0.0
155.33333333333334,0.0,0.0
155.33333333333334,0.0,0.0
155.33333333333334,0.0,0.0
155.33333333333334,0.0,0.0
155.33333333333334,0.0,0.0
155.33333333333334,1.0,0.0
155.33333333333334,0.0,0.0
155.33333333333334,0.0,0.0
155.33333333333334,0.0,0.0
155.33333333333334,0.0,0.0
155.33333333333334,0.0,0.0
155.33333333333334,0.0,0.0
155.33333333333334,0.0,0.0
155.33333333333334,0.0,0.0
155.33333333333334,0.0,0.0
155.33333333333334,0.0,0.0
155.33333333333334,0.0,0.0
155.33333333333334,0.0,0.0
155.33333333333334,0.0,0.0
155.33333333333334,0.0,0.0
155.33333333333334,0.0,0.0
155.33333333333334,0.0,0.0
155.33333333333334,0.0,0.0
155.33333333333334,0.0,0.0
155.33333333333334,0.0,0.0
155.33333333333334,0.0,0.0
155.33333333333334,0.0,0.0
155.33333333333334,0.0,0.0
155.33333333333334,0.0,0.0
155.33333333333334,0.0,0.0
155.33333333333334,0.0,0.0
155.33333333333334,0.0,0.0
155.33333333333334,0.0,0.0
155.33333333333334,0.0,0.0
155.33333333333334,0.0,0.0
155.33333333333334,0.0,0.0
155.33333333333334,0.0,0.0
155.33333333333334,0.0,0.0
155.33333333333334,0.0,0.0
155.33333333333334,0.0,0.0
155.33333333333334,0.0,0.0
155.33333333333334,0.0,0.0
155.33333333333334,0.0,0.0
155.33333333333334,0.0,0.0
155.33333333333334,0.0,0.0
155.33333333333334,0.0,0.0
155.33333333333334,0.0,0.0
155.33333333333334,0.0,0.0
155.33333333333334,0.0,0.0
155.33333333333334,0.0,0.0
155.33333333333334,0.0,0.0
155.33333333333334,0.0,0.0
155.33333333333334,0.0,0.0
155.33333333333334,0.0,0.0
155.33333333333334,0.0,0.0
155.33333333333334,0.0,0.0
155.33333333333334,0.0,0.0
155.33333333333334,0.0,0.0
155.33333333333334,0.0,0.0
155.33333333333334,0.0,0.0
155.33333333333334,0.0,0.0
155.33333333333334,0.0,0.0
155.33333333333334,0.0,0.0
155.33333333333334,0.0,0.0
155.33333333333334,0.0,0.0
155.33333333333334,0.0,0.0
155.33333333333334,0.0,0.0
155.33333333333334,0.0,0.0
155.33333333333334,0.0,0.0
155.33333333333334,0.0,0.0
155.33333333333334,0.0,0.0
155.33333333333334,0.0,0.0
155.33333333333334,0.0,0.0
155.33333333333334,0.0,0.0
155.33333333333334,0.0,0.0
155.33333333333334,0.0,0.0
155.33333333333334,0.0,0.0
155.33333333333334,0.0,0.0
155.33333333333334,0.0,0.0
155.33333333333334,0.0,0.0
155.33333333333334,0.0,0.0
155.33333333333334,0.0,0.0
155.33333333333334,0.0,0.0
155.33333333333334,0.0,0.0
155.33333333333334,0.0,0.0
155.33333333333334,0.0,0.0
155.33333333333334,0.0,0.0
155.33333333333334,0.0,0.0
155.33333333333334,0.0,0.0
155.33333333333334,0.0,0.0
155.33333333333334,0.0,0.0
155.33333333333334,0.0,0.0
155.33333333333334,0.0,0.0
155.33333333333334,0.0,0.0
155.33333333333334,0.0,0.0
155.33333333333334,0.0,0.0
155.33333333333334,0.0,0.0
155.33333333333334,1.0,0.0
155.33333333333334,0.0,0.0
155.33333333333334,0.0,0.0
155.33333333333334,0.0,0.0
155.33333333333334,0.0,0.0
155.33333333333334,0.0,0.0
155.33333333333334,0.0,0.0
155.33333333333334,0.0,0.0
155.33333333333334,0.0,0.0
155.33333333333334,0.0,0.0
155.33333333333334,0.0,0.0
155.33333333333334,0.0,0.0
155.33333333333334,0.0,0.0
155.33333333333334,0.0,0.0
155.33333333333334,0.0,0.0
155.33333333333334,0.0,0.0
155.33333333333334,0.0,0.0
155.33333333333334,0.0,0.0
155.33333333333334,0.0,0.0
155.33333333333334,0.0,0.0
155.33333333333334,0.0,0.0
155.33333333333334,0.0,0.0
155.33333333333334,0.0,0.0
155.33333333333334,0.0,0.0
155.33333333333334,0.0,0.0
155.33333333333334,0.0,0.0
155.33333333333334,0.0,0.0
155.33333333333334,0.0,0.0
155.33333333333334,0.0,0.0
155.33333333333334,0.0,0.0
155.33333333333334,0.0,0.0
155.33333333333334,0.0,0.0
155.33333333333334,0.0,0.0
155.33333333333334,0.0,0.0
155.33333333333334,0.0,0.0
155.33333333333334,0.0,0.0
155.33333333333334,0.0,0.0
155.33333333333334,0.0,0.0
155.33333333333334,0.0,0.0
155.33333333333334,0.0,0.0
155.33333333333334,0.0,0.0
155.33333333333334,0.0,0.0
155.33333333333334,0.0,0.0
155.33333333333334,0.0,0.0
155.33333333333334,0.0,0.0
155.33333333333334,0.0,0.0
155.33333333333334,0.0,0.0
155.33333333333334,0.0,0.0
155.33333333333334,0.0,0.0
155.33333333333334,0.0,0.0
155.33333333333334,0.0,0.0
155.33333333333334,0.0,0.0
155.33333333333334,0.0,0.0
155.33333333333334,0.0,0.0
155.33333333333334,0.0,0.0
155.33333333333334,0.0,0.0
155.33333333333334,0.0,0.0
155.33333333333334,0.0,0.0
155.33333333333334,0.0,0.0
155.33333333333334,0.0,0.0
155.33333333333334,0.0,0.0
155.33333333333334,0.0,0.0
155.33333333333334,0.0,0.0
155.33333333333334,0.0,0.0
155.33333333333334,0.0,0.0
155.33333333333334,0.0,0.0
155.33333333333334,0.0,0.0
155.33333333333334,0.0,0.0
155.33333333333334,0.0,0.0
155.33333333333334,0.0,0.0
155.33333333333334,0.0,0.0
155.33333333333334,0.0,0.0
155.33333333333334,0.0,0.0
155.33333333333334,0.0,0.0
155.33333333333334,0.0,0.0
155.33333333333334,0.0,0.0
155.33333333333334,0.0,0.0
155.33333333333334,0.0,0.0
155.33333333333334,0.0,0.0
155.33333333333334,0.0,0.0
155.33333333333334,0.0,0.0
155.33333333333334,0.0,0.0
155.33333333333334,0.0,0.0
155.33333333333334,0.0,0.0
155.33333333333334,0.0,0.0
155.33333333333334,0.0,0.0
155.33333333333334,0.0,0.0
155.33333333333334,0.0,0.0
155.33333333333334,0.0,0.0
155.33333333333334,0.0,0.0
155.33333333333334,0.0,0.0
155.33333333333334,0.0,0.0
155.33333333333334,0.0,0.0
155.33333333333334,0.0,0.0
155.33333333333334,0.0,0.0
155.33333333333334,0.0,0.0
155.33333333333334,0.0,0.0
155.33333333333334,0.0,0.0
155.33333333333334,0.0,0.0
155.33333333333334,0.0,0.0
155.33333333333334,0.0,0.0
155.33333333333334,0.0,0.0
155.33333333333334,0.0,0.0
155.33333333333334,0.0,0.0
155.33333333333334,0.0,0.0
155.33333333333334,0.0,0.0
155.33333333333334,0.0,0.0
155.33333333333334,0.0,0.0
155.33333333333334,0.0,0.0
155.33333333333334,0.0,0.0
155.33333333333334,0.0,0.0
155.33333333333334,0.0,0.0
155.33333333333334,0.0,0.0
155.33333333333334,0.0,0.0
155.33333333333334,0.0,0.0
155.33333333333334,0.0,0.0
155.33333333333334,0.0,0.0
155.33333333333334,0.0,0.0
155.33333333333334,0.0,0.0
155.33333333333334,0.0,0.0
155.33333333333334,0.0,0.0
155.33333333333334,0.0,0.0
155.33333333333334,0.0,0.0
155.33333333333334,0.0,0.0
155.33333333333334,0.0,0.0
155.33333333333334,0.0,0.0
155.33333333333334,0.0,0.0
155.33333333333334,0.0,0.0
155.33333333333334,0.0,0.0
155.33333333333334,0.0,0.0
155.33333333333334,0.0,0.0
