0.0,0.0,0.0
0.0,0.0,0.0
0.0,0.0,0.0
0.0,0.0,0.0
0.0,0.0,0.0
0.0,0.0,0.0
0.0,0.0,0.0
0.0,1.0,0.0
0.0,0.0,0.0
0.0,0.0,0.0
0.0,0.0,0.0
0.0,0.0,0.0
0.0,0.0,0.0
0.0,0.0,0.0
0.0,0.0,0.0
0.0,0.0,0.0
0.0,0.0,0.0
0.0,0.0,0.0
0.0,0.0,0.0
0.0,0.0,0.0
0.0,0.0,0.0
0.0,0.0,0.0
0.0,0.0,0.0
0.0,0.0,0.0
0.0,0.0,0.0
0.0,0.0,0.0
0.0,0.0,0.0
0.0,0.0,0.0
0.0,0.0,0.0
0.0,0.0,0.0
0.0,0.0,0.0
0.0,0.0,0.0
0.0,0.0,0.0
0.0,0.0,0.0
0.0,0.0,0.0
0.0,0.0,0.0
0.0,0.0,0.0
0.0,0.0,0.0
0.0,0.0,0.0
0.0,0.0,0.0
0.0,0.0,0.0
0.0,0.0,0.0
0.0,0.0,0.0
0.0,0.0,0.0
0.0,0.0,0.0
0.0,0.0,0.0
0.0,0.0,0.0
0.0,0.0,0.0
0.0,0.0,0.0
0.0,0.0,0.0
0.0,0.0,0.0
0.0,0.0,0.0
0.0,0.0,0.0
0.0,0.0,0.0
0.0,0.0,0.0
0.0,0.0,0.0
0.0,0.0,0.0
0.0,0.0,0.0
0.0,0.0,0.0
0.0,0.0,0.0
0.0,0.0,0.0
0.0,0.0,0.0
0.0,0.0,0.0
0.0,0.0,0.0
0.0,0.0,0.0
0.0,0.0,0.0
0.0,1.0,0.0
0.0,0.0,0.0
0.0,0.0,0.0
0.0,0.0,0.0
0.0,0.0,0.0
0.0,0.0,0.0
0.0,0.0,0.0
0.0,0.0,0.0
0.0,0.0,0.0
0.0,0.0,0.0
0.0,0.0,0.0
0.0,0.0,0.0
0.0,0.0,0.0
0.0,0.0,0.0
0.0,0.0,0.0
0.0,0.0,0.0
0.0,0.0,0.0
0.0,0.0,0.0
0.0,0.0,0.0
0.0,0.0,0.0
0.0,0.0,0.0
0.0,1.0,0.0
0.0,0.0,0.0
0.0,0.0,0.0
0.0,0.0,0.0
0.0,0.0,0.0
0.0,0.0,0.0
0.0,0.0,0.0
0.0,0.0,0.0
0.0,0.0,0.0
0.0,0.0,0.0
0.0,0.0,0.0
0.0,0.0,0.0
0.0,0.0,0.0
0.0,0.0,0.0
0.0,0.0,0.0
0.0,0.0,0.0
0.0,0.0,0.0
0.0,0.0,0.0
0.0,0.0,0.0
0.0,0.0,0.0
0.0,0.0,0.0
0.0,0.0,0.0
0.0,0.0,0.0
0.0,0.0,0.0
0.0,0.0,0.0
0.0,0.0,0.0
0.0,0.0,0.0
0.0,0.0,0.0
0.0,0.0,0.0
0.0,1.0,0.0
0.0,0.0,0.0
0.0,0.0,0.0
0.0,0.0,0.0
0.0,0.0,0.0
0.0,0.0,0.0
0.0,0.0,0.0
0.0,1.0,0.0
0.0,0.0,0.0
0.0,0.0,0.0
0.0,0.0,0.0
0.0,0.0,0.0
0.0,0.0,0.0
0.0,0.0,0.0
0.0,0.0,0.0
0.0,1.0,0.0
0.0,0.0,0.0
0.0,0.0,0.0
0.0,0.0,0.0
0.0,0.0,0.0
0.0,1.0,0.0
0.0,0.0,0.0
0.0,0.0,0.0
0.0,0.0,0.0
0.0,0.0,0.0
0.0,0.0,0.0
0.0,0.0,0.0
0.0,9.0,0.0
0.0,112.0,0.0
0.0,139.0,0.0
0.0,130.0,0.0
0.0,99.0,0.0
0.0,56.0,0.0
0.0,43.0,0.0
0.0,46.0,0.0
0.0,63.0,0.0
0.0,108.0,0.0
0.0,135.0,0.0
0.0,141.0,0.0
0.0,145.0,0.0
0.0,153.0,0.0
0.0,200.0,0.0
0.0,238.0,0.0
0.0,258.0,0.0
0.0,268.0,0.0
0.0,280.0,0.0
0.0,307.0,0.0
0.0,360.0,0.0
0.0,446.0,0.0
0.0,630.0,0.0
0.0,811.0,0.0
0.0,858.0,0.0
0.0,858.0,0.0
0.0,848.0,0.0
0.08333333333333333,782.0,0.0
0.08333333333333333,723.0,0.0
0.08333333333333333,737.0,0.0
0.08333333333333333,782.0,0.0
0.08333333333333333,819.0,0.0
0.08333333333333333,794.0,0.0
0.08333333333333333,754.0,0.0
0.08333333333333333,718.0,0.0
0.08333333333333333,717.0,0.0
0.08333333333333333,751.0,0.0
0.08333333333333333,795.0,0.0
0.08333333333333333,801.0,0.0
0.08333333333333333,784.0,0.0
0.08333333333333333,771.0,0.0
0.08333333333333333,772.0,0.0
0.08333333333333333,772.0,0.0
0.08333333333333333,773.0,0.0
0.08333333333333333,771.0,0.0
0.08333333333333333,783.0,0.0
0.08333333333333333,828.0,0.0
0.08333333333333333,959.0,0.0
0.08333333333333333,1058.0,0.0
0.08333333333333333,1081.0,0.0
0.08333333333333333,1078.0,0.0
0.08333333333333333,1130.0,0.0
0.08333333333333333,1227.0,0.0
0.08333333333333333,1329.0,0.0
0.08333333333333333,1378.0,0.0
0.16666666666666666,1345.0,0.0
0.16666666666666666,1345.0,0.0
0.16666666666666666,1387.0,0.0
0.16666666666666666,1482.0,0.0
0.16666666666666666,1572.0,0.0
0.16666666666666666,1602.0,0.0
0.16666666666666666,1604.0,0.0
0.16666666666666666,1589.0,0.0
0.16666666666666666,1617.0,0.0
0.16666666666666666,1637.0,0.0
0.25,1658.0,0.28409083333333335
0.25,1672.0,0.28409083333333335
0.25,1672.0,0.28409083333333335
0.25,1692.0,0.28409083333333335
0.25,1717.0,0.28409083333333335
0.25,1769.0,0.28409083333333335
0.25,1769.0,0.28409083333333335
0.3333333333333333,1835.0,0.3977271666666667
0.3333333333333333,1957.0,0.3977271666666667
0.3333333333333333,1994.0,0.3977271666666667
0.3333333333333333,2003.0,0.3977271666666667
0.3333333333333333,2001.0,0.3977271666666667
0.3333333333333333,1944.0,0.3977271666666667
0.4166666666666667,1915.0,0.45454533333333336
0.4166666666666667,1910.0,0.45454533333333336
0.4166666666666667,1906.0,0.45454533333333336
0.4166666666666667,1948.0,0.45454533333333336
0.4166666666666667,2025.0,0.45454533333333336
0.5,2037.0,0.45454533333333336
0.5,2031.0,0.5113635000000001
0.5,2029.0,0.5113635000000001
0.5,1959.0,0.5113635000000001
0.5,1948.0,0.5113635000000001
0.5,1946.0,0.5113635000000001
0.5,1965.0,0.5113635000000001
0.5,1984.0,0.5113635000000001
0.5,1974.0,0.5113635000000001
0.5833333333333334,1975.0,0.5113635000000001
0.5833333333333334,2011.0,0.340909
0.5833333333333334,2075.0,0.340909
0.5833333333333334,2109.0,0.340909
0.6666666666666666,2076.0,0.8522725
0.6666666666666666,2068.0,0.8522725
0.6666666666666666,2071.0,0.8522725
0.75,2033.0,0.9090906666666667
0.75,1905.0,0.9090906666666667
0.75,1798.0,0.9090906666666667
0.75,1750.0,0.9090906666666667
0.75,1722.0,0.9090906666666667
0.8333333333333334,1675.0,0.9090906666666667
0.8333333333333334,1682.0,0.5113635000000001
0.8333333333333334,1726.0,0.5113635000000001
0.9166666666666666,1764.0,0.5113635000000001
0.9166666666666666,1819.0,0.9659088333333334
1.0,1840.0,0.9659088333333334
1.0,1840.0,1.1931815000000001
1.0,1854.0,1.1931815000000001
1.0833333333333333,1834.0,1.1363633333333334
1.0833333333333333,1784.0,1.1363633333333334
1.0833333333333333,1687.0,1.1363633333333334
1.0833333333333333,1599.0,1.1363633333333334
1.0833333333333333,1497.0,1.1363633333333334
1.0833333333333333,1427.0,1.1363633333333334
1.1666666666666667,1450.0,1.1363633333333334
1.1666666666666667,1491.0,0.45454533333333336
1.1666666666666667,1547.0,0.45454533333333336
1.1666666666666667,1649.0,0.45454533333333336
1.1666666666666667,1798.0,0.45454533333333336
1.1666666666666667,1824.0,0.45454533333333336
1.1666666666666667,1800.0,0.45454533333333336
1.25,1739.0,0.45454533333333336
1.25,1709.0,0.3977271666666667
1.3333333333333333,1697.0,0.3977271666666667
1.3333333333333333,1640.0,1.4204541666666668
1.4166666666666667,1620.0,1.761363166666667
1.5,1640.0,1.761363166666667
1.5833333333333333,1739.0,2.102272166666667
1.5833333333333333,1744.0,2.272726666666667
1.6666666666666667,1725.0,2.272726666666667
1.6666666666666667,1724.0,1.6477268333333333
1.75,1766.0,1.9886358333333334
1.8333333333333333,1837.0,2.102272166666667
1.9166666666666667,1914.0,2.102272166666667
1.9166666666666667,1974.0,1.9886358333333334
2.0,1992.0,1.8749995000000002
2.0833333333333335,1941.0,1.8749995000000002
2.1666666666666665,1939.0,2.1590903333333333
2.25,1927.0,2.727272
2.25,1913.0,2.5568175
2.25,1836.0,2.5568175
2.3333333333333335,1754.0,2.5568175
2.3333333333333335,1688.0,1.0227270000000002
2.4166666666666665,1668.0,1.0227270000000002
2.5,1699.0,1.363636
2.5,1718.0,2.4431811666666667
2.5,1740.0,2.4431811666666667
2.5,1792.0,2.4431811666666667
2.5,1880.0,2.4431811666666667
2.5833333333333335,1880.0,0.6249998333333333
2.6666666666666665,1965.0,2.6136356666666667
2.75,1978.0,2.7840901666666666
2.8333333333333335,1980.0,2.8977265
2.9166666666666665,1969.0,2.8977265
3.0,1933.0,2.4999993333333332
3.0833333333333335,1917.0,3.2954536666666665
3.1666666666666665,1898.0,2.727272
3.25,1858.0,3.0113628333333335
3.3333333333333335,1883.0,2.9545446666666666
3.3333333333333335,1983.0,2.9545446666666666
3.4166666666666665,2007.0,1.5340905
3.5,2002.0,3.1249991666666666
3.5833333333333335,2031.0,2.5568175
3.75,2082.0,3.40909
3.8333333333333335,2049.0,3.8636353333333338
3.9166666666666665,1999.0,3.2386355
4.0,2000.0,3.1818173333333335
4.083333333333333,2041.0,3.1818173333333335
4.083333333333333,2033.0,3.1818173333333335
4.25,1973.0,3.1818173333333335
4.333333333333333,1921.0,3.40909
4.333333333333333,1973.0,3.4659081666666665
4.416666666666667,2081.0,1.704545
4.583333333333333,2023.0,1.704545
4.666666666666667,1920.0,3.2954536666666665
4.75,1850.0,3.7499990000000003
4.75,1891.0,3.7499990000000003
4.833333333333333,1895.0,3.7499990000000003
4.916666666666667,1902.0,3.4659081666666665
5.083333333333333,1943.0,3.4659081666666665
5.166666666666667,1972.0,3.693180833333334
5.25,2075.0,3.636362666666667
5.25,2053.0,3.4659081666666665
5.333333333333333,2010.0,3.4659081666666665
5.333333333333333,1971.0,1.2499996666666666
5.333333333333333,1919.0,1.2499996666666666
5.416666666666667,1905.0,1.2499996666666666
5.5,1956.0,4.090908000000001
5.666666666666667,2016.0,4.261362500000001
5.75,2000.0,4.034089833333334
5.916666666666667,1943.0,4.034089833333334
6.0,1943.0,4.261362500000001
6.0,1892.0,4.034089833333334
6.166666666666667,1882.0,4.034089833333334
6.333333333333333,1892.0,4.204544333333334
6.416666666666667,1849.0,4.034089833333334
6.416666666666667,1853.0,4.374998833333334
6.5,1922.0,4.374998833333334
6.666666666666667,2017.0,4.374998833333334
6.75,2131.0,4.261362500000001
6.75,2054.0,3.5795445000000004
6.916666666666667,1901.0,3.5795445000000004
7.0,1782.0,4.318180666666667
7.083333333333333,1765.0,4.318180666666667
7.25,1848.0,4.318180666666667
7.333333333333333,1797.0,5.113635
7.5,1677.0,5.113635
7.5,1641.0,4.545453333333334
7.666666666666667,1641.0,4.545453333333334
7.833333333333333,1701.0,4.545453333333334
7.916666666666667,1826.0,4.545453333333334
8.0,1918.0,4.7727260000000005
8.0,1956.0,4.7727260000000005
8.0,1960.0,4.7727260000000005
8.0,1930.0,4.7727260000000005
8.083333333333334,1858.0,4.7727260000000005
8.25,1719.0,4.7727260000000005
8.333333333333334,1463.0,5.340907666666666
8.5,1414.0,5.113635
8.583333333333334,1485.0,4.6022715000000005
8.75,1586.0,4.374998833333334
8.833333333333334,1755.0,4.261362500000001
8.916666666666666,1778.0,4.261362500000001
9.083333333333334,1831.0,4.261362500000001
9.25,1844.0,4.659089666666667
9.333333333333334,1831.0,5.511362166666667
9.5,1810.0,5.511362166666667
9.666666666666666,1819.0,4.7727260000000005
9.833333333333334,1813.0,4.7727260000000005
9.916666666666666,1795.0,5.2840895
10.083333333333334,1856.0,5.2840895
10.25,1910.0,5.2840895
10.416666666666666,1957.0,5.056816833333333
10.5,1920.0,4.204544333333334
10.666666666666666,1920.0,4.9431805
10.75,1793.0,4.431817000000001
10.916666666666666,1782.0,4.431817000000001
11.0,1783.0,4.7727260000000005
11.0,1776.0,5.113635
11.083333333333334,1756.0,1.704545
11.083333333333334,1677.0,1.704545
11.166666666666666,1634.0,1.2499996666666666
11.25,1694.0,1.2499996666666666
11.416666666666666,1794.0,4.7727260000000005
11.583333333333334,1659.0,5.340907666666666
11.75,1589.0,5.340907666666666
11.916666666666666,1608.0,5.340907666666666
12.0,1595.0,5.056816833333333
12.166666666666666,1464.0,5.056816833333333
12.25,1477.0,5.681816666666667
12.416666666666666,1558.0,5.681816666666667
12.416666666666666,1558.0,5.681816666666667
12.416666666666666,1662.0,5.681816666666667
12.583333333333334,1728.0,5.681816666666667
12.75,1730.0,5.170453166666666
12.833333333333334,1682.0,5.170453166666666
13.0,1608.0,5.170453166666666
13.166666666666666,1542.0,5.170453166666666
13.166666666666666,1588.0,4.7727260000000005
13.333333333333334,1695.0,4.7727260000000005
13.5,1728.0,4.7727260000000005
13.666666666666666,1612.0,5.056816833333333
13.666666666666666,1535.0,5.113635
13.75,1553.0,5.113635
13.916666666666666,1559.0,5.113635
14.083333333333334,1559.0,5.113635
14.25,1587.0,5.738634833333333
14.416666666666666,1556.0,5.738634833333333
14.583333333333334,1499.0,5.568180333333333
14.75,1401.0,5.568180333333333
14.916666666666666,1374.0,5.6249985
14.916666666666666,1418.0,5.454544
15.0,1486.0,1.8749995000000002
15.083333333333334,1547.0,2.7840901666666666
15.083333333333334,1539.0,2.7840901666666666
15.083333333333334,1467.0,2.7840901666666666
15.25,1445.0,2.7840901666666666
15.416666666666666,1445.0,5.056816833333333
15.5,1410.0,6.6477255
15.666666666666666,1376.0,5.9659075
15.75,1388.0,6.420452833333333
15.916666666666666,1445.0,6.420452833333333
15.916666666666666,1524.0,5.909089333333333
16.083333333333332,1615.0,5.909089333333333
16.25,1700.0,5.511362166666667
16.25,1670.0,5.056816833333333
16.333333333333332,1613.0,1.9886358333333334
16.5,1555.0,2.7840901666666666
16.666666666666668,1483.0,3.0113628333333335
16.75,1368.0,5.568180333333333
16.916666666666668,1364.0,5.568180333333333
17.083333333333332,1398.0,5.568180333333333
17.25,1422.0,5.852271166666667
17.416666666666668,1464.0,5.852271166666667
17.583333333333332,1558.0,5.852271166666667
17.75,1602.0,6.022725666666667
17.833333333333332,1617.0,5.852271166666667
17.833333333333332,1602.0,5.852271166666667
17.916666666666668,1551.0,5.852271166666667
18.083333333333332,1510.0,5.852271166666667
18.25,1479.0,6.136362
18.333333333333332,1466.0,6.136362
18.5,1379.0,6.136362
18.666666666666668,1323.0,6.136362
18.75,1317.0,5.681816666666667
18.916666666666668,1340.0,7.9545433333333335
18.916666666666668,1372.0,7.9545433333333335
19.083333333333332,1385.0,7.9545433333333335
19.25,1440.0,6.6477255
19.333333333333332,1455.0,7.215907166666668
19.583333333333332,1437.0,7.215907166666668
19.666666666666668,1423.0,5.909089333333333
19.666666666666668,1417.0,5.909089333333333
19.75,1411.0,1.4772723333333333
19.916666666666668,1360.0,6.704543666666668
20.0,1258.0,5.6249985
20.0,1252.0,5.6249985
20.0,1281.0,5.6249985
20.083333333333332,1319.0,5.6249985
20.333333333333332,1319.0,6.420452833333333
20.5,1333.0,6.590907333333333
20.583333333333332,1323.0,6.420452833333333
20.75,1323.0,6.420452833333333
20.916666666666668,1349.0,7.045452666666668
21.083333333333332,1348.0,7.045452666666668
21.333333333333332,1194.0,6.704543666666668
21.416666666666668,1088.0,6.590907333333333
21.416666666666668,1048.0,6.590907333333333
21.583333333333332,1066.0,6.590907333333333
21.75,1157.0,6.477271
21.916666666666668,1267.0,6.477271
22.083333333333332,1317.0,6.477271
22.25,1326.0,8.409088666666667
22.416666666666668,1320.0,8.409088666666667
22.416666666666668,1269.0,8.579543166666667
22.583333333333332,1233.0,8.579543166666667
22.75,1233.0,6.874998166666668
22.833333333333332,1172.0,6.477271
23.0,1118.0,6.477271
23.166666666666668,1100.0,6.477271
23.333333333333332,1114.0,6.477271
23.416666666666668,1136.0,3.40909
23.583333333333332,1204.0,3.40909
23.833333333333332,1295.0,6.136362
23.833333333333332,1310.0,7.670452500000001
24.083333333333332,1319.0,7.670452500000001
24.25,1290.0,6.988634500000001
24.416666666666668,1177.0,6.6477255
24.583333333333332,1146.0,6.6477255
24.75,1137.0,7.272725333333334
24.916666666666668,1138.0,7.272725333333334
25.083333333333332,1036.0,6.81818
25.333333333333332,863.0,6.81818
25.5,916.0,6.193180166666667
25.583333333333332,997.0,6.761361833333333
25.666666666666668,1065.0,7.272725333333334
25.833333333333332,1245.0,7.272725333333334
26.083333333333332,1241.0,7.272725333333334
26.25,1101.0,6.81818
26.416666666666668,928.0,6.81818
26.5,843.0,6.477271
26.583333333333332,948.0,3.1249991666666666
26.75,948.0,3.1249991666666666
26.75,1061.0,7.499998000000001
26.75,1125.0,7.499998000000001
26.916666666666668,1125.0,7.499998000000001
27.083333333333332,1128.0,7.215907166666668
27.25,1147.0,7.215907166666668
27.333333333333332,1170.0,6.420452833333333
27.5,1196.0,6.420452833333333
27.666666666666668,1113.0,7.215907166666668
27.833333333333332,1016.0,7.215907166666668
28.0,1005.0,6.363634666666667
28.0,1079.0,3.522726333333334
28.083333333333332,1226.0,3.522726333333334
28.25,1177.0,8.181816000000001
28.416666666666668,1117.0,8.181816000000001
28.666666666666668,1129.0,6.81818
28.75,1160.0,6.363634666666667
28.916666666666668,1158.0,6.363634666666667
29.166666666666668,1142.0,6.363634666666667
29.166666666666668,1135.0,7.8409070000000005
29.333333333333332,1155.0,7.8409070000000005
29.416666666666668,1210.0,6.249998333333333
29.5,1214.0,6.249998333333333
29.666666666666668,1184.0,6.249998333333333
29.916666666666668,1140.0,6.249998333333333
29.916666666666668,1033.0,6.3068165
30.083333333333332,1007.0,6.3068165
30.333333333333332,1019.0,6.3068165
30.416666666666668,1039.0,7.329543500000001
30.666666666666668,1081.0,7.329543500000001
30.666666666666668,1058.0,6.193180166666667
30.75,958.0,2.2159085000000003
30.916666666666668,997.0,3.1249991666666666
31.083333333333332,1009.0,3.806817166666667
31.333333333333332,891.0,6.079543833333333
31.5,850.0,6.193180166666667
31.666666666666668,860.0,6.81818
31.75,855.0,7.5568161666666676
31.916666666666668,849.0,6.874998166666668
32.0,882.0,7.102270833333333
32.166666666666664,981.0,7.102270833333333
32.25,1012.0,6.079543833333333
32.416666666666664,918.0,6.079543833333333
32.666666666666664,918.0,6.420452833333333
32.833333333333336,944.0,6.420452833333333
32.916666666666664,955.0,6.363634666666667
33.166666666666664,961.0,6.363634666666667
33.333333333333336,930.0,6.704543666666668
33.416666666666664,922.0,6.988634500000001
33.5,982.0,6.988634500000001
33.583333333333336,1074.0,1.6477268333333333
33.75,1120.0,3.2386355
33.916666666666664,1143.0,3.2386355
34.083333333333336,1120.0,5.738634833333333
34.333333333333336,1083.0,6.534089166666668
34.5,1091.0,6.534089166666668
34.583333333333336,1147.0,6.6477255
34.666666666666664,1178.0,3.636362666666667
34.75,1170.0,1.9886358333333334
34.833333333333336,1170.0,1.9886358333333334
34.916666666666664,1213.0,6.704543666666668
35.166666666666664,1265.0,6.704543666666668
35.333333333333336,1210.0,6.704543666666668
35.416666666666664,1125.0,3.40909
35.5,1080.0,3.40909
35.583333333333336,1100.0,8.0113615
35.583333333333336,1196.0,8.0113615
35.666666666666664,1168.0,1.3068178333333333
35.75,1109.0,1.3068178333333333
35.916666666666664,1060.0,1.6477268333333333
36.083333333333336,1096.0,5.9659075
36.333333333333336,1176.0,5.9659075
36.416666666666664,1259.0,6.81818
36.666666666666664,1260.0,6.81818
36.75,1138.0,6.3068165
36.916666666666664,1048.0,6.3068165
37.083333333333336,1105.0,5.568180333333333
37.083333333333336,1146.0,6.079543833333333
37.166666666666664,1143.0,2.1590903333333333
37.416666666666664,1044.0,2.1590903333333333
37.583333333333336,986.0,6.931816333333333
37.75,985.0,6.931816333333333
37.916666666666664,1042.0,6.931816333333333
38.0,1135.0,6.704543666666668
38.166666666666664,1155.0,6.704543666666668
38.166666666666664,1155.0,6.477271
38.166666666666664,1106.0,6.477271
38.333333333333336,1054.0,6.477271
38.416666666666664,1054.0,7.8977251666666675
38.666666666666664,1128.0,7.8409070000000005
38.75,1169.0,6.249998333333333
38.833333333333336,1157.0,3.352271833333334
39.083333333333336,1119.0,6.6477255
39.166666666666664,1145.0,5.9659075
39.333333333333336,1242.0,5.9659075
39.416666666666664,1256.0,6.931816333333333
39.5,1254.0,2.0454540000000003
39.666666666666664,1217.0,6.6477255
39.833333333333336,1018.0,6.6477255
40.0,938.0,6.6477255
40.083333333333336,942.0,6.874998166666668
40.25,960.0,6.874998166666668
40.416666666666664,992.0,6.6477255
40.416666666666664,1095.0,6.249998333333333
40.416666666666664,1135.0,6.249998333333333
40.5,1168.0,6.249998333333333
40.583333333333336,1164.0,6.988634500000001
40.833333333333336,1061.0,6.988634500000001
41.0,1005.0,6.988634500000001
41.083333333333336,954.0,6.249998333333333
41.333333333333336,909.0,6.249998333333333
41.5,846.0,6.249998333333333
41.666666666666664,945.0,6.249998333333333
41.75,1088.0,6.704543666666668
41.833333333333336,1266.0,2.102272166666667
42.0,1373.0,3.4659081666666665
42.166666666666664,1150.0,7.215907166666668
42.333333333333336,1023.0,7.215907166666668
42.5,1013.0,7.215907166666668
42.75,1153.0,7.102270833333333
42.833333333333336,1227.0,6.590907333333333
43.0,1026.0,6.590907333333333
43.166666666666664,884.0,7.215907166666668
43.166666666666664,882.0,7.215907166666668
43.25,1055.0,7.215907166666668
43.416666666666664,1217.0,6.988634500000001
43.583333333333336,1361.0,6.988634500000001
43.833333333333336,1307.0,6.590907333333333
43.833333333333336,1307.0,6.534089166666668
44.0,1160.0,6.534089166666668
44.166666666666664,980.0,6.477271
44.166666666666664,1062.0,6.477271
44.333333333333336,1162.0,6.477271
44.5,1170.0,6.363634666666667
44.5,994.0,3.2954536666666665
44.666666666666664,989.0,3.2954536666666665
44.833333333333336,1062.0,6.022725666666667
44.916666666666664,1103.0,6.022725666666667
45.0,1082.0,2.1590903333333333
45.25,1173.0,3.2954536666666665
45.333333333333336,1198.0,6.079543833333333
45.416666666666664,1149.0,3.4659081666666665
45.416666666666664,1109.0,3.4659081666666665
45.5,1164.0,3.4659081666666665
45.583333333333336,1168.0,7.8409070000000005
45.833333333333336,1126.0,7.8409070000000005
45.916666666666664,1131.0,6.477271
46.0,1082.0,6.3068165
46.25,997.0,6.3068165
46.333333333333336,993.0,7.443179833333334
46.333333333333336,996.0,3.522726333333334
46.333333333333336,984.0,3.522726333333334
46.416666666666664,995.0,3.522726333333334
46.5,1038.0,6.136362
46.75,1063.0,6.534089166666668
46.916666666666664,1086.0,6.534089166666668
47.166666666666664,1247.0,6.81818
47.25,1263.0,7.9545433333333335
47.416666666666664,1265.0,7.9545433333333335
47.666666666666664,1192.0,6.81818
47.833333333333336,1086.0,6.81818
48.083333333333336,1122.0,6.761361833333333
48.166666666666664,1152.0,5.6249985
48.333333333333336,1163.0,5.6249985
48.5,1141.0,5.738634833333333
48.583333333333336,1101.0,7.045452666666668
48.75,1122.0,7.045452666666668
49.0,1157.0,6.6477255
49.166666666666664,1177.0,6.761361833333333
49.166666666666664,1143.0,6.81818
49.333333333333336,1110.0,6.81818
49.416666666666664,1110.0,3.5795445000000004
49.666666666666664,1110.0,3.5795445000000004
49.833333333333336,1111.0,5.795453
50.0,1244.0,6.761361833333333
50.25,1244.0,6.761361833333333
50.333333333333336,1179.0,6.81818
50.5,1110.0,6.931816333333333
50.666666666666664,1099.0,6.931816333333333
50.666666666666664,1143.0,3.40909
50.75,1129.0,2.0454540000000003
51.0,1125.0,3.40909
51.166666666666664,1123.0,6.704543666666668
51.333333333333336,1118.0,6.81818
51.5,1091.0,6.3068165
51.666666666666664,1082.0,6.3068165
51.833333333333336,1072.0,6.3068165
52.0,1073.0,5.681816666666667
52.0,1103.0,7.5568161666666676
52.166666666666664,1129.0,7.5568161666666676
52.333333333333336,1150.0,7.443179833333334
52.5,1181.0,7.443179833333334
52.666666666666664,1180.0,7.443179833333334
52.833333333333336,1138.0,6.363634666666667
53.0,1086.0,6.363634666666667
53.083333333333336,1052.0,8.238634166666667
53.25,1072.0,8.238634166666667
53.333333333333336,1215.0,6.874998166666668
53.5,1302.0,6.874998166666668
53.666666666666664,1269.0,6.6477255
53.833333333333336,1218.0,6.477271
54.0,1260.0,6.477271
54.166666666666664,1277.0,6.477271
54.333333333333336,1253.0,7.386361666666668
54.5,1215.0,7.386361666666668
54.666666666666664,1115.0,6.420452833333333
54.916666666666664,1020.0,6.363634666666667
55.0,1065.0,6.363634666666667
55.0,1255.0,6.363634666666667
55.166666666666664,1492.0,6.363634666666667
55.333333333333336,1486.0,5.852271166666667
55.5,1413.0,6.81818
55.666666666666664,1414.0,6.81818
55.75,1414.0,6.81818
55.916666666666664,1408.0,6.81818
55.916666666666664,1375.0,6.193180166666667
56.0,1367.0,2.0454540000000003
56.083333333333336,1339.0,2.0454540000000003
56.166666666666664,1219.0,6.477271
56.416666666666664,1118.0,6.477271
56.5,1230.0,5.738634833333333
56.666666666666664,1322.0,6.420452833333333
56.75,1316.0,6.420452833333333
56.916666666666664,1267.0,6.420452833333333
57.0,1285.0,5.454544
57.166666666666664,1338.0,6.3068165
57.25,1361.0,6.3068165
57.333333333333336,1362.0,2.0454540000000003
57.416666666666664,1344.0,6.931816333333333
57.583333333333336,1341.0,6.931816333333333
57.75,1320.0,6.704543666666668
58.0,1284.0,6.704543666666668
58.166666666666664,1225.0,6.704543666666668
58.333333333333336,1183.0,6.704543666666668
58.5,1207.0,6.3068165
58.5,1232.0,7.102270833333333
58.5,1306.0,7.102270833333333
58.666666666666664,1368.0,7.102270833333333
58.75,1256.0,7.272725333333334
58.916666666666664,1228.0,6.704543666666668
59.083333333333336,1328.0,5.909089333333333
59.166666666666664,1453.0,6.022725666666667
59.333333333333336,1418.0,6.022725666666667
59.416666666666664,1415.0,7.329543500000001
59.583333333333336,1284.0,7.329543500000001
59.583333333333336,1283.0,6.136362
59.833333333333336,1214.0,6.136362
59.916666666666664,1157.0,6.3068165
60.083333333333336,1217.0,6.3068165
60.333333333333336,1336.0,6.874998166666668
60.333333333333336,1355.0,7.159089000000001
60.5,1309.0,7.159089000000001
60.75,1252.0,7.159089000000001
60.916666666666664,1191.0,6.534089166666668
61.0,1170.0,6.420452833333333
61.166666666666664,1232.0,6.420452833333333
61.166666666666664,1232.0,6.477271
61.333333333333336,1257.0,6.477271
61.5,1258.0,6.6477255
61.75,1177.0,6.6477255
61.916666666666664,1075.0,6.6477255
62.083333333333336,1159.0,6.249998333333333
62.25,1268.0,6.249998333333333
62.416666666666664,1310.0,6.249998333333333
62.5,1235.0,7.443179833333334
62.5,1207.0,2.102272166666667
62.583333333333336,1201.0,2.102272166666667
62.75,1148.0,2.102272166666667
62.916666666666664,1065.0,3.40909
63.083333333333336,1012.0,6.931816333333333
63.25,1034.0,5.795453
63.25,1089.0,8.693179500000001
63.416666666666664,1089.0,8.693179500000001
63.5,1146.0,7.499998000000001
63.5,1057.0,7.499998000000001
63.5,997.0,7.499998000000001
63.75,978.0,7.499998000000001
63.916666666666664,1073.0,6.931816333333333
64.08333333333333,1263.0,6.81818
64.25,1269.0,6.6477255
64.41666666666667,1246.0,6.6477255
64.58333333333333,1262.0,6.6477255
64.75,1338.0,6.534089166666668
64.91666666666667,1321.0,6.590907333333333
65.0,1233.0,5.852271166666667
65.16666666666667,1162.0,5.852271166666667
65.33333333333333,1148.0,6.420452833333333
65.5,1162.0,6.420452833333333
65.75,1211.0,6.420452833333333
65.91666666666667,1272.0,6.420452833333333
66.08333333333333,1303.0,6.477271
66.33333333333333,1276.0,6.81818
66.5,1302.0,6.704543666666668
66.5,1345.0,8.409088666666667
66.66666666666667,1384.0,7.045452666666668
66.83333333333333,1393.0,7.045452666666668
67.08333333333333,1339.0,7.045452666666668
67.16666666666667,1288.0,6.874998166666668
67.25,1269.0,6.874998166666668
67.5,1269.0,6.874998166666668
67.66666666666667,1269.0,6.761361833333333
67.83333333333333,1228.0,6.761361833333333
67.83333333333333,1143.0,5.681816666666667
67.83333333333333,1106.0,5.681816666666667
68.0,1163.0,5.681816666666667
68.16666666666667,1387.0,5.681816666666667
68.33333333333333,1472.0,6.704543666666668
68.5,1494.0,6.079543833333333
68.66666666666667,1421.0,6.81818
68.75,1238.0,7.329543500000001
68.83333333333333,1291.0,3.0113628333333335
68.83333333333333,1343.0,3.0113628333333335
68.83333333333333,1287.0,3.0113628333333335
69.0,1158.0,3.0113628333333335
69.08333333333333,1078.0,7.443179833333334
69.33333333333333,1182.0,7.443179833333334
69.5,1318.0,6.704543666666668
69.66666666666667,1412.0,6.704543666666668
69.91666666666667,1314.0,6.988634500000001
70.0,1249.0,6.022725666666667
70.0,1286.0,6.022725666666667
70.0,1353.0,6.022725666666667
70.08333333333333,1344.0,6.022725666666667
70.25,1240.0,6.022725666666667
70.41666666666667,1181.0,6.022725666666667
70.5,1151.0,8.124997833333333
70.66666666666667,1205.0,8.124997833333333
70.83333333333333,1325.0,6.81818
70.91666666666667,1332.0,7.5568161666666676
71.0,1223.0,2.102272166666667
71.08333333333333,1195.0,3.4659081666666665
71.08333333333333,1319.0,3.4659081666666665
71.25,1353.0,8.465906833333333
71.41666666666667,1281.0,8.465906833333333
71.66666666666667,1199.0,7.670452500000001
71.75,1213.0,6.193180166666667
71.91666666666667,1273.0,6.193180166666667
72.08333333333333,1230.0,6.193180166666667
72.25,1173.0,6.534089166666668
72.41666666666667,1133.0,6.874998166666668
72.5,1202.0,5.9659075
72.66666666666667,1202.0,5.9659075
72.83333333333333,1272.0,5.9659075
73.0,1271.0,5.9659075
73.0,1251.0,8.693179500000001
73.25,1314.0,8.693179500000001
73.33333333333333,1366.0,8.409088666666667
73.41666666666667,1389.0,6.193180166666667
73.41666666666667,1370.0,6.193180166666667
73.41666666666667,1282.0,6.193180166666667
73.5,1029.0,6.193180166666667
73.66666666666667,1053.0,6.193180166666667
73.83333333333333,1172.0,8.465906833333333
73.83333333333333,1268.0,7.102270833333333
73.91666666666667,1230.0,2.1590903333333333
74.16666666666667,1210.0,3.2386355
74.25,1245.0,6.193180166666667
74.25,1245.0,6.193180166666667
74.5,1269.0,6.193180166666667
74.5,1235.0,6.136362
74.58333333333333,1218.0,2.272726666666667
74.75,1221.0,2.272726666666667
74.91666666666667,1225.0,2.272726666666667
75.0,1265.0,6.477271
75.0,1276.0,3.1818173333333335
75.16666666666667,1255.0,3.1818173333333335
75.41666666666667,1216.0,6.363634666666667
75.5,1202.0,6.988634500000001
75.58333333333333,1265.0,3.1249991666666666
75.75,1350.0,3.1249991666666666
75.91666666666667,1343.0,3.1249991666666666
76.08333333333333,1336.0,6.81818
76.33333333333333,1281.0,6.81818
76.41666666666667,1327.0,6.3068165
76.66666666666667,1352.0,6.3068165
76.75,1343.0,6.249998333333333
76.91666666666667,1256.0,6.249998333333333
77.08333333333333,1208.0,6.249998333333333
77.33333333333333,1207.0,6.249998333333333
77.41666666666667,1235.0,7.102270833333333
77.66666666666667,1294.0,7.102270833333333
77.83333333333333,1282.0,6.931816333333333
78.0,1281.0,6.761361833333333
78.16666666666667,1295.0,6.931816333333333
78.33333333333333,1295.0,6.931816333333333
78.5,1323.0,6.6477255
78.58333333333333,1317.0,5.9659075
78.66666666666667,1344.0,5.9659075
78.75,1384.0,6.477271
78.91666666666667,1401.0,6.477271
79.08333333333333,1391.0,8.693179500000001
79.16666666666667,1345.0,8.693179500000001
79.33333333333333,1270.0,8.693179500000001
79.58333333333333,1243.0,7.443179833333334
79.75,1256.0,6.477271
79.91666666666667,1327.0,6.477271
80.08333333333333,1346.0,6.193180166666667
80.16666666666667,1351.0,6.193180166666667
80.41666666666667,1372.0,6.193180166666667
80.58333333333333,1392.0,6.193180166666667
80.66666666666667,1413.0,6.079543833333333
80.83333333333333,1364.0,6.079543833333333
81.0,1277.0,6.079543833333333
81.08333333333333,1187.0,6.022725666666667
81.16666666666667,1218.0,6.022725666666667
81.33333333333333,1259.0,6.022725666666667
81.41666666666667,1257.0,6.590907333333333
81.58333333333333,1277.0,6.590907333333333
81.75,1337.0,6.590907333333333
81.91666666666667,1310.0,6.590907333333333
82.0,1260.0,3.4659081666666665
82.08333333333333,1248.0,3.1818173333333335
82.25,1262.0,3.5795445000000004
82.5,1263.0,6.420452833333333
82.58333333333333,1297.0,6.363634666666667
82.58333333333333,1320.0,6.363634666666667
82.83333333333333,1305.0,6.363634666666667
83.0,1252.0,6.363634666666667
83.25,1228.0,6.420452833333333
83.33333333333333,1229.0,5.9659075
83.5,1218.0,6.079543833333333
83.75,1262.0,6.079543833333333
83.91666666666667,1288.0,6.590907333333333
84.08333333333333,1274.0,6.590907333333333
84.16666666666667,1238.0,6.81818
84.33333333333333,1283.0,6.81818
84.41666666666667,1410.0,6.761361833333333
84.66666666666667,1410.0,7.386361666666668
84.75,1411.0,5.568180333333333
84.83333333333333,1281.0,3.693180833333334
84.91666666666667,1191.0,2.1590903333333333
85.0,1187.0,2.1590903333333333
85.16666666666667,1167.0,2.1590903333333333
85.25,1113.0,6.079543833333333
85.33333333333333,1081.0,6.079543833333333
85.41666666666667,1151.0,6.6477255
85.66666666666667,1285.0,6.6477255
85.75,1299.0,8.238634166666667
85.83333333333333,1250.0,8.238634166666667
86.08333333333333,1166.0,8.238634166666667
86.25,1181.0,6.420452833333333
86.5,1307.0,6.420452833333333
86.58333333333333,1308.0,6.534089166666668
86.66666666666667,1170.0,3.2386355
86.83333333333333,1062.0,3.352271833333334
87.0,1162.0,3.352271833333334
87.16666666666667,1287.0,5.681816666666667
87.16666666666667,1309.0,7.5568161666666676
87.41666666666667,1199.0,7.5568161666666676
87.58333333333333,1195.0,7.5568161666666676
87.83333333333333,1319.0,7.5568161666666676
88.0,1400.0,6.420452833333333
88.0,1384.0,6.079543833333333
88.16666666666667,1455.0,6.079543833333333
88.25,1383.0,6.534089166666668
88.41666666666667,1213.0,6.534089166666668
88.5,1214.0,8.693179500000001
88.66666666666667,1332.0,8.693179500000001
88.75,1428.0,5.852271166666667
89.0,1413.0,5.852271166666667
89.16666666666667,1349.0,6.249998333333333
89.25,1272.0,6.477271
89.25,1224.0,6.477271
89.5,1224.0,6.477271
89.66666666666667,1285.0,6.477271
89.83333333333333,1378.0,6.477271
90.0,1348.0,8.181816000000001
90.16666666666667,1305.0,7.045452666666668
90.33333333333333,1313.0,6.931816333333333
90.41666666666667,1313.0,6.363634666666667
90.58333333333333,1316.0,6.363634666666667
90.58333333333333,1327.0,7.045452666666668
90.75,1324.0,7.045452666666668
90.83333333333333,1278.0,6.477271
91.0,1194.0,6.590907333333333
91.16666666666667,1222.0,6.590907333333333
91.33333333333333,1366.0,6.590907333333333
91.41666666666667,1426.0,6.534089166666668
91.58333333333333,1452.0,7.8977251666666675
91.66666666666667,1414.0,7.8977251666666675
91.75,1313.0,5.795453
91.91666666666667,1265.0,5.795453
92.08333333333333,1249.0,6.420452833333333
92.25,1269.0,6.6477255
92.5,1284.0,6.6477255
92.58333333333333,1248.0,6.3068165
92.75,1209.0,6.3068165
92.91666666666667,1183.0,6.249998333333333
93.08333333333333,1217.0,6.249998333333333
93.08333333333333,1304.0,6.249998333333333
93.08333333333333,1256.0,6.249998333333333
93.16666666666667,1172.0,6.249998333333333
93.33333333333333,1126.0,6.761361833333333
93.58333333333333,1101.0,6.761361833333333
93.66666666666667,1123.0,8.181816000000001
93.75,1161.0,2.7840901666666666
93.91666666666667,1161.0,2.7840901666666666
94.0,1148.0,6.079543833333333
94.0,1134.0,6.079543833333333
94.0,1137.0,6.079543833333333
94.0,1145.0,6.079543833333333
94.08333333333333,1156.0,0.7386361666666666
94.16666666666667,1165.0,0.7386361666666666
94.25,1156.0,6.761361833333333
94.41666666666667,1146.0,6.363634666666667
94.58333333333333,1135.0,6.81818
94.75,1158.0,6.81818
94.83333333333333,1195.0,5.9659075
95.0,1203.0,6.249998333333333
95.08333333333333,1210.0,6.249998333333333
95.16666666666667,1220.0,6.193180166666667
95.33333333333333,1207.0,6.193180166666667
95.58333333333333,1207.0,6.193180166666667
95.58333333333333,1208.0,7.159089000000001
95.75,1211.0,7.159089000000001
95.83333333333333,1210.0,7.784088833333334
96.0,1208.0,7.784088833333334
96.08333333333333,1184.0,5.568180333333333
96.16666666666667,1142.0,2.102272166666667
96.33333333333333,1129.0,3.0113628333333335
96.5,1168.0,3.0113628333333335
96.66666666666667,1251.0,5.738634833333333
96.83333333333333,1246.0,5.738634833333333
97.0,1250.0,5.738634833333333
97.16666666666667,1315.0,5.738634833333333
97.33333333333333,1420.0,6.363634666666667
97.58333333333333,1385.0,6.363634666666667
97.66666666666667,1385.0,6.420452833333333
97.75,1328.0,2.8409083333333336
97.83333333333333,1267.0,2.8409083333333336
97.91666666666667,1336.0,5.909089333333333
98.08333333333333,1376.0,5.909089333333333
98.25,1343.0,5.909089333333333
98.41666666666667,1303.0,6.193180166666667
98.58333333333333,1370.0,6.193180166666667
98.75,1424.0,6.193180166666667
98.91666666666667,1449.0,6.079543833333333
99.0,1402.0,5.2840895
99.0,1260.0,5.2840895
99.0,1206.0,5.2840895
99.08333333333333,1196.0,5.2840895
99.33333333333333,1196.0,6.136362
99.5,1256.0,6.136362
99.66666666666667,1382.0,6.136362
99.75,1432.0,6.022725666666667
99.83333333333333,1473.0,6.022725666666667
100.0,1510.0,6.022725666666667
100.0,1577.0,6.079543833333333
100.0,1574.0,6.079543833333333
100.0,1506.0,6.079543833333333
100.08333333333333,1427.0,6.079543833333333
100.16666666666667,1368.0,6.931816333333333
100.41666666666667,1350.0,6.931816333333333
100.58333333333333,1348.0,6.761361833333333
100.66666666666667,1338.0,5.909089333333333
100.83333333333333,1338.0,6.590907333333333
100.91666666666667,1336.0,6.420452833333333
101.08333333333333,1356.0,6.420452833333333
101.08333333333333,1494.0,6.420452833333333
101.08333333333333,1552.0,6.420452833333333
101.16666666666667,1517.0,6.420452833333333
101.33333333333333,1466.0,6.249998333333333
101.5,1436.0,6.249998333333333
101.66666666666667,1416.0,6.249998333333333
101.66666666666667,1379.0,5.852271166666667
101.91666666666667,1287.0,5.852271166666667
102.08333333333333,1162.0,6.022725666666667
102.25,1142.0,6.022725666666667
102.25,1177.0,5.454544
102.33333333333333,1236.0,1.9886358333333334
102.41666666666667,1400.0,1.9886358333333334
102.58333333333333,1553.0,1.9886358333333334
102.75,1623.0,6.079543833333333
102.91666666666667,1653.0,6.079543833333333
103.0,1574.0,5.738634833333333
103.25,1536.0,5.738634833333333
103.41666666666667,1618.0,5.738634833333333
103.58333333333333,1688.0,5.738634833333333
103.58333333333333,1668.0,5.852271166666667
103.58333333333333,1377.0,5.852271166666667
103.58333333333333,1288.0,5.852271166666667
103.66666666666667,1342.0,5.852271166666667
103.83333333333333,1399.0,5.852271166666667
104.08333333333333,1504.0,5.852271166666667
104.16666666666667,1568.0,5.795453
104.16666666666667,1604.0,5.795453
104.33333333333333,1634.0,5.795453
104.41666666666667,1616.0,6.3068165
104.5,1451.0,6.3068165
104.58333333333333,1358.0,5.454544
104.66666666666667,1341.0,2.8409083333333336
104.66666666666667,1346.0,2.8409083333333336
104.83333333333333,1315.0,2.8409083333333336
104.91666666666667,1277.0,6.81818
105.16666666666667,1341.0,6.81818
105.25,1469.0,5.795453
105.41666666666667,1600.0,5.795453
105.58333333333333,1600.0,5.852271166666667
105.75,1604.0,5.852271166666667
105.75,1425.0,6.079543833333333
105.75,1343.0,6.079543833333333
105.75,1410.0,6.079543833333333
105.83333333333333,1602.0,0.8522725
105.91666666666667,1588.0,0.8522725
106.0,1527.0,2.0454540000000003
106.16666666666667,1536.0,2.727272
106.33333333333333,1632.0,5.681816666666667
106.5,1611.0,6.6477255
106.75,1524.0,6.6477255
106.75,1443.0,5.2840895
107.0,1404.0,5.2840895
107.08333333333333,1436.0,5.681816666666667
107.16666666666667,1438.0,5.681816666666667
107.25,1451.0,1.8749995000000002
107.33333333333333,1482.0,3.1818173333333335
107.5,1670.0,3.1818173333333335
107.66666666666667,1716.0,5.454544
107.75,1678.0,5.113635
107.91666666666667,1619.0,5.170453166666666
108.08333333333333,1551.0,5.170453166666666
108.25,1445.0,5.568180333333333
108.25,1378.0,5.6249985
108.25,1358.0,5.6249985
108.25,1376.0,5.6249985
108.33333333333333,1405.0,5.6249985
108.5,1414.0,5.795453
108.66666666666667,1413.0,5.795453
108.83333333333333,1486.0,5.795453
108.91666666666667,1592.0,5.340907666666666
109.08333333333333,1612.0,5.340907666666666
109.16666666666667,1620.0,5.795453
109.25,1679.0,2.9545446666666666
109.33333333333333,1747.0,2.9545446666666666
109.5,1666.0,5.113635
109.66666666666667,1572.0,5.454544
109.83333333333333,1547.0,5.511362166666667
110.0,1538.0,5.6249985
110.16666666666667,1386.0,5.6249985
110.33333333333333,1343.0,5.6249985
110.5,1342.0,5.6249985
110.58333333333333,1342.0,5.056816833333333
110.75,1343.0,5.056816833333333
110.91666666666667,1533.0,5.397725833333334
111.0,1577.0,4.9999986666666665
111.0,1540.0,4.9999986666666665
111.16666666666667,1521.0,4.9999986666666665
111.25,1551.0,6.363634666666667
111.33333333333333,1639.0,2.7840901666666666
111.5,1657.0,5.909089333333333
111.58333333333333,1644.0,5.795453
111.66666666666667,1599.0,2.6136356666666667
111.75,1543.0,2.6136356666666667
111.91666666666667,1516.0,2.6136356666666667
112.08333333333333,1553.0,4.9431805
112.25,1596.0,4.9431805
112.33333333333333,1579.0,5.397725833333334
112.33333333333333,1570.0,5.397725833333334
112.58333333333333,1622.0,5.397725833333334
112.66666666666667,1653.0,5.681816666666667
112.83333333333333,1655.0,5.738634833333333
113.0,1766.0,4.9431805
113.16666666666667,1794.0,4.9431805
113.25,1699.0,4.9999986666666665
113.41666666666667,1578.0,4.9999986666666665
113.58333333333333,1600.0,4.9999986666666665
113.75,1699.0,5.6249985
113.91666666666667,1714.0,5.397725833333334
113.91666666666667,1686.0,5.113635
113.91666666666667,1639.0,5.113635
114.0,1512.0,1.3068178333333333
114.08333333333333,1506.0,1.3068178333333333
114.25,1545.0,1.8181813333333334
114.33333333333333,1624.0,4.9431805
114.5,1701.0,5.056816833333333
114.66666666666667,1650.0,5.056816833333333
114.75,1572.0,5.738634833333333
114.91666666666667,1526.0,5.397725833333334
115.0,1642.0,5.340907666666666
115.16666666666667,1621.0,5.340907666666666
115.33333333333333,1534.0,5.340907666666666
115.41666666666667,1540.0,4.7159078333333335
115.58333333333333,1600.0,4.7159078333333335
115.58333333333333,1613.0,5.056816833333333
115.75,1613.0,5.056816833333333
115.91666666666667,1699.0,5.340907666666666
116.0,1825.0,4.7159078333333335
116.08333333333333,1887.0,2.727272
116.25,1758.0,2.727272
116.41666666666667,1640.0,4.9999986666666665
116.5,1626.0,5.9659075
116.58333333333333,1695.0,5.2840895
116.58333333333333,1776.0,5.2840895
116.75,1704.0,5.2840895
116.91666666666667,1636.0,5.2840895
117.0,1641.0,6.193180166666667
117.16666666666667,1727.0,6.193180166666667
117.33333333333333,1808.0,5.681816666666667
117.5,1816.0,5.454544
117.66666666666667,1732.0,5.454544
117.83333333333333,1662.0,5.511362166666667
117.91666666666667,1654.0,5.113635
118.08333333333333,1678.0,5.113635
118.16666666666667,1651.0,5.113635
118.16666666666667,1575.0,5.113635
118.16666666666667,1522.0,5.113635
118.33333333333333,1480.0,5.113635
118.5,1533.0,5.2840895
118.66666666666667,1671.0,5.170453166666666
118.75,1799.0,5.568180333333333
118.83333333333333,1869.0,5.568180333333333
119.0,1833.0,5.568180333333333
119.16666666666667,1834.0,5.568180333333333
119.25,1845.0,4.8295441666666665
119.33333333333333,1867.0,4.8295441666666665
119.41666666666667,1735.0,4.9999986666666665
119.41666666666667,1613.0,4.9999986666666665
119.41666666666667,1582.0,4.9999986666666665
119.5,1599.0,4.9999986666666665
119.58333333333333,1634.0,0.7954543333333334
119.66666666666667,1723.0,2.727272
119.83333333333333,1828.0,4.374998833333334
119.91666666666667,1916.0,4.9431805
120.0,1937.0,4.9431805
120.16666666666667,1878.0,4.9431805
120.33333333333333,1753.0,4.9431805
120.41666666666667,1753.0,4.090908000000001
120.58333333333333,1754.0,4.7727260000000005
120.75,1649.0,4.545453333333334
120.83333333333333,1496.0,4.545453333333334
120.91666666666667,1508.0,3.9772716666666668
121.08333333333333,1577.0,4.147726166666667
121.16666666666667,1663.0,4.7727260000000005
121.33333333333333,1807.0,4.6022715000000005
121.41666666666667,1804.0,5.113635
121.58333333333333,1822.0,5.113635
121.66666666666667,1900.0,3.8636353333333338
121.75,2021.0,3.8636353333333338
121.83333333333333,2105.0,2.3863630000000002
121.83333333333333,2105.0,2.4431811666666667
122.0,2066.0,2.4431811666666667
122.08333333333333,2062.0,4.261362500000001
122.08333333333333,1822.0,4.261362500000001
122.08333333333333,1724.0,4.261362500000001
122.08333333333333,1683.0,4.261362500000001
122.16666666666667,1683.0,4.261362500000001
122.16666666666667,1740.0,0.6249998333333333
122.25,1737.0,2.3863630000000002
122.33333333333333,1746.0,2.3863630000000002
122.5,1820.0,2.3863630000000002
122.58333333333333,1886.0,4.034089833333334
122.75,1918.0,4.034089833333334
122.83333333333333,1882.0,4.7159078333333335
122.91666666666667,1828.0,4.7159078333333335
123.08333333333333,1746.0,4.7159078333333335
123.08333333333333,1841.0,4.431817000000001
123.16666666666667,1895.0,2.0454540000000003
123.25,1830.0,2.0454540000000003
123.33333333333333,1726.0,4.318180666666667
123.41666666666667,1643.0,4.318180666666667
123.41666666666667,1665.0,2.102272166666667
123.5,1717.0,2.102272166666667
123.66666666666667,1759.0,2.102272166666667
123.75,1762.0,4.261362500000001
123.91666666666667,1746.0,4.147726166666667
124.0,1756.0,4.034089833333334
124.08333333333333,1778.0,4.147726166666667
124.25,1799.0,4.147726166666667
124.41666666666667,1785.0,4.147726166666667
124.5,1785.0,5.056816833333333
124.58333333333333,1720.0,3.693180833333334
124.58333333333333,1739.0,3.693180833333334
124.58333333333333,1802.0,3.693180833333334
124.58333333333333,1828.0,3.693180833333334
124.58333333333333,1698.0,3.693180833333334
124.66666666666667,1622.0,3.693180833333334
124.75,1650.0,4.488635166666667
124.83333333333333,1798.0,4.488635166666667
124.91666666666667,1916.0,4.318180666666667
125.08333333333333,1874.0,4.318180666666667
125.16666666666667,1927.0,4.374998833333334
125.16666666666667,2002.0,4.374998833333334
125.16666666666667,1987.0,4.374998833333334
125.33333333333333,1958.0,4.374998833333334
125.41666666666667,1841.0,4.431817000000001
125.58333333333333,1795.0,4.090908000000001
125.58333333333333,1776.0,4.034089833333334
125.58333333333333,1661.0,4.034089833333334
125.58333333333333,1647.0,4.034089833333334
125.58333333333333,1698.0,4.034089833333334
125.66666666666667,1759.0,4.034089833333334
125.75,1965.0,0.5681816666666667
125.83333333333333,2203.0,3.9204535000000003
126.0,2222.0,3.9204535000000003
126.08333333333333,2184.0,4.659089666666667
126.25,2230.0,4.034089833333334
126.25,2376.0,3.5795445000000004
126.33333333333333,2377.0,1.8749995000000002
126.5,2104.0,1.8749995000000002
126.58333333333333,1887.0,3.5795445000000004
126.66666666666667,1847.0,5.227271333333333
126.75,1818.0,3.5795445000000004
126.75,1703.0,3.5795445000000004
126.75,1591.0,3.5795445000000004
126.83333333333333,1648.0,3.5795445000000004
126.83333333333333,1819.0,0.7386361666666666
126.83333333333333,1898.0,0.7386361666666666
126.91666666666667,1957.0,0.7386361666666666
126.91666666666667,2038.0,0.9659088333333334
127.0,2147.0,1.704545
127.16666666666667,2209.0,1.704545
127.25,2211.0,3.693180833333334
127.25,2211.0,4.147726166666667
127.25,2395.0,4.147726166666667
127.41666666666667,2273.0,4.147726166666667
127.5,2014.0,3.806817166666667
127.58333333333333,1851.0,3.2954536666666665
127.75,1822.0,3.2954536666666665
127.75,1852.0,3.693180833333334
127.83333333333333,1851.0,1.8749995000000002
127.91666666666667,1870.0,3.806817166666667
127.91666666666667,1955.0,3.806817166666667
127.91666666666667,2073.0,3.806817166666667
127.91666666666667,2160.0,3.806817166666667
128.08333333333334,2202.0,3.806817166666667
128.16666666666666,2264.0,4.261362500000001
128.25,2264.0,3.1818173333333335
128.33333333333334,2059.0,3.8636353333333338
128.5,1890.0,3.8636353333333338
128.58333333333334,1807.0,3.7499990000000003
128.66666666666666,1731.0,3.5795445000000004
128.75,1637.0,3.5795445000000004
128.83333333333334,1490.0,3.5795445000000004
128.91666666666666,1482.0,1.5340905
129.0,1532.0,3.2386355
129.08333333333334,1609.0,3.5795445000000004
129.25,1733.0,3.5795445000000004
129.25,1834.0,3.9204535000000003
129.25,1888.0,3.9204535000000003
129.25,2038.0,3.9204535000000003
129.33333333333334,2047.0,0.7954543333333334
129.5,1990.0,0.7954543333333334
129.5,1909.0,3.5795445000000004
129.58333333333334,1920.0,3.5795445000000004
129.66666666666666,1967.0,1.6477268333333333
129.75,1809.0,3.1818173333333335
129.91666666666666,1756.0,3.1818173333333335
130.0,1813.0,3.352271833333334
130.08333333333334,1854.0,3.2954536666666665
130.16666666666666,1828.0,2.9545446666666666
130.25,1844.0,3.2954536666666665
130.41666666666666,1878.0,3.806817166666667
130.5,1860.0,3.806817166666667
130.58333333333334,1772.0,3.352271833333334
130.58333333333334,1772.0,2.8409083333333336
130.58333333333334,1679.0,2.8409083333333336
130.66666666666666,1715.0,1.1363633333333334
130.75,1794.0,3.1249991666666666
130.75,1804.0,3.1249991666666666
130.83333333333334,1725.0,3.1249991666666666
130.91666666666666,1725.0,1.0227270000000002
131.0,1715.0,3.352271833333334
131.08333333333334,1691.0,3.1818173333333335
131.16666666666666,1746.0,3.1818173333333335
131.25,1747.0,2.8977265
131.33333333333334,1694.0,3.352271833333334
131.41666666666666,1666.0,3.1249991666666666
131.5,1666.0,3.2386355
131.58333333333334,1676.0,2.8977265
131.66666666666666,1704.0,2.9545446666666666
131.66666666666666,1719.0,2.9545446666666666
131.75,1742.0,2.9545446666666666
131.83333333333334,1918.0,0.9659088333333334
131.91666666666666,2169.0,3.2954536666666665
131.91666666666666,2319.0,2.9545446666666666
131.91666666666666,2397.0,2.9545446666666666
131.91666666666666,2389.0,2.9545446666666666
131.91666666666666,2284.0,2.9545446666666666
132.0,2219.0,2.9545446666666666
132.08333333333334,2138.0,0.5681816666666667
132.16666666666666,2006.0,2.9545446666666666
132.25,1710.0,2.8409083333333336
132.33333333333334,1667.0,2.8409083333333336
132.41666666666666,1626.0,2.3863630000000002
132.5,1626.0,3.0113628333333335
132.58333333333334,1591.0,2.4431811666666667
132.66666666666666,1542.0,3.1818173333333335
132.75,1667.0,2.8409083333333336
132.83333333333334,1909.0,2.727272
132.91666666666666,2127.0,2.5568175
132.91666666666666,2201.0,2.4999993333333332
133.0,2158.0,2.272726666666667
133.0,2175.0,2.272726666666667
133.08333333333334,2242.0,1.5340905
133.16666666666666,2239.0,2.5568175
133.25,2042.0,2.670453833333333
133.33333333333334,2040.0,2.670453833333333
133.41666666666666,2040.0,2.1590903333333333
133.5,1952.0,2.3295448333333333
133.5,1955.0,2.8977265
133.58333333333334,1986.0,2.8977265
133.58333333333334,1927.0,1.3068178333333333
133.58333333333334,1871.0,1.3068178333333333
133.58333333333334,1851.0,1.3068178333333333
133.66666666666666,1784.0,0.7954543333333334
133.75,1666.0,0.7954543333333334
133.83333333333334,1527.0,2.3295448333333333
133.91666666666666,1401.0,2.6136356666666667
133.91666666666666,1290.0,2.4431811666666667
134.0,1298.0,2.272726666666667
134.08333333333334,1364.0,2.7840901666666666
134.16666666666666,1362.0,2.272726666666667
134.25,1485.0,2.272726666666667
134.25,1796.0,1.9886358333333334
134.25,1984.0,1.9886358333333334
134.33333333333334,2150.0,1.1363633333333334
134.41666666666666,2281.0,3.40909
134.5,2260.0,2.4431811666666667
134.58333333333334,2111.0,2.4431811666666667
134.66666666666666,2012.0,1.9318176666666669
134.66666666666666,1993.0,2.6136356666666667
134.75,1974.0,2.272726666666667
134.83333333333334,1827.0,2.272726666666667
134.91666666666666,1821.0,2.670453833333333
134.91666666666666,1864.0,2.670453833333333
134.91666666666666,1863.0,2.670453833333333
134.91666666666666,2203.0,2.670453833333333
134.91666666666666,2366.0,2.670453833333333
134.91666666666666,2432.0,2.670453833333333
135.0,2442.0,2.670453833333333
135.08333333333334,2375.0,0.45454533333333336
135.08333333333334,2266.0,2.3295448333333333
135.08333333333334,2205.0,2.3295448333333333
135.08333333333334,2141.0,2.3295448333333333
135.16666666666666,2062.0,2.3295448333333333
135.25,1905.0,0.7954543333333334
135.25,1870.0,2.3295448333333333
135.33333333333334,1930.0,2.0454540000000003
135.41666666666666,1984.0,2.4431811666666667
135.5,1972.0,2.6136356666666667
135.58333333333334,1972.0,2.6136356666666667
135.66666666666666,1977.0,2.3295448333333333
135.66666666666666,2028.0,2.2159085000000003
135.75,2077.0,2.272726666666667
135.83333333333334,2066.0,2.6136356666666667
135.83333333333334,2054.0,2.6136356666666667
135.91666666666666,2147.0,2.6136356666666667
135.91666666666666,2227.0,1.0795451666666667
136.0,2230.0,2.4999993333333332
136.08333333333334,2263.0,2.4999993333333332
136.16666666666666,2407.0,1.8749995000000002
136.25,2510.0,2.670453833333333
136.25,2514.0,2.2159085000000003
136.33333333333334,2497.0,2.272726666666667
136.33333333333334,2466.0,2.272726666666667
136.33333333333334,2349.0,2.272726666666667
136.33333333333334,2208.0,2.272726666666667
136.41666666666666,2052.0,0.681818
136.5,1903.0,2.272726666666667
136.5,1895.0,2.272726666666667
136.5,1836.0,2.272726666666667
136.58333333333334,1754.0,1.0227270000000002
136.66666666666666,1866.0,1.0227270000000002
136.66666666666666,2045.0,2.102272166666667
136.75,2093.0,1.761363166666667
136.83333333333334,2100.0,2.4431811666666667
136.91666666666666,2127.0,2.4431811666666667
136.91666666666666,2152.0,1.9886358333333334
137.0,2175.0,1.8181813333333334
137.08333333333334,2126.0,1.8181813333333334
137.08333333333334,2088.0,2.272726666666667
137.16666666666666,2256.0,2.0454540000000003
137.25,2293.0,2.0454540000000003
137.33333333333334,2243.0,1.761363166666667
137.33333333333334,2153.0,2.5568175
137.41666666666666,2134.0,2.102272166666667
137.5,2243.0,2.102272166666667
137.5,2295.0,1.9886358333333334
137.5,2332.0,1.9886358333333334
137.58333333333334,2387.0,1.0227270000000002
137.66666666666666,2399.0,1.0227270000000002
137.66666666666666,2398.0,2.0454540000000003
137.75,2398.0,1.9318176666666669
137.83333333333334,2334.0,1.9318176666666669
137.83333333333334,2226.0,1.9886358333333334
137.91666666666666,2106.0,1.8181813333333334
138.0,1986.0,1.8181813333333334
138.0,1895.0,1.9318176666666669
138.08333333333334,1881.0,1.8749995000000002
138.16666666666666,1985.0,1.8749995000000002
138.16666666666666,2120.0,1.8181813333333334
138.25,2166.0,1.6477268333333333
138.25,2223.0,1.6477268333333333
138.25,2268.0,1.6477268333333333
138.33333333333334,2261.0,1.6477268333333333
138.33333333333334,2210.0,0.9090906666666667
138.41666666666666,2209.0,1.6477268333333333
138.5,2205.0,1.6477268333333333
138.5,2242.0,2.0454540000000003
138.58333333333334,2315.0,1.8181813333333334
138.66666666666666,2346.0,1.8181813333333334
138.66666666666666,2303.0,1.8181813333333334
138.75,2220.0,1.8181813333333334
138.75,2166.0,1.5340905
138.83333333333334,2200.0,1.6477268333333333
138.83333333333334,2221.0,1.6477268333333333
138.91666666666666,2193.0,1.6477268333333333
139.0,2143.0,1.6477268333333333
139.0,2151.0,1.6477268333333333
139.08333333333334,2172.0,1.6477268333333333
139.08333333333334,2170.0,1.6477268333333333
139.16666666666666,2215.0,1.6477268333333333
139.16666666666666,2205.0,1.6477268333333333
139.25,2153.0,1.5909086666666667
139.25,2043.0,1.5909086666666667
139.33333333333334,1986.0,1.5340905
139.41666666666666,1971.0,1.5340905
139.41666666666666,1908.0,1.5909086666666667
139.5,1815.0,1.5909086666666667
139.5,1787.0,1.4772723333333333
139.5,1894.0,1.4772723333333333
139.5,1948.0,1.4772723333333333
139.5,1962.0,1.4772723333333333
139.5,1963.0,1.4772723333333333
139.58333333333334,1961.0,0.5113635000000001
139.58333333333334,1961.0,0.5113635000000001
139.66666666666666,1899.0,1.5340905
139.66666666666666,1853.0,1.5340905
139.66666666666666,1887.0,1.5340905
139.66666666666666,1958.0,1.5340905
139.75,2063.0,0.7386361666666666
139.75,2124.0,0.7386361666666666
139.83333333333334,2132.0,1.4772723333333333
139.91666666666666,2084.0,1.4772723333333333
139.91666666666666,2027.0,1.5340905
140.0,2038.0,1.5340905
140.0,2100.0,1.5340905
140.08333333333334,2131.0,1.5340905
140.08333333333334,2141.0,1.4772723333333333
140.16666666666666,2206.0,1.4772723333333333
140.16666666666666,2259.0,1.4204541666666668
140.25,2217.0,1.4204541666666668
140.25,2147.0,1.4204541666666668
140.33333333333334,2102.0,1.4204541666666668
140.33333333333334,2064.0,1.4204541666666668
140.41666666666666,2013.0,1.4204541666666668
140.41666666666666,1954.0,1.4204541666666668
140.5,1922.0,1.4204541666666668
140.5,1889.0,1.363636
140.5,1833.0,1.363636
140.58333333333334,1843.0,1.363636
140.58333333333334,1922.0,1.363636
140.66666666666666,1985.0,1.363636
140.66666666666666,1986.0,1.363636
140.75,1970.0,1.3068178333333333
140.75,1945.0,1.3068178333333333
140.83333333333334,1920.0,1.3068178333333333
140.83333333333334,1882.0,1.1931815000000001
140.83333333333334,1883.0,1.1931815000000001
140.91666666666666,1966.0,1.0795451666666667
140.91666666666666,2108.0,1.0795451666666667
141.0,2140.0,1.0795451666666667
141.0,2084.0,1.1931815000000001
141.0,2079.0,1.1931815000000001
141.08333333333334,2131.0,1.1931815000000001
141.08333333333334,2151.0,0.9659088333333334
141.08333333333334,2154.0,0.9659088333333334
141.16666666666666,2144.0,1.0227270000000002
141.16666666666666,2144.0,1.0227270000000002
141.16666666666666,2141.0,1.0227270000000002
141.25,2119.0,1.0227270000000002
141.25,2082.0,1.0227270000000002
141.25,2068.0,1.0227270000000002
141.33333333333334,2065.0,0.9090906666666667
141.33333333333334,2068.0,0.9090906666666667
141.33333333333334,2054.0,0.9090906666666667
141.41666666666666,2040.0,0.9090906666666667
141.41666666666666,2043.0,0.9090906666666667
141.41666666666666,2047.0,0.9090906666666667
141.5,2025.0,0.9090906666666667
141.5,1969.0,0.8522725
141.5,1967.0,0.8522725
141.5,1933.0,0.8522725
141.58333333333334,1895.0,0.7954543333333334
141.58333333333334,1854.0,0.7954543333333334
141.58333333333334,1862.0,0.7954543333333334
141.58333333333334,1870.0,0.7954543333333334
141.66666666666666,1897.0,0.7386361666666666
141.66666666666666,2007.0,0.7386361666666666
141.66666666666666,2072.0,0.7386361666666666
141.75,2051.0,0.7386361666666666
141.75,1973.0,0.7954543333333334
141.75,1894.0,0.7954543333333334
141.75,1886.0,0.7954543333333334
141.75,1890.0,0.7954543333333334
141.83333333333334,1890.0,0.681818
141.83333333333334,1907.0,0.681818
141.83333333333334,2025.0,0.681818
141.83333333333334,2083.0,0.681818
141.91666666666666,2077.0,0.681818
141.91666666666666,2045.0,0.681818
141.91666666666666,1996.0,0.681818
141.91666666666666,2006.0,0.681818
141.91666666666666,2032.0,0.681818
142.0,2067.0,0.5681816666666667
142.0,2114.0,0.5681816666666667
142.0,2162.0,0.5681816666666667
142.0,2121.0,0.5681816666666667
142.0,2037.0,0.5681816666666667
142.08333333333334,2036.0,0.5681816666666667
142.08333333333334,2036.0,0.5681816666666667
142.08333333333334,1907.0,0.5681816666666667
142.08333333333334,1842.0,0.5681816666666667
142.08333333333334,1781.0,0.5681816666666667
142.08333333333334,1754.0,0.5681816666666667
142.16666666666666,1801.0,0.5113635000000001
142.16666666666666,1882.0,0.5113635000000001
142.16666666666666,1886.0,0.5113635000000001
142.16666666666666,1795.0,0.5113635000000001
142.16666666666666,1357.0,0.5113635000000001
142.16666666666666,403.0,0.5113635000000001
142.16666666666666,121.0,0.5113635000000001
142.16666666666666,60.0,0.5113635000000001
142.16666666666666,0.0,0.5113635000000001
142.16666666666666,0.0,0.5113635000000001
142.16666666666666,0.0,0.5113635000000001
142.16666666666666,0.0,0.5113635000000001
142.16666666666666,0.0,0.5113635000000001
142.16666666666666,1.0,0.5113635000000001
142.16666666666666,0.0,0.5113635000000001
142.16666666666666,0.0,0.5113635000000001
142.16666666666666,1.0,0.5113635000000001
142.16666666666666,0.0,0.5113635000000001
142.16666666666666,0.0,0.5113635000000001
142.16666666666666,0.0,0.5113635000000001
142.16666666666666,0.0,0.5113635000000001
142.16666666666666,0.0,0.5113635000000001
142.16666666666666,0.0,0.5113635000000001
142.16666666666666,0.0,0.5113635000000001
142.16666666666666,1.0,0.5113635000000001
142.16666666666666,0.0,0.5113635000000001
142.16666666666666,0.0,0.5113635000000001
142.16666666666666,0.0,0.5113635000000001
142.16666666666666,0.0,0.5113635000000001
142.16666666666666,0.0,0.5113635000000001
142.16666666666666,0.0,0.5113635000000001
142.16666666666666,0.0,0.5113635000000001
142.16666666666666,0.0,0.5113635000000001
142.16666666666666,0.0,0.5113635000000001
142.16666666666666,0.0,0.5113635000000001
142.16666666666666,0.0,0.5113635000000001
142.16666666666666,0.0,0.5113635000000001
142.16666666666666,0.0,0.5113635000000001
142.16666666666666,0.0,0.5113635000000001
142.16666666666666,0.0,0.5113635000000001
142.16666666666666,0.0,0.5113635000000001
142.16666666666666,0.0,0.5113635000000001
142.16666666666666,0.0,0.5113635000000001
142.16666666666666,0.0,0.5113635000000001
142.16666666666666,0.0,0.5113635000000001
142.16666666666666,0.0,0.5113635000000001
