0.0,0.0,0.0
0.0,0.0,0.0
0.0,0.0,0.0
0.0,0.0,0.0
0.0,0.0,0.0
0.0,0.0,0.0
0.0,0.0,0.0
0.0,0.0,0.0
0.0,0.0,0.0
0.0,0.0,0.0
0.0,0.0,0.0
0.0,0.0,0.0
0.0,0.0,0.0
0.0,0.0,0.0
0.0,0.0,0.0
0.0,0.0,0.0
0.0,0.0,0.0
0.0,0.0,0.0
0.0,0.0,0.0
0.0,0.0,0.0
0.0,0.0,0.0
0.0,0.0,0.0
0.0,0.0,0.0
0.0,0.0,0.0
0.0,1.0,0.0
0.0,0.0,0.0
0.0,0.0,0.0
0.0,0.0,0.0
0.0,0.0,0.0
0.0,0.0,0.0
0.0,0.0,0.0
0.0,0.0,0.0
0.0,0.0,0.0
0.0,1.0,0.0
0.0,0.0,0.0
0.0,0.0,0.0
0.0,0.0,0.0
0.0,0.0,0.0
0.0,0.0,0.0
0.0,0.0,0.0
0.0,0.0,0.0
0.0,1.0,0.0
0.0,0.0,0.0
0.0,0.0,0.0
0.0,0.0,0.0
0.0,0.0,0.0
0.0,0.0,0.0
0.0,0.0,0.0
0.0,0.0,0.0
0.0,0.0,0.0
0.0,0.0,0.0
0.0,0.0,0.0
0.0,0.0,0.0
0.0,0.0,0.0
0.0,0.0,0.0
0.0,0.0,0.0
0.0,1.0,0.0
0.0,0.0,0.0
0.0,0.0,0.0
0.0,0.0,0.0
0.0,0.0,0.0
0.0,0.0,0.0
0.0,0.0,0.0
0.0,0.0,0.0
0.0,0.0,0.0
0.0,0.0,0.0
0.0,0.0,0.0
0.0,0.0,0.0
0.0,0.0,0.0
0.0,0.0,0.0
0.0,0.0,0.0
0.0,1.0,0.0
0.0,1.0,0.0
0.0,0.0,0.0
0.0,1.0,0.0
0.0,0.0,0.0
0.0,0.0,0.0
0.0,0.0,0.0
0.0,0.0,0.0
0.0,0.0,0.0
0.0,0.0,0.0
0.0,0.0,0.0
0.0,0.0,0.0
0.0,0.0,0.0
0.0,0.0,0.0
0.0,0.0,0.0
0.0,0.0,0.0
0.0,0.0,0.0
0.0,0.0,0.0
0.0,0.0,0.0
0.0,0.0,0.0
0.0,0.0,0.0
0.0,0.0,0.0
0.0,0.0,0.0
0.0,0.0,0.0
0.0,0.0,0.0
0.0,0.0,0.0
0.0,0.0,0.0
0.0,0.0,0.0
0.0,0.0,0.0
0.0,0.0,0.0
0.0,0.0,0.0
0.0,0.0,0.0
0.0,0.0,0.0
0.0,0.0,0.0
0.0,0.0,0.0
0.0,0.0,0.0
0.0,0.0,0.0
0.0,0.0,0.0
0.0,0.0,0.0
0.0,0.0,0.0
0.0,0.0,0.0
0.0,0.0,0.0
0.0,0.0,0.0
0.0,0.0,0.0
0.0,0.0,0.0
0.0,0.0,0.0
0.0,0.0,0.0
0.0,0.0,0.0
0.0,0.0,0.0
0.0,0.0,0.0
0.0,0.0,0.0
0.0,0.0,0.0
0.0,0.0,0.0
0.0,0.0,0.0
0.0,0.0,0.0
0.0,0.0,0.0
0.0,0.0,0.0
0.0,0.0,0.0
0.0,0.0,0.0
0.0,0.0,0.0
0.0,0.0,0.0
0.0,0.0,0.0
0.0,0.0,0.0
0.0,0.0,0.0
0.0,0.0,0.0
0.0,0.0,0.0
0.0,0.0,0.0
0.0,0.0,0.0
0.0,1.0,0.0
0.0,0.0,0.0
0.0,0.0,0.0
0.0,0.0,0.0
0.0,0.0,0.0
0.0,0.0,0.0
0.0,0.0,0.0
0.0,0.0,0.0
0.0,0.0,0.0
0.0,0.0,0.0
0.0,0.0,0.0
0.0,0.0,0.0
0.0,0.0,0.0
0.0,0.0,0.0
0.0,0.0,0.0
0.0,0.0,0.0
0.0,0.0,0.0
0.0,0.0,0.0
0.0,0.0,0.0
0.0,0.0,0.0
0.0,0.0,0.0
0.0,0.0,0.0
0.0,0.0,0.0
0.0,0.0,0.0
0.0,0.0,0.0
0.0,0.0,0.0
0.0,0.0,0.0
0.0,0.0,0.0
0.0,0.0,0.0
0.0,0.0,0.0
0.0,0.0,0.0
0.0,0.0,0.0
0.0,0.0,0.0
0.0,0.0,0.0
0.0,0.0,0.0
0.0,0.0,0.0
0.0,0.0,0.0
0.0,0.0,0.0
0.0,0.0,0.0
0.0,0.0,0.0
0.0,1.0,0.0
0.0,0.0,0.0
0.0,0.0,0.0
0.0,0.0,0.0
0.0,0.0,0.0
0.0,0.0,0.0
0.0,0.0,0.0
0.0,0.0,0.0
0.0,1.0,0.0
0.0,0.0,0.0
0.0,0.0,0.0
0.0,0.0,0.0
0.0,0.0,0.0
0.0,0.0,0.0
0.0,0.0,0.0
0.0,0.0,0.0
0.0,0.0,0.0
0.0,0.0,0.0
0.0,0.0,0.0
0.0,0.0,0.0
0.0,0.0,0.0
0.0,0.0,0.0
0.0,0.0,0.0
0.0,24.0,0.0
0.0,48.0,0.0
0.0,76.0,0.0
0.0,112.0,0.0
0.0,203.0,0.0
0.0,256.0,0.0
0.0,293.0,0.0
0.0,313.0,0.0
0.0,315.0,0.0
0.0,315.0,0.0
0.0,318.0,0.0
0.0,318.0,0.0
0.0,324.0,0.0
0.0,330.0,0.0
0.0,332.0,0.0
0.0,332.0,0.0
0.0,332.0,0.0
0.0,330.0,0.0
0.0,332.0,0.0
0.0,334.0,0.0
0.0,338.0,0.0
0.0,341.0,0.0
0.0,346.0,0.0
0.0,349.0,0.0
0.0,354.0,0.0
0.0,354.0,0.0
0.0,362.0,0.0
0.0,366.0,0.0
0.0,370.0,0.0
0.0,374.0,0.0
0.0,376.0,0.0
0.0,373.0,0.0
0.0,369.0,0.0
0.0,365.0,0.0
0.0,365.0,0.0
0.0,364.0,0.0
0.0,364.0,0.0
0.0,363.0,0.0
0.0,362.0,0.0
0.0,365.0,0.0
0.0,371.0,0.0
0.0,371.0,0.0
0.0,382.0,0.0
0.0,393.0,0.0
0.0,403.0,0.0
0.0,417.0,0.0
0.0,430.0,0.0
0.0,445.0,0.0
0.0,474.0,0.0
0.0,489.0,0.0
0.0,488.0,0.0
0.0,493.0,0.0
0.0,499.0,0.0
0.0,504.0,0.0
0.0,503.0,0.0
0.0,502.0,0.0
0.0,501.0,0.0
0.0,499.0,0.0
0.0,501.0,0.0
0.0,501.0,0.0
0.0,502.0,0.0
0.0,512.0,0.0
0.0,545.0,0.0
0.0,558.0,0.0
0.0,566.0,0.0
0.0,575.0,0.0
0.0,587.0,0.0
0.0,593.0,0.0
0.0,615.0,0.0
0.0,661.0,0.0
0.0,693.0,0.0
0.0,733.0,0.0
0.0,724.0,0.0
0.08333333333333333,695.0,0.0
0.08333333333333333,665.0,0.05681816666666667
0.08333333333333333,647.0,0.05681816666666667
0.08333333333333333,671.0,0.05681816666666667
0.08333333333333333,703.0,0.05681816666666667
0.08333333333333333,737.0,0.05681816666666667
0.08333333333333333,762.0,0.05681816666666667
0.08333333333333333,778.0,0.05681816666666667
0.08333333333333333,779.0,0.05681816666666667
0.08333333333333333,740.0,0.05681816666666667
0.08333333333333333,740.0,0.05681816666666667
0.08333333333333333,700.0,0.05681816666666667
0.08333333333333333,715.0,0.05681816666666667
0.08333333333333333,791.0,0.05681816666666667
0.08333333333333333,860.0,0.05681816666666667
0.08333333333333333,882.0,0.05681816666666667
0.08333333333333333,838.0,0.05681816666666667
0.08333333333333333,797.0,0.05681816666666667
0.08333333333333333,826.0,0.05681816666666667
0.08333333333333333,884.0,0.05681816666666667
0.08333333333333333,947.0,0.05681816666666667
0.08333333333333333,980.0,0.05681816666666667
0.08333333333333333,968.0,0.05681816666666667
0.08333333333333333,968.0,0.05681816666666667
0.08333333333333333,925.0,0.05681816666666667
0.08333333333333333,812.0,0.05681816666666667
0.16666666666666666,806.0,0.05681816666666667
0.16666666666666666,859.0,0.05681816666666667
0.16666666666666666,945.0,0.05681816666666667
0.16666666666666666,1052.0,0.05681816666666667
0.16666666666666666,1057.0,0.05681816666666667
0.16666666666666666,984.0,0.05681816666666667
0.16666666666666666,910.0,0.05681816666666667
0.16666666666666666,879.0,0.05681816666666667
0.16666666666666666,945.0,0.05681816666666667
0.16666666666666666,1010.0,0.05681816666666667
0.16666666666666666,1054.0,0.05681816666666667
0.16666666666666666,1054.0,0.05681816666666667
0.16666666666666666,938.0,0.05681816666666667
0.16666666666666666,807.0,0.05681816666666667
0.16666666666666666,739.0,0.05681816666666667
0.25,755.0,0.1704545
0.25,883.0,0.1704545
0.25,1067.0,0.1704545
0.25,1062.0,0.1704545
0.25,980.0,0.1704545
0.25,877.0,0.1704545
0.25,810.0,0.1704545
0.25,862.0,0.1704545
0.25,902.0,0.1704545
0.25,997.0,0.1704545
0.25,1001.0,0.1704545
0.25,931.0,0.1704545
0.25,931.0,0.1704545
0.25,833.0,0.1704545
0.25,779.0,0.1704545
0.3333333333333333,825.0,0.1704545
0.3333333333333333,1035.0,0.1704545
0.3333333333333333,1103.0,0.1704545
0.3333333333333333,1060.0,0.1704545
0.3333333333333333,947.0,0.1704545
0.3333333333333333,855.0,0.1704545
0.3333333333333333,943.0,0.1704545
0.3333333333333333,1068.0,0.1704545
0.3333333333333333,1162.0,0.1704545
0.3333333333333333,1168.0,0.1704545
0.3333333333333333,990.0,0.1704545
0.3333333333333333,891.0,0.1704545
0.3333333333333333,920.0,0.1704545
0.3333333333333333,1029.0,0.1704545
0.3333333333333333,1204.0,0.1704545
0.4166666666666667,1154.0,0.1704545
0.4166666666666667,1014.0,0.1704545
0.4166666666666667,901.0,0.1704545
0.4166666666666667,955.0,0.1704545
0.4166666666666667,1141.0,0.1704545
0.4166666666666667,1236.0,0.1704545
0.4166666666666667,1221.0,0.1704545
0.4166666666666667,1164.0,0.1704545
0.4166666666666667,1036.0,0.1704545
0.4166666666666667,1096.0,0.1704545
0.4166666666666667,1186.0,0.1704545
0.5,1228.0,0.28409083333333335
0.5,1106.0,0.28409083333333335
0.5,1064.0,0.28409083333333335
0.5,1116.0,0.28409083333333335
0.5,1182.0,0.28409083333333335
0.5,1200.0,0.28409083333333335
0.5,1158.0,0.28409083333333335
0.5,1167.0,0.28409083333333335
0.5833333333333334,1187.0,0.28409083333333335
0.5833333333333334,1197.0,0.340909
0.5833333333333334,1239.0,0.340909
0.5833333333333334,1244.0,0.340909
0.5833333333333334,1283.0,0.340909
0.5833333333333334,1315.0,0.340909
0.5833333333333334,1315.0,0.340909
0.6666666666666666,1325.0,0.340909
0.6666666666666666,1323.0,0.3977271666666667
0.6666666666666666,1299.0,0.3977271666666667
0.6666666666666666,1230.0,0.3977271666666667
0.6666666666666666,1171.0,0.3977271666666667
0.6666666666666666,1263.0,0.3977271666666667
0.75,1402.0,0.3977271666666667
0.75,1488.0,0.45454533333333336
0.75,1486.0,0.45454533333333336
0.75,1401.0,0.45454533333333336
0.75,1364.0,0.45454533333333336
0.75,1363.0,0.45454533333333336
0.75,1306.0,0.45454533333333336
0.8333333333333334,1292.0,0.45454533333333336
0.8333333333333334,1370.0,0.45454533333333336
0.8333333333333334,1422.0,0.45454533333333336
0.8333333333333334,1427.0,0.45454533333333336
0.9166666666666666,1414.0,0.45454533333333336
0.9166666666666666,1379.0,0.6249998333333333
0.9166666666666666,1399.0,0.6249998333333333
0.9166666666666666,1404.0,0.6249998333333333
0.9166666666666666,1388.0,0.6249998333333333
1.0,1380.0,0.6249998333333333
1.0,1395.0,0.6249998333333333
1.0,1392.0,0.6249998333333333
1.0,1391.0,0.6249998333333333
1.0833333333333333,1318.0,0.6249998333333333
1.0833333333333333,1370.0,0.6249998333333333
1.0833333333333333,1470.0,0.6249998333333333
1.0833333333333333,1534.0,0.6249998333333333
1.1666666666666667,1560.0,0.6249998333333333
1.1666666666666667,1586.0,0.681818
1.1666666666666667,1627.0,0.681818
1.1666666666666667,1634.0,0.681818
1.25,1591.0,0.681818
1.25,1443.0,0.7386361666666666
1.25,1329.0,0.7386361666666666
1.25,1324.0,0.7386361666666666
1.3333333333333333,1328.0,0.7386361666666666
1.3333333333333333,1327.0,0.7386361666666666
1.3333333333333333,1324.0,0.7386361666666666
1.3333333333333333,1324.0,0.7386361666666666
1.4166666666666667,1318.0,0.7954543333333334
1.4166666666666667,1318.0,0.7954543333333334
1.4166666666666667,1321.0,0.7954543333333334
1.4166666666666667,1332.0,0.7954543333333334
1.4166666666666667,1350.0,0.7954543333333334
1.4166666666666667,1359.0,0.7954543333333334
1.4166666666666667,1370.0,0.7954543333333334
1.4166666666666667,1377.0,0.7954543333333334
1.4166666666666667,1376.0,0.7954543333333334
1.4166666666666667,1355.0,0.7954543333333334
1.4166666666666667,1318.0,0.7954543333333334
1.4166666666666667,1231.0,0.7954543333333334
1.4166666666666667,1209.0,0.7954543333333334
1.4166666666666667,1215.0,0.7954543333333334
1.4166666666666667,1241.0,0.7954543333333334
1.4166666666666667,1272.0,0.7954543333333334
1.4166666666666667,1334.0,0.7954543333333334
1.4166666666666667,1410.0,0.7954543333333334
1.4166666666666667,1431.0,0.7954543333333334
1.4166666666666667,1414.0,0.7954543333333334
1.4166666666666667,1363.0,0.7954543333333334
1.4166666666666667,1264.0,0.7954543333333334
1.4166666666666667,1232.0,0.7954543333333334
1.4166666666666667,1214.0,0.7954543333333334
1.4166666666666667,1207.0,0.7954543333333334
1.4166666666666667,1205.0,0.7954543333333334
1.5,1217.0,0.7954543333333334
1.5,1224.0,0.11363633333333334
1.5,1221.0,0.11363633333333334
1.5833333333333333,1206.0,0.11363633333333334
1.5833333333333333,1194.0,1.0227270000000002
1.5833333333333333,1181.0,1.0227270000000002
1.6666666666666667,1162.0,1.1363633333333334
1.6666666666666667,1138.0,1.1363633333333334
1.75,1100.0,1.3068178333333333
1.75,1163.0,1.3068178333333333
1.8333333333333333,1218.0,1.3068178333333333
1.8333333333333333,1223.0,1.2499996666666666
1.9166666666666667,1179.0,1.2499996666666666
1.9166666666666667,1161.0,1.3068178333333333
1.9166666666666667,1119.0,1.3068178333333333
2.0,1112.0,1.2499996666666666
2.0,1112.0,1.2499996666666666
2.0,1137.0,1.2499996666666666
2.0833333333333335,1232.0,1.2499996666666666
2.0833333333333335,1256.0,0.7954543333333334
2.0833333333333335,1205.0,0.7954543333333334
2.0833333333333335,1120.0,0.7954543333333334
2.0833333333333335,1078.0,0.7954543333333334
2.1666666666666665,1149.0,0.681818
2.25,1225.0,0.681818
2.25,1245.0,1.5909086666666667
2.3333333333333335,1196.0,1.5909086666666667
2.3333333333333335,1151.0,1.5909086666666667
2.4166666666666665,1151.0,1.6477268333333333
2.4166666666666665,1187.0,1.6477268333333333
2.5,1226.0,1.6477268333333333
2.5,1233.0,1.6477268333333333
2.5,1217.0,1.6477268333333333
2.5,1201.0,1.6477268333333333
2.5,1195.0,1.6477268333333333
2.5,1212.0,1.6477268333333333
2.5,1235.0,1.6477268333333333
2.5,1246.0,1.6477268333333333
2.5,1256.0,1.6477268333333333
2.5833333333333335,1259.0,1.6477268333333333
2.5833333333333335,1249.0,0.28409083333333335
2.5833333333333335,1242.0,0.28409083333333335
2.5833333333333335,1241.0,0.28409083333333335
2.5833333333333335,1237.0,0.28409083333333335
2.6666666666666665,1223.0,0.6249998333333333
2.75,1237.0,0.6249998333333333
2.75,1273.0,1.5909086666666667
2.8333333333333335,1366.0,2.2159085000000003
2.9166666666666665,1433.0,2.2159085000000003
3.0,1462.0,2.0454540000000003
3.0833333333333335,1461.0,2.5568175
3.0833333333333335,1456.0,2.2159085000000003
3.0833333333333335,1439.0,2.2159085000000003
3.1666666666666665,1363.0,2.2159085000000003
3.25,1362.0,1.0227270000000002
3.25,1365.0,2.4431811666666667
3.3333333333333335,1365.0,2.3295448333333333
3.4166666666666665,1333.0,2.3295448333333333
3.5,1309.0,2.4999993333333332
3.5833333333333335,1309.0,2.4999993333333332
3.5833333333333335,1304.0,2.4431811666666667
3.6666666666666665,1303.0,1.9318176666666669
3.75,1304.0,2.102272166666667
3.8333333333333335,1325.0,2.8977265
3.9166666666666665,1343.0,2.8977265
3.9166666666666665,1367.0,2.4431811666666667
3.9166666666666665,1396.0,2.4431811666666667
3.9166666666666665,1494.0,2.4431811666666667
4.0,1498.0,0.7954543333333334
4.083333333333333,1462.0,2.670453833333333
4.166666666666667,1415.0,2.5568175
4.166666666666667,1389.0,2.5568175
4.25,1299.0,2.5568175
4.333333333333333,1259.0,1.2499996666666666
4.416666666666667,1207.0,2.727272
4.5,1161.0,2.4999993333333332
4.583333333333333,1125.0,2.7840901666666666
4.666666666666667,1159.0,2.727272
4.75,1193.0,3.1818173333333335
4.833333333333333,1199.0,2.727272
4.833333333333333,1234.0,2.8977265
5.0,1307.0,2.8977265
5.083333333333333,1360.0,3.4659081666666665
5.166666666666667,1383.0,3.7499990000000003
5.25,1397.0,2.5568175
5.25,1389.0,2.727272
5.333333333333333,1389.0,2.727272
5.416666666666667,1390.0,1.5340905
5.5,1397.0,2.9545446666666666
5.583333333333333,1427.0,2.9545446666666666
5.583333333333333,1403.0,2.8977265
5.666666666666667,1376.0,2.8977265
5.75,1360.0,3.9204535000000003
5.833333333333333,1352.0,3.0113628333333335
5.916666666666667,1373.0,3.2386355
6.0,1365.0,2.6136356666666667
6.166666666666667,1324.0,3.2386355
6.25,1304.0,3.40909
6.333333333333333,1323.0,3.2954536666666665
6.333333333333333,1363.0,3.1249991666666666
6.416666666666667,1394.0,1.704545
6.416666666666667,1394.0,1.704545
6.5,1428.0,1.704545
6.583333333333333,1397.0,3.9204535000000003
6.666666666666667,1352.0,2.8977265
6.75,1330.0,2.8977265
6.833333333333333,1308.0,1.8181813333333334
6.916666666666667,1285.0,3.068181
6.916666666666667,1234.0,3.40909
6.916666666666667,1216.0,3.40909
6.916666666666667,1252.0,3.40909
7.0,1313.0,3.40909
7.083333333333333,1376.0,0.681818
7.166666666666667,1386.0,3.636362666666667
7.333333333333333,1380.0,3.636362666666667
7.416666666666667,1430.0,3.636362666666667
7.5,1543.0,4.034089833333334
7.666666666666667,1577.0,4.034089833333334
7.75,1572.0,4.431817000000001
7.833333333333333,1570.0,3.636362666666667
7.916666666666667,1579.0,3.636362666666667
8.083333333333334,1497.0,3.636362666666667
8.166666666666666,1442.0,3.4659081666666665
8.25,1432.0,3.9204535000000003
8.333333333333334,1401.0,3.8636353333333338
8.416666666666666,1350.0,3.40909
8.416666666666666,1370.0,3.40909
8.416666666666666,1370.0,3.40909
8.416666666666666,1363.0,3.40909
8.5,1372.0,3.40909
8.583333333333334,1281.0,3.4659081666666665
8.75,1248.0,3.4659081666666665
8.833333333333334,1265.0,3.806817166666667
8.916666666666666,1318.0,4.488635166666667
9.083333333333334,1372.0,4.488635166666667
9.166666666666666,1370.0,4.034089833333334
9.25,1381.0,4.204544333333334
9.416666666666666,1409.0,4.147726166666667
9.5,1448.0,3.693180833333334
9.583333333333334,1470.0,3.806817166666667
9.75,1472.0,3.806817166666667
9.833333333333334,1467.0,3.8636353333333338
9.916666666666666,1507.0,3.693180833333334
10.083333333333334,1552.0,3.693180833333334
10.166666666666666,1552.0,4.545453333333334
10.25,1597.0,4.318180666666667
10.333333333333334,1607.0,4.318180666666667
10.416666666666666,1560.0,3.9772716666666668
10.583333333333334,1433.0,3.9772716666666668
10.666666666666666,1357.0,3.8636353333333338
10.833333333333334,1335.0,3.9772716666666668
10.916666666666666,1372.0,4.034089833333334
11.0,1408.0,4.261362500000001
11.083333333333334,1393.0,4.261362500000001
11.166666666666666,1401.0,1.704545
11.333333333333334,1408.0,3.806817166666667
11.416666666666666,1407.0,4.488635166666667
11.5,1485.0,3.806817166666667
11.583333333333334,1482.0,3.522726333333334
11.583333333333334,1470.0,3.522726333333334
11.75,1474.0,3.522726333333334
11.833333333333334,1462.0,4.318180666666667
12.0,1397.0,4.318180666666667
12.083333333333334,1368.0,4.147726166666667
12.25,1359.0,4.147726166666667
12.333333333333334,1388.0,3.9772716666666668
12.416666666666666,1518.0,4.204544333333334
12.583333333333334,1520.0,4.204544333333334
12.666666666666666,1509.0,4.090908000000001
12.833333333333334,1499.0,4.090908000000001
12.916666666666666,1488.0,4.318180666666667
13.083333333333334,1477.0,4.204544333333334
13.166666666666666,1473.0,4.090908000000001
13.166666666666666,1464.0,4.147726166666667
13.166666666666666,1447.0,4.147726166666667
13.25,1450.0,4.147726166666667
13.333333333333334,1464.0,0.8522725
13.416666666666666,1477.0,3.9204535000000003
13.583333333333334,1502.0,3.9772716666666668
13.75,1507.0,4.261362500000001
13.833333333333334,1470.0,4.090908000000001
13.833333333333334,1444.0,4.488635166666667
13.916666666666666,1402.0,4.488635166666667
14.0,1359.0,4.7727260000000005
14.166666666666666,1386.0,4.7727260000000005
14.25,1398.0,4.7727260000000005
14.333333333333334,1387.0,4.545453333333334
14.416666666666666,1387.0,2.1590903333333333
14.5,1344.0,2.1590903333333333
14.5,1322.0,1.9886358333333334
14.583333333333334,1389.0,1.9886358333333334
14.75,1421.0,1.9886358333333334
14.833333333333334,1405.0,4.6022715000000005
15.0,1358.0,4.659089666666667
15.083333333333334,1351.0,3.806817166666667
15.083333333333334,1363.0,3.806817166666667
15.166666666666666,1399.0,1.4204541666666668
15.333333333333334,1404.0,5.340907666666666
15.5,1397.0,5.340907666666666
15.583333333333334,1378.0,4.9431805
15.75,1373.0,4.9431805
15.75,1388.0,4.545453333333334
15.75,1400.0,4.545453333333334
15.916666666666666,1394.0,4.545453333333334
16.083333333333332,1390.0,4.7159078333333335
16.166666666666668,1384.0,4.8295441666666665
16.333333333333332,1401.0,4.8295441666666665
16.5,1417.0,4.8863623333333335
16.583333333333332,1423.0,4.8295441666666665
16.75,1424.0,4.7727260000000005
16.916666666666668,1424.0,4.7727260000000005
17.0,1406.0,4.8295441666666665
17.083333333333332,1403.0,4.7727260000000005
17.25,1422.0,4.7727260000000005
17.25,1450.0,5.795453
17.416666666666668,1474.0,5.795453
17.583333333333332,1452.0,5.113635
17.666666666666668,1426.0,4.8863623333333335
17.666666666666668,1412.0,5.170453166666666
17.833333333333332,1420.0,5.170453166666666
18.0,1412.0,4.659089666666667
18.083333333333332,1365.0,5.681816666666667
18.166666666666668,1240.0,4.374998833333334
18.333333333333332,1185.0,4.374998833333334
18.5,1243.0,4.8295441666666665
18.583333333333332,1286.0,5.170453166666666
18.666666666666668,1289.0,5.170453166666666
18.75,1286.0,4.488635166666667
18.75,1294.0,4.488635166666667
18.833333333333332,1294.0,4.488635166666667
19.0,1330.0,4.488635166666667
19.166666666666668,1361.0,4.488635166666667
19.333333333333332,1358.0,5.056816833333333
19.416666666666668,1348.0,5.2840895
19.5,1375.0,4.7727260000000005
19.583333333333332,1390.0,4.7727260000000005
19.75,1390.0,4.9999986666666665
19.833333333333332,1363.0,5.170453166666666
19.833333333333332,1266.0,2.670453833333333
19.833333333333332,1246.0,2.670453833333333
19.916666666666668,1250.0,2.670453833333333
20.083333333333332,1248.0,2.670453833333333
20.25,1268.0,4.659089666666667
20.25,1280.0,6.420452833333333
20.416666666666668,1305.0,6.420452833333333
20.5,1338.0,5.568180333333333
20.666666666666668,1362.0,5.568180333333333
20.833333333333332,1358.0,5.568180333333333
21.0,1358.0,5.2840895
21.166666666666668,1339.0,5.227271333333333
21.333333333333332,1337.0,5.227271333333333
21.416666666666668,1351.0,5.340907666666666
21.5,1326.0,4.8863623333333335
21.5,1308.0,4.8863623333333335
21.666666666666668,1272.0,4.8863623333333335
21.833333333333332,1255.0,5.909089333333333
22.0,1208.0,5.909089333333333
22.083333333333332,1219.0,5.056816833333333
22.25,1238.0,5.056816833333333
22.416666666666668,1263.0,5.397725833333334
22.416666666666668,1307.0,5.454544
22.5,1296.0,1.8749995000000002
22.5,1285.0,1.8749995000000002
22.583333333333332,1295.0,1.8749995000000002
22.75,1334.0,5.568180333333333
22.916666666666668,1383.0,5.568180333333333
23.0,1342.0,5.568180333333333
23.166666666666668,1245.0,5.568180333333333
23.25,1146.0,6.3068165
23.333333333333332,1126.0,5.738634833333333
23.5,1154.0,5.738634833333333
23.666666666666668,1194.0,6.079543833333333
23.833333333333332,1194.0,6.079543833333333
23.916666666666668,1223.0,6.022725666666667
24.083333333333332,1235.0,5.568180333333333
24.083333333333332,1252.0,5.170453166666666
24.166666666666668,1250.0,5.170453166666666
24.25,1231.0,1.4772723333333333
24.333333333333332,1223.0,2.8409083333333336
24.5,1248.0,5.681816666666667
24.666666666666668,1249.0,5.681816666666667
24.833333333333332,1252.0,5.852271166666667
25.0,1252.0,5.852271166666667
25.166666666666668,1255.0,5.397725833333334
25.25,1272.0,3.068181
25.25,1278.0,3.068181
25.5,1282.0,3.068181
25.666666666666668,1294.0,5.6249985
25.833333333333332,1287.0,5.6249985
26.0,1270.0,5.6249985
26.083333333333332,1254.0,6.022725666666667
26.25,1238.0,6.022725666666667
26.416666666666668,1256.0,6.022725666666667
26.583333333333332,1281.0,5.397725833333334
26.75,1286.0,5.852271166666667
26.833333333333332,1297.0,5.795453
26.833333333333332,1412.0,5.795453
26.916666666666668,1429.0,5.795453
27.083333333333332,1237.0,5.6249985
27.333333333333332,1120.0,5.6249985
27.5,1113.0,5.6249985
27.666666666666668,1310.0,5.852271166666667
27.75,1400.0,5.113635
27.916666666666668,1329.0,5.113635
28.083333333333332,1211.0,6.136362
28.25,1159.0,6.136362
28.25,1249.0,5.909089333333333
28.25,1310.0,5.909089333333333
28.416666666666668,1321.0,5.909089333333333
28.5,1316.0,6.363634666666667
28.666666666666668,1360.0,6.136362
28.833333333333332,1361.0,6.136362
28.833333333333332,1393.0,5.397725833333334
29.0,1383.0,5.397725833333334
29.166666666666668,1353.0,5.738634833333333
29.25,1353.0,5.454544
29.333333333333332,1370.0,2.102272166666667
29.416666666666668,1378.0,2.102272166666667
29.583333333333332,1368.0,2.102272166666667
29.75,1235.0,6.136362
29.916666666666668,1164.0,6.249998333333333
30.083333333333332,1167.0,6.249998333333333
30.25,1209.0,6.249998333333333
30.416666666666668,1261.0,6.022725666666667
30.5,1335.0,6.477271
30.5,1401.0,3.1249991666666666
30.5,1400.0,3.1249991666666666
30.666666666666668,1418.0,3.1249991666666666
30.833333333333332,1244.0,6.079543833333333
31.083333333333332,1160.0,6.079543833333333
31.25,1132.0,6.363634666666667
31.416666666666668,1163.0,6.363634666666667
31.583333333333332,1224.0,6.6477255
31.583333333333332,1209.0,6.193180166666667
31.75,1178.0,6.193180166666667
31.833333333333332,1166.0,6.136362
31.833333333333332,1176.0,6.136362
31.833333333333332,1249.0,6.136362
31.833333333333332,1272.0,6.136362
31.916666666666668,1293.0,6.136362
32.083333333333336,1291.0,6.136362
32.25,1282.0,6.136362
32.416666666666664,1281.0,6.136362
32.583333333333336,1290.0,5.738634833333333
32.75,1298.0,6.534089166666668
32.833333333333336,1281.0,6.249998333333333
33.0,1236.0,6.249998333333333
33.083333333333336,1212.0,6.420452833333333
33.083333333333336,1192.0,6.420452833333333
33.25,1189.0,6.420452833333333
33.416666666666664,1119.0,6.3068165
33.5,1076.0,6.193180166666667
33.583333333333336,1094.0,6.81818
33.75,1193.0,6.81818
33.833333333333336,1289.0,8.295452333333333
34.0,1321.0,8.295452333333333
34.0,1228.0,6.6477255
34.166666666666664,1228.0,6.022725666666667
34.25,1136.0,6.022725666666667
34.333333333333336,1085.0,7.045452666666668
34.5,1200.0,7.045452666666668
34.75,1250.0,6.022725666666667
34.833333333333336,1155.0,5.9659075
35.0,1072.0,5.9659075
35.166666666666664,1137.0,7.670452500000001
35.416666666666664,1171.0,6.81818
35.5,1230.0,6.3068165
35.5,1261.0,6.3068165
35.5,1282.0,6.3068165
35.666666666666664,1264.0,6.3068165
35.833333333333336,1238.0,6.3068165
36.0,1216.0,6.3068165
36.0,1224.0,6.249998333333333
36.166666666666664,1260.0,6.249998333333333
36.25,1243.0,6.3068165
36.333333333333336,1241.0,6.534089166666668
36.416666666666664,1247.0,2.0454540000000003
36.416666666666664,1253.0,2.0454540000000003
36.5,1254.0,2.0454540000000003
36.75,1227.0,6.193180166666667
36.916666666666664,1197.0,6.420452833333333
37.083333333333336,1208.0,6.420452833333333
37.333333333333336,1238.0,6.420452833333333
37.5,1253.0,6.420452833333333
37.666666666666664,1254.0,6.420452833333333
37.75,1249.0,6.704543666666668
37.916666666666664,1219.0,6.420452833333333
38.0,1219.0,6.420452833333333
38.083333333333336,1222.0,8.636361333333333
38.25,1215.0,8.636361333333333
38.416666666666664,1199.0,5.9659075
38.666666666666664,1205.0,6.761361833333333
38.833333333333336,1227.0,6.249998333333333
38.833333333333336,1252.0,5.852271166666667
39.083333333333336,1255.0,5.852271166666667
39.083333333333336,1238.0,6.193180166666667
39.166666666666664,1237.0,2.102272166666667
39.166666666666664,1222.0,2.102272166666667
39.333333333333336,1215.0,2.102272166666667
39.416666666666664,1210.0,6.363634666666667
39.583333333333336,1210.0,6.363634666666667
39.833333333333336,1222.0,6.704543666666668
40.0,1239.0,6.704543666666668
40.166666666666664,1256.0,6.136362
40.416666666666664,1275.0,6.136362
40.416666666666664,1254.0,6.079543833333333
40.583333333333336,1242.0,6.079543833333333
40.75,1236.0,7.5568161666666676
40.916666666666664,1225.0,6.363634666666667
41.083333333333336,1200.0,6.363634666666667
41.25,1235.0,6.534089166666668
41.416666666666664,1234.0,6.022725666666667
41.583333333333336,1248.0,6.079543833333333
41.666666666666664,1269.0,7.613634333333334
41.75,1253.0,7.613634333333334
41.833333333333336,1231.0,7.102270833333333
41.833333333333336,1225.0,7.102270833333333
42.083333333333336,1236.0,7.102270833333333
42.25,1255.0,7.102270833333333
42.416666666666664,1242.0,6.761361833333333
42.583333333333336,1237.0,6.477271
42.75,1240.0,6.193180166666667
42.916666666666664,1236.0,6.193180166666667
43.083333333333336,1225.0,6.534089166666668
43.25,1218.0,7.329543500000001
43.25,1216.0,7.329543500000001
43.416666666666664,1215.0,7.329543500000001
43.583333333333336,1237.0,6.079543833333333
43.75,1242.0,6.079543833333333
43.833333333333336,1230.0,6.534089166666668
44.0,1224.0,6.534089166666668
44.166666666666664,1262.0,6.534089166666668
44.333333333333336,1298.0,6.534089166666668
44.5,1317.0,6.477271
44.666666666666664,1349.0,6.477271
44.666666666666664,1338.0,6.534089166666668
44.916666666666664,1301.0,6.534089166666668
45.083333333333336,1271.0,6.534089166666668
45.25,1249.0,6.534089166666668
45.416666666666664,1249.0,6.249998333333333
45.5,1242.0,3.1249991666666666
45.666666666666664,1228.0,3.40909
45.75,1199.0,6.874998166666668
45.916666666666664,1199.0,6.874998166666668
46.0,1204.0,6.079543833333333
46.166666666666664,1289.0,6.079543833333333
46.25,1294.0,6.534089166666668
46.416666666666664,1263.0,6.534089166666668
46.583333333333336,1206.0,6.534089166666668
46.833333333333336,1167.0,6.534089166666668
47.0,1153.0,6.590907333333333
47.166666666666664,1142.0,7.5568161666666676
47.333333333333336,1128.0,7.5568161666666676
47.333333333333336,1113.0,7.215907166666668
47.416666666666664,1190.0,7.215907166666668
47.583333333333336,1277.0,7.215907166666668
47.75,1304.0,6.931816333333333
47.916666666666664,1294.0,7.613634333333334
48.0,1264.0,7.613634333333334
48.166666666666664,1240.0,7.613634333333334
48.416666666666664,1171.0,7.613634333333334
48.583333333333336,1092.0,6.590907333333333
48.666666666666664,1032.0,6.704543666666668
48.75,1085.0,6.704543666666668
48.916666666666664,1138.0,6.704543666666668
49.166666666666664,1111.0,6.704543666666668
49.333333333333336,1070.0,6.704543666666668
49.5,1044.0,6.704543666666668
49.75,1214.0,6.704543666666668
49.916666666666664,1374.0,6.704543666666668
50.083333333333336,1388.0,6.704543666666668
50.25,1223.0,6.363634666666667
50.333333333333336,1091.0,6.136362
50.416666666666664,1090.0,6.136362
50.583333333333336,1149.0,6.136362
50.75,1165.0,6.136362
50.916666666666664,1079.0,6.249998333333333
51.083333333333336,1111.0,6.3068165
51.25,1195.0,7.215907166666668
51.416666666666664,1294.0,6.81818
51.5,1379.0,6.363634666666667
51.666666666666664,1413.0,6.3068165
51.75,1335.0,6.6477255
51.833333333333336,1289.0,2.3863630000000002
52.0,1261.0,3.40909
52.25,1261.0,6.022725666666667
52.416666666666664,1197.0,6.022725666666667
52.583333333333336,1159.0,6.022725666666667
52.75,1192.0,6.704543666666668
52.75,1220.0,6.704543666666668
52.833333333333336,1248.0,6.704543666666668
53.0,1278.0,6.3068165
53.166666666666664,1259.0,6.3068165
53.333333333333336,1228.0,6.3068165
53.5,1244.0,6.3068165
53.666666666666664,1243.0,6.3068165
53.916666666666664,1243.0,7.159089000000001
53.916666666666664,1239.0,8.068179666666667
54.0,1236.0,2.102272166666667
54.166666666666664,1240.0,3.522726333333334
54.166666666666664,1262.0,6.81818
54.333333333333336,1241.0,6.81818
54.416666666666664,1197.0,6.3068165
54.666666666666664,1187.0,6.81818
54.833333333333336,1205.0,6.81818
54.916666666666664,1191.0,7.784088833333334
55.0,1181.0,7.784088833333334
55.166666666666664,1221.0,7.784088833333334
55.25,1201.0,8.579543166666667
55.333333333333336,1181.0,6.704543666666668
55.5,1180.0,6.704543666666668
55.666666666666664,1211.0,6.761361833333333
55.833333333333336,1343.0,6.761361833333333
56.0,1358.0,6.931816333333333
56.25,1281.0,6.988634500000001
56.333333333333336,1227.0,6.534089166666668
56.416666666666664,1195.0,9.715906500000001
56.666666666666664,1213.0,6.81818
56.833333333333336,1208.0,6.81818
56.833333333333336,1198.0,6.534089166666668
57.0,1232.0,6.534089166666668
57.083333333333336,1351.0,6.761361833333333
57.333333333333336,1347.0,6.3068165
57.416666666666664,1292.0,6.988634500000001
57.5,1292.0,6.988634500000001
57.666666666666664,1275.0,6.761361833333333
57.833333333333336,1305.0,6.761361833333333
57.916666666666664,1381.0,6.477271
58.0,1381.0,6.477271
58.083333333333336,1441.0,6.931816333333333
58.25,1432.0,6.931816333333333
58.416666666666664,1317.0,5.9659075
58.5,1256.0,5.9659075
58.583333333333336,1239.0,5.9659075
58.666666666666664,1249.0,3.352271833333334
58.833333333333336,1245.0,3.522726333333334
59.0,1253.0,3.522726333333334
59.083333333333336,1261.0,7.045452666666668
59.083333333333336,1260.0,7.045452666666668
59.333333333333336,1255.0,7.045452666666668
59.5,1252.0,6.420452833333333
59.75,1263.0,6.534089166666668
59.833333333333336,1279.0,7.159089000000001
59.916666666666664,1291.0,7.159089000000001
60.166666666666664,1274.0,6.81818
60.25,1245.0,6.022725666666667
60.25,1224.0,3.40909
60.25,1200.0,3.40909
60.333333333333336,1180.0,3.40909
60.5,1233.0,0.9090906666666667
60.666666666666664,1245.0,6.477271
60.833333333333336,1212.0,7.215907166666668
61.0,1171.0,7.272725333333334
61.166666666666664,1193.0,7.272725333333334
61.416666666666664,1239.0,7.272725333333334
61.583333333333336,1298.0,6.6477255
61.583333333333336,1319.0,6.136362
61.75,1237.0,6.136362
61.916666666666664,1226.0,6.81818
62.166666666666664,1242.0,6.81818
62.25,1256.0,7.102270833333333
62.333333333333336,1283.0,7.5568161666666676
62.5,1292.0,7.5568161666666676
62.5,1291.0,8.465906833333333
62.583333333333336,1292.0,1.6477268333333333
62.583333333333336,1288.0,1.6477268333333333
62.666666666666664,1286.0,1.6477268333333333
62.833333333333336,1316.0,1.6477268333333333
63.0,1316.0,6.022725666666667
63.083333333333336,1291.0,6.477271
63.25,1243.0,6.477271
63.5,1243.0,6.477271
63.583333333333336,1232.0,6.931816333333333
63.583333333333336,1224.0,6.931816333333333
63.583333333333336,1222.0,6.931816333333333
63.75,1216.0,6.931816333333333
63.916666666666664,1189.0,7.215907166666668
64.0,1179.0,3.5795445000000004
64.16666666666667,1160.0,3.693180833333334
64.25,1172.0,8.068179666666667
64.5,1262.0,8.068179666666667
64.58333333333333,1266.0,7.329543500000001
64.66666666666667,1240.0,7.329543500000001
64.75,1229.0,6.136362
64.91666666666667,1216.0,6.136362
65.08333333333333,1185.0,6.136362
65.25,1176.0,6.136362
65.41666666666667,1154.0,6.363634666666667
65.58333333333333,1130.0,6.363634666666667
65.83333333333333,1157.0,6.363634666666667
65.83333333333333,1230.0,6.704543666666668
65.91666666666667,1270.0,2.3863630000000002
65.91666666666667,1268.0,2.3863630000000002
66.0,1247.0,1.3068178333333333
66.25,1258.0,1.3068178333333333
66.41666666666667,1255.0,6.931816333333333
66.66666666666667,1270.0,6.931816333333333
66.83333333333333,1243.0,6.931816333333333
67.08333333333333,1230.0,6.931816333333333
67.25,1237.0,6.931816333333333
67.41666666666667,1240.0,6.931816333333333
67.5,1233.0,6.249998333333333
67.58333333333333,1229.0,6.249998333333333
67.75,1236.0,6.249998333333333
67.91666666666667,1248.0,6.249998333333333
68.0,1247.0,6.81818
68.16666666666667,1260.0,6.81818
68.41666666666667,1273.0,7.329543500000001
68.58333333333333,1271.0,7.329543500000001
68.75,1271.0,7.045452666666668
68.83333333333333,1252.0,6.761361833333333
68.91666666666667,1231.0,6.761361833333333
69.16666666666667,1223.0,7.443179833333334
69.33333333333333,1223.0,6.363634666666667
69.58333333333333,1218.0,7.386361666666668
69.75,1213.0,6.988634500000001
69.91666666666667,1222.0,7.329543500000001
70.08333333333333,1257.0,6.988634500000001
70.25,1282.0,6.988634500000001
70.33333333333333,1293.0,7.329543500000001
70.33333333333333,1295.0,2.2159085000000003
70.58333333333333,1278.0,2.4999993333333332
70.75,1274.0,7.159089000000001
70.91666666666667,1291.0,7.159089000000001
71.16666666666667,1288.0,7.159089000000001
71.25,1256.0,6.534089166666668
71.41666666666667,1231.0,6.534089166666668
71.58333333333333,1231.0,6.81818
71.66666666666667,1252.0,7.159089000000001
71.83333333333333,1275.0,7.045452666666668
72.08333333333333,1254.0,7.045452666666668
72.25,1246.0,7.102270833333333
72.41666666666667,1255.0,7.102270833333333
72.66666666666667,1291.0,7.045452666666668
72.83333333333333,1323.0,7.045452666666668
73.08333333333333,1288.0,7.045452666666668
73.16666666666667,1241.0,6.420452833333333
73.33333333333333,1203.0,6.3068165
73.41666666666667,1215.0,3.40909
73.58333333333333,1211.0,3.636362666666667
73.75,1180.0,3.636362666666667
73.91666666666667,1162.0,5.511362166666667
74.16666666666667,1211.0,6.363634666666667
74.33333333333333,1277.0,7.386361666666668
74.58333333333333,1279.0,6.874998166666668
74.66666666666667,1257.0,6.988634500000001
74.66666666666667,1228.0,6.988634500000001
74.83333333333333,1219.0,7.784088833333334
75.0,1210.0,7.784088833333334
75.25,1195.0,7.670452500000001
75.41666666666667,1186.0,7.159089000000001
75.66666666666667,1184.0,6.704543666666668
75.83333333333333,1220.0,6.704543666666668
76.0,1248.0,6.704543666666668
76.16666666666667,1254.0,6.704543666666668
76.16666666666667,1261.0,6.363634666666667
76.33333333333333,1261.0,6.363634666666667
76.5,1274.0,6.6477255
76.75,1269.0,6.6477255
76.91666666666667,1262.0,7.613634333333334
77.16666666666667,1245.0,7.159089000000001
77.33333333333333,1247.0,7.159089000000001
77.58333333333333,1259.0,7.159089000000001
77.75,1275.0,7.159089000000001
77.83333333333333,1294.0,6.249998333333333
77.91666666666667,1313.0,6.249998333333333
77.91666666666667,1312.0,1.704545
78.08333333333333,1299.0,2.3295448333333333
78.33333333333333,1293.0,6.079543833333333
78.33333333333333,1290.0,6.6477255
78.5,1309.0,6.6477255
78.58333333333333,1315.0,3.40909
78.75,1340.0,3.40909
78.91666666666667,1371.0,3.40909
79.0,1303.0,6.136362
79.16666666666667,1232.0,6.136362
79.33333333333333,1216.0,6.136362
79.5,1289.0,6.136362
79.66666666666667,1399.0,6.363634666666667
79.83333333333333,1374.0,6.363634666666667
79.91666666666667,1373.0,7.272725333333334
80.0,1344.0,3.5795445000000004
80.0,1342.0,2.2159085000000003
80.16666666666667,1338.0,2.2159085000000003
80.25,1296.0,7.386361666666668
80.5,1294.0,7.386361666666668
80.66666666666667,1336.0,6.590907333333333
80.75,1369.0,6.477271
81.0,1356.0,6.477271
81.16666666666667,1359.0,6.81818
81.41666666666667,1381.0,6.81818
81.5,1402.0,7.215907166666668
81.58333333333333,1393.0,7.215907166666668
81.83333333333333,1390.0,7.272725333333334
82.0,1391.0,7.272725333333334
82.25,1397.0,7.159089000000001
82.41666666666667,1409.0,6.761361833333333
82.58333333333333,1385.0,6.761361833333333
82.75,1365.0,5.9659075
82.75,1365.0,3.40909
82.83333333333333,1354.0,3.40909
82.91666666666667,1342.0,1.6477268333333333
83.08333333333333,1336.0,6.022725666666667
83.33333333333333,1320.0,6.022725666666667
83.5,1266.0,6.761361833333333
83.66666666666667,1235.0,6.761361833333333
83.91666666666667,1288.0,6.6477255
84.0,1312.0,6.079543833333333
84.25,1334.0,6.079543833333333
84.41666666666667,1332.0,6.079543833333333
84.41666666666667,1284.0,6.81818
84.66666666666667,1251.0,6.81818
84.83333333333333,1241.0,6.761361833333333
85.0,1247.0,6.761361833333333
85.16666666666667,1255.0,6.761361833333333
85.16666666666667,1282.0,6.477271
85.41666666666667,1287.0,6.477271
85.5,1282.0,6.534089166666668
85.66666666666667,1260.0,6.534089166666668
85.66666666666667,1242.0,7.499998000000001
85.66666666666667,1252.0,7.499998000000001
85.83333333333333,1274.0,7.499998000000001
86.08333333333333,1290.0,7.499998000000001
86.25,1279.0,7.499998000000001
86.5,1261.0,6.931816333333333
86.66666666666667,1265.0,6.931816333333333
86.91666666666667,1274.0,6.931816333333333
86.91666666666667,1277.0,6.931816333333333
87.0,1269.0,2.102272166666667
87.0,1222.0,2.102272166666667
87.16666666666667,1189.0,2.102272166666667
87.41666666666667,1187.0,6.704543666666668
87.58333333333333,1211.0,6.704543666666668
87.75,1226.0,6.704543666666668
87.91666666666667,1223.0,6.590907333333333
88.08333333333333,1210.0,6.590907333333333
88.16666666666667,1220.0,6.81818
88.16666666666667,1229.0,6.81818
88.16666666666667,1238.0,6.81818
88.25,1241.0,6.81818
88.41666666666667,1222.0,6.81818
88.66666666666667,1222.0,6.81818
88.83333333333333,1219.0,6.81818
88.91666666666667,1232.0,6.477271
89.16666666666667,1232.0,6.704543666666668
89.33333333333333,1226.0,6.704543666666668
89.5,1240.0,6.874998166666668
89.58333333333333,1271.0,6.874998166666668
89.75,1309.0,6.874998166666668
89.91666666666667,1354.0,7.102270833333333
90.08333333333333,1319.0,6.590907333333333
90.25,1270.0,6.81818
90.33333333333333,1256.0,6.81818
90.58333333333333,1254.0,6.81818
90.75,1258.0,6.704543666666668
90.91666666666667,1262.0,6.704543666666668
90.91666666666667,1208.0,7.102270833333333
91.0,1208.0,7.102270833333333
91.16666666666667,1288.0,5.909089333333333
91.33333333333333,1397.0,6.3068165
91.5,1366.0,6.988634500000001
91.66666666666667,1295.0,6.704543666666668
91.75,1217.0,3.068181
92.0,1211.0,3.4659081666666665
92.08333333333333,1268.0,6.704543666666668
92.16666666666667,1270.0,6.704543666666668
92.16666666666667,1260.0,2.0454540000000003
92.33333333333333,1290.0,2.0454540000000003
92.5,1330.0,6.136362
92.75,1326.0,6.136362
92.91666666666667,1330.0,6.761361833333333
93.16666666666667,1329.0,6.761361833333333
93.33333333333333,1335.0,6.761361833333333
93.33333333333333,1414.0,6.249998333333333
93.5,1401.0,6.534089166666668
93.5,1371.0,6.534089166666668
93.66666666666667,1348.0,6.534089166666668
93.83333333333333,1312.0,6.420452833333333
93.91666666666667,1281.0,8.181816000000001
94.16666666666667,1280.0,7.613634333333334
94.25,1326.0,6.761361833333333
94.33333333333333,1383.0,6.761361833333333
94.58333333333333,1376.0,6.761361833333333
94.66666666666667,1338.0,7.102270833333333
94.66666666666667,1338.0,7.102270833333333
94.91666666666667,1319.0,7.102270833333333
95.0,1338.0,6.363634666666667
95.25,1339.0,7.670452500000001
95.41666666666667,1278.0,6.988634500000001
95.5,1229.0,5.795453
95.75,1230.0,5.795453
95.83333333333333,1310.0,6.193180166666667
95.91666666666667,1347.0,3.5795445000000004
96.0,1351.0,3.5795445000000004
96.08333333333333,1351.0,2.0454540000000003
96.25,1373.0,2.3863630000000002
96.41666666666667,1468.0,3.2954536666666665
96.41666666666667,1430.0,6.193180166666667
96.58333333333333,1357.0,7.443179833333334
96.75,1312.0,7.443179833333334
96.91666666666667,1248.0,6.761361833333333
96.91666666666667,1229.0,6.6477255
97.0,1220.0,1.5909086666666667
97.0,1239.0,1.5909086666666667
97.25,1300.0,1.5909086666666667
97.41666666666667,1303.0,6.363634666666667
97.58333333333333,1262.0,7.045452666666668
97.83333333333333,1298.0,6.3068165
97.83333333333333,1299.0,5.9659075
98.0,1413.0,5.9659075
98.08333333333333,1382.0,6.6477255
98.08333333333333,1313.0,2.1590903333333333
98.25,1268.0,2.1590903333333333
98.25,1243.0,6.704543666666668
98.33333333333333,1190.0,1.704545
98.5,1198.0,3.40909
98.66666666666667,1237.0,5.6249985
98.75,1245.0,7.8409070000000005
98.91666666666667,1384.0,7.8409070000000005
99.08333333333333,1444.0,6.988634500000001
99.33333333333333,1435.0,6.988634500000001
99.41666666666667,1437.0,6.477271
99.41666666666667,1419.0,6.477271
99.58333333333333,1379.0,6.136362
99.75,1359.0,6.136362
99.83333333333333,1390.0,6.420452833333333
100.08333333333333,1423.0,6.420452833333333
100.25,1423.0,6.420452833333333
100.41666666666667,1433.0,7.045452666666668
100.5,1391.0,6.136362
100.5,1345.0,6.136362
100.58333333333333,1295.0,1.4772723333333333
100.66666666666667,1290.0,1.4772723333333333
100.75,1371.0,1.704545
100.91666666666667,1520.0,3.40909
101.0,1604.0,5.738634833333333
101.08333333333333,1626.0,9.204543000000001
101.16666666666667,1498.0,9.204543000000001
101.41666666666667,1425.0,7.045452666666668
101.5,1417.0,6.534089166666668
101.5,1450.0,6.534089166666668
101.58333333333333,1379.0,1.5340905
101.66666666666667,1413.0,3.2386355
101.75,1492.0,3.2386355
102.0,1521.0,3.2386355
102.16666666666667,1428.0,5.852271166666667
102.25,1337.0,6.477271
102.33333333333333,1298.0,6.477271
102.5,1304.0,5.681816666666667
102.5,1318.0,3.5795445000000004
102.58333333333333,1322.0,1.9886358333333334
102.58333333333333,1293.0,1.9886358333333334
102.66666666666667,1296.0,1.9886358333333334
102.75,1334.0,1.1931815000000001
102.91666666666667,1370.0,5.852271166666667
103.16666666666667,1356.0,6.136362
103.25,1376.0,5.795453
103.41666666666667,1423.0,5.795453
103.58333333333333,1494.0,5.9659075
103.66666666666667,1419.0,6.874998166666668
103.75,1385.0,6.874998166666668
103.83333333333333,1424.0,5.795453
104.08333333333333,1475.0,5.795453
104.16666666666667,1438.0,6.079543833333333
104.16666666666667,1436.0,3.1818173333333335
104.33333333333333,1347.0,3.1818173333333335
104.41666666666667,1322.0,5.227271333333333
104.58333333333333,1320.0,6.534089166666668
104.66666666666667,1299.0,7.159089000000001
104.83333333333333,1299.0,6.193180166666667
104.83333333333333,1273.0,3.1818173333333335
104.83333333333333,1292.0,3.1818173333333335
104.83333333333333,1385.0,3.1818173333333335
104.91666666666667,1607.0,3.1818173333333335
105.08333333333333,1725.0,5.738634833333333
105.25,1689.0,5.738634833333333
105.33333333333333,1515.0,6.761361833333333
105.58333333333333,1385.0,6.761361833333333
105.75,1336.0,6.761361833333333
105.83333333333333,1340.0,5.795453
106.0,1301.0,5.795453
106.08333333333333,1322.0,6.81818
106.08333333333333,1341.0,6.81818
106.16666666666667,1363.0,6.81818
106.41666666666667,1364.0,6.81818
106.5,1348.0,6.590907333333333
106.58333333333333,1361.0,5.113635
106.75,1400.0,5.113635
106.91666666666667,1383.0,6.079543833333333
107.0,1375.0,6.136362
107.08333333333333,1502.0,6.136362
107.16666666666667,1647.0,6.136362
107.25,1728.0,5.9659075
107.33333333333333,1728.0,5.9659075
107.41666666666667,1574.0,5.340907666666666
107.58333333333333,1495.0,5.340907666666666
107.75,1450.0,5.511362166666667
107.83333333333333,1390.0,4.8295441666666665
108.0,1380.0,4.8295441666666665
108.08333333333333,1405.0,7.272725333333334
108.25,1408.0,7.272725333333334
108.41666666666667,1412.0,6.136362
108.41666666666667,1428.0,5.852271166666667
108.41666666666667,1530.0,5.852271166666667
108.58333333333333,1596.0,5.852271166666667
108.66666666666667,1599.0,4.8295441666666665
108.83333333333333,1584.0,4.8295441666666665
108.91666666666667,1579.0,6.874998166666668
109.08333333333333,1554.0,6.874998166666668
109.08333333333333,1512.0,6.988634500000001
109.25,1450.0,6.988634500000001
109.25,1453.0,6.534089166666668
109.33333333333333,1453.0,1.8749995000000002
109.33333333333333,1486.0,1.8749995000000002
109.33333333333333,1460.0,1.8749995000000002
109.58333333333333,1418.0,1.8749995000000002
109.75,1318.0,5.852271166666667
109.91666666666667,1158.0,6.079543833333333
109.91666666666667,1187.0,6.931816333333333
110.0,1294.0,6.931816333333333
110.16666666666667,1460.0,6.931816333333333
110.25,1566.0,6.249998333333333
110.25,1470.0,6.249998333333333
110.25,1391.0,6.249998333333333
110.33333333333333,1390.0,0.9659088333333334
110.41666666666667,1467.0,0.9659088333333334
110.58333333333333,1470.0,1.9886358333333334
110.66666666666667,1371.0,5.056816833333333
110.83333333333333,1280.0,5.056816833333333
110.91666666666667,1231.0,5.6249985
111.0,1209.0,5.6249985
111.25,1210.0,5.6249985
111.33333333333333,1257.0,5.795453
111.33333333333333,1323.0,5.795453
111.33333333333333,1368.0,5.795453
111.41666666666667,1488.0,5.795453
111.5,1548.0,0.9090906666666667
111.66666666666667,1501.0,4.9999986666666665
111.66666666666667,1420.0,5.511362166666667
111.83333333333333,1387.0,5.511362166666667
112.0,1432.0,5.852271166666667
112.0,1422.0,5.340907666666666
112.16666666666667,1366.0,6.477271
112.33333333333333,1301.0,6.477271
112.41666666666667,1252.0,5.454544
112.5,1234.0,5.454544
112.58333333333333,1244.0,1.8181813333333334
112.75,1254.0,2.727272
112.91666666666667,1356.0,5.227271333333333
113.08333333333333,1376.0,6.022725666666667
113.25,1505.0,6.022725666666667
113.41666666666667,1491.0,5.852271166666667
113.58333333333333,1466.0,5.738634833333333
113.75,1434.0,5.738634833333333
113.91666666666667,1401.0,5.738634833333333
114.08333333333333,1401.0,5.738634833333333
114.08333333333333,1353.0,6.249998333333333
114.25,1295.0,6.249998333333333
114.41666666666667,1324.0,5.511362166666667
114.58333333333333,1404.0,5.511362166666667
114.66666666666667,1449.0,4.9999986666666665
114.75,1476.0,5.2840895
114.91666666666667,1505.0,5.2840895
115.0,1538.0,5.795453
115.16666666666667,1538.0,5.795453
115.33333333333333,1529.0,5.397725833333334
115.5,1464.0,5.397725833333334
115.5,1317.0,4.9431805
115.58333333333333,1295.0,4.9431805
115.66666666666667,1273.0,1.2499996666666666
115.66666666666667,1240.0,2.8977265
115.75,1233.0,2.8977265
115.91666666666667,1281.0,4.8295441666666665
116.08333333333333,1338.0,5.397725833333334
116.25,1418.0,5.568180333333333
116.41666666666667,1494.0,5.568180333333333
116.58333333333333,1481.0,5.511362166666667
116.75,1455.0,5.340907666666666
116.83333333333333,1455.0,4.9431805
116.91666666666667,1478.0,4.9431805
116.91666666666667,1503.0,2.4431811666666667
117.0,1430.0,2.4431811666666667
117.16666666666667,1359.0,2.4431811666666667
117.25,1324.0,5.2840895
117.41666666666667,1289.0,5.2840895
117.5,1283.0,5.852271166666667
117.66666666666667,1276.0,5.852271166666667
117.75,1337.0,5.568180333333333
117.83333333333333,1457.0,5.568180333333333
117.91666666666667,1494.0,5.056816833333333
118.0,1486.0,5.056816833333333
118.08333333333333,1489.0,5.227271333333333
118.08333333333333,1489.0,5.227271333333333
118.16666666666667,1524.0,1.2499996666666666
118.33333333333333,1516.0,2.727272
118.41666666666667,1497.0,5.909089333333333
118.58333333333333,1496.0,5.909089333333333
118.75,1496.0,4.8863623333333335
118.91666666666667,1501.0,5.2840895
119.08333333333333,1472.0,4.8295441666666665
119.16666666666667,1445.0,6.534089166666668
119.25,1430.0,4.545453333333334
119.41666666666667,1446.0,4.545453333333334
119.41666666666667,1508.0,4.659089666666667
119.41666666666667,1515.0,4.659089666666667
119.5,1502.0,4.659089666666667
119.5,1480.0,0.9659088333333334
119.66666666666667,1491.0,2.3295448333333333
119.83333333333333,1526.0,4.659089666666667
119.91666666666667,1666.0,4.9999986666666665
120.08333333333333,1750.0,4.9999986666666665
120.25,1740.0,4.8863623333333335
120.33333333333333,1628.0,5.113635
120.41666666666667,1559.0,5.113635
120.58333333333333,1575.0,5.113635
120.66666666666667,1621.0,4.431817000000001
120.83333333333333,1583.0,4.545453333333334
120.91666666666667,1501.0,4.6022715000000005
120.91666666666667,1449.0,4.6022715000000005
121.08333333333333,1437.0,4.6022715000000005
121.25,1448.0,4.6022715000000005
121.33333333333333,1485.0,4.488635166666667
121.5,1523.0,4.488635166666667
121.58333333333333,1614.0,4.545453333333334
121.75,1687.0,4.545453333333334
121.83333333333333,1704.0,4.318180666666667
121.91666666666667,1729.0,4.318180666666667
122.08333333333333,1781.0,4.7159078333333335
122.08333333333333,1785.0,4.7727260000000005
122.25,1704.0,4.7727260000000005
122.25,1645.0,4.7159078333333335
122.25,1601.0,4.7159078333333335
122.33333333333333,1616.0,1.0795451666666667
122.5,1658.0,3.5795445000000004
122.58333333333333,1654.0,3.9772716666666668
122.75,1548.0,4.6022715000000005
122.83333333333333,1510.0,4.318180666666667
123.0,1539.0,4.431817000000001
123.08333333333333,1760.0,5.113635
123.25,1867.0,5.113635
123.41666666666667,1867.0,4.374998833333334
123.5,1863.0,4.318180666666667
123.5,1813.0,4.431817000000001
123.66666666666667,1803.0,4.431817000000001
123.75,1858.0,4.147726166666667
123.91666666666667,1903.0,4.147726166666667
123.91666666666667,1879.0,4.090908000000001
123.91666666666667,1783.0,4.090908000000001
123.91666666666667,1723.0,4.090908000000001
124.08333333333333,1721.0,4.090908000000001
124.16666666666667,1746.0,4.034089833333334
124.33333333333333,1737.0,4.034089833333334
124.41666666666667,1712.0,3.693180833333334
124.58333333333333,1733.0,4.034089833333334
124.66666666666667,1764.0,4.204544333333334
124.83333333333333,1785.0,4.204544333333334
124.91666666666667,1781.0,4.261362500000001
125.0,1753.0,3.8636353333333338
125.08333333333333,1756.0,3.8636353333333338
125.16666666666667,1763.0,4.090908000000001
125.25,1756.0,3.9772716666666668
125.25,1742.0,3.9772716666666668
125.33333333333333,1741.0,3.9772716666666668
125.41666666666667,1743.0,0.9659088333333334
125.58333333333333,1712.0,4.261362500000001
125.66666666666667,1674.0,4.261362500000001
125.75,1663.0,3.693180833333334
125.91666666666667,1662.0,4.034089833333334
126.0,1695.0,4.374998833333334
126.08333333333333,1732.0,4.147726166666667
126.25,1737.0,4.147726166666667
126.33333333333333,1738.0,4.204544333333334
126.5,1781.0,3.8636353333333338
126.58333333333333,1926.0,3.9204535000000003
126.66666666666667,1983.0,3.693180833333334
126.75,1925.0,4.034089833333334
126.91666666666667,1788.0,3.693180833333334
127.0,1788.0,3.693180833333334
127.0,1761.0,3.40909
127.16666666666667,1671.0,3.40909
127.25,1640.0,3.806817166666667
127.33333333333333,1702.0,3.636362666666667
127.41666666666667,1779.0,3.8636353333333338
127.58333333333333,1779.0,3.8636353333333338
127.66666666666667,1802.0,3.7499990000000003
127.75,1731.0,3.7499990000000003
127.91666666666667,1708.0,3.636362666666667
128.0,1720.0,3.5795445000000004
128.0,1705.0,3.40909
128.08333333333334,1646.0,1.8181813333333334
128.25,1609.0,3.636362666666667
128.33333333333334,1599.0,3.636362666666667
128.41666666666666,1632.0,3.352271833333334
128.5,1799.0,3.1249991666666666
128.66666666666666,1813.0,3.1249991666666666
128.66666666666666,1812.0,3.522726333333334
128.66666666666666,1837.0,3.522726333333334
128.66666666666666,1745.0,3.522726333333334
128.83333333333334,1717.0,3.522726333333334
128.91666666666666,1721.0,3.522726333333334
129.0,1728.0,3.5795445000000004
129.08333333333334,1775.0,3.40909
129.16666666666666,1858.0,4.204544333333334
129.33333333333334,1881.0,4.204544333333334
129.41666666666666,1874.0,3.4659081666666665
129.5,1895.0,3.522726333333334
129.58333333333334,1917.0,3.2386355
129.75,1922.0,3.2386355
129.83333333333334,1921.0,3.4659081666666665
129.91666666666666,1899.0,3.1818173333333335
130.0,1876.0,3.4659081666666665
130.0,1916.0,3.2954536666666665
130.0,1951.0,3.2954536666666665
130.0,1950.0,3.2954536666666665
130.0,1878.0,3.2954536666666665
130.08333333333334,1690.0,3.2954536666666665
130.16666666666666,1649.0,0.5113635000000001
130.25,1648.0,3.4659081666666665
130.33333333333334,1695.0,2.4431811666666667
130.41666666666666,1786.0,3.2954536666666665
130.5,1901.0,3.7499990000000003
130.58333333333334,1942.0,3.1818173333333335
130.66666666666666,1944.0,3.1818173333333335
130.66666666666666,2017.0,3.1818173333333335
130.75,2091.0,1.363636
130.91666666666666,2091.0,3.5795445000000004
131.0,2065.0,3.9204535000000003
131.0,2049.0,3.068181
131.0,2055.0,3.068181
131.08333333333334,2017.0,3.068181
131.16666666666666,1958.0,1.0227270000000002
131.25,1909.0,3.1249991666666666
131.33333333333334,1883.0,2.727272
131.41666666666666,1862.0,3.1249991666666666
131.5,1856.0,2.7840901666666666
131.5,1876.0,2.7840901666666666
131.58333333333334,1902.0,1.4772723333333333
131.66666666666666,1999.0,2.8409083333333336
131.75,2146.0,3.0113628333333335
131.83333333333334,2155.0,3.0113628333333335
131.91666666666666,2189.0,2.6136356666666667
132.0,2204.0,3.068181
132.08333333333334,2095.0,3.2954536666666665
132.16666666666666,2058.0,2.8977265
132.25,2040.0,3.0113628333333335
132.25,2034.0,3.0113628333333335
132.33333333333334,1980.0,3.0113628333333335
132.33333333333334,1873.0,0.9659088333333334
132.41666666666666,1871.0,2.670453833333333
132.5,1921.0,2.8977265
132.5,1927.0,2.8977265
132.58333333333334,1886.0,1.1931815000000001
132.66666666666666,1877.0,2.727272
132.75,1909.0,3.2386355
132.83333333333334,1931.0,2.670453833333333
132.91666666666666,1925.0,2.727272
132.91666666666666,1937.0,2.727272
132.91666666666666,2018.0,2.727272
133.0,2082.0,0.9090906666666667
133.08333333333334,2076.0,2.9545446666666666
133.16666666666666,2021.0,2.9545446666666666
133.16666666666666,2010.0,2.272726666666667
133.25,2013.0,2.272726666666667
133.33333333333334,2030.0,1.363636
133.41666666666666,1998.0,3.40909
133.5,1951.0,2.670453833333333
133.5,1892.0,2.670453833333333
133.5,1851.0,2.670453833333333
133.5,1851.0,2.670453833333333
133.58333333333334,1815.0,0.8522725
133.66666666666666,1786.0,2.5568175
133.75,1701.0,2.3863630000000002
133.83333333333334,1687.0,2.3863630000000002
133.91666666666666,1713.0,2.102272166666667
134.0,1788.0,2.6136356666666667
134.08333333333334,1826.0,2.7840901666666666
134.08333333333334,1790.0,2.727272
134.16666666666666,1790.0,2.3295448333333333
134.25,1770.0,2.3295448333333333
134.33333333333334,1785.0,2.3295448333333333
134.33333333333334,1792.0,2.2159085000000003
134.41666666666666,1802.0,2.2159085000000003
134.5,1765.0,1.2499996666666666
134.5,1689.0,2.4999993333333332
134.58333333333334,1620.0,2.3295448333333333
134.66666666666666,1590.0,2.3295448333333333
134.75,1643.0,2.3295448333333333
134.83333333333334,1799.0,2.6136356666666667
134.83333333333334,1836.0,2.272726666666667
134.91666666666666,1822.0,2.3295448333333333
135.0,1794.0,2.2159085000000003
135.08333333333334,1792.0,2.2159085000000003
135.08333333333334,1827.0,1.9318176666666669
135.16666666666666,1886.0,1.9886358333333334
135.16666666666666,1978.0,1.9886358333333334
135.25,2007.0,1.3068178333333333
135.33333333333334,2045.0,1.3068178333333333
135.33333333333334,2068.0,2.102272166666667
135.41666666666666,2107.0,2.0454540000000003
135.5,2081.0,2.0454540000000003
135.58333333333334,1961.0,1.8181813333333334
135.58333333333334,1961.0,2.1590903333333333
135.66666666666666,1984.0,2.4999993333333332
135.75,1991.0,2.2159085000000003
135.83333333333334,1987.0,2.2159085000000003
135.83333333333334,1988.0,1.9318176666666669
135.91666666666666,1945.0,1.9886358333333334
136.0,1850.0,1.9886358333333334
136.0,1789.0,1.9318176666666669
136.08333333333334,1770.0,1.761363166666667
136.16666666666666,1722.0,1.761363166666667
136.25,1722.0,2.4431811666666667
136.25,1667.0,1.9886358333333334
136.33333333333334,1630.0,1.9886358333333334
136.33333333333334,1760.0,1.9886358333333334
136.33333333333334,1865.0,1.9886358333333334
136.33333333333334,1876.0,1.9886358333333334
136.33333333333334,1823.0,1.9886358333333334
136.41666666666666,1798.0,0.6249998333333333
136.5,1798.0,2.102272166666667
136.5,1826.0,2.102272166666667
136.58333333333334,1838.0,1.6477268333333333
136.66666666666666,1832.0,1.6477268333333333
136.66666666666666,1797.0,2.0454540000000003
136.75,1790.0,1.8749995000000002
136.83333333333334,1788.0,1.8749995000000002
136.83333333333334,1776.0,1.5340905
136.91666666666666,1738.0,1.5340905
137.0,1730.0,1.704545
137.0,1752.0,1.9886358333333334
137.08333333333334,1717.0,1.9886358333333334
137.08333333333334,1635.0,1.8181813333333334
137.16666666666666,1463.0,1.8181813333333334
137.16666666666666,1459.0,1.3068178333333333
137.25,1461.0,1.8749995000000002
137.25,1491.0,1.8749995000000002
137.33333333333334,1527.0,1.5340905
137.41666666666666,1581.0,1.5340905
137.41666666666666,1654.0,1.5909086666666667
137.5,1713.0,1.5909086666666667
137.5,1634.0,1.3068178333333333
137.5,1471.0,1.3068178333333333
137.5,1476.0,1.3068178333333333
137.5,1551.0,1.3068178333333333
137.58333333333334,1607.0,0.681818
137.58333333333334,1622.0,0.681818
137.66666666666666,1589.0,1.2499996666666666
137.66666666666666,1588.0,1.2499996666666666
137.75,1573.0,1.4772723333333333
137.75,1601.0,1.4772723333333333
137.75,1654.0,1.4772723333333333
137.75,1727.0,1.4772723333333333
137.75,1792.0,1.4772723333333333
137.83333333333334,1792.0,0.6249998333333333
137.83333333333334,1807.0,0.6249998333333333
137.91666666666666,1816.0,0.6249998333333333
137.91666666666666,1768.0,1.1931815000000001
137.91666666666666,1685.0,1.1931815000000001
137.91666666666666,1649.0,1.1931815000000001
137.91666666666666,1645.0,1.1931815000000001
138.0,1655.0,1.1931815000000001
138.0,1638.0,0.5681816666666667
138.0,1639.0,0.5681816666666667
138.08333333333334,1606.0,0.5681816666666667
138.08333333333334,1608.0,0.9659088333333334
138.08333333333334,1619.0,0.9659088333333334
138.16666666666666,1654.0,1.1363633333333334
138.16666666666666,1690.0,1.1363633333333334
138.16666666666666,1716.0,1.1363633333333334
138.25,1697.0,0.9090906666666667
138.25,1707.0,0.9090906666666667
138.25,1705.0,0.9090906666666667
138.25,1752.0,0.9090906666666667
138.33333333333334,1802.0,0.7386361666666666
138.33333333333334,1810.0,0.7386361666666666
138.33333333333334,1817.0,0.7386361666666666
138.33333333333334,1815.0,0.7386361666666666
138.33333333333334,1790.0,0.7386361666666666
138.41666666666666,1809.0,0.7386361666666666
138.41666666666666,1842.0,0.5113635000000001
138.41666666666666,1880.0,0.5113635000000001
138.41666666666666,1982.0,0.5113635000000001
138.41666666666666,2022.0,0.5113635000000001
138.41666666666666,2065.0,0.5113635000000001
138.41666666666666,2101.0,0.5113635000000001
138.5,2125.0,0.5113635000000001
138.5,2108.0,0.3977271666666667
138.5,2139.0,0.3977271666666667
138.5,2172.0,0.3977271666666667
138.58333333333334,2156.0,0.3977271666666667
138.58333333333334,2106.0,0.7954543333333334
138.58333333333334,2066.0,0.7954543333333334
138.58333333333334,2071.0,0.7954543333333334
138.66666666666666,2070.0,0.7386361666666666
138.66666666666666,2068.0,0.7386361666666666
138.66666666666666,2028.0,0.7386361666666666
138.66666666666666,2028.0,0.7386361666666666
138.75,2002.0,0.681818
138.75,2006.0,0.681818
138.75,1996.0,0.681818
138.83333333333334,1978.0,0.681818
138.83333333333334,1977.0,0.7954543333333334
138.83333333333334,1932.0,0.7954543333333334
138.83333333333334,1889.0,0.7954543333333334
138.91666666666666,1805.0,0.7954543333333334
138.91666666666666,1715.0,0.681818
138.91666666666666,1685.0,0.681818
138.91666666666666,1706.0,0.681818
138.91666666666666,1686.0,0.681818
139.0,1661.0,0.6249998333333333
139.0,1632.0,0.6249998333333333
139.0,1623.0,0.6249998333333333
139.0,1612.0,0.6249998333333333
139.08333333333334,1632.0,0.6249998333333333
139.08333333333334,1668.0,0.6249998333333333
139.08333333333334,1638.0,0.6249998333333333
139.08333333333334,1596.0,0.6249998333333333
139.08333333333334,1553.0,0.6249998333333333
139.16666666666666,1546.0,0.6249998333333333
139.16666666666666,1577.0,0.5681816666666667
139.16666666666666,1600.0,0.5681816666666667
139.16666666666666,1560.0,0.5681816666666667
139.16666666666666,1408.0,0.5681816666666667
139.16666666666666,1145.0,0.5681816666666667
139.25,694.0,0.5681816666666667
139.25,321.0,0.45454533333333336
139.25,19.0,0.45454533333333336
139.25,0.0,0.45454533333333336
139.25,0.0,0.45454533333333336
139.25,0.0,0.45454533333333336
139.25,0.0,0.45454533333333336
139.25,0.0,0.45454533333333336
139.25,1.0,0.45454533333333336
139.25,0.0,0.45454533333333336
139.25,18.0,0.45454533333333336
139.25,2.0,0.45454533333333336
139.25,0.0,0.45454533333333336
139.25,0.0,0.45454533333333336
139.25,0.0,0.45454533333333336
139.25,0.0,0.45454533333333336
139.25,0.0,0.45454533333333336
139.25,0.0,0.45454533333333336
139.25,0.0,0.45454533333333336
139.25,0.0,0.45454533333333336
139.25,0.0,0.45454533333333336
139.25,0.0,0.45454533333333336
139.25,0.0,0.45454533333333336
139.25,0.0,0.45454533333333336
139.25,0.0,0.45454533333333336
139.25,0.0,0.45454533333333336
139.25,0.0,0.45454533333333336
139.25,0.0,0.45454533333333336
139.25,0.0,0.45454533333333336
139.25,0.0,0.45454533333333336
139.25,0.0,0.45454533333333336
139.25,0.0,0.45454533333333336
139.25,0.0,0.45454533333333336
139.25,0.0,0.45454533333333336
139.25,0.0,0.45454533333333336
139.25,1.0,0.45454533333333336
139.25,0.0,0.45454533333333336
139.25,1.0,0.45454533333333336
139.25,0.0,0.45454533333333336
139.25,0.0,0.45454533333333336
139.25,0.0,0.45454533333333336
139.25,0.0,0.45454533333333336
139.25,0.0,0.45454533333333336
139.25,0.0,0.45454533333333336
139.25,0.0,0.45454533333333336
139.25,0.0,0.45454533333333336
139.25,0.0,0.45454533333333336
139.25,0.0,0.45454533333333336
139.25,1.0,0.45454533333333336
139.25,0.0,0.45454533333333336
139.25,0.0,0.45454533333333336
139.25,0.0,0.0
139.25,0.0,0.0
139.25,0.0,0.0
139.25,0.0,0.0
139.25,0.0,0.0
139.25,0.0,0.0
139.25,0.0,0.0
139.25,0.0,0.0
139.25,0.0,0.0
139.25,0.0,0.0
139.25,0.0,0.0
139.25,0.0,0.0
139.25,0.0,0.0
139.25,0.0,0.0
139.25,0.0,0.0
139.25,0.0,0.0
139.25,0.0,0.0
139.25,0.0,0.0
