0.0,0.0,0.0
0.0,0.0,0.0
0.0,0.0,0.0
0.0,0.0,0.0
0.0,0.0,0.0
0.0,0.0,0.0
0.0,0.0,0.0
0.0,0.0,0.0
0.0,0.0,0.0
0.0,0.0,0.0
0.0,0.0,0.0
0.0,0.0,0.0
0.0,0.0,0.0
0.0,0.0,0.0
0.0,0.0,0.0
0.0,0.0,0.0
0.0,0.0,0.0
0.0,0.0,0.0
0.0,1.0,0.0
0.0,1.0,0.0
0.0,0.0,0.0
0.0,0.0,0.0
0.0,0.0,0.0
0.0,0.0,0.0
0.0,0.0,0.0
0.0,0.0,0.0
0.0,0.0,0.0
0.0,0.0,0.0
0.0,0.0,0.0
0.0,1.0,0.0
0.0,0.0,0.0
0.0,0.0,0.0
0.0,0.0,0.0
0.0,0.0,0.0
0.0,0.0,0.0
0.0,0.0,0.0
0.0,0.0,0.0
0.0,0.0,0.0
0.0,0.0,0.0
0.0,0.0,0.0
0.0,0.0,0.0
0.0,0.0,0.0
0.0,0.0,0.0
0.0,0.0,0.0
0.0,0.0,0.0
0.0,0.0,0.0
0.0,0.0,0.0
0.0,0.0,0.0
0.0,0.0,0.0
0.0,0.0,0.0
0.0,0.0,0.0
0.0,0.0,0.0
0.0,0.0,0.0
0.0,0.0,0.0
0.0,0.0,0.0
0.0,0.0,0.0
0.0,0.0,0.0
0.0,0.0,0.0
0.0,0.0,0.0
0.0,0.0,0.0
0.0,0.0,0.0
0.0,0.0,0.0
0.0,0.0,0.0
0.0,0.0,0.0
0.0,0.0,0.0
0.0,1.0,0.0
0.0,0.0,0.0
0.0,0.0,0.0
0.0,0.0,0.0
0.0,0.0,0.0
0.0,0.0,0.0
0.0,0.0,0.0
0.0,0.0,0.0
0.0,0.0,0.0
0.0,0.0,0.0
0.0,0.0,0.0
0.0,0.0,0.0
0.0,0.0,0.0
0.0,0.0,0.0
0.0,0.0,0.0
0.0,0.0,0.0
0.0,0.0,0.0
0.0,0.0,0.0
0.0,0.0,0.0
0.0,0.0,0.0
0.0,0.0,0.0
0.0,0.0,0.0
0.0,0.0,0.0
0.0,0.0,0.0
0.0,0.0,0.0
0.0,0.0,0.0
0.0,0.0,0.0
0.0,0.0,0.0
0.0,0.0,0.0
0.0,0.0,0.0
0.0,0.0,0.0
0.0,1.0,0.0
0.0,1.0,0.0
0.0,0.0,0.0
0.0,0.0,0.0
0.0,0.0,0.0
0.0,0.0,0.0
0.0,0.0,0.0
0.0,0.0,0.0
0.0,0.0,0.0
0.0,0.0,0.0
0.0,0.0,0.0
0.0,0.0,0.0
0.0,0.0,0.0
0.0,0.0,0.0
0.0,0.0,0.0
0.0,0.0,0.0
0.0,0.0,0.0
0.0,0.0,0.0
0.0,0.0,0.0
0.0,0.0,0.0
0.0,0.0,0.0
0.0,0.0,0.0
0.0,0.0,0.0
0.0,1.0,0.0
0.0,0.0,0.0
0.0,0.0,0.0
0.0,0.0,0.0
0.0,0.0,0.0
0.0,0.0,0.0
0.0,1.0,0.0
0.0,0.0,0.0
0.0,0.0,0.0
0.0,0.0,0.0
0.0,0.0,0.0
0.0,0.0,0.0
0.0,0.0,0.0
0.0,0.0,0.0
0.0,0.0,0.0
0.0,1.0,0.0
0.0,0.0,0.0
0.0,0.0,0.0
0.0,0.0,0.0
0.0,0.0,0.0
0.0,0.0,0.0
0.0,1.0,0.0
0.0,0.0,0.0
0.0,0.0,0.0
0.0,0.0,0.0
0.0,0.0,0.0
0.0,0.0,0.0
0.0,0.0,0.0
0.0,0.0,0.0
0.0,1.0,0.0
0.0,0.0,0.0
0.0,0.0,0.0
0.0,0.0,0.0
0.0,0.0,0.0
0.0,0.0,0.0
0.0,0.0,0.0
0.0,0.0,0.0
0.0,0.0,0.0
0.0,0.0,0.0
0.0,0.0,0.0
0.0,0.0,0.0
0.0,0.0,0.0
0.0,0.0,0.0
0.0,0.0,0.0
0.0,0.0,0.0
0.0,0.0,0.0
0.0,0.0,0.0
0.0,0.0,0.0
0.0,0.0,0.0
0.0,0.0,0.0
0.0,0.0,0.0
0.0,0.0,0.0
0.0,0.0,0.0
0.0,0.0,0.0
0.0,0.0,0.0
0.0,0.0,0.0
0.0,0.0,0.0
0.0,0.0,0.0
0.0,0.0,0.0
0.0,0.0,0.0
0.0,0.0,0.0
0.0,0.0,0.0
0.0,0.0,0.0
0.0,0.0,0.0
0.0,0.0,0.0
0.0,0.0,0.0
0.0,0.0,0.0
0.0,0.0,0.0
0.0,0.0,0.0
0.0,0.0,0.0
0.0,0.0,0.0
0.0,0.0,0.0
0.0,0.0,0.0
0.0,0.0,0.0
0.0,0.0,0.0
0.0,0.0,0.0
0.0,0.0,0.0
0.0,0.0,0.0
0.0,1.0,0.0
0.0,1.0,0.0
0.0,0.0,0.0
0.0,0.0,0.0
0.0,0.0,0.0
0.0,0.0,0.0
0.0,1.0,0.0
0.0,0.0,0.0
0.0,0.0,0.0
0.0,0.0,0.0
0.0,0.0,0.0
0.0,0.0,0.0
0.0,0.0,0.0
0.0,0.0,0.0
0.0,0.0,0.0
0.0,0.0,0.0
0.0,0.0,0.0
0.0,0.0,0.0
0.0,0.0,0.0
0.0,0.0,0.0
0.0,0.0,0.0
0.0,0.0,0.0
0.0,0.0,0.0
0.0,0.0,0.0
0.0,0.0,0.0
0.0,0.0,0.0
0.0,0.0,0.0
0.0,0.0,0.0
0.0,0.0,0.0
0.0,0.0,0.0
0.0,0.0,0.0
0.0,0.0,0.0
0.0,0.0,0.0
0.0,0.0,0.0
0.0,0.0,0.0
0.0,0.0,0.0
0.0,0.0,0.0
0.0,0.0,0.0
0.0,0.0,0.0
0.0,0.0,0.0
0.0,0.0,0.0
0.0,0.0,0.0
0.0,0.0,0.0
0.0,0.0,0.0
0.0,0.0,0.0
0.0,0.0,0.0
0.0,0.0,0.0
0.0,0.0,0.0
0.0,0.0,0.0
0.0,0.0,0.0
0.0,0.0,0.0
0.0,0.0,0.0
0.0,0.0,0.0
0.0,0.0,0.0
0.0,1.0,0.0
0.0,0.0,0.0
0.0,0.0,0.0
0.0,0.0,0.0
0.0,0.0,0.0
0.0,0.0,0.0
0.0,0.0,0.0
0.0,0.0,0.0
0.0,0.0,0.0
0.0,0.0,0.0
0.0,0.0,0.0
0.0,0.0,0.0
0.0,0.0,0.0
0.0,0.0,0.0
0.0,0.0,0.0
0.0,0.0,0.0
0.0,0.0,0.0
0.0,0.0,0.0
0.0,0.0,0.0
0.0,0.0,0.0
0.0,0.0,0.0
0.0,0.0,0.0
0.0,0.0,0.0
0.0,0.0,0.0
0.0,0.0,0.0
0.0,0.0,0.0
0.0,0.0,0.0
0.0,0.0,0.0
0.0,0.0,0.0
0.0,0.0,0.0
0.0,0.0,0.0
0.0,0.0,0.0
0.0,0.0,0.0
0.0,0.0,0.0
0.0,0.0,0.0
0.0,0.0,0.0
0.0,0.0,0.0
0.0,0.0,0.0
0.0,0.0,0.0
0.0,0.0,0.0
0.0,0.0,0.0
0.0,0.0,0.0
0.0,0.0,0.0
0.0,0.0,0.0
0.0,0.0,0.0
0.0,0.0,0.0
0.0,0.0,0.0
0.0,0.0,0.0
0.0,0.0,0.0
0.0,1.0,0.0
0.0,0.0,0.0
0.0,0.0,0.0
0.0,0.0,0.0
0.0,0.0,0.0
0.0,0.0,0.0
0.0,0.0,0.0
0.0,0.0,0.0
0.0,0.0,0.0
0.0,0.0,0.0
0.0,0.0,0.0
0.0,0.0,0.0
0.0,0.0,0.0
0.0,0.0,0.0
0.0,0.0,0.0
0.0,1.0,0.0
0.0,0.0,0.0
0.0,0.0,0.0
0.0,0.0,0.0
0.0,0.0,0.0
0.0,0.0,0.0
0.0,0.0,0.0
0.0,1.0,0.0
0.0,0.0,0.0
0.0,0.0,0.0
0.0,1.0,0.0
0.0,0.0,0.0
0.0,0.0,0.0
0.0,1.0,0.0
0.0,0.0,0.0
0.0,0.0,0.0
0.0,0.0,0.0
0.0,0.0,0.0
0.0,0.0,0.0
0.0,0.0,0.0
0.0,0.0,0.0
0.0,0.0,0.0
0.0,0.0,0.0
0.0,0.0,0.0
0.0,0.0,0.0
0.0,0.0,0.0
0.0,0.0,0.0
0.0,0.0,0.0
0.0,0.0,0.0
0.0,0.0,0.0
0.0,0.0,0.0
0.0,0.0,0.0
0.0,0.0,0.0
0.0,0.0,0.0
0.0,0.0,0.0
0.0,0.0,0.0
0.0,0.0,0.0
0.0,0.0,0.0
0.0,0.0,0.0
0.0,0.0,0.0
0.0,1.0,0.0
0.0,0.0,0.0
0.0,0.0,0.0
0.0,0.0,0.0
0.0,0.0,0.0
0.0,0.0,0.0
0.0,0.0,0.0
0.0,0.0,0.0
0.0,0.0,0.0
0.0,0.0,0.0
0.0,0.0,0.0
0.0,0.0,0.0
0.0,0.0,0.0
0.0,0.0,0.0
0.0,0.0,0.0
0.0,0.0,0.0
0.0,0.0,0.0
0.0,0.0,0.0
0.0,0.0,0.0
0.0,0.0,0.0
0.0,0.0,0.0
0.0,0.0,0.0
0.0,0.0,0.0
0.0,0.0,0.0
0.0,0.0,0.0
0.0,0.0,0.0
0.0,0.0,0.0
0.0,0.0,0.0
0.0,0.0,0.0
0.0,0.0,0.0
0.0,0.0,0.0
0.0,0.0,0.0
0.0,0.0,0.0
0.0,0.0,0.0
0.0,0.0,0.0
0.0,0.0,0.0
0.0,0.0,0.0
0.0,0.0,0.0
0.0,1.0,0.0
0.0,0.0,0.0
0.0,0.0,0.0
0.0,0.0,0.0
0.0,0.0,0.0
0.0,0.0,0.0
0.0,0.0,0.0
0.0,1.0,0.0
0.0,0.0,0.0
0.0,0.0,0.0
0.0,0.0,0.0
0.0,0.0,0.0
0.0,0.0,0.0
0.0,1.0,0.0
0.0,4.0,0.0
0.0,10.0,0.0
0.0,18.0,0.0
0.0,24.0,0.0
0.0,31.0,0.0
0.0,37.0,0.0
0.0,43.0,0.0
0.0,45.0,0.0
0.0,49.0,0.0
0.0,63.0,0.0
0.0,65.0,0.0
0.0,64.0,0.0
0.0,72.0,0.0
0.0,78.0,0.0
0.0,80.0,0.0
0.0,84.0,0.0
0.0,84.0,0.0
0.0,85.0,0.0
0.0,90.0,0.0
0.0,86.0,0.0
0.0,86.0,0.0
0.0,95.0,0.0
0.0,96.0,0.0
0.0,95.0,0.0
0.0,99.0,0.0
0.0,99.0,0.0
0.0,98.0,0.0
0.0,103.0,0.0
0.0,107.0,0.0
0.0,104.0,0.0
0.0,108.0,0.0
0.0,114.0,0.0
0.0,112.0,0.0
0.0,112.0,0.0
0.0,124.0,0.0
0.0,122.0,0.0
0.0,121.0,0.0
0.0,129.0,0.0
0.0,133.0,0.0
0.0,133.0,0.0
0.0,132.0,0.0
0.0,145.0,0.0
0.0,156.0,0.0
0.0,154.0,0.0
0.0,161.0,0.0
0.0,193.0,0.0
0.0,207.0,0.0
0.0,227.0,0.0
0.0,298.0,0.0
0.0,347.0,0.0
0.0,373.0,0.0
0.0,400.0,0.0
0.0,409.0,0.0
0.0,423.0,0.0
0.0,459.0,0.0
0.0,539.0,0.0
0.0,563.0,0.0
0.0,560.0,0.0
0.0,578.0,0.0
0.0,568.0,0.0
0.0,572.0,0.0
0.0,574.0,0.0
0.0,593.0,0.0
0.0,608.0,0.0
0.0,581.0,0.0
0.0,578.0,0.0
0.0,592.0,0.0
0.0,587.0,0.0
0.0,596.0,0.0
0.0,610.0,0.0
0.0,633.0,0.0
0.0,698.0,0.0
0.08333333333333333,721.0,0.0
0.08333333333333333,771.0,0.0
0.08333333333333333,824.0,0.0
0.08333333333333333,926.0,0.0
0.08333333333333333,1006.0,0.0
0.08333333333333333,1013.0,0.0
0.08333333333333333,1006.0,0.0
0.08333333333333333,987.0,0.0
0.08333333333333333,992.0,0.0
0.08333333333333333,992.0,0.0
0.08333333333333333,992.0,0.0
0.08333333333333333,1011.0,0.0
0.08333333333333333,1034.0,0.0
0.08333333333333333,1006.0,0.0
0.08333333333333333,971.0,0.0
0.08333333333333333,907.0,0.0
0.08333333333333333,888.0,0.0
0.08333333333333333,921.0,0.0
0.08333333333333333,963.0,0.0
0.08333333333333333,965.0,0.0
0.08333333333333333,934.0,0.0
0.08333333333333333,929.0,0.0
0.08333333333333333,943.0,0.0
0.08333333333333333,964.0,0.0
0.08333333333333333,964.0,0.0
0.08333333333333333,989.0,0.0
0.08333333333333333,1039.0,0.0
0.08333333333333333,1035.0,0.0
0.08333333333333333,1046.0,0.0
0.08333333333333333,1052.0,0.0
0.08333333333333333,1086.0,0.0
0.08333333333333333,1155.0,0.0
0.08333333333333333,1195.0,0.0
0.08333333333333333,1262.0,0.0
0.08333333333333333,1337.0,0.0
0.08333333333333333,1517.0,0.0
0.08333333333333333,1574.0,0.0
0.08333333333333333,1619.0,0.0
0.08333333333333333,1620.0,0.0
0.08333333333333333,1406.0,0.0
0.08333333333333333,1265.0,0.0
0.08333333333333333,1277.0,0.0
0.08333333333333333,1381.0,0.0
0.08333333333333333,1510.0,0.0
0.08333333333333333,1593.0,0.0
0.08333333333333333,1575.0,0.0
0.08333333333333333,1535.0,0.0
0.08333333333333333,1506.0,0.0
0.08333333333333333,1486.0,0.0
0.08333333333333333,1502.0,0.0
0.08333333333333333,1528.0,0.0
0.08333333333333333,1535.0,0.0
0.08333333333333333,1535.0,0.0
0.08333333333333333,1567.0,0.0
0.08333333333333333,1755.0,0.0
0.08333333333333333,1844.0,0.0
0.08333333333333333,1923.0,0.0
0.16666666666666666,1936.0,0.0
0.16666666666666666,1873.0,0.0
0.16666666666666666,1809.0,0.0
0.16666666666666666,1756.0,0.0
0.25,1738.0,0.7386361666666666
0.25,1829.0,0.7386361666666666
0.25,1960.0,0.7386361666666666
0.3333333333333333,2049.0,0.7386361666666666
0.3333333333333333,2061.0,0.8522725
0.3333333333333333,2069.0,0.8522725
0.4166666666666667,2085.0,1.1363633333333334
0.4166666666666667,2083.0,1.1363633333333334
0.5,2046.0,1.1363633333333334
0.5,2015.0,1.1931815000000001
0.5833333333333334,2062.0,1.1931815000000001
0.5833333333333334,2160.0,1.3068178333333333
0.5833333333333334,2091.0,1.3068178333333333
0.6666666666666666,1951.0,1.1363633333333334
0.6666666666666666,1961.0,1.1363633333333334
0.75,2016.0,1.4204541666666668
0.75,2045.0,1.4204541666666668
0.8333333333333334,2059.0,1.4772723333333333
0.9166666666666666,2146.0,1.4772723333333333
0.9166666666666666,2243.0,1.4772723333333333
1.0,2112.0,1.4772723333333333
1.0,2129.0,1.4772723333333333
1.0833333333333333,2170.0,1.4772723333333333
1.0833333333333333,2270.0,1.4772723333333333
1.1666666666666667,2258.0,1.9318176666666669
1.25,2135.0,1.9318176666666669
1.25,2068.0,1.704545
1.3333333333333333,2074.0,1.704545
1.3333333333333333,2222.0,1.704545
1.4166666666666667,2180.0,1.8181813333333334
1.5,2077.0,1.8181813333333334
1.5,2035.0,1.704545
1.5833333333333333,2071.0,1.8181813333333334
1.6666666666666667,2085.0,1.8181813333333334
1.6666666666666667,2085.0,1.9318176666666669
1.75,2107.0,1.9886358333333334
1.8333333333333333,2079.0,1.9886358333333334
1.8333333333333333,2085.0,1.9886358333333334
1.9166666666666667,2091.0,2.0454540000000003
2.0,2106.0,2.1590903333333333
2.0,2085.0,2.1590903333333333
2.0,1874.0,2.1590903333333333
2.0833333333333335,1839.0,0.9659088333333334
2.1666666666666665,1923.0,2.4431811666666667
2.25,1946.0,2.4431811666666667
2.3333333333333335,2030.0,2.2159085000000003
2.3333333333333335,1991.0,2.1590903333333333
2.4166666666666665,1909.0,2.272726666666667
2.5,1907.0,2.272726666666667
2.5833333333333335,1887.0,1.9886358333333334
2.6666666666666665,1811.0,2.102272166666667
2.75,1884.0,3.1249991666666666
2.75,1833.0,2.5568175
2.8333333333333335,1610.0,2.4431811666666667
2.9166666666666665,1444.0,2.4999993333333332
3.0,1403.0,2.5568175
3.0833333333333335,1464.0,2.5568175
3.0833333333333335,1572.0,2.0454540000000003
3.1666666666666665,1622.0,2.0454540000000003
3.25,1716.0,1.3068178333333333
3.25,1773.0,2.9545446666666666
3.25,1818.0,2.9545446666666666
3.4166666666666665,1818.0,2.9545446666666666
3.4166666666666665,1835.0,3.4659081666666665
3.4166666666666665,1752.0,3.4659081666666665
3.5,1610.0,1.4204541666666668
3.5,1543.0,1.4204541666666668
3.5,1464.0,1.4204541666666668
3.6666666666666665,1335.0,1.4204541666666668
3.75,1272.0,3.068181
3.8333333333333335,1217.0,2.8409083333333336
3.9166666666666665,1232.0,2.8409083333333336
4.0,1293.0,2.8977265
4.083333333333333,1327.0,2.7840901666666666
4.166666666666667,1322.0,3.40909
4.25,1313.0,2.727272
4.25,1313.0,3.1818173333333335
4.333333333333333,1313.0,3.1818173333333335
4.416666666666667,1237.0,1.5340905
4.5,1280.0,3.693180833333334
4.5,1291.0,3.693180833333334
4.5,1260.0,3.693180833333334
4.5,1227.0,3.693180833333334
4.666666666666667,1222.0,3.693180833333334
4.75,1221.0,3.5795445000000004
4.833333333333333,1192.0,3.2386355
4.916666666666667,1186.0,3.1818173333333335
5.0,1198.0,3.1249991666666666
5.083333333333333,1183.0,3.1818173333333335
5.25,1176.0,3.352271833333334
5.333333333333333,1180.0,3.5795445000000004
5.416666666666667,1170.0,3.2954536666666665
5.5,1137.0,3.40909
5.5,1104.0,3.40909
5.583333333333333,1045.0,3.40909
5.666666666666667,1030.0,1.0795451666666667
5.75,1089.0,3.352271833333334
5.833333333333333,1121.0,3.352271833333334
5.916666666666667,1141.0,3.5795445000000004
6.0,1192.0,3.5795445000000004
6.083333333333333,1248.0,1.8181813333333334
6.166666666666667,1338.0,3.40909
6.166666666666667,1412.0,3.40909
6.25,1405.0,3.40909
6.333333333333333,1375.0,1.2499996666666666
6.416666666666667,1310.0,3.352271833333334
6.5,1278.0,3.0113628333333335
6.666666666666667,1226.0,3.5795445000000004
6.75,1129.0,4.090908000000001
6.75,1096.0,3.693180833333334
6.75,1090.0,3.693180833333334
6.916666666666667,1086.0,3.693180833333334
7.0,1132.0,4.090908000000001
7.166666666666667,1258.0,4.090908000000001
7.25,1291.0,4.204544333333334
7.25,1274.0,2.9545446666666666
7.25,1263.0,2.9545446666666666
7.25,1288.0,2.9545446666666666
7.25,1314.0,2.9545446666666666
7.25,1314.0,2.9545446666666666
7.333333333333333,1335.0,2.9545446666666666
7.416666666666667,1356.0,3.522726333333334
7.5,1390.0,3.522726333333334
7.583333333333333,1283.0,1.8181813333333334
7.666666666666667,1231.0,4.318180666666667
7.833333333333333,1215.0,4.318180666666667
7.833333333333333,1197.0,4.261362500000001
8.0,1260.0,4.261362500000001
8.083333333333334,1356.0,3.8636353333333338
8.166666666666666,1447.0,4.318180666666667
8.25,1437.0,3.9772716666666668
8.333333333333334,1335.0,2.2159085000000003
8.416666666666666,1373.0,4.034089833333334
8.416666666666666,1376.0,4.034089833333334
8.5,1370.0,1.2499996666666666
8.666666666666666,1373.0,1.2499996666666666
8.75,1402.0,4.090908000000001
8.916666666666666,1342.0,3.9772716666666668
9.0,1207.0,4.374998833333334
9.166666666666666,1131.0,4.374998833333334
9.25,1099.0,3.7499990000000003
9.333333333333334,1103.0,3.636362666666667
9.5,1214.0,3.693180833333334
9.583333333333334,1282.0,4.147726166666667
9.75,1333.0,4.147726166666667
9.833333333333334,1458.0,4.431817000000001
9.833333333333334,1573.0,4.431817000000001
9.916666666666666,1574.0,1.363636
10.083333333333334,1652.0,1.363636
10.083333333333334,1669.0,3.8636353333333338
10.083333333333334,1591.0,3.8636353333333338
10.166666666666666,1580.0,3.8636353333333338
10.333333333333334,1562.0,3.9204535000000003
10.416666666666666,1498.0,4.374998833333334
10.5,1600.0,3.806817166666667
10.666666666666666,1708.0,4.204544333333334
10.833333333333334,1789.0,4.318180666666667
10.916666666666666,1770.0,4.204544333333334
11.083333333333334,1652.0,4.318180666666667
11.166666666666666,1639.0,4.7159078333333335
11.25,1582.0,4.6022715000000005
11.25,1583.0,4.6022715000000005
11.25,1583.0,4.6022715000000005
11.333333333333334,1573.0,4.6022715000000005
11.416666666666666,1613.0,3.9204535000000003
11.416666666666666,1603.0,3.9204535000000003
11.583333333333334,1559.0,3.9204535000000003
11.666666666666666,1529.0,5.056816833333333
11.833333333333334,1498.0,4.431817000000001
11.916666666666666,1565.0,4.318180666666667
12.083333333333334,1603.0,4.318180666666667
12.166666666666666,1676.0,4.318180666666667
12.25,1802.0,3.9204535000000003
12.333333333333334,1792.0,3.9204535000000003
12.5,1792.0,4.545453333333334
12.583333333333334,1783.0,4.7159078333333335
12.75,1777.0,4.318180666666667
12.833333333333334,1653.0,3.806817166666667
13.0,1598.0,4.090908000000001
13.083333333333334,1579.0,4.204544333333334
13.25,1546.0,4.204544333333334
13.333333333333334,1535.0,4.318180666666667
13.5,1496.0,4.318180666666667
13.583333333333334,1507.0,4.7159078333333335
13.75,1479.0,4.7159078333333335
13.916666666666666,1433.0,4.7159078333333335
14.0,1401.0,4.318180666666667
14.166666666666666,1409.0,4.318180666666667
14.25,1448.0,4.261362500000001
14.416666666666666,1395.0,4.261362500000001
14.5,1322.0,4.374998833333334
14.666666666666666,1227.0,4.318180666666667
14.75,1196.0,4.261362500000001
14.916666666666666,1246.0,4.261362500000001
15.0,1319.0,4.374998833333334
15.166666666666666,1381.0,4.261362500000001
15.25,1418.0,4.488635166666667
15.416666666666666,1488.0,4.204544333333334
15.5,1501.0,4.204544333333334
15.666666666666666,1494.0,4.204544333333334
15.75,1484.0,4.318180666666667
15.916666666666666,1473.0,4.261362500000001
16.0,1460.0,4.7727260000000005
16.083333333333332,1415.0,4.7727260000000005
16.166666666666668,1415.0,4.9431805
16.25,1406.0,3.7499990000000003
16.333333333333332,1316.0,3.7499990000000003
16.333333333333332,1188.0,1.5340905
16.5,1170.0,2.102272166666667
16.5,1393.0,5.909089333333333
16.583333333333332,1552.0,5.909089333333333
16.75,1556.0,4.7727260000000005
16.833333333333332,1528.0,5.909089333333333
17.0,1378.0,4.659089666666667
17.083333333333332,1360.0,3.9772716666666668
17.166666666666668,1338.0,2.7840901666666666
17.333333333333332,1351.0,2.7840901666666666
17.5,1391.0,4.147726166666667
17.583333333333332,1391.0,5.738634833333333
17.75,1421.0,5.056816833333333
17.833333333333332,1499.0,4.8295441666666665
17.916666666666668,1607.0,4.8295441666666665
18.0,1459.0,1.6477268333333333
18.166666666666668,1360.0,4.7159078333333335
18.333333333333332,1387.0,4.7159078333333335
18.416666666666668,1485.0,4.204544333333334
18.583333333333332,1513.0,5.170453166666666
18.666666666666668,1499.0,4.431817000000001
18.833333333333332,1419.0,4.431817000000001
18.916666666666668,1319.0,4.318180666666667
19.083333333333332,1309.0,5.113635
19.166666666666668,1379.0,4.8863623333333335
19.166666666666668,1380.0,4.8863623333333335
19.25,1458.0,4.8863623333333335
19.416666666666668,1483.0,4.8863623333333335
19.5,1511.0,5.227271333333333
19.583333333333332,1570.0,2.6136356666666667
19.666666666666668,1474.0,2.4431811666666667
19.833333333333332,1315.0,4.7159078333333335
19.916666666666668,1278.0,4.7159078333333335
20.083333333333332,1372.0,4.7159078333333335
20.25,1346.0,4.9431805
20.333333333333332,1254.0,4.8863623333333335
20.5,1211.0,4.8863623333333335
20.5,1194.0,4.9431805
20.666666666666668,1210.0,4.9431805
20.666666666666668,1212.0,4.8863623333333335
20.666666666666668,1212.0,4.8863623333333335
20.833333333333332,1303.0,4.8863623333333335
21.0,1185.0,4.8863623333333335
21.166666666666668,1078.0,4.8863623333333335
21.333333333333332,1047.0,4.8863623333333335
21.5,1137.0,4.8863623333333335
21.666666666666668,1274.0,7.102270833333333
21.75,1321.0,5.9659075
21.916666666666668,1293.0,5.9659075
22.0,1206.0,5.2840895
22.083333333333332,1124.0,5.2840895
22.166666666666668,1149.0,5.2840895
22.333333333333332,1173.0,5.2840895
22.416666666666668,1176.0,5.511362166666667
22.583333333333332,1176.0,5.454544
22.75,1227.0,5.454544
22.916666666666668,1273.0,5.454544
22.916666666666668,1261.0,4.9999986666666665
23.083333333333332,1279.0,4.9999986666666665
23.25,1329.0,5.227271333333333
23.25,1299.0,5.795453
23.25,1268.0,5.795453
23.25,1224.0,5.795453
23.25,1123.0,5.795453
23.416666666666668,1035.0,6.193180166666667
23.583333333333332,1011.0,6.931816333333333
23.75,990.0,6.931816333333333
23.916666666666668,985.0,6.136362
24.0,966.0,5.170453166666666
24.083333333333332,1021.0,5.170453166666666
24.166666666666668,1100.0,4.7159078333333335
24.333333333333332,1155.0,4.7159078333333335
24.5,1268.0,5.454544
24.5,1458.0,5.397725833333334
24.583333333333332,1407.0,5.397725833333334
24.75,1370.0,5.397725833333334
24.916666666666668,1346.0,5.397725833333334
25.083333333333332,1214.0,5.397725833333334
25.166666666666668,1181.0,5.056816833333333
25.333333333333332,1190.0,5.056816833333333
25.416666666666668,1211.0,5.170453166666666
25.583333333333332,1245.0,5.170453166666666
25.75,1278.0,5.6249985
25.916666666666668,1278.0,5.6249985
26.083333333333332,1319.0,5.6249985
26.083333333333332,1312.0,5.568180333333333
26.25,1363.0,5.568180333333333
26.416666666666668,1439.0,5.568180333333333
26.583333333333332,1399.0,5.852271166666667
26.75,1351.0,5.852271166666667
26.833333333333332,1301.0,6.6477255
27.0,1214.0,6.6477255
27.083333333333332,1206.0,6.022725666666667
27.166666666666668,1213.0,5.454544
27.25,1250.0,5.454544
27.333333333333332,1275.0,6.534089166666668
27.333333333333332,1266.0,6.534089166666668
27.416666666666668,1283.0,6.534089166666668
27.583333333333332,1313.0,6.534089166666668
27.75,1366.0,6.3068165
28.0,1157.0,6.3068165
28.083333333333332,999.0,6.079543833333333
28.166666666666668,1034.0,5.340907666666666
28.333333333333332,1133.0,5.681816666666667
28.5,1147.0,6.022725666666667
28.666666666666668,1026.0,6.022725666666667
28.666666666666668,971.0,6.079543833333333
28.833333333333332,996.0,6.079543833333333
28.916666666666668,1052.0,5.9659075
29.083333333333332,1257.0,5.9659075
29.25,1271.0,6.704543666666668
29.416666666666668,1270.0,5.9659075
29.5,1261.0,5.397725833333334
29.75,1236.0,5.397725833333334
29.916666666666668,1244.0,5.738634833333333
30.083333333333332,1186.0,6.079543833333333
30.083333333333332,1057.0,6.079543833333333
30.166666666666668,945.0,6.079543833333333
30.25,1028.0,6.874998166666668
30.416666666666668,1185.0,6.874998166666668
30.583333333333332,1299.0,5.9659075
30.75,1309.0,5.9659075
30.833333333333332,1364.0,6.136362
31.0,1384.0,6.136362
31.166666666666668,1384.0,6.136362
31.333333333333332,1384.0,5.227271333333333
31.416666666666668,1410.0,5.738634833333333
31.416666666666668,1384.0,5.738634833333333
31.583333333333332,1285.0,5.738634833333333
31.75,1146.0,5.795453
31.916666666666668,1034.0,5.795453
32.083333333333336,965.0,5.795453
32.25,1048.0,5.795453
32.333333333333336,1136.0,5.568180333333333
32.5,1132.0,5.568180333333333
32.583333333333336,1088.0,6.136362
32.75,1142.0,6.136362
32.75,1203.0,5.340907666666666
32.75,1287.0,5.340907666666666
32.916666666666664,1288.0,5.340907666666666
33.0,1400.0,5.681816666666667
33.166666666666664,1352.0,5.681816666666667
33.333333333333336,1120.0,5.681816666666667
33.5,1047.0,5.681816666666667
33.666666666666664,1156.0,5.454544
33.833333333333336,1238.0,5.454544
33.916666666666664,1196.0,6.420452833333333
33.916666666666664,1152.0,6.420452833333333
33.916666666666664,1101.0,6.420452833333333
34.0,1057.0,6.420452833333333
34.083333333333336,1151.0,0.7386361666666666
34.25,1246.0,3.1818173333333335
34.416666666666664,1341.0,5.852271166666667
34.583333333333336,1342.0,5.852271166666667
34.666666666666664,1341.0,6.81818
34.833333333333336,1340.0,6.81818
35.0,1339.0,6.81818
35.083333333333336,1287.0,6.079543833333333
35.083333333333336,1089.0,6.079543833333333
35.083333333333336,1038.0,6.079543833333333
35.333333333333336,1080.0,6.079543833333333
35.5,1222.0,6.079543833333333
35.666666666666664,1329.0,6.534089166666668
35.833333333333336,1077.0,6.193180166666667
36.0,990.0,5.795453
36.25,1000.0,6.761361833333333
36.416666666666664,1044.0,6.079543833333333
36.5,1314.0,6.477271
36.5,1314.0,6.477271
36.583333333333336,1437.0,6.477271
36.75,1388.0,6.079543833333333
36.916666666666664,1296.0,6.079543833333333
37.083333333333336,1268.0,6.079543833333333
37.166666666666664,1313.0,5.9659075
37.333333333333336,1344.0,5.9659075
37.5,1349.0,5.113635
37.583333333333336,1263.0,5.6249985
37.583333333333336,1083.0,5.6249985
37.583333333333336,1165.0,5.6249985
37.75,1321.0,5.6249985
37.916666666666664,1411.0,6.022725666666667
38.083333333333336,1417.0,5.9659075
38.25,1296.0,5.9659075
38.5,1239.0,6.249998333333333
38.666666666666664,1266.0,6.420452833333333
38.833333333333336,1248.0,6.022725666666667
38.833333333333336,1199.0,5.909089333333333
39.0,1203.0,5.909089333333333
39.25,1201.0,5.909089333333333
39.333333333333336,1174.0,6.931816333333333
39.416666666666664,1149.0,6.931816333333333
39.583333333333336,1161.0,6.931816333333333
39.75,1175.0,6.136362
39.916666666666664,1185.0,6.136362
40.083333333333336,1213.0,6.704543666666668
40.333333333333336,1223.0,6.6477255
40.5,1303.0,6.477271
40.5,1338.0,6.3068165
40.583333333333336,1332.0,6.3068165
40.833333333333336,1304.0,6.3068165
41.0,1269.0,6.3068165
41.166666666666664,1285.0,6.249998333333333
41.333333333333336,1314.0,7.8977251666666675
41.5,1216.0,7.8977251666666675
41.583333333333336,1083.0,6.761361833333333
41.666666666666664,1044.0,6.249998333333333
41.75,1118.0,6.249998333333333
41.833333333333336,1217.0,6.931816333333333
41.916666666666664,1291.0,6.931816333333333
42.0,1293.0,5.056816833333333
42.25,1263.0,5.056816833333333
42.416666666666664,1263.0,5.9659075
42.583333333333336,1263.0,5.9659075
42.666666666666664,1272.0,5.909089333333333
42.833333333333336,1274.0,5.909089333333333
43.0,1223.0,5.909089333333333
43.166666666666664,1165.0,5.909089333333333
43.333333333333336,1153.0,6.079543833333333
43.583333333333336,1133.0,6.079543833333333
43.75,1100.0,6.079543833333333
43.916666666666664,1085.0,6.022725666666667
44.0,1120.0,5.909089333333333
44.25,1162.0,5.909089333333333
44.416666666666664,1274.0,6.3068165
44.583333333333336,1275.0,6.363634666666667
44.75,1268.0,6.363634666666667
44.833333333333336,1057.0,3.2954536666666665
44.916666666666664,1068.0,6.874998166666668
45.083333333333336,1223.0,6.874998166666668
45.333333333333336,1346.0,7.272725333333334
45.5,1434.0,7.272725333333334
45.583333333333336,1322.0,5.9659075
45.833333333333336,1173.0,5.9659075
45.916666666666664,1110.0,8.124997833333333
45.916666666666664,1159.0,3.0113628333333335
46.083333333333336,1306.0,3.0113628333333335
46.083333333333336,1292.0,6.3068165
46.25,1276.0,6.3068165
46.416666666666664,1278.0,6.3068165
46.666666666666664,1282.0,6.3068165
46.833333333333336,1332.0,6.761361833333333
47.0,1343.0,6.079543833333333
47.25,1347.0,6.079543833333333
47.416666666666664,1334.0,6.136362
47.583333333333336,1177.0,6.477271
47.666666666666664,1091.0,6.6477255
47.666666666666664,1057.0,6.6477255
47.833333333333336,1080.0,6.6477255
48.083333333333336,1172.0,6.6477255
48.25,1216.0,6.6477255
48.333333333333336,1194.0,5.681816666666667
48.416666666666664,1165.0,3.1818173333333335
48.666666666666664,1196.0,3.1818173333333335
48.833333333333336,1196.0,6.477271
48.916666666666664,1394.0,5.681816666666667
48.916666666666664,1440.0,5.681816666666667
48.916666666666664,1353.0,5.681816666666667
49.083333333333336,1241.0,5.681816666666667
49.25,1028.0,6.022725666666667
49.416666666666664,1012.0,6.022725666666667
49.5,957.0,5.852271166666667
49.666666666666664,861.0,6.874998166666668
49.916666666666664,862.0,6.874998166666668
50.083333333333336,942.0,6.590907333333333
50.25,1038.0,6.590907333333333
50.333333333333336,1186.0,6.193180166666667
50.583333333333336,1312.0,6.193180166666667
50.75,1201.0,6.193180166666667
51.0,1118.0,6.193180166666667
51.083333333333336,1116.0,6.193180166666667
51.25,1185.0,6.193180166666667
51.333333333333336,1238.0,7.215907166666668
51.5,1203.0,7.215907166666668
51.666666666666664,1128.0,6.590907333333333
51.666666666666664,1092.0,6.193180166666667
51.75,1210.0,6.193180166666667
51.833333333333336,1349.0,1.2499996666666666
52.0,1394.0,3.522726333333334
52.166666666666664,1365.0,8.352270500000001
52.25,1357.0,8.352270500000001
52.333333333333336,1370.0,7.443179833333334
52.5,1400.0,7.443179833333334
52.5,1375.0,5.9659075
52.583333333333336,1351.0,2.2159085000000003
52.666666666666664,1344.0,2.2159085000000003
52.75,1343.0,1.5909086666666667
52.916666666666664,1362.0,3.4659081666666665
53.166666666666664,1386.0,6.534089166666668
53.333333333333336,1406.0,6.534089166666668
53.5,1353.0,5.9659075
53.75,1335.0,6.590907333333333
53.916666666666664,1320.0,6.590907333333333
54.083333333333336,1329.0,6.6477255
54.166666666666664,1328.0,5.681816666666667
54.25,1327.0,5.681816666666667
54.416666666666664,1297.0,1.761363166666667
54.583333333333336,1297.0,5.909089333333333
54.75,1271.0,5.909089333333333
54.833333333333336,1261.0,6.761361833333333
55.0,1268.0,6.761361833333333
55.166666666666664,1275.0,6.761361833333333
55.333333333333336,1263.0,6.761361833333333
55.416666666666664,1226.0,6.81818
55.583333333333336,1230.0,6.81818
55.833333333333336,1259.0,6.81818
56.0,1291.0,6.81818
56.25,1304.0,6.81818
56.416666666666664,1377.0,6.761361833333333
56.583333333333336,1338.0,5.9659075
56.833333333333336,1336.0,6.761361833333333
57.0,1240.0,6.761361833333333
57.166666666666664,1255.0,7.272725333333334
57.25,1255.0,6.590907333333333
57.333333333333336,1236.0,6.590907333333333
57.583333333333336,1238.0,6.590907333333333
57.75,1228.0,6.704543666666668
57.833333333333336,1299.0,6.81818
57.833333333333336,1401.0,6.81818
58.0,1461.0,6.81818
58.166666666666664,1460.0,6.81818
58.416666666666664,1328.0,6.704543666666668
58.416666666666664,1254.0,6.477271
58.5,1233.0,2.1590903333333333
58.666666666666664,1233.0,2.3295448333333333
58.833333333333336,1263.0,6.079543833333333
59.083333333333336,1323.0,6.363634666666667
59.166666666666664,1319.0,6.420452833333333
59.333333333333336,1207.0,6.420452833333333
59.583333333333336,1098.0,6.420452833333333
59.583333333333336,1211.0,6.363634666666667
59.666666666666664,1392.0,6.363634666666667
59.666666666666664,1444.0,1.761363166666667
59.833333333333336,1475.0,1.761363166666667
60.083333333333336,1430.0,6.704543666666668
60.25,1341.0,7.159089000000001
60.416666666666664,1353.0,7.159089000000001
60.666666666666664,1391.0,7.159089000000001
60.75,1386.0,6.81818
60.833333333333336,1204.0,3.7499990000000003
61.0,1204.0,3.7499990000000003
61.083333333333336,1143.0,7.159089000000001
61.25,1154.0,3.5795445000000004
61.416666666666664,1204.0,3.5795445000000004
61.666666666666664,1291.0,6.874998166666668
61.833333333333336,1360.0,6.590907333333333
62.0,1413.0,6.81818
62.166666666666664,1392.0,6.590907333333333
62.25,1299.0,6.193180166666667
62.25,1215.0,6.193180166666667
62.25,1239.0,6.193180166666667
62.333333333333336,1269.0,0.9659088333333334
62.5,1275.0,2.2159085000000003
62.666666666666664,1221.0,6.988634500000001
62.833333333333336,1141.0,6.988634500000001
63.0,1104.0,5.795453
63.083333333333336,1132.0,6.534089166666668
63.25,1228.0,6.534089166666668
63.333333333333336,1236.0,6.6477255
63.333333333333336,1236.0,6.6477255
63.5,1228.0,6.6477255
63.583333333333336,1265.0,7.272725333333334
63.833333333333336,1462.0,7.386361666666668
63.916666666666664,1449.0,6.874998166666668
64.08333333333333,1355.0,6.874998166666668
64.25,1300.0,6.81818
64.25,1222.0,6.477271
64.41666666666667,1203.0,6.477271
64.41666666666667,1222.0,6.6477255
64.58333333333333,1246.0,6.6477255
64.66666666666667,1228.0,7.670452500000001
64.91666666666667,1177.0,7.102270833333333
65.08333333333333,1230.0,6.81818
65.25,1321.0,6.363634666666667
65.5,1364.0,6.363634666666667
65.66666666666667,1294.0,6.363634666666667
65.75,1202.0,6.931816333333333
65.75,1177.0,6.931816333333333
65.83333333333333,1203.0,6.931816333333333
66.08333333333333,1248.0,7.045452666666668
66.25,1251.0,7.045452666666668
66.5,1185.0,7.670452500000001
66.66666666666667,1185.0,7.670452500000001
66.83333333333333,1159.0,6.874998166666668
67.0,1172.0,7.272725333333334
67.0,1223.0,7.272725333333334
67.0,1209.0,7.272725333333334
67.08333333333333,1213.0,7.272725333333334
67.25,1220.0,6.704543666666668
67.5,1260.0,6.6477255
67.66666666666667,1238.0,6.704543666666668
67.91666666666667,1196.0,6.704543666666668
68.0,1135.0,7.386361666666668
68.16666666666667,1115.0,3.693180833333334
68.25,1156.0,5.909089333333333
68.33333333333333,1159.0,3.352271833333334
68.41666666666667,1129.0,3.352271833333334
68.5,1132.0,1.6477268333333333
68.58333333333333,1211.0,3.7499990000000003
68.83333333333333,1288.0,3.7499990000000003
69.0,1375.0,3.7499990000000003
69.16666666666667,1395.0,6.363634666666667
69.25,1254.0,8.068179666666667
69.5,1266.0,8.068179666666667
69.5,1297.0,6.590907333333333
69.5,1296.0,6.590907333333333
69.66666666666667,1235.0,6.590907333333333
69.75,1161.0,3.522726333333334
70.0,1140.0,6.6477255
70.0,1140.0,7.8977251666666675
70.16666666666667,1283.0,7.8977251666666675
70.33333333333333,1172.0,6.931816333333333
70.5,1106.0,5.568180333333333
70.66666666666667,1113.0,5.568180333333333
70.83333333333333,1159.0,5.568180333333333
70.83333333333333,1185.0,8.0113615
71.08333333333333,1254.0,8.0113615
71.16666666666667,1309.0,7.7272706666666675
71.41666666666667,1375.0,6.988634500000001
71.58333333333333,1426.0,6.988634500000001
71.75,1309.0,6.477271
71.91666666666667,1251.0,6.477271
72.0,1158.0,6.988634500000001
72.16666666666667,1158.0,6.988634500000001
72.25,1262.0,6.988634500000001
72.41666666666667,1262.0,3.40909
72.58333333333333,1360.0,6.249998333333333
72.75,1336.0,6.249998333333333
72.83333333333333,1252.0,6.534089166666668
72.91666666666667,1209.0,2.272726666666667
73.08333333333333,1290.0,3.40909
73.16666666666667,1297.0,3.5795445000000004
73.16666666666667,1241.0,3.5795445000000004
73.33333333333333,1191.0,3.5795445000000004
73.58333333333333,1054.0,3.5795445000000004
73.75,1098.0,6.3068165
73.75,1172.0,8.0113615
73.83333333333333,1216.0,2.1590903333333333
74.0,1187.0,2.272726666666667
74.25,1108.0,7.5568161666666676
74.33333333333333,1167.0,6.81818
74.41666666666667,1299.0,6.81818
74.58333333333333,1459.0,6.81818
74.75,1442.0,6.81818
74.91666666666667,1370.0,6.81818
75.0,1252.0,6.761361833333333
75.16666666666667,1162.0,6.761361833333333
75.33333333333333,1128.0,6.988634500000001
75.5,1181.0,6.988634500000001
75.58333333333333,1213.0,7.159089000000001
75.58333333333333,1209.0,7.159089000000001
75.75,1198.0,7.045452666666668
75.83333333333333,1270.0,3.522726333333334
76.08333333333333,1414.0,3.522726333333334
76.25,1416.0,6.931816333333333
76.5,1356.0,6.931816333333333
76.66666666666667,1191.0,6.931816333333333
76.66666666666667,1166.0,7.386361666666668
76.83333333333333,1224.0,7.386361666666668
76.83333333333333,1326.0,6.874998166666668
76.91666666666667,1312.0,1.704545
77.08333333333333,1190.0,3.2954536666666665
77.33333333333333,1255.0,7.045452666666668
77.5,1215.0,7.045452666666668
77.75,1161.0,6.988634500000001
77.75,1282.0,6.761361833333333
78.0,1397.0,6.761361833333333
78.0,1345.0,6.420452833333333
78.16666666666667,1345.0,6.420452833333333
78.41666666666667,1269.0,6.704543666666668
78.5,1338.0,6.874998166666668
78.75,1336.0,6.874998166666668
78.83333333333333,1353.0,5.909089333333333
79.0,1369.0,5.909089333333333
79.16666666666667,1310.0,5.909089333333333
79.33333333333333,1177.0,5.9659075
79.5,1239.0,7.670452500000001
79.5,1339.0,6.704543666666668
79.58333333333333,1440.0,6.704543666666668
79.83333333333333,1436.0,6.704543666666668
80.0,1429.0,6.704543666666668
80.16666666666667,1373.0,5.795453
80.25,1377.0,3.806817166666667
80.5,1437.0,3.806817166666667
80.58333333333333,1460.0,6.136362
80.75,1467.0,6.136362
80.83333333333333,1447.0,6.136362
81.0,1417.0,6.136362
81.25,1314.0,6.136362
81.41666666666667,1443.0,6.6477255
81.58333333333333,1603.0,6.6477255
81.58333333333333,1557.0,7.386361666666668
81.66666666666667,1333.0,1.5909086666666667
81.75,1404.0,3.7499990000000003
81.91666666666667,1406.0,3.352271833333334
81.91666666666667,1492.0,3.068181
82.0,1500.0,2.3295448333333333
82.25,1349.0,2.3295448333333333
82.41666666666667,1267.0,6.022725666666667
82.58333333333333,1277.0,7.329543500000001
82.66666666666667,1341.0,3.2954536666666665
82.83333333333333,1436.0,6.136362
83.08333333333333,1454.0,6.874998166666668
83.16666666666667,1448.0,6.704543666666668
83.33333333333333,1384.0,6.704543666666668
83.33333333333333,1404.0,6.704543666666668
83.5,1433.0,6.704543666666668
83.75,1463.0,6.704543666666668
83.91666666666667,1461.0,6.704543666666668
84.0,1467.0,6.3068165
84.25,1467.0,7.329543500000001
84.41666666666667,1279.0,7.329543500000001
84.5,1132.0,7.8409070000000005
84.66666666666667,1051.0,7.8409070000000005
84.66666666666667,1054.0,6.988634500000001
84.75,1218.0,1.704545
84.91666666666667,1292.0,3.522726333333334
85.16666666666667,1285.0,6.761361833333333
85.25,1265.0,7.499998000000001
85.5,1315.0,7.499998000000001
85.66666666666667,1446.0,6.81818
85.75,1481.0,5.9659075
85.91666666666667,1476.0,7.045452666666668
85.91666666666667,1476.0,7.045452666666668
86.08333333333333,1380.0,7.045452666666668
86.33333333333333,1392.0,7.045452666666668
86.5,1413.0,6.81818
86.58333333333333,1356.0,7.386361666666668
86.75,1168.0,7.386361666666668
86.91666666666667,1152.0,7.386361666666668
87.16666666666667,1254.0,7.386361666666668
87.25,1364.0,6.931816333333333
87.25,1412.0,3.2386355
87.33333333333333,1345.0,3.2386355
87.5,1266.0,6.590907333333333
87.75,1238.0,6.590907333333333
87.91666666666667,1250.0,7.102270833333333
88.0,1289.0,6.477271
88.25,1323.0,6.477271
88.41666666666667,1305.0,6.761361833333333
88.66666666666667,1248.0,6.761361833333333
88.75,1149.0,6.249998333333333
88.83333333333333,1289.0,6.249998333333333
89.0,1374.0,6.249998333333333
89.16666666666667,1375.0,6.704543666666668
89.41666666666667,1353.0,7.215907166666668
89.58333333333333,1329.0,6.761361833333333
89.75,1370.0,6.590907333333333
89.83333333333333,1393.0,6.136362
90.0,1406.0,6.136362
90.0,1375.0,6.420452833333333
90.0,1231.0,6.420452833333333
90.25,1137.0,6.420452833333333
90.41666666666667,1137.0,6.420452833333333
90.66666666666667,1093.0,6.420452833333333
90.75,1146.0,6.3068165
90.91666666666667,1225.0,6.3068165
91.16666666666667,1258.0,6.6477255
91.33333333333333,1275.0,6.6477255
91.41666666666667,1289.0,6.477271
91.41666666666667,1363.0,6.477271
91.5,1426.0,6.477271
91.66666666666667,1344.0,6.477271
91.91666666666667,1140.0,6.477271
92.0,1091.0,6.193180166666667
92.25,1086.0,6.193180166666667
92.33333333333333,1147.0,6.6477255
92.5,1275.0,6.6477255
92.5,1297.0,6.6477255
92.5,1260.0,6.6477255
92.58333333333333,1336.0,6.6477255
92.75,1543.0,6.477271
92.91666666666667,1645.0,6.477271
93.08333333333333,1467.0,6.704543666666668
93.25,1356.0,6.3068165
93.41666666666667,1304.0,6.3068165
93.66666666666667,1277.0,6.81818
93.75,1338.0,6.534089166666668
93.75,1478.0,6.534089166666668
93.75,1481.0,6.534089166666668
93.91666666666667,1329.0,6.534089166666668
94.08333333333333,1220.0,6.420452833333333
94.33333333333333,1171.0,6.704543666666668
94.41666666666667,1262.0,6.3068165
94.5,1402.0,3.1249991666666666
94.75,1451.0,3.40909
94.75,1423.0,5.738634833333333
94.91666666666667,1421.0,5.738634833333333
95.0,1371.0,7.5568161666666676
95.08333333333333,1365.0,2.102272166666667
95.16666666666667,1415.0,2.102272166666667
95.41666666666667,1420.0,6.249998333333333
95.58333333333333,1371.0,6.249998333333333
95.66666666666667,1367.0,6.420452833333333
95.83333333333333,1311.0,6.420452833333333
95.91666666666667,1310.0,6.874998166666668
96.0,1310.0,2.9545446666666666
96.0,1383.0,2.9545446666666666
96.08333333333333,1407.0,2.9545446666666666
96.25,1408.0,2.9545446666666666
96.41666666666667,1409.0,6.534089166666668
96.66666666666667,1450.0,6.477271
96.83333333333333,1465.0,6.477271
96.91666666666667,1473.0,5.2840895
97.08333333333333,1479.0,3.5795445000000004
97.16666666666667,1382.0,6.761361833333333
97.33333333333333,1277.0,6.761361833333333
97.33333333333333,1222.0,5.9659075
97.5,1223.0,5.9659075
97.66666666666667,1363.0,6.420452833333333
97.91666666666667,1394.0,6.420452833333333
98.08333333333333,1379.0,6.590907333333333
98.16666666666667,1358.0,6.3068165
98.33333333333333,1409.0,6.3068165
98.41666666666667,1557.0,6.363634666666667
98.58333333333333,1510.0,6.3068165
98.58333333333333,1393.0,6.022725666666667
98.66666666666667,1281.0,6.022725666666667
98.83333333333333,1318.0,6.022725666666667
99.08333333333333,1418.0,6.477271
99.25,1433.0,6.3068165
99.33333333333333,1401.0,6.193180166666667
99.41666666666667,1386.0,3.0113628333333335
99.66666666666667,1376.0,3.2954536666666665
99.75,1450.0,6.3068165
99.75,1580.0,6.3068165
99.91666666666667,1538.0,6.3068165
100.0,1343.0,6.931816333333333
100.16666666666667,1381.0,6.931816333333333
100.33333333333333,1494.0,6.477271
100.5,1559.0,6.420452833333333
100.66666666666667,1376.0,6.420452833333333
100.83333333333333,1158.0,6.420452833333333
100.91666666666667,1121.0,6.534089166666668
100.91666666666667,1174.0,3.2954536666666665
101.0,1238.0,3.2954536666666665
101.08333333333333,1267.0,1.3068178333333333
101.25,1250.0,3.068181
101.5,1250.0,6.477271
101.66666666666667,1269.0,6.363634666666667
101.83333333333333,1343.0,6.363634666666667
101.91666666666667,1501.0,5.795453
102.08333333333333,1555.0,5.795453
102.33333333333333,1455.0,6.136362
102.33333333333333,1311.0,6.136362
102.5,1198.0,6.136362
102.5,1223.0,6.477271
102.58333333333333,1245.0,2.0454540000000003
102.75,1236.0,6.874998166666668
102.91666666666667,1214.0,6.590907333333333
103.08333333333333,1166.0,6.590907333333333
103.16666666666667,1186.0,7.443179833333334
103.33333333333333,1235.0,7.443179833333334
103.33333333333333,1406.0,5.738634833333333
103.5,1577.0,5.738634833333333
103.5,1548.0,5.6249985
103.5,1493.0,5.6249985
103.66666666666667,1479.0,5.6249985
103.75,1466.0,7.329543500000001
103.91666666666667,1337.0,6.988634500000001
104.08333333333333,1267.0,6.590907333333333
104.25,1219.0,6.590907333333333
104.33333333333333,1184.0,7.159089000000001
104.41666666666667,1186.0,6.874998166666668
104.5,1188.0,6.874998166666668
104.58333333333333,1336.0,6.249998333333333
104.83333333333333,1440.0,6.249998333333333
104.83333333333333,1540.0,6.477271
104.91666666666667,1622.0,2.102272166666667
105.08333333333333,1636.0,2.8977265
105.16666666666667,1565.0,5.9659075
105.25,1468.0,5.9659075
105.41666666666667,1378.0,5.738634833333333
105.58333333333333,1326.0,6.363634666666667
105.58333333333333,1274.0,6.534089166666668
105.66666666666667,1195.0,1.5340905
105.66666666666667,1167.0,1.5340905
105.75,1218.0,1.4772723333333333
105.91666666666667,1217.0,3.2386355
106.0,1342.0,5.681816666666667
106.16666666666667,1415.0,5.681816666666667
106.33333333333333,1415.0,8.352270500000001
106.41666666666667,1510.0,4.261362500000001
106.58333333333333,1441.0,6.6477255
106.66666666666667,1388.0,6.6477255
106.75,1360.0,6.704543666666668
106.75,1254.0,6.704543666666668
106.83333333333333,1193.0,1.4772723333333333
106.91666666666667,1165.0,1.4772723333333333
107.08333333333333,1182.0,1.9318176666666669
107.25,1219.0,5.113635
107.41666666666667,1283.0,5.113635
107.58333333333333,1302.0,5.852271166666667
107.75,1302.0,5.511362166666667
107.91666666666667,1333.0,5.511362166666667
107.91666666666667,1379.0,5.738634833333333
108.08333333333333,1398.0,5.738634833333333
108.08333333333333,1389.0,5.568180333333333
108.16666666666667,1397.0,5.568180333333333
108.33333333333333,1357.0,5.795453
108.5,1344.0,5.795453
108.66666666666667,1291.0,5.795453
108.75,1233.0,5.681816666666667
108.83333333333333,1241.0,5.681816666666667
109.0,1405.0,5.9659075
109.16666666666667,1464.0,5.9659075
109.16666666666667,1493.0,5.852271166666667
109.33333333333333,1492.0,5.852271166666667
109.33333333333333,1498.0,5.568180333333333
109.41666666666667,1449.0,5.568180333333333
109.58333333333333,1447.0,5.568180333333333
109.75,1495.0,5.795453
109.91666666666667,1589.0,5.511362166666667
110.0,1578.0,6.022725666666667
110.08333333333333,1541.0,2.8977265
110.25,1534.0,3.352271833333334
110.33333333333333,1545.0,6.6477255
110.33333333333333,1601.0,6.6477255
110.41666666666667,1538.0,6.6477255
110.5,1514.0,6.988634500000001
110.58333333333333,1536.0,6.988634500000001
110.66666666666667,1553.0,7.102270833333333
110.83333333333333,1536.0,7.102270833333333
110.83333333333333,1512.0,5.454544
110.91666666666667,1512.0,1.761363166666667
111.0,1458.0,1.761363166666667
111.08333333333333,1418.0,5.681816666666667
111.16666666666667,1454.0,5.681816666666667
111.33333333333333,1417.0,5.6249985
111.41666666666667,1398.0,5.454544
111.58333333333333,1437.0,5.454544
111.75,1387.0,5.6249985
111.83333333333333,1337.0,5.909089333333333
112.0,1362.0,5.909089333333333
112.0,1440.0,6.136362
112.08333333333333,1614.0,1.761363166666667
112.16666666666667,1585.0,1.761363166666667
112.33333333333333,1576.0,2.0454540000000003
112.5,1602.0,5.170453166666666
112.5,1632.0,5.681816666666667
112.5,1450.0,5.681816666666667
112.5,1371.0,5.681816666666667
112.58333333333333,1310.0,5.681816666666667
112.75,1218.0,5.909089333333333
112.91666666666667,1169.0,5.397725833333334
113.08333333333333,1203.0,5.397725833333334
113.16666666666667,1314.0,5.056816833333333
113.25,1430.0,5.227271333333333
113.41666666666667,1437.0,5.227271333333333
113.58333333333333,1408.0,5.909089333333333
113.58333333333333,1447.0,5.795453
113.66666666666667,1581.0,5.795453
113.75,1683.0,5.2840895
113.75,1632.0,5.2840895
113.83333333333333,1541.0,1.363636
114.0,1448.0,2.670453833333333
114.16666666666667,1454.0,5.397725833333334
114.33333333333333,1453.0,5.397725833333334
114.41666666666667,1443.0,5.2840895
114.5,1463.0,2.8977265
114.58333333333333,1435.0,2.8977265
114.75,1349.0,2.8977265
114.91666666666667,1317.0,5.340907666666666
114.91666666666667,1318.0,5.113635
114.91666666666667,1358.0,5.113635
115.08333333333333,1368.0,5.113635
115.25,1368.0,5.113635
115.41666666666667,1456.0,5.681816666666667
115.58333333333333,1600.0,5.681816666666667
115.58333333333333,1681.0,5.113635
115.75,1712.0,5.113635
115.83333333333333,1557.0,5.227271333333333
116.0,1474.0,5.227271333333333
116.16666666666667,1434.0,5.340907666666666
116.33333333333333,1366.0,5.340907666666666
116.41666666666667,1331.0,5.511362166666667
116.5,1370.0,5.170453166666666
116.58333333333333,1398.0,5.170453166666666
116.75,1399.0,5.170453166666666
116.91666666666667,1369.0,5.170453166666666
117.08333333333333,1493.0,5.170453166666666
117.16666666666667,1562.0,5.227271333333333
117.16666666666667,1510.0,5.227271333333333
117.33333333333333,1437.0,5.227271333333333
117.5,1369.0,5.397725833333334
117.66666666666667,1430.0,5.056816833333333
117.75,1424.0,6.136362
117.83333333333333,1455.0,4.8295441666666665
118.0,1462.0,4.8295441666666665
118.08333333333333,1342.0,4.545453333333334
118.16666666666667,1320.0,2.4999993333333332
118.25,1320.0,4.7727260000000005
118.41666666666667,1318.0,4.7727260000000005
118.58333333333333,1375.0,4.8863623333333335
118.66666666666667,1508.0,4.261362500000001
118.66666666666667,1580.0,2.727272
118.83333333333333,1585.0,2.727272
119.0,1598.0,5.227271333333333
119.08333333333333,1545.0,4.431817000000001
119.16666666666667,1477.0,4.8295441666666665
119.33333333333333,1366.0,4.8295441666666665
119.41666666666667,1223.0,5.909089333333333
119.5,1187.0,2.4999993333333332
119.58333333333333,1284.0,5.681816666666667
119.75,1343.0,5.397725833333334
119.91666666666667,1329.0,5.397725833333334
120.08333333333333,1341.0,4.9431805
120.16666666666667,1530.0,5.227271333333333
120.33333333333333,1664.0,5.227271333333333
120.5,1664.0,5.227271333333333
120.58333333333333,1664.0,5.056816833333333
120.58333333333333,1576.0,5.056816833333333
120.66666666666667,1470.0,5.056816833333333
120.66666666666667,1434.0,1.1363633333333334
120.66666666666667,1505.0,1.1363633333333334
120.83333333333333,1541.0,1.1931815000000001
121.0,1475.0,4.659089666666667
121.08333333333333,1450.0,5.681816666666667
121.16666666666667,1521.0,5.681816666666667
121.25,1552.0,5.056816833333333
121.25,1542.0,5.056816833333333
121.33333333333333,1535.0,1.5909086666666667
121.5,1572.0,2.1590903333333333
121.5,1582.0,5.511362166666667
121.66666666666667,1522.0,5.511362166666667
121.66666666666667,1510.0,4.8295441666666665
121.66666666666667,1585.0,4.8295441666666665
121.66666666666667,1571.0,4.8295441666666665
121.75,1540.0,4.8295441666666665
121.91666666666667,1543.0,4.8295441666666665
122.08333333333333,1536.0,4.8295441666666665
122.16666666666667,1542.0,4.374998833333334
122.25,1575.0,4.659089666666667
122.33333333333333,1612.0,2.102272166666667
122.41666666666667,1605.0,4.7159078333333335
122.58333333333333,1677.0,4.7159078333333335
122.66666666666667,1696.0,3.8636353333333338
122.66666666666667,1746.0,4.318180666666667
122.66666666666667,1734.0,4.318180666666667
122.83333333333333,1655.0,4.318180666666667
122.91666666666667,1635.0,4.9431805
122.91666666666667,1603.0,2.272726666666667
123.08333333333333,1509.0,2.272726666666667
123.16666666666667,1505.0,4.318180666666667
123.33333333333333,1447.0,4.318180666666667
123.41666666666667,1346.0,4.545453333333334
123.58333333333333,1314.0,4.261362500000001
123.66666666666667,1345.0,4.261362500000001
123.83333333333333,1353.0,4.261362500000001
123.91666666666667,1396.0,3.9772716666666668
124.08333333333333,1504.0,3.9772716666666668
124.08333333333333,1573.0,3.693180833333334
124.16666666666667,1573.0,2.2159085000000003
124.16666666666667,1590.0,2.2159085000000003
124.33333333333333,1577.0,2.2159085000000003
124.33333333333333,1568.0,3.9204535000000003
124.5,1628.0,3.9204535000000003
124.58333333333333,1725.0,3.9204535000000003
124.75,1820.0,3.9204535000000003
124.83333333333333,1837.0,4.261362500000001
125.0,1821.0,4.374998833333334
125.0,1762.0,4.034089833333334
125.16666666666667,1737.0,4.034089833333334
125.25,1735.0,3.9204535000000003
125.41666666666667,1701.0,3.9204535000000003
125.5,1603.0,4.204544333333334
125.58333333333333,1496.0,3.9772716666666668
125.58333333333333,1475.0,3.9772716666666668
125.66666666666667,1502.0,1.3068178333333333
125.75,1591.0,1.3068178333333333
125.75,1699.0,2.1590903333333333
125.83333333333333,1694.0,2.1590903333333333
125.91666666666667,1719.0,1.2499996666666666
126.08333333333333,1725.0,4.034089833333334
126.16666666666667,1766.0,4.090908000000001
126.25,1858.0,3.9204535000000003
126.41666666666667,1806.0,3.9204535000000003
126.41666666666667,1804.0,4.034089833333334
126.58333333333333,1649.0,4.034089833333334
126.66666666666667,1598.0,3.693180833333334
126.75,1621.0,4.8863623333333335
126.91666666666667,1625.0,3.7499990000000003
126.91666666666667,1604.0,3.5795445000000004
127.08333333333333,1636.0,3.5795445000000004
127.16666666666667,1644.0,4.261362500000001
127.25,1680.0,3.636362666666667
127.41666666666667,1725.0,3.636362666666667
127.41666666666667,1722.0,3.4659081666666665
127.5,1702.0,1.9886358333333334
127.66666666666667,1705.0,3.1818173333333335
127.75,1799.0,4.318180666666667
127.83333333333333,1798.0,3.8636353333333338
128.0,1897.0,3.8636353333333338
128.08333333333334,1889.0,4.147726166666667
128.08333333333334,1889.0,3.636362666666667
128.16666666666666,1910.0,1.9886358333333334
128.33333333333334,1949.0,3.1249991666666666
128.41666666666666,1919.0,4.034089833333334
128.41666666666666,1955.0,4.034089833333334
128.58333333333334,1829.0,4.034089833333334
128.66666666666666,1752.0,3.806817166666667
128.66666666666666,1693.0,3.4659081666666665
128.66666666666666,1679.0,3.4659081666666665
128.75,1727.0,1.1931815000000001
128.75,1699.0,1.1931815000000001
128.83333333333334,1646.0,1.1931815000000001
128.91666666666666,1647.0,3.4659081666666665
129.0,1714.0,3.636362666666667
129.08333333333334,1819.0,3.2386355
129.25,1848.0,3.2386355
129.33333333333334,1843.0,3.9772716666666668
129.33333333333334,1834.0,3.1818173333333335
129.41666666666666,1878.0,1.704545
129.5,1786.0,2.8977265
129.66666666666666,1751.0,2.8977265
129.75,1661.0,3.40909
129.83333333333334,1516.0,2.9545446666666666
129.91666666666666,1367.0,3.0113628333333335
130.0,1062.0,3.2386355
130.08333333333334,627.0,3.0113628333333335
130.08333333333334,239.0,3.0113628333333335
130.16666666666666,50.0,1.4772723333333333
130.25,0.0,3.1818173333333335
130.33333333333334,0.0,3.1818173333333335
130.33333333333334,0.0,2.272726666666667
130.41666666666666,0.0,2.272726666666667
130.5,0.0,1.363636
130.58333333333334,0.0,2.8977265
130.66666666666666,0.0,2.8977265
130.75,0.0,2.3863630000000002
130.75,0.0,2.4431811666666667
130.83333333333334,0.0,1.9886358333333334
130.91666666666666,0.0,1.9886358333333334
130.91666666666666,0.0,2.1590903333333333
131.0,0.0,1.9886358333333334
131.08333333333334,0.0,2.0454540000000003
131.08333333333334,0.0,2.0454540000000003
131.08333333333334,0.0,2.0454540000000003
131.16666666666666,0.0,2.0454540000000003
131.16666666666666,0.0,0.7954543333333334
131.25,84.0,0.7954543333333334
131.25,996.0,1.761363166666667
131.33333333333334,2172.0,1.761363166666667
131.33333333333334,1974.0,1.4204541666666668
131.33333333333334,1473.0,1.4204541666666668
131.33333333333334,1362.0,1.4204541666666668
131.33333333333334,1716.0,1.4204541666666668
131.41666666666666,2259.0,1.4204541666666668
131.41666666666666,2272.0,0.5681816666666667
131.5,2131.0,1.6477268333333333
131.58333333333334,2051.0,1.6477268333333333
131.58333333333334,2110.0,1.704545
131.58333333333334,2277.0,1.704545
131.58333333333334,2352.0,1.704545
131.66666666666666,2313.0,1.704545
131.66666666666666,2211.0,0.7954543333333334
131.75,1883.0,1.9318176666666669
131.75,1720.0,1.9318176666666669
131.75,1674.0,1.9318176666666669
131.83333333333334,1729.0,1.9318176666666669
131.83333333333334,1963.0,0.7954543333333334
131.91666666666666,2182.0,1.4772723333333333
132.0,2182.0,1.4772723333333333
132.0,2304.0,1.9886358333333334
132.08333333333334,2526.0,1.9886358333333334
132.08333333333334,2673.0,1.6477268333333333
132.16666666666666,2667.0,1.761363166666667
132.16666666666666,2586.0,1.761363166666667
132.25,2542.0,1.363636
132.25,2530.0,1.363636
132.25,2322.0,1.363636
132.33333333333334,2163.0,0.9090906666666667
132.33333333333334,2076.0,0.9090906666666667
132.33333333333334,2018.0,0.9090906666666667
132.41666666666666,2020.0,0.9090906666666667
132.41666666666666,1914.0,0.8522725
132.5,1913.0,0.8522725
132.5,2218.0,1.6477268333333333
132.58333333333334,2327.0,1.5909086666666667
132.58333333333334,2324.0,1.5909086666666667
132.66666666666666,2324.0,1.4204541666666668
132.66666666666666,2336.0,1.4204541666666668
132.66666666666666,2249.0,1.4204541666666668
132.75,2320.0,1.4204541666666668
132.75,2344.0,0.8522725
132.75,2290.0,0.8522725
132.75,2277.0,0.8522725
132.83333333333334,2227.0,0.7386361666666666
132.83333333333334,2099.0,0.7386361666666666
132.91666666666666,2085.0,1.761363166666667
132.91666666666666,2098.0,1.761363166666667
132.91666666666666,2105.0,1.761363166666667
133.0,2136.0,1.761363166666667
133.0,2082.0,0.7386361666666666
133.08333333333334,2094.0,0.7386361666666666
133.08333333333334,2124.0,1.704545
133.08333333333334,2104.0,1.704545
133.08333333333334,2137.0,1.704545
133.16666666666666,2134.0,1.704545
133.16666666666666,2123.0,0.7386361666666666
133.25,2175.0,0.7386361666666666
133.25,2209.0,1.3068178333333333
133.33333333333334,2249.0,1.3068178333333333
133.33333333333334,2285.0,1.6477268333333333
133.41666666666666,2286.0,1.4772723333333333
133.41666666666666,2301.0,1.4772723333333333
133.41666666666666,2287.0,1.4772723333333333
133.5,2256.0,1.0795451666666667
133.58333333333334,2191.0,1.0795451666666667
133.58333333333334,2112.0,1.704545
133.66666666666666,2170.0,1.704545
133.66666666666666,2193.0,1.4204541666666668
133.75,2139.0,1.4204541666666668
133.75,2114.0,1.363636
133.75,2117.0,1.363636
133.75,2082.0,1.363636
133.83333333333334,2080.0,1.363636
133.83333333333334,2086.0,0.681818
133.83333333333334,2071.0,0.681818
133.91666666666666,1903.0,1.363636
133.91666666666666,1909.0,1.363636
133.91666666666666,1956.0,1.363636
133.91666666666666,1956.0,1.363636
134.0,1869.0,1.363636
134.0,1838.0,0.5681816666666667
134.08333333333334,1895.0,0.5681816666666667
134.08333333333334,1947.0,1.5909086666666667
134.08333333333334,1966.0,1.5909086666666667
134.16666666666666,2022.0,1.1931815000000001
134.16666666666666,2034.0,1.1931815000000001
134.16666666666666,2114.0,1.1931815000000001
134.16666666666666,2185.0,1.1931815000000001
134.25,2091.0,1.1931815000000001
134.25,2063.0,0.5681816666666667
134.25,2147.0,0.5681816666666667
134.33333333333334,2188.0,1.363636
134.33333333333334,2197.0,1.363636
134.41666666666666,2229.0,1.1931815000000001
134.41666666666666,2227.0,1.1931815000000001
134.41666666666666,2259.0,1.1931815000000001
134.5,2253.0,1.0795451666666667
134.5,2292.0,1.0795451666666667
134.58333333333334,2356.0,1.4204541666666668
134.58333333333334,2389.0,1.4204541666666668
134.58333333333334,2378.0,1.4204541666666668
134.66666666666666,2254.0,0.9659088333333334
134.66666666666666,2288.0,0.9659088333333334
134.75,2288.0,0.9659088333333334
134.75,2275.0,1.0227270000000002
134.75,2296.0,1.0227270000000002
134.83333333333334,2297.0,1.1931815000000001
134.83333333333334,2320.0,1.1931815000000001
134.91666666666666,2312.0,1.1931815000000001
134.91666666666666,2284.0,1.0795451666666667
134.91666666666666,2254.0,1.0795451666666667
135.0,2291.0,1.0795451666666667
135.0,2310.0,1.0227270000000002
135.0,2282.0,1.0227270000000002
135.08333333333334,2241.0,1.0227270000000002
135.08333333333334,2230.0,0.8522725
135.08333333333334,2246.0,0.8522725
135.08333333333334,2246.0,0.8522725
135.16666666666666,2245.0,0.8522725
135.16666666666666,2265.0,0.8522725
135.16666666666666,2212.0,0.8522725
135.16666666666666,2212.0,0.8522725
135.25,2116.0,0.7386361666666666
135.25,2199.0,0.7386361666666666
135.25,2305.0,0.7386361666666666
135.25,2237.0,0.7386361666666666
135.33333333333334,2158.0,0.7386361666666666
135.33333333333334,2135.0,0.6249998333333333
135.33333333333334,2134.0,0.6249998333333333
135.33333333333334,2105.0,0.6249998333333333
135.41666666666666,2045.0,0.6249998333333333
135.41666666666666,2048.0,0.6249998333333333
135.41666666666666,2047.0,0.6249998333333333
135.41666666666666,2051.0,0.6249998333333333
135.41666666666666,2041.0,0.6249998333333333
135.41666666666666,2038.0,0.6249998333333333
135.41666666666666,2098.0,0.6249998333333333
135.5,2167.0,0.45454533333333336
135.5,1983.0,0.45454533333333336
135.5,1972.0,0.45454533333333336
135.5,2035.0,0.45454533333333336
135.5,2075.0,0.45454533333333336
135.5,1928.0,0.45454533333333336
135.5,1910.0,0.45454533333333336
135.58333333333334,1923.0,0.45454533333333336
135.58333333333334,1846.0,0.3977271666666667
135.58333333333334,1881.0,0.3977271666666667
135.58333333333334,1933.0,0.3977271666666667
135.58333333333334,1964.0,0.3977271666666667
135.58333333333334,1958.0,0.3977271666666667
135.58333333333334,1930.0,0.3977271666666667
135.58333333333334,1902.0,0.3977271666666667
135.58333333333334,1881.0,0.3977271666666667
135.58333333333334,1888.0,0.3977271666666667
135.58333333333334,1848.0,0.3977271666666667
135.58333333333334,1818.0,0.3977271666666667
135.58333333333334,1779.0,0.3977271666666667
135.58333333333334,1751.0,0.3977271666666667
135.58333333333334,1765.0,0.3977271666666667
135.58333333333334,1787.0,0.3977271666666667
135.58333333333334,1798.0,0.3977271666666667
135.58333333333334,1796.0,0.3977271666666667
135.58333333333334,1784.0,0.3977271666666667
135.58333333333334,1776.0,0.3977271666666667
135.58333333333334,1776.0,0.3977271666666667
135.58333333333334,1654.0,0.3977271666666667
135.58333333333334,1581.0,0.3977271666666667
135.58333333333334,1523.0,0.3977271666666667
135.58333333333334,1544.0,0.3977271666666667
135.58333333333334,1599.0,0.3977271666666667
135.58333333333334,1582.0,0.3977271666666667
135.58333333333334,1554.0,0.3977271666666667
135.58333333333334,1502.0,0.3977271666666667
135.58333333333334,1453.0,0.3977271666666667
135.58333333333334,1438.0,0.3977271666666667
135.58333333333334,1452.0,0.3977271666666667
135.58333333333334,1415.0,0.3977271666666667
135.58333333333334,1346.0,0.3977271666666667
135.58333333333334,1265.0,0.3977271666666667
135.58333333333334,1124.0,0.3977271666666667
135.58333333333334,814.0,0.3977271666666667
135.58333333333334,444.0,0.3977271666666667
135.58333333333334,168.0,0.3977271666666667
135.58333333333334,0.0,0.3977271666666667
135.58333333333334,0.0,0.3977271666666667
135.58333333333334,0.0,0.3977271666666667
135.58333333333334,0.0,0.3977271666666667
135.58333333333334,0.0,0.3977271666666667
135.58333333333334,0.0,0.3977271666666667
135.58333333333334,0.0,0.3977271666666667
135.58333333333334,0.0,0.3977271666666667
135.58333333333334,0.0,0.3977271666666667
135.58333333333334,0.0,0.3977271666666667
135.58333333333334,0.0,0.3977271666666667
135.58333333333334,0.0,0.3977271666666667
135.58333333333334,0.0,0.3977271666666667
135.58333333333334,0.0,0.3977271666666667
135.58333333333334,0.0,0.3977271666666667
135.58333333333334,0.0,0.3977271666666667
135.58333333333334,0.0,0.3977271666666667
135.58333333333334,0.0,0.0
135.58333333333334,0.0,0.0
135.58333333333334,0.0,0.0
135.58333333333334,1.0,0.0
135.58333333333334,0.0,0.0
135.58333333333334,0.0,0.0
135.58333333333334,0.0,0.0
135.58333333333334,0.0,0.0
135.58333333333334,0.0,0.0
135.58333333333334,0.0,0.0
135.58333333333334,0.0,0.0
135.58333333333334,0.0,0.0
135.58333333333334,0.0,0.0
135.58333333333334,0.0,0.0
135.58333333333334,0.0,0.0
135.58333333333334,0.0,0.0
135.58333333333334,0.0,0.0
135.58333333333334,0.0,0.0
135.58333333333334,0.0,0.0
135.58333333333334,0.0,0.0
135.58333333333334,1.0,0.0
135.58333333333334,0.0,0.0
135.58333333333334,0.0,0.0
135.58333333333334,0.0,0.0
135.58333333333334,0.0,0.0
135.58333333333334,0.0,0.0
135.58333333333334,0.0,0.0
135.58333333333334,0.0,0.0
135.58333333333334,0.0,0.0
135.58333333333334,1.0,0.0
135.58333333333334,0.0,0.0
135.58333333333334,0.0,0.0
135.58333333333334,0.0,0.0
135.58333333333334,1.0,0.0
135.58333333333334,0.0,0.0
135.58333333333334,0.0,0.0
135.58333333333334,0.0,0.0
135.58333333333334,0.0,0.0
