0.0,0.0,0.0
0.0,0.0,0.0
0.0,0.0,0.0
0.0,0.0,0.0
0.0,0.0,0.0
0.0,0.0,0.0
0.0,0.0,0.0
0.0,1.0,0.0
0.0,0.0,0.0
0.0,0.0,0.0
0.0,0.0,0.0
0.0,0.0,0.0
0.0,0.0,0.0
0.0,0.0,0.0
0.0,0.0,0.0
0.0,0.0,0.0
0.0,0.0,0.0
0.0,0.0,0.0
0.0,0.0,0.0
0.0,0.0,0.0
0.0,0.0,0.0
0.0,0.0,0.0
0.0,0.0,0.0
0.0,0.0,0.0
0.0,0.0,0.0
0.0,0.0,0.0
0.0,0.0,0.0
0.0,0.0,0.0
0.0,0.0,0.0
0.0,0.0,0.0
0.0,0.0,0.0
0.0,0.0,0.0
0.0,0.0,0.0
0.0,0.0,0.0
0.0,0.0,0.0
0.0,0.0,0.0
0.0,0.0,0.0
0.0,0.0,0.0
0.0,0.0,0.0
0.0,0.0,0.0
0.0,0.0,0.0
0.0,0.0,0.0
0.0,0.0,0.0
0.0,0.0,0.0
0.0,0.0,0.0
0.0,0.0,0.0
0.0,0.0,0.0
0.0,0.0,0.0
0.0,0.0,0.0
0.0,0.0,0.0
0.0,0.0,0.0
0.0,0.0,0.0
0.0,1.0,0.0
0.0,0.0,0.0
0.0,0.0,0.0
0.0,0.0,0.0
0.0,0.0,0.0
0.0,0.0,0.0
0.0,0.0,0.0
0.0,1.0,0.0
0.0,0.0,0.0
0.0,1.0,0.0
0.0,0.0,0.0
0.0,0.0,0.0
0.0,0.0,0.0
0.0,0.0,0.0
0.0,0.0,0.0
0.0,0.0,0.0
0.0,0.0,0.0
0.0,0.0,0.0
0.0,0.0,0.0
0.0,0.0,0.0
0.0,0.0,0.0
0.0,0.0,0.0
0.0,0.0,0.0
0.0,0.0,0.0
0.0,0.0,0.0
0.0,0.0,0.0
0.0,0.0,0.0
0.0,0.0,0.0
0.0,0.0,0.0
0.0,0.0,0.0
0.0,0.0,0.0
0.0,0.0,0.0
0.0,0.0,0.0
0.0,1.0,0.0
0.0,1.0,0.0
0.0,0.0,0.0
0.0,0.0,0.0
0.0,0.0,0.0
0.0,0.0,0.0
0.0,0.0,0.0
0.0,0.0,0.0
0.0,0.0,0.0
0.0,0.0,0.0
0.0,0.0,0.0
0.0,0.0,0.0
0.0,0.0,0.0
0.0,0.0,0.0
0.0,1.0,0.0
0.0,0.0,0.0
0.0,0.0,0.0
0.0,0.0,0.0
0.0,0.0,0.0
0.0,0.0,0.0
0.0,0.0,0.0
0.0,0.0,0.0
0.0,1.0,0.0
0.0,0.0,0.0
0.0,1.0,0.0
0.0,0.0,0.0
0.0,0.0,0.0
0.0,0.0,0.0
0.0,0.0,0.0
0.0,0.0,0.0
0.0,0.0,0.0
0.0,0.0,0.0
0.0,0.0,0.0
0.0,0.0,0.0
0.0,0.0,0.0
0.0,0.0,0.0
0.0,0.0,0.0
0.0,0.0,0.0
0.0,0.0,0.0
0.0,0.0,0.0
0.0,0.0,0.0
0.0,0.0,0.0
0.0,0.0,0.0
0.0,0.0,0.0
0.0,0.0,0.0
0.0,0.0,0.0
0.0,0.0,0.0
0.0,0.0,0.0
0.0,0.0,0.0
0.0,0.0,0.0
0.0,1.0,0.0
0.0,0.0,0.0
0.0,0.0,0.0
0.0,0.0,0.0
0.0,0.0,0.0
0.0,0.0,0.0
0.0,0.0,0.0
0.0,0.0,0.0
0.0,0.0,0.0
0.0,0.0,0.0
0.0,0.0,0.0
0.0,0.0,0.0
0.0,0.0,0.0
0.0,0.0,0.0
0.0,0.0,0.0
0.0,0.0,0.0
0.0,0.0,0.0
0.0,0.0,0.0
0.0,0.0,0.0
0.0,0.0,0.0
0.0,0.0,0.0
0.0,0.0,0.0
0.0,0.0,0.0
0.0,0.0,0.0
0.0,0.0,0.0
0.0,0.0,0.0
0.0,0.0,0.0
0.0,0.0,0.0
0.0,0.0,0.0
0.0,0.0,0.0
0.0,0.0,0.0
0.0,0.0,0.0
0.0,0.0,0.0
0.0,1.0,0.0
0.0,0.0,0.0
0.0,0.0,0.0
0.0,0.0,0.0
0.0,0.0,0.0
0.0,0.0,0.0
0.0,0.0,0.0
0.0,0.0,0.0
0.0,0.0,0.0
0.0,0.0,0.0
0.0,0.0,0.0
0.0,0.0,0.0
0.0,0.0,0.0
0.0,0.0,0.0
0.0,0.0,0.0
0.0,0.0,0.0
0.0,0.0,0.0
0.0,0.0,0.0
0.0,0.0,0.0
0.0,0.0,0.0
0.0,0.0,0.0
0.0,1.0,0.0
0.0,0.0,0.0
0.0,0.0,0.0
0.0,0.0,0.0
0.0,0.0,0.0
0.0,1.0,0.0
0.0,0.0,0.0
0.0,0.0,0.0
0.0,0.0,0.0
0.0,0.0,0.0
0.0,0.0,0.0
0.0,0.0,0.0
0.0,0.0,0.0
0.0,0.0,0.0
0.0,0.0,0.0
0.0,0.0,0.0
0.0,1.0,0.0
0.0,0.0,0.0
0.0,0.0,0.0
0.0,0.0,0.0
0.0,0.0,0.0
0.0,0.0,0.0
0.0,0.0,0.0
0.0,0.0,0.0
0.0,0.0,0.0
0.0,0.0,0.0
0.0,0.0,0.0
0.0,0.0,0.0
0.0,0.0,0.0
0.0,1.0,0.0
0.0,0.0,0.0
0.0,0.0,0.0
0.0,0.0,0.0
0.0,0.0,0.0
0.0,0.0,0.0
0.0,0.0,0.0
0.0,0.0,0.0
0.0,0.0,0.0
0.0,0.0,0.0
0.0,0.0,0.0
0.0,1.0,0.0
0.0,0.0,0.0
0.0,0.0,0.0
0.0,1.0,0.0
0.0,0.0,0.0
0.0,0.0,0.0
0.0,0.0,0.0
0.0,0.0,0.0
0.0,0.0,0.0
0.0,0.0,0.0
0.0,0.0,0.0
0.0,0.0,0.0
0.0,0.0,0.0
0.0,0.0,0.0
0.0,0.0,0.0
0.0,0.0,0.0
0.0,0.0,0.0
0.0,0.0,0.0
0.0,0.0,0.0
0.0,0.0,0.0
0.0,0.0,0.0
0.0,0.0,0.0
0.0,0.0,0.0
0.0,0.0,0.0
0.0,0.0,0.0
0.0,0.0,0.0
0.0,0.0,0.0
0.0,0.0,0.0
0.0,1.0,0.0
0.0,0.0,0.0
0.0,0.0,0.0
0.0,1.0,0.0
0.0,0.0,0.0
0.0,0.0,0.0
0.0,0.0,0.0
0.0,0.0,0.0
0.0,0.0,0.0
0.0,0.0,0.0
0.0,0.0,0.0
0.0,0.0,0.0
0.0,0.0,0.0
0.0,0.0,0.0
0.0,0.0,0.0
0.0,0.0,0.0
0.0,0.0,0.0
0.0,0.0,0.0
0.0,1.0,0.0
0.0,0.0,0.0
0.0,0.0,0.0
0.0,0.0,0.0
0.0,0.0,0.0
0.0,0.0,0.0
0.0,0.0,0.0
0.0,0.0,0.0
0.0,0.0,0.0
0.0,0.0,0.0
0.0,0.0,0.0
0.0,0.0,0.0
0.0,0.0,0.0
0.0,0.0,0.0
0.0,0.0,0.0
0.0,0.0,0.0
0.0,1.0,0.0
0.0,0.0,0.0
0.0,0.0,0.0
0.0,0.0,0.0
0.0,1.0,0.0
0.0,0.0,0.0
0.0,0.0,0.0
0.0,0.0,0.0
0.0,0.0,0.0
0.0,0.0,0.0
0.0,0.0,0.0
0.0,0.0,0.0
0.0,0.0,0.0
0.0,0.0,0.0
0.0,0.0,0.0
0.0,0.0,0.0
0.0,0.0,0.0
0.0,0.0,0.0
0.0,1.0,0.0
0.0,0.0,0.0
0.0,0.0,0.0
0.0,0.0,0.0
0.0,0.0,0.0
0.0,0.0,0.0
0.0,1.0,0.0
0.0,0.0,0.0
0.0,27.0,0.0
0.0,279.0,0.0
0.0,697.0,0.0
0.0,836.0,0.0
0.0,682.0,0.0
0.0,462.0,0.0
0.0,200.0,0.0
0.0,104.0,0.0
0.0,71.0,0.0
0.0,68.0,0.0
0.0,104.0,0.0
0.0,133.0,0.0
0.0,120.0,0.0
0.0,92.0,0.0
0.0,75.0,0.0
0.0,58.0,0.0
0.0,47.0,0.0
0.0,43.0,0.0
0.0,49.0,0.0
0.0,66.0,0.0
0.0,81.0,0.0
0.0,88.0,0.0
0.0,91.0,0.0
0.0,98.0,0.0
0.0,169.0,0.0
0.0,169.0,0.0
0.0,225.0,0.0
0.0,287.0,0.0
0.0,338.0,0.0
0.0,371.0,0.0
0.0,371.0,0.0
0.0,340.0,0.0
0.0,321.0,0.0
0.0,317.0,0.0
0.0,332.0,0.0
0.0,346.0,0.0
0.0,351.0,0.0
0.0,346.0,0.0
0.0,335.0,0.0
0.0,344.0,0.0
0.0,356.0,0.0
0.0,363.0,0.0
0.0,371.0,0.0
0.0,393.0,0.0
0.0,393.0,0.0
0.0,495.0,0.0
0.0,607.0,0.0
0.0,822.0,0.0
0.0,946.0,0.0
0.0,1065.0,0.0
0.0,1186.0,0.0
0.0,1349.0,0.0
0.0,1411.0,0.0
0.0,1407.0,0.0
0.0,1371.0,0.0
0.0,1322.0,0.0
0.0,1304.0,0.0
0.0,1315.0,0.0
0.0,1316.0,0.0
0.0,1326.0,0.0
0.0,1270.0,0.0
0.0,1229.0,0.0
0.08333333333333333,1205.0,0.0
0.08333333333333333,1203.0,0.0
0.08333333333333333,1227.0,0.0
0.08333333333333333,1185.0,0.0
0.08333333333333333,1097.0,0.0
0.16666666666666666,1097.0,0.0
0.16666666666666666,984.0,0.0
0.16666666666666666,849.0,0.0
0.16666666666666666,738.0,0.0
0.16666666666666666,760.0,0.0
0.16666666666666666,795.0,0.0
0.16666666666666666,794.0,0.0
0.16666666666666666,831.0,0.0
0.25,814.0,0.0
0.25,792.0,0.340909
0.25,780.0,0.340909
0.25,830.0,0.340909
0.25,951.0,0.340909
0.25,988.0,0.340909
0.25,997.0,0.340909
0.25,986.0,0.340909
0.3333333333333333,927.0,0.340909
0.3333333333333333,933.0,0.340909
0.3333333333333333,958.0,0.340909
0.3333333333333333,989.0,0.340909
0.3333333333333333,1044.0,0.340909
0.3333333333333333,1147.0,0.340909
0.4166666666666667,1209.0,0.340909
0.4166666666666667,1263.0,0.45454533333333336
0.4166666666666667,1300.0,0.45454533333333336
0.4166666666666667,1292.0,0.45454533333333336
0.4166666666666667,1295.0,0.45454533333333336
0.4166666666666667,1314.0,0.45454533333333336
0.5,1339.0,0.45454533333333336
0.5,1416.0,0.5113635000000001
0.5,1463.0,0.5113635000000001
0.5,1475.0,0.5113635000000001
0.5,1470.0,0.5113635000000001
0.5833333333333334,1458.0,0.6249998333333333
0.5833333333333334,1479.0,0.6249998333333333
0.5833333333333334,1520.0,0.6249998333333333
0.5833333333333334,1644.0,0.6249998333333333
0.6666666666666666,1719.0,0.6249998333333333
0.6666666666666666,1705.0,0.681818
0.6666666666666666,1670.0,0.681818
0.6666666666666666,1640.0,0.681818
0.75,1610.0,0.7386361666666666
0.75,1630.0,0.7386361666666666
0.75,1630.0,0.7386361666666666
0.8333333333333334,1674.0,0.7386361666666666
0.8333333333333334,1675.0,0.8522725
0.8333333333333334,1655.0,0.8522725
0.9166666666666666,1654.0,0.8522725
0.9166666666666666,1671.0,0.9090906666666667
0.9166666666666666,1704.0,0.9090906666666667
1.0,1725.0,0.9090906666666667
1.0,1739.0,0.9659088333333334
1.0,1718.0,0.9659088333333334
1.0833333333333333,1763.0,1.0795451666666667
1.0833333333333333,1850.0,1.0795451666666667
1.1666666666666667,1899.0,1.0795451666666667
1.1666666666666667,1853.0,1.1363633333333334
1.1666666666666667,1789.0,1.1363633333333334
1.25,1793.0,1.1363633333333334
1.25,1825.0,1.1363633333333334
1.3333333333333333,1873.0,1.1363633333333334
1.3333333333333333,1984.0,1.2499996666666666
1.4166666666666667,1993.0,1.2499996666666666
1.4166666666666667,2034.0,1.3068178333333333
1.5,2062.0,1.3068178333333333
1.5,2196.0,1.363636
1.5833333333333333,2260.0,1.363636
1.5833333333333333,2171.0,1.4204541666666668
1.6666666666666667,2016.0,1.4204541666666668
1.6666666666666667,1917.0,1.4204541666666668
1.75,2046.0,1.4204541666666668
1.75,2146.0,1.5340905
1.8333333333333333,2167.0,1.5340905
1.8333333333333333,2133.0,1.5340905
1.9166666666666667,2181.0,1.5340905
1.9166666666666667,2256.0,1.4772723333333333
2.0,2255.0,1.761363166666667
2.0833333333333335,2277.0,1.761363166666667
2.0833333333333335,2326.0,1.6477268333333333
2.1666666666666665,2425.0,1.8181813333333334
2.1666666666666665,2450.0,1.8181813333333334
2.25,2386.0,1.8181813333333334
2.3333333333333335,2259.0,1.8181813333333334
2.4166666666666665,2071.0,1.8749995000000002
2.4166666666666665,2073.0,2.0454540000000003
2.5,2108.0,2.102272166666667
2.5833333333333335,2108.0,2.102272166666667
2.6666666666666665,2124.0,2.1590903333333333
2.6666666666666665,2135.0,2.102272166666667
2.75,2159.0,2.0454540000000003
2.8333333333333335,2182.0,2.0454540000000003
2.9166666666666665,2182.0,2.4999993333333332
3.0,2141.0,2.3863630000000002
3.0,2088.0,2.3863630000000002
3.0833333333333335,2049.0,2.3863630000000002
3.1666666666666665,2034.0,2.4999993333333332
3.25,2058.0,2.670453833333333
3.3333333333333335,2225.0,2.3863630000000002
3.4166666666666665,2358.0,2.8977265
3.5,2397.0,2.8977265
3.5833333333333335,2343.0,2.5568175
3.6666666666666665,2280.0,2.8409083333333336
3.6666666666666665,2327.0,2.3295448333333333
3.75,2364.0,2.3295448333333333
3.8333333333333335,2341.0,1.5909086666666667
3.8333333333333335,2327.0,2.8977265
3.8333333333333335,2176.0,2.8977265
3.8333333333333335,2208.0,2.8977265
3.9166666666666665,2249.0,0.7386361666666666
4.0,2246.0,3.693180833333334
4.083333333333333,2169.0,3.2386355
4.25,2185.0,3.2386355
4.333333333333333,2221.0,3.2954536666666665
4.416666666666667,2201.0,3.636362666666667
4.5,2118.0,3.8636353333333338
4.583333333333333,2036.0,3.068181
4.666666666666667,2041.0,4.374998833333334
4.75,2034.0,4.374998833333334
4.833333333333333,2012.0,3.693180833333334
4.916666666666667,2015.0,2.7840901666666666
4.916666666666667,1996.0,2.7840901666666666
5.083333333333333,1970.0,2.7840901666666666
5.166666666666667,1950.0,4.7727260000000005
5.333333333333333,1940.0,3.806817166666667
5.416666666666667,1922.0,3.693180833333334
5.5,1835.0,3.806817166666667
5.583333333333333,1756.0,3.693180833333334
5.583333333333333,1692.0,3.693180833333334
5.666666666666667,1692.0,1.3068178333333333
5.833333333333333,1627.0,3.7499990000000003
5.916666666666667,1590.0,4.374998833333334
6.083333333333333,1520.0,4.261362500000001
6.166666666666667,1441.0,3.9772716666666668
6.166666666666667,1399.0,4.034089833333334
6.25,1366.0,4.034089833333334
6.333333333333333,1364.0,1.2499996666666666
6.5,1432.0,4.090908000000001
6.583333333333333,1567.0,5.681816666666667
6.666666666666667,1685.0,3.806817166666667
6.666666666666667,1743.0,3.806817166666667
6.75,1779.0,1.363636
6.75,1770.0,1.363636
6.75,1711.0,1.363636
6.833333333333333,1609.0,1.363636
7.0,1541.0,1.363636
7.083333333333333,1499.0,4.204544333333334
7.25,1453.0,4.204544333333334
7.333333333333333,1423.0,4.318180666666667
7.416666666666667,1395.0,4.147726166666667
7.5,1430.0,4.8295441666666665
7.583333333333333,1526.0,4.8295441666666665
7.666666666666667,1600.0,2.102272166666667
7.666666666666667,1589.0,2.3863630000000002
7.75,1579.0,2.102272166666667
7.833333333333333,1566.0,2.4999993333333332
7.916666666666667,1512.0,4.7159078333333335
7.916666666666667,1406.0,4.7159078333333335
8.0,1351.0,4.7159078333333335
8.166666666666666,1402.0,4.7159078333333335
8.166666666666666,1528.0,5.170453166666666
8.333333333333334,1599.0,5.170453166666666
8.5,1602.0,5.113635
8.666666666666666,1493.0,5.113635
8.833333333333334,1517.0,5.113635
8.916666666666666,1685.0,5.454544
9.0,1646.0,4.8295441666666665
9.0,1533.0,2.2159085000000003
9.0,1495.0,2.2159085000000003
9.083333333333334,1572.0,2.2159085000000003
9.25,1595.0,5.056816833333333
9.333333333333334,1547.0,5.056816833333333
9.5,1547.0,5.056816833333333
9.666666666666666,1503.0,5.056816833333333
9.833333333333334,1528.0,4.7727260000000005
9.833333333333334,1618.0,6.590907333333333
10.0,1698.0,6.590907333333333
10.0,1698.0,4.8295441666666665
10.083333333333334,1684.0,2.6136356666666667
10.25,1803.0,2.670453833333333
10.25,1782.0,4.431817000000001
10.333333333333334,1702.0,1.6477268333333333
10.5,1680.0,1.6477268333333333
10.666666666666666,1756.0,4.374998833333334
10.833333333333334,1785.0,4.9431805
11.0,1739.0,4.9999986666666665
11.083333333333334,1649.0,5.113635
11.25,1644.0,4.9999986666666665
11.416666666666666,1935.0,4.9999986666666665
11.583333333333334,1938.0,5.056816833333333
11.583333333333334,1848.0,5.113635
11.75,1847.0,5.113635
11.916666666666666,1880.0,5.113635
12.083333333333334,1899.0,5.113635
12.166666666666666,1904.0,5.340907666666666
12.166666666666666,1919.0,5.340907666666666
12.25,1897.0,5.340907666666666
12.416666666666666,1705.0,5.340907666666666
12.583333333333334,1593.0,5.454544
12.75,1594.0,5.454544
12.833333333333334,1691.0,4.7159078333333335
12.916666666666666,1835.0,4.7159078333333335
13.083333333333334,1722.0,4.7159078333333335
13.25,1650.0,5.170453166666666
13.416666666666666,1542.0,5.170453166666666
13.5,1600.0,4.8863623333333335
13.583333333333334,1696.0,4.8863623333333335
13.666666666666666,1682.0,1.761363166666667
13.75,1654.0,4.9999986666666665
13.916666666666666,1658.0,4.9999986666666665
14.083333333333334,1729.0,5.056816833333333
14.25,1746.0,5.056816833333333
14.25,1721.0,5.795453
14.416666666666666,1673.0,5.795453
14.583333333333334,1569.0,5.454544
14.666666666666666,1569.0,6.079543833333333
14.833333333333334,1534.0,6.079543833333333
15.0,1515.0,5.795453
15.0,1497.0,5.454544
15.083333333333334,1508.0,1.8181813333333334
15.166666666666666,1578.0,1.8181813333333334
15.333333333333334,1626.0,1.8181813333333334
15.416666666666666,1641.0,5.795453
15.583333333333334,1683.0,5.568180333333333
15.75,1783.0,5.568180333333333
15.916666666666666,1681.0,5.795453
16.083333333333332,1546.0,5.795453
16.25,1445.0,5.795453
16.416666666666668,1408.0,5.795453
16.416666666666668,1396.0,5.681816666666667
16.5,1325.0,5.681816666666667
16.666666666666668,1268.0,5.681816666666667
16.833333333333332,1310.0,5.681816666666667
17.0,1508.0,5.681816666666667
17.166666666666668,1373.0,5.681816666666667
17.25,1337.0,6.079543833333333
17.416666666666668,1469.0,6.079543833333333
17.5,1718.0,6.249998333333333
17.666666666666668,1715.0,5.852271166666667
17.666666666666668,1686.0,5.852271166666667
17.666666666666668,1735.0,5.852271166666667
17.75,1762.0,1.0795451666666667
17.833333333333332,1640.0,1.0795451666666667
18.0,1498.0,1.9886358333333334
18.25,1393.0,5.340907666666666
18.333333333333332,1306.0,6.079543833333333
18.416666666666668,1262.0,6.079543833333333
18.583333333333332,1264.0,6.079543833333333
18.75,1315.0,5.9659075
18.833333333333332,1369.0,5.852271166666667
18.916666666666668,1545.0,5.852271166666667
19.083333333333332,1745.0,6.136362
19.166666666666668,1695.0,6.193180166666667
19.166666666666668,1542.0,3.0113628333333335
19.333333333333332,1464.0,3.0113628333333335
19.5,1572.0,5.795453
19.666666666666668,1636.0,5.909089333333333
19.833333333333332,1636.0,5.340907666666666
20.083333333333332,1538.0,6.022725666666667
20.25,1304.0,6.022725666666667
20.333333333333332,1064.0,6.079543833333333
20.416666666666668,1120.0,2.727272
20.5,1122.0,2.727272
20.583333333333332,1290.0,2.102272166666667
20.833333333333332,1276.0,5.909089333333333
20.916666666666668,1376.0,6.988634500000001
21.083333333333332,1494.0,6.988634500000001
21.166666666666668,1525.0,6.193180166666667
21.333333333333332,1489.0,2.8977265
21.5,1514.0,2.8977265
21.5,1530.0,5.6249985
21.666666666666668,1460.0,5.6249985
21.666666666666668,1333.0,5.795453
21.75,1237.0,5.795453
21.916666666666668,1252.0,5.795453
22.083333333333332,1305.0,5.795453
22.25,1306.0,5.909089333333333
22.416666666666668,1252.0,6.3068165
22.583333333333332,1314.0,5.852271166666667
22.75,1483.0,6.81818
22.833333333333332,1581.0,6.420452833333333
22.916666666666668,1532.0,6.420452833333333
22.916666666666668,1374.0,2.0454540000000003
23.083333333333332,1368.0,2.0454540000000003
23.333333333333332,1366.0,2.0454540000000003
23.5,1341.0,5.852271166666667
23.583333333333332,1323.0,6.193180166666667
23.833333333333332,1314.0,6.534089166666668
23.916666666666668,1298.0,6.363634666666667
24.083333333333332,1290.0,6.363634666666667
24.25,1290.0,6.477271
24.25,1347.0,6.534089166666668
24.25,1365.0,6.534089166666668
24.5,1369.0,6.534089166666668
24.666666666666668,1364.0,6.534089166666668
24.75,1384.0,5.397725833333334
24.916666666666668,1445.0,5.397725833333334
25.083333333333332,1504.0,5.397725833333334
25.083333333333332,1432.0,6.193180166666667
25.166666666666668,1313.0,1.9318176666666669
25.25,1313.0,3.4659081666666665
25.333333333333332,1436.0,3.4659081666666665
25.5,1583.0,3.4659081666666665
25.666666666666668,1576.0,6.022725666666667
25.916666666666668,1455.0,6.534089166666668
26.0,1458.0,6.193180166666667
26.083333333333332,1512.0,3.1818173333333335
26.25,1490.0,3.1818173333333335
26.416666666666668,1406.0,6.363634666666667
26.583333333333332,1378.0,6.363634666666667
26.583333333333332,1399.0,6.363634666666667
26.75,1384.0,6.363634666666667
26.916666666666668,1414.0,6.363634666666667
27.083333333333332,1524.0,6.761361833333333
27.25,1457.0,6.704543666666668
27.333333333333332,1424.0,6.81818
27.583333333333332,1445.0,6.81818
27.75,1434.0,6.81818
27.833333333333332,1375.0,7.045452666666668
28.0,1359.0,7.045452666666668
28.166666666666668,1389.0,6.988634500000001
28.416666666666668,1387.0,7.386361666666668
28.583333333333332,1339.0,7.443179833333334
28.75,1314.0,7.443179833333334
29.0,1334.0,7.329543500000001
29.083333333333332,1369.0,9.147724833333333
29.25,1405.0,9.147724833333333
29.416666666666668,1388.0,7.670452500000001
29.416666666666668,1311.0,6.022725666666667
29.5,1251.0,6.022725666666667
29.666666666666668,1182.0,5.340907666666666
29.833333333333332,1104.0,5.340907666666666
30.0,1101.0,6.136362
30.166666666666668,1287.0,6.136362
30.25,1374.0,3.806817166666667
30.5,1317.0,3.806817166666667
30.583333333333332,1278.0,6.420452833333333
30.833333333333332,1375.0,6.420452833333333
31.0,1426.0,6.931816333333333
31.25,1351.0,6.931816333333333
31.416666666666668,1163.0,6.81818
31.5,1181.0,7.159089000000001
31.666666666666668,1253.0,3.4659081666666665
31.75,1253.0,6.874998166666668
31.916666666666668,1286.0,6.874998166666668
32.0,1289.0,6.249998333333333
32.0,1287.0,6.249998333333333
32.083333333333336,1289.0,6.249998333333333
32.25,1269.0,7.613634333333334
32.5,1243.0,7.5568161666666676
32.666666666666664,1238.0,6.931816333333333
32.833333333333336,1281.0,8.522725000000001
33.0,1311.0,6.931816333333333
33.083333333333336,1305.0,8.181816000000001
33.083333333333336,1277.0,3.4659081666666665
33.25,1293.0,3.4659081666666665
33.25,1304.0,3.5795445000000004
33.333333333333336,1294.0,3.5795445000000004
33.416666666666664,1290.0,1.4772723333333333
33.666666666666664,1268.0,5.681816666666667
33.75,1256.0,6.988634500000001
33.916666666666664,1254.0,6.988634500000001
34.083333333333336,1306.0,6.988634500000001
34.083333333333336,1290.0,7.499998000000001
34.083333333333336,1245.0,7.499998000000001
34.25,1186.0,7.499998000000001
34.416666666666664,1179.0,7.499998000000001
34.666666666666664,1233.0,7.499998000000001
34.75,1251.0,7.159089000000001
34.916666666666664,1208.0,7.159089000000001
35.166666666666664,1155.0,7.159089000000001
35.333333333333336,1116.0,6.761361833333333
35.416666666666664,1154.0,6.931816333333333
35.5,1175.0,6.931816333333333
35.75,1195.0,7.670452500000001
35.916666666666664,1196.0,7.670452500000001
36.166666666666664,1206.0,7.386361666666668
36.25,1181.0,7.329543500000001
36.5,1161.0,7.329543500000001
36.666666666666664,1168.0,8.465906833333333
36.833333333333336,1183.0,7.670452500000001
36.833333333333336,1162.0,7.670452500000001
36.916666666666664,1179.0,7.670452500000001
37.166666666666664,1182.0,7.5568161666666676
37.25,1125.0,6.6477255
37.333333333333336,1125.0,3.4659081666666665
37.583333333333336,1013.0,3.4659081666666665
37.666666666666664,1129.0,7.215907166666668
37.75,1198.0,3.2954536666666665
37.916666666666664,1166.0,3.40909
38.0,1137.0,8.124997833333333
38.166666666666664,1061.0,8.124997833333333
38.25,1069.0,8.579543166666667
38.416666666666664,1095.0,8.579543166666667
38.583333333333336,1120.0,7.045452666666668
38.75,1189.0,7.045452666666668
38.833333333333336,1197.0,8.124997833333333
39.083333333333336,1171.0,7.670452500000001
39.166666666666664,1136.0,7.272725333333334
39.25,1082.0,7.272725333333334
39.416666666666664,1040.0,7.272725333333334
39.583333333333336,1029.0,6.420452833333333
39.666666666666664,1036.0,7.670452500000001
39.833333333333336,1051.0,3.7499990000000003
40.0,1061.0,3.7499990000000003
40.166666666666664,1074.0,7.7272706666666675
40.25,1075.0,3.4659081666666665
40.416666666666664,1056.0,3.4659081666666665
40.583333333333336,998.0,7.215907166666668
40.75,938.0,7.215907166666668
41.0,916.0,6.931816333333333
41.25,928.0,6.931816333333333
41.333333333333336,958.0,7.045452666666668
41.416666666666664,940.0,7.045452666666668
41.5,906.0,2.4431811666666667
41.666666666666664,885.0,7.159089000000001
41.75,881.0,7.159089000000001
41.916666666666664,882.0,7.159089000000001
42.166666666666664,885.0,7.215907166666668
42.333333333333336,927.0,7.215907166666668
42.583333333333336,974.0,7.215907166666668
42.75,972.0,7.215907166666668
43.0,984.0,7.215907166666668
43.083333333333336,950.0,6.761361833333333
43.083333333333336,906.0,6.761361833333333
43.083333333333336,912.0,6.761361833333333
43.25,975.0,6.761361833333333
43.416666666666664,1090.0,7.215907166666668
43.583333333333336,1090.0,7.215907166666668
43.75,1186.0,6.81818
43.916666666666664,1172.0,6.704543666666668
44.166666666666664,1019.0,7.499998000000001
44.166666666666664,996.0,7.159089000000001
44.333333333333336,995.0,7.159089000000001
44.5,1022.0,6.761361833333333
44.666666666666664,1041.0,6.988634500000001
44.916666666666664,963.0,6.931816333333333
44.916666666666664,937.0,6.931816333333333
45.083333333333336,955.0,6.931816333333333
45.25,986.0,6.931816333333333
45.333333333333336,1067.0,6.874998166666668
45.5,1130.0,6.761361833333333
45.5,1246.0,3.522726333333334
45.666666666666664,1164.0,3.522726333333334
45.75,823.0,6.420452833333333
46.0,764.0,6.420452833333333
46.083333333333336,765.0,6.6477255
46.333333333333336,1108.0,6.6477255
46.416666666666664,1176.0,6.590907333333333
46.583333333333336,906.0,7.102270833333333
46.75,836.0,7.102270833333333
46.916666666666664,909.0,7.102270833333333
47.166666666666664,1023.0,7.329543500000001
47.333333333333336,1073.0,7.272725333333334
47.583333333333336,1089.0,7.272725333333334
47.666666666666664,1116.0,6.81818
47.833333333333336,1105.0,6.81818
48.0,1072.0,6.81818
48.166666666666664,1162.0,6.81818
48.333333333333336,1256.0,6.81818
48.416666666666664,1254.0,7.5568161666666676
48.583333333333336,986.0,7.5568161666666676
48.833333333333336,899.0,6.874998166666668
49.0,981.0,6.931816333333333
49.166666666666664,1060.0,8.0113615
49.333333333333336,1150.0,7.5568161666666676
49.583333333333336,1167.0,7.5568161666666676
49.583333333333336,997.0,6.704543666666668
49.75,997.0,6.704543666666668
49.916666666666664,1120.0,7.499998000000001
50.0,1145.0,8.920452166666667
50.25,1145.0,8.920452166666667
50.416666666666664,1027.0,7.8409070000000005
50.5,991.0,6.704543666666668
50.666666666666664,1029.0,6.704543666666668
50.916666666666664,1028.0,6.704543666666668
51.083333333333336,1098.0,7.159089000000001
51.166666666666664,1046.0,6.363634666666667
51.333333333333336,954.0,7.613634333333334
51.5,942.0,8.0113615
51.666666666666664,1105.0,7.329543500000001
51.75,1207.0,6.988634500000001
52.0,1215.0,6.988634500000001
52.166666666666664,1193.0,6.988634500000001
52.416666666666664,1190.0,6.988634500000001
52.416666666666664,1233.0,6.988634500000001
52.5,1221.0,2.272726666666667
52.583333333333336,1187.0,2.272726666666667
52.833333333333336,1135.0,6.874998166666668
52.916666666666664,1138.0,6.704543666666668
53.0,1169.0,6.704543666666668
53.083333333333336,1191.0,2.3863630000000002
53.166666666666664,1193.0,5.795453
53.25,1183.0,3.4659081666666665
53.25,1191.0,3.4659081666666665
53.25,1204.0,3.4659081666666665
53.333333333333336,1199.0,0.9090906666666667
53.583333333333336,1160.0,3.352271833333334
53.75,1068.0,7.5568161666666676
53.916666666666664,1093.0,7.386361666666668
54.083333333333336,1136.0,7.386361666666668
54.25,1144.0,6.81818
54.416666666666664,1130.0,6.81818
54.5,1151.0,7.045452666666668
54.583333333333336,1268.0,2.2159085000000003
54.833333333333336,1387.0,3.5795445000000004
55.0,1369.0,7.045452666666668
55.25,1247.0,7.045452666666668
55.416666666666664,1309.0,6.590907333333333
55.583333333333336,1379.0,7.613634333333334
55.833333333333336,1415.0,6.761361833333333
55.833333333333336,1419.0,6.022725666666667
56.0,1313.0,6.022725666666667
56.083333333333336,1313.0,6.761361833333333
56.333333333333336,1224.0,6.761361833333333
56.5,1262.0,6.534089166666668
56.75,1306.0,6.534089166666668
56.833333333333336,1332.0,6.3068165
57.0,1410.0,6.3068165
57.166666666666664,1425.0,6.3068165
57.333333333333336,1401.0,6.3068165
57.416666666666664,1516.0,7.329543500000001
57.5,1674.0,7.329543500000001
57.666666666666664,1671.0,7.329543500000001
57.833333333333336,1489.0,6.704543666666668
58.0,1257.0,6.704543666666668
58.083333333333336,1321.0,6.420452833333333
58.333333333333336,1359.0,6.590907333333333
58.5,1358.0,7.102270833333333
58.5,1382.0,7.159089000000001
58.5,1336.0,7.159089000000001
58.583333333333336,1335.0,1.1363633333333334
58.75,1337.0,2.2159085000000003
58.833333333333336,1479.0,6.590907333333333
59.083333333333336,1546.0,6.590907333333333
59.166666666666664,1360.0,7.443179833333334
59.25,1258.0,3.1249991666666666
59.416666666666664,1309.0,7.784088833333334
59.416666666666664,1435.0,7.784088833333334
59.5,1381.0,1.704545
59.5,1286.0,1.704545
59.666666666666664,1271.0,1.704545
59.833333333333336,1314.0,7.386361666666668
60.083333333333336,1375.0,7.386361666666668
60.166666666666664,1394.0,6.477271
60.333333333333336,1396.0,6.477271
60.5,1439.0,6.477271
60.666666666666664,1389.0,7.045452666666668
60.75,1327.0,6.874998166666668
60.75,1370.0,6.874998166666668
60.833333333333336,1484.0,6.874998166666668
60.916666666666664,1564.0,1.0227270000000002
61.166666666666664,1462.0,7.386361666666668
61.333333333333336,1369.0,7.386361666666668
61.583333333333336,1315.0,7.386361666666668
61.75,1286.0,7.499998000000001
61.75,1286.0,6.363634666666667
61.75,1342.0,6.363634666666667
61.75,1380.0,6.363634666666667
61.916666666666664,1335.0,6.363634666666667
62.083333333333336,1335.0,6.363634666666667
62.25,1338.0,6.363634666666667
62.333333333333336,1394.0,7.272725333333334
62.5,1420.0,7.272725333333334
62.583333333333336,1426.0,6.988634500000001
62.583333333333336,1358.0,2.3295448333333333
62.583333333333336,1255.0,2.3295448333333333
62.75,1302.0,2.3295448333333333
63.0,1331.0,7.045452666666668
63.166666666666664,1276.0,7.045452666666668
63.416666666666664,1213.0,7.045452666666668
63.583333333333336,1296.0,6.931816333333333
63.75,1338.0,6.874998166666668
63.916666666666664,1379.0,6.874998166666668
64.08333333333333,1364.0,7.613634333333334
64.16666666666667,1323.0,7.613634333333334
64.33333333333333,1373.0,7.613634333333334
64.58333333333333,1417.0,6.874998166666668
64.75,1366.0,6.874998166666668
65.0,1179.0,7.443179833333334
65.25,1151.0,7.443179833333334
65.25,1201.0,7.386361666666668
65.41666666666667,1256.0,7.386361666666668
65.41666666666667,1312.0,7.7272706666666675
65.41666666666667,1352.0,7.7272706666666675
65.58333333333333,1369.0,7.7272706666666675
65.66666666666667,1375.0,7.443179833333334
65.91666666666667,1384.0,7.443179833333334
66.08333333333333,1359.0,6.874998166666668
66.25,1283.0,6.874998166666668
66.33333333333333,1206.0,8.238634166666667
66.5,1164.0,8.238634166666667
66.5,1195.0,7.443179833333334
66.5,1208.0,7.443179833333334
66.75,1194.0,7.443179833333334
66.91666666666667,1179.0,7.443179833333334
67.08333333333333,1207.0,8.579543166666667
67.25,1239.0,8.579543166666667
67.41666666666667,1177.0,8.0113615
67.5,1177.0,7.8977251666666675
67.5,1110.0,7.8977251666666675
67.5,1089.0,7.8977251666666675
67.58333333333333,1091.0,7.8977251666666675
67.83333333333333,1082.0,7.7272706666666675
68.0,1037.0,6.988634500000001
68.25,1026.0,6.988634500000001
68.41666666666667,1133.0,6.988634500000001
68.66666666666667,1236.0,6.988634500000001
68.83333333333333,1169.0,6.988634500000001
69.0,1074.0,6.988634500000001
69.08333333333333,1071.0,6.874998166666668
69.16666666666667,1322.0,6.6477255
69.41666666666667,1363.0,6.6477255
69.58333333333333,1256.0,7.159089000000001
69.75,1124.0,6.931816333333333
69.91666666666667,1100.0,6.931816333333333
70.16666666666667,1103.0,7.102270833333333
70.33333333333333,1179.0,7.102270833333333
70.33333333333333,1186.0,6.931816333333333
70.41666666666667,1182.0,6.931816333333333
70.58333333333333,1200.0,6.931816333333333
70.83333333333333,1185.0,6.931816333333333
70.83333333333333,1173.0,8.0113615
70.91666666666667,1181.0,8.0113615
71.0,1213.0,1.761363166666667
71.25,1192.0,2.3863630000000002
71.33333333333333,1154.0,7.9545433333333335
71.41666666666667,1147.0,7.9545433333333335
71.5,1191.0,1.704545
71.75,1218.0,6.6477255
72.0,1220.0,7.670452500000001
72.08333333333333,1212.0,6.6477255
72.25,1192.0,6.6477255
72.41666666666667,1167.0,6.6477255
72.58333333333333,1163.0,7.045452666666668
72.58333333333333,1162.0,7.045452666666668
72.58333333333333,1155.0,7.045452666666668
72.75,1131.0,7.045452666666668
72.91666666666667,1170.0,7.045452666666668
73.08333333333333,1214.0,7.045452666666668
73.33333333333333,1210.0,7.045452666666668
73.58333333333333,1210.0,7.045452666666668
73.75,1173.0,7.329543500000001
73.91666666666667,1188.0,7.272725333333334
73.91666666666667,1225.0,7.102270833333333
74.08333333333333,1224.0,7.102270833333333
74.16666666666667,1236.0,7.386361666666668
74.41666666666667,1181.0,7.386361666666668
74.58333333333333,1047.0,7.386361666666668
74.75,1060.0,8.749997666666667
74.91666666666667,1197.0,8.0113615
74.91666666666667,1324.0,7.102270833333333
75.0,1308.0,1.761363166666667
75.0,1259.0,1.761363166666667
75.16666666666667,1201.0,1.761363166666667
75.25,1176.0,6.931816333333333
75.5,1219.0,6.931816333333333
75.5,1247.0,7.386361666666668
75.66666666666667,1252.0,7.386361666666668
75.83333333333333,1252.0,7.386361666666668
76.0,1274.0,7.670452500000001
76.16666666666667,1261.0,7.670452500000001
76.25,1213.0,7.499998000000001
76.41666666666667,1207.0,7.499998000000001
76.66666666666667,1259.0,7.215907166666668
76.83333333333333,1289.0,7.215907166666668
76.91666666666667,1284.0,6.874998166666668
77.08333333333333,1294.0,7.329543500000001
77.33333333333333,1322.0,7.329543500000001
77.5,1302.0,7.045452666666668
77.66666666666667,1263.0,7.8409070000000005
77.66666666666667,1171.0,7.8409070000000005
77.91666666666667,1174.0,7.102270833333333
78.08333333333333,1305.0,7.102270833333333
78.33333333333333,1351.0,7.102270833333333
78.58333333333333,1241.0,6.704543666666668
78.75,1165.0,6.931816333333333
79.0,1219.0,6.931816333333333
79.08333333333333,1338.0,7.102270833333333
79.16666666666667,1377.0,7.102270833333333
79.33333333333333,1408.0,7.272725333333334
79.5,1422.0,7.272725333333334
79.66666666666667,1379.0,7.272725333333334
79.83333333333333,1351.0,5.909089333333333
80.0,1351.0,5.909089333333333
80.25,1335.0,7.159089000000001
80.33333333333333,1326.0,6.988634500000001
80.5,1310.0,7.102270833333333
80.58333333333333,1287.0,7.670452500000001
80.83333333333333,1287.0,7.670452500000001
81.0,1311.0,7.443179833333334
81.25,1334.0,7.443179833333334
81.33333333333333,1288.0,6.477271
81.58333333333333,1270.0,7.386361666666668
81.75,1303.0,7.386361666666668
81.83333333333333,1333.0,3.40909
81.83333333333333,1189.0,3.352271833333334
81.91666666666667,1135.0,3.352271833333334
82.08333333333333,1213.0,3.352271833333334
82.25,1279.0,3.636362666666667
82.5,1291.0,7.215907166666668
82.58333333333333,1294.0,6.81818
82.75,1342.0,6.81818
82.91666666666667,1341.0,6.81818
83.08333333333333,1313.0,6.363634666666667
83.08333333333333,1293.0,6.363634666666667
83.25,1289.0,6.363634666666667
83.41666666666667,1291.0,7.102270833333333
83.58333333333333,1273.0,7.102270833333333
83.83333333333333,1172.0,7.102270833333333
84.0,1228.0,7.102270833333333
84.25,1339.0,7.102270833333333
84.33333333333333,1350.0,6.590907333333333
84.33333333333333,1273.0,6.590907333333333
84.33333333333333,1244.0,6.590907333333333
84.58333333333333,1241.0,6.590907333333333
84.66666666666667,1272.0,6.81818
84.91666666666667,1303.0,7.329543500000001
85.08333333333333,1305.0,7.215907166666668
85.33333333333333,1277.0,7.215907166666668
85.5,1270.0,6.874998166666668
85.58333333333333,1277.0,3.522726333333334
85.75,1275.0,3.522726333333334
85.83333333333333,1243.0,3.40909
86.0,1220.0,3.8636353333333338
86.16666666666667,1209.0,3.8636353333333338
86.33333333333333,1241.0,7.215907166666668
86.5,1241.0,7.215907166666668
86.75,1309.0,7.215907166666668
86.91666666666667,1160.0,7.272725333333334
87.16666666666667,1160.0,7.613634333333334
87.16666666666667,1253.0,7.102270833333333
87.33333333333333,1349.0,7.102270833333333
87.58333333333333,1215.0,7.215907166666668
87.66666666666667,1174.0,7.159089000000001
87.75,1231.0,7.159089000000001
87.91666666666667,1292.0,7.386361666666668
88.16666666666667,1211.0,7.045452666666668
88.25,1147.0,6.420452833333333
88.25,1192.0,3.9204535000000003
88.33333333333333,1329.0,1.761363166666667
88.41666666666667,1279.0,1.761363166666667
88.66666666666667,1238.0,6.022725666666667
88.75,1285.0,8.693179500000001
89.0,1282.0,7.8977251666666675
89.16666666666667,1263.0,7.613634333333334
89.41666666666667,1103.0,7.215907166666668
89.58333333333333,1176.0,7.102270833333333
89.58333333333333,1368.0,6.81818
89.66666666666667,1504.0,6.81818
89.91666666666667,1406.0,6.874998166666668
90.16666666666667,1297.0,6.874998166666668
90.33333333333333,1152.0,6.874998166666668
90.41666666666667,1118.0,6.477271
90.58333333333333,1371.0,3.806817166666667
90.75,1470.0,8.124997833333333
90.83333333333333,1307.0,7.045452666666668
90.83333333333333,1167.0,7.045452666666668
90.91666666666667,1198.0,1.4204541666666668
91.16666666666667,1431.0,3.8636353333333338
91.33333333333333,1401.0,3.8636353333333338
91.5,1260.0,5.568180333333333
91.66666666666667,1138.0,5.568180333333333
91.91666666666667,1278.0,5.568180333333333
92.08333333333333,1400.0,7.159089000000001
92.16666666666667,1374.0,7.272725333333334
92.25,1266.0,2.2159085000000003
92.5,1259.0,3.693180833333334
92.66666666666667,1370.0,6.931816333333333
92.91666666666667,1370.0,6.931816333333333
92.91666666666667,1341.0,6.81818
93.16666666666667,1294.0,7.215907166666668
93.33333333333333,1223.0,7.215907166666668
93.58333333333333,1277.0,7.215907166666668
93.58333333333333,1281.0,6.477271
93.66666666666667,1253.0,6.477271
93.83333333333333,1269.0,6.477271
94.0,1362.0,6.761361833333333
94.25,1346.0,7.215907166666668
94.33333333333333,1353.0,6.761361833333333
94.5,1413.0,6.761361833333333
94.66666666666667,1411.0,6.761361833333333
94.83333333333333,1248.0,7.045452666666668
94.83333333333333,1197.0,6.931816333333333
94.91666666666667,1221.0,6.931816333333333
95.08333333333333,1287.0,7.102270833333333
95.33333333333333,1337.0,7.102270833333333
95.5,1253.0,7.102270833333333
95.66666666666667,1231.0,6.988634500000001
95.91666666666667,1280.0,8.0113615
96.08333333333333,1335.0,6.590907333333333
96.25,1333.0,7.159089000000001
96.25,1366.0,7.159089000000001
96.5,1445.0,7.159089000000001
96.66666666666667,1447.0,7.159089000000001
96.91666666666667,1222.0,7.386361666666668
97.08333333333333,1186.0,7.386361666666668
97.25,1264.0,6.81818
97.41666666666667,1351.0,6.81818
97.66666666666667,1357.0,7.159089000000001
97.83333333333333,1352.0,6.81818
97.91666666666667,1346.0,6.704543666666668
98.08333333333333,1384.0,6.704543666666668
98.33333333333333,1405.0,7.045452666666668
98.5,1351.0,7.045452666666668
98.66666666666667,1344.0,7.045452666666668
98.75,1393.0,6.81818
98.91666666666667,1431.0,6.81818
99.08333333333333,1407.0,6.534089166666668
99.25,1268.0,6.534089166666668
99.33333333333333,1178.0,6.363634666666667
99.41666666666667,1199.0,2.272726666666667
99.66666666666667,1199.0,6.931816333333333
99.83333333333333,1211.0,6.931816333333333
100.0,1288.0,8.863634000000001
100.16666666666667,1289.0,7.045452666666668
100.25,1451.0,6.988634500000001
100.5,1552.0,7.159089000000001
100.5,1508.0,7.7272706666666675
100.5,1451.0,7.7272706666666675
100.75,1435.0,7.7272706666666675
100.83333333333333,1380.0,6.6477255
101.08333333333333,1305.0,6.6477255
101.25,1373.0,6.761361833333333
101.41666666666667,1361.0,6.761361833333333
101.66666666666667,1250.0,6.761361833333333
101.83333333333333,1198.0,7.102270833333333
102.0,1303.0,6.761361833333333
102.0,1395.0,6.761361833333333
102.16666666666667,1395.0,6.761361833333333
102.33333333333333,1474.0,6.761361833333333
102.5,1448.0,7.329543500000001
102.75,1530.0,7.102270833333333
102.91666666666667,1585.0,6.874998166666668
103.08333333333333,1481.0,6.874998166666668
103.33333333333333,1299.0,6.874998166666668
103.5,1352.0,6.874998166666668
103.5,1440.0,6.022725666666667
103.58333333333333,1459.0,6.022725666666667
103.75,1426.0,6.022725666666667
104.0,1471.0,6.534089166666668
104.16666666666667,1558.0,6.6477255
104.33333333333333,1568.0,6.6477255
104.58333333333333,1566.0,6.761361833333333
104.75,1543.0,6.874998166666668
104.91666666666667,1616.0,6.874998166666668
105.08333333333333,1540.0,6.249998333333333
105.08333333333333,1424.0,6.249998333333333
105.25,1425.0,6.249998333333333
105.5,1529.0,6.874998166666668
105.66666666666667,1478.0,6.420452833333333
105.83333333333333,1402.0,6.420452833333333
106.08333333333333,1400.0,6.761361833333333
106.25,1542.0,7.045452666666668
106.5,1507.0,7.045452666666668
106.66666666666667,1507.0,6.590907333333333
106.75,1482.0,5.909089333333333
106.83333333333333,1515.0,3.2386355
107.08333333333333,1528.0,3.5795445000000004
107.25,1475.0,6.079543833333333
107.5,1365.0,6.477271
107.66666666666667,1414.0,6.534089166666668
107.83333333333333,1546.0,6.534089166666668
108.08333333333333,1615.0,6.988634500000001
108.16666666666667,1554.0,6.931816333333333
108.16666666666667,1481.0,6.931816333333333
108.33333333333333,1442.0,6.931816333333333
108.58333333333333,1453.0,6.761361833333333
108.75,1517.0,6.761361833333333
109.0,1598.0,6.477271
109.08333333333333,1642.0,6.079543833333333
109.25,1645.0,6.079543833333333
109.41666666666667,1658.0,6.079543833333333
109.66666666666667,1624.0,6.534089166666668
109.66666666666667,1567.0,6.988634500000001
109.66666666666667,1516.0,6.988634500000001
109.83333333333333,1505.0,6.988634500000001
110.0,1512.0,6.988634500000001
110.16666666666667,1482.0,6.81818
110.33333333333333,1433.0,6.363634666666667
110.41666666666667,1466.0,6.363634666666667
110.58333333333333,1553.0,6.81818
110.83333333333333,1602.0,6.81818
111.0,1632.0,6.590907333333333
111.08333333333333,1656.0,5.909089333333333
111.25,1682.0,5.909089333333333
111.41666666666667,1672.0,5.909089333333333
111.58333333333333,1621.0,5.909089333333333
111.83333333333333,1530.0,6.249998333333333
112.0,1600.0,6.249998333333333
112.16666666666667,1648.0,6.249998333333333
112.41666666666667,1614.0,6.363634666666667
112.58333333333333,1566.0,6.363634666666667
112.66666666666667,1623.0,6.193180166666667
112.66666666666667,1696.0,6.193180166666667
112.83333333333333,1666.0,6.193180166666667
113.0,1624.0,6.249998333333333
113.25,1624.0,6.249998333333333
113.41666666666667,1585.0,6.81818
113.58333333333333,1505.0,6.81818
113.83333333333333,1501.0,6.590907333333333
114.0,1456.0,6.590907333333333
114.16666666666667,1419.0,6.590907333333333
114.16666666666667,1384.0,6.81818
114.16666666666667,1365.0,6.81818
114.33333333333333,1409.0,6.81818
114.5,1470.0,6.81818
114.75,1516.0,6.3068165
114.83333333333333,1669.0,5.681816666666667
115.0,1748.0,5.681816666666667
115.08333333333333,1734.0,6.249998333333333
115.16666666666667,1673.0,3.0113628333333335
115.25,1654.0,2.102272166666667
115.25,1628.0,2.102272166666667
115.33333333333333,1629.0,2.102272166666667
115.58333333333333,1511.0,6.590907333333333
115.75,1469.0,6.590907333333333
115.91666666666667,1567.0,6.590907333333333
116.16666666666667,1584.0,6.477271
116.33333333333333,1479.0,6.477271
116.5,1389.0,6.477271
116.5,1718.0,6.3068165
116.5,1985.0,6.3068165
116.5,1950.0,6.3068165
116.58333333333333,1705.0,6.3068165
116.75,1548.0,6.3068165
117.0,1702.0,6.420452833333333
117.16666666666667,1727.0,6.420452833333333
117.25,1728.0,6.022725666666667
117.41666666666667,1652.0,6.022725666666667
117.66666666666667,1714.0,6.3068165
117.75,1763.0,5.738634833333333
117.75,1750.0,5.738634833333333
117.83333333333333,1711.0,5.738634833333333
118.0,1741.0,6.874998166666668
118.16666666666667,1703.0,7.215907166666668
118.33333333333333,1554.0,7.102270833333333
118.33333333333333,1419.0,5.852271166666667
118.5,1552.0,5.852271166666667
118.66666666666667,1826.0,5.681816666666667
118.83333333333333,1826.0,5.681816666666667
118.83333333333333,1748.0,3.352271833333334
118.83333333333333,1463.0,3.352271833333334
118.91666666666667,1473.0,3.352271833333334
119.08333333333333,1679.0,3.352271833333334
119.25,1815.0,5.9659075
119.33333333333333,1829.0,5.568180333333333
119.5,1717.0,5.568180333333333
119.66666666666667,1542.0,6.022725666666667
119.75,1587.0,5.568180333333333
119.91666666666667,1688.0,5.568180333333333
119.91666666666667,1680.0,3.636362666666667
120.08333333333333,1693.0,3.636362666666667
120.08333333333333,1719.0,6.136362
120.08333333333333,1626.0,6.136362
120.25,1533.0,6.136362
120.5,1551.0,6.136362
120.66666666666667,1554.0,6.136362
120.83333333333333,1490.0,6.136362
121.0,1499.0,6.136362
121.16666666666667,1635.0,6.136362
121.25,1832.0,6.079543833333333
121.25,1813.0,6.079543833333333
121.25,1712.0,6.079543833333333
121.25,1681.0,6.079543833333333
121.41666666666667,1703.0,6.079543833333333
121.5,1732.0,3.068181
121.66666666666667,1718.0,4.8295441666666665
121.83333333333333,1684.0,4.9999986666666665
121.91666666666667,1672.0,5.852271166666667
122.08333333333333,1685.0,5.852271166666667
122.25,1870.0,5.852271166666667
122.41666666666667,1915.0,6.079543833333333
122.5,1866.0,5.511362166666667
122.5,1766.0,5.511362166666667
122.58333333333333,1683.0,5.511362166666667
122.58333333333333,1699.0,1.1931815000000001
122.75,1741.0,1.5340905
122.91666666666667,1743.0,5.2840895
123.08333333333333,1764.0,5.2840895
123.25,1782.0,6.022725666666667
123.41666666666667,1736.0,6.022725666666667
123.5,1680.0,6.136362
123.58333333333333,1680.0,6.193180166666667
123.58333333333333,1570.0,6.193180166666667
123.66666666666667,1529.0,6.193180166666667
123.83333333333333,1540.0,6.193180166666667
123.91666666666667,1601.0,6.3068165
124.08333333333333,1675.0,6.3068165
124.25,1930.0,6.3068165
124.5,2028.0,6.3068165
124.58333333333333,2058.0,6.3068165
124.75,2079.0,6.3068165
124.91666666666667,1996.0,6.3068165
125.08333333333333,1863.0,5.852271166666667
125.25,1783.0,5.852271166666667
125.41666666666667,1732.0,5.852271166666667
125.58333333333333,1696.0,6.136362
125.75,1687.0,5.738634833333333
125.91666666666667,1688.0,6.3068165
125.91666666666667,1707.0,5.227271333333333
126.0,1769.0,1.8181813333333334
126.08333333333333,1899.0,2.9545446666666666
126.25,1878.0,2.9545446666666666
126.25,1891.0,5.909089333333333
126.41666666666667,1954.0,5.909089333333333
126.41666666666667,2050.0,6.249998333333333
126.41666666666667,1974.0,6.249998333333333
126.5,1830.0,1.1363633333333334
126.66666666666667,1746.0,2.6136356666666667
126.83333333333333,1734.0,2.6136356666666667
126.83333333333333,1735.0,4.545453333333334
127.0,1724.0,4.545453333333334
127.08333333333333,1723.0,6.477271
127.25,1754.0,6.249998333333333
127.33333333333333,1820.0,5.909089333333333
127.41666666666667,1901.0,2.7840901666666666
127.41666666666667,1978.0,2.7840901666666666
127.5,2025.0,2.7840901666666666
127.66666666666667,1976.0,2.7840901666666666
127.83333333333333,1852.0,5.113635
128.0,1828.0,5.113635
128.16666666666666,1836.0,5.454544
128.33333333333334,1817.0,5.454544
128.41666666666666,1842.0,4.9431805
128.5,1842.0,6.079543833333333
128.66666666666666,1875.0,6.079543833333333
128.75,1902.0,4.9431805
128.83333333333334,1902.0,5.568180333333333
128.83333333333334,1895.0,5.568180333333333
128.83333333333334,1939.0,5.568180333333333
129.0,2064.0,5.568180333333333
129.16666666666666,2080.0,5.568180333333333
129.33333333333334,1983.0,5.454544
129.41666666666666,1836.0,4.8295441666666665
129.66666666666666,1725.0,4.9431805
129.75,1696.0,7.443179833333334
129.91666666666666,1742.0,5.909089333333333
130.08333333333334,1770.0,5.909089333333333
130.25,1841.0,5.170453166666666
130.25,1904.0,4.9999986666666665
130.41666666666666,1938.0,4.9999986666666665
130.5,2011.0,5.454544
130.66666666666666,2159.0,5.454544
130.83333333333334,2163.0,5.454544
131.0,2165.0,5.227271333333333
131.16666666666666,2237.0,5.227271333333333
131.25,2180.0,4.8295441666666665
131.41666666666666,2034.0,4.8295441666666665
131.5,1922.0,5.227271333333333
131.58333333333334,1921.0,4.7159078333333335
131.75,2069.0,4.9431805
131.75,1995.0,5.2840895
131.91666666666666,1763.0,5.2840895
131.91666666666666,1697.0,4.9999986666666665
132.0,1717.0,2.6136356666666667
132.16666666666666,1889.0,2.6136356666666667
132.33333333333334,1904.0,4.8863623333333335
132.41666666666666,1842.0,5.113635
132.5,1813.0,5.056816833333333
132.66666666666666,1958.0,5.056816833333333
132.75,1976.0,5.511362166666667
132.83333333333334,1876.0,5.511362166666667
133.0,1778.0,5.511362166666667
133.16666666666666,1834.0,4.7727260000000005
133.25,1983.0,4.7159078333333335
133.33333333333334,1959.0,4.9999986666666665
133.41666666666666,1842.0,4.9999986666666665
133.58333333333334,1842.0,4.8863623333333335
133.75,1718.0,4.8863623333333335
133.83333333333334,1670.0,4.8863623333333335
134.0,1699.0,4.8863623333333335
134.16666666666666,1665.0,4.7159078333333335
134.33333333333334,1628.0,4.7159078333333335
134.41666666666666,1813.0,4.9431805
134.41666666666666,2023.0,4.488635166666667
134.58333333333334,2069.0,4.488635166666667
134.58333333333334,2017.0,4.374998833333334
134.66666666666666,1984.0,4.374998833333334
134.75,2121.0,1.5340905
134.83333333333334,2220.0,2.727272
134.91666666666666,2251.0,5.056816833333333
135.08333333333334,2239.0,5.056816833333333
135.16666666666666,2228.0,4.7727260000000005
135.25,2226.0,4.7727260000000005
135.41666666666666,1914.0,4.7727260000000005
135.58333333333334,1676.0,4.7727260000000005
135.66666666666666,1558.0,4.659089666666667
135.75,1597.0,4.488635166666667
135.83333333333334,1638.0,2.272726666666667
135.83333333333334,1669.0,2.272726666666667
135.83333333333334,1738.0,2.272726666666667
136.0,1876.0,2.272726666666667
136.0,1923.0,4.9999986666666665
136.16666666666666,1999.0,4.9999986666666665
136.25,2065.0,5.454544
136.41666666666666,2223.0,5.454544
136.58333333333334,2301.0,4.6022715000000005
136.66666666666666,2302.0,4.431817000000001
136.83333333333334,2363.0,4.261362500000001
136.91666666666666,2288.0,4.374998833333334
137.08333333333334,1956.0,4.374998833333334
137.16666666666666,1741.0,4.488635166666667
137.33333333333334,1581.0,4.318180666666667
137.41666666666666,1503.0,4.545453333333334
137.58333333333334,1553.0,4.545453333333334
137.75,1600.0,4.6022715000000005
137.83333333333334,1643.0,4.545453333333334
138.0,1707.0,4.545453333333334
138.08333333333334,1909.0,3.5795445000000004
138.25,2124.0,4.204544333333334
138.33333333333334,2124.0,4.6022715000000005
138.5,2409.0,4.318180666666667
138.5,2410.0,4.318180666666667
138.66666666666666,2506.0,4.318180666666667
138.75,2519.0,4.8863623333333335
138.91666666666666,2545.0,4.8863623333333335
139.0,2492.0,4.261362500000001
139.08333333333334,2301.0,4.090908000000001
139.08333333333334,1739.0,4.090908000000001
139.08333333333334,1533.0,4.090908000000001
139.16666666666666,1575.0,0.8522725
139.33333333333334,1721.0,3.8636353333333338
139.33333333333334,1946.0,4.261362500000001
139.5,2211.0,4.261362500000001
139.58333333333334,2323.0,3.9204535000000003
139.75,2396.0,3.9204535000000003
139.83333333333334,2402.0,4.659089666666667
140.0,2608.0,4.659089666666667
140.0,2718.0,4.9999986666666665
140.08333333333334,2655.0,1.9318176666666669
140.08333333333334,2412.0,1.9318176666666669
140.25,2083.0,1.9318176666666669
140.33333333333334,1937.0,4.147726166666667
140.5,1883.0,4.147726166666667
140.58333333333334,1866.0,4.147726166666667
140.75,1868.0,4.147726166666667
140.83333333333334,1973.0,4.090908000000001
141.0,2142.0,4.090908000000001
141.08333333333334,2223.0,4.090908000000001
141.25,2363.0,4.147726166666667
141.33333333333334,2437.0,4.147726166666667
141.5,2503.0,4.147726166666667
141.58333333333334,2595.0,4.147726166666667
141.66666666666666,2607.0,3.693180833333334
141.83333333333334,2447.0,3.693180833333334
141.91666666666666,2292.0,3.9204535000000003
142.08333333333334,2323.0,3.9204535000000003
142.16666666666666,2335.0,4.034089833333334
142.25,2251.0,3.7499990000000003
142.41666666666666,2165.0,3.7499990000000003
142.5,2171.0,3.9204535000000003
142.58333333333334,2168.0,3.9772716666666668
142.75,2168.0,3.9772716666666668
142.83333333333334,2184.0,4.318180666666667
143.0,2257.0,3.9204535000000003
143.08333333333334,2382.0,4.431817000000001
143.25,2461.0,4.431817000000001
143.33333333333334,2505.0,4.147726166666667
143.5,2439.0,3.9204535000000003
143.58333333333334,2272.0,4.8295441666666665
143.66666666666666,2304.0,4.090908000000001
143.75,2371.0,4.090908000000001
143.75,2380.0,2.0454540000000003
143.75,2223.0,2.0454540000000003
143.75,2199.0,2.0454540000000003
143.75,2203.0,2.0454540000000003
143.91666666666666,2192.0,2.0454540000000003
144.0,2153.0,4.488635166666667
144.16666666666666,2124.0,4.204544333333334
144.25,2061.0,4.6022715000000005
144.41666666666666,2045.0,4.374998833333334
144.5,2043.0,4.090908000000001
144.58333333333334,2026.0,3.4659081666666665
144.66666666666666,2069.0,3.4659081666666665
144.75,2119.0,4.8295441666666665
144.91666666666666,2156.0,4.147726166666667
145.0,2115.0,4.034089833333334
145.08333333333334,2056.0,3.7499990000000003
145.08333333333334,2077.0,3.7499990000000003
145.08333333333334,2180.0,3.7499990000000003
145.16666666666666,2301.0,0.9659088333333334
145.33333333333334,2288.0,3.693180833333334
145.41666666666666,2287.0,4.034089833333334
145.5,2215.0,3.8636353333333338
145.66666666666666,2219.0,3.8636353333333338
145.75,2261.0,3.8636353333333338
145.83333333333334,2197.0,3.9204535000000003
146.0,2123.0,3.9204535000000003
146.08333333333334,2123.0,3.693180833333334
146.08333333333334,2245.0,3.2386355
146.16666666666666,2329.0,1.6477268333333333
146.33333333333334,2242.0,3.7499990000000003
146.41666666666666,2090.0,3.806817166666667
146.5,1978.0,4.431817000000001
146.58333333333334,2021.0,3.7499990000000003
146.58333333333334,2021.0,3.7499990000000003
146.58333333333334,2193.0,3.7499990000000003
146.58333333333334,2192.0,3.7499990000000003
146.75,2247.0,3.7499990000000003
146.83333333333334,2253.0,3.522726333333334
146.91666666666666,2401.0,3.8636353333333338
147.08333333333334,2549.0,3.8636353333333338
147.16666666666666,2587.0,3.636362666666667
147.25,2462.0,4.147726166666667
147.41666666666666,2263.0,4.147726166666667
147.5,2187.0,3.40909
147.58333333333334,2128.0,3.693180833333334
147.66666666666666,2079.0,3.522726333333334
147.83333333333334,1965.0,3.522726333333334
147.91666666666666,2016.0,3.1818173333333335
148.0,2194.0,3.2954536666666665
148.08333333333334,2196.0,3.522726333333334
148.16666666666666,2464.0,3.522726333333334
148.16666666666666,2368.0,3.522726333333334
148.25,2326.0,3.522726333333334
148.41666666666666,2410.0,3.522726333333334
148.5,2530.0,3.522726333333334
148.58333333333334,2414.0,3.693180833333334
148.66666666666666,2254.0,2.7840901666666666
148.83333333333334,2152.0,3.5795445000000004
148.91666666666666,2143.0,4.318180666666667
149.0,2121.0,3.40909
149.08333333333334,2024.0,3.5795445000000004
149.16666666666666,1991.0,3.2386355
149.33333333333334,1988.0,3.2386355
149.33333333333334,2019.0,3.636362666666667
149.41666666666666,2192.0,3.636362666666667
149.5,2304.0,3.5795445000000004
149.66666666666666,2381.0,3.5795445000000004
149.75,2368.0,3.352271833333334
149.75,1873.0,3.4659081666666665
149.75,1414.0,3.4659081666666665
149.83333333333334,1150.0,1.1363633333333334
149.91666666666666,1246.0,3.2386355
150.0,1792.0,3.40909
150.08333333333334,2077.0,3.40909
150.16666666666666,1994.0,1.6477268333333333
150.25,1900.0,3.2386355
150.33333333333334,1900.0,3.1249991666666666
150.41666666666666,1949.0,3.2386355
150.41666666666666,2279.0,3.2386355
150.5,2470.0,1.4204541666666668
150.5,2548.0,1.4204541666666668
150.58333333333334,2578.0,1.6477268333333333
150.66666666666666,2688.0,2.727272
150.75,2747.0,3.068181
150.83333333333334,2678.0,3.0113628333333335
150.91666666666666,2580.0,2.8977265
151.0,2494.0,2.9545446666666666
151.0,2381.0,2.9545446666666666
151.0,2258.0,2.9545446666666666
151.0,2182.0,2.9545446666666666
151.08333333333334,2197.0,2.9545446666666666
151.16666666666666,2216.0,0.6249998333333333
151.25,2192.0,3.1249991666666666
151.33333333333334,2214.0,3.0113628333333335
151.41666666666666,2280.0,3.2954536666666665
151.5,2518.0,2.8977265
151.58333333333334,2620.0,3.352271833333334
151.75,2650.0,3.352271833333334
151.75,2719.0,3.2386355
151.83333333333334,2837.0,3.2386355
151.91666666666666,2832.0,1.4204541666666668
152.0,2680.0,3.352271833333334
152.08333333333334,2495.0,3.068181
152.16666666666666,2386.0,3.352271833333334
152.16666666666666,2380.0,2.727272
152.25,2380.0,2.727272
152.25,2183.0,1.363636
152.33333333333334,2046.0,1.363636
152.33333333333334,2097.0,1.5340905
152.33333333333334,2309.0,1.5340905
152.33333333333334,2403.0,1.5340905
152.33333333333334,2379.0,1.5340905
152.41666666666666,2330.0,0.6249998333333333
152.5,2498.0,0.6249998333333333
152.58333333333334,2599.0,1.5340905
152.66666666666666,2608.0,3.2386355
152.75,2610.0,3.636362666666667
152.83333333333334,2663.0,3.636362666666667
152.91666666666666,2663.0,2.5568175
153.0,2698.0,2.8977265
153.08333333333334,2698.0,4.147726166666667
153.16666666666666,2601.0,2.9545446666666666
153.25,2450.0,3.352271833333334
153.33333333333334,2378.0,2.272726666666667
153.5,2342.0,2.272726666666667
153.58333333333334,2247.0,3.2954536666666665
153.58333333333334,2131.0,2.8977265
153.58333333333334,2094.0,2.8977265
153.66666666666666,2172.0,2.8977265
153.75,2224.0,1.0227270000000002
153.75,2222.0,2.8977265
153.75,2288.0,2.8977265
153.83333333333334,2410.0,2.8977265
153.91666666666666,2406.0,3.0113628333333335
154.0,2407.0,3.0113628333333335
154.08333333333334,2312.0,3.0113628333333335
154.16666666666666,2204.0,2.5568175
154.25,2118.0,3.1249991666666666
154.33333333333334,2058.0,3.352271833333334
154.41666666666666,2052.0,3.2954536666666665
154.5,2071.0,2.727272
154.58333333333334,2049.0,2.5568175
154.66666666666666,2036.0,2.8977265
154.75,2056.0,3.1249991666666666
154.83333333333334,2133.0,3.1249991666666666
154.91666666666666,2206.0,3.1249991666666666
155.0,2201.0,1.6477268333333333
155.08333333333334,2202.0,2.727272
155.16666666666666,2204.0,3.2954536666666665
155.16666666666666,2200.0,3.068181
155.16666666666666,2189.0,3.068181
155.16666666666666,2166.0,3.068181
155.25,2131.0,3.068181
155.33333333333334,1975.0,3.352271833333334
155.41666666666666,1802.0,3.1249991666666666
155.41666666666666,1831.0,3.1249991666666666
155.5,1957.0,1.4772723333333333
155.5,2059.0,1.4772723333333333
155.58333333333334,1877.0,1.4772723333333333
155.66666666666666,1564.0,2.727272
155.75,1242.0,2.9545446666666666
155.83333333333334,1242.0,2.670453833333333
155.91666666666666,977.0,2.670453833333333
156.0,707.0,2.1590903333333333
156.08333333333334,416.0,2.4431811666666667
156.16666666666666,255.0,2.4431811666666667
156.16666666666666,165.0,2.6136356666666667
156.25,173.0,2.3295448333333333
156.33333333333334,254.0,2.102272166666667
156.33333333333334,268.0,2.102272166666667
156.41666666666666,261.0,1.8749995000000002
156.5,239.0,1.9318176666666669
156.58333333333334,193.0,1.9318176666666669
156.58333333333334,183.0,1.8749995000000002
156.58333333333334,188.0,1.8749995000000002
156.58333333333334,189.0,1.8749995000000002
156.66666666666666,182.0,0.8522725
156.66666666666666,161.0,0.8522725
156.75,161.0,1.4772723333333333
156.75,169.0,1.4772723333333333
156.83333333333334,186.0,1.3068178333333333
156.83333333333334,179.0,1.3068178333333333
156.91666666666666,172.0,1.3068178333333333
156.91666666666666,203.0,1.2499996666666666
156.91666666666666,452.0,1.2499996666666666
157.0,1312.0,1.2499996666666666
157.0,1904.0,0.9090906666666667
157.08333333333334,2175.0,0.9090906666666667
157.08333333333334,2266.0,1.4204541666666668
157.08333333333334,2220.0,1.4204541666666668
157.16666666666666,2158.0,1.1931815000000001
157.16666666666666,2144.0,1.1931815000000001
157.25,2286.0,1.3068178333333333
157.25,2502.0,1.3068178333333333
157.33333333333334,2610.0,1.3068178333333333
157.33333333333334,2435.0,1.3068178333333333
157.41666666666666,2249.0,1.3068178333333333
157.41666666666666,2178.0,1.363636
157.41666666666666,2169.0,1.363636
157.5,2094.0,1.1363633333333334
157.5,2015.0,1.1363633333333334
157.58333333333334,1986.0,1.1363633333333334
157.58333333333334,2072.0,1.0227270000000002
157.66666666666666,2215.0,1.0227270000000002
157.66666666666666,2215.0,1.4772723333333333
157.66666666666666,2220.0,1.4772723333333333
157.75,2333.0,1.1363633333333334
157.75,2448.0,1.1363633333333334
157.83333333333334,2547.0,1.1363633333333334
157.83333333333334,2494.0,1.1931815000000001
157.91666666666666,2416.0,1.1931815000000001
157.91666666666666,2389.0,1.2499996666666666
157.91666666666666,2406.0,1.2499996666666666
158.0,2396.0,1.3068178333333333
158.0,2368.0,1.3068178333333333
158.08333333333334,2358.0,1.3068178333333333
158.08333333333334,2376.0,1.1931815000000001
158.16666666666666,2422.0,1.1931815000000001
158.16666666666666,2418.0,1.1931815000000001
158.16666666666666,2418.0,1.1931815000000001
158.16666666666666,2363.0,1.1931815000000001
158.16666666666666,2343.0,1.1931815000000001
158.16666666666666,2363.0,1.1931815000000001
158.16666666666666,2382.0,1.1931815000000001
158.16666666666666,2392.0,1.1931815000000001
158.16666666666666,2439.0,1.1931815000000001
158.16666666666666,2544.0,1.1931815000000001
158.16666666666666,2542.0,1.1931815000000001
158.16666666666666,2496.0,1.1931815000000001
158.16666666666666,2425.0,1.1931815000000001
158.16666666666666,1824.0,1.1931815000000001
158.16666666666666,1605.0,1.1931815000000001
158.16666666666666,1511.0,1.1931815000000001
158.16666666666666,1513.0,1.1931815000000001
158.16666666666666,1628.0,1.1931815000000001
158.16666666666666,1383.0,1.1931815000000001
158.16666666666666,1285.0,1.1931815000000001
158.16666666666666,1413.0,1.1931815000000001
158.16666666666666,1608.0,1.1931815000000001
158.25,1617.0,1.1931815000000001
158.25,1537.0,0.11363633333333334
158.25,1572.0,0.11363633333333334
158.25,1678.0,0.11363633333333334
158.25,1678.0,0.11363633333333334
158.25,1614.0,0.11363633333333334
158.25,1636.0,0.11363633333333334
158.25,1636.0,0.11363633333333334
158.25,1734.0,0.11363633333333334
158.33333333333334,1755.0,0.340909
158.33333333333334,1956.0,0.340909
158.33333333333334,2103.0,0.340909
158.33333333333334,2318.0,0.340909
158.33333333333334,2530.0,0.340909
158.33333333333334,2728.0,0.340909
158.33333333333334,2822.0,0.340909
158.33333333333334,2936.0,0.340909
158.33333333333334,3007.0,0.340909
158.33333333333334,2882.0,0.340909
158.41666666666666,2756.0,0.28409083333333335
158.41666666666666,2764.0,0.28409083333333335
158.41666666666666,2776.0,0.28409083333333335
158.41666666666666,2754.0,0.28409083333333335
158.41666666666666,2572.0,0.28409083333333335
158.41666666666666,2510.0,0.28409083333333335
158.41666666666666,2579.0,0.28409083333333335
158.41666666666666,2632.0,0.28409083333333335
158.41666666666666,2484.0,0.28409083333333335
158.41666666666666,2480.0,0.28409083333333335
158.41666666666666,2641.0,0.28409083333333335
158.41666666666666,2765.0,0.28409083333333335
158.41666666666666,2690.0,0.28409083333333335
158.41666666666666,2591.0,0.28409083333333335
158.41666666666666,2662.0,0.28409083333333335
158.41666666666666,2701.0,0.28409083333333335
158.41666666666666,2619.0,0.28409083333333335
158.41666666666666,2458.0,0.28409083333333335
158.41666666666666,2146.0,0.28409083333333335
158.41666666666666,1820.0,0.28409083333333335
158.41666666666666,1470.0,0.28409083333333335
158.41666666666666,966.0,0.28409083333333335
158.41666666666666,477.0,0.28409083333333335
158.41666666666666,231.0,0.28409083333333335
158.41666666666666,82.0,0.28409083333333335
158.41666666666666,1.0,0.28409083333333335
158.41666666666666,0.0,0.28409083333333335
158.41666666666666,0.0,0.28409083333333335
158.41666666666666,0.0,0.28409083333333335
158.41666666666666,0.0,0.28409083333333335
158.41666666666666,0.0,0.28409083333333335
158.41666666666666,0.0,0.28409083333333335
158.41666666666666,0.0,0.28409083333333335
158.41666666666666,0.0,0.28409083333333335
158.41666666666666,0.0,0.28409083333333335
158.41666666666666,0.0,0.28409083333333335
158.41666666666666,0.0,0.28409083333333335
158.41666666666666,0.0,0.28409083333333335
158.41666666666666,0.0,0.28409083333333335
158.41666666666666,0.0,0.28409083333333335
158.41666666666666,0.0,0.28409083333333335
158.41666666666666,0.0,0.28409083333333335
158.41666666666666,0.0,0.28409083333333335
158.41666666666666,0.0,0.28409083333333335
158.41666666666666,0.0,0.28409083333333335
158.41666666666666,0.0,0.28409083333333335
158.41666666666666,0.0,0.28409083333333335
158.41666666666666,0.0,0.28409083333333335
158.41666666666666,0.0,0.28409083333333335
158.41666666666666,0.0,0.28409083333333335
158.41666666666666,0.0,0.28409083333333335
158.41666666666666,0.0,0.28409083333333335
158.41666666666666,0.0,0.28409083333333335
158.41666666666666,0.0,0.28409083333333335
158.41666666666666,0.0,0.28409083333333335
158.41666666666666,0.0,0.0
158.41666666666666,0.0,0.0
158.41666666666666,0.0,0.0
158.41666666666666,0.0,0.0
158.41666666666666,0.0,0.0
158.41666666666666,0.0,0.0
158.41666666666666,0.0,0.0
158.41666666666666,0.0,0.0
158.41666666666666,0.0,0.0
158.41666666666666,0.0,0.0
158.41666666666666,0.0,0.0
158.41666666666666,0.0,0.0
