0.0,0.0,0.0
0.0,0.0,0.0
0.0,0.0,0.0
0.0,0.0,0.0
0.0,0.0,0.0
0.0,0.0,0.0
0.0,1.0,0.0
0.0,0.0,0.0
0.0,0.0,0.0
0.0,0.0,0.0
0.0,0.0,0.0
0.0,0.0,0.0
0.0,0.0,0.0
0.0,0.0,0.0
0.0,1.0,0.0
0.0,0.0,0.0
0.0,0.0,0.0
0.0,0.0,0.0
0.0,0.0,0.0
0.0,0.0,0.0
0.0,0.0,0.0
0.0,0.0,0.0
0.0,0.0,0.0
0.0,0.0,0.0
0.0,0.0,0.0
0.0,0.0,0.0
0.0,0.0,0.0
0.0,0.0,0.0
0.0,0.0,0.0
0.0,0.0,0.0
0.0,0.0,0.0
0.0,0.0,0.0
0.0,0.0,0.0
0.0,0.0,0.0
0.0,0.0,0.0
0.0,0.0,0.0
0.0,0.0,0.0
0.0,0.0,0.0
0.0,0.0,0.0
0.0,0.0,0.0
0.0,0.0,0.0
0.0,0.0,0.0
0.0,0.0,0.0
0.0,0.0,0.0
0.0,0.0,0.0
0.0,0.0,0.0
0.0,0.0,0.0
0.0,0.0,0.0
0.0,0.0,0.0
0.0,0.0,0.0
0.0,0.0,0.0
0.0,0.0,0.0
0.0,0.0,0.0
0.0,1.0,0.0
0.0,0.0,0.0
0.0,0.0,0.0
0.0,0.0,0.0
0.0,0.0,0.0
0.0,0.0,0.0
0.0,1.0,0.0
0.0,0.0,0.0
0.0,0.0,0.0
0.0,0.0,0.0
0.0,0.0,0.0
0.0,0.0,0.0
0.0,0.0,0.0
0.0,0.0,0.0
0.0,0.0,0.0
0.0,0.0,0.0
0.0,0.0,0.0
0.0,0.0,0.0
0.0,0.0,0.0
0.0,0.0,0.0
0.0,0.0,0.0
0.0,0.0,0.0
0.0,0.0,0.0
0.0,0.0,0.0
0.0,0.0,0.0
0.0,0.0,0.0
0.0,0.0,0.0
0.0,0.0,0.0
0.0,0.0,0.0
0.0,0.0,0.0
0.0,0.0,0.0
0.0,0.0,0.0
0.0,0.0,0.0
0.0,0.0,0.0
0.0,0.0,0.0
0.0,0.0,0.0
0.0,0.0,0.0
0.0,0.0,0.0
0.0,0.0,0.0
0.0,0.0,0.0
0.0,0.0,0.0
0.0,0.0,0.0
0.0,0.0,0.0
0.0,0.0,0.0
0.0,0.0,0.0
0.0,0.0,0.0
0.0,0.0,0.0
0.0,0.0,0.0
0.0,0.0,0.0
0.0,0.0,0.0
0.0,0.0,0.0
0.0,0.0,0.0
0.0,0.0,0.0
0.0,0.0,0.0
0.0,0.0,0.0
0.0,0.0,0.0
0.0,0.0,0.0
0.0,0.0,0.0
0.0,0.0,0.0
0.0,0.0,0.0
0.0,0.0,0.0
0.0,0.0,0.0
0.0,0.0,0.0
0.0,1.0,0.0
0.0,0.0,0.0
0.0,0.0,0.0
0.0,0.0,0.0
0.0,0.0,0.0
0.0,1.0,0.0
0.0,0.0,0.0
0.0,0.0,0.0
0.0,0.0,0.0
0.0,0.0,0.0
0.0,1.0,0.0
0.0,0.0,0.0
0.0,0.0,0.0
0.0,0.0,0.0
0.0,0.0,0.0
0.0,0.0,0.0
0.0,0.0,0.0
0.0,0.0,0.0
0.0,0.0,0.0
0.0,0.0,0.0
0.0,0.0,0.0
0.0,0.0,0.0
0.0,0.0,0.0
0.0,0.0,0.0
0.0,0.0,0.0
0.0,0.0,0.0
0.0,0.0,0.0
0.0,0.0,0.0
0.0,0.0,0.0
0.0,0.0,0.0
0.0,0.0,0.0
0.0,0.0,0.0
0.0,0.0,0.0
0.0,0.0,0.0
0.0,0.0,0.0
0.0,0.0,0.0
0.0,0.0,0.0
0.0,0.0,0.0
0.0,0.0,0.0
0.0,0.0,0.0
0.0,0.0,0.0
0.0,1.0,0.0
0.0,0.0,0.0
0.0,0.0,0.0
0.0,0.0,0.0
0.0,0.0,0.0
0.0,0.0,0.0
0.0,0.0,0.0
0.0,44.0,0.0
0.0,76.0,0.0
0.0,96.0,0.0
0.0,98.0,0.0
0.0,89.0,0.0
0.0,96.0,0.0
0.0,107.0,0.0
0.0,125.0,0.0
0.0,144.0,0.0
0.0,144.0,0.0
0.0,143.0,0.0
0.0,145.0,0.0
0.0,148.0,0.0
0.0,152.0,0.0
0.0,154.0,0.0
0.0,156.0,0.0
0.0,159.0,0.0
0.0,164.0,0.0
0.0,170.0,0.0
0.0,179.0,0.0
0.0,188.0,0.0
0.0,204.0,0.0
0.0,234.0,0.0
0.0,259.0,0.0
0.0,288.0,0.0
0.0,314.0,0.0
0.0,328.0,0.0
0.0,328.0,0.0
0.0,330.0,0.0
0.0,334.0,0.0
0.0,341.0,0.0
0.0,359.0,0.0
0.0,371.0,0.0
0.0,384.0,0.0
0.0,397.0,0.0
0.0,435.0,0.0
0.0,486.0,0.0
0.0,534.0,0.0
0.0,581.0,0.0
0.0,616.0,0.0
0.0,613.0,0.0
0.0,612.0,0.0
0.0,583.0,0.0
0.0,557.0,0.0
0.0,537.0,0.0
0.0,533.0,0.0
0.0,532.0,0.0
0.0,532.0,0.0
0.0,533.0,0.0
0.0,538.0,0.0
0.0,541.0,0.0
0.0,544.0,0.0
0.0,550.0,0.0
0.0,583.0,0.0
0.0,621.0,0.0
0.0,620.0,0.0
0.0,733.0,0.0
0.0,807.0,0.0
0.0,804.0,0.0
0.0,762.0,0.0
0.0,720.0,0.0
0.0,678.0,0.0
0.0,597.0,0.0
0.0,565.0,0.0
0.0,570.0,0.0
0.0,602.0,0.0
0.0,665.0,0.0
0.0,680.0,0.0
0.0,689.0,0.0
0.0,689.0,0.0
0.0,689.0,0.0
0.0,707.0,0.0
0.0,736.0,0.0
0.0,737.0,0.0
0.0,774.0,0.0
0.0,852.0,0.0
0.0,1317.0,0.11363633333333334
0.0,1657.0,0.11363633333333334
0.0,1747.0,0.11363633333333334
0.0,1847.0,0.11363633333333334
0.0,2198.0,0.11363633333333334
0.0,2251.0,0.11363633333333334
0.08333333333333333,2115.0,0.11363633333333334
0.08333333333333333,1954.0,0.11363633333333334
0.08333333333333333,1907.0,0.11363633333333334
0.08333333333333333,1656.0,0.11363633333333334
0.08333333333333333,1753.0,0.11363633333333334
0.08333333333333333,1965.0,0.11363633333333334
0.08333333333333333,2111.0,0.11363633333333334
0.16666666666666666,1943.0,0.11363633333333334
0.16666666666666666,1684.0,0.11363633333333334
0.16666666666666666,1475.0,0.11363633333333334
0.16666666666666666,1440.0,0.11363633333333334
0.16666666666666666,1622.0,0.11363633333333334
0.25,2029.0,0.6249998333333333
0.25,2222.0,0.6249998333333333
0.25,2215.0,0.6249998333333333
0.25,2150.0,0.6249998333333333
0.3333333333333333,1870.0,0.681818
0.3333333333333333,1739.0,0.681818
0.3333333333333333,1784.0,0.681818
0.3333333333333333,1919.0,0.681818
0.3333333333333333,2123.0,0.681818
0.3333333333333333,2117.0,0.681818
0.3333333333333333,2041.0,0.681818
0.3333333333333333,1924.0,0.681818
0.3333333333333333,1782.0,0.681818
0.3333333333333333,1674.0,0.681818
0.3333333333333333,1717.0,0.681818
0.3333333333333333,1855.0,0.681818
0.3333333333333333,2017.0,0.681818
0.3333333333333333,2143.0,0.681818
0.3333333333333333,2082.0,0.681818
0.3333333333333333,2082.0,0.681818
0.3333333333333333,2018.0,0.681818
0.3333333333333333,1975.0,0.681818
0.3333333333333333,1947.0,0.681818
0.3333333333333333,1995.0,0.681818
0.3333333333333333,2103.0,0.681818
0.3333333333333333,2172.0,0.681818
0.3333333333333333,2169.0,0.681818
0.3333333333333333,1986.0,0.681818
0.4166666666666667,1821.0,0.681818
0.4166666666666667,1726.0,0.11363633333333334
0.5,1700.0,0.11363633333333334
0.5,1767.0,1.363636
0.5833333333333334,1793.0,1.363636
0.5833333333333334,1978.0,1.5909086666666667
0.6666666666666666,2023.0,1.6477268333333333
0.75,1912.0,1.6477268333333333
0.75,1776.0,1.704545
0.8333333333333334,1755.0,1.704545
0.8333333333333334,1764.0,1.5340905
0.9166666666666666,1812.0,1.5340905
0.9166666666666666,1861.0,1.4772723333333333
1.0,1805.0,1.8181813333333334
1.0833333333333333,1777.0,1.8181813333333334
1.0833333333333333,1786.0,1.761363166666667
1.1666666666666667,1786.0,1.8181813333333334
1.25,1739.0,1.8181813333333334
1.25,1738.0,2.0454540000000003
1.3333333333333333,1857.0,1.761363166666667
1.4166666666666667,1894.0,1.761363166666667
1.4166666666666667,1765.0,1.9318176666666669
1.5,1736.0,1.9318176666666669
1.5,1763.0,1.9318176666666669
1.5,1812.0,1.9318176666666669
1.5,1860.0,1.9318176666666669
1.5833333333333333,1890.0,1.9318176666666669
1.5833333333333333,1891.0,0.681818
1.5833333333333333,1843.0,0.681818
1.5833333333333333,1792.0,0.681818
1.6666666666666667,1834.0,0.681818
1.6666666666666667,1869.0,0.681818
1.6666666666666667,1868.0,0.681818
1.6666666666666667,1868.0,0.681818
1.75,1866.0,0.9090906666666667
1.8333333333333333,1864.0,2.6136356666666667
1.9166666666666667,1817.0,2.102272166666667
1.9166666666666667,1787.0,2.102272166666667
2.0,1818.0,1.761363166666667
2.0833333333333335,1848.0,2.2159085000000003
2.1666666666666665,1808.0,2.5568175
2.25,1766.0,2.5568175
2.25,1682.0,2.1590903333333333
2.25,1644.0,2.1590903333333333
2.3333333333333335,1622.0,2.1590903333333333
2.4166666666666665,1660.0,1.0227270000000002
2.5,1691.0,2.670453833333333
2.5,1693.0,2.3863630000000002
2.5833333333333335,1611.0,2.2159085000000003
2.6666666666666665,1585.0,2.4431811666666667
2.75,1570.0,2.5568175
2.8333333333333335,1553.0,2.5568175
2.9166666666666665,1526.0,2.4431811666666667
3.0,1477.0,2.4431811666666667
3.0,1445.0,2.727272
3.0,1394.0,2.727272
3.0833333333333335,1361.0,2.727272
3.1666666666666665,1482.0,0.8522725
3.1666666666666665,1557.0,2.8409083333333336
3.25,1547.0,2.3863630000000002
3.3333333333333335,1488.0,2.5568175
3.4166666666666665,1375.0,3.1249991666666666
3.5,1227.0,2.6136356666666667
3.5833333333333335,1185.0,2.6136356666666667
3.6666666666666665,1214.0,2.8977265
3.75,1335.0,3.522726333333334
3.8333333333333335,1495.0,3.068181
3.9166666666666665,1459.0,2.727272
4.0,1402.0,2.4431811666666667
4.083333333333333,1334.0,2.8409083333333336
4.166666666666667,1226.0,3.2386355
4.25,1249.0,3.2386355
4.25,1297.0,1.6477268333333333
4.333333333333333,1355.0,1.6477268333333333
4.333333333333333,1385.0,1.4204541666666668
4.333333333333333,1391.0,1.4204541666666668
4.333333333333333,1391.0,1.4204541666666668
4.333333333333333,1410.0,1.4204541666666668
4.333333333333333,1429.0,1.4204541666666668
4.416666666666667,1438.0,0.5113635000000001
4.5,1383.0,3.693180833333334
4.583333333333333,1343.0,3.0113628333333335
4.75,1280.0,3.2954536666666665
4.833333333333333,1207.0,3.2954536666666665
4.916666666666667,1184.0,2.8409083333333336
5.0,1201.0,3.1818173333333335
5.083333333333333,1221.0,3.693180833333334
5.166666666666667,1243.0,3.2954536666666665
5.25,1220.0,3.5795445000000004
5.416666666666667,1171.0,3.5795445000000004
5.416666666666667,1064.0,3.5795445000000004
5.5,1017.0,3.5795445000000004
5.583333333333333,1031.0,1.4772723333333333
5.666666666666667,1161.0,3.806817166666667
5.833333333333333,1134.0,3.806817166666667
5.833333333333333,1055.0,4.090908000000001
5.833333333333333,982.0,4.090908000000001
5.833333333333333,927.0,4.090908000000001
5.916666666666667,947.0,0.8522725
6.0,990.0,0.8522725
6.083333333333333,1048.0,1.8749995000000002
6.166666666666667,1079.0,3.2954536666666665
6.25,978.0,3.2386355
6.333333333333333,968.0,3.352271833333334
6.5,767.0,3.352271833333334
6.583333333333333,652.0,3.7499990000000003
6.666666666666667,643.0,3.4659081666666665
6.75,660.0,2.8977265
6.833333333333333,623.0,3.693180833333334
7.0,615.0,3.693180833333334
7.083333333333333,611.0,4.147726166666667
7.166666666666667,605.0,3.636362666666667
7.333333333333333,673.0,3.4659081666666665
7.416666666666667,764.0,3.352271833333334
7.416666666666667,802.0,3.522726333333334
7.416666666666667,813.0,3.522726333333334
7.416666666666667,774.0,3.522726333333334
7.5,775.0,3.522726333333334
7.5,762.0,0.681818
7.583333333333333,762.0,0.681818
7.666666666666667,743.0,3.0113628333333335
7.833333333333333,756.0,3.4659081666666665
7.916666666666667,769.0,4.374998833333334
8.0,718.0,2.8409083333333336
8.083333333333334,593.0,3.8636353333333338
8.25,491.0,3.8636353333333338
8.333333333333334,482.0,3.636362666666667
8.333333333333334,495.0,3.1249991666666666
8.416666666666666,472.0,3.1249991666666666
8.5,575.0,3.522726333333334
8.5,686.0,3.522726333333334
8.5,725.0,3.522726333333334
8.583333333333334,726.0,3.522726333333334
8.583333333333334,743.0,0.8522725
8.583333333333334,686.0,0.8522725
8.583333333333334,663.0,0.8522725
8.75,643.0,0.8522725
8.833333333333334,638.0,3.636362666666667
8.916666666666666,703.0,3.2954536666666665
9.0,729.0,3.0113628333333335
9.083333333333334,796.0,3.4659081666666665
9.25,878.0,3.4659081666666665
9.333333333333334,902.0,2.9545446666666666
9.333333333333334,853.0,3.806817166666667
9.416666666666666,831.0,3.806817166666667
9.416666666666666,807.0,1.4772723333333333
9.5,807.0,1.8181813333333334
9.666666666666666,804.0,3.2954536666666665
9.666666666666666,803.0,3.40909
9.833333333333334,812.0,3.40909
9.916666666666666,830.0,4.147726166666667
10.0,834.0,3.1818173333333335
10.083333333333334,822.0,3.0113628333333335
10.166666666666666,813.0,3.522726333333334
10.333333333333334,814.0,3.522726333333334
10.416666666666666,820.0,3.2954536666666665
10.5,822.0,3.2386355
10.583333333333334,843.0,3.693180833333334
10.666666666666666,865.0,3.522726333333334
10.75,870.0,3.5795445000000004
10.916666666666666,868.0,3.522726333333334
11.0,868.0,3.352271833333334
11.083333333333334,862.0,3.40909
11.166666666666666,880.0,3.352271833333334
11.25,895.0,3.1249991666666666
11.416666666666666,902.0,3.1249991666666666
11.5,912.0,4.6022715000000005
11.583333333333334,915.0,3.1249991666666666
11.666666666666666,927.0,2.670453833333333
11.75,992.0,3.068181
11.833333333333334,1072.0,3.2386355
11.916666666666666,1123.0,3.0113628333333335
12.083333333333334,1140.0,3.0113628333333335
12.166666666666666,1114.0,3.9772716666666668
12.25,1063.0,3.1249991666666666
12.333333333333334,992.0,3.4659081666666665
12.416666666666666,924.0,3.2386355
12.5,866.0,3.40909
12.666666666666666,796.0,3.40909
12.75,791.0,3.40909
12.833333333333334,847.0,3.40909
12.916666666666666,867.0,3.352271833333334
13.0,911.0,3.4659081666666665
13.083333333333334,1063.0,3.352271833333334
13.25,1083.0,3.352271833333334
13.333333333333334,1112.0,3.5795445000000004
13.416666666666666,1157.0,2.8977265
13.5,1155.0,3.8636353333333338
13.583333333333334,1142.0,3.2954536666666665
13.75,1069.0,3.2954536666666665
13.833333333333334,1000.0,3.2386355
13.916666666666666,953.0,3.2954536666666665
14.0,924.0,3.4659081666666665
14.083333333333334,917.0,2.8977265
14.083333333333334,945.0,2.8977265
14.25,996.0,2.8977265
14.333333333333334,1042.0,3.9772716666666668
14.416666666666666,1032.0,3.4659081666666665
14.5,1023.0,3.2954536666666665
14.583333333333334,1019.0,3.1818173333333335
14.666666666666666,1041.0,2.6136356666666667
14.75,1018.0,3.2954536666666665
14.916666666666666,1019.0,3.522726333333334
15.0,1009.0,3.522726333333334
15.083333333333334,1009.0,3.636362666666667
15.166666666666666,995.0,3.1818173333333335
15.25,917.0,3.0113628333333335
15.333333333333334,849.0,3.352271833333334
15.416666666666666,841.0,3.1818173333333335
15.416666666666666,873.0,3.1818173333333335
15.416666666666666,880.0,3.1818173333333335
15.5,916.0,3.1818173333333335
15.583333333333334,948.0,3.40909
15.666666666666666,992.0,3.40909
15.75,1023.0,2.9545446666666666
15.833333333333334,946.0,3.1818173333333335
16.0,885.0,3.1818173333333335
16.083333333333332,885.0,3.1818173333333335
16.166666666666668,834.0,4.034089833333334
16.166666666666668,879.0,4.034089833333334
16.166666666666668,940.0,4.034089833333334
16.333333333333332,966.0,4.034089833333334
16.416666666666668,943.0,3.693180833333334
16.5,909.0,3.1249991666666666
16.583333333333332,885.0,3.8636353333333338
16.583333333333332,895.0,3.8636353333333338
16.666666666666668,926.0,3.8636353333333338
16.75,932.0,1.1931815000000001
16.833333333333332,869.0,4.034089833333334
16.833333333333332,826.0,4.034089833333334
16.916666666666668,712.0,1.5909086666666667
17.0,711.0,1.5909086666666667
17.083333333333332,687.0,1.8181813333333334
17.166666666666668,702.0,3.1818173333333335
17.25,743.0,3.1818173333333335
17.416666666666668,793.0,3.40909
17.5,837.0,3.4659081666666665
17.583333333333332,838.0,3.806817166666667
17.666666666666668,820.0,3.2954536666666665
17.833333333333332,820.0,3.2954536666666665
17.916666666666668,832.0,3.522726333333334
18.0,909.0,3.1818173333333335
18.0,917.0,3.5795445000000004
18.0,896.0,3.5795445000000004
18.166666666666668,878.0,3.5795445000000004
18.25,809.0,3.4659081666666665
18.333333333333332,680.0,3.522726333333334
18.416666666666668,680.0,3.352271833333334
18.5,656.0,4.147726166666667
18.583333333333332,651.0,3.40909
18.666666666666668,671.0,3.40909
18.75,676.0,1.5909086666666667
18.833333333333332,663.0,3.8636353333333338
18.916666666666668,643.0,3.4659081666666665
19.083333333333332,615.0,3.4659081666666665
19.166666666666668,565.0,3.5795445000000004
19.25,598.0,3.0113628333333335
19.25,651.0,3.693180833333334
19.333333333333332,671.0,1.5909086666666667
19.5,688.0,3.5795445000000004
19.583333333333332,690.0,4.090908000000001
19.666666666666668,691.0,3.1818173333333335
19.75,726.0,3.4659081666666665
19.833333333333332,765.0,3.2386355
20.0,812.0,3.40909
20.0,817.0,3.522726333333334
20.083333333333332,787.0,3.522726333333334
20.166666666666668,773.0,3.693180833333334
20.25,803.0,3.4659081666666665
20.416666666666668,825.0,3.352271833333334
20.5,837.0,3.1818173333333335
20.583333333333332,825.0,4.034089833333334
20.666666666666668,814.0,3.5795445000000004
20.75,806.0,2.5568175
20.916666666666668,858.0,2.5568175
21.0,869.0,3.1249991666666666
21.083333333333332,862.0,3.522726333333334
21.166666666666668,856.0,2.9545446666666666
21.25,850.0,4.147726166666667
21.333333333333332,817.0,3.1818173333333335
21.416666666666668,787.0,3.1818173333333335
21.416666666666668,761.0,1.6477268333333333
21.416666666666668,731.0,1.6477268333333333
21.416666666666668,720.0,1.6477268333333333
21.583333333333332,703.0,1.6477268333333333
21.666666666666668,654.0,3.4659081666666665
21.75,604.0,3.1818173333333335
21.833333333333332,602.0,3.5795445000000004
21.916666666666668,596.0,4.318180666666667
22.083333333333332,596.0,4.318180666666667
22.166666666666668,597.0,3.40909
22.25,616.0,3.7499990000000003
22.25,623.0,2.7840901666666666
22.416666666666668,642.0,2.7840901666666666
22.416666666666668,660.0,3.4659081666666665
22.5,671.0,3.4659081666666665
22.583333333333332,717.0,1.6477268333333333
22.583333333333332,678.0,3.068181
22.583333333333332,651.0,3.068181
22.75,651.0,3.068181
22.833333333333332,651.0,3.7499990000000003
22.916666666666668,645.0,3.5795445000000004
22.916666666666668,643.0,3.5795445000000004
23.083333333333332,618.0,3.5795445000000004
23.166666666666668,633.0,4.090908000000001
23.25,677.0,3.9204535000000003
23.333333333333332,668.0,3.352271833333334
23.416666666666668,605.0,3.352271833333334
23.583333333333332,557.0,3.352271833333334
23.666666666666668,535.0,3.806817166666667
23.75,495.0,3.1818173333333335
23.916666666666668,443.0,3.4659081666666665
24.0,372.0,3.806817166666667
24.0,340.0,3.1249991666666666
24.083333333333332,358.0,1.8181813333333334
24.083333333333332,394.0,1.8181813333333334
24.083333333333332,394.0,1.8181813333333334
24.083333333333332,585.0,1.8181813333333334
24.083333333333332,686.0,1.8181813333333334
24.166666666666668,625.0,1.8181813333333334
24.166666666666668,538.0,0.5681816666666667
24.25,532.0,0.5681816666666667
24.333333333333332,675.0,1.1931815000000001
24.416666666666668,751.0,3.636362666666667
24.5,761.0,3.2386355
24.583333333333332,723.0,3.068181
24.75,674.0,3.806817166666667
24.833333333333332,672.0,3.8636353333333338
24.833333333333332,704.0,3.068181
24.916666666666668,750.0,3.068181
25.0,752.0,3.636362666666667
25.166666666666668,740.0,3.5795445000000004
25.25,740.0,3.522726333333334
25.25,709.0,3.2954536666666665
25.333333333333332,680.0,1.6477268333333333
25.416666666666668,656.0,3.352271833333334
25.416666666666668,661.0,3.352271833333334
25.416666666666668,654.0,3.352271833333334
25.416666666666668,638.0,3.352271833333334
25.5,652.0,3.352271833333334
25.583333333333332,630.0,3.4659081666666665
25.666666666666668,645.0,2.7840901666666666
25.833333333333332,673.0,2.7840901666666666
25.916666666666668,680.0,3.693180833333334
26.0,683.0,3.9772716666666668
26.083333333333332,686.0,3.40909
26.166666666666668,699.0,3.4659081666666665
26.25,700.0,3.4659081666666665
26.333333333333332,701.0,1.5340905
26.416666666666668,742.0,5.738634833333333
26.5,761.0,2.6136356666666667
26.583333333333332,802.0,2.6136356666666667
26.583333333333332,822.0,1.8749995000000002
26.583333333333332,793.0,1.8749995000000002
26.583333333333332,797.0,1.8749995000000002
26.666666666666668,792.0,1.8749995000000002
26.666666666666668,802.0,0.681818
26.75,853.0,0.681818
26.833333333333332,914.0,3.2954536666666665
26.916666666666668,906.0,3.2954536666666665
27.083333333333332,930.0,3.4659081666666665
27.166666666666668,955.0,3.636362666666667
27.25,903.0,3.806817166666667
27.333333333333332,860.0,3.4659081666666665
27.416666666666668,849.0,2.7840901666666666
27.5,832.0,2.7840901666666666
27.5,798.0,1.9886358333333334
27.583333333333332,783.0,1.9886358333333334
27.666666666666668,798.0,3.636362666666667
27.666666666666668,809.0,3.636362666666667
27.666666666666668,810.0,3.636362666666667
27.75,804.0,3.636362666666667
27.75,799.0,0.7954543333333334
27.75,784.0,0.7954543333333334
27.75,786.0,0.7954543333333334
27.833333333333332,786.0,0.8522725
27.916666666666668,807.0,0.8522725
28.0,868.0,1.6477268333333333
28.083333333333332,933.0,3.636362666666667
28.166666666666668,939.0,2.8977265
28.25,896.0,3.4659081666666665
28.416666666666668,929.0,3.4659081666666665
28.5,969.0,3.40909
28.583333333333332,979.0,3.2954536666666665
28.666666666666668,945.0,2.8977265
28.75,909.0,4.488635166666667
28.833333333333332,874.0,2.8409083333333336
29.0,872.0,3.2386355
29.083333333333332,833.0,3.4659081666666665
29.166666666666668,846.0,3.2954536666666665
29.166666666666668,890.0,3.2954536666666665
29.166666666666668,897.0,3.2954536666666665
29.25,870.0,3.2954536666666665
29.25,862.0,0.8522725
29.25,890.0,0.8522725
29.333333333333332,926.0,1.1363633333333334
29.5,968.0,3.522726333333334
29.583333333333332,946.0,4.204544333333334
29.666666666666668,907.0,2.4999993333333332
29.75,867.0,3.2954536666666665
29.833333333333332,855.0,3.40909
29.916666666666668,854.0,3.40909
30.083333333333332,872.0,3.2386355
30.166666666666668,911.0,3.2386355
30.25,1006.0,2.8977265
30.333333333333332,1002.0,3.9772716666666668
30.416666666666668,977.0,4.488635166666667
30.5,1011.0,3.1249991666666666
30.583333333333332,1049.0,3.2386355
30.666666666666668,1041.0,3.2386355
30.666666666666668,1028.0,1.5909086666666667
30.666666666666668,1028.0,1.5909086666666667
30.75,1059.0,1.1363633333333334
30.833333333333332,1078.0,3.693180833333334
31.0,1119.0,3.693180833333334
31.083333333333332,1120.0,4.034089833333334
31.166666666666668,1066.0,3.1249991666666666
31.25,1066.0,3.9204535000000003
31.416666666666668,1019.0,3.9204535000000003
31.5,979.0,3.2954536666666665
31.5,997.0,3.8636353333333338
31.583333333333332,1052.0,1.6477268333333333
31.583333333333332,1129.0,1.6477268333333333
31.666666666666668,1126.0,1.5340905
31.75,1085.0,3.636362666666667
31.833333333333332,1059.0,3.636362666666667
31.916666666666668,1057.0,1.5909086666666667
31.916666666666668,1084.0,3.40909
31.916666666666668,1104.0,3.40909
31.916666666666668,1125.0,3.40909
32.083333333333336,1131.0,3.40909
32.166666666666664,1120.0,3.2386355
32.25,1095.0,3.4659081666666665
32.25,1098.0,2.8409083333333336
32.333333333333336,1111.0,2.8409083333333336
32.416666666666664,1142.0,3.5795445000000004
32.5,1146.0,3.806817166666667
32.583333333333336,1122.0,3.806817166666667
32.666666666666664,1085.0,1.6477268333333333
32.75,1047.0,3.40909
32.833333333333336,1052.0,3.0113628333333335
33.0,1062.0,3.068181
33.083333333333336,1058.0,3.9772716666666668
33.166666666666664,1038.0,2.8977265
33.25,1026.0,3.9772716666666668
33.333333333333336,1022.0,4.318180666666667
33.416666666666664,1029.0,3.2386355
33.416666666666664,1027.0,3.2386355
33.5,1031.0,3.2386355
33.5,1051.0,1.1363633333333334
33.583333333333336,1086.0,1.1363633333333334
33.583333333333336,1126.0,1.6477268333333333
33.75,1096.0,1.704545
33.833333333333336,1016.0,3.693180833333334
33.916666666666664,974.0,3.40909
34.0,949.0,3.522726333333334
34.0,964.0,3.0113628333333335
34.083333333333336,1002.0,1.704545
34.166666666666664,1010.0,3.4659081666666665
34.25,1002.0,3.4659081666666665
34.333333333333336,1002.0,1.8749995000000002
34.416666666666664,977.0,3.5795445000000004
34.416666666666664,978.0,3.5795445000000004
34.583333333333336,1010.0,3.5795445000000004
34.583333333333336,1026.0,3.5795445000000004
34.583333333333336,1039.0,3.5795445000000004
34.583333333333336,1036.0,3.5795445000000004
34.666666666666664,1026.0,0.8522725
34.833333333333336,1002.0,3.2386355
34.833333333333336,969.0,3.693180833333334
34.916666666666664,901.0,3.693180833333334
35.0,873.0,3.4659081666666665
35.166666666666664,874.0,3.4659081666666665
35.25,930.0,3.5795445000000004
35.333333333333336,954.0,3.068181
35.416666666666664,941.0,3.2954536666666665
35.5,944.0,3.40909
35.583333333333336,981.0,3.40909
35.666666666666664,998.0,1.761363166666667
35.666666666666664,995.0,3.1818173333333335
35.75,970.0,1.704545
35.75,909.0,1.704545
35.75,880.0,1.704545
35.833333333333336,896.0,1.704545
35.833333333333336,899.0,0.8522725
35.833333333333336,894.0,0.8522725
35.916666666666664,895.0,1.0795451666666667
36.0,862.0,3.9204535000000003
36.166666666666664,822.0,3.2954536666666665
36.25,795.0,3.1818173333333335
36.333333333333336,769.0,4.034089833333334
36.416666666666664,783.0,4.147726166666667
36.583333333333336,808.0,4.147726166666667
36.666666666666664,791.0,4.374998833333334
36.75,765.0,3.1249991666666666
36.833333333333336,726.0,2.7840901666666666
36.916666666666664,691.0,4.034089833333334
37.083333333333336,692.0,3.693180833333334
37.166666666666664,754.0,3.522726333333334
37.25,831.0,3.2954536666666665
37.333333333333336,831.0,3.9204535000000003
37.333333333333336,850.0,3.9204535000000003
37.333333333333336,831.0,3.9204535000000003
37.416666666666664,831.0,3.9204535000000003
37.5,802.0,0.7954543333333334
37.583333333333336,815.0,3.7499990000000003
37.583333333333336,874.0,3.0113628333333335
37.666666666666664,950.0,1.8181813333333334
37.833333333333336,970.0,2.7840901666666666
37.916666666666664,940.0,3.806817166666667
38.0,879.0,4.090908000000001
38.083333333333336,852.0,3.40909
38.083333333333336,888.0,3.40909
38.166666666666664,907.0,1.6477268333333333
38.25,936.0,3.1249991666666666
38.333333333333336,936.0,3.1249991666666666
38.333333333333336,1018.0,1.9886358333333334
38.416666666666664,1025.0,1.5340905
38.416666666666664,1023.0,1.5340905
38.5,999.0,1.761363166666667
38.5,943.0,1.761363166666667
38.5,929.0,1.761363166666667
38.583333333333336,943.0,1.761363166666667
38.666666666666664,989.0,3.522726333333334
38.75,1023.0,3.5795445000000004
38.833333333333336,1069.0,3.5795445000000004
38.916666666666664,1094.0,1.5909086666666667
39.0,1094.0,3.9772716666666668
39.083333333333336,1107.0,3.1818173333333335
39.166666666666664,1145.0,3.806817166666667
39.25,1161.0,3.352271833333334
39.333333333333336,1194.0,3.352271833333334
39.333333333333336,1211.0,1.4772723333333333
39.416666666666664,1164.0,1.8181813333333334
39.5,1101.0,3.693180833333334
39.583333333333336,1074.0,3.522726333333334
39.666666666666664,1073.0,3.522726333333334
39.666666666666664,1113.0,1.6477268333333333
39.75,1164.0,1.6477268333333333
39.833333333333336,1191.0,3.7499990000000003
39.833333333333336,1167.0,3.7499990000000003
40.0,1137.0,3.7499990000000003
40.083333333333336,1101.0,3.522726333333334
40.083333333333336,1024.0,3.40909
40.166666666666664,1025.0,1.6477268333333333
40.25,1025.0,3.5795445000000004
40.333333333333336,1066.0,3.522726333333334
40.5,1062.0,3.522726333333334
40.5,994.0,3.5795445000000004
40.583333333333336,969.0,1.704545
40.666666666666664,953.0,3.2386355
40.75,973.0,3.2954536666666665
40.833333333333336,1067.0,2.670453833333333
41.0,1113.0,3.40909
41.083333333333336,1164.0,3.5795445000000004
41.083333333333336,1167.0,4.147726166666667
41.083333333333336,1115.0,4.147726166666667
41.166666666666664,1095.0,1.0795451666666667
41.25,1042.0,3.522726333333334
41.25,1042.0,3.522726333333334
41.25,1089.0,3.522726333333334
41.333333333333336,1120.0,3.522726333333334
41.416666666666664,1124.0,0.7954543333333334
41.5,1103.0,3.9204535000000003
41.583333333333336,1082.0,2.9545446666666666
41.75,1078.0,3.2386355
41.833333333333336,1084.0,3.522726333333334
41.833333333333336,1089.0,3.636362666666667
41.833333333333336,1076.0,3.636362666666667
41.916666666666664,1039.0,1.0795451666666667
41.916666666666664,1016.0,1.0795451666666667
42.083333333333336,1016.0,1.761363166666667
42.166666666666664,1043.0,3.1249991666666666
42.25,1051.0,3.522726333333334
42.333333333333336,1043.0,3.40909
42.416666666666664,1034.0,4.204544333333334
42.5,1037.0,3.1249991666666666
42.583333333333336,1063.0,3.352271833333334
42.666666666666664,1128.0,3.1249991666666666
42.666666666666664,1215.0,3.1249991666666666
42.75,1170.0,3.1249991666666666
42.833333333333336,1082.0,3.693180833333334
42.916666666666664,1045.0,3.1249991666666666
43.0,1005.0,3.352271833333334
43.166666666666664,1073.0,3.352271833333334
43.25,1073.0,3.2386355
43.333333333333336,1194.0,3.5795445000000004
43.333333333333336,1260.0,3.1249991666666666
43.416666666666664,1260.0,1.6477268333333333
43.5,1192.0,3.068181
43.583333333333336,1133.0,3.806817166666667
43.666666666666664,1139.0,2.727272
43.75,1169.0,3.1818173333333335
43.833333333333336,1214.0,3.1818173333333335
43.833333333333336,1260.0,1.704545
43.833333333333336,1300.0,1.704545
43.833333333333336,1297.0,1.704545
43.833333333333336,1270.0,1.704545
43.916666666666664,1246.0,0.6249998333333333
43.916666666666664,1232.0,0.6249998333333333
44.0,1231.0,0.6249998333333333
44.0,1213.0,1.0227270000000002
44.083333333333336,1216.0,1.704545
44.166666666666664,1224.0,3.522726333333334
44.333333333333336,1230.0,3.522726333333334
44.416666666666664,1219.0,3.9204535000000003
44.5,1177.0,3.2954536666666665
44.5,1177.0,3.1818173333333335
44.583333333333336,1180.0,1.5909086666666667
44.583333333333336,1188.0,1.5909086666666667
44.666666666666664,1191.0,1.5909086666666667
44.75,1178.0,1.1363633333333334
44.75,1163.0,3.2386355
44.833333333333336,1159.0,1.6477268333333333
44.916666666666664,1160.0,3.1818173333333335
44.916666666666664,1172.0,3.1818173333333335
44.916666666666664,1190.0,3.1818173333333335
44.916666666666664,1184.0,3.1818173333333335
45.0,1153.0,3.1818173333333335
45.083333333333336,1116.0,0.6249998333333333
45.166666666666664,1110.0,3.352271833333334
45.25,1106.0,3.2954536666666665
45.416666666666664,1100.0,3.2954536666666665
45.5,1060.0,3.40909
45.583333333333336,997.0,3.522726333333334
45.666666666666664,1005.0,2.670453833333333
45.75,1024.0,4.204544333333334
45.833333333333336,1042.0,3.352271833333334
46.0,1078.0,3.352271833333334
46.083333333333336,1135.0,3.4659081666666665
46.166666666666664,1142.0,2.9545446666666666
46.25,1142.0,3.2954536666666665
46.333333333333336,1137.0,2.9545446666666666
46.416666666666664,1135.0,3.352271833333334
46.416666666666664,1166.0,3.352271833333334
46.416666666666664,1213.0,3.352271833333334
46.5,1257.0,3.352271833333334
46.583333333333336,1307.0,0.7954543333333334
46.666666666666664,1297.0,3.4659081666666665
46.75,1249.0,3.352271833333334
46.916666666666664,1170.0,3.352271833333334
47.0,1077.0,3.2954536666666665
47.083333333333336,1038.0,3.1249991666666666
47.166666666666664,1056.0,3.352271833333334
47.25,1062.0,3.2954536666666665
47.25,1096.0,2.8409083333333336
47.416666666666664,1152.0,2.8409083333333336
47.5,1148.0,3.806817166666667
47.583333333333336,1131.0,3.1818173333333335
47.666666666666664,1155.0,3.068181
47.666666666666664,1170.0,3.693180833333334
47.75,1196.0,1.6477268333333333
47.75,1221.0,1.6477268333333333
47.75,1210.0,1.6477268333333333
47.75,1199.0,1.6477268333333333
47.833333333333336,1227.0,1.6477268333333333
47.916666666666664,1233.0,3.636362666666667
48.0,1246.0,3.1249991666666666
48.083333333333336,1255.0,3.5795445000000004
48.25,1239.0,3.2954536666666665
48.333333333333336,1236.0,3.0113628333333335
48.416666666666664,1244.0,3.7499990000000003
48.5,1226.0,4.090908000000001
48.583333333333336,1222.0,3.2954536666666665
48.583333333333336,1172.0,3.2954536666666665
48.666666666666664,902.0,3.2954536666666665
48.75,719.0,1.0795451666666667
48.833333333333336,591.0,3.068181
48.833333333333336,476.0,3.40909
48.916666666666664,488.0,1.6477268333333333
49.0,488.0,3.068181
49.0,440.0,3.068181
49.083333333333336,460.0,3.068181
49.166666666666664,460.0,1.0227270000000002
49.25,497.0,3.2386355
49.25,499.0,2.8977265
49.333333333333336,518.0,2.8977265
49.416666666666664,542.0,3.1249991666666666
49.5,576.0,3.1249991666666666
49.583333333333336,541.0,4.147726166666667
49.666666666666664,513.0,2.3863630000000002
49.75,515.0,3.8636353333333338
49.833333333333336,522.0,3.1249991666666666
49.916666666666664,505.0,2.8977265
49.916666666666664,496.0,2.8977265
50.0,497.0,2.8977265
50.083333333333336,517.0,1.0227270000000002
50.166666666666664,534.0,2.8409083333333336
50.25,536.0,2.9545446666666666
50.333333333333336,537.0,2.727272
50.416666666666664,537.0,2.8409083333333336
50.416666666666664,582.0,3.068181
50.416666666666664,620.0,3.068181
50.5,614.0,3.068181
50.583333333333336,617.0,0.9090906666666667
50.666666666666664,627.0,3.4659081666666665
50.75,614.0,3.0113628333333335
50.833333333333336,611.0,2.6136356666666667
50.916666666666664,625.0,3.352271833333334
51.0,626.0,2.2159085000000003
51.083333333333336,652.0,3.1249991666666666
51.166666666666664,649.0,2.7840901666666666
51.25,649.0,2.8409083333333336
51.333333333333336,649.0,3.068181
51.416666666666664,639.0,2.8409083333333336
51.5,644.0,2.5568175
51.583333333333336,639.0,2.9545446666666666
51.666666666666664,630.0,2.7840901666666666
51.75,618.0,2.727272
51.75,609.0,2.670453833333333
51.75,615.0,2.670453833333333
51.833333333333336,632.0,1.2499996666666666
51.833333333333336,638.0,1.2499996666666666
51.916666666666664,656.0,1.363636
51.916666666666664,679.0,1.363636
51.916666666666664,684.0,1.363636
51.916666666666664,684.0,1.363636
52.0,682.0,0.681818
52.083333333333336,685.0,0.681818
52.166666666666664,702.0,2.727272
52.25,696.0,2.5568175
52.25,696.0,2.3295448333333333
52.333333333333336,702.0,2.3863630000000002
52.416666666666664,727.0,2.7840901666666666
52.5,731.0,2.6136356666666667
52.583333333333336,720.0,3.068181
52.666666666666664,697.0,2.6136356666666667
52.75,693.0,2.272726666666667
52.75,706.0,2.272726666666667
52.833333333333336,698.0,2.272726666666667
52.833333333333336,695.0,1.2499996666666666
52.916666666666664,701.0,1.2499996666666666
52.916666666666664,701.0,1.2499996666666666
53.0,720.0,2.727272
53.0,737.0,2.727272
53.0,737.0,2.727272
53.083333333333336,750.0,0.7954543333333334
53.166666666666664,752.0,0.7954543333333334
53.166666666666664,741.0,2.4431811666666667
53.166666666666664,737.0,2.4431811666666667
53.25,726.0,1.1931815000000001
53.333333333333336,721.0,2.272726666666667
53.333333333333336,723.0,2.272726666666667
53.333333333333336,725.0,2.272726666666667
53.416666666666664,729.0,2.272726666666667
53.416666666666664,692.0,0.7954543333333334
53.5,517.0,1.8749995000000002
53.583333333333336,293.0,1.8749995000000002
53.666666666666664,122.0,2.102272166666667
53.666666666666664,8.0,2.6136356666666667
53.75,0.0,2.102272166666667
53.833333333333336,0.0,2.4431811666666667
53.916666666666664,0.0,2.4431811666666667
53.916666666666664,0.0,1.761363166666667
54.0,0.0,1.761363166666667
54.0,1.0,1.761363166666667
54.0,0.0,1.761363166666667
54.083333333333336,0.0,1.0795451666666667
54.166666666666664,0.0,1.0795451666666667
54.166666666666664,0.0,1.5340905
54.25,0.0,2.0454540000000003
54.333333333333336,0.0,2.0454540000000003
54.333333333333336,0.0,1.8749995000000002
54.333333333333336,0.0,1.8749995000000002
54.333333333333336,0.0,1.8749995000000002
54.416666666666664,0.0,0.7386361666666666
54.416666666666664,0.0,0.7386361666666666
54.5,0.0,1.5340905
54.5,0.0,1.5340905
54.5,0.0,1.5340905
54.5,0.0,1.5340905
54.583333333333336,0.0,1.5340905
54.583333333333336,0.0,0.681818
54.666666666666664,0.0,0.681818
54.666666666666664,0.0,1.4204541666666668
54.666666666666664,0.0,1.4204541666666668
54.666666666666664,0.0,1.4204541666666668
54.666666666666664,0.0,1.4204541666666668
54.75,0.0,1.4204541666666668
54.75,0.0,0.5113635000000001
54.75,0.0,0.5113635000000001
54.833333333333336,0.0,0.5113635000000001
54.833333333333336,0.0,1.0795451666666667
54.833333333333336,0.0,1.0795451666666667
54.916666666666664,0.0,1.0795451666666667
54.916666666666664,0.0,0.9090906666666667
54.916666666666664,0.0,0.9090906666666667
54.916666666666664,0.0,0.9090906666666667
54.916666666666664,0.0,0.9090906666666667
55.0,0.0,0.6249998333333333
55.0,1486.0,0.6249998333333333
55.083333333333336,4088.0,1.363636
55.083333333333336,4442.0,1.363636
55.083333333333336,4138.0,1.363636
55.166666666666664,3940.0,0.9659088333333334
55.166666666666664,2417.0,0.9659088333333334
55.25,1990.0,0.9659088333333334
55.25,1352.0,1.1363633333333334
55.333333333333336,1280.0,1.1363633333333334
55.333333333333336,748.0,1.4772723333333333
55.333333333333336,854.0,1.4772723333333333
55.416666666666664,854.0,1.4772723333333333
55.416666666666664,1340.0,0.8522725
55.416666666666664,1839.0,0.8522725
55.416666666666664,1183.0,0.8522725
55.5,680.0,0.8522725
55.5,560.0,0.8522725
55.583333333333336,716.0,1.2499996666666666
55.583333333333336,884.0,1.2499996666666666
55.666666666666664,913.0,1.4772723333333333
55.666666666666664,1089.0,1.4772723333333333
55.666666666666664,1457.0,1.4772723333333333
55.666666666666664,1994.0,1.4772723333333333
55.666666666666664,1955.0,1.4772723333333333
55.666666666666664,1659.0,1.4772723333333333
55.75,1399.0,0.5113635000000001
55.833333333333336,1235.0,0.5113635000000001
55.833333333333336,1387.0,1.5909086666666667
55.833333333333336,1734.0,1.5909086666666667
55.916666666666664,2046.0,1.3068178333333333
55.916666666666664,2217.0,1.3068178333333333
56.0,1974.0,1.2499996666666666
56.0,1477.0,1.2499996666666666
56.0,1320.0,1.2499996666666666
56.0,1311.0,1.2499996666666666
56.0,1315.0,1.2499996666666666
56.0,1325.0,1.2499996666666666
56.083333333333336,1572.0,1.2499996666666666
56.083333333333336,1669.0,0.45454533333333336
56.083333333333336,1649.0,0.45454533333333336
56.083333333333336,1613.0,0.45454533333333336
56.083333333333336,1625.0,0.45454533333333336
56.166666666666664,1636.0,0.5681816666666667
56.166666666666664,1652.0,0.5681816666666667
56.25,1695.0,1.5340905
56.25,1714.0,1.5340905
56.333333333333336,1695.0,1.5340905
56.333333333333336,1734.0,1.5340905
56.333333333333336,1800.0,1.5340905
56.333333333333336,1830.0,1.5340905
56.333333333333336,1824.0,1.5340905
56.416666666666664,1773.0,1.5340905
56.416666666666664,1699.0,0.5113635000000001
56.5,1600.0,1.761363166666667
56.5,1600.0,1.761363166666667
56.583333333333336,1603.0,1.704545
56.666666666666664,1675.0,1.704545
56.666666666666664,1738.0,1.761363166666667
56.75,1755.0,1.8749995000000002
56.833333333333336,1724.0,1.8749995000000002
56.833333333333336,1632.0,1.704545
56.833333333333336,1572.0,1.704545
56.833333333333336,1586.0,1.704545
56.916666666666664,1655.0,0.9090906666666667
57.0,1756.0,0.9090906666666667
57.0,1757.0,1.761363166666667
57.083333333333336,1728.0,1.6477268333333333
57.083333333333336,1636.0,1.6477268333333333
57.166666666666664,1502.0,1.8181813333333334
57.25,1529.0,1.8181813333333334
57.25,1585.0,1.8749995000000002
57.333333333333336,1637.0,1.761363166666667
57.416666666666664,1606.0,2.102272166666667
57.5,1587.0,2.102272166666667
57.5,1618.0,2.3295448333333333
57.5,1657.0,2.3295448333333333
57.583333333333336,1739.0,2.3295448333333333
57.583333333333336,1832.0,0.9659088333333334
57.583333333333336,1796.0,0.9659088333333334
57.666666666666664,1797.0,0.9659088333333334
57.666666666666664,1651.0,0.9659088333333334
57.75,1511.0,1.8181813333333334
57.833333333333336,1496.0,2.2159085000000003
57.916666666666664,1536.0,2.2159085000000003
58.0,1597.0,2.3295448333333333
58.0,1612.0,2.1590903333333333
58.083333333333336,1541.0,2.3863630000000002
58.166666666666664,1514.0,2.3863630000000002
58.25,1554.0,1.9318176666666669
58.25,1647.0,2.4999993333333332
58.333333333333336,1754.0,1.9886358333333334
58.416666666666664,1733.0,2.5568175
58.5,1684.0,2.3295448333333333
58.5,1685.0,2.3295448333333333
58.583333333333336,1638.0,1.704545
58.666666666666664,1754.0,2.3295448333333333
58.75,1823.0,2.5568175
58.833333333333336,1823.0,2.5568175
58.916666666666664,1807.0,2.272726666666667
58.916666666666664,1653.0,2.272726666666667
59.0,1454.0,2.3295448333333333
59.083333333333336,1404.0,2.2159085000000003
59.083333333333336,1422.0,2.2159085000000003
59.083333333333336,1500.0,2.2159085000000003
59.083333333333336,1651.0,2.2159085000000003
59.083333333333336,1682.0,2.2159085000000003
59.083333333333336,1653.0,2.2159085000000003
59.083333333333336,1542.0,2.2159085000000003
59.083333333333336,1499.0,2.2159085000000003
59.166666666666664,1536.0,2.2159085000000003
59.166666666666664,1634.0,0.340909
59.25,1710.0,1.9886358333333334
59.25,1710.0,1.9886358333333334
59.333333333333336,1566.0,1.3068178333333333
59.416666666666664,1495.0,1.3068178333333333
59.5,1448.0,2.272726666666667
59.583333333333336,1487.0,2.727272
59.666666666666664,1694.0,2.5568175
59.666666666666664,1758.0,2.4431811666666667
59.666666666666664,1708.0,2.4431811666666667
59.75,1659.0,1.1931815000000001
59.833333333333336,1527.0,2.727272
59.916666666666664,1473.0,2.727272
60.0,1507.0,2.670453833333333
60.083333333333336,1580.0,2.670453833333333
60.083333333333336,1623.0,2.3863630000000002
60.166666666666664,1514.0,2.3863630000000002
60.25,1449.0,1.3068178333333333
60.25,1439.0,2.272726666666667
60.25,1477.0,2.272726666666667
60.333333333333336,1601.0,1.3068178333333333
60.333333333333336,1661.0,1.3068178333333333
60.416666666666664,1607.0,1.2499996666666666
60.5,1496.0,1.2499996666666666
60.5,1408.0,2.5568175
60.583333333333336,1404.0,2.5568175
60.666666666666664,1533.0,1.3068178333333333
60.75,1599.0,2.4999993333333332
60.833333333333336,1602.0,3.068181
60.916666666666664,1602.0,2.4999993333333332
61.0,1498.0,3.068181
61.083333333333336,1441.0,2.7840901666666666
61.083333333333336,1402.0,3.068181
61.166666666666664,1402.0,1.8749995000000002
61.25,1475.0,2.7840901666666666
61.333333333333336,1577.0,3.5795445000000004
61.416666666666664,1607.0,2.6136356666666667
61.5,1595.0,2.6136356666666667
61.583333333333336,1571.0,3.1818173333333335
61.666666666666664,1571.0,2.4431811666666667
61.75,1571.0,2.8977265
61.833333333333336,1575.0,2.727272
61.916666666666664,1572.0,2.8409083333333336
62.0,1574.0,2.8409083333333336
62.083333333333336,1574.0,2.8409083333333336
62.166666666666664,1562.0,2.4999993333333332
62.25,1544.0,3.1249991666666666
62.333333333333336,1530.0,2.9545446666666666
62.333333333333336,1520.0,2.9545446666666666
62.416666666666664,1526.0,2.9545446666666666
62.5,1529.0,3.068181
62.583333333333336,1528.0,3.068181
62.666666666666664,1534.0,3.1818173333333335
62.75,1528.0,2.8977265
62.833333333333336,1531.0,2.8977265
62.916666666666664,1521.0,3.7499990000000003
63.0,1515.0,3.0113628333333335
63.083333333333336,1507.0,2.4431811666666667
63.166666666666664,1502.0,3.40909
63.25,1505.0,2.8409083333333336
63.333333333333336,1497.0,3.40909
63.416666666666664,1453.0,2.670453833333333
63.583333333333336,1442.0,2.9545446666666666
63.583333333333336,1449.0,3.2386355
63.666666666666664,1466.0,3.2386355
63.75,1473.0,1.4204541666666668
63.833333333333336,1455.0,3.068181
63.916666666666664,1447.0,3.0113628333333335
64.0,1449.0,3.0113628333333335
64.0,1476.0,2.7840901666666666
64.08333333333333,1497.0,2.7840901666666666
64.16666666666667,1498.0,3.1818173333333335
64.25,1498.0,3.1818173333333335
64.33333333333333,1488.0,3.068181
64.41666666666667,1480.0,3.1818173333333335
64.58333333333333,1474.0,3.1818173333333335
64.66666666666667,1480.0,3.1249991666666666
64.75,1496.0,3.2386355
64.75,1508.0,3.1249991666666666
64.83333333333333,1497.0,1.6477268333333333
64.91666666666667,1465.0,3.068181
64.91666666666667,1449.0,3.068181
65.0,1438.0,1.704545
65.0,1437.0,1.704545
65.0,1372.0,1.704545
65.08333333333333,1322.0,1.704545
65.16666666666667,1295.0,0.7954543333333334
65.16666666666667,1316.0,2.8977265
65.25,1378.0,1.704545
65.25,1394.0,1.704545
65.41666666666667,1378.0,1.704545
65.5,1349.0,3.40909
65.58333333333333,1340.0,3.2386355
65.66666666666667,1367.0,3.2954536666666665
65.75,1369.0,3.352271833333334
65.83333333333333,1365.0,3.1249991666666666
66.0,1349.0,3.1249991666666666
66.08333333333333,1316.0,3.522726333333334
66.16666666666667,1291.0,3.2954536666666665
66.25,1287.0,3.522726333333334
66.33333333333333,1291.0,3.0113628333333335
66.41666666666667,1300.0,3.4659081666666665
66.5,1298.0,3.4659081666666665
66.5,1278.0,3.4659081666666665
66.5,1258.0,3.4659081666666665
66.58333333333333,1247.0,0.7954543333333334
66.66666666666667,1246.0,3.352271833333334
66.75,1235.0,3.636362666666667
66.83333333333333,1226.0,3.636362666666667
66.91666666666667,1220.0,1.6477268333333333
67.0,1203.0,2.9545446666666666
67.08333333333333,1201.0,3.806817166666667
67.16666666666667,1205.0,3.068181
67.33333333333333,1195.0,3.1249991666666666
67.33333333333333,1173.0,3.5795445000000004
67.41666666666667,1173.0,3.5795445000000004
67.5,1128.0,3.9204535000000003
67.58333333333333,1068.0,3.2386355
67.66666666666667,1077.0,3.40909
67.83333333333333,1114.0,3.40909
67.91666666666667,1148.0,3.352271833333334
68.0,1143.0,3.1818173333333335
68.08333333333333,1117.0,3.40909
68.16666666666667,1070.0,3.0113628333333335
68.33333333333333,1042.0,3.0113628333333335
68.33333333333333,1039.0,3.2386355
68.41666666666667,1076.0,3.2386355
68.5,1104.0,3.4659081666666665
68.58333333333333,1133.0,3.40909
68.75,1103.0,3.4659081666666665
68.83333333333333,1074.0,4.034089833333334
68.91666666666667,1080.0,3.636362666666667
69.0,1084.0,3.2386355
69.08333333333333,1110.0,3.2386355
69.08333333333333,1122.0,1.761363166666667
69.16666666666667,1106.0,1.761363166666667
69.16666666666667,1061.0,1.5340905
69.25,1030.0,1.9318176666666669
69.25,1024.0,1.9318176666666669
69.25,1025.0,1.9318176666666669
69.25,1046.0,1.9318176666666669
69.25,1049.0,1.9318176666666669
69.25,979.0,1.9318176666666669
69.41666666666667,927.0,1.9318176666666669
69.5,896.0,3.7499990000000003
69.5,860.0,2.8977265
69.58333333333333,884.0,2.8977265
69.66666666666667,928.0,3.9204535000000003
69.75,916.0,3.8636353333333338
69.91666666666667,882.0,3.8636353333333338
70.0,856.0,3.4659081666666665
70.08333333333333,865.0,3.522726333333334
70.16666666666667,934.0,3.2954536666666665
70.16666666666667,935.0,3.2954536666666665
70.25,1106.0,1.761363166666667
70.25,1172.0,1.761363166666667
70.33333333333333,1107.0,1.761363166666667
70.41666666666667,1107.0,3.5795445000000004
70.41666666666667,1063.0,3.5795445000000004
70.41666666666667,1059.0,3.5795445000000004
70.5,1141.0,3.5795445000000004
70.58333333333333,1247.0,0.7954543333333334
70.66666666666667,1252.0,3.1818173333333335
70.75,1231.0,3.2954536666666665
70.75,1191.0,3.2954536666666665
70.91666666666667,1095.0,3.2954536666666665
71.0,1129.0,4.204544333333334
71.08333333333333,1160.0,3.352271833333334
71.16666666666667,1160.0,3.2386355
71.25,1127.0,3.1249991666666666
71.33333333333333,1079.0,3.2386355
71.5,1031.0,3.2954536666666665
71.58333333333333,1016.0,4.545453333333334
71.66666666666667,1004.0,3.40909
71.75,1075.0,2.9545446666666666
71.91666666666667,1144.0,3.522726333333334
71.91666666666667,1164.0,3.9204535000000003
71.91666666666667,1163.0,3.9204535000000003
71.91666666666667,1157.0,3.9204535000000003
72.0,1166.0,0.7954543333333334
72.08333333333333,1179.0,3.7499990000000003
72.25,1194.0,3.7499990000000003
72.33333333333333,1202.0,3.4659081666666665
72.41666666666667,1217.0,3.522726333333334
72.5,1208.0,3.8636353333333338
72.58333333333333,1201.0,3.693180833333334
72.75,1209.0,3.693180833333334
72.83333333333333,1212.0,3.4659081666666665
72.91666666666667,1224.0,3.2386355
73.0,1240.0,3.4659081666666665
73.08333333333333,1247.0,3.5795445000000004
73.16666666666667,1271.0,3.4659081666666665
73.25,1253.0,3.4659081666666665
73.33333333333333,1226.0,1.4772723333333333
73.41666666666667,1210.0,3.4659081666666665
73.41666666666667,1218.0,3.40909
73.41666666666667,1251.0,3.40909
73.41666666666667,1268.0,3.40909
73.58333333333333,1257.0,3.40909
73.66666666666667,1222.0,4.204544333333334
73.75,1222.0,2.8977265
73.83333333333333,1137.0,3.8636353333333338
73.91666666666667,1147.0,3.352271833333334
74.08333333333333,1189.0,3.352271833333334
74.16666666666667,1231.0,4.034089833333334
74.25,1274.0,2.9545446666666666
74.33333333333333,1259.0,3.352271833333334
74.41666666666667,1248.0,3.806817166666667
74.41666666666667,1260.0,3.806817166666667
74.5,1271.0,3.806817166666667
74.58333333333333,1279.0,1.0795451666666667
74.66666666666667,1266.0,3.352271833333334
74.66666666666667,1254.0,3.522726333333334
74.66666666666667,1245.0,3.522726333333334
74.66666666666667,1240.0,3.522726333333334
74.66666666666667,1241.0,3.522726333333334
74.75,1243.0,3.522726333333334
74.83333333333333,1251.0,0.5681816666666667
74.91666666666667,1259.0,3.693180833333334
75.0,1245.0,3.2954536666666665
75.16666666666667,1242.0,3.2954536666666665
75.25,1242.0,3.2386355
75.33333333333333,1237.0,4.204544333333334
75.33333333333333,1237.0,4.204544333333334
75.41666666666667,1238.0,1.6477268333333333
75.5,1221.0,3.2954536666666665
75.66666666666667,1214.0,3.2954536666666665
75.75,1220.0,3.5795445000000004
75.83333333333333,1232.0,3.5795445000000004
75.91666666666667,1235.0,3.9772716666666668
76.0,1235.0,2.8977265
76.08333333333333,1226.0,2.8977265
76.08333333333333,1201.0,1.8181813333333334
76.08333333333333,1199.0,1.8181813333333334
76.08333333333333,1213.0,1.8181813333333334
76.16666666666667,1231.0,0.8522725
76.25,1248.0,3.40909
76.41666666666667,1245.0,3.40909
76.5,1245.0,3.352271833333334
76.58333333333333,1240.0,4.374998833333334
76.66666666666667,1232.0,3.2386355
76.75,1231.0,4.261362500000001
76.91666666666667,1217.0,4.261362500000001
77.0,1217.0,3.40909
77.08333333333333,1203.0,3.5795445000000004
77.08333333333333,1197.0,3.1818173333333335
77.16666666666667,1168.0,1.5909086666666667
77.33333333333333,1166.0,1.5909086666666667
77.41666666666667,1164.0,3.522726333333334
77.41666666666667,1162.0,3.0113628333333335
77.5,1173.0,3.0113628333333335
77.58333333333333,1192.0,3.1818173333333335
77.66666666666667,1213.0,3.40909
77.66666666666667,1212.0,3.40909
77.83333333333333,1218.0,3.40909
77.83333333333333,1189.0,3.9204535000000003
77.91666666666667,1173.0,3.9204535000000003
78.0,1158.0,3.2954536666666665
78.08333333333333,1146.0,3.2386355
78.25,1149.0,3.2386355
78.33333333333333,1170.0,3.693180833333334
78.41666666666667,1189.0,3.352271833333334
78.5,1191.0,3.522726333333334
78.58333333333333,1158.0,2.9545446666666666
78.58333333333333,1126.0,2.9545446666666666
78.75,1128.0,2.9545446666666666
78.75,1148.0,3.522726333333334
78.83333333333333,1149.0,3.522726333333334
78.91666666666667,1214.0,4.034089833333334
78.91666666666667,1244.0,4.034089833333334
78.91666666666667,1243.0,4.034089833333334
79.0,1228.0,4.034089833333334
79.0,1256.0,0.7954543333333334
79.08333333333333,1290.0,0.7954543333333334
79.16666666666667,1297.0,1.704545
79.25,1287.0,3.0113628333333335
79.33333333333333,1266.0,3.7499990000000003
79.41666666666667,1267.0,3.7499990000000003
79.5,1272.0,1.761363166666667
79.58333333333333,1260.0,3.7499990000000003
79.66666666666667,1231.0,3.352271833333334
79.75,1188.0,3.522726333333334
79.83333333333333,1169.0,2.8977265
80.0,1196.0,3.068181
80.08333333333333,1223.0,3.636362666666667
80.16666666666667,1223.0,4.147726166666667
80.25,1274.0,3.068181
80.33333333333333,1280.0,3.2386355
80.41666666666667,1286.0,3.522726333333334
80.5,1295.0,3.522726333333334
80.58333333333333,1278.0,1.5340905
80.66666666666667,1308.0,2.9545446666666666
80.75,1355.0,3.8636353333333338
80.83333333333333,1362.0,3.1818173333333335
80.91666666666667,1357.0,2.8977265
81.08333333333333,1348.0,2.8977265
81.16666666666667,1327.0,3.0113628333333335
81.25,1327.0,3.1818173333333335
81.33333333333333,1338.0,3.806817166666667
81.41666666666667,1351.0,4.374998833333334
81.5,1365.0,3.2954536666666665
81.66666666666667,1352.0,3.2954536666666665
81.75,1341.0,3.693180833333334
81.83333333333333,1348.0,3.1818173333333335
81.83333333333333,1382.0,3.352271833333334
81.91666666666667,1406.0,3.352271833333334
81.91666666666667,1422.0,1.4772723333333333
82.0,1423.0,1.6477268333333333
82.0,1380.0,1.6477268333333333
82.0,1352.0,1.6477268333333333
82.08333333333333,1285.0,1.6477268333333333
82.16666666666667,1271.0,0.7954543333333334
82.25,1292.0,3.352271833333334
82.33333333333333,1320.0,3.8636353333333338
82.41666666666667,1312.0,3.40909
82.41666666666667,1308.0,3.40909
82.58333333333333,1306.0,3.40909
82.66666666666667,1320.0,3.522726333333334
82.75,1330.0,3.068181
82.83333333333333,1299.0,3.40909
82.83333333333333,1268.0,3.40909
82.91666666666667,1243.0,3.40909
83.0,1239.0,3.9204535000000003
83.16666666666667,1239.0,3.9204535000000003
83.25,1268.0,3.4659081666666665
83.33333333333333,1291.0,3.4659081666666665
83.41666666666667,1315.0,2.7840901666666666
83.41666666666667,1314.0,3.636362666666667
83.41666666666667,1314.0,3.636362666666667
83.41666666666667,1316.0,3.636362666666667
83.5,1324.0,0.7954543333333334
83.66666666666667,1357.0,3.1249991666666666
83.75,1441.0,3.4659081666666665
83.83333333333333,1454.0,3.2954536666666665
83.91666666666667,1429.0,3.0113628333333335
84.0,1388.0,3.1818173333333335
84.08333333333333,1397.0,3.40909
84.16666666666667,1419.0,3.068181
84.25,1420.0,3.352271833333334
84.33333333333333,1360.0,2.8977265
84.41666666666667,1300.0,2.8977265
84.5,1256.0,1.5909086666666667
84.58333333333333,1257.0,3.522726333333334
84.58333333333333,1308.0,3.2386355
84.66666666666667,1397.0,3.2386355
84.75,1401.0,3.1249991666666666
84.83333333333333,1364.0,3.40909
84.83333333333333,1343.0,3.40909
84.83333333333333,1328.0,3.40909
84.91666666666667,1367.0,3.40909
85.0,1368.0,0.7954543333333334
85.08333333333333,1363.0,3.2954536666666665
85.16666666666667,1364.0,2.727272
85.25,1394.0,2.9545446666666666
85.33333333333333,1413.0,3.2954536666666665
85.41666666666667,1397.0,3.9772716666666668
85.58333333333333,1382.0,3.9772716666666668
85.66666666666667,1341.0,3.4659081666666665
85.75,1265.0,3.068181
85.83333333333333,1337.0,3.352271833333334
85.91666666666667,1417.0,2.727272
86.0,1425.0,3.1818173333333335
86.08333333333333,1317.0,3.352271833333334
86.08333333333333,1260.0,3.352271833333334
86.16666666666667,1249.0,1.5340905
86.16666666666667,1293.0,1.5340905
86.25,1338.0,1.5909086666666667
86.25,1434.0,1.5909086666666667
86.25,1435.0,1.5909086666666667
86.33333333333333,1397.0,1.5909086666666667
86.41666666666667,1332.0,4.034089833333334
86.5,1332.0,2.8409083333333336
86.58333333333333,1323.0,2.8977265
86.66666666666667,1387.0,3.0113628333333335
86.75,1436.0,3.2386355
86.91666666666667,1437.0,3.2386355
87.0,1356.0,3.352271833333334
87.08333333333333,1262.0,3.2954536666666665
87.16666666666667,1215.0,3.1249991666666666
87.25,1220.0,3.2386355
87.25,1250.0,2.727272
87.33333333333333,1371.0,1.5340905
87.41666666666667,1408.0,3.352271833333334
87.5,1398.0,3.5795445000000004
87.66666666666667,1373.0,3.5795445000000004
87.75,1346.0,3.068181
87.75,1355.0,3.2954536666666665
87.75,1384.0,3.2954536666666665
87.75,1436.0,3.2954536666666665
87.83333333333333,1459.0,3.2954536666666665
87.91666666666667,1404.0,3.5795445000000004
88.0,1337.0,2.670453833333333
88.08333333333333,1276.0,3.2386355
88.16666666666667,1248.0,3.1249991666666666
88.33333333333333,1266.0,3.1249991666666666
88.41666666666667,1337.0,3.40909
88.5,1389.0,3.9204535000000003
88.58333333333333,1414.0,2.5568175
88.66666666666667,1393.0,3.068181
88.75,1350.0,2.8977265
88.83333333333333,1328.0,3.1818173333333335
89.0,1336.0,3.352271833333334
89.08333333333333,1363.0,3.636362666666667
89.16666666666667,1382.0,2.8409083333333336
89.25,1363.0,2.8977265
89.33333333333333,1325.0,3.9204535000000003
89.33333333333333,1314.0,3.9204535000000003
89.33333333333333,1328.0,3.9204535000000003
89.33333333333333,1330.0,3.9204535000000003
89.5,1361.0,3.9204535000000003
89.58333333333333,1380.0,4.090908000000001
89.66666666666667,1350.0,2.9545446666666666
89.75,1297.0,3.2954536666666665
89.83333333333333,1297.0,3.2954536666666665
89.91666666666667,1287.0,3.2386355
90.0,1312.0,3.9772716666666668
90.08333333333333,1349.0,2.8977265
90.16666666666667,1438.0,3.068181
90.16666666666667,1416.0,3.068181
90.25,1367.0,3.068181
90.33333333333333,1316.0,3.5795445000000004
90.41666666666667,1265.0,3.2954536666666665
90.5,1294.0,2.8409083333333336
90.58333333333333,1293.0,3.068181
90.66666666666667,1319.0,3.068181
90.75,1328.0,1.704545
90.75,1336.0,2.9545446666666666
90.75,1349.0,2.9545446666666666
90.83333333333333,1354.0,2.9545446666666666
90.91666666666667,1382.0,4.090908000000001
91.0,1387.0,2.3863630000000002
91.16666666666667,1399.0,2.3863630000000002
91.25,1398.0,3.522726333333334
91.33333333333333,1380.0,3.1249991666666666
91.41666666666667,1354.0,4.488635166666667
91.5,1336.0,2.8409083333333336
91.58333333333333,1323.0,2.9545446666666666
91.66666666666667,1321.0,3.636362666666667
91.83333333333333,1315.0,3.636362666666667
91.91666666666667,1360.0,3.2954536666666665
92.0,1385.0,3.2954536666666665
92.08333333333333,1379.0,3.1818173333333335
92.16666666666667,1355.0,2.9545446666666666
92.16666666666667,1313.0,2.8977265
92.25,1304.0,1.761363166666667
92.25,1307.0,1.761363166666667
92.25,1318.0,1.761363166666667
92.33333333333333,1322.0,1.761363166666667
92.41666666666667,1314.0,0.7954543333333334
92.5,1309.0,3.7499990000000003
92.5,1303.0,2.5568175
92.58333333333333,1304.0,1.704545
92.66666666666667,1302.0,2.727272
92.83333333333333,1292.0,2.727272
92.91666666666667,1285.0,3.522726333333334
93.0,1289.0,2.7840901666666666
93.08333333333333,1289.0,3.7499990000000003
93.16666666666667,1299.0,3.2386355
93.25,1311.0,3.352271833333334
93.33333333333333,1316.0,3.693180833333334
93.41666666666667,1316.0,3.2386355
93.58333333333333,1314.0,3.0113628333333335
93.66666666666667,1288.0,3.0113628333333335
93.75,1271.0,3.4659081666666665
93.75,1274.0,3.2954536666666665
93.83333333333333,1297.0,3.2954536666666665
93.83333333333333,1316.0,1.4772723333333333
93.91666666666667,1324.0,1.5340905
94.08333333333333,1310.0,1.5340905
94.16666666666667,1275.0,3.352271833333334
94.25,1235.0,2.9545446666666666
94.33333333333333,1251.0,3.2386355
94.41666666666667,1309.0,3.4659081666666665
94.5,1358.0,4.034089833333334
94.58333333333333,1355.0,2.9545446666666666
94.66666666666667,1278.0,2.727272
94.75,1243.0,3.40909
94.91666666666667,1231.0,3.40909
95.0,1250.0,3.693180833333334
95.08333333333333,1305.0,3.0113628333333335
95.16666666666667,1320.0,3.1249991666666666
95.25,1282.0,2.8977265
95.33333333333333,1238.0,3.1249991666666666
95.41666666666667,1205.0,3.352271833333334
95.5,1223.0,3.0113628333333335
95.66666666666667,1265.0,3.0113628333333335
95.66666666666667,1296.0,2.8977265
95.75,1315.0,2.8977265
95.83333333333333,1301.0,1.704545
95.91666666666667,1265.0,3.1818173333333335
96.0,1249.0,3.40909
96.08333333333333,1282.0,2.727272
96.25,1312.0,3.40909
96.33333333333333,1330.0,3.5795445000000004
96.41666666666667,1325.0,3.2954536666666665
96.5,1308.0,3.1818173333333335
96.58333333333333,1288.0,3.2386355
96.66666666666667,1285.0,3.2386355
96.75,1273.0,3.2954536666666665
96.83333333333333,1273.0,3.1249991666666666
96.91666666666667,1257.0,2.8977265
97.0,1244.0,2.8977265
97.08333333333333,1265.0,1.5340905
97.08333333333333,1267.0,3.9204535000000003
97.08333333333333,1278.0,3.9204535000000003
97.08333333333333,1289.0,3.9204535000000003
97.16666666666667,1287.0,0.7386361666666666
97.25,1297.0,3.2386355
97.33333333333333,1298.0,3.2386355
97.5,1321.0,3.2386355
97.58333333333333,1335.0,3.352271833333334
97.66666666666667,1301.0,2.727272
97.75,1261.0,4.261362500000001
97.83333333333333,1196.0,3.352271833333334
97.83333333333333,1209.0,3.352271833333334
97.91666666666667,1310.0,1.5340905
98.0,1386.0,3.068181
98.08333333333333,1375.0,3.2954536666666665
98.08333333333333,1286.0,3.2954536666666665
98.25,1200.0,3.2954536666666665
98.33333333333333,1152.0,3.1249991666666666
98.41666666666667,1176.0,2.8409083333333336
98.5,1177.0,4.034089833333334
98.58333333333333,1233.0,2.8977265
98.66666666666667,1327.0,2.8977265
98.75,1282.0,2.8977265
98.83333333333333,1231.0,4.034089833333334
98.91666666666667,1211.0,3.352271833333334
99.0,1230.0,2.5568175
99.08333333333333,1278.0,3.1249991666666666
99.16666666666667,1310.0,3.1249991666666666
99.25,1319.0,1.704545
99.33333333333333,1312.0,2.9545446666666666
99.41666666666667,1316.0,3.0113628333333335
99.5,1338.0,3.2954536666666665
99.5,1373.0,3.068181
99.58333333333333,1375.0,3.068181
99.66666666666667,1380.0,3.7499990000000003
99.75,1336.0,3.2954536666666665
99.83333333333333,1340.0,3.068181
99.83333333333333,1375.0,3.068181
99.83333333333333,1375.0,3.068181
99.91666666666667,1386.0,1.0227270000000002
100.0,1376.0,2.8977265
100.0,1378.0,2.8977265
100.16666666666667,1365.0,2.8977265
100.25,1349.0,3.1249991666666666
100.33333333333333,1356.0,3.2386355
100.41666666666667,1402.0,2.5568175
100.5,1439.0,3.0113628333333335
100.58333333333333,1512.0,3.2386355
100.58333333333333,1503.0,3.352271833333334
100.66666666666667,1437.0,1.5340905
100.75,1362.0,3.40909
100.83333333333333,1296.0,2.4431811666666667
100.91666666666667,1273.0,3.7499990000000003
100.91666666666667,1341.0,3.7499990000000003
100.91666666666667,1372.0,3.7499990000000003
101.0,1382.0,0.9659088333333334
101.08333333333333,1376.0,3.636362666666667
101.16666666666667,1377.0,2.8977265
101.25,1431.0,2.670453833333333
101.33333333333333,1478.0,2.670453833333333
101.41666666666667,1471.0,1.6477268333333333
101.5,1438.0,2.6136356666666667
101.5,1382.0,2.670453833333333
101.5,1342.0,2.670453833333333
101.58333333333333,1340.0,2.670453833333333
101.58333333333333,1381.0,1.0227270000000002
101.66666666666667,1479.0,1.0227270000000002
101.75,1498.0,1.4772723333333333
101.83333333333333,1509.0,2.5568175
101.91666666666667,1508.0,3.2386355
102.0,1534.0,3.7499990000000003
102.08333333333333,1554.0,2.670453833333333
102.16666666666667,1517.0,3.522726333333334
102.25,1459.0,2.727272
102.33333333333333,1422.0,2.7840901666666666
102.5,1345.0,2.7840901666666666
102.58333333333333,1312.0,4.090908000000001
102.66666666666667,1326.0,2.8409083333333336
102.75,1363.0,3.1818173333333335
102.83333333333333,1444.0,2.7840901666666666
102.91666666666667,1497.0,3.2386355
103.0,1497.0,3.0113628333333335
103.08333333333333,1499.0,2.8409083333333336
103.16666666666667,1479.0,2.5568175
103.25,1464.0,2.9545446666666666
103.25,1456.0,2.8977265
103.33333333333333,1455.0,2.8977265
103.41666666666667,1464.0,3.4659081666666665
103.5,1447.0,2.8977265
103.58333333333333,1444.0,3.352271833333334
103.58333333333333,1449.0,3.352271833333334
103.66666666666667,1454.0,1.4204541666666668
103.75,1458.0,3.068181
103.83333333333333,1493.0,3.2954536666666665
104.0,1517.0,2.8977265
104.0,1499.0,2.8977265
104.16666666666667,1462.0,2.8977265
104.25,1423.0,3.068181
104.33333333333333,1388.0,3.5795445000000004
104.41666666666667,1375.0,2.3863630000000002
104.5,1363.0,3.806817166666667
104.58333333333333,1373.0,2.6136356666666667
104.66666666666667,1385.0,2.7840901666666666
104.75,1395.0,3.40909
104.83333333333333,1395.0,2.4999993333333332
104.91666666666667,1399.0,3.0113628333333335
105.0,1398.0,3.40909
105.08333333333333,1409.0,3.1818173333333335
105.16666666666667,1421.0,2.9545446666666666
105.25,1441.0,2.670453833333333
105.33333333333333,1465.0,3.2954536666666665
105.41666666666667,1483.0,2.5568175
105.5,1467.0,3.5795445000000004
105.58333333333333,1453.0,3.0113628333333335
105.66666666666667,1452.0,2.7840901666666666
105.75,1461.0,2.8409083333333336
105.83333333333333,1501.0,2.8409083333333336
105.91666666666667,1525.0,2.8409083333333336
106.08333333333333,1526.0,2.8409083333333336
106.16666666666667,1537.0,3.068181
106.16666666666667,1538.0,2.9545446666666666
106.25,1537.0,2.4999993333333332
106.33333333333333,1523.0,2.7840901666666666
106.5,1499.0,2.9545446666666666
106.5,1499.0,3.2386355
106.58333333333333,1466.0,3.2386355
106.66666666666667,1455.0,1.363636
106.75,1409.0,2.9545446666666666
106.83333333333333,1400.0,2.727272
106.91666666666667,1443.0,2.727272
106.91666666666667,1490.0,3.352271833333334
107.08333333333333,1497.0,3.352271833333334
107.16666666666667,1501.0,3.352271833333334
107.25,1502.0,3.068181
107.33333333333333,1495.0,2.8409083333333336
107.33333333333333,1486.0,3.0113628333333335
107.5,1474.0,3.0113628333333335
107.58333333333333,1471.0,3.806817166666667
107.66666666666667,1474.0,2.8977265
107.75,1474.0,2.3863630000000002
107.83333333333333,1480.0,3.068181
107.91666666666667,1483.0,3.2954536666666665
108.0,1494.0,2.4999993333333332
108.08333333333333,1551.0,2.8977265
108.08333333333333,1566.0,2.9545446666666666
108.08333333333333,1552.0,2.9545446666666666
108.25,1534.0,2.9545446666666666
108.33333333333333,1538.0,3.352271833333334
108.33333333333333,1544.0,2.8409083333333336
108.41666666666667,1546.0,2.8409083333333336
108.5,1541.0,1.4204541666666668
108.5,1527.0,2.727272
108.5,1515.0,2.727272
108.58333333333333,1519.0,1.363636
108.66666666666667,1546.0,3.0113628333333335
108.75,1591.0,2.670453833333333
108.83333333333333,1637.0,2.9545446666666666
109.0,1589.0,2.9545446666666666
109.0,1553.0,3.2386355
109.08333333333333,1534.0,2.4999993333333332
109.16666666666667,1485.0,2.8977265
109.25,1487.0,2.9545446666666666
109.33333333333333,1536.0,2.7840901666666666
109.41666666666667,1582.0,2.8409083333333336
109.5,1597.0,2.7840901666666666
109.58333333333333,1544.0,2.8977265
109.66666666666667,1544.0,2.4999993333333332
109.75,1519.0,3.0113628333333335
109.83333333333333,1523.0,2.5568175
109.83333333333333,1558.0,2.5568175
109.91666666666667,1622.0,1.3068178333333333
110.0,1656.0,2.6136356666666667
110.08333333333333,1637.0,2.8409083333333336
110.08333333333333,1593.0,2.8409083333333336
110.16666666666667,1542.0,2.8409083333333336
110.25,1517.0,1.4204541666666668
110.25,1531.0,2.6136356666666667
110.33333333333333,1552.0,2.6136356666666667
110.41666666666667,1563.0,1.1931815000000001
110.5,1593.0,3.068181
110.58333333333333,1607.0,2.8409083333333336
110.66666666666667,1650.0,2.8409083333333336
110.66666666666667,1681.0,2.5568175
110.75,1696.0,2.4431811666666667
110.83333333333333,1734.0,2.8409083333333336
110.91666666666667,1690.0,3.068181
111.0,1603.0,2.6136356666666667
111.08333333333333,1520.0,2.727272
111.16666666666667,1500.0,2.4999993333333332
111.25,1498.0,2.8409083333333336
111.33333333333333,1547.0,2.4431811666666667
111.41666666666667,1586.0,2.8977265
111.41666666666667,1549.0,2.8977265
111.5,1472.0,2.8977265
111.58333333333333,1445.0,1.1931815000000001
111.66666666666667,1467.0,3.2954536666666665
111.66666666666667,1516.0,2.727272
111.75,1633.0,2.727272
111.83333333333333,1678.0,1.363636
111.83333333333333,1699.0,2.727272
111.91666666666667,1686.0,2.4431811666666667
112.0,1590.0,2.6136356666666667
112.08333333333333,1552.0,3.1249991666666666
112.25,1551.0,3.1249991666666666
112.25,1560.0,3.1818173333333335
112.33333333333333,1627.0,2.3295448333333333
112.41666666666667,1693.0,2.3295448333333333
112.41666666666667,1711.0,2.1590903333333333
112.5,1679.0,1.5340905
112.58333333333333,1679.0,1.5340905
112.66666666666667,1609.0,2.5568175
112.75,1505.0,2.7840901666666666
112.83333333333333,1484.0,2.4999993333333332
112.91666666666667,1499.0,2.727272
113.0,1551.0,2.670453833333333
113.08333333333333,1633.0,2.7840901666666666
113.16666666666667,1628.0,2.3863630000000002
113.16666666666667,1590.0,2.8409083333333336
113.25,1590.0,2.2159085000000003
113.33333333333333,1561.0,3.0113628333333335
113.41666666666667,1576.0,2.6136356666666667
113.5,1582.0,2.7840901666666666
113.58333333333333,1578.0,2.7840901666666666
113.66666666666667,1574.0,2.272726666666667
113.75,1556.0,2.8977265
113.83333333333333,1552.0,2.670453833333333
113.91666666666667,1558.0,2.4431811666666667
114.0,1559.0,3.1249991666666666
114.08333333333333,1555.0,2.670453833333333
114.08333333333333,1542.0,2.4431811666666667
114.08333333333333,1542.0,2.4431811666666667
114.16666666666667,1545.0,1.1931815000000001
114.25,1547.0,3.1818173333333335
114.33333333333333,1576.0,2.4431811666666667
114.41666666666667,1600.0,2.6136356666666667
114.5,1609.0,2.9545446666666666
114.58333333333333,1602.0,2.9545446666666666
114.66666666666667,1582.0,2.4431811666666667
114.75,1583.0,2.727272
114.75,1596.0,2.4999993333333332
114.91666666666667,1607.0,2.4999993333333332
114.91666666666667,1598.0,3.2386355
115.0,1565.0,2.4999993333333332
115.08333333333333,1557.0,2.5568175
115.16666666666667,1577.0,2.3863630000000002
115.25,1597.0,2.7840901666666666
115.33333333333333,1612.0,2.7840901666666666
115.41666666666667,1607.0,2.1590903333333333
115.5,1568.0,2.6136356666666667
115.58333333333333,1547.0,3.0113628333333335
115.58333333333333,1574.0,2.3295448333333333
115.66666666666667,1604.0,2.727272
115.75,1604.0,2.670453833333333
115.83333333333333,1613.0,2.3863630000000002
115.83333333333333,1610.0,2.3863630000000002
115.83333333333333,1603.0,2.3863630000000002
115.91666666666667,1558.0,2.3863630000000002
116.0,1525.0,0.8522725
116.08333333333333,1492.0,2.4431811666666667
116.08333333333333,1489.0,2.4999993333333332
116.16666666666667,1533.0,2.1590903333333333
116.25,1575.0,2.727272
116.25,1559.0,2.727272
116.33333333333333,1582.0,2.727272
116.41666666666667,1592.0,1.1363633333333334
116.5,1613.0,2.4431811666666667
116.5,1635.0,2.670453833333333
116.58333333333333,1591.0,2.272726666666667
116.66666666666667,1540.0,2.4999993333333332
116.75,1506.0,2.4999993333333332
116.83333333333333,1476.0,2.4431811666666667
116.91666666666667,1460.0,2.4431811666666667
116.91666666666667,1466.0,2.272726666666667
117.0,1524.0,2.5568175
117.08333333333333,1538.0,2.272726666666667
117.16666666666667,1607.0,2.272726666666667
117.25,1658.0,2.272726666666667
117.33333333333333,1681.0,2.8409083333333336
117.41666666666667,1653.0,2.4999993333333332
117.41666666666667,1629.0,2.272726666666667
117.5,1589.0,2.272726666666667
117.5,1540.0,2.272726666666667
117.58333333333333,1530.0,1.2499996666666666
117.66666666666667,1576.0,1.2499996666666666
117.75,1637.0,2.4431811666666667
117.75,1682.0,2.670453833333333
117.83333333333333,1753.0,1.9886358333333334
117.91666666666667,1780.0,2.3863630000000002
118.0,1781.0,2.8977265
118.08333333333333,1665.0,2.8977265
118.16666666666667,1569.0,2.272726666666667
118.25,1536.0,2.0454540000000003
118.25,1553.0,2.6136356666666667
118.33333333333333,1569.0,2.3863630000000002
118.41666666666667,1569.0,2.4431811666666667
118.5,1591.0,2.4431811666666667
118.58333333333333,1679.0,2.1590903333333333
118.58333333333333,1765.0,2.4999993333333332
118.66666666666667,1798.0,2.1590903333333333
118.75,1746.0,2.670453833333333
118.83333333333333,1674.0,2.1590903333333333
118.91666666666667,1636.0,2.1590903333333333
119.0,1643.0,2.1590903333333333
119.0,1643.0,2.670453833333333
119.08333333333333,1662.0,2.3863630000000002
119.16666666666667,1703.0,2.2159085000000003
119.25,1699.0,2.2159085000000003
119.33333333333333,1687.0,2.2159085000000003
119.41666666666667,1672.0,2.272726666666667
119.41666666666667,1632.0,2.6136356666666667
119.5,1670.0,2.1590903333333333
119.58333333333333,1783.0,2.5568175
119.66666666666667,1827.0,2.5568175
119.75,1765.0,2.102272166666667
119.75,1556.0,2.4999993333333332
119.83333333333333,1517.0,2.1590903333333333
119.91666666666667,1517.0,2.3295448333333333
120.0,1516.0,2.3295448333333333
120.08333333333333,1598.0,2.1590903333333333
120.08333333333333,1655.0,2.2159085000000003
120.16666666666667,1676.0,2.4431811666666667
120.25,1649.0,2.3295448333333333
120.33333333333333,1608.0,2.3295448333333333
120.41666666666667,1580.0,2.0454540000000003
120.41666666666667,1568.0,2.4999993333333332
120.5,1549.0,2.2159085000000003
120.58333333333333,1545.0,2.3295448333333333
120.66666666666667,1570.0,2.3295448333333333
120.66666666666667,1598.0,2.0454540000000003
120.75,1618.0,2.272726666666667
120.83333333333333,1631.0,2.3863630000000002
120.91666666666667,1621.0,2.3863630000000002
121.0,1596.0,2.3863630000000002
121.0,1578.0,2.2159085000000003
121.08333333333333,1582.0,2.102272166666667
121.16666666666667,1613.0,2.3863630000000002
121.25,1662.0,2.3863630000000002
121.33333333333333,1662.0,2.2159085000000003
121.33333333333333,1690.0,2.3295448333333333
121.41666666666667,1673.0,2.2159085000000003
121.5,1628.0,2.2159085000000003
121.58333333333333,1525.0,2.2159085000000003
121.66666666666667,1489.0,2.1590903333333333
121.66666666666667,1496.0,2.272726666666667
121.75,1527.0,2.102272166666667
121.83333333333333,1545.0,2.102272166666667
121.91666666666667,1577.0,1.9318176666666669
121.91666666666667,1581.0,2.2159085000000003
122.0,1608.0,2.4431811666666667
122.08333333333333,1679.0,2.272726666666667
122.08333333333333,1607.0,2.272726666666667
122.16666666666667,1525.0,2.272726666666667
122.16666666666667,1488.0,1.0795451666666667
122.25,1462.0,1.9886358333333334
122.33333333333333,1469.0,1.9886358333333334
122.41666666666667,1493.0,2.5568175
122.41666666666667,1513.0,2.4431811666666667
122.5,1519.0,1.8181813333333334
122.58333333333333,1537.0,2.6136356666666667
122.66666666666667,1582.0,2.6136356666666667
122.75,1747.0,2.272726666666667
122.75,1772.0,2.2159085000000003
122.83333333333333,1708.0,2.1590903333333333
122.83333333333333,1572.0,2.1590903333333333
122.91666666666667,1552.0,2.1590903333333333
122.91666666666667,1565.0,1.0227270000000002
123.0,1574.0,2.3863630000000002
123.08333333333333,1598.0,2.2159085000000003
123.16666666666667,1653.0,2.2159085000000003
123.16666666666667,1689.0,1.9886358333333334
123.25,1711.0,1.8181813333333334
123.33333333333333,1717.0,1.8181813333333334
123.41666666666667,1628.0,2.6136356666666667
123.41666666666667,1625.0,2.3295448333333333
123.5,1521.0,2.1590903333333333
123.58333333333333,1494.0,2.0454540000000003
123.66666666666667,1537.0,2.0454540000000003
123.66666666666667,1598.0,2.2159085000000003
123.75,1647.0,2.102272166666667
123.83333333333333,1662.0,2.102272166666667
123.91666666666667,1662.0,1.8749995000000002
123.91666666666667,1656.0,2.5568175
124.0,1661.0,1.9886358333333334
124.08333333333333,1658.0,2.1590903333333333
124.16666666666667,1665.0,2.1590903333333333
124.16666666666667,1666.0,2.4431811666666667
124.25,1666.0,1.9318176666666669
124.33333333333333,1652.0,2.3295448333333333
124.41666666666667,1651.0,2.3295448333333333
124.5,1630.0,2.102272166666667
124.5,1580.0,2.5568175
124.58333333333333,1546.0,1.8749995000000002
124.66666666666667,1622.0,1.8749995000000002
124.75,1672.0,2.0454540000000003
124.83333333333333,1694.0,2.7840901666666666
124.83333333333333,1636.0,2.2159085000000003
124.91666666666667,1561.0,2.1590903333333333
124.91666666666667,1543.0,2.1590903333333333
125.0,1552.0,2.1590903333333333
125.0,1699.0,1.0795451666666667
125.0,1838.0,1.0795451666666667
125.08333333333333,1898.0,1.0795451666666667
125.08333333333333,1898.0,0.9659088333333334
125.16666666666667,1800.0,2.272726666666667
125.25,1666.0,2.3295448333333333
125.33333333333333,1597.0,2.3295448333333333
125.41666666666667,1597.0,2.102272166666667
125.41666666666667,1663.0,2.272726666666667
125.5,1769.0,2.102272166666667
125.58333333333333,1743.0,2.2159085000000003
125.66666666666667,1643.0,2.2159085000000003
125.66666666666667,1572.0,2.0454540000000003
125.66666666666667,1553.0,2.0454540000000003
125.75,1617.0,2.0454540000000003
125.83333333333333,1645.0,1.0795451666666667
125.91666666666667,1662.0,2.3863630000000002
125.91666666666667,1663.0,2.272726666666667
126.0,1682.0,2.102272166666667
126.08333333333333,1730.0,2.102272166666667
126.08333333333333,1804.0,2.102272166666667
126.16666666666667,1842.0,1.9318176666666669
126.25,1694.0,2.272726666666667
126.33333333333333,1694.0,2.272726666666667
126.41666666666667,1549.0,2.4431811666666667
126.41666666666667,1490.0,2.102272166666667
126.5,1531.0,2.1590903333333333
126.58333333333333,1650.0,2.1590903333333333
126.66666666666667,1732.0,1.8181813333333334
126.66666666666667,1682.0,2.3295448333333333
126.75,1587.0,2.1590903333333333
126.83333333333333,1515.0,2.1590903333333333
126.83333333333333,1572.0,1.9318176666666669
126.91666666666667,1689.0,1.761363166666667
127.0,1806.0,2.6136356666666667
127.08333333333333,1858.0,2.6136356666666667
127.08333333333333,1756.0,2.0454540000000003
127.16666666666667,1607.0,2.0454540000000003
127.25,1486.0,2.0454540000000003
127.25,1400.0,1.9318176666666669
127.33333333333333,1402.0,2.102272166666667
127.33333333333333,1609.0,2.102272166666667
127.33333333333333,1744.0,2.102272166666667
127.41666666666667,1802.0,0.9659088333333334
127.5,1794.0,2.3295448333333333
127.58333333333333,1786.0,2.3295448333333333
127.58333333333333,1773.0,1.8181813333333334
127.66666666666667,1767.0,2.2159085000000003
127.75,1754.0,2.2159085000000003
127.75,1746.0,2.102272166666667
127.83333333333333,1755.0,1.8181813333333334
127.83333333333333,1736.0,1.8181813333333334
127.91666666666667,1693.0,1.8181813333333334
127.91666666666667,1593.0,0.9659088333333334
128.0,1595.0,2.3295448333333333
128.08333333333334,1675.0,2.3295448333333333
128.08333333333334,1742.0,1.9318176666666669
128.16666666666666,1749.0,2.0454540000000003
128.25,1674.0,2.0454540000000003
128.33333333333334,1646.0,1.8749995000000002
128.33333333333334,1569.0,2.0454540000000003
128.41666666666666,1558.0,1.9886358333333334
128.5,1621.0,1.9886358333333334
128.5,1816.0,1.9318176666666669
128.58333333333334,1862.0,1.9318176666666669
128.66666666666666,1819.0,1.704545
128.66666666666666,1819.0,2.1590903333333333
128.66666666666666,1740.0,2.1590903333333333
128.66666666666666,1715.0,2.1590903333333333
128.66666666666666,1789.0,2.1590903333333333
128.75,1891.0,0.6249998333333333
128.75,1931.0,0.6249998333333333
128.83333333333334,1919.0,1.5340905
128.91666666666666,1753.0,1.5340905
128.91666666666666,1750.0,1.9318176666666669
128.91666666666666,1678.0,1.9318176666666669
129.0,1674.0,1.0227270000000002
129.08333333333334,1737.0,1.0227270000000002
129.08333333333334,1740.0,1.761363166666667
129.16666666666666,1721.0,2.272726666666667
129.25,1726.0,2.272726666666667
129.25,1739.0,1.9318176666666669
129.33333333333334,1783.0,1.704545
129.33333333333334,1801.0,1.704545
129.33333333333334,1806.0,1.704545
129.41666666666666,1820.0,0.9659088333333334
129.5,1818.0,0.9659088333333334
129.5,1792.0,2.102272166666667
129.58333333333334,1792.0,1.704545
129.66666666666666,1824.0,1.704545
129.66666666666666,1866.0,2.1590903333333333
129.75,1782.0,1.4772723333333333
129.83333333333334,1668.0,1.4772723333333333
129.83333333333334,1604.0,2.1590903333333333
129.91666666666666,1618.0,1.9318176666666669
130.0,1700.0,1.9318176666666669
130.0,1747.0,1.8749995000000002
130.0,1779.0,1.8749995000000002
130.0,1794.0,1.8749995000000002
130.0,1821.0,1.8749995000000002
130.0,1835.0,1.8749995000000002
130.0,1825.0,1.8749995000000002
130.0,1825.0,1.8749995000000002
130.0,1821.0,1.8749995000000002
130.08333333333334,1872.0,1.8749995000000002
130.08333333333334,1940.0,0.340909
130.16666666666666,1921.0,1.704545
130.25,1810.0,1.704545
130.25,1607.0,1.704545
130.33333333333334,1607.0,1.9886358333333334
130.41666666666666,1600.0,1.9886358333333334
130.41666666666666,1693.0,2.102272166666667
130.5,1812.0,2.2159085000000003
130.58333333333334,1823.0,2.2159085000000003
130.58333333333334,1744.0,1.8181813333333334
130.66666666666666,1679.0,1.6477268333333333
130.75,1632.0,1.6477268333333333
130.75,1649.0,1.9318176666666669
130.83333333333334,1737.0,2.1590903333333333
130.91666666666666,1798.0,2.272726666666667
131.0,1789.0,2.272726666666667
131.0,1693.0,1.8749995000000002
131.08333333333334,1587.0,1.8749995000000002
131.16666666666666,1597.0,1.8749995000000002
131.16666666666666,1630.0,1.9318176666666669
131.25,1705.0,1.9886358333333334
131.33333333333334,1776.0,1.9886358333333334
131.33333333333334,1741.0,1.9318176666666669
131.41666666666666,1642.0,1.9886358333333334
131.41666666666666,1611.0,1.9886358333333334
131.41666666666666,1610.0,1.9886358333333334
131.41666666666666,1635.0,1.9886358333333334
131.41666666666666,1643.0,1.9886358333333334
131.41666666666666,1655.0,1.9886358333333334
131.41666666666666,1669.0,1.9886358333333334
131.5,1688.0,1.9886358333333334
131.5,1673.0,0.340909
131.58333333333334,1669.0,2.0454540000000003
131.58333333333334,1703.0,2.0454540000000003
131.66666666666666,1791.0,1.4204541666666668
131.66666666666666,1836.0,1.4204541666666668
131.66666666666666,1816.0,1.4204541666666668
131.75,1841.0,0.9090906666666667
131.75,1861.0,0.9090906666666667
131.83333333333334,1825.0,1.6477268333333333
131.91666666666666,1762.0,1.6477268333333333
131.91666666666666,1755.0,2.0454540000000003
132.0,1755.0,2.0454540000000003
132.0,1770.0,1.4204541666666668
132.08333333333334,1821.0,1.4204541666666668
132.08333333333334,1881.0,1.4772723333333333
132.08333333333334,1881.0,1.4772723333333333
132.16666666666666,1905.0,1.4772723333333333
132.16666666666666,1837.0,0.8522725
132.25,1797.0,0.8522725
132.25,1808.0,1.363636
132.33333333333334,1790.0,1.363636
132.33333333333334,1740.0,1.704545
132.41666666666666,1723.0,1.6477268333333333
132.41666666666666,1724.0,1.6477268333333333
132.5,1693.0,1.5340905
132.58333333333334,1653.0,1.5340905
132.58333333333334,1632.0,1.5909086666666667
132.58333333333334,1635.0,1.5909086666666667
132.66666666666666,1639.0,1.3068178333333333
132.66666666666666,1617.0,1.3068178333333333
132.75,1599.0,1.4772723333333333
132.75,1637.0,1.4772723333333333
132.75,1653.0,1.4772723333333333
132.75,1665.0,1.4772723333333333
132.75,1670.0,1.4772723333333333
132.75,1663.0,1.4772723333333333
132.75,1648.0,1.4772723333333333
132.75,1648.0,1.4772723333333333
132.75,1649.0,1.4772723333333333
132.83333333333334,1674.0,1.4772723333333333
132.83333333333334,1715.0,0.28409083333333335
132.83333333333334,1731.0,0.28409083333333335
132.83333333333334,1726.0,0.28409083333333335
132.91666666666666,1717.0,0.28409083333333335
132.91666666666666,1746.0,0.7386361666666666
132.91666666666666,1783.0,0.7386361666666666
133.0,1804.0,1.2499996666666666
133.08333333333334,1803.0,1.2499996666666666
133.08333333333334,1748.0,1.6477268333333333
133.16666666666666,1701.0,1.6477268333333333
133.16666666666666,1688.0,1.4772723333333333
133.25,1688.0,1.9886358333333334
133.25,1715.0,1.9886358333333334
133.33333333333334,1766.0,1.2499996666666666
133.33333333333334,1766.0,1.2499996666666666
133.41666666666666,1733.0,1.2499996666666666
133.41666666666666,1706.0,1.1931815000000001
133.5,1744.0,1.1931815000000001
133.5,1744.0,1.4772723333333333
133.58333333333334,1793.0,1.8181813333333334
133.58333333333334,1836.0,1.8181813333333334
133.66666666666666,1780.0,1.363636
133.66666666666666,1679.0,1.363636
133.66666666666666,1623.0,1.363636
133.66666666666666,1661.0,1.363636
133.75,1769.0,0.7386361666666666
133.75,1768.0,0.7386361666666666
133.83333333333334,1873.0,1.1931815000000001
133.83333333333334,1761.0,1.1931815000000001
133.91666666666666,1689.0,1.4204541666666668
133.91666666666666,1681.0,1.4204541666666668
134.0,1749.0,1.4204541666666668
134.0,1835.0,1.4204541666666668
134.08333333333334,1862.0,1.4204541666666668
134.08333333333334,1852.0,1.4204541666666668
134.16666666666666,1788.0,1.5340905
134.16666666666666,1664.0,1.5340905
134.25,1657.0,1.5340905
134.25,1664.0,1.5340905
134.33333333333334,1696.0,1.363636
134.33333333333334,1743.0,1.363636
134.41666666666666,1819.0,1.5909086666666667
134.41666666666666,1827.0,1.5909086666666667
134.41666666666666,1760.0,1.5909086666666667
134.41666666666666,1685.0,1.5909086666666667
134.41666666666666,1711.0,1.5909086666666667
134.41666666666666,1762.0,1.5909086666666667
134.5,1802.0,0.45454533333333336
134.5,1850.0,0.45454533333333336
134.58333333333334,1943.0,0.45454533333333336
134.58333333333334,1890.0,1.1931815000000001
134.66666666666666,1772.0,1.1931815000000001
134.66666666666666,1698.0,1.5909086666666667
134.75,1740.0,1.5909086666666667
134.75,1845.0,1.4204541666666668
134.83333333333334,1858.0,1.5909086666666667
134.83333333333334,1850.0,1.5909086666666667
134.91666666666666,1840.0,1.4772723333333333
134.91666666666666,1861.0,1.4772723333333333
134.91666666666666,1872.0,1.4772723333333333
134.91666666666666,1867.0,1.4772723333333333
134.91666666666666,1867.0,1.4772723333333333
134.91666666666666,1832.0,1.4772723333333333
135.0,1802.0,1.4772723333333333
135.0,1822.0,0.45454533333333336
135.0,1869.0,0.45454533333333336
135.0,1910.0,0.45454533333333336
135.08333333333334,1926.0,0.45454533333333336
135.08333333333334,1922.0,0.7386361666666666
135.16666666666666,1854.0,0.7386361666666666
135.16666666666666,1783.0,1.5340905
135.25,1793.0,1.5340905
135.25,1813.0,1.3068178333333333
135.33333333333334,1761.0,1.3068178333333333
135.33333333333334,1701.0,1.5340905
135.33333333333334,1646.0,1.5340905
135.41666666666666,1646.0,1.1363633333333334
135.5,1762.0,1.1363633333333334
135.5,1832.0,1.6477268333333333
135.5,1829.0,1.6477268333333333
135.5,1724.0,1.6477268333333333
135.58333333333334,1559.0,1.6477268333333333
135.58333333333334,1557.0,0.681818
135.58333333333334,1576.0,0.681818
135.58333333333334,1645.0,0.681818
135.66666666666666,1781.0,0.7954543333333334
135.66666666666666,1791.0,0.7954543333333334
135.75,1786.0,0.7954543333333334
135.75,1775.0,1.363636
135.83333333333334,1776.0,1.363636
135.83333333333334,1824.0,1.363636
135.91666666666666,1843.0,1.363636
135.91666666666666,1875.0,1.4204541666666668
135.91666666666666,1876.0,1.4204541666666668
135.91666666666666,1826.0,1.4204541666666668
136.0,1833.0,0.7386361666666666
136.0,1833.0,0.7386361666666666
136.08333333333334,1888.0,0.7386361666666666
136.08333333333334,2117.0,1.363636
136.16666666666666,2165.0,1.4772723333333333
136.16666666666666,2105.0,1.4772723333333333
136.25,1979.0,1.4772723333333333
136.25,1928.0,1.363636
136.33333333333334,1928.0,1.363636
136.33333333333334,2004.0,1.2499996666666666
136.41666666666666,2022.0,1.2499996666666666
136.41666666666666,1957.0,1.4204541666666668
136.41666666666666,1805.0,1.4204541666666668
136.5,1678.0,1.3068178333333333
136.58333333333334,1709.0,1.3068178333333333
136.58333333333334,1828.0,1.5909086666666667
136.58333333333334,1828.0,1.5909086666666667
136.66666666666666,2066.0,1.3068178333333333
136.66666666666666,2009.0,1.3068178333333333
136.75,1814.0,1.2499996666666666
136.75,1698.0,1.2499996666666666
136.75,1703.0,1.2499996666666666
136.75,1872.0,1.2499996666666666
136.83333333333334,1952.0,0.7386361666666666
136.83333333333334,1905.0,0.7386361666666666
136.83333333333334,1812.0,0.7386361666666666
136.83333333333334,1664.0,0.7386361666666666
136.83333333333334,1640.0,0.7386361666666666
136.83333333333334,1642.0,0.7386361666666666
136.83333333333334,1646.0,0.7386361666666666
136.83333333333334,1676.0,0.7386361666666666
136.83333333333334,1730.0,0.7386361666666666
136.83333333333334,1718.0,0.7386361666666666
136.83333333333334,1700.0,0.7386361666666666
136.83333333333334,1693.0,0.7386361666666666
136.83333333333334,1888.0,0.7386361666666666
136.91666666666666,2025.0,0.7386361666666666
136.91666666666666,2058.0,0.22727266666666668
136.91666666666666,1956.0,0.22727266666666668
136.91666666666666,1669.0,0.22727266666666668
136.91666666666666,1513.0,0.22727266666666668
137.0,1558.0,0.22727266666666668
137.0,1670.0,0.5681816666666667
137.0,1815.0,0.5681816666666667
137.08333333333334,1862.0,1.1931815000000001
137.08333333333334,1811.0,1.1931815000000001
137.16666666666666,1721.0,1.1931815000000001
137.16666666666666,1686.0,1.0795451666666667
137.16666666666666,1766.0,1.0795451666666667
137.25,1844.0,1.1931815000000001
137.25,1948.0,1.1931815000000001
137.33333333333334,1948.0,1.363636
137.33333333333334,1995.0,1.363636
137.41666666666666,1851.0,1.4204541666666668
137.41666666666666,1720.0,1.4204541666666668
137.5,1734.0,1.3068178333333333
137.5,1768.0,1.3068178333333333
137.5,1771.0,1.3068178333333333
137.5,1763.0,1.3068178333333333
137.58333333333334,1781.0,1.3068178333333333
137.58333333333334,1790.0,0.6249998333333333
137.58333333333334,1781.0,0.6249998333333333
137.66666666666666,1774.0,1.1363633333333334
137.66666666666666,1780.0,1.1363633333333334
137.66666666666666,1778.0,1.1363633333333334
137.66666666666666,1768.0,1.1363633333333334
137.66666666666666,1787.0,1.1363633333333334
137.75,1832.0,0.5681816666666667
137.75,1810.0,0.5681816666666667
137.83333333333334,1758.0,1.2499996666666666
137.83333333333334,1685.0,1.2499996666666666
137.91666666666666,1687.0,1.2499996666666666
137.91666666666666,1688.0,1.2499996666666666
137.91666666666666,1721.0,1.2499996666666666
138.0,1758.0,1.1363633333333334
138.0,1779.0,1.1363633333333334
138.0,1748.0,1.1363633333333334
138.0,1760.0,1.1363633333333334
138.0,1785.0,1.1363633333333334
138.0,1779.0,1.1363633333333334
138.0,1725.0,1.1363633333333334
138.0,1741.0,1.1363633333333334
138.0,1795.0,1.1363633333333334
138.0,1845.0,1.1363633333333334
138.0,1865.0,1.1363633333333334
138.0,1840.0,1.1363633333333334
138.0,1839.0,1.1363633333333334
138.0,1827.0,1.1363633333333334
138.0,1843.0,1.1363633333333334
138.0,1878.0,1.1363633333333334
138.08333333333334,1880.0,1.1363633333333334
138.08333333333334,1871.0,0.1704545
138.08333333333334,1865.0,0.1704545
138.08333333333334,1822.0,0.1704545
138.08333333333334,1822.0,0.1704545
138.08333333333334,1809.0,0.1704545
138.16666666666666,1810.0,0.5113635000000001
138.16666666666666,1838.0,0.5113635000000001
138.16666666666666,1879.0,0.5113635000000001
138.25,1848.0,1.0227270000000002
138.25,1817.0,1.0227270000000002
138.33333333333334,1817.0,1.0227270000000002
138.33333333333334,1721.0,1.1363633333333334
138.33333333333334,1718.0,1.1363633333333334
138.41666666666666,1767.0,1.1363633333333334
138.41666666666666,1844.0,0.9659088333333334
138.41666666666666,1911.0,0.9659088333333334
138.5,1916.0,1.0227270000000002
138.5,1876.0,1.0227270000000002
138.5,1872.0,1.0227270000000002
138.58333333333334,1887.0,0.9090906666666667
138.58333333333334,1894.0,0.9090906666666667
138.58333333333334,1877.0,0.9090906666666667
138.66666666666666,1851.0,0.9090906666666667
138.66666666666666,1812.0,0.8522725
138.66666666666666,1812.0,0.8522725
138.66666666666666,1695.0,0.8522725
138.75,1652.0,0.9090906666666667
138.75,1632.0,0.9090906666666667
138.75,1638.0,0.9090906666666667
138.83333333333334,1637.0,0.8522725
138.83333333333334,1646.0,0.8522725
138.83333333333334,1665.0,0.8522725
138.91666666666666,1692.0,0.8522725
138.91666666666666,1721.0,0.8522725
138.91666666666666,1737.0,0.8522725
138.91666666666666,1723.0,0.8522725
139.0,1692.0,0.7954543333333334
139.0,1670.0,0.7954543333333334
139.0,1739.0,0.7954543333333334
139.08333333333334,1856.0,0.7954543333333334
139.08333333333334,1917.0,0.7954543333333334
139.08333333333334,1894.0,0.7954543333333334
139.08333333333334,1771.0,0.7954543333333334
139.16666666666666,1648.0,0.7954543333333334
139.16666666666666,1677.0,0.7954543333333334
139.16666666666666,1677.0,0.7954543333333334
139.16666666666666,1785.0,0.7954543333333334
139.25,1870.0,0.7386361666666666
139.25,1778.0,0.7386361666666666
139.25,1652.0,0.7386361666666666
139.25,1529.0,0.7386361666666666
139.25,1479.0,0.7386361666666666
139.25,1387.0,0.7386361666666666
139.25,1493.0,0.7386361666666666
139.25,1673.0,0.7386361666666666
139.25,1819.0,0.7386361666666666
139.25,1802.0,0.7386361666666666
139.25,1636.0,0.7386361666666666
139.25,1552.0,0.7386361666666666
139.25,1563.0,0.7386361666666666
139.25,1651.0,0.7386361666666666
139.25,1891.0,0.7386361666666666
139.25,1951.0,0.7386361666666666
139.25,1861.0,0.7386361666666666
139.25,1717.0,0.7386361666666666
139.25,1568.0,0.7386361666666666
139.25,1535.0,0.7386361666666666
139.25,1601.0,0.7386361666666666
139.25,1706.0,0.7386361666666666
139.25,1768.0,0.7386361666666666
139.25,1661.0,0.7386361666666666
139.25,1603.0,0.7386361666666666
139.25,1561.0,0.7386361666666666
139.25,1612.0,0.7386361666666666
139.25,1776.0,0.7386361666666666
139.25,1899.0,0.7386361666666666
139.25,1912.0,0.7386361666666666
139.25,1850.0,0.7386361666666666
139.25,1778.0,0.7386361666666666
139.25,1711.0,0.7386361666666666
139.25,1708.0,0.7386361666666666
139.25,1816.0,0.7386361666666666
139.25,1908.0,0.7386361666666666
139.25,1886.0,0.7386361666666666
139.25,1778.0,0.7386361666666666
139.25,1709.0,0.7386361666666666
139.25,1692.0,0.7386361666666666
139.25,1798.0,0.7386361666666666
139.25,1798.0,0.7386361666666666
139.25,1936.0,0.7386361666666666
139.25,1944.0,0.7386361666666666
139.25,1900.0,0.7386361666666666
139.25,1806.0,0.7386361666666666
139.25,1610.0,0.7386361666666666
139.25,1592.0,0.7386361666666666
139.25,1593.0,0.7386361666666666
139.25,1779.0,0.7386361666666666
139.25,1836.0,0.7386361666666666
139.33333333333334,1708.0,0.0
139.33333333333334,1610.0,0.0
139.33333333333334,1595.0,0.0
139.33333333333334,1689.0,0.0
139.33333333333334,2002.0,0.0
139.33333333333334,2114.0,0.0
139.33333333333334,2073.0,0.0
139.33333333333334,1857.0,0.0
139.33333333333334,1511.0,0.0
139.33333333333334,1524.0,0.0
139.33333333333334,1748.0,0.0
139.33333333333334,1748.0,0.0
139.33333333333334,2055.0,0.0
139.33333333333334,1844.0,0.0
139.33333333333334,1549.0,0.0
139.33333333333334,1393.0,0.0
139.33333333333334,1455.0,0.0
139.33333333333334,1990.0,0.0
139.41666666666666,2135.0,0.0
139.41666666666666,2022.0,0.1704545
139.41666666666666,1711.0,0.1704545
139.41666666666666,1285.0,0.1704545
139.41666666666666,1343.0,0.1704545
139.41666666666666,1676.0,0.1704545
139.41666666666666,2036.0,0.1704545
139.41666666666666,2033.0,0.1704545
139.41666666666666,1771.0,0.1704545
139.41666666666666,1449.0,0.1704545
139.41666666666666,1318.0,0.1704545
139.41666666666666,1539.0,0.1704545
139.41666666666666,2362.0,0.1704545
139.41666666666666,2570.0,0.1704545
139.41666666666666,2301.0,0.1704545
139.41666666666666,2301.0,0.1704545
139.41666666666666,1789.0,0.1704545
139.41666666666666,1298.0,0.1704545
139.41666666666666,1422.0,0.1704545
139.41666666666666,1965.0,0.1704545
139.41666666666666,2232.0,0.1704545
139.41666666666666,2521.0,0.1704545
139.41666666666666,1846.0,0.1704545
139.41666666666666,1336.0,0.1704545
139.41666666666666,1116.0,0.1704545
139.41666666666666,1077.0,0.1704545
139.41666666666666,1779.0,0.1704545
139.41666666666666,2468.0,0.1704545
139.41666666666666,2504.0,0.1704545
139.41666666666666,2061.0,0.1704545
139.41666666666666,1432.0,0.1704545
139.41666666666666,1059.0,0.1704545
139.41666666666666,1330.0,0.1704545
139.41666666666666,2045.0,0.1704545
139.41666666666666,2800.0,0.1704545
139.41666666666666,3023.0,0.1704545
139.41666666666666,2034.0,0.1704545
139.41666666666666,1400.0,0.1704545
139.41666666666666,1100.0,0.1704545
139.41666666666666,1086.0,0.1704545
139.41666666666666,1512.0,0.1704545
139.41666666666666,1872.0,0.1704545
139.41666666666666,1896.0,0.1704545
139.41666666666666,1535.0,0.1704545
139.41666666666666,813.0,0.1704545
139.41666666666666,507.0,0.1704545
139.41666666666666,350.0,0.1704545
139.41666666666666,389.0,0.1704545
139.41666666666666,446.0,0.1704545
139.41666666666666,447.0,0.1704545
139.41666666666666,394.0,0.1704545
139.41666666666666,330.0,0.0
139.41666666666666,337.0,0.0
139.41666666666666,436.0,0.0
139.41666666666666,464.0,0.0
139.41666666666666,424.0,0.0
139.41666666666666,352.0,0.0
139.41666666666666,352.0,0.0
139.41666666666666,267.0,0.0
139.41666666666666,300.0,0.0
139.41666666666666,353.0,0.0
139.41666666666666,371.0,0.0
139.41666666666666,322.0,0.0
139.41666666666666,275.0,0.0
139.41666666666666,275.0,0.0
139.41666666666666,284.0,0.0
139.41666666666666,306.0,0.0
139.41666666666666,325.0,0.0
139.41666666666666,324.0,0.0
139.41666666666666,314.0,0.0
139.41666666666666,308.0,0.0
139.41666666666666,330.0,0.0
139.41666666666666,338.0,0.0
139.41666666666666,332.0,0.0
139.41666666666666,318.0,0.0
139.41666666666666,307.0,0.0
139.41666666666666,313.0,0.0
139.41666666666666,314.0,0.0
139.41666666666666,314.0,0.0
139.41666666666666,308.0,0.0
