0.0,0.0,0.0
0.0,0.0,0.0
0.0,0.0,0.0
0.0,0.0,0.0
0.0,0.0,0.0
0.0,0.0,0.0
0.0,0.0,0.0
0.0,0.0,0.0
0.0,0.0,0.0
0.0,0.0,0.0
0.0,1.0,0.0
0.0,0.0,0.0
0.0,0.0,0.0
0.0,0.0,0.0
0.0,0.0,0.0
0.0,0.0,0.0
0.0,0.0,0.0
0.0,0.0,0.0
0.0,0.0,0.0
0.0,0.0,0.0
0.0,0.0,0.0
0.0,0.0,0.0
0.0,0.0,0.0
0.0,0.0,0.0
0.0,0.0,0.0
0.0,0.0,0.0
0.0,0.0,0.0
0.0,1.0,0.0
0.0,0.0,0.0
0.0,0.0,0.0
0.0,0.0,0.0
0.0,0.0,0.0
0.0,1.0,0.0
0.0,0.0,0.0
0.0,0.0,0.0
0.0,0.0,0.0
0.0,0.0,0.0
0.0,0.0,0.0
0.0,0.0,0.0
0.0,0.0,0.0
0.0,0.0,0.0
0.0,0.0,0.0
0.0,0.0,0.0
0.0,0.0,0.0
0.0,0.0,0.0
0.0,0.0,0.0
0.0,0.0,0.0
0.0,0.0,0.0
0.0,0.0,0.0
0.0,0.0,0.0
0.0,0.0,0.0
0.0,0.0,0.0
0.0,0.0,0.0
0.0,0.0,0.0
0.0,0.0,0.0
0.0,0.0,0.0
0.0,0.0,0.0
0.0,0.0,0.0
0.0,0.0,0.0
0.0,0.0,0.0
0.0,0.0,0.0
0.0,0.0,0.0
0.0,0.0,0.0
0.0,0.0,0.0
0.0,0.0,0.0
0.0,0.0,0.0
0.0,0.0,0.0
0.0,0.0,0.0
0.0,0.0,0.0
0.0,1.0,0.0
0.0,0.0,0.0
0.0,0.0,0.0
0.0,0.0,0.0
0.0,0.0,0.0
0.0,0.0,0.0
0.0,0.0,0.0
0.0,0.0,0.0
0.0,0.0,0.0
0.0,0.0,0.0
0.0,0.0,0.0
0.0,0.0,0.0
0.0,0.0,0.0
0.0,0.0,0.0
0.0,0.0,0.0
0.0,0.0,0.0
0.0,0.0,0.0
0.0,0.0,0.0
0.0,0.0,0.0
0.0,0.0,0.0
0.0,0.0,0.0
0.0,0.0,0.0
0.0,0.0,0.0
0.0,0.0,0.0
0.0,0.0,0.0
0.0,0.0,0.0
0.0,0.0,0.0
0.0,0.0,0.0
0.0,0.0,0.0
0.0,0.0,0.0
0.0,0.0,0.0
0.0,0.0,0.0
0.0,0.0,0.0
0.0,0.0,0.0
0.0,0.0,0.0
0.0,0.0,0.0
0.0,0.0,0.0
0.0,0.0,0.0
0.0,0.0,0.0
0.0,0.0,0.0
0.0,0.0,0.0
0.0,0.0,0.0
0.0,0.0,0.0
0.0,0.0,0.0
0.0,0.0,0.0
0.0,0.0,0.0
0.0,0.0,0.0
0.0,1.0,0.0
0.0,0.0,0.0
0.0,0.0,0.0
0.0,0.0,0.0
0.0,0.0,0.0
0.0,0.0,0.0
0.0,1.0,0.0
0.0,0.0,0.0
0.0,0.0,0.0
0.0,0.0,0.0
0.0,0.0,0.0
0.0,0.0,0.0
0.0,0.0,0.0
0.0,0.0,0.0
0.0,0.0,0.0
0.0,0.0,0.0
0.0,1.0,0.0
0.0,0.0,0.0
0.0,0.0,0.0
0.0,0.0,0.0
0.0,0.0,0.0
0.0,1.0,0.0
0.0,0.0,0.0
0.0,0.0,0.0
0.0,0.0,0.0
0.0,0.0,0.0
0.0,0.0,0.0
0.0,0.0,0.0
0.0,0.0,0.0
0.0,0.0,0.0
0.0,0.0,0.0
0.0,0.0,0.0
0.0,0.0,0.0
0.0,0.0,0.0
0.0,0.0,0.0
0.0,0.0,0.0
0.0,0.0,0.0
0.0,0.0,0.0
0.0,0.0,0.0
0.0,0.0,0.0
0.0,1.0,0.0
0.0,0.0,0.0
0.0,0.0,0.0
0.0,0.0,0.0
0.0,0.0,0.0
0.0,0.0,0.0
0.0,0.0,0.0
0.0,0.0,0.0
0.0,0.0,0.0
0.0,0.0,0.0
0.0,0.0,0.0
0.0,0.0,0.0
0.0,0.0,0.0
0.0,0.0,0.0
0.0,0.0,0.0
0.0,0.0,0.0
0.0,0.0,0.0
0.0,0.0,0.0
0.0,0.0,0.0
0.0,1.0,0.0
0.0,0.0,0.0
0.0,0.0,0.0
0.0,0.0,0.0
0.0,0.0,0.0
0.0,0.0,0.0
0.0,0.0,0.0
0.0,0.0,0.0
0.0,1.0,0.0
0.0,0.0,0.0
0.0,0.0,0.0
0.0,0.0,0.0
0.0,0.0,0.0
0.0,0.0,0.0
0.0,0.0,0.0
0.0,0.0,0.0
0.0,0.0,0.0
0.0,0.0,0.0
0.0,0.0,0.0
0.0,0.0,0.0
0.0,0.0,0.0
0.0,0.0,0.0
0.0,0.0,0.0
0.0,0.0,0.0
0.0,0.0,0.0
0.0,0.0,0.0
0.0,0.0,0.0
0.0,1.0,0.0
0.0,0.0,0.0
0.0,1.0,0.0
0.0,0.0,0.0
0.0,0.0,0.0
0.0,0.0,0.0
0.0,0.0,0.0
0.0,0.0,0.0
0.0,0.0,0.0
0.0,0.0,0.0
0.0,0.0,0.0
0.0,0.0,0.0
0.0,0.0,0.0
0.0,0.0,0.0
0.0,0.0,0.0
0.0,1.0,0.0
0.0,0.0,0.0
0.0,0.0,0.0
0.0,0.0,0.0
0.0,0.0,0.0
0.0,0.0,0.0
0.0,0.0,0.0
0.0,0.0,0.0
0.0,0.0,0.0
0.0,0.0,0.0
0.0,0.0,0.0
0.0,0.0,0.0
0.0,0.0,0.0
0.0,0.0,0.0
0.0,0.0,0.0
0.0,0.0,0.0
0.0,0.0,0.0
0.0,0.0,0.0
0.0,1.0,0.0
0.0,0.0,0.0
0.0,0.0,0.0
0.0,0.0,0.0
0.0,0.0,0.0
0.0,0.0,0.0
0.0,0.0,0.0
0.0,0.0,0.0
0.0,0.0,0.0
0.0,0.0,0.0
0.0,0.0,0.0
0.0,0.0,0.0
0.0,0.0,0.0
0.0,0.0,0.0
0.0,0.0,0.0
0.0,12.0,0.0
0.0,70.0,0.0
0.0,173.0,0.0
0.0,191.0,0.0
0.0,157.0,0.0
0.0,107.0,0.0
0.0,68.0,0.0
0.0,69.0,0.0
0.0,88.0,0.0
0.0,115.0,0.0
0.0,159.0,0.0
0.0,190.0,0.0
0.0,196.0,0.0
0.0,204.0,0.0
0.0,213.0,0.0
0.0,250.0,0.0
0.0,280.0,0.0
0.0,315.0,0.0
0.0,362.0,0.0
0.0,389.0,0.0
0.0,403.0,0.0
0.0,423.0,0.0
0.0,441.0,0.0
0.0,485.0,0.0
0.0,522.0,0.0
0.0,546.0,0.0
0.0,570.0,0.0
0.0,609.0,0.0
0.0,671.0,0.0
0.0,728.0,0.0
0.0,749.0,0.0
0.0,749.0,0.0
0.0,749.0,0.0
0.0,725.0,0.0
0.0,685.0,0.0
0.0,684.0,0.0
0.0,704.0,0.0
0.0,727.0,0.0
0.0,752.0,0.0
0.0,746.0,0.0
0.0,751.0,0.0
0.0,760.0,0.0
0.0,761.0,0.0
0.0,754.0,0.0
0.0,745.0,0.0
0.0,763.0,0.0
0.0,800.0,0.0
0.0,844.0,0.0
0.0,857.0,0.0
0.0,857.0,0.0
0.0,852.0,0.0
0.0,851.0,0.0
0.0,898.0,0.0
0.0,1046.0,0.0
0.0,1199.0,0.1704545
0.0,1375.0,0.1704545
0.0,1572.0,0.1704545
0.0,1647.0,0.1704545
0.0,1706.0,0.1704545
0.0,1757.0,0.1704545
0.08333333333333333,1849.0,0.1704545
0.08333333333333333,1897.0,0.1704545
0.08333333333333333,1923.0,0.1704545
0.08333333333333333,1923.0,0.1704545
0.08333333333333333,1924.0,0.1704545
0.08333333333333333,1951.0,0.1704545
0.08333333333333333,1987.0,0.1704545
0.16666666666666666,2012.0,0.1704545
0.16666666666666666,1996.0,0.1704545
0.16666666666666666,2019.0,0.1704545
0.16666666666666666,2058.0,0.1704545
0.25,2062.0,0.6249998333333333
0.25,2047.0,0.6249998333333333
0.25,1985.0,0.6249998333333333
0.25,1985.0,0.6249998333333333
0.3333333333333333,1962.0,0.7386361666666666
0.3333333333333333,1954.0,0.7386361666666666
0.3333333333333333,1928.0,0.7386361666666666
0.4166666666666667,1928.0,0.7386361666666666
0.4166666666666667,1929.0,0.7954543333333334
0.4166666666666667,1918.0,0.7954543333333334
0.4166666666666667,1904.0,0.7954543333333334
0.5,1890.0,0.8522725
0.5,1864.0,0.8522725
0.5,1837.0,0.8522725
0.5833333333333334,1743.0,0.9659088333333334
0.5833333333333334,1686.0,0.9659088333333334
0.6666666666666666,1740.0,0.9659088333333334
0.6666666666666666,1804.0,1.0795451666666667
0.6666666666666666,1831.0,1.0795451666666667
0.75,1806.0,1.1363633333333334
0.75,1785.0,1.1363633333333334
0.8333333333333334,1824.0,1.1363633333333334
0.8333333333333334,1818.0,1.1931815000000001
0.9166666666666666,1770.0,1.1931815000000001
0.9166666666666666,1717.0,1.3068178333333333
1.0,1733.0,1.3068178333333333
1.0,1807.0,1.5340905
1.0833333333333333,1864.0,1.5340905
1.0833333333333333,1914.0,1.2499996666666666
1.0833333333333333,1960.0,1.2499996666666666
1.0833333333333333,1969.0,1.2499996666666666
1.0833333333333333,1988.0,1.2499996666666666
1.0833333333333333,2004.0,1.2499996666666666
1.0833333333333333,2004.0,1.2499996666666666
1.0833333333333333,2002.0,1.2499996666666666
1.0833333333333333,1940.0,1.2499996666666666
1.0833333333333333,1855.0,1.2499996666666666
1.0833333333333333,1873.0,1.2499996666666666
1.0833333333333333,1935.0,1.2499996666666666
1.0833333333333333,1939.0,1.2499996666666666
1.0833333333333333,1903.0,1.2499996666666666
1.0833333333333333,1847.0,1.2499996666666666
1.0833333333333333,1827.0,1.2499996666666666
1.0833333333333333,1791.0,1.2499996666666666
1.0833333333333333,1762.0,1.2499996666666666
1.1666666666666667,1762.0,0.1704545
1.1666666666666667,1755.0,0.1704545
1.1666666666666667,1734.0,0.1704545
1.25,1715.0,0.1704545
1.3333333333333333,1716.0,0.7954543333333334
1.3333333333333333,1738.0,2.1590903333333333
1.4166666666666667,1771.0,1.8749995000000002
1.4166666666666667,1782.0,1.8749995000000002
1.4166666666666667,1702.0,1.8749995000000002
1.5,1658.0,1.8749995000000002
1.5,1634.0,0.8522725
1.5,1627.0,0.8522725
1.5833333333333333,1658.0,0.8522725
1.6666666666666667,1657.0,1.0227270000000002
1.6666666666666667,1663.0,1.9318176666666669
1.75,1665.0,2.4999993333333332
1.75,1663.0,2.4999993333333332
1.8333333333333333,1682.0,2.4999993333333332
1.8333333333333333,1681.0,1.0227270000000002
1.8333333333333333,1684.0,1.0227270000000002
1.8333333333333333,1687.0,1.0227270000000002
1.8333333333333333,1685.0,1.0227270000000002
1.8333333333333333,1712.0,1.0227270000000002
1.8333333333333333,1744.0,1.0227270000000002
1.8333333333333333,1761.0,1.0227270000000002
1.8333333333333333,1831.0,1.0227270000000002
1.8333333333333333,1848.0,1.0227270000000002
1.8333333333333333,1858.0,1.0227270000000002
1.8333333333333333,1906.0,1.0227270000000002
1.9166666666666667,1928.0,1.0227270000000002
1.9166666666666667,1879.0,0.22727266666666668
2.0,1865.0,0.22727266666666668
2.0833333333333335,1866.0,1.363636
2.1666666666666665,1849.0,3.068181
2.25,1828.0,2.9545446666666666
2.3333333333333335,1837.0,2.7840901666666666
2.4166666666666665,1851.0,2.6136356666666667
2.5,1820.0,2.8409083333333336
2.5833333333333335,1756.0,2.9545446666666666
2.6666666666666665,1698.0,3.2954536666666665
2.6666666666666665,1649.0,3.5795445000000004
2.75,1655.0,3.5795445000000004
2.8333333333333335,1709.0,1.4204541666666668
2.9166666666666665,1709.0,3.40909
2.9166666666666665,1795.0,3.40909
2.9166666666666665,1841.0,3.40909
2.9166666666666665,1881.0,3.40909
3.0,1882.0,3.40909
3.0,1904.0,0.6249998333333333
3.0833333333333335,1881.0,0.6249998333333333
3.1666666666666665,1927.0,1.6477268333333333
3.25,2020.0,4.090908000000001
3.4166666666666665,1983.0,3.8636353333333338
3.5,1806.0,3.2954536666666665
3.5833333333333335,1771.0,3.5795445000000004
3.6666666666666665,1853.0,3.40909
3.8333333333333335,1938.0,3.40909
3.9166666666666665,1956.0,3.5795445000000004
4.0,1921.0,3.693180833333334
4.166666666666667,1882.0,3.806817166666667
4.25,1854.0,3.8636353333333338
4.333333333333333,1819.0,3.7499990000000003
4.333333333333333,1788.0,3.7499990000000003
4.333333333333333,1783.0,3.7499990000000003
4.333333333333333,1789.0,3.7499990000000003
4.416666666666667,1779.0,0.7386361666666666
4.5,1864.0,0.7386361666666666
4.666666666666667,1980.0,2.0454540000000003
4.75,2031.0,4.034089833333334
4.833333333333333,1997.0,3.636362666666667
5.0,1869.0,4.034089833333334
5.083333333333333,1822.0,4.261362500000001
5.25,1813.0,4.261362500000001
5.333333333333333,1800.0,4.318180666666667
5.5,1802.0,4.318180666666667
5.583333333333333,1834.0,4.488635166666667
5.75,1836.0,4.488635166666667
5.833333333333333,1827.0,4.318180666666667
6.0,1812.0,4.318180666666667
6.0,1797.0,4.261362500000001
6.083333333333333,1789.0,4.261362500000001
6.166666666666667,1764.0,4.374998833333334
6.333333333333333,1740.0,4.374998833333334
6.5,1726.0,4.374998833333334
6.583333333333333,1783.0,5.113635
6.75,1811.0,4.6022715000000005
6.916666666666667,1811.0,4.659089666666667
7.0,1796.0,4.7727260000000005
7.166666666666667,1840.0,4.7727260000000005
7.333333333333333,1877.0,4.7727260000000005
7.416666666666667,1782.0,4.9431805
7.583333333333333,1746.0,4.9431805
7.583333333333333,1713.0,4.6022715000000005
7.583333333333333,1557.0,4.6022715000000005
7.75,1570.0,4.6022715000000005
7.916666666666667,1687.0,4.8863623333333335
8.0,1849.0,4.6022715000000005
8.166666666666666,1943.0,5.170453166666666
8.333333333333334,1898.0,5.170453166666666
8.5,1863.0,4.8295441666666665
8.583333333333334,1872.0,4.7727260000000005
8.75,1840.0,4.090908000000001
8.833333333333334,1711.0,3.9772716666666668
9.0,1705.0,4.374998833333334
9.083333333333334,1616.0,4.488635166666667
9.166666666666666,1561.0,4.8295441666666665
9.25,1547.0,4.8295441666666665
9.333333333333334,1654.0,1.5340905
9.416666666666666,1752.0,2.6136356666666667
9.583333333333334,1775.0,4.8863623333333335
9.75,1757.0,5.056816833333333
9.916666666666666,1769.0,5.113635
10.0,1779.0,5.2840895
10.166666666666666,1753.0,5.170453166666666
10.333333333333334,1683.0,5.2840895
10.5,1569.0,4.7727260000000005
10.583333333333334,1597.0,4.7159078333333335
10.75,1598.0,4.7159078333333335
10.833333333333334,1613.0,4.7727260000000005
10.833333333333334,1541.0,4.7727260000000005
11.0,1548.0,4.7727260000000005
11.166666666666666,1577.0,5.113635
11.333333333333334,1569.0,5.113635
11.416666666666666,1545.0,5.795453
11.5,1596.0,4.7727260000000005
11.666666666666666,1646.0,4.7727260000000005
11.833333333333334,1658.0,5.6249985
12.0,1649.0,5.6249985
12.083333333333334,1649.0,5.170453166666666
12.083333333333334,1675.0,5.170453166666666
12.166666666666666,1673.0,5.170453166666666
12.25,1645.0,1.0795451666666667
12.416666666666666,1644.0,5.568180333333333
12.583333333333334,1544.0,5.568180333333333
12.75,1492.0,5.6249985
12.916666666666666,1540.0,5.6249985
13.0,1567.0,5.340907666666666
13.166666666666666,1589.0,5.340907666666666
13.333333333333334,1599.0,5.340907666666666
13.5,1579.0,5.852271166666667
13.5,1580.0,5.397725833333334
13.583333333333334,1578.0,2.5568175
13.583333333333334,1529.0,2.5568175
13.666666666666666,1506.0,2.5568175
13.833333333333334,1485.0,2.5568175
14.0,1466.0,5.681816666666667
14.166666666666666,1461.0,5.681816666666667
14.333333333333334,1436.0,5.681816666666667
14.5,1414.0,5.738634833333333
14.666666666666666,1417.0,5.738634833333333
14.75,1452.0,5.852271166666667
14.916666666666666,1473.0,6.136362
15.083333333333334,1474.0,6.136362
15.166666666666666,1466.0,5.6249985
15.25,1458.0,5.6249985
15.333333333333334,1520.0,5.511362166666667
15.5,1514.0,5.511362166666667
15.75,1421.0,5.511362166666667
15.833333333333334,1382.0,6.022725666666667
16.083333333333332,1358.0,6.022725666666667
16.25,1383.0,6.022725666666667
16.416666666666668,1410.0,5.9659075
16.416666666666668,1431.0,5.397725833333334
16.583333333333332,1447.0,5.397725833333334
16.666666666666668,1459.0,5.909089333333333
16.666666666666668,1500.0,3.068181
16.833333333333332,1566.0,3.068181
17.0,1584.0,5.2840895
17.166666666666668,1534.0,6.6477255
17.25,1431.0,5.738634833333333
17.5,1332.0,5.738634833333333
17.666666666666668,1332.0,5.9659075
17.833333333333332,1265.0,5.9659075
17.916666666666668,1281.0,6.136362
17.916666666666668,1331.0,6.136362
18.0,1370.0,1.2499996666666666
18.166666666666668,1378.0,3.068181
18.333333333333332,1405.0,5.6249985
18.5,1517.0,5.6249985
18.583333333333332,1617.0,7.272725333333334
18.75,1604.0,7.272725333333334
18.833333333333332,1506.0,5.909089333333333
18.916666666666668,1375.0,5.511362166666667
19.083333333333332,1335.0,5.511362166666667
19.166666666666668,1404.0,6.477271
19.416666666666668,1415.0,6.363634666666667
19.583333333333332,1346.0,6.136362
19.75,1257.0,6.534089166666668
19.916666666666668,1241.0,6.193180166666667
20.0,1284.0,5.9659075
20.25,1318.0,5.9659075
20.416666666666668,1333.0,5.738634833333333
20.5,1324.0,6.079543833333333
20.5,1305.0,6.079543833333333
20.666666666666668,1296.0,6.079543833333333
20.833333333333332,1283.0,6.079543833333333
21.0,1260.0,6.590907333333333
21.166666666666668,1217.0,6.590907333333333
21.333333333333332,1176.0,6.193180166666667
21.583333333333332,1157.0,6.249998333333333
21.75,1116.0,6.249998333333333
21.916666666666668,1143.0,7.215907166666668
22.0,1142.0,6.249998333333333
22.166666666666668,1170.0,6.249998333333333
22.25,1164.0,6.6477255
22.416666666666668,1108.0,3.40909
22.583333333333332,1070.0,6.590907333333333
22.75,1059.0,6.590907333333333
22.916666666666668,1084.0,6.81818
23.083333333333332,1092.0,7.102270833333333
23.25,1087.0,7.102270833333333
23.416666666666668,1085.0,6.193180166666667
23.5,1066.0,6.761361833333333
23.5,1013.0,6.761361833333333
23.666666666666668,1013.0,6.761361833333333
23.833333333333332,974.0,6.761361833333333
24.083333333333332,961.0,6.193180166666667
24.25,964.0,6.874998166666668
24.333333333333332,931.0,6.363634666666667
24.5,884.0,6.534089166666668
24.583333333333332,905.0,6.534089166666668
24.75,962.0,6.81818
24.833333333333332,986.0,6.761361833333333
25.0,989.0,6.761361833333333
25.083333333333332,1012.0,7.7272706666666675
25.25,1030.0,7.670452500000001
25.416666666666668,1047.0,7.443179833333334
25.583333333333332,1046.0,6.931816333333333
25.75,1062.0,6.931816333333333
25.833333333333332,1044.0,6.022725666666667
25.833333333333332,992.0,2.272726666666667
25.833333333333332,993.0,2.272726666666667
26.0,1014.0,2.272726666666667
26.166666666666668,1191.0,3.522726333333334
26.333333333333332,1283.0,6.136362
26.416666666666668,1204.0,7.8977251666666675
26.5,1021.0,2.102272166666667
26.583333333333332,1073.0,3.5795445000000004
26.75,1187.0,3.5795445000000004
26.833333333333332,1200.0,6.477271
26.833333333333332,1142.0,6.477271
26.916666666666668,855.0,1.363636
27.0,823.0,1.363636
27.25,875.0,2.3295448333333333
27.416666666666668,1042.0,6.420452833333333
27.583333333333332,1115.0,5.9659075
27.666666666666668,1102.0,5.6249985
27.75,1048.0,6.988634500000001
27.833333333333332,1084.0,3.2386355
27.916666666666668,1221.0,3.2386355
27.916666666666668,1180.0,1.704545
28.0,1042.0,1.6477268333333333
28.166666666666668,939.0,8.238634166666667
28.333333333333332,906.0,8.238634166666667
28.5,1020.0,7.386361666666668
28.666666666666668,1068.0,7.329543500000001
28.75,1068.0,7.329543500000001
28.833333333333332,1085.0,6.590907333333333
29.0,1072.0,6.590907333333333
29.083333333333332,1043.0,6.363634666666667
29.166666666666668,1031.0,6.363634666666667
29.25,1012.0,6.193180166666667
29.333333333333332,994.0,6.193180166666667
29.583333333333332,981.0,6.193180166666667
29.666666666666668,958.0,6.420452833333333
29.833333333333332,952.0,6.420452833333333
30.083333333333332,945.0,6.420452833333333
30.083333333333332,960.0,6.136362
30.25,980.0,6.136362
30.25,936.0,6.6477255
30.416666666666668,885.0,6.6477255
30.666666666666668,839.0,6.6477255
30.833333333333332,841.0,6.6477255
31.0,855.0,6.6477255
31.166666666666668,927.0,7.215907166666668
31.25,1040.0,7.215907166666668
31.416666666666668,1043.0,6.6477255
31.416666666666668,944.0,6.079543833333333
31.416666666666668,868.0,6.079543833333333
31.583333333333332,874.0,6.079543833333333
31.666666666666668,920.0,7.102270833333333
31.833333333333332,941.0,7.102270833333333
32.083333333333336,938.0,6.988634500000001
32.166666666666664,958.0,7.102270833333333
32.416666666666664,978.0,7.102270833333333
32.5,942.0,6.420452833333333
32.583333333333336,1091.0,6.420452833333333
32.666666666666664,1099.0,6.6477255
32.75,1125.0,6.6477255
33.0,981.0,6.6477255
33.166666666666664,646.0,6.6477255
33.25,675.0,7.5568161666666676
33.333333333333336,856.0,7.5568161666666676
33.416666666666664,1002.0,2.102272166666667
33.583333333333336,950.0,2.3863630000000002
33.833333333333336,828.0,6.931816333333333
33.916666666666664,904.0,6.534089166666668
33.916666666666664,1048.0,6.534089166666668
34.083333333333336,1120.0,6.534089166666668
34.166666666666664,1120.0,6.988634500000001
34.416666666666664,1019.0,6.931816333333333
34.583333333333336,932.0,6.534089166666668
34.75,930.0,6.988634500000001
34.916666666666664,1014.0,6.988634500000001
35.083333333333336,1098.0,6.988634500000001
35.166666666666664,1050.0,6.534089166666668
35.25,1052.0,2.102272166666667
35.416666666666664,1118.0,2.102272166666667
35.583333333333336,1151.0,6.590907333333333
35.75,1055.0,6.704543666666668
35.916666666666664,991.0,6.704543666666668
36.0,967.0,3.693180833333334
36.166666666666664,983.0,3.693180833333334
36.333333333333336,1047.0,3.693180833333334
36.5,1036.0,3.693180833333334
36.5,1010.0,6.931816333333333
36.666666666666664,1011.0,6.931816333333333
36.916666666666664,1029.0,7.386361666666668
37.083333333333336,1077.0,7.386361666666668
37.25,1066.0,6.363634666666667
37.416666666666664,1006.0,6.761361833333333
37.583333333333336,949.0,6.761361833333333
37.75,985.0,7.045452666666668
37.833333333333336,1007.0,7.045452666666668
37.833333333333336,996.0,2.3863630000000002
38.0,1002.0,2.3863630000000002
38.25,1073.0,6.931816333333333
38.416666666666664,1065.0,6.931816333333333
38.5,1059.0,7.499998000000001
38.666666666666664,1063.0,3.1818173333333335
38.833333333333336,1068.0,6.81818
38.916666666666664,1060.0,7.159089000000001
38.916666666666664,1040.0,3.1818173333333335
39.0,1035.0,3.1818173333333335
39.25,1047.0,6.590907333333333
39.333333333333336,1081.0,7.7272706666666675
39.583333333333336,1081.0,7.7272706666666675
39.75,1062.0,7.7272706666666675
40.0,1044.0,7.7272706666666675
40.166666666666664,1039.0,6.988634500000001
40.416666666666664,1028.0,6.988634500000001
40.416666666666664,1028.0,8.409088666666667
40.583333333333336,1028.0,8.409088666666667
40.75,1023.0,7.215907166666668
40.833333333333336,992.0,6.079543833333333
41.083333333333336,1010.0,6.079543833333333
41.25,1057.0,6.477271
41.416666666666664,1073.0,6.3068165
41.666666666666664,1065.0,6.3068165
41.75,1040.0,6.3068165
41.75,1009.0,3.2386355
41.75,905.0,3.2386355
41.916666666666664,808.0,3.2386355
42.083333333333336,751.0,6.874998166666668
42.25,781.0,6.988634500000001
42.5,848.0,6.988634500000001
42.583333333333336,899.0,6.931816333333333
42.75,922.0,6.931816333333333
42.916666666666664,953.0,6.931816333333333
43.083333333333336,1035.0,6.931816333333333
43.083333333333336,1111.0,6.81818
43.25,1135.0,6.81818
43.416666666666664,1090.0,6.81818
43.583333333333336,979.0,6.81818
43.833333333333336,922.0,6.704543666666668
44.0,927.0,7.045452666666668
44.25,942.0,7.045452666666668
44.25,961.0,6.590907333333333
44.25,1028.0,6.590907333333333
44.25,1088.0,6.590907333333333
44.333333333333336,1084.0,0.8522725
44.583333333333336,1011.0,0.8522725
44.75,1007.0,6.249998333333333
45.0,1004.0,7.272725333333334
45.083333333333336,990.0,6.988634500000001
45.166666666666664,966.0,6.988634500000001
45.25,931.0,6.136362
45.333333333333336,881.0,2.3295448333333333
45.333333333333336,818.0,2.3295448333333333
45.416666666666664,769.0,2.3295448333333333
45.666666666666664,798.0,6.761361833333333
45.833333333333336,843.0,6.477271
46.0,842.0,6.477271
46.083333333333336,849.0,6.874998166666668
46.25,849.0,6.874998166666668
46.5,876.0,6.874998166666668
46.666666666666664,892.0,6.874998166666668
46.833333333333336,889.0,6.874998166666668
47.0,863.0,6.420452833333333
47.083333333333336,816.0,6.704543666666668
47.25,900.0,6.704543666666668
47.5,999.0,6.704543666666668
47.583333333333336,959.0,7.784088833333334
47.75,857.0,7.784088833333334
48.0,755.0,6.477271
48.166666666666664,814.0,6.534089166666668
48.333333333333336,1012.0,6.534089166666668
48.583333333333336,1166.0,6.534089166666668
48.75,1145.0,6.534089166666668
48.916666666666664,1024.0,6.534089166666668
49.166666666666664,1016.0,6.6477255
49.333333333333336,1017.0,6.6477255
49.5,1068.0,7.045452666666668
49.666666666666664,992.0,7.045452666666668
49.75,901.0,7.8977251666666675
49.916666666666664,862.0,7.8977251666666675
50.0,891.0,6.477271
50.0,995.0,6.477271
50.25,1028.0,6.477271
50.416666666666664,989.0,6.477271
50.666666666666664,953.0,6.931816333333333
50.833333333333336,991.0,6.931816333333333
50.916666666666664,1025.0,5.909089333333333
51.166666666666664,992.0,5.909089333333333
51.25,959.0,6.136362
51.25,959.0,3.352271833333334
51.333333333333336,925.0,3.352271833333334
51.5,914.0,3.352271833333334
51.75,900.0,6.704543666666668
51.916666666666664,877.0,6.534089166666668
52.0,880.0,6.874998166666668
52.166666666666664,946.0,6.874998166666668
52.333333333333336,979.0,6.874998166666668
52.5,1007.0,6.874998166666668
52.583333333333336,1001.0,5.909089333333333
52.666666666666664,971.0,5.909089333333333
52.75,980.0,6.874998166666668
52.916666666666664,980.0,6.874998166666668
53.083333333333336,991.0,6.534089166666668
53.166666666666664,981.0,6.249998333333333
53.416666666666664,975.0,7.102270833333333
53.583333333333336,974.0,7.102270833333333
53.833333333333336,964.0,7.102270833333333
53.916666666666664,954.0,7.102270833333333
53.916666666666664,973.0,7.102270833333333
54.083333333333336,1008.0,7.102270833333333
54.166666666666664,1012.0,6.704543666666668
54.333333333333336,993.0,6.704543666666668
54.5,984.0,7.9545433333333335
54.583333333333336,1006.0,7.9545433333333335
54.75,1052.0,7.784088833333334
55.0,1076.0,7.272725333333334
55.083333333333336,1073.0,7.272725333333334
55.083333333333336,1054.0,7.272725333333334
55.166666666666664,1038.0,7.272725333333334
55.333333333333336,1039.0,7.272725333333334
55.5,1035.0,6.931816333333333
55.75,1016.0,6.931816333333333
55.833333333333336,943.0,5.170453166666666
56.0,918.0,5.170453166666666
56.166666666666664,1003.0,5.170453166666666
56.25,1143.0,6.6477255
56.333333333333336,1230.0,3.522726333333334
56.5,1136.0,3.522726333333334
56.5,1026.0,8.0113615
56.666666666666664,965.0,8.0113615
56.916666666666664,1051.0,7.102270833333333
57.083333333333336,1187.0,7.102270833333333
57.083333333333336,1074.0,7.670452500000001
57.333333333333336,922.0,7.102270833333333
57.5,889.0,7.102270833333333
57.583333333333336,1057.0,6.136362
57.666666666666664,1177.0,6.136362
57.833333333333336,1213.0,6.136362
58.0,1169.0,6.6477255
58.166666666666664,1057.0,6.3068165
58.333333333333336,1098.0,6.3068165
58.5,1190.0,6.477271
58.75,1239.0,6.534089166666668
58.916666666666664,1230.0,6.534089166666668
59.083333333333336,1230.0,6.3068165
59.25,1146.0,6.3068165
59.25,1141.0,6.534089166666668
59.333333333333336,1078.0,6.534089166666668
59.5,1073.0,6.534089166666668
59.75,1072.0,6.534089166666668
59.916666666666664,1086.0,6.534089166666668
60.166666666666664,1124.0,6.534089166666668
60.25,1164.0,6.534089166666668
60.333333333333336,1197.0,6.534089166666668
60.583333333333336,1228.0,6.534089166666668
60.75,1269.0,6.534089166666668
60.75,1287.0,6.761361833333333
61.0,1221.0,6.761361833333333
61.166666666666664,998.0,6.761361833333333
61.333333333333336,900.0,6.704543666666668
61.583333333333336,898.0,6.704543666666668
61.75,975.0,6.704543666666668
61.916666666666664,1157.0,6.704543666666668
62.0,1294.0,7.102270833333333
62.0,1295.0,3.1818173333333335
62.0,1266.0,3.1818173333333335
62.25,1228.0,3.1818173333333335
62.416666666666664,1185.0,3.1818173333333335
62.666666666666664,1156.0,6.477271
62.75,1085.0,6.931816333333333
62.916666666666664,997.0,6.931816333333333
63.166666666666664,979.0,6.931816333333333
63.333333333333336,1009.0,6.6477255
63.333333333333336,1049.0,5.9659075
63.333333333333336,1048.0,5.9659075
63.5,1063.0,5.9659075
63.583333333333336,1046.0,8.352270500000001
63.833333333333336,1038.0,6.874998166666668
63.916666666666664,1054.0,6.590907333333333
64.0,1073.0,3.352271833333334
64.16666666666667,1101.0,3.352271833333334
64.25,1071.0,6.6477255
64.33333333333333,1018.0,6.6477255
64.33333333333333,940.0,2.1590903333333333
64.33333333333333,988.0,2.1590903333333333
64.58333333333333,1095.0,2.1590903333333333
64.75,1095.0,5.852271166666667
64.83333333333333,1143.0,7.670452500000001
64.91666666666667,1137.0,2.102272166666667
65.0,1126.0,2.102272166666667
65.25,970.0,2.272726666666667
65.33333333333333,943.0,6.249998333333333
65.33333333333333,971.0,6.249998333333333
65.33333333333333,1050.0,6.249998333333333
65.5,1162.0,6.249998333333333
65.66666666666667,1136.0,6.874998166666668
65.91666666666667,1076.0,6.874998166666668
65.91666666666667,1033.0,6.3068165
66.08333333333333,1040.0,6.3068165
66.25,1120.0,6.3068165
66.33333333333333,1156.0,7.159089000000001
66.33333333333333,1144.0,3.068181
66.41666666666667,1109.0,3.068181
66.5,1103.0,6.988634500000001
66.75,1115.0,6.988634500000001
66.91666666666667,1136.0,6.874998166666668
67.0,1136.0,5.909089333333333
67.16666666666667,1105.0,5.909089333333333
67.25,1124.0,3.40909
67.41666666666667,1184.0,3.40909
67.41666666666667,1310.0,6.874998166666668
67.58333333333333,1310.0,6.874998166666668
67.66666666666667,1227.0,7.386361666666668
67.66666666666667,1179.0,3.40909
67.91666666666667,1139.0,6.761361833333333
68.08333333333333,1121.0,6.249998333333333
68.25,1111.0,6.136362
68.41666666666667,1098.0,6.136362
68.5,1136.0,6.704543666666668
68.75,1255.0,6.704543666666668
68.75,1375.0,6.761361833333333
68.75,1323.0,6.761361833333333
69.0,1240.0,6.761361833333333
69.16666666666667,1183.0,6.590907333333333
69.41666666666667,1253.0,6.590907333333333
69.58333333333333,1344.0,6.249998333333333
69.75,1197.0,6.249998333333333
70.0,1070.0,6.249998333333333
70.0,1051.0,6.590907333333333
70.0,1051.0,6.590907333333333
70.0,1168.0,6.590907333333333
70.16666666666667,1240.0,6.590907333333333
70.41666666666667,1356.0,7.102270833333333
70.5,1412.0,7.102270833333333
70.66666666666667,1397.0,7.102270833333333
70.91666666666667,1330.0,7.045452666666668
71.08333333333333,1332.0,7.045452666666668
71.08333333333333,1314.0,6.420452833333333
71.08333333333333,1229.0,6.420452833333333
71.08333333333333,1191.0,6.420452833333333
71.16666666666667,1261.0,6.420452833333333
71.33333333333333,1314.0,6.420452833333333
71.5,1347.0,6.590907333333333
71.66666666666667,1352.0,6.590907333333333
71.83333333333333,1399.0,6.590907333333333
72.08333333333333,1398.0,7.045452666666668
72.08333333333333,1383.0,7.159089000000001
72.08333333333333,1359.0,7.159089000000001
72.08333333333333,1276.0,7.159089000000001
72.16666666666667,1251.0,7.159089000000001
72.41666666666667,1218.0,7.159089000000001
72.58333333333333,1222.0,6.931816333333333
72.75,1307.0,6.81818
72.83333333333333,1321.0,3.1818173333333335
72.91666666666667,1304.0,3.522726333333334
73.16666666666667,1297.0,3.522726333333334
73.33333333333333,1290.0,6.6477255
73.33333333333333,1246.0,6.874998166666668
73.41666666666667,1242.0,6.874998166666668
73.58333333333333,1243.0,6.874998166666668
73.83333333333333,1274.0,6.874998166666668
73.91666666666667,1268.0,6.704543666666668
74.08333333333333,1253.0,6.704543666666668
74.16666666666667,1253.0,6.249998333333333
74.33333333333333,1264.0,6.249998333333333
74.5,1291.0,6.249998333333333
74.5,1286.0,5.909089333333333
74.5,1249.0,5.909089333333333
74.66666666666667,1219.0,5.909089333333333
74.83333333333333,1199.0,6.761361833333333
75.08333333333333,1189.0,6.761361833333333
75.25,929.0,6.761361833333333
75.5,929.0,6.249998333333333
75.66666666666667,781.0,6.6477255
75.66666666666667,780.0,6.931816333333333
75.83333333333333,1409.0,6.931816333333333
75.83333333333333,1327.0,6.6477255
76.0,1123.0,6.6477255
76.25,1069.0,6.6477255
76.41666666666667,1180.0,6.988634500000001
76.58333333333333,1352.0,7.215907166666668
76.75,1352.0,7.215907166666668
76.91666666666667,1319.0,6.420452833333333
76.91666666666667,1267.0,6.136362
76.91666666666667,1106.0,6.136362
76.91666666666667,1134.0,6.136362
77.0,1176.0,6.136362
77.25,1194.0,6.193180166666667
77.41666666666667,1180.0,6.193180166666667
77.58333333333333,1201.0,6.704543666666668
77.75,1356.0,6.3068165
77.91666666666667,1417.0,6.3068165
78.0,1329.0,5.738634833333333
78.25,1037.0,5.738634833333333
78.41666666666667,957.0,5.909089333333333
78.58333333333333,1006.0,6.590907333333333
78.75,1109.0,6.590907333333333
79.0,1154.0,6.590907333333333
79.16666666666667,1110.0,6.590907333333333
79.25,1083.0,6.249998333333333
79.5,1082.0,6.249998333333333
79.5,1134.0,6.193180166666667
79.58333333333333,1237.0,2.1590903333333333
79.66666666666667,1214.0,3.1818173333333335
79.91666666666667,1115.0,3.1818173333333335
80.08333333333333,1054.0,6.6477255
80.25,1169.0,6.534089166666668
80.5,1280.0,6.988634500000001
80.66666666666667,1322.0,6.988634500000001
80.83333333333333,1265.0,6.704543666666668
81.0,1098.0,6.6477255
81.25,1097.0,6.6477255
81.41666666666667,1184.0,6.590907333333333
81.58333333333333,1238.0,6.420452833333333
81.83333333333333,1238.0,6.420452833333333
82.0,1247.0,6.420452833333333
82.16666666666667,1246.0,6.534089166666668
82.41666666666667,1218.0,6.534089166666668
82.58333333333333,1201.0,6.534089166666668
82.75,1200.0,6.81818
82.91666666666667,1208.0,6.704543666666668
83.16666666666667,1177.0,6.704543666666668
83.33333333333333,1144.0,6.477271
83.5,1137.0,6.477271
83.75,1170.0,6.477271
83.91666666666667,1265.0,6.477271
84.08333333333333,1257.0,6.477271
84.33333333333333,1204.0,6.477271
84.5,1153.0,6.477271
84.66666666666667,1080.0,6.590907333333333
84.83333333333333,1077.0,6.477271
85.08333333333333,1128.0,6.3068165
85.25,1156.0,6.420452833333333
85.41666666666667,1130.0,6.477271
85.58333333333333,1132.0,6.477271
85.83333333333333,1163.0,6.590907333333333
86.0,1195.0,6.534089166666668
86.16666666666667,1224.0,6.590907333333333
86.41666666666667,1217.0,6.534089166666668
86.58333333333333,1198.0,6.534089166666668
86.75,1178.0,6.534089166666668
87.0,1162.0,6.477271
87.16666666666667,1170.0,6.477271
87.33333333333333,1206.0,6.590907333333333
87.5,1206.0,6.590907333333333
87.75,1186.0,6.590907333333333
87.91666666666667,1191.0,6.704543666666668
88.16666666666667,1243.0,6.704543666666668
88.33333333333333,1252.0,6.704543666666668
88.5,1250.0,6.704543666666668
88.66666666666667,1246.0,6.249998333333333
88.91666666666667,1278.0,6.249998333333333
89.08333333333333,1323.0,6.477271
89.33333333333333,1337.0,6.477271
89.41666666666667,1293.0,6.420452833333333
89.58333333333333,1144.0,6.420452833333333
89.83333333333333,1278.0,6.420452833333333
90.0,1278.0,6.6477255
90.16666666666667,1378.0,6.6477255
90.33333333333333,1377.0,6.6477255
90.58333333333333,1271.0,6.534089166666668
90.75,1179.0,6.534089166666668
90.83333333333333,1198.0,6.079543833333333
91.08333333333333,1271.0,6.477271
91.25,1333.0,6.477271
91.5,1267.0,6.6477255
91.66666666666667,1206.0,6.6477255
91.83333333333333,1226.0,6.6477255
92.0,1273.0,6.6477255
92.25,1293.0,6.6477255
92.33333333333333,1252.0,6.988634500000001
92.5,1242.0,6.988634500000001
92.66666666666667,1240.0,6.3068165
92.83333333333333,1242.0,6.3068165
93.08333333333333,1250.0,6.3068165
93.25,1261.0,6.3068165
93.41666666666667,1283.0,6.534089166666668
93.66666666666667,1301.0,6.761361833333333
93.83333333333333,1276.0,6.761361833333333
94.0,1236.0,6.761361833333333
94.16666666666667,1214.0,6.363634666666667
94.33333333333333,1219.0,6.363634666666667
94.41666666666667,1263.0,3.352271833333334
94.58333333333333,1359.0,5.909089333333333
94.83333333333333,1244.0,6.249998333333333
95.0,1209.0,6.249998333333333
95.16666666666667,1345.0,6.590907333333333
95.41666666666667,1411.0,6.477271
95.5,1365.0,6.249998333333333
95.58333333333333,1241.0,6.6477255
95.58333333333333,1137.0,6.6477255
95.75,1166.0,6.6477255
95.91666666666667,1230.0,6.6477255
96.16666666666667,1269.0,6.6477255
96.25,1325.0,6.931816333333333
96.33333333333333,1340.0,3.068181
96.58333333333333,1278.0,3.4659081666666665
96.75,1281.0,6.079543833333333
96.91666666666667,1064.0,6.079543833333333
97.0,973.0,5.9659075
97.08333333333333,973.0,5.9659075
97.25,1054.0,6.761361833333333
97.41666666666667,1376.0,8.238634166666667
97.58333333333333,1339.0,6.81818
97.66666666666667,1152.0,6.761361833333333
97.91666666666667,978.0,6.761361833333333
98.08333333333333,1078.0,6.3068165
98.16666666666667,1307.0,6.363634666666667
98.16666666666667,1468.0,6.363634666666667
98.16666666666667,1451.0,6.363634666666667
98.25,1223.0,6.363634666666667
98.41666666666667,1127.0,6.363634666666667
98.66666666666667,1123.0,6.420452833333333
98.66666666666667,1172.0,6.704543666666668
98.83333333333333,1221.0,6.704543666666668
99.08333333333333,1220.0,6.534089166666668
99.25,1136.0,6.534089166666668
99.25,1071.0,6.590907333333333
99.25,1091.0,6.590907333333333
99.33333333333333,1232.0,6.590907333333333
99.5,1295.0,6.590907333333333
99.66666666666667,1318.0,6.590907333333333
99.83333333333333,1303.0,6.590907333333333
99.83333333333333,1170.0,5.568180333333333
100.0,1107.0,5.568180333333333
100.16666666666667,1102.0,7.102270833333333
100.25,1104.0,6.3068165
100.25,1072.0,3.2386355
100.25,1031.0,3.2386355
100.33333333333333,1031.0,3.2386355
100.5,1036.0,6.534089166666668
100.66666666666667,1068.0,6.534089166666668
100.75,1208.0,6.761361833333333
100.83333333333333,1274.0,6.761361833333333
101.08333333333333,1289.0,6.761361833333333
101.16666666666667,1276.0,7.443179833333334
101.16666666666667,1210.0,7.443179833333334
101.16666666666667,1183.0,7.443179833333334
101.16666666666667,1163.0,7.443179833333334
101.25,1125.0,7.443179833333334
101.41666666666667,1056.0,7.443179833333334
101.58333333333333,1051.0,6.249998333333333
101.75,1051.0,6.249998333333333
101.91666666666667,1181.0,6.249998333333333
102.08333333333333,1182.0,6.193180166666667
102.25,1203.0,6.590907333333333
102.33333333333333,1187.0,6.022725666666667
102.33333333333333,1224.0,3.352271833333334
102.41666666666667,1246.0,3.352271833333334
102.5,1277.0,6.931816333333333
102.58333333333333,1304.0,6.931816333333333
102.75,1197.0,6.931816333333333
102.91666666666667,1118.0,6.81818
103.08333333333333,1132.0,6.534089166666668
103.25,1235.0,6.534089166666668
103.33333333333333,1379.0,6.761361833333333
103.41666666666667,1356.0,5.9659075
103.41666666666667,1304.0,5.9659075
103.41666666666667,1305.0,5.9659075
103.5,1360.0,5.9659075
103.58333333333333,1381.0,6.704543666666668
103.75,1373.0,6.704543666666668
103.91666666666667,1362.0,6.534089166666668
104.0,1342.0,5.9659075
104.16666666666667,1397.0,5.9659075
104.41666666666667,1507.0,6.193180166666667
104.41666666666667,1496.0,5.852271166666667
104.41666666666667,1405.0,5.852271166666667
104.41666666666667,1343.0,5.852271166666667
104.5,1468.0,5.852271166666667
104.58333333333333,1596.0,6.136362
104.75,1620.0,6.136362
105.0,1538.0,6.136362
105.16666666666667,1369.0,5.852271166666667
105.25,1394.0,5.909089333333333
105.33333333333333,1485.0,3.40909
105.41666666666667,1609.0,2.8409083333333336
105.41666666666667,1634.0,2.8409083333333336
105.41666666666667,1557.0,2.8409083333333336
105.5,1504.0,2.8409083333333336
105.66666666666667,1530.0,2.8409083333333336
105.83333333333333,1632.0,5.795453
106.0,1626.0,5.795453
106.08333333333333,1555.0,6.420452833333333
106.25,1487.0,6.249998333333333
106.41666666666667,1487.0,6.193180166666667
106.5,1316.0,6.590907333333333
106.5,1289.0,6.590907333333333
106.5,1364.0,6.590907333333333
106.5,1496.0,6.590907333333333
106.66666666666667,1613.0,6.590907333333333
106.83333333333333,1594.0,6.193180166666667
107.0,1551.0,6.193180166666667
107.16666666666667,1561.0,6.022725666666667
107.33333333333333,1593.0,6.022725666666667
107.5,1604.0,6.6477255
107.58333333333333,1530.0,5.113635
107.66666666666667,1425.0,3.068181
107.83333333333333,1319.0,3.068181
107.83333333333333,1111.0,6.193180166666667
107.91666666666667,822.0,6.193180166666667
108.08333333333333,1203.0,6.079543833333333
108.25,1755.0,6.079543833333333
108.41666666666667,2036.0,6.193180166666667
108.66666666666667,1737.0,6.079543833333333
108.83333333333333,1478.0,6.079543833333333
109.0,1384.0,5.909089333333333
109.16666666666667,1376.0,5.909089333333333
109.33333333333333,1439.0,5.795453
109.41666666666667,1488.0,5.397725833333334
109.41666666666667,1397.0,5.397725833333334
109.58333333333333,1275.0,5.397725833333334
109.75,1187.0,5.795453
109.91666666666667,1211.0,5.9659075
110.08333333333333,1215.0,5.852271166666667
110.25,1447.0,5.852271166666667
110.41666666666667,1552.0,5.852271166666667
110.58333333333333,1485.0,5.852271166666667
110.75,1447.0,5.852271166666667
110.91666666666667,1484.0,6.136362
111.16666666666667,1548.0,6.136362
111.33333333333333,1587.0,5.909089333333333
111.5,1449.0,5.568180333333333
111.58333333333333,1320.0,6.590907333333333
111.75,1296.0,6.136362
111.91666666666667,1378.0,5.397725833333334
112.08333333333333,1495.0,5.9659075
112.25,1478.0,5.681816666666667
112.41666666666667,1478.0,5.681816666666667
112.58333333333333,1478.0,5.681816666666667
112.75,1383.0,5.795453
112.91666666666667,1359.0,5.795453
113.08333333333333,1457.0,5.795453
113.16666666666667,1521.0,5.852271166666667
113.33333333333333,1512.0,5.852271166666667
113.5,1442.0,5.852271166666667
113.66666666666667,1394.0,5.738634833333333
113.83333333333333,1478.0,5.738634833333333
114.0,1575.0,5.795453
114.16666666666667,1586.0,5.795453
114.33333333333333,1430.0,5.6249985
114.5,1344.0,5.6249985
114.66666666666667,1329.0,5.6249985
114.83333333333333,1330.0,5.6249985
115.0,1341.0,5.6249985
115.16666666666667,1379.0,5.6249985
115.33333333333333,1384.0,5.6249985
115.5,1389.0,5.681816666666667
115.66666666666667,1415.0,5.795453
115.83333333333333,1579.0,5.681816666666667
116.0,1607.0,5.681816666666667
116.16666666666667,1547.0,5.6249985
116.33333333333333,1484.0,5.6249985
116.5,1447.0,5.6249985
116.66666666666667,1442.0,5.6249985
116.83333333333333,1410.0,5.568180333333333
117.0,1389.0,5.568180333333333
117.16666666666667,1390.0,5.568180333333333
117.33333333333333,1397.0,5.568180333333333
117.41666666666667,1429.0,5.852271166666667
117.58333333333333,1481.0,5.852271166666667
117.58333333333333,1542.0,5.6249985
117.66666666666667,1568.0,5.6249985
117.66666666666667,1586.0,1.363636
117.75,1593.0,1.363636
117.75,1568.0,1.704545
117.83333333333333,1547.0,1.704545
117.83333333333333,1640.0,1.363636
118.0,1689.0,1.8749995000000002
118.08333333333333,1683.0,6.136362
118.25,1683.0,6.136362
118.41666666666667,1651.0,5.852271166666667
118.58333333333333,1613.0,5.738634833333333
118.66666666666667,1542.0,5.511362166666667
118.75,1510.0,2.3863630000000002
118.75,1540.0,3.1249991666666666
118.75,1602.0,3.1249991666666666
118.83333333333333,1550.0,3.1249991666666666
119.0,1519.0,1.0227270000000002
119.08333333333333,1602.0,5.511362166666667
119.25,1709.0,5.511362166666667
119.41666666666667,1637.0,5.681816666666667
119.58333333333333,1530.0,5.681816666666667
119.75,1483.0,5.681816666666667
119.83333333333333,1523.0,5.170453166666666
119.83333333333333,1622.0,2.8977265
119.91666666666667,1683.0,1.761363166666667
120.0,1678.0,1.761363166666667
120.08333333333333,1669.0,5.397725833333334
120.25,1706.0,5.397725833333334
120.41666666666667,1767.0,5.397725833333334
120.58333333333333,1752.0,5.454544
120.66666666666667,1684.0,5.170453166666666
120.75,1572.0,5.227271333333333
120.91666666666667,1486.0,5.227271333333333
121.08333333333333,1539.0,5.568180333333333
121.16666666666667,1631.0,5.056816833333333
121.33333333333333,1672.0,5.056816833333333
121.41666666666667,1632.0,6.022725666666667
121.58333333333333,1595.0,6.022725666666667
121.75,1496.0,5.6249985
121.91666666666667,1509.0,5.568180333333333
122.08333333333333,1565.0,5.397725833333334
122.16666666666667,1543.0,5.2840895
122.25,1500.0,2.8977265
122.33333333333333,1524.0,2.8977265
122.41666666666667,1602.0,5.113635
122.58333333333333,1709.0,5.9659075
122.58333333333333,1682.0,5.9659075
122.75,1590.0,5.9659075
122.91666666666667,1514.0,5.795453
123.0,1545.0,5.511362166666667
123.16666666666667,1680.0,5.511362166666667
123.33333333333333,1680.0,5.511362166666667
123.5,1684.0,5.511362166666667
123.66666666666667,1657.0,5.511362166666667
123.83333333333333,1623.0,5.568180333333333
124.0,1458.0,5.568180333333333
124.16666666666667,1441.0,5.454544
124.16666666666667,1520.0,6.81818
124.16666666666667,1579.0,6.81818
124.16666666666667,1580.0,6.81818
124.16666666666667,1593.0,6.81818
124.33333333333333,1646.0,6.81818
124.5,1685.0,5.454544
124.66666666666667,1660.0,5.511362166666667
124.83333333333333,1508.0,5.568180333333333
124.91666666666667,1347.0,5.056816833333333
125.0,1347.0,4.9999986666666665
125.16666666666667,1369.0,4.9999986666666665
125.16666666666667,1486.0,6.988634500000001
125.16666666666667,1484.0,6.988634500000001
125.33333333333333,1460.0,6.988634500000001
125.41666666666667,1476.0,5.454544
125.5,1587.0,5.454544
125.66666666666667,1824.0,5.454544
125.75,1884.0,5.397725833333334
125.91666666666667,1898.0,5.397725833333334
126.08333333333333,1860.0,5.397725833333334
126.25,1725.0,5.170453166666666
126.33333333333333,1741.0,4.659089666666667
126.41666666666667,1761.0,4.659089666666667
126.41666666666667,1762.0,1.761363166666667
126.5,1599.0,1.761363166666667
126.66666666666667,1565.0,1.761363166666667
126.66666666666667,1605.0,4.7727260000000005
126.75,1685.0,1.6477268333333333
126.75,1756.0,1.6477268333333333
126.83333333333333,1752.0,1.6477268333333333
127.0,1711.0,2.8977265
127.16666666666667,1674.0,4.545453333333334
127.25,1651.0,5.6249985
127.33333333333333,1708.0,2.4999993333333332
127.41666666666667,1722.0,5.454544
127.5,1711.0,4.9431805
127.66666666666667,1691.0,4.9431805
127.66666666666667,1691.0,5.852271166666667
127.66666666666667,1683.0,5.852271166666667
127.66666666666667,1650.0,5.852271166666667
127.83333333333333,1651.0,5.852271166666667
127.91666666666667,1654.0,5.397725833333334
128.0,1658.0,2.670453833333333
128.08333333333334,1668.0,4.8295441666666665
128.16666666666666,1698.0,4.8295441666666665
128.33333333333334,1738.0,4.8295441666666665
128.5,1819.0,4.8295441666666665
128.58333333333334,1829.0,5.2840895
128.58333333333334,1766.0,5.2840895
128.58333333333334,1725.0,5.2840895
128.58333333333334,1693.0,5.2840895
128.58333333333334,1670.0,5.2840895
128.58333333333334,1613.0,5.2840895
128.75,1562.0,5.2840895
128.91666666666666,1596.0,4.545453333333334
129.0,1687.0,4.7727260000000005
129.08333333333334,1621.0,4.7727260000000005
129.16666666666666,1450.0,4.7727260000000005
129.25,1391.0,1.5909086666666667
129.33333333333334,1405.0,2.4999993333333332
129.5,1451.0,2.4999993333333332
129.5,1513.0,4.261362500000001
129.5,1576.0,4.261362500000001
129.5,1657.0,4.261362500000001
129.5,1702.0,4.261362500000001
129.66666666666666,1815.0,4.261362500000001
129.83333333333334,1843.0,4.261362500000001
129.91666666666666,1821.0,4.659089666666667
130.08333333333334,1734.0,4.659089666666667
130.16666666666666,1635.0,4.7727260000000005
130.25,1665.0,4.7727260000000005
130.41666666666666,1744.0,4.7727260000000005
130.58333333333334,1800.0,4.7727260000000005
130.66666666666666,1765.0,5.909089333333333
130.75,1668.0,4.147726166666667
130.75,1695.0,4.147726166666667
130.75,1755.0,4.147726166666667
130.75,1775.0,4.147726166666667
130.75,1715.0,4.147726166666667
130.83333333333334,1715.0,0.5113635000000001
130.91666666666666,1706.0,5.056816833333333
131.0,1709.0,1.9886358333333334
131.16666666666666,1740.0,1.9886358333333334
131.33333333333334,1857.0,4.488635166666667
131.41666666666666,1945.0,4.8295441666666665
131.58333333333334,1931.0,4.545453333333334
131.58333333333334,1872.0,4.318180666666667
131.58333333333334,1762.0,4.318180666666667
131.75,1669.0,4.318180666666667
131.83333333333334,1668.0,4.090908000000001
131.83333333333334,1611.0,4.090908000000001
131.83333333333334,1549.0,4.090908000000001
131.83333333333334,1603.0,4.090908000000001
131.83333333333334,1755.0,4.090908000000001
131.91666666666666,1756.0,4.090908000000001
131.91666666666666,2032.0,0.5113635000000001
132.0,2219.0,1.8749995000000002
132.16666666666666,2187.0,1.8749995000000002
132.25,2034.0,4.488635166666667
132.41666666666666,1943.0,4.204544333333334
132.5,1891.0,3.9204535000000003
132.5,1711.0,3.9204535000000003
132.58333333333334,1650.0,3.9204535000000003
132.66666666666666,1590.0,4.090908000000001
132.83333333333334,1563.0,4.090908000000001
132.83333333333334,1696.0,4.7159078333333335
132.83333333333334,1998.0,4.7159078333333335
132.83333333333334,2102.0,4.7159078333333335
132.83333333333334,2103.0,4.7159078333333335
132.83333333333334,2081.0,4.7159078333333335
132.91666666666666,2133.0,4.7159078333333335
133.0,2213.0,0.45454533333333336
133.08333333333334,2202.0,3.1818173333333335
133.25,2082.0,3.693180833333334
133.33333333333334,2007.0,3.9772716666666668
133.33333333333334,1974.0,3.522726333333334
133.5,1905.0,3.522726333333334
133.58333333333334,1900.0,4.431817000000001
133.66666666666666,1958.0,3.806817166666667
133.75,1914.0,3.7499990000000003
133.91666666666666,1913.0,3.7499990000000003
133.91666666666666,1937.0,3.5795445000000004
133.91666666666666,1937.0,3.5795445000000004
134.08333333333334,1939.0,3.5795445000000004
134.16666666666666,2003.0,3.7499990000000003
134.16666666666666,2002.0,3.9204535000000003
134.16666666666666,2012.0,3.9204535000000003
134.25,2015.0,3.9204535000000003
134.33333333333334,2016.0,0.9090906666666667
134.41666666666666,2056.0,3.2954536666666665
134.5,2091.0,3.40909
134.66666666666666,2133.0,3.4659081666666665
134.66666666666666,2091.0,3.5795445000000004
134.75,1895.0,3.5795445000000004
134.83333333333334,1801.0,4.147726166666667
134.91666666666666,1743.0,3.7499990000000003
134.91666666666666,1695.0,3.7499990000000003
135.0,1729.0,3.7499990000000003
135.08333333333334,1772.0,3.1249991666666666
135.16666666666666,1807.0,3.5795445000000004
135.33333333333334,1870.0,3.4659081666666665
135.41666666666666,1907.0,3.2954536666666665
135.41666666666666,1809.0,3.1818173333333335
135.5,1782.0,1.8181813333333334
135.58333333333334,1838.0,3.1249991666666666
135.66666666666666,1888.0,3.522726333333334
135.83333333333334,1779.0,3.522726333333334
135.91666666666666,1704.0,3.806817166666667
136.0,1751.0,2.8977265
136.08333333333334,1817.0,3.9772716666666668
136.16666666666666,1940.0,3.1818173333333335
136.25,1917.0,3.352271833333334
136.41666666666666,1929.0,3.352271833333334
136.5,1938.0,3.522726333333334
136.58333333333334,1919.0,2.9545446666666666
136.66666666666666,1987.0,2.8409083333333336
136.75,1915.0,3.636362666666667
136.83333333333334,1748.0,3.1249991666666666
136.91666666666666,1663.0,3.0113628333333335
137.0,1738.0,2.727272
137.08333333333334,1774.0,3.068181
137.16666666666666,1753.0,3.068181
137.25,1705.0,2.5568175
137.33333333333334,1705.0,2.9545446666666666
137.33333333333334,1753.0,2.9545446666666666
137.41666666666666,1753.0,1.5340905
137.5,1751.0,3.1249991666666666
137.58333333333334,1742.0,2.7840901666666666
137.75,1806.0,2.9545446666666666
137.83333333333334,2021.0,3.1249991666666666
137.91666666666666,2047.0,3.352271833333334
138.0,1993.0,2.8409083333333336
138.08333333333334,1945.0,2.8409083333333336
138.16666666666666,1952.0,2.4999993333333332
138.25,1932.0,4.034089833333334
138.33333333333334,1875.0,2.7840901666666666
138.41666666666666,1868.0,3.0113628333333335
138.41666666666666,1917.0,3.0113628333333335
138.5,1892.0,3.0113628333333335
138.58333333333334,1890.0,1.363636
138.66666666666666,1870.0,2.6136356666666667
138.75,1858.0,2.670453833333333
138.83333333333334,1867.0,2.727272
138.83333333333334,1869.0,2.5568175
138.91666666666666,1873.0,2.3863630000000002
139.0,1887.0,2.670453833333333
139.08333333333334,1900.0,2.7840901666666666
139.16666666666666,1938.0,2.6136356666666667
139.25,1972.0,2.670453833333333
139.33333333333334,1974.0,2.8977265
139.41666666666666,1986.0,2.8977265
139.5,2010.0,2.4431811666666667
139.58333333333334,1982.0,2.5568175
139.66666666666666,1981.0,2.4999993333333332
139.75,2038.0,2.9545446666666666
139.75,2098.0,2.6136356666666667
139.75,2088.0,2.6136356666666667
139.75,2052.0,2.6136356666666667
139.83333333333334,2034.0,0.8522725
139.91666666666666,2026.0,2.5568175
140.0,2059.0,2.670453833333333
140.08333333333334,2060.0,2.4999993333333332
140.16666666666666,2011.0,2.4999993333333332
140.25,1924.0,2.3863630000000002
140.25,1913.0,2.2159085000000003
140.33333333333334,1941.0,2.102272166666667
140.41666666666666,1975.0,2.8977265
140.5,1975.0,2.670453833333333
140.58333333333334,1973.0,2.3863630000000002
140.66666666666666,2078.0,2.3863630000000002
140.66666666666666,2188.0,2.4431811666666667
140.66666666666666,2266.0,2.4431811666666667
140.75,2317.0,1.1363633333333334
140.83333333333334,2328.0,3.0113628333333335
140.91666666666666,2218.0,2.727272
141.0,2185.0,2.2159085000000003
141.08333333333334,2206.0,2.2159085000000003
141.16666666666666,2179.0,2.3863630000000002
141.25,2000.0,2.8977265
141.33333333333334,1953.0,2.3863630000000002
141.33333333333334,1988.0,2.4431811666666667
141.41666666666666,2030.0,2.272726666666667
141.5,2020.0,2.6136356666666667
141.58333333333334,2015.0,2.3863630000000002
141.58333333333334,2090.0,2.3863630000000002
141.66666666666666,2126.0,2.3863630000000002
141.66666666666666,2142.0,1.1931815000000001
141.75,2281.0,2.3295448333333333
141.83333333333334,2343.0,2.272726666666667
141.83333333333334,2359.0,2.272726666666667
141.83333333333334,2315.0,2.272726666666667
141.91666666666666,2226.0,2.272726666666667
141.91666666666666,2157.0,0.7954543333333334
141.91666666666666,2086.0,0.7954543333333334
141.91666666666666,2059.0,0.7954543333333334
141.91666666666666,2027.0,0.7954543333333334
142.0,2029.0,0.7954543333333334
142.0,2064.0,0.6249998333333333
142.0,2121.0,0.6249998333333333
142.0,2212.0,0.6249998333333333
142.08333333333334,2309.0,0.7386361666666666
142.16666666666666,2204.0,2.5568175
142.25,2153.0,2.5568175
142.25,2203.0,1.9886358333333334
142.33333333333334,2260.0,2.4431811666666667
142.41666666666666,2199.0,2.4431811666666667
142.5,2132.0,2.4431811666666667
142.5,2105.0,1.761363166666667
142.58333333333334,2104.0,2.1590903333333333
142.66666666666666,2080.0,2.1590903333333333
142.75,2080.0,1.9318176666666669
142.75,2013.0,2.0454540000000003
142.83333333333334,1976.0,2.102272166666667
142.91666666666666,2001.0,2.670453833333333
143.0,2085.0,2.670453833333333
143.0,2131.0,2.3295448333333333
143.08333333333334,2174.0,1.704545
143.08333333333334,2216.0,1.704545
143.08333333333334,2219.0,1.704545
143.08333333333334,2157.0,1.704545
143.16666666666666,2106.0,0.7386361666666666
143.16666666666666,2084.0,0.7386361666666666
143.16666666666666,2054.0,0.7386361666666666
143.16666666666666,2021.0,0.7386361666666666
143.16666666666666,2016.0,0.7386361666666666
143.16666666666666,2016.0,0.7386361666666666
143.16666666666666,2008.0,0.7386361666666666
143.16666666666666,2001.0,0.7386361666666666
143.25,1998.0,0.7386361666666666
143.25,2021.0,0.340909
143.33333333333334,2056.0,1.8181813333333334
143.41666666666666,2130.0,2.2159085000000003
143.5,2143.0,2.2159085000000003
143.58333333333334,2093.0,2.102272166666667
143.58333333333334,2037.0,2.272726666666667
143.66666666666666,1987.0,2.0454540000000003
143.75,1972.0,2.0454540000000003
143.75,2006.0,2.4999993333333332
143.83333333333334,2006.0,1.5340905
143.91666666666666,1965.0,1.5340905
144.0,1972.0,2.102272166666667
144.0,2038.0,2.7840901666666666
144.08333333333334,2048.0,2.1590903333333333
144.16666666666666,2086.0,2.1590903333333333
144.16666666666666,2137.0,1.6477268333333333
144.25,2158.0,2.2159085000000003
144.33333333333334,2132.0,2.2159085000000003
144.33333333333334,2138.0,1.8749995000000002
144.33333333333334,2164.0,1.8749995000000002
144.41666666666666,2154.0,1.8749995000000002
144.5,2118.0,0.9659088333333334
144.5,2118.0,1.9886358333333334
144.58333333333334,2119.0,1.8181813333333334
144.58333333333334,2119.0,1.8181813333333334
144.66666666666666,2145.0,1.8749995000000002
144.75,2166.0,1.8749995000000002
144.75,2180.0,1.704545
144.83333333333334,2182.0,1.8749995000000002
144.91666666666666,2184.0,1.8749995000000002
144.91666666666666,2182.0,1.761363166666667
145.0,2152.0,1.761363166666667
145.0,2140.0,1.5340905
145.08333333333334,2143.0,1.761363166666667
145.16666666666666,2146.0,1.761363166666667
145.16666666666666,2147.0,1.8181813333333334
145.25,2131.0,1.8181813333333334
145.25,2119.0,1.6477268333333333
145.33333333333334,2117.0,1.6477268333333333
145.33333333333334,2060.0,1.4204541666666668
145.41666666666666,2018.0,1.5340905
145.41666666666666,1978.0,1.5340905
145.5,1942.0,1.5340905
145.5,1918.0,1.5340905
145.58333333333334,1908.0,1.4772723333333333
145.66666666666666,1954.0,1.4772723333333333
145.66666666666666,2002.0,1.6477268333333333
145.75,2006.0,1.6477268333333333
145.75,2007.0,1.4772723333333333
145.83333333333334,2010.0,1.4772723333333333
145.83333333333334,1999.0,1.4772723333333333
145.91666666666666,1984.0,1.4772723333333333
145.91666666666666,1963.0,1.363636
145.91666666666666,1940.0,1.363636
146.0,1934.0,1.1931815000000001
146.08333333333334,1930.0,1.1931815000000001
146.08333333333334,1940.0,1.704545
146.16666666666666,2000.0,1.704545
146.16666666666666,2017.0,1.363636
146.16666666666666,2006.0,1.363636
146.25,1983.0,1.3068178333333333
146.25,1981.0,1.3068178333333333
146.33333333333334,1994.0,1.3068178333333333
146.33333333333334,1988.0,1.0795451666666667
146.41666666666666,1993.0,1.0795451666666667
146.41666666666666,2015.0,1.4204541666666668
146.41666666666666,2015.0,1.4204541666666668
146.5,2018.0,1.2499996666666666
146.5,2016.0,1.2499996666666666
146.58333333333334,2020.0,1.2499996666666666
146.58333333333334,2028.0,1.0227270000000002
146.58333333333334,2030.0,1.0227270000000002
146.66666666666666,2009.0,1.3068178333333333
146.66666666666666,1993.0,1.3068178333333333
146.75,1986.0,1.1363633333333334
146.75,1940.0,1.1363633333333334
146.75,1939.0,1.1363633333333334
146.83333333333334,1976.0,1.1363633333333334
146.83333333333334,2003.0,1.1363633333333334
146.83333333333334,2015.0,1.1363633333333334
146.83333333333334,2024.0,1.1363633333333334
146.83333333333334,2042.0,1.1363633333333334
146.91666666666666,2057.0,1.1363633333333334
146.91666666666666,2039.0,0.45454533333333336
146.91666666666666,1973.0,0.45454533333333336
147.0,1938.0,0.45454533333333336
147.0,1944.0,0.9659088333333334
147.0,1986.0,0.9659088333333334
147.0,2002.0,0.9659088333333334
147.08333333333334,1974.0,0.9659088333333334
147.08333333333334,1953.0,0.681818
147.08333333333334,1935.0,0.681818
147.08333333333334,1932.0,0.681818
147.16666666666666,1932.0,0.681818
147.16666666666666,1931.0,0.7954543333333334
147.16666666666666,1926.0,0.7954543333333334
147.16666666666666,1918.0,0.7954543333333334
147.16666666666666,1964.0,0.7954543333333334
147.25,1989.0,0.5681816666666667
147.25,1959.0,0.5681816666666667
147.25,1925.0,0.5681816666666667
147.25,1903.0,0.5681816666666667
147.25,1867.0,0.5681816666666667
147.25,1870.0,0.5681816666666667
147.33333333333334,1859.0,0.5681816666666667
147.33333333333334,1849.0,0.45454533333333336
147.33333333333334,1895.0,0.45454533333333336
147.33333333333334,1909.0,0.45454533333333336
147.33333333333334,1910.0,0.45454533333333336
147.33333333333334,1910.0,0.45454533333333336
147.33333333333334,1918.0,0.45454533333333336
147.33333333333334,1897.0,0.45454533333333336
147.33333333333334,1751.0,0.45454533333333336
147.33333333333334,1476.0,0.45454533333333336
147.33333333333334,1145.0,0.45454533333333336
147.33333333333334,893.0,0.45454533333333336
147.33333333333334,681.0,0.45454533333333336
147.33333333333334,503.0,0.45454533333333336
147.33333333333334,295.0,0.45454533333333336
147.33333333333334,137.0,0.45454533333333336
147.33333333333334,6.0,0.45454533333333336
147.33333333333334,0.0,0.45454533333333336
147.33333333333334,0.0,0.45454533333333336
147.33333333333334,0.0,0.45454533333333336
147.33333333333334,0.0,0.45454533333333336
147.33333333333334,0.0,0.45454533333333336
147.33333333333334,0.0,0.45454533333333336
147.33333333333334,1.0,0.45454533333333336
147.33333333333334,1.0,0.45454533333333336
147.33333333333334,0.0,0.45454533333333336
147.33333333333334,0.0,0.45454533333333336
147.33333333333334,0.0,0.45454533333333336
147.33333333333334,0.0,0.45454533333333336
147.33333333333334,0.0,0.45454533333333336
147.33333333333334,0.0,0.45454533333333336
147.33333333333334,0.0,0.45454533333333336
147.33333333333334,0.0,0.45454533333333336
147.33333333333334,0.0,0.45454533333333336
147.33333333333334,0.0,0.45454533333333336
147.33333333333334,0.0,0.45454533333333336
147.33333333333334,0.0,0.45454533333333336
147.33333333333334,0.0,0.45454533333333336
147.33333333333334,0.0,0.45454533333333336
147.33333333333334,0.0,0.45454533333333336
147.33333333333334,0.0,0.45454533333333336
147.33333333333334,0.0,0.45454533333333336
147.33333333333334,0.0,0.45454533333333336
147.33333333333334,0.0,0.45454533333333336
147.33333333333334,0.0,0.45454533333333336
147.33333333333334,0.0,0.45454533333333336
147.33333333333334,0.0,0.45454533333333336
