0.0,0.0,0.0
0.0,0.0,0.0
0.0,0.0,0.0
0.0,0.0,0.0
0.0,0.0,0.0
0.0,1.0,0.0
0.0,0.0,0.0
0.0,0.0,0.0
0.0,0.0,0.0
0.0,0.0,0.0
0.0,0.0,0.0
0.0,0.0,0.0
0.0,0.0,0.0
0.0,0.0,0.0
0.0,0.0,0.0
0.0,0.0,0.0
0.0,0.0,0.0
0.0,0.0,0.0
0.0,0.0,0.0
0.0,0.0,0.0
0.0,0.0,0.0
0.0,0.0,0.0
0.0,0.0,0.0
0.0,0.0,0.0
0.0,0.0,0.0
0.0,0.0,0.0
0.0,0.0,0.0
0.0,0.0,0.0
0.0,0.0,0.0
0.0,0.0,0.0
0.0,1.0,0.0
0.0,0.0,0.0
0.0,0.0,0.0
0.0,0.0,0.0
0.0,0.0,0.0
0.0,0.0,0.0
0.0,0.0,0.0
0.0,0.0,0.0
0.0,1.0,0.0
0.0,0.0,0.0
0.0,0.0,0.0
0.0,0.0,0.0
0.0,0.0,0.0
0.0,0.0,0.0
0.0,0.0,0.0
0.0,0.0,0.0
0.0,0.0,0.0
0.0,0.0,0.0
0.0,0.0,0.0
0.0,0.0,0.0
0.0,0.0,0.0
0.0,0.0,0.0
0.0,0.0,0.0
0.0,0.0,0.0
0.0,0.0,0.0
0.0,0.0,0.0
0.0,0.0,0.0
0.0,0.0,0.0
0.0,0.0,0.0
0.0,1.0,0.0
0.0,0.0,0.0
0.0,0.0,0.0
0.0,0.0,0.0
0.0,0.0,0.0
0.0,0.0,0.0
0.0,0.0,0.0
0.0,0.0,0.0
0.0,0.0,0.0
0.0,0.0,0.0
0.0,0.0,0.0
0.0,0.0,0.0
0.0,0.0,0.0
0.0,0.0,0.0
0.0,0.0,0.0
0.0,0.0,0.0
0.0,0.0,0.0
0.0,0.0,0.0
0.0,0.0,0.0
0.0,0.0,0.0
0.0,0.0,0.0
0.0,0.0,0.0
0.0,0.0,0.0
0.0,0.0,0.0
0.0,1.0,0.0
0.0,0.0,0.0
0.0,0.0,0.0
0.0,0.0,0.0
0.0,0.0,0.0
0.0,0.0,0.0
0.0,0.0,0.0
0.0,0.0,0.0
0.0,0.0,0.0
0.0,0.0,0.0
0.0,0.0,0.0
0.0,0.0,0.0
0.0,0.0,0.0
0.0,0.0,0.0
0.0,0.0,0.0
0.0,0.0,0.0
0.0,0.0,0.0
0.0,0.0,0.0
0.0,0.0,0.0
0.0,0.0,0.0
0.0,0.0,0.0
0.0,0.0,0.0
0.0,1.0,0.0
0.0,1.0,0.0
0.0,0.0,0.0
0.0,0.0,0.0
0.0,0.0,0.0
0.0,0.0,0.0
0.0,0.0,0.0
0.0,0.0,0.0
0.0,0.0,0.0
0.0,0.0,0.0
0.0,0.0,0.0
0.0,0.0,0.0
0.0,0.0,0.0
0.0,0.0,0.0
0.0,0.0,0.0
0.0,0.0,0.0
0.0,0.0,0.0
0.0,0.0,0.0
0.0,0.0,0.0
0.0,0.0,0.0
0.0,0.0,0.0
0.0,0.0,0.0
0.0,0.0,0.0
0.0,0.0,0.0
0.0,0.0,0.0
0.0,0.0,0.0
0.0,0.0,0.0
0.0,0.0,0.0
0.0,0.0,0.0
0.0,0.0,0.0
0.0,0.0,0.0
0.0,0.0,0.0
0.0,0.0,0.0
0.0,0.0,0.0
0.0,0.0,0.0
0.0,0.0,0.0
0.0,0.0,0.0
0.0,0.0,0.0
0.0,0.0,0.0
0.0,0.0,0.0
0.0,0.0,0.0
0.0,0.0,0.0
0.0,0.0,0.0
0.0,0.0,0.0
0.0,0.0,0.0
0.0,0.0,0.0
0.0,0.0,0.0
0.0,0.0,0.0
0.0,0.0,0.0
0.0,0.0,0.0
0.0,0.0,0.0
0.0,0.0,0.0
0.0,0.0,0.0
0.0,0.0,0.0
0.0,0.0,0.0
0.0,1.0,0.0
0.0,0.0,0.0
0.0,0.0,0.0
0.0,0.0,0.0
0.0,0.0,0.0
0.0,0.0,0.0
0.0,0.0,0.0
0.0,0.0,0.0
0.0,0.0,0.0
0.0,0.0,0.0
0.0,0.0,0.0
0.0,0.0,0.0
0.0,0.0,0.0
0.0,0.0,0.0
0.0,0.0,0.0
0.0,0.0,0.0
0.0,0.0,0.0
0.0,0.0,0.0
0.0,0.0,0.0
0.0,0.0,0.0
0.0,106.0,0.0
0.0,106.0,0.0
0.0,415.0,0.0
0.0,683.0,0.0
0.0,476.0,0.0
0.0,223.0,0.0
0.0,91.0,0.0
0.0,17.0,0.0
0.0,0.0,0.0
0.0,0.0,0.0
0.0,0.0,0.0
0.0,0.0,0.0
0.0,0.0,0.0
0.0,0.0,0.0
0.0,0.0,0.0
0.0,0.0,0.0
0.0,0.0,0.0
0.0,0.0,0.0
0.0,14.0,0.0
0.0,38.0,0.0
0.0,52.0,0.0
0.0,58.0,0.0
0.0,46.0,0.0
0.0,46.0,0.0
0.0,49.0,0.0
0.0,63.0,0.0
0.0,107.0,0.0
0.0,147.0,0.0
0.0,174.0,0.0
0.0,186.0,0.0
0.0,184.0,0.0
0.0,171.0,0.0
0.0,174.0,0.0
0.0,181.0,0.0
0.0,193.0,0.0
0.0,234.0,0.0
0.0,260.0,0.0
0.0,259.0,0.0
0.0,367.0,0.0
0.0,443.0,0.0
0.0,452.0,0.0
0.0,450.0,0.0
0.0,452.0,0.0
0.0,461.0,0.0
0.0,461.0,0.0
0.0,481.0,0.0
0.0,502.0,0.0
0.0,528.0,0.0
0.0,559.0,0.0
0.08333333333333333,676.0,0.0
0.08333333333333333,780.0,0.0
0.08333333333333333,833.0,0.0
0.08333333333333333,833.0,0.0
0.08333333333333333,837.0,0.0
0.08333333333333333,837.0,0.0
0.08333333333333333,843.0,0.0
0.08333333333333333,845.0,0.0
0.08333333333333333,846.0,0.0
0.08333333333333333,835.0,0.0
0.08333333333333333,834.0,0.0
0.08333333333333333,837.0,0.0
0.08333333333333333,850.0,0.0
0.08333333333333333,898.0,0.0
0.08333333333333333,920.0,0.0
0.08333333333333333,921.0,0.0
0.08333333333333333,923.0,0.0
0.08333333333333333,924.0,0.0
0.08333333333333333,948.0,0.0
0.08333333333333333,957.0,0.0
0.08333333333333333,947.0,0.0
0.08333333333333333,943.0,0.0
0.08333333333333333,990.0,0.0
0.16666666666666666,1099.0,0.0
0.16666666666666666,1189.0,0.0
0.16666666666666666,1263.0,0.0
0.16666666666666666,1353.0,0.0
0.16666666666666666,1470.0,0.0
0.16666666666666666,1483.0,0.0
0.16666666666666666,1449.0,0.0
0.16666666666666666,1419.0,0.0
0.16666666666666666,1407.0,0.0
0.25,1408.0,0.0
0.25,1415.0,0.28409083333333335
0.25,1393.0,0.28409083333333335
0.25,1381.0,0.28409083333333335
0.25,1438.0,0.28409083333333335
0.25,1438.0,0.28409083333333335
0.25,1458.0,0.28409083333333335
0.3333333333333333,1463.0,0.45454533333333336
0.3333333333333333,1503.0,0.45454533333333336
0.3333333333333333,1563.0,0.45454533333333336
0.3333333333333333,1651.0,0.45454533333333336
0.3333333333333333,1784.0,0.45454533333333336
0.4166666666666667,1851.0,0.5681816666666667
0.4166666666666667,2032.0,0.5681816666666667
0.4166666666666667,2409.0,0.5681816666666667
0.4166666666666667,2724.0,0.5681816666666667
0.5,2953.0,0.681818
0.5,2946.0,0.681818
0.5,2813.0,0.681818
0.5833333333333334,2856.0,1.0227270000000002
0.5833333333333334,2947.0,1.0227270000000002
0.6666666666666666,2919.0,1.0227270000000002
0.6666666666666666,2670.0,1.0795451666666667
0.75,2581.0,1.0795451666666667
0.75,2524.0,1.1931815000000001
0.75,2473.0,1.1931815000000001
0.8333333333333334,2350.0,1.3068178333333333
0.8333333333333334,2336.0,1.3068178333333333
0.9166666666666666,2334.0,1.363636
0.9166666666666666,2275.0,1.363636
1.0,2158.0,1.363636
1.0833333333333333,2018.0,1.363636
1.0833333333333333,2017.0,1.704545
1.0833333333333333,2085.0,1.704545
1.1666666666666667,2143.0,1.3068178333333333
1.1666666666666667,2092.0,1.3068178333333333
1.1666666666666667,2030.0,1.3068178333333333
1.1666666666666667,2014.0,1.3068178333333333
1.1666666666666667,2064.0,1.3068178333333333
1.1666666666666667,2159.0,1.3068178333333333
1.1666666666666667,2181.0,1.3068178333333333
1.1666666666666667,2181.0,1.3068178333333333
1.25,2186.0,0.340909
1.3333333333333333,2193.0,0.340909
1.3333333333333333,2233.0,1.704545
1.4166666666666667,2310.0,1.8749995000000002
1.5,2394.0,1.8749995000000002
1.5,2484.0,1.9886358333333334
1.5833333333333333,2484.0,1.8749995000000002
1.6666666666666667,2642.0,1.8749995000000002
1.75,2706.0,2.1590903333333333
1.75,2711.0,2.1590903333333333
1.75,2651.0,2.1590903333333333
1.75,2488.0,2.1590903333333333
1.8333333333333333,2370.0,2.1590903333333333
1.9166666666666667,2356.0,0.7386361666666666
1.9166666666666667,2355.0,2.2159085000000003
2.0,2266.0,2.102272166666667
2.0833333333333335,2103.0,2.102272166666667
2.1666666666666665,2106.0,2.1590903333333333
2.1666666666666665,2152.0,2.4431811666666667
2.25,2183.0,2.272726666666667
2.3333333333333335,2176.0,2.727272
2.3333333333333335,2185.0,2.727272
2.3333333333333335,2221.0,2.727272
2.3333333333333335,2244.0,2.727272
2.3333333333333335,2245.0,2.727272
2.4166666666666665,2235.0,2.727272
2.4166666666666665,2251.0,0.5113635000000001
2.5,2246.0,0.5113635000000001
2.5833333333333335,2245.0,1.363636
2.5833333333333335,2121.0,2.7840901666666666
2.75,2007.0,2.7840901666666666
2.8333333333333335,1922.0,3.068181
2.9166666666666665,1864.0,2.9545446666666666
3.0,1813.0,3.1818173333333335
3.0833333333333335,1853.0,2.8977265
3.1666666666666665,1836.0,2.670453833333333
3.25,1791.0,3.40909
3.3333333333333335,1808.0,3.1249991666666666
3.4166666666666665,1964.0,3.2386355
3.5,2004.0,3.0113628333333335
3.5833333333333335,1964.0,2.7840901666666666
3.6666666666666665,1900.0,3.636362666666667
3.6666666666666665,1928.0,3.636362666666667
3.6666666666666665,1960.0,3.636362666666667
3.6666666666666665,1923.0,3.636362666666667
3.6666666666666665,1878.0,3.636362666666667
3.6666666666666665,1886.0,3.636362666666667
3.75,1951.0,3.636362666666667
3.8333333333333335,1931.0,4.6022715000000005
3.9166666666666665,1931.0,2.7840901666666666
4.083333333333333,1859.0,3.636362666666667
4.166666666666667,1788.0,3.806817166666667
4.25,1750.0,3.9204535000000003
4.416666666666667,1731.0,3.693180833333334
4.5,1718.0,4.090908000000001
4.583333333333333,1716.0,3.4659081666666665
4.75,1701.0,3.4659081666666665
4.75,1693.0,4.261362500000001
4.833333333333333,1687.0,1.9318176666666669
4.833333333333333,1684.0,1.9318176666666669
4.916666666666667,1672.0,1.363636
5.0,1607.0,3.636362666666667
5.083333333333333,1624.0,3.636362666666667
5.25,1633.0,3.636362666666667
5.333333333333333,1602.0,4.090908000000001
5.5,1508.0,4.090908000000001
5.583333333333333,1479.0,4.431817000000001
5.75,1476.0,4.318180666666667
5.75,1464.0,4.090908000000001
5.916666666666667,1472.0,4.090908000000001
6.0,1497.0,3.9204535000000003
6.166666666666667,1580.0,4.090908000000001
6.25,1597.0,3.8636353333333338
6.416666666666667,1540.0,4.147726166666667
6.5,1572.0,4.431817000000001
6.666666666666667,1655.0,4.431817000000001
6.75,1706.0,4.090908000000001
6.75,1695.0,4.090908000000001
6.916666666666667,1617.0,4.090908000000001
7.0,1574.0,5.568180333333333
7.166666666666667,1619.0,4.261362500000001
7.25,1654.0,4.659089666666667
7.416666666666667,1632.0,4.318180666666667
7.583333333333333,1562.0,4.6022715000000005
7.666666666666667,1558.0,6.363634666666667
7.833333333333333,1595.0,4.8295441666666665
8.0,1630.0,4.8295441666666665
8.083333333333334,1622.0,4.318180666666667
8.25,1589.0,4.318180666666667
8.416666666666666,1587.0,4.659089666666667
8.416666666666666,1623.0,4.488635166666667
8.5,1623.0,4.488635166666667
8.5,1683.0,1.6477268333333333
8.583333333333334,1675.0,1.6477268333333333
8.75,1630.0,4.9999986666666665
8.916666666666666,1616.0,5.056816833333333
9.083333333333334,1606.0,5.056816833333333
9.083333333333334,1623.0,4.488635166666667
9.25,1637.0,4.488635166666667
9.416666666666666,1637.0,4.8295441666666665
9.583333333333334,1535.0,4.9431805
9.666666666666666,1501.0,5.056816833333333
9.75,1599.0,4.7159078333333335
9.833333333333334,1646.0,4.7159078333333335
9.833333333333334,1650.0,1.5909086666666667
10.0,1621.0,1.761363166666667
10.083333333333334,1638.0,5.397725833333334
10.25,1685.0,5.397725833333334
10.25,1663.0,4.8295441666666665
10.416666666666666,1534.0,4.8295441666666665
10.5,1434.0,4.9431805
10.583333333333334,1499.0,4.9431805
10.666666666666666,1650.0,2.4431811666666667
10.833333333333334,1650.0,2.8409083333333336
10.833333333333334,1592.0,5.056816833333333
10.833333333333334,1634.0,5.056816833333333
11.0,1735.0,5.056816833333333
11.083333333333334,1775.0,5.2840895
11.333333333333334,1748.0,5.2840895
11.416666666666666,1715.0,5.6249985
11.5,1752.0,5.6249985
11.666666666666666,1760.0,5.6249985
11.833333333333334,1718.0,5.6249985
12.0,1605.0,5.6249985
12.083333333333334,1586.0,5.056816833333333
12.25,1571.0,5.056816833333333
12.333333333333334,1476.0,5.397725833333334
12.416666666666666,1469.0,5.056816833333333
12.583333333333334,1486.0,5.056816833333333
12.75,1587.0,5.056816833333333
12.916666666666666,1605.0,5.056816833333333
13.0,1588.0,5.511362166666667
13.083333333333334,1571.0,5.511362166666667
13.25,1605.0,5.511362166666667
13.416666666666666,1605.0,5.511362166666667
13.583333333333334,1644.0,5.2840895
13.666666666666666,1623.0,5.2840895
13.833333333333334,1552.0,5.2840895
13.916666666666666,1563.0,5.454544
13.916666666666666,1647.0,5.454544
14.083333333333334,1667.0,5.454544
14.25,1650.0,5.113635
14.416666666666666,1629.0,5.113635
14.583333333333334,1619.0,5.113635
14.666666666666666,1587.0,5.6249985
14.833333333333334,1463.0,5.454544
14.916666666666666,1413.0,4.8295441666666665
15.083333333333334,1534.0,4.8295441666666665
15.083333333333334,1599.0,5.909089333333333
15.083333333333334,1575.0,5.909089333333333
15.166666666666666,1518.0,5.909089333333333
15.333333333333334,1530.0,5.738634833333333
15.5,1590.0,6.022725666666667
15.666666666666666,1596.0,6.022725666666667
15.833333333333334,1542.0,6.022725666666667
16.0,1475.0,5.852271166666667
16.166666666666668,1530.0,5.852271166666667
16.333333333333332,1636.0,5.852271166666667
16.5,1657.0,5.795453
16.5,1410.0,5.568180333333333
16.666666666666668,1319.0,5.568180333333333
16.666666666666668,1489.0,6.761361833333333
16.833333333333332,1580.0,6.761361833333333
16.916666666666668,1502.0,6.249998333333333
17.083333333333332,1306.0,7.102270833333333
17.333333333333332,1456.0,7.102270833333333
17.5,1687.0,6.193180166666667
17.583333333333332,1781.0,5.568180333333333
17.75,1667.0,5.568180333333333
17.916666666666668,1595.0,5.738634833333333
17.916666666666668,1640.0,6.420452833333333
17.916666666666668,1689.0,6.420452833333333
17.916666666666668,1645.0,6.420452833333333
18.083333333333332,1478.0,6.420452833333333
18.25,1401.0,6.249998333333333
18.416666666666668,1383.0,6.249998333333333
18.5,1395.0,5.397725833333334
18.666666666666668,1395.0,5.397725833333334
18.833333333333332,1419.0,6.193180166666667
18.916666666666668,1472.0,5.852271166666667
19.0,1529.0,5.852271166666667
19.0,1563.0,1.5340905
19.083333333333332,1558.0,1.5340905
19.25,1568.0,1.5340905
19.416666666666668,1572.0,6.079543833333333
19.583333333333332,1591.0,6.079543833333333
19.666666666666668,1562.0,5.681816666666667
19.833333333333332,1455.0,5.852271166666667
20.0,1388.0,5.852271166666667
20.166666666666668,1303.0,6.193180166666667
20.333333333333332,1259.0,6.249998333333333
20.333333333333332,1315.0,6.022725666666667
20.583333333333332,1336.0,6.874998166666668
20.75,1292.0,6.874998166666668
20.833333333333332,1223.0,6.477271
21.083333333333332,1202.0,6.420452833333333
21.25,1266.0,6.420452833333333
21.25,1263.0,7.045452666666668
21.416666666666668,1263.0,7.045452666666668
21.583333333333332,1253.0,6.704543666666668
21.75,1297.0,6.022725666666667
21.75,1292.0,5.6249985
21.833333333333332,1256.0,5.6249985
22.0,1221.0,6.363634666666667
22.166666666666668,1210.0,6.363634666666667
22.416666666666668,1164.0,6.534089166666668
22.583333333333332,1132.0,6.590907333333333
22.666666666666668,1170.0,6.079543833333333
22.75,1256.0,7.329543500000001
22.833333333333332,1349.0,2.2159085000000003
22.833333333333332,1346.0,2.2159085000000003
22.833333333333332,1338.0,2.2159085000000003
23.083333333333332,1338.0,2.2159085000000003
23.25,1439.0,6.6477255
23.5,1449.0,6.6477255
23.583333333333332,1402.0,6.3068165
23.666666666666668,1334.0,7.784088833333334
23.833333333333332,1250.0,7.784088833333334
24.0,1175.0,7.784088833333334
24.166666666666668,1175.0,7.272725333333334
24.166666666666668,1185.0,7.045452666666668
24.333333333333332,1225.0,7.045452666666668
24.5,1252.0,7.784088833333334
24.666666666666668,1277.0,7.215907166666668
24.833333333333332,1312.0,6.590907333333333
24.916666666666668,1327.0,8.0113615
25.083333333333332,1357.0,7.8409070000000005
25.333333333333332,1393.0,7.272725333333334
25.333333333333332,1441.0,5.852271166666667
25.333333333333332,1444.0,5.852271166666667
25.416666666666668,1444.0,1.363636
25.583333333333332,1407.0,2.3863630000000002
25.75,1330.0,6.761361833333333
25.833333333333332,1150.0,8.124997833333333
26.0,1128.0,8.124997833333333
26.166666666666668,1370.0,8.124997833333333
26.25,1555.0,6.534089166666668
26.25,1302.0,2.3863630000000002
26.333333333333332,1172.0,2.3863630000000002
26.5,1312.0,6.931816333333333
26.666666666666668,1543.0,6.931816333333333
26.833333333333332,1489.0,8.522725000000001
26.916666666666668,1273.0,7.670452500000001
27.083333333333332,1104.0,7.670452500000001
27.25,1101.0,6.3068165
27.416666666666668,1288.0,6.3068165
27.416666666666668,1274.0,6.874998166666668
27.416666666666668,1194.0,6.874998166666668
27.5,1169.0,6.874998166666668
27.666666666666668,1294.0,0.8522725
27.833333333333332,1491.0,0.8522725
28.0,1544.0,6.6477255
28.166666666666668,1495.0,5.340907666666666
28.333333333333332,1447.0,6.534089166666668
28.5,1363.0,8.693179500000001
28.583333333333332,1380.0,3.352271833333334
28.583333333333332,1384.0,3.352271833333334
28.583333333333332,1397.0,3.352271833333334
28.833333333333332,1436.0,7.045452666666668
29.0,1410.0,7.272725333333334
29.083333333333332,1349.0,7.499998000000001
29.25,1307.0,7.670452500000001
29.5,1307.0,7.784088833333334
29.666666666666668,1328.0,7.670452500000001
29.75,1295.0,6.534089166666668
29.75,1209.0,6.534089166666668
29.916666666666668,1180.0,6.534089166666668
30.166666666666668,1238.0,6.931816333333333
30.333333333333332,1318.0,7.159089000000001
30.5,1321.0,7.9545433333333335
30.666666666666668,1236.0,7.9545433333333335
30.833333333333332,1217.0,7.102270833333333
30.916666666666668,1198.0,3.40909
31.166666666666668,1208.0,6.590907333333333
31.166666666666668,1250.0,6.931816333333333
31.416666666666668,1283.0,7.499998000000001
31.666666666666668,1251.0,7.499998000000001
31.75,1120.0,7.329543500000001
32.0,1076.0,7.329543500000001
32.0,1092.0,7.7272706666666675
32.166666666666664,1130.0,8.806815833333333
32.166666666666664,1134.0,8.806815833333333
32.333333333333336,1119.0,8.806815833333333
32.583333333333336,1118.0,8.806815833333333
32.75,1099.0,6.988634500000001
33.0,1113.0,6.988634500000001
33.083333333333336,1176.0,7.5568161666666676
33.25,1210.0,8.352270500000001
33.416666666666664,1133.0,8.352270500000001
33.583333333333336,1013.0,6.3068165
33.75,846.0,6.3068165
33.75,841.0,7.102270833333333
34.0,940.0,7.102270833333333
34.25,1018.0,7.102270833333333
34.416666666666664,982.0,7.102270833333333
34.5,989.0,7.7272706666666675
34.666666666666664,1014.0,7.7272706666666675
34.833333333333336,1014.0,7.272725333333334
34.916666666666664,988.0,8.806815833333333
34.916666666666664,977.0,8.806815833333333
35.083333333333336,956.0,8.806815833333333
35.166666666666664,922.0,8.749997666666667
35.333333333333336,890.0,3.7499990000000003
35.416666666666664,928.0,7.045452666666668
35.583333333333336,1022.0,7.045452666666668
35.75,1022.0,7.613634333333334
35.833333333333336,1077.0,7.386361666666668
35.916666666666664,1059.0,7.386361666666668
36.083333333333336,984.0,7.386361666666668
36.333333333333336,929.0,7.386361666666668
36.5,951.0,7.329543500000001
36.666666666666664,1005.0,6.590907333333333
36.916666666666664,1002.0,6.590907333333333
37.083333333333336,977.0,6.590907333333333
37.25,952.0,8.124997833333333
37.416666666666664,950.0,8.068179666666667
37.416666666666664,974.0,7.7272706666666675
37.5,1026.0,7.7272706666666675
37.75,1073.0,7.272725333333334
37.916666666666664,1072.0,7.272725333333334
38.083333333333336,1049.0,6.874998166666668
38.166666666666664,1012.0,3.2954536666666665
38.333333333333336,1013.0,8.0113615
38.583333333333336,1042.0,8.0113615
38.666666666666664,1043.0,6.931816333333333
38.833333333333336,981.0,6.931816333333333
39.0,889.0,6.931816333333333
39.166666666666664,889.0,6.931816333333333
39.333333333333336,962.0,6.931816333333333
39.5,1050.0,6.931816333333333
39.666666666666664,1062.0,7.045452666666668
39.833333333333336,967.0,7.045452666666668
39.916666666666664,914.0,7.329543500000001
39.916666666666664,903.0,2.3863630000000002
40.083333333333336,946.0,2.3863630000000002
40.083333333333336,1048.0,3.9772716666666668
40.333333333333336,1036.0,3.9772716666666668
40.5,979.0,7.102270833333333
40.75,960.0,7.5568161666666676
40.916666666666664,967.0,8.0113615
41.083333333333336,993.0,7.613634333333334
41.083333333333336,995.0,7.613634333333334
41.25,1001.0,7.613634333333334
41.5,1048.0,7.613634333333334
41.583333333333336,1129.0,6.590907333333333
41.75,1067.0,3.636362666666667
41.916666666666664,993.0,3.636362666666667
42.083333333333336,993.0,6.874998166666668
42.25,942.0,6.874998166666668
42.333333333333336,898.0,8.068179666666667
42.333333333333336,869.0,8.068179666666667
42.416666666666664,863.0,1.4204541666666668
42.583333333333336,941.0,3.636362666666667
42.75,1096.0,7.045452666666668
43.0,1119.0,7.215907166666668
43.25,1015.0,7.215907166666668
43.416666666666664,1016.0,7.215907166666668
43.666666666666664,1103.0,6.988634500000001
43.833333333333336,1117.0,6.988634500000001
44.0,1045.0,6.761361833333333
44.083333333333336,993.0,6.761361833333333
44.25,970.0,6.761361833333333
44.333333333333336,1021.0,7.8977251666666675
44.583333333333336,1133.0,7.8977251666666675
44.75,1212.0,7.272725333333334
44.916666666666664,1156.0,7.613634333333334
45.0,996.0,6.704543666666668
45.0,1044.0,6.704543666666668
45.166666666666664,1046.0,6.704543666666668
45.25,1186.0,7.8977251666666675
45.5,1120.0,7.8977251666666675
45.75,991.0,7.8977251666666675
45.75,1029.0,7.443179833333334
46.0,1070.0,7.443179833333334
46.166666666666664,1105.0,7.443179833333334
46.416666666666664,1175.0,7.443179833333334
46.583333333333336,1209.0,7.329543500000001
46.75,1179.0,6.534089166666668
46.916666666666664,1148.0,3.693180833333334
47.0,1122.0,6.988634500000001
47.166666666666664,1000.0,6.988634500000001
47.333333333333336,958.0,6.590907333333333
47.5,957.0,7.272725333333334
47.666666666666664,1065.0,7.272725333333334
47.75,1146.0,7.045452666666668
47.916666666666664,1198.0,7.045452666666668
48.083333333333336,1185.0,7.159089000000001
48.25,1072.0,7.159089000000001
48.5,983.0,7.386361666666668
48.75,1144.0,7.386361666666668
48.833333333333336,1144.0,7.386361666666668
49.083333333333336,1203.0,7.386361666666668
49.083333333333336,1176.0,7.159089000000001
49.25,1134.0,6.704543666666668
49.25,1102.0,6.704543666666668
49.5,1097.0,6.704543666666668
49.75,1097.0,7.386361666666668
49.916666666666664,1096.0,7.613634333333334
50.166666666666664,1120.0,7.613634333333334
50.416666666666664,1267.0,7.613634333333334
50.583333333333336,1285.0,7.329543500000001
50.833333333333336,1184.0,7.329543500000001
50.833333333333336,1057.0,6.874998166666668
51.0,993.0,6.874998166666668
51.166666666666664,1067.0,6.874998166666668
51.416666666666664,1172.0,7.443179833333334
51.666666666666664,1189.0,7.272725333333334
51.833333333333336,1035.0,6.704543666666668
52.0,1017.0,6.704543666666668
52.166666666666664,1065.0,5.9659075
52.25,1114.0,7.102270833333333
52.25,1139.0,7.102270833333333
52.416666666666664,1159.0,7.102270833333333
52.583333333333336,1089.0,7.102270833333333
52.833333333333336,1034.0,7.102270833333333
53.0,1033.0,7.102270833333333
53.166666666666664,1090.0,5.454544
53.333333333333336,1095.0,6.931816333333333
53.416666666666664,1069.0,6.363634666666667
53.583333333333336,1077.0,6.363634666666667
53.666666666666664,1229.0,7.386361666666668
53.75,1218.0,6.988634500000001
54.0,1046.0,7.159089000000001
54.166666666666664,994.0,7.159089000000001
54.25,1005.0,8.352270500000001
54.5,1052.0,8.352270500000001
54.666666666666664,1137.0,8.181816000000001
54.666666666666664,1180.0,7.045452666666668
54.75,1173.0,1.704545
55.0,1015.0,6.761361833333333
55.083333333333336,1009.0,7.045452666666668
55.333333333333336,1140.0,6.761361833333333
55.333333333333336,1247.0,6.193180166666667
55.583333333333336,1247.0,6.193180166666667
55.666666666666664,1222.0,7.329543500000001
55.833333333333336,1149.0,7.329543500000001
55.833333333333336,1170.0,6.6477255
55.833333333333336,1190.0,6.6477255
56.0,1157.0,6.6477255
56.166666666666664,1119.0,7.102270833333333
56.416666666666664,1224.0,7.102270833333333
56.5,1234.0,6.874998166666668
56.75,1148.0,6.874998166666668
56.916666666666664,1069.0,6.874998166666668
57.083333333333336,1219.0,7.102270833333333
57.166666666666664,1309.0,3.522726333333334
57.166666666666664,1275.0,3.522726333333334
57.166666666666664,1208.0,3.522726333333334
57.416666666666664,1284.0,3.522726333333334
57.583333333333336,1286.0,7.215907166666668
57.583333333333336,1184.0,8.181816000000001
57.666666666666664,1070.0,1.8181813333333334
57.833333333333336,1068.0,3.2954536666666665
57.916666666666664,1076.0,7.215907166666668
57.916666666666664,1205.0,7.215907166666668
58.0,1107.0,7.215907166666668
58.166666666666664,977.0,1.1363633333333334
58.25,1090.0,7.329543500000001
58.5,1205.0,7.329543500000001
58.666666666666664,1291.0,7.215907166666668
58.833333333333336,1317.0,7.215907166666668
59.0,1181.0,6.988634500000001
59.25,1137.0,6.931816333333333
59.25,1160.0,6.81818
59.416666666666664,1193.0,6.81818
59.5,1263.0,7.5568161666666676
59.75,1286.0,7.5568161666666676
59.916666666666664,1284.0,7.613634333333334
60.083333333333336,1226.0,6.988634500000001
60.333333333333336,1187.0,6.988634500000001
60.416666666666664,1302.0,6.3068165
60.583333333333336,1347.0,6.3068165
60.666666666666664,1301.0,7.272725333333334
60.75,1205.0,7.272725333333334
60.916666666666664,1206.0,7.215907166666668
61.166666666666664,1206.0,7.8409070000000005
61.25,1305.0,7.9545433333333335
61.416666666666664,1320.0,7.272725333333334
61.666666666666664,1216.0,7.272725333333334
61.666666666666664,1128.0,9.715906500000001
61.833333333333336,1169.0,7.329543500000001
61.833333333333336,1208.0,7.329543500000001
62.083333333333336,1210.0,7.329543500000001
62.333333333333336,1183.0,7.329543500000001
62.416666666666664,1191.0,6.477271
62.666666666666664,1196.0,6.477271
62.75,1167.0,7.272725333333334
63.0,1135.0,7.272725333333334
63.083333333333336,1121.0,7.7272706666666675
63.083333333333336,1060.0,7.7272706666666675
63.333333333333336,1052.0,7.7272706666666675
63.5,1154.0,7.7272706666666675
63.75,1205.0,7.7272706666666675
63.833333333333336,1061.0,7.215907166666668
64.08333333333333,1048.0,7.8409070000000005
64.33333333333333,1142.0,7.8977251666666675
64.5,1143.0,7.8977251666666675
64.58333333333333,1052.0,6.931816333333333
64.58333333333333,997.0,6.931816333333333
64.75,1047.0,6.931816333333333
64.91666666666667,1141.0,6.931816333333333
65.16666666666667,1144.0,7.215907166666668
65.41666666666667,1057.0,7.613634333333334
65.58333333333333,1035.0,7.613634333333334
65.66666666666667,1094.0,9.261361166666667
65.83333333333333,1169.0,7.386361666666668
66.08333333333333,1146.0,7.386361666666668
66.16666666666667,1124.0,6.477271
66.33333333333333,1106.0,7.045452666666668
66.58333333333333,1087.0,7.443179833333334
66.75,1103.0,7.443179833333334
67.0,1123.0,7.443179833333334
67.25,1123.0,7.443179833333334
67.33333333333333,1111.0,6.704543666666668
67.41666666666667,1100.0,3.40909
67.5,1120.0,3.40909
67.58333333333333,1147.0,9.090906666666667
67.75,1158.0,9.090906666666667
68.0,1158.0,7.784088833333334
68.08333333333333,1159.0,6.249998333333333
68.25,1146.0,3.9772716666666668
68.33333333333333,1129.0,9.545452000000001
68.41666666666667,1109.0,9.545452000000001
68.58333333333333,1091.0,7.102270833333333
68.58333333333333,1091.0,3.5795445000000004
68.83333333333333,1094.0,3.5795445000000004
69.0,1084.0,7.102270833333333
69.25,1080.0,7.499998000000001
69.33333333333333,1091.0,8.124997833333333
69.5,1095.0,8.124997833333333
69.58333333333333,1101.0,7.499998000000001
69.58333333333333,1118.0,7.499998000000001
69.83333333333333,1116.0,7.499998000000001
70.0,1082.0,7.159089000000001
70.16666666666667,1078.0,7.159089000000001
70.33333333333333,1098.0,7.159089000000001
70.58333333333333,1142.0,7.159089000000001
70.83333333333333,1177.0,7.159089000000001
71.0,1176.0,7.272725333333334
71.08333333333333,1165.0,7.045452666666668
71.16666666666667,1163.0,6.988634500000001
71.25,1162.0,6.988634500000001
71.41666666666667,1165.0,1.8181813333333334
71.58333333333333,1174.0,6.6477255
71.75,1170.0,7.102270833333333
71.83333333333333,1144.0,8.181816000000001
72.0,1151.0,6.761361833333333
72.16666666666667,1180.0,6.761361833333333
72.25,1189.0,7.159089000000001
72.25,1203.0,7.159089000000001
72.5,1214.0,7.159089000000001
72.75,1167.0,7.613634333333334
72.91666666666667,1167.0,7.784088833333334
73.16666666666667,1127.0,8.068179666666667
73.41666666666667,1145.0,8.068179666666667
73.58333333333333,1199.0,8.068179666666667
73.66666666666667,1172.0,6.363634666666667
73.75,1138.0,7.272725333333334
73.83333333333333,1139.0,7.272725333333334
74.0,1137.0,7.272725333333334
74.25,1114.0,7.272725333333334
74.5,1114.0,7.7272706666666675
74.66666666666667,1174.0,7.443179833333334
74.91666666666667,1277.0,7.045452666666668
75.08333333333333,1219.0,7.045452666666668
75.25,1127.0,7.045452666666668
75.25,1150.0,7.784088833333334
75.33333333333333,1150.0,7.784088833333334
75.5,1126.0,7.784088833333334
75.75,1116.0,7.784088833333334
75.91666666666667,1186.0,7.386361666666668
76.08333333333333,1351.0,6.988634500000001
76.33333333333333,1363.0,6.988634500000001
76.33333333333333,1161.0,7.272725333333334
76.33333333333333,1067.0,7.272725333333334
76.41666666666667,1176.0,7.272725333333334
76.58333333333333,1244.0,7.499998000000001
76.75,1234.0,7.499998000000001
77.0,1265.0,7.443179833333334
77.16666666666667,1235.0,7.045452666666668
77.33333333333333,1189.0,6.477271
77.5,1185.0,6.477271
77.58333333333333,1203.0,6.931816333333333
77.58333333333333,1208.0,2.4431811666666667
77.75,1222.0,2.4431811666666667
78.0,1185.0,7.159089000000001
78.16666666666667,1168.0,7.159089000000001
78.33333333333333,1346.0,7.499998000000001
78.41666666666667,1309.0,7.499998000000001
78.66666666666667,1195.0,7.443179833333334
78.75,1173.0,6.363634666666667
78.83333333333333,1340.0,3.9772716666666668
79.0,1342.0,7.329543500000001
79.08333333333333,1322.0,7.613634333333334
79.25,1290.0,7.499998000000001
79.5,1259.0,7.499998000000001
79.66666666666667,1214.0,7.159089000000001
79.83333333333333,1273.0,6.477271
80.0,1284.0,6.477271
80.16666666666667,1247.0,6.477271
80.16666666666667,1162.0,3.693180833333334
80.33333333333333,1193.0,3.693180833333334
80.5,1274.0,7.159089000000001
80.75,1274.0,7.159089000000001
80.91666666666667,1336.0,7.159089000000001
81.0,1302.0,3.2954536666666665
81.08333333333333,1294.0,3.2954536666666665
81.33333333333333,1348.0,3.2954536666666665
81.5,1404.0,7.272725333333334
81.66666666666667,1407.0,6.874998166666668
81.75,1313.0,6.874998166666668
81.91666666666667,1308.0,6.874998166666668
82.08333333333333,1365.0,6.874998166666668
82.33333333333333,1362.0,7.272725333333334
82.5,1215.0,7.272725333333334
82.75,1190.0,7.8409070000000005
83.0,1187.0,7.8409070000000005
83.16666666666667,1191.0,7.8409070000000005
83.25,1236.0,6.761361833333333
83.41666666666667,1266.0,6.761361833333333
83.66666666666667,1287.0,7.329543500000001
83.83333333333333,1356.0,7.102270833333333
84.08333333333333,1392.0,7.102270833333333
84.25,1408.0,7.329543500000001
84.5,1366.0,7.272725333333334
84.66666666666667,1313.0,6.81818
84.66666666666667,1279.0,6.420452833333333
84.66666666666667,1413.0,6.420452833333333
84.83333333333333,1356.0,6.420452833333333
85.0,1194.0,7.045452666666668
85.25,1129.0,7.7272706666666675
85.5,1241.0,7.7272706666666675
85.58333333333333,1442.0,6.6477255
85.83333333333333,1379.0,6.6477255
86.0,1284.0,6.6477255
86.08333333333333,1237.0,7.443179833333334
86.08333333333333,1212.0,7.443179833333334
86.33333333333333,1210.0,7.443179833333334
86.5,1199.0,7.329543500000001
86.75,1182.0,7.329543500000001
87.0,1115.0,7.5568161666666676
87.16666666666667,1102.0,7.386361666666668
87.41666666666667,1174.0,7.159089000000001
87.5,1239.0,6.988634500000001
87.5,1244.0,6.988634500000001
87.58333333333333,1237.0,6.988634500000001
87.83333333333333,1237.0,6.988634500000001
88.08333333333333,1285.0,6.988634500000001
88.25,1293.0,6.988634500000001
88.5,1220.0,6.988634500000001
88.66666666666667,1123.0,7.159089000000001
88.91666666666667,1144.0,7.159089000000001
89.08333333333333,1142.0,7.159089000000001
89.08333333333333,1170.0,6.590907333333333
89.25,1156.0,6.590907333333333
89.41666666666667,1107.0,7.102270833333333
89.66666666666667,1146.0,7.102270833333333
89.83333333333333,1273.0,7.102270833333333
90.0,1289.0,7.159089000000001
90.16666666666667,1119.0,7.159089000000001
90.41666666666667,1090.0,7.159089000000001
90.5,1152.0,7.102270833333333
90.5,1223.0,7.102270833333333
90.75,1225.0,7.102270833333333
90.91666666666667,1240.0,7.045452666666668
91.16666666666667,1205.0,7.045452666666668
91.33333333333333,1206.0,7.272725333333334
91.58333333333333,1107.0,7.272725333333334
91.75,1187.0,7.329543500000001
92.0,1213.0,7.215907166666668
92.0,1172.0,6.874998166666668
92.16666666666667,1142.0,6.874998166666668
92.41666666666667,1137.0,6.874998166666668
92.58333333333333,1230.0,6.874998166666668
92.66666666666667,1367.0,7.159089000000001
92.91666666666667,1408.0,7.499998000000001
93.16666666666667,1274.0,7.499998000000001
93.33333333333333,1134.0,7.499998000000001
93.5,1157.0,6.81818
93.5,1204.0,6.590907333333333
93.66666666666667,1205.0,6.590907333333333
93.83333333333333,1197.0,6.590907333333333
94.08333333333333,1148.0,7.272725333333334
94.25,1091.0,7.102270833333333
94.5,1154.0,6.6477255
94.75,1280.0,7.386361666666668
94.91666666666667,1260.0,7.272725333333334
94.91666666666667,1205.0,6.761361833333333
94.91666666666667,1203.0,6.761361833333333
95.16666666666667,1203.0,6.761361833333333
95.33333333333333,1227.0,6.761361833333333
95.58333333333333,1177.0,6.761361833333333
95.75,1131.0,7.215907166666668
96.0,1103.0,7.215907166666668
96.16666666666667,1166.0,7.045452666666668
96.25,1312.0,7.329543500000001
96.25,1399.0,7.329543500000001
96.41666666666667,1354.0,7.329543500000001
96.58333333333333,1296.0,7.329543500000001
96.83333333333333,1275.0,7.102270833333333
97.0,1256.0,7.102270833333333
97.16666666666667,1228.0,7.329543500000001
97.33333333333333,1227.0,7.7272706666666675
97.58333333333333,1262.0,7.215907166666668
97.66666666666667,1269.0,7.045452666666668
97.66666666666667,1252.0,7.045452666666668
97.75,1250.0,1.4204541666666668
98.0,1240.0,1.4204541666666668
98.16666666666667,1274.0,6.81818
98.33333333333333,1452.0,6.81818
98.5,1433.0,6.704543666666668
98.75,1248.0,7.386361666666668
98.91666666666667,1027.0,7.045452666666668
99.08333333333333,969.0,6.988634500000001
99.08333333333333,1068.0,6.704543666666668
99.33333333333333,1090.0,6.704543666666668
99.5,1059.0,6.704543666666668
99.66666666666667,1250.0,6.704543666666668
99.83333333333333,1382.0,6.704543666666668
100.0,1356.0,3.40909
100.16666666666667,1282.0,3.40909
100.33333333333333,1295.0,6.704543666666668
100.41666666666667,1363.0,6.3068165
100.41666666666667,1291.0,6.3068165
100.66666666666667,1201.0,7.102270833333333
100.83333333333333,1223.0,7.102270833333333
101.08333333333333,1281.0,7.102270833333333
101.16666666666667,1216.0,6.3068165
101.41666666666667,1175.0,6.3068165
101.58333333333333,1216.0,6.3068165
101.58333333333333,1329.0,6.136362
101.58333333333333,1329.0,6.136362
101.58333333333333,1420.0,6.136362
101.75,1414.0,6.136362
101.91666666666667,1355.0,6.874998166666668
102.16666666666667,1328.0,6.874998166666668
102.25,1381.0,6.81818
102.41666666666667,1381.0,6.81818
102.66666666666667,1356.0,6.81818
102.83333333333333,1301.0,6.761361833333333
102.91666666666667,1232.0,6.022725666666667
102.91666666666667,1359.0,6.022725666666667
103.0,1444.0,6.022725666666667
103.25,1431.0,6.022725666666667
103.41666666666667,1366.0,6.022725666666667
103.58333333333333,1401.0,6.022725666666667
103.75,1486.0,6.761361833333333
103.83333333333333,1533.0,6.761361833333333
104.08333333333333,1496.0,6.761361833333333
104.25,1324.0,6.6477255
104.25,1320.0,6.420452833333333
104.41666666666667,1321.0,6.420452833333333
104.58333333333333,1399.0,6.420452833333333
104.83333333333333,1463.0,6.420452833333333
105.0,1481.0,6.420452833333333
105.16666666666667,1496.0,6.420452833333333
105.41666666666667,1532.0,6.420452833333333
105.58333333333333,1588.0,6.590907333333333
105.66666666666667,1598.0,6.988634500000001
105.66666666666667,1568.0,6.988634500000001
105.66666666666667,1589.0,6.988634500000001
105.91666666666667,1606.0,6.988634500000001
106.08333333333333,1495.0,6.988634500000001
106.16666666666667,1459.0,5.511362166666667
106.33333333333333,1431.0,5.511362166666667
106.5,1431.0,7.159089000000001
106.75,1245.0,7.159089000000001
106.91666666666667,1271.0,6.534089166666668
107.0,1473.0,6.363634666666667
107.08333333333333,1650.0,6.363634666666667
107.25,1680.0,6.363634666666667
107.41666666666667,1603.0,6.534089166666668
107.58333333333333,1606.0,6.534089166666668
107.75,1627.0,6.477271
107.83333333333333,1627.0,6.534089166666668
107.91666666666667,1626.0,5.9659075
108.08333333333333,1483.0,5.9659075
108.25,1495.0,6.477271
108.41666666666667,1526.0,6.193180166666667
108.58333333333333,1461.0,6.193180166666667
108.75,1444.0,6.477271
109.0,1419.0,6.477271
109.08333333333333,1465.0,5.056816833333333
109.33333333333333,1482.0,5.056816833333333
109.5,1486.0,6.079543833333333
109.66666666666667,1533.0,6.193180166666667
109.75,1584.0,6.477271
109.83333333333333,1635.0,7.272725333333334
109.91666666666667,1658.0,7.272725333333334
110.16666666666667,1573.0,7.272725333333334
110.33333333333333,1419.0,7.215907166666668
110.58333333333333,1406.0,7.215907166666668
110.75,1444.0,6.988634500000001
110.91666666666667,1567.0,6.874998166666668
111.08333333333333,1565.0,6.761361833333333
111.16666666666667,1502.0,5.852271166666667
111.16666666666667,1538.0,5.852271166666667
111.25,1681.0,5.852271166666667
111.41666666666667,1883.0,6.761361833333333
111.58333333333333,1875.0,7.102270833333333
111.83333333333333,1786.0,7.102270833333333
112.0,1722.0,6.988634500000001
112.25,1691.0,6.704543666666668
112.41666666666667,1617.0,6.704543666666668
112.58333333333333,1550.0,6.477271
112.66666666666667,1507.0,6.079543833333333
112.75,1505.0,6.079543833333333
112.91666666666667,1504.0,6.079543833333333
113.08333333333333,1464.0,6.590907333333333
113.33333333333333,1441.0,6.590907333333333
113.5,1491.0,6.363634666666667
113.58333333333333,1638.0,6.988634500000001
113.75,1685.0,7.272725333333334
113.83333333333333,1612.0,3.2386355
113.83333333333333,1556.0,3.2386355
113.91666666666667,1558.0,3.2386355
114.16666666666667,1573.0,5.6249985
114.33333333333333,1573.0,6.363634666666667
114.5,1501.0,6.590907333333333
114.75,1449.0,6.534089166666668
114.75,1489.0,8.295452333333333
114.91666666666667,1590.0,8.295452333333333
115.08333333333333,1623.0,7.215907166666668
115.08333333333333,1554.0,6.590907333333333
115.25,1516.0,6.590907333333333
115.33333333333333,1517.0,6.193180166666667
115.41666666666667,1459.0,6.193180166666667
115.58333333333333,1412.0,6.193180166666667
115.66666666666667,1400.0,8.352270500000001
115.83333333333333,1413.0,8.352270500000001
116.0,1484.0,7.8977251666666675
116.08333333333333,1572.0,7.8977251666666675
116.16666666666667,1651.0,6.022725666666667
116.25,1678.0,6.022725666666667
116.25,1624.0,2.0454540000000003
116.25,1585.0,2.0454540000000003
116.41666666666667,1586.0,2.0454540000000003
116.58333333333333,1633.0,6.193180166666667
116.75,1646.0,6.193180166666667
116.91666666666667,1615.0,6.193180166666667
117.08333333333333,1599.0,6.704543666666668
117.16666666666667,1557.0,5.9659075
117.25,1517.0,3.5795445000000004
117.33333333333333,1497.0,3.5795445000000004
117.5,1522.0,3.5795445000000004
117.58333333333333,1582.0,6.136362
117.66666666666667,1646.0,2.4999993333333332
117.83333333333333,1655.0,3.068181
118.0,1657.0,6.3068165
118.16666666666667,1698.0,6.6477255
118.25,1700.0,8.238634166666667
118.33333333333333,1698.0,8.238634166666667
118.58333333333333,1677.0,7.386361666666668
118.75,1660.0,7.386361666666668
118.91666666666667,1640.0,6.3068165
119.08333333333333,1609.0,6.3068165
119.33333333333333,1515.0,6.3068165
119.5,1538.0,6.3068165
119.66666666666667,1607.0,6.3068165
119.75,1607.0,6.6477255
119.91666666666667,1660.0,6.6477255
120.08333333333333,1643.0,6.6477255
120.16666666666667,1586.0,7.045452666666668
120.16666666666667,1638.0,7.045452666666668
120.16666666666667,1700.0,7.045452666666668
120.25,1699.0,7.045452666666668
120.41666666666667,1683.0,6.761361833333333
120.5,1609.0,6.136362
120.66666666666667,1528.0,6.136362
120.83333333333333,1485.0,5.738634833333333
121.0,1489.0,6.136362
121.16666666666667,1579.0,6.3068165
121.33333333333333,1606.0,6.3068165
121.5,1573.0,6.3068165
121.5,1518.0,6.363634666666667
121.66666666666667,1528.0,6.363634666666667
121.83333333333333,1586.0,6.534089166666668
122.08333333333333,1587.0,6.363634666666667
122.25,1587.0,6.136362
122.33333333333333,1615.0,6.079543833333333
122.5,1678.0,7.045452666666668
122.75,1770.0,7.045452666666668
122.91666666666667,1744.0,6.477271
123.08333333333333,1638.0,6.420452833333333
123.08333333333333,1542.0,5.738634833333333
123.25,1484.0,5.738634833333333
123.41666666666667,1440.0,5.738634833333333
123.58333333333333,1429.0,6.193180166666667
123.75,1451.0,6.193180166666667
123.91666666666667,1476.0,6.193180166666667
124.08333333333333,1506.0,6.193180166666667
124.25,1479.0,6.193180166666667
124.25,1485.0,3.40909
124.41666666666667,1650.0,3.40909
124.58333333333333,1666.0,5.738634833333333
124.66666666666667,1629.0,5.909089333333333
124.91666666666667,1678.0,6.079543833333333
125.08333333333333,1799.0,6.079543833333333
125.25,1780.0,6.6477255
125.33333333333333,1697.0,5.6249985
125.41666666666667,1557.0,6.079543833333333
125.58333333333333,1453.0,7.215907166666668
125.75,1453.0,7.215907166666668
125.75,1612.0,6.079543833333333
125.83333333333333,1776.0,6.079543833333333
125.83333333333333,1810.0,1.5909086666666667
126.0,1765.0,1.9318176666666669
126.25,1730.0,5.909089333333333
126.33333333333333,1831.0,5.795453
126.5,1991.0,5.795453
126.66666666666667,1986.0,5.795453
126.83333333333333,1826.0,5.909089333333333
127.0,1869.0,5.909089333333333
127.16666666666667,1939.0,5.511362166666667
127.25,1879.0,6.022725666666667
127.33333333333333,1599.0,6.022725666666667
127.5,1363.0,5.681816666666667
127.66666666666667,1376.0,5.681816666666667
127.83333333333333,1517.0,5.681816666666667
128.0,1662.0,5.681816666666667
128.16666666666666,1900.0,5.340907666666666
128.33333333333334,1909.0,5.340907666666666
128.41666666666666,1784.0,5.795453
128.5,1809.0,6.363634666666667
128.5,2032.0,6.363634666666667
128.5,2060.0,6.363634666666667
128.66666666666666,1970.0,6.363634666666667
128.75,1895.0,5.9659075
128.91666666666666,1881.0,5.9659075
129.08333333333334,1939.0,5.9659075
129.25,1871.0,6.363634666666667
129.41666666666666,1755.0,6.363634666666667
129.58333333333334,1646.0,6.363634666666667
129.75,1600.0,5.852271166666667
130.0,1603.0,5.909089333333333
130.16666666666666,1604.0,5.6249985
130.33333333333334,1629.0,5.568180333333333
130.41666666666666,1634.0,6.6477255
130.58333333333334,1653.0,6.534089166666668
130.75,1722.0,6.534089166666668
130.91666666666666,1892.0,6.534089166666668
131.0,1940.0,5.6249985
131.16666666666666,1867.0,5.6249985
131.33333333333334,1864.0,5.6249985
131.33333333333334,1888.0,5.909089333333333
131.33333333333334,1888.0,5.909089333333333
131.5,1875.0,5.909089333333333
131.66666666666666,1773.0,5.795453
131.83333333333334,1776.0,5.795453
132.0,1877.0,5.795453
132.16666666666666,1877.0,5.795453
132.33333333333334,1980.0,5.681816666666667
132.41666666666666,2014.0,5.397725833333334
132.58333333333334,2014.0,5.397725833333334
132.75,1998.0,5.511362166666667
132.91666666666666,1984.0,5.511362166666667
132.91666666666666,1853.0,5.454544
132.91666666666666,1739.0,5.454544
133.0,1685.0,5.454544
133.16666666666666,1654.0,5.454544
133.33333333333334,1693.0,5.6249985
133.5,1739.0,5.6249985
133.66666666666666,1755.0,5.511362166666667
133.66666666666666,1776.0,5.340907666666666
133.83333333333334,1776.0,5.340907666666666
134.0,1907.0,5.738634833333333
134.16666666666666,1955.0,5.511362166666667
134.16666666666666,1930.0,5.113635
134.16666666666666,1896.0,5.113635
134.16666666666666,2025.0,5.113635
134.33333333333334,2111.0,5.113635
134.5,2106.0,5.113635
134.66666666666666,2013.0,5.227271333333333
134.83333333333334,1852.0,5.227271333333333
134.91666666666666,1814.0,5.227271333333333
135.0,1868.0,5.227271333333333
135.16666666666666,1905.0,5.454544
135.33333333333334,1890.0,5.227271333333333
135.5,1936.0,5.227271333333333
135.66666666666666,2065.0,4.9431805
135.66666666666666,2113.0,5.2840895
135.75,2027.0,5.2840895
135.91666666666666,2058.0,5.2840895
136.08333333333334,2248.0,4.9431805
136.25,2260.0,4.8863623333333335
136.33333333333334,2105.0,4.8295441666666665
136.5,1930.0,4.659089666666667
136.66666666666666,1930.0,4.659089666666667
136.83333333333334,1914.0,5.227271333333333
136.91666666666666,2018.0,6.022725666666667
137.08333333333334,1992.0,4.9999986666666665
137.16666666666666,1919.0,5.2840895
137.16666666666666,1793.0,5.2840895
137.16666666666666,1907.0,5.2840895
137.33333333333334,1935.0,5.2840895
137.33333333333334,1910.0,4.7159078333333335
137.5,1766.0,4.7159078333333335
137.66666666666666,1671.0,4.7159078333333335
137.83333333333334,1774.0,5.227271333333333
138.0,1927.0,5.227271333333333
138.08333333333334,2053.0,5.170453166666666
138.16666666666666,2135.0,2.6136356666666667
138.16666666666666,2118.0,5.397725833333334
138.16666666666666,2122.0,5.397725833333334
138.25,2128.0,0.9659088333333334
138.33333333333334,2000.0,0.9659088333333334
138.33333333333334,1942.0,2.272726666666667
138.41666666666666,1884.0,1.6477268333333333
138.58333333333334,1820.0,4.8295441666666665
138.75,1761.0,4.8295441666666665
138.83333333333334,1757.0,4.6022715000000005
138.91666666666666,1813.0,4.261362500000001
139.08333333333334,1904.0,4.261362500000001
139.16666666666666,2003.0,4.8295441666666665
139.25,2221.0,4.8295441666666665
139.41666666666666,2319.0,4.8295441666666665
139.58333333333334,2320.0,4.9999986666666665
139.66666666666666,2284.0,6.249998333333333
139.66666666666666,2169.0,4.431817000000001
139.66666666666666,2006.0,4.431817000000001
139.75,2004.0,4.431817000000001
139.91666666666666,1966.0,4.431817000000001
140.08333333333334,1963.0,5.113635
140.16666666666666,1931.0,4.7727260000000005
140.25,1908.0,4.545453333333334
140.33333333333334,1935.0,4.545453333333334
140.5,1974.0,5.170453166666666
140.66666666666666,2089.0,5.056816833333333
140.75,2152.0,5.056816833333333
140.91666666666666,2179.0,4.8863623333333335
140.91666666666666,2179.0,4.545453333333334
140.91666666666666,2224.0,4.545453333333334
141.08333333333334,2249.0,4.545453333333334
141.25,2262.0,4.9431805
141.41666666666666,2268.0,4.9431805
141.5,2268.0,4.374998833333334
141.66666666666666,2293.0,4.6022715000000005
141.83333333333334,2214.0,4.6022715000000005
142.0,2116.0,4.8863623333333335
142.08333333333334,2047.0,4.9999986666666665
142.25,2040.0,4.8295441666666665
142.33333333333334,2137.0,4.6022715000000005
142.33333333333334,2223.0,4.6022715000000005
142.41666666666666,2239.0,4.6022715000000005
142.5,2249.0,5.056816833333333
142.58333333333334,2271.0,4.374998833333334
142.75,2361.0,4.374998833333334
142.83333333333334,2375.0,4.431817000000001
143.0,2369.0,4.431817000000001
143.16666666666666,2369.0,4.659089666666667
143.16666666666666,2309.0,4.8863623333333335
143.25,2185.0,4.8863623333333335
143.41666666666666,2109.0,4.8863623333333335
143.5,2104.0,4.8295441666666665
143.66666666666666,2184.0,4.8295441666666665
143.66666666666666,2237.0,4.374998833333334
143.75,2232.0,4.374998833333334
143.83333333333334,2261.0,4.9999986666666665
143.83333333333334,2330.0,4.9999986666666665
143.91666666666666,2287.0,4.9999986666666665
144.08333333333334,2184.0,4.9999986666666665
144.16666666666666,2152.0,4.431817000000001
144.33333333333334,2146.0,4.431817000000001
144.41666666666666,2095.0,4.374998833333334
144.41666666666666,1962.0,4.261362500000001
144.5,1927.0,1.5340905
144.66666666666666,1984.0,4.659089666666667
144.83333333333334,2082.0,4.8863623333333335
145.0,2105.0,4.8863623333333335
145.08333333333334,2109.0,4.6022715000000005
145.25,2118.0,4.6022715000000005
145.25,2111.0,5.6249985
145.25,2099.0,5.6249985
145.33333333333334,2099.0,1.1363633333333334
145.33333333333334,2135.0,1.1363633333333334
145.5,2185.0,1.5340905
145.66666666666666,2216.0,3.9204535000000003
145.66666666666666,2227.0,5.170453166666666
145.83333333333334,2193.0,5.170453166666666
145.91666666666666,2151.0,5.340907666666666
146.08333333333334,2101.0,4.261362500000001
146.25,2088.0,4.261362500000001
146.25,1969.0,5.056816833333333
146.25,1870.0,5.056816833333333
146.33333333333334,1923.0,1.1363633333333334
146.33333333333334,2084.0,1.1363633333333334
146.41666666666666,2223.0,1.5909086666666667
146.5,2159.0,1.5909086666666667
146.66666666666666,2143.0,2.3295448333333333
146.83333333333334,2193.0,4.147726166666667
146.91666666666666,2225.0,5.340907666666666
147.08333333333334,2199.0,4.9999986666666665
147.08333333333334,2099.0,4.659089666666667
147.25,2044.0,4.659089666666667
147.41666666666666,2057.0,4.545453333333334
147.5,2126.0,4.204544333333334
147.58333333333334,2103.0,4.7159078333333335
147.66666666666666,2093.0,4.7159078333333335
147.83333333333334,2162.0,4.374998833333334
147.91666666666666,2288.0,4.204544333333334
147.91666666666666,2401.0,3.9772716666666668
147.91666666666666,2470.0,3.9772716666666668
148.08333333333334,2475.0,3.9772716666666668
148.25,2423.0,4.318180666666667
148.33333333333334,2325.0,4.7727260000000005
148.5,2316.0,4.6022715000000005
148.58333333333334,2253.0,4.374998833333334
148.66666666666666,2238.0,4.374998833333334
148.75,2135.0,5.170453166666666
148.91666666666666,2130.0,4.488635166666667
149.0,2217.0,3.9772716666666668
149.16666666666666,2307.0,4.374998833333334
149.33333333333334,2284.0,4.374998833333334
149.41666666666666,2138.0,5.170453166666666
149.5,2126.0,3.8636353333333338
149.58333333333334,2126.0,2.3863630000000002
149.75,2161.0,4.545453333333334
149.83333333333334,2136.0,4.147726166666667
150.0,2012.0,4.147726166666667
150.16666666666666,2071.0,4.8863623333333335
150.25,2072.0,4.204544333333334
150.33333333333334,2237.0,4.090908000000001
150.5,2383.0,4.090908000000001
150.58333333333334,2522.0,4.431817000000001
150.75,2588.0,4.431817000000001
150.83333333333334,2555.0,4.147726166666667
150.91666666666666,2427.0,4.090908000000001
151.0,2195.0,2.2159085000000003
151.0,2115.0,2.2159085000000003
151.08333333333334,2103.0,1.4204541666666668
151.25,2118.0,4.090908000000001
151.33333333333334,2088.0,4.090908000000001
151.5,2055.0,4.090908000000001
151.58333333333334,2062.0,4.318180666666667
151.75,2062.0,4.090908000000001
151.83333333333334,2150.0,4.204544333333334
152.0,2264.0,4.261362500000001
152.08333333333334,2294.0,3.8636353333333338
152.25,2338.0,3.8636353333333338
152.33333333333334,2389.0,4.034089833333334
152.5,2417.0,4.034089833333334
152.58333333333334,2330.0,4.090908000000001
152.58333333333334,2193.0,4.261362500000001
152.66666666666666,2041.0,1.9318176666666669
152.75,1989.0,2.102272166666667
152.91666666666666,2047.0,2.102272166666667
152.91666666666666,2060.0,3.8636353333333338
153.08333333333334,2018.0,3.8636353333333338
153.16666666666666,2023.0,4.8295441666666665
153.33333333333334,2202.0,4.8295441666666665
153.41666666666666,2436.0,4.204544333333334
153.5,2596.0,4.374998833333334
153.58333333333334,2578.0,4.374998833333334
153.75,2358.0,4.374998833333334
153.83333333333334,2278.0,4.261362500000001
154.0,2290.0,4.147726166666667
154.08333333333334,2275.0,3.9204535000000003
154.16666666666666,2179.0,4.147726166666667
154.33333333333334,2179.0,4.147726166666667
154.41666666666666,2078.0,4.204544333333334
154.58333333333334,2076.0,4.204544333333334
154.66666666666666,2092.0,4.090908000000001
154.83333333333334,2114.0,4.090908000000001
154.91666666666666,2163.0,3.522726333333334
155.08333333333334,2306.0,4.034089833333334
155.16666666666666,2403.0,4.261362500000001
155.33333333333334,2405.0,4.147726166666667
155.41666666666666,2288.0,3.4659081666666665
155.5,2195.0,3.806817166666667
155.66666666666666,2163.0,3.806817166666667
155.75,2193.0,4.261362500000001
155.83333333333334,2209.0,4.659089666666667
155.83333333333334,2199.0,4.659089666666667
155.83333333333334,2230.0,4.659089666666667
155.83333333333334,2275.0,4.659089666666667
156.0,2285.0,4.659089666666667
156.08333333333334,2206.0,4.204544333333334
156.16666666666666,2274.0,3.4659081666666665
156.33333333333334,2341.0,4.034089833333334
156.41666666666666,2308.0,4.034089833333334
156.58333333333334,2126.0,4.034089833333334
156.66666666666666,2034.0,4.090908000000001
156.75,2130.0,3.8636353333333338
156.83333333333334,2192.0,3.8636353333333338
157.0,2201.0,3.8636353333333338
157.08333333333334,2071.0,4.034089833333334
157.16666666666666,2091.0,4.090908000000001
157.33333333333334,2188.0,4.090908000000001
157.41666666666666,2241.0,3.8636353333333338
157.58333333333334,2213.0,3.9772716666666668
157.66666666666666,2201.0,4.090908000000001
157.75,2251.0,4.261362500000001
157.91666666666666,2266.0,4.261362500000001
158.0,2241.0,4.204544333333334
158.16666666666666,2228.0,4.204544333333334
158.16666666666666,2245.0,3.9204535000000003
158.16666666666666,2253.0,3.9204535000000003
158.25,2207.0,3.9204535000000003
158.33333333333334,1980.0,4.318180666666667
158.41666666666666,1995.0,3.7499990000000003
158.5,2065.0,3.7499990000000003
158.5,2065.0,1.761363166666667
158.66666666666666,2074.0,1.8749995000000002
158.75,1978.0,3.9204535000000003
158.75,1989.0,4.204544333333334
158.83333333333334,1990.0,4.204544333333334
158.91666666666666,2199.0,3.693180833333334
159.08333333333334,2190.0,3.693180833333334
159.16666666666666,2145.0,4.545453333333334
159.33333333333334,2199.0,4.545453333333334
159.41666666666666,2281.0,4.7159078333333335
159.5,2321.0,3.8636353333333338
159.58333333333334,2210.0,3.7499990000000003
159.75,1917.0,3.7499990000000003
159.75,1498.0,4.261362500000001
159.75,969.0,4.261362500000001
159.91666666666666,472.0,4.261362500000001
160.0,160.0,3.4659081666666665
160.0,56.0,3.352271833333334
160.08333333333334,54.0,1.704545
160.16666666666666,141.0,3.7499990000000003
160.25,413.0,3.0113628333333335
160.33333333333334,471.0,3.1818173333333335
160.41666666666666,346.0,2.8977265
160.41666666666666,240.0,2.8977265
160.41666666666666,373.0,2.8977265
160.5,811.0,0.8522725
160.58333333333334,1012.0,2.4431811666666667
160.66666666666666,1086.0,2.4431811666666667
160.66666666666666,1108.0,1.9318176666666669
160.75,1246.0,1.9318176666666669
160.75,1329.0,1.4772723333333333
160.75,1362.0,1.4772723333333333
160.75,1363.0,1.4772723333333333
160.75,1466.0,1.4772723333333333
160.75,1461.0,1.4772723333333333
160.75,1448.0,1.4772723333333333
160.75,1478.0,1.4772723333333333
160.75,1420.0,1.4772723333333333
160.75,793.0,1.4772723333333333
160.75,388.0,1.4772723333333333
160.75,151.0,1.4772723333333333
160.75,25.0,1.4772723333333333
160.75,25.0,1.4772723333333333
160.75,0.0,1.4772723333333333
160.75,0.0,1.4772723333333333
160.75,1.0,1.4772723333333333
160.75,0.0,1.4772723333333333
160.75,0.0,1.4772723333333333
160.75,0.0,1.4772723333333333
160.75,0.0,1.4772723333333333
160.83333333333334,0.0,0.11363633333333334
160.83333333333334,0.0,0.11363633333333334
160.83333333333334,0.0,0.11363633333333334
160.83333333333334,0.0,0.11363633333333334
160.83333333333334,0.0,0.11363633333333334
160.83333333333334,0.0,0.11363633333333334
160.83333333333334,0.0,0.11363633333333334
160.83333333333334,0.0,0.11363633333333334
160.83333333333334,0.0,0.11363633333333334
160.83333333333334,1.0,0.11363633333333334
160.83333333333334,0.0,0.11363633333333334
160.91666666666666,0.0,0.22727266666666668
160.91666666666666,0.0,0.22727266666666668
160.91666666666666,0.0,0.22727266666666668
160.91666666666666,1.0,0.22727266666666668
160.91666666666666,0.0,0.22727266666666668
160.91666666666666,0.0,0.22727266666666668
160.91666666666666,1.0,0.22727266666666668
160.91666666666666,0.0,0.22727266666666668
160.91666666666666,1.0,0.22727266666666668
160.91666666666666,0.0,0.22727266666666668
160.91666666666666,0.0,0.22727266666666668
160.91666666666666,0.0,0.22727266666666668
160.91666666666666,0.0,0.22727266666666668
160.91666666666666,0.0,0.22727266666666668
160.91666666666666,0.0,0.22727266666666668
160.91666666666666,0.0,0.22727266666666668
160.91666666666666,0.0,0.22727266666666668
160.91666666666666,1.0,0.22727266666666668
160.91666666666666,0.0,0.22727266666666668
160.91666666666666,0.0,0.22727266666666668
160.91666666666666,0.0,0.22727266666666668
160.91666666666666,0.0,0.22727266666666668
160.91666666666666,0.0,0.22727266666666668
160.91666666666666,0.0,0.22727266666666668
160.91666666666666,0.0,0.22727266666666668
160.91666666666666,1.0,0.22727266666666668
160.91666666666666,1.0,0.22727266666666668
160.91666666666666,1.0,0.22727266666666668
160.91666666666666,0.0,0.22727266666666668
160.91666666666666,0.0,0.22727266666666668
160.91666666666666,0.0,0.22727266666666668
160.91666666666666,0.0,0.22727266666666668
160.91666666666666,0.0,0.22727266666666668
160.91666666666666,0.0,0.22727266666666668
160.91666666666666,0.0,0.22727266666666668
160.91666666666666,0.0,0.22727266666666668
160.91666666666666,0.0,0.22727266666666668
160.91666666666666,0.0,0.22727266666666668
160.91666666666666,0.0,0.22727266666666668
160.91666666666666,0.0,0.22727266666666668
160.91666666666666,1.0,0.22727266666666668
160.91666666666666,0.0,0.22727266666666668
160.91666666666666,0.0,0.22727266666666668
160.91666666666666,0.0,0.22727266666666668
160.91666666666666,0.0,0.22727266666666668
160.91666666666666,1.0,0.22727266666666668
160.91666666666666,0.0,0.22727266666666668
160.91666666666666,1.0,0.22727266666666668
160.91666666666666,0.0,0.22727266666666668
160.91666666666666,0.0,0.22727266666666668
160.91666666666666,0.0,0.0
160.91666666666666,0.0,0.0
160.91666666666666,0.0,0.0
160.91666666666666,0.0,0.0
160.91666666666666,0.0,0.0
160.91666666666666,0.0,0.0
160.91666666666666,0.0,0.0
160.91666666666666,0.0,0.0
160.91666666666666,0.0,0.0
160.91666666666666,0.0,0.0
160.91666666666666,0.0,0.0
160.91666666666666,0.0,0.0
160.91666666666666,0.0,0.0
160.91666666666666,0.0,0.0
160.91666666666666,1.0,0.0
160.91666666666666,0.0,0.0
160.91666666666666,0.0,0.0
160.91666666666666,0.0,0.0
160.91666666666666,0.0,0.0
160.91666666666666,0.0,0.0
160.91666666666666,0.0,0.0
160.91666666666666,0.0,0.0
160.91666666666666,0.0,0.0
160.91666666666666,0.0,0.0
160.91666666666666,0.0,0.0
160.91666666666666,0.0,0.0
160.91666666666666,0.0,0.0
160.91666666666666,0.0,0.0
160.91666666666666,0.0,0.0
160.91666666666666,0.0,0.0
160.91666666666666,0.0,0.0
160.91666666666666,0.0,0.0
160.91666666666666,0.0,0.0
160.91666666666666,0.0,0.0
160.91666666666666,0.0,0.0
160.91666666666666,0.0,0.0
160.91666666666666,0.0,0.0
160.91666666666666,0.0,0.0
160.91666666666666,0.0,0.0
160.91666666666666,0.0,0.0
160.91666666666666,0.0,0.0
160.91666666666666,0.0,0.0
160.91666666666666,0.0,0.0
160.91666666666666,0.0,0.0
160.91666666666666,0.0,0.0
160.91666666666666,0.0,0.0
160.91666666666666,0.0,0.0
160.91666666666666,0.0,0.0
160.91666666666666,0.0,0.0
160.91666666666666,0.0,0.0
160.91666666666666,0.0,0.0
160.91666666666666,0.0,0.0
160.91666666666666,0.0,0.0
160.91666666666666,0.0,0.0
160.91666666666666,0.0,0.0
160.91666666666666,0.0,0.0
160.91666666666666,0.0,0.0
160.91666666666666,0.0,0.0
160.91666666666666,0.0,0.0
160.91666666666666,0.0,0.0
160.91666666666666,0.0,0.0
160.91666666666666,0.0,0.0
160.91666666666666,0.0,0.0
160.91666666666666,0.0,0.0
160.91666666666666,0.0,0.0
160.91666666666666,1.0,0.0
160.91666666666666,0.0,0.0
160.91666666666666,0.0,0.0
160.91666666666666,0.0,0.0
160.91666666666666,0.0,0.0
160.91666666666666,0.0,0.0
160.91666666666666,0.0,0.0
160.91666666666666,0.0,0.0
160.91666666666666,0.0,0.0
160.91666666666666,0.0,0.0
160.91666666666666,0.0,0.0
160.91666666666666,0.0,0.0
160.91666666666666,0.0,0.0
160.91666666666666,0.0,0.0
160.91666666666666,1.0,0.0
160.91666666666666,0.0,0.0
160.91666666666666,0.0,0.0
160.91666666666666,0.0,0.0
160.91666666666666,0.0,0.0
160.91666666666666,1.0,0.0
160.91666666666666,0.0,0.0
160.91666666666666,0.0,0.0
160.91666666666666,1.0,0.0
160.91666666666666,0.0,0.0
160.91666666666666,0.0,0.0
160.91666666666666,0.0,0.0
160.91666666666666,0.0,0.0
160.91666666666666,0.0,0.0
160.91666666666666,0.0,0.0
160.91666666666666,0.0,0.0
160.91666666666666,0.0,0.0
160.91666666666666,1.0,0.0
160.91666666666666,0.0,0.0
160.91666666666666,0.0,0.0
160.91666666666666,0.0,0.0
160.91666666666666,0.0,0.0
160.91666666666666,0.0,0.0
160.91666666666666,0.0,0.0
160.91666666666666,0.0,0.0
160.91666666666666,0.0,0.0
160.91666666666666,0.0,0.0
160.91666666666666,0.0,0.0
160.91666666666666,0.0,0.0
160.91666666666666,0.0,0.0
160.91666666666666,0.0,0.0
160.91666666666666,1.0,0.0
160.91666666666666,0.0,0.0
160.91666666666666,0.0,0.0
160.91666666666666,0.0,0.0
160.91666666666666,0.0,0.0
160.91666666666666,0.0,0.0
160.91666666666666,0.0,0.0
160.91666666666666,0.0,0.0
160.91666666666666,1.0,0.0
160.91666666666666,0.0,0.0
160.91666666666666,0.0,0.0
160.91666666666666,0.0,0.0
160.91666666666666,0.0,0.0
160.91666666666666,0.0,0.0
160.91666666666666,0.0,0.0
160.91666666666666,0.0,0.0
160.91666666666666,0.0,0.0
160.91666666666666,0.0,0.0
160.91666666666666,0.0,0.0
160.91666666666666,0.0,0.0
160.91666666666666,1.0,0.0
160.91666666666666,0.0,0.0
160.91666666666666,0.0,0.0
160.91666666666666,0.0,0.0
160.91666666666666,0.0,0.0
160.91666666666666,0.0,0.0
160.91666666666666,0.0,0.0
160.91666666666666,1.0,0.0
160.91666666666666,0.0,0.0
160.91666666666666,0.0,0.0
160.91666666666666,0.0,0.0
160.91666666666666,0.0,0.0
160.91666666666666,0.0,0.0
160.91666666666666,0.0,0.0
160.91666666666666,0.0,0.0
160.91666666666666,0.0,0.0
160.91666666666666,0.0,0.0
160.91666666666666,0.0,0.0
160.91666666666666,0.0,0.0
160.91666666666666,0.0,0.0
160.91666666666666,0.0,0.0
160.91666666666666,0.0,0.0
160.91666666666666,0.0,0.0
160.91666666666666,0.0,0.0
160.91666666666666,0.0,0.0
160.91666666666666,0.0,0.0
160.91666666666666,0.0,0.0
160.91666666666666,0.0,0.0
160.91666666666666,0.0,0.0
160.91666666666666,0.0,0.0
160.91666666666666,0.0,0.0
160.91666666666666,0.0,0.0
160.91666666666666,0.0,0.0
160.91666666666666,0.0,0.0
160.91666666666666,0.0,0.0
160.91666666666666,0.0,0.0
160.91666666666666,0.0,0.0
160.91666666666666,0.0,0.0
160.91666666666666,1.0,0.0
160.91666666666666,0.0,0.0
160.91666666666666,0.0,0.0
160.91666666666666,0.0,0.0
160.91666666666666,0.0,0.0
160.91666666666666,0.0,0.0
160.91666666666666,0.0,0.0
160.91666666666666,0.0,0.0
160.91666666666666,0.0,0.0
160.91666666666666,0.0,0.0
160.91666666666666,0.0,0.0
160.91666666666666,0.0,0.0
160.91666666666666,0.0,0.0
160.91666666666666,0.0,0.0
160.91666666666666,0.0,0.0
160.91666666666666,0.0,0.0
160.91666666666666,0.0,0.0
160.91666666666666,0.0,0.0
160.91666666666666,0.0,0.0
160.91666666666666,0.0,0.0
160.91666666666666,0.0,0.0
160.91666666666666,0.0,0.0
160.91666666666666,0.0,0.0
160.91666666666666,0.0,0.0
160.91666666666666,0.0,0.0
160.91666666666666,0.0,0.0
160.91666666666666,0.0,0.0
160.91666666666666,0.0,0.0
160.91666666666666,0.0,0.0
160.91666666666666,0.0,0.0
160.91666666666666,0.0,0.0
160.91666666666666,0.0,0.0
160.91666666666666,0.0,0.0
160.91666666666666,0.0,0.0
160.91666666666666,0.0,0.0
160.91666666666666,0.0,0.0
160.91666666666666,0.0,0.0
160.91666666666666,0.0,0.0
160.91666666666666,0.0,0.0
160.91666666666666,0.0,0.0
160.91666666666666,0.0,0.0
160.91666666666666,0.0,0.0
160.91666666666666,0.0,0.0
160.91666666666666,0.0,0.0
160.91666666666666,0.0,0.0
160.91666666666666,0.0,0.0
160.91666666666666,0.0,0.0
160.91666666666666,0.0,0.0
160.91666666666666,0.0,0.0
160.91666666666666,0.0,0.0
160.91666666666666,0.0,0.0
160.91666666666666,0.0,0.0
160.91666666666666,0.0,0.0
160.91666666666666,0.0,0.0
160.91666666666666,0.0,0.0
160.91666666666666,0.0,0.0
160.91666666666666,0.0,0.0
160.91666666666666,1.0,0.0
160.91666666666666,0.0,0.0
160.91666666666666,0.0,0.0
160.91666666666666,0.0,0.0
160.91666666666666,1.0,0.0
160.91666666666666,1.0,0.0
160.91666666666666,0.0,0.0
160.91666666666666,0.0,0.0
160.91666666666666,0.0,0.0
160.91666666666666,0.0,0.0
160.91666666666666,0.0,0.0
160.91666666666666,0.0,0.0
160.91666666666666,0.0,0.0
160.91666666666666,0.0,0.0
160.91666666666666,0.0,0.0
160.91666666666666,0.0,0.0
160.91666666666666,0.0,0.0
160.91666666666666,0.0,0.0
160.91666666666666,0.0,0.0
160.91666666666666,0.0,0.0
160.91666666666666,1.0,0.0
160.91666666666666,0.0,0.0
160.91666666666666,0.0,0.0
160.91666666666666,1.0,0.0
160.91666666666666,1.0,0.0
160.91666666666666,0.0,0.0
160.91666666666666,0.0,0.0
160.91666666666666,1.0,0.0
160.91666666666666,0.0,0.0
160.91666666666666,0.0,0.0
160.91666666666666,0.0,0.0
160.91666666666666,0.0,0.0
160.91666666666666,0.0,0.0
160.91666666666666,0.0,0.0
160.91666666666666,0.0,0.0
160.91666666666666,0.0,0.0
160.91666666666666,0.0,0.0
160.91666666666666,0.0,0.0
160.91666666666666,0.0,0.0
160.91666666666666,0.0,0.0
160.91666666666666,0.0,0.0
160.91666666666666,0.0,0.0
160.91666666666666,0.0,0.0
160.91666666666666,0.0,0.0
160.91666666666666,0.0,0.0
160.91666666666666,0.0,0.0
160.91666666666666,1.0,0.0
160.91666666666666,0.0,0.0
160.91666666666666,0.0,0.0
160.91666666666666,0.0,0.0
160.91666666666666,0.0,0.0
160.91666666666666,0.0,0.0
160.91666666666666,0.0,0.0
160.91666666666666,0.0,0.0
160.91666666666666,1.0,0.0
160.91666666666666,0.0,0.0
160.91666666666666,0.0,0.0
160.91666666666666,0.0,0.0
160.91666666666666,0.0,0.0
160.91666666666666,0.0,0.0
160.91666666666666,0.0,0.0
160.91666666666666,1.0,0.0
160.91666666666666,0.0,0.0
160.91666666666666,0.0,0.0
160.91666666666666,0.0,0.0
160.91666666666666,0.0,0.0
160.91666666666666,0.0,0.0
160.91666666666666,0.0,0.0
160.91666666666666,0.0,0.0
160.91666666666666,0.0,0.0
160.91666666666666,0.0,0.0
160.91666666666666,0.0,0.0
160.91666666666666,0.0,0.0
160.91666666666666,0.0,0.0
160.91666666666666,0.0,0.0
160.91666666666666,0.0,0.0
160.91666666666666,0.0,0.0
160.91666666666666,0.0,0.0
160.91666666666666,1.0,0.0
160.91666666666666,0.0,0.0
160.91666666666666,0.0,0.0
160.91666666666666,0.0,0.0
160.91666666666666,0.0,0.0
160.91666666666666,0.0,0.0
160.91666666666666,0.0,0.0
160.91666666666666,0.0,0.0
160.91666666666666,0.0,0.0
160.91666666666666,0.0,0.0
160.91666666666666,0.0,0.0
160.91666666666666,0.0,0.0
160.91666666666666,0.0,0.0
160.91666666666666,0.0,0.0
160.91666666666666,0.0,0.0
160.91666666666666,0.0,0.0
160.91666666666666,0.0,0.0
160.91666666666666,0.0,0.0
160.91666666666666,0.0,0.0
160.91666666666666,0.0,0.0
160.91666666666666,0.0,0.0
160.91666666666666,0.0,0.0
160.91666666666666,0.0,0.0
160.91666666666666,0.0,0.0
160.91666666666666,0.0,0.0
160.91666666666666,0.0,0.0
160.91666666666666,0.0,0.0
160.91666666666666,0.0,0.0
160.91666666666666,0.0,0.0
160.91666666666666,0.0,0.0
160.91666666666666,0.0,0.0
160.91666666666666,0.0,0.0
160.91666666666666,0.0,0.0
160.91666666666666,0.0,0.0
160.91666666666666,0.0,0.0
160.91666666666666,0.0,0.0
160.91666666666666,0.0,0.0
160.91666666666666,0.0,0.0
160.91666666666666,0.0,0.0
160.91666666666666,1.0,0.0
160.91666666666666,0.0,0.0
160.91666666666666,0.0,0.0
160.91666666666666,0.0,0.0
160.91666666666666,0.0,0.0
160.91666666666666,0.0,0.0
160.91666666666666,0.0,0.0
160.91666666666666,0.0,0.0
160.91666666666666,0.0,0.0
160.91666666666666,0.0,0.0
160.91666666666666,0.0,0.0
160.91666666666666,0.0,0.0
160.91666666666666,1.0,0.0
160.91666666666666,1.0,0.0
160.91666666666666,0.0,0.0
160.91666666666666,0.0,0.0
160.91666666666666,0.0,0.0
160.91666666666666,0.0,0.0
160.91666666666666,0.0,0.0
160.91666666666666,0.0,0.0
160.91666666666666,0.0,0.0
160.91666666666666,0.0,0.0
160.91666666666666,0.0,0.0
160.91666666666666,0.0,0.0
160.91666666666666,0.0,0.0
160.91666666666666,0.0,0.0
160.91666666666666,0.0,0.0
160.91666666666666,1.0,0.0
160.91666666666666,0.0,0.0
160.91666666666666,0.0,0.0
160.91666666666666,0.0,0.0
160.91666666666666,0.0,0.0
160.91666666666666,1.0,0.0
160.91666666666666,0.0,0.0
160.91666666666666,0.0,0.0
160.91666666666666,0.0,0.0
160.91666666666666,0.0,0.0
160.91666666666666,0.0,0.0
160.91666666666666,1.0,0.0
160.91666666666666,0.0,0.0
160.91666666666666,0.0,0.0
160.91666666666666,0.0,0.0
160.91666666666666,0.0,0.0
160.91666666666666,0.0,0.0
160.91666666666666,0.0,0.0
160.91666666666666,0.0,0.0
160.91666666666666,0.0,0.0
160.91666666666666,0.0,0.0
160.91666666666666,0.0,0.0
160.91666666666666,0.0,0.0
160.91666666666666,0.0,0.0
160.91666666666666,1.0,0.0
160.91666666666666,1.0,0.0
160.91666666666666,1.0,0.0
160.91666666666666,1.0,0.0
160.91666666666666,0.0,0.0
160.91666666666666,0.0,0.0
160.91666666666666,0.0,0.0
160.91666666666666,0.0,0.0
160.91666666666666,0.0,0.0
160.91666666666666,0.0,0.0
160.91666666666666,0.0,0.0
160.91666666666666,0.0,0.0
160.91666666666666,0.0,0.0
160.91666666666666,0.0,0.0
160.91666666666666,0.0,0.0
160.91666666666666,0.0,0.0
160.91666666666666,0.0,0.0
160.91666666666666,0.0,0.0
160.91666666666666,0.0,0.0
160.91666666666666,0.0,0.0
160.91666666666666,0.0,0.0
160.91666666666666,0.0,0.0
160.91666666666666,0.0,0.0
160.91666666666666,0.0,0.0
160.91666666666666,1.0,0.0
160.91666666666666,0.0,0.0
160.91666666666666,0.0,0.0
160.91666666666666,0.0,0.0
160.91666666666666,0.0,0.0
160.91666666666666,0.0,0.0
160.91666666666666,0.0,0.0
160.91666666666666,0.0,0.0
160.91666666666666,0.0,0.0
160.91666666666666,0.0,0.0
160.91666666666666,0.0,0.0
160.91666666666666,0.0,0.0
160.91666666666666,0.0,0.0
160.91666666666666,0.0,0.0
160.91666666666666,0.0,0.0
160.91666666666666,0.0,0.0
160.91666666666666,1.0,0.0
160.91666666666666,1.0,0.0
160.91666666666666,0.0,0.0
160.91666666666666,0.0,0.0
160.91666666666666,0.0,0.0
160.91666666666666,0.0,0.0
160.91666666666666,0.0,0.0
160.91666666666666,0.0,0.0
160.91666666666666,0.0,0.0
160.91666666666666,0.0,0.0
160.91666666666666,0.0,0.0
160.91666666666666,1.0,0.0
160.91666666666666,0.0,0.0
160.91666666666666,0.0,0.0
160.91666666666666,0.0,0.0
160.91666666666666,0.0,0.0
160.91666666666666,0.0,0.0
160.91666666666666,0.0,0.0
160.91666666666666,0.0,0.0
160.91666666666666,0.0,0.0
160.91666666666666,0.0,0.0
160.91666666666666,0.0,0.0
160.91666666666666,0.0,0.0
160.91666666666666,0.0,0.0
160.91666666666666,0.0,0.0
160.91666666666666,0.0,0.0
160.91666666666666,0.0,0.0
160.91666666666666,0.0,0.0
160.91666666666666,1.0,0.0
160.91666666666666,0.0,0.0
160.91666666666666,0.0,0.0
160.91666666666666,0.0,0.0
160.91666666666666,0.0,0.0
160.91666666666666,0.0,0.0
160.91666666666666,0.0,0.0
160.91666666666666,0.0,0.0
160.91666666666666,0.0,0.0
160.91666666666666,0.0,0.0
160.91666666666666,0.0,0.0
160.91666666666666,0.0,0.0
160.91666666666666,0.0,0.0
160.91666666666666,1.0,0.0
160.91666666666666,0.0,0.0
160.91666666666666,0.0,0.0
160.91666666666666,0.0,0.0
160.91666666666666,0.0,0.0
160.91666666666666,1.0,0.0
160.91666666666666,0.0,0.0
160.91666666666666,0.0,0.0
160.91666666666666,0.0,0.0
160.91666666666666,0.0,0.0
160.91666666666666,0.0,0.0
160.91666666666666,0.0,0.0
160.91666666666666,0.0,0.0
160.91666666666666,0.0,0.0
160.91666666666666,0.0,0.0
160.91666666666666,0.0,0.0
160.91666666666666,0.0,0.0
160.91666666666666,0.0,0.0
160.91666666666666,0.0,0.0
160.91666666666666,0.0,0.0
160.91666666666666,0.0,0.0
160.91666666666666,0.0,0.0
160.91666666666666,0.0,0.0
160.91666666666666,0.0,0.0
160.91666666666666,0.0,0.0
160.91666666666666,0.0,0.0
160.91666666666666,0.0,0.0
160.91666666666666,0.0,0.0
160.91666666666666,0.0,0.0
160.91666666666666,0.0,0.0
160.91666666666666,1.0,0.0
160.91666666666666,0.0,0.0
160.91666666666666,0.0,0.0
160.91666666666666,0.0,0.0
160.91666666666666,0.0,0.0
160.91666666666666,0.0,0.0
160.91666666666666,0.0,0.0
160.91666666666666,1.0,0.0
160.91666666666666,0.0,0.0
160.91666666666666,0.0,0.0
160.91666666666666,0.0,0.0
160.91666666666666,0.0,0.0
160.91666666666666,0.0,0.0
160.91666666666666,0.0,0.0
160.91666666666666,0.0,0.0
160.91666666666666,0.0,0.0
160.91666666666666,0.0,0.0
160.91666666666666,0.0,0.0
160.91666666666666,0.0,0.0
160.91666666666666,0.0,0.0
160.91666666666666,0.0,0.0
160.91666666666666,0.0,0.0
160.91666666666666,0.0,0.0
160.91666666666666,0.0,0.0
160.91666666666666,0.0,0.0
160.91666666666666,0.0,0.0
160.91666666666666,0.0,0.0
160.91666666666666,0.0,0.0
160.91666666666666,0.0,0.0
160.91666666666666,0.0,0.0
160.91666666666666,0.0,0.0
160.91666666666666,0.0,0.0
160.91666666666666,0.0,0.0
160.91666666666666,0.0,0.0
160.91666666666666,0.0,0.0
160.91666666666666,0.0,0.0
160.91666666666666,0.0,0.0
160.91666666666666,0.0,0.0
160.91666666666666,0.0,0.0
160.91666666666666,0.0,0.0
160.91666666666666,0.0,0.0
160.91666666666666,0.0,0.0
160.91666666666666,0.0,0.0
