0.0,0.0,0.0
0.0,0.0,0.0
0.0,0.0,0.0
0.0,0.0,0.0
0.0,0.0,0.0
0.0,0.0,0.0
0.0,0.0,0.0
0.0,0.0,0.0
0.0,0.0,0.0
0.0,0.0,0.0
0.0,0.0,0.0
0.0,0.0,0.0
0.0,0.0,0.0
0.0,0.0,0.0
0.0,0.0,0.0
0.0,0.0,0.0
0.0,1.0,0.0
0.0,0.0,0.0
0.0,0.0,0.0
0.0,0.0,0.0
0.0,0.0,0.0
0.0,0.0,0.0
0.0,0.0,0.0
0.0,0.0,0.0
0.0,0.0,0.0
0.0,0.0,0.0
0.0,1.0,0.0
0.0,0.0,0.0
0.0,0.0,0.0
0.0,0.0,0.0
0.0,0.0,0.0
0.0,0.0,0.0
0.0,0.0,0.0
0.0,1.0,0.0
0.0,0.0,0.0
0.0,0.0,0.0
0.0,0.0,0.0
0.0,0.0,0.0
0.0,0.0,0.0
0.0,0.0,0.0
0.0,0.0,0.0
0.0,0.0,0.0
0.0,0.0,0.0
0.0,0.0,0.0
0.0,0.0,0.0
0.0,0.0,0.0
0.0,0.0,0.0
0.0,0.0,0.0
0.0,0.0,0.0
0.0,0.0,0.0
0.0,0.0,0.0
0.0,0.0,0.0
0.0,0.0,0.0
0.0,0.0,0.0
0.0,0.0,0.0
0.0,0.0,0.0
0.0,0.0,0.0
0.0,1.0,0.0
0.0,0.0,0.0
0.0,0.0,0.0
0.0,0.0,0.0
0.0,0.0,0.0
0.0,0.0,0.0
0.0,0.0,0.0
0.0,0.0,0.0
0.0,0.0,0.0
0.0,0.0,0.0
0.0,0.0,0.0
0.0,0.0,0.0
0.0,0.0,0.0
0.0,0.0,0.0
0.0,0.0,0.0
0.0,0.0,0.0
0.0,0.0,0.0
0.0,0.0,0.0
0.0,0.0,0.0
0.0,0.0,0.0
0.0,0.0,0.0
0.0,0.0,0.0
0.0,0.0,0.0
0.0,1.0,0.0
0.0,0.0,0.0
0.0,0.0,0.0
0.0,0.0,0.0
0.0,0.0,0.0
0.0,0.0,0.0
0.0,0.0,0.0
0.0,0.0,0.0
0.0,0.0,0.0
0.0,0.0,0.0
0.0,1.0,0.0
0.0,0.0,0.0
0.0,1.0,0.0
0.0,0.0,0.0
0.0,0.0,0.0
0.0,0.0,0.0
0.0,0.0,0.0
0.0,0.0,0.0
0.0,0.0,0.0
0.0,0.0,0.0
0.0,0.0,0.0
0.0,0.0,0.0
0.0,0.0,0.0
0.0,0.0,0.0
0.0,0.0,0.0
0.0,0.0,0.0
0.0,0.0,0.0
0.0,0.0,0.0
0.0,0.0,0.0
0.0,0.0,0.0
0.0,0.0,0.0
0.0,0.0,0.0
0.0,0.0,0.0
0.0,0.0,0.0
0.0,0.0,0.0
0.0,0.0,0.0
0.0,0.0,0.0
0.0,0.0,0.0
0.0,0.0,0.0
0.0,0.0,0.0
0.0,0.0,0.0
0.0,0.0,0.0
0.0,0.0,0.0
0.0,0.0,0.0
0.0,0.0,0.0
0.0,0.0,0.0
0.0,0.0,0.0
0.0,0.0,0.0
0.0,0.0,0.0
0.0,0.0,0.0
0.0,0.0,0.0
0.0,0.0,0.0
0.0,0.0,0.0
0.0,0.0,0.0
0.0,0.0,0.0
0.0,0.0,0.0
0.0,0.0,0.0
0.0,0.0,0.0
0.0,1.0,0.0
0.0,0.0,0.0
0.0,0.0,0.0
0.0,0.0,0.0
0.0,0.0,0.0
0.0,0.0,0.0
0.0,0.0,0.0
0.0,0.0,0.0
0.0,0.0,0.0
0.0,0.0,0.0
0.0,0.0,0.0
0.0,1.0,0.0
0.0,0.0,0.0
0.0,0.0,0.0
0.0,0.0,0.0
0.0,0.0,0.0
0.0,0.0,0.0
0.0,0.0,0.0
0.0,1.0,0.0
0.0,0.0,0.0
0.0,0.0,0.0
0.0,0.0,0.0
0.0,0.0,0.0
0.0,0.0,0.0
0.0,0.0,0.0
0.0,0.0,0.0
0.0,0.0,0.0
0.0,0.0,0.0
0.0,0.0,0.0
0.0,0.0,0.0
0.0,0.0,0.0
0.0,0.0,0.0
0.0,0.0,0.0
0.0,0.0,0.0
0.0,0.0,0.0
0.0,0.0,0.0
0.0,0.0,0.0
0.0,0.0,0.0
0.0,0.0,0.0
0.0,0.0,0.0
0.0,0.0,0.0
0.0,0.0,0.0
0.0,0.0,0.0
0.0,0.0,0.0
0.0,0.0,0.0
0.0,0.0,0.0
0.0,0.0,0.0
0.0,0.0,0.0
0.0,0.0,0.0
0.0,0.0,0.0
0.0,0.0,0.0
0.0,0.0,0.0
0.0,0.0,0.0
0.0,0.0,0.0
0.0,0.0,0.0
0.0,0.0,0.0
0.0,0.0,0.0
0.0,0.0,0.0
0.0,0.0,0.0
0.0,0.0,0.0
0.0,0.0,0.0
0.0,0.0,0.0
0.0,0.0,0.0
0.0,0.0,0.0
0.0,0.0,0.0
0.0,0.0,0.0
0.0,0.0,0.0
0.0,0.0,0.0
0.0,0.0,0.0
0.0,0.0,0.0
0.0,0.0,0.0
0.0,0.0,0.0
0.0,0.0,0.0
0.0,0.0,0.0
0.0,0.0,0.0
0.0,0.0,0.0
0.0,0.0,0.0
0.0,0.0,0.0
0.0,0.0,0.0
0.0,0.0,0.0
0.0,0.0,0.0
0.0,0.0,0.0
0.0,0.0,0.0
0.0,0.0,0.0
0.0,0.0,0.0
0.0,0.0,0.0
0.0,0.0,0.0
0.0,0.0,0.0
0.0,0.0,0.0
0.0,0.0,0.0
0.0,0.0,0.0
0.0,0.0,0.0
0.0,0.0,0.0
0.0,1.0,0.0
0.0,0.0,0.0
0.0,0.0,0.0
0.0,0.0,0.0
0.0,0.0,0.0
0.0,0.0,0.0
0.0,0.0,0.0
0.0,1.0,0.0
0.0,0.0,0.0
0.0,0.0,0.0
0.0,0.0,0.0
0.0,0.0,0.0
0.0,0.0,0.0
0.0,0.0,0.0
0.0,0.0,0.0
0.0,0.0,0.0
0.0,0.0,0.0
0.0,0.0,0.0
0.0,0.0,0.0
0.0,0.0,0.0
0.0,0.0,0.0
0.0,1.0,0.0
0.0,0.0,0.0
0.0,0.0,0.0
0.0,0.0,0.0
0.0,0.0,0.0
0.0,0.0,0.0
0.0,0.0,0.0
0.0,0.0,0.0
0.0,1.0,0.0
0.0,0.0,0.0
0.0,0.0,0.0
0.0,0.0,0.0
0.0,0.0,0.0
0.0,0.0,0.0
0.0,0.0,0.0
0.0,0.0,0.0
0.0,0.0,0.0
0.0,0.0,0.0
0.0,0.0,0.0
0.0,0.0,0.0
0.0,0.0,0.0
0.0,1.0,0.0
0.0,0.0,0.0
0.0,1.0,0.0
0.0,0.0,0.0
0.0,0.0,0.0
0.0,0.0,0.0
0.0,0.0,0.0
0.0,0.0,0.0
0.0,0.0,0.0
0.0,39.0,0.0
0.0,1140.0,0.0
0.0,2723.0,0.0
0.0,1990.0,0.0
0.0,1115.0,0.0
0.0,519.0,0.0
0.0,148.0,0.0
0.0,108.0,0.0
0.0,2.0,0.0
0.0,0.0,0.0
0.0,0.0,0.0
0.0,0.0,0.0
0.0,0.0,0.0
0.0,0.0,0.0
0.0,0.0,0.0
0.0,1.0,0.0
0.0,0.0,0.0
0.0,0.0,0.0
0.0,0.0,0.0
0.0,0.0,0.0
0.0,0.0,0.0
0.0,0.0,0.0
0.0,0.0,0.0
0.0,1.0,0.0
0.0,0.0,0.0
0.0,0.0,0.0
0.0,0.0,0.0
0.0,0.0,0.0
0.0,0.0,0.0
0.0,0.0,0.0
0.0,0.0,0.0
0.0,0.0,0.0
0.0,0.0,0.0
0.0,0.0,0.0
0.0,0.0,0.0
0.0,0.0,0.0
0.0,0.0,0.0
0.0,690.0,0.0
0.0,1250.0,0.0
0.0,845.0,0.0
0.0,477.0,0.0
0.0,276.0,0.0
0.0,417.0,0.0
0.0,690.0,0.0
0.0,736.0,0.0
0.0,593.0,0.0
0.0,418.0,0.0
0.0,437.0,0.0
0.0,613.0,0.0
0.0,811.0,0.0
0.0,814.0,0.0
0.0,1099.0,0.0
0.0,1259.0,0.0
0.0,1379.0,0.0
0.0,1512.0,0.0
0.0,1674.0,0.0
0.0,1632.0,0.0
0.0,1509.0,0.0
0.0,1409.0,0.0
0.0,1413.0,0.0
0.0,1482.0,0.0
0.0,1459.0,0.0
0.0,1459.0,0.0
0.0,1458.0,0.0
0.0,1476.0,0.0
0.0,1476.0,0.0
0.0,1493.0,0.0
0.0,1516.0,0.0
0.0,1537.0,0.0
0.0,1596.0,0.340909
0.0,1693.0,0.340909
0.0,1745.0,0.340909
0.0,1780.0,0.340909
0.0,1806.0,0.340909
0.0,1894.0,0.340909
0.0,2001.0,0.340909
0.08333333333333333,2120.0,0.340909
0.08333333333333333,2225.0,0.340909
0.08333333333333333,2295.0,0.340909
0.16666666666666666,2309.0,0.340909
0.16666666666666666,2328.0,0.340909
0.16666666666666666,2336.0,0.340909
0.16666666666666666,2340.0,0.340909
0.25,2335.0,0.8522725
0.25,2337.0,0.8522725
0.25,2349.0,0.8522725
0.3333333333333333,2342.0,1.0795451666666667
0.3333333333333333,2316.0,1.0795451666666667
0.4166666666666667,2321.0,1.1363633333333334
0.4166666666666667,2323.0,1.1363633333333334
0.5,2328.0,1.1363633333333334
0.5,2325.0,1.2499996666666666
0.5,2322.0,1.2499996666666666
0.5833333333333334,2355.0,1.2499996666666666
0.5833333333333334,2396.0,1.2499996666666666
0.6666666666666666,2413.0,1.2499996666666666
0.6666666666666666,2392.0,1.2499996666666666
0.75,2394.0,1.4204541666666668
0.8333333333333334,2405.0,1.4204541666666668
0.8333333333333334,2404.0,1.8749995000000002
0.8333333333333334,2397.0,1.8749995000000002
0.8333333333333334,2406.0,1.8749995000000002
0.9166666666666666,2396.0,0.7954543333333334
0.9166666666666666,2366.0,0.7954543333333334
0.9166666666666666,2326.0,0.7954543333333334
0.9166666666666666,2326.0,0.7954543333333334
0.9166666666666666,2256.0,0.7954543333333334
1.0,2254.0,0.5681816666666667
1.0,2239.0,0.5681816666666667
1.0,2226.0,0.5681816666666667
1.0833333333333333,2244.0,0.9659088333333334
1.0833333333333333,2330.0,0.9659088333333334
1.0833333333333333,2393.0,0.9659088333333334
1.0833333333333333,2420.0,0.9659088333333334
1.0833333333333333,2411.0,0.9659088333333334
1.1666666666666667,2431.0,0.9659088333333334
1.1666666666666667,2436.0,0.5113635000000001
1.1666666666666667,2374.0,0.5113635000000001
1.25,2270.0,1.1363633333333334
1.3333333333333333,2144.0,1.1363633333333334
1.3333333333333333,2084.0,2.3295448333333333
1.4166666666666667,2084.0,2.3295448333333333
1.4166666666666667,1977.0,1.1931815000000001
1.5,1849.0,2.3863630000000002
1.5833333333333333,1834.0,2.1590903333333333
1.6666666666666667,1859.0,2.1590903333333333
1.6666666666666667,1911.0,2.4431811666666667
1.75,2017.0,2.4431811666666667
1.75,2236.0,1.1931815000000001
1.8333333333333333,2310.0,2.670453833333333
1.9166666666666667,2323.0,2.727272
2.0,2346.0,2.7840901666666666
2.1666666666666665,2460.0,2.8977265
2.1666666666666665,2487.0,3.0113628333333335
2.25,2452.0,2.727272
2.4166666666666665,2454.0,2.727272
2.5,2278.0,3.5795445000000004
2.5,2160.0,2.727272
2.5,2115.0,2.727272
2.5,2051.0,2.727272
2.5833333333333335,1983.0,2.727272
2.6666666666666665,1962.0,3.1818173333333335
2.75,2012.0,3.1818173333333335
2.8333333333333335,2082.0,3.636362666666667
3.0,2121.0,3.636362666666667
3.0833333333333335,2072.0,3.40909
3.1666666666666665,2025.0,3.806817166666667
3.25,2025.0,3.8636353333333338
3.4166666666666665,2008.0,3.522726333333334
3.5,1985.0,3.2954536666666665
3.5833333333333335,1946.0,3.1249991666666666
3.6666666666666665,1792.0,4.261362500000001
3.8333333333333335,1717.0,4.204544333333334
3.9166666666666665,1674.0,3.4659081666666665
4.0,1659.0,3.5795445000000004
4.166666666666667,1696.0,3.5795445000000004
4.166666666666667,1741.0,3.522726333333334
4.25,1779.0,1.9318176666666669
4.416666666666667,1769.0,3.8636353333333338
4.5,1722.0,3.9772716666666668
4.583333333333333,1719.0,4.204544333333334
4.75,1718.0,4.204544333333334
4.833333333333333,1700.0,4.374998833333334
5.0,1661.0,4.374998833333334
5.083333333333333,1593.0,4.204544333333334
5.166666666666667,1551.0,3.9772716666666668
5.25,1523.0,3.9772716666666668
5.333333333333333,1504.0,1.8749995000000002
5.5,1566.0,4.318180666666667
5.583333333333333,1683.0,4.204544333333334
5.75,1705.0,4.204544333333334
5.75,1617.0,4.7159078333333335
5.75,1529.0,4.7159078333333335
5.833333333333333,1548.0,4.7159078333333335
5.916666666666667,1607.0,4.545453333333334
6.083333333333333,1639.0,4.545453333333334
6.25,1619.0,4.545453333333334
6.333333333333333,1575.0,4.488635166666667
6.5,1501.0,4.488635166666667
6.583333333333333,1515.0,4.545453333333334
6.75,1568.0,4.545453333333334
6.833333333333333,1617.0,4.7159078333333335
6.916666666666667,1571.0,4.7727260000000005
7.0,1552.0,2.102272166666667
7.0,1549.0,2.102272166666667
7.0,1518.0,2.102272166666667
7.083333333333333,1519.0,0.9090906666666667
7.25,1565.0,4.488635166666667
7.416666666666667,1609.0,4.545453333333334
7.416666666666667,1617.0,4.659089666666667
7.583333333333333,1617.0,4.659089666666667
7.666666666666667,1607.0,4.7159078333333335
7.833333333333333,1600.0,4.8295441666666665
7.916666666666667,1598.0,4.6022715000000005
8.0,1609.0,2.3863630000000002
8.083333333333334,1615.0,2.3863630000000002
8.25,1638.0,2.3863630000000002
8.25,1668.0,4.261362500000001
8.25,1680.0,4.261362500000001
8.25,1699.0,4.261362500000001
8.25,1657.0,4.261362500000001
8.416666666666666,1614.0,4.261362500000001
8.583333333333334,1571.0,4.7727260000000005
8.75,1547.0,4.8863623333333335
8.833333333333334,1588.0,4.090908000000001
9.0,1610.0,4.6022715000000005
9.166666666666666,1613.0,4.9431805
9.333333333333334,1582.0,4.9431805
9.416666666666666,1580.0,4.9431805
9.583333333333334,1601.0,4.8863623333333335
9.583333333333334,1612.0,4.7727260000000005
9.583333333333334,1600.0,4.7727260000000005
9.583333333333334,1580.0,4.7727260000000005
9.666666666666666,1649.0,4.7727260000000005
9.833333333333334,1730.0,4.7727260000000005
10.0,1713.0,4.7727260000000005
10.083333333333334,1683.0,4.8295441666666665
10.25,1716.0,4.9431805
10.416666666666666,1817.0,5.056816833333333
10.583333333333334,1846.0,5.2840895
10.666666666666666,1847.0,4.488635166666667
10.833333333333334,1733.0,4.488635166666667
10.916666666666666,1598.0,4.7727260000000005
10.916666666666666,1598.0,5.511362166666667
10.916666666666666,1662.0,5.511362166666667
10.916666666666666,1688.0,5.511362166666667
11.0,1563.0,0.7954543333333334
11.166666666666666,1508.0,2.727272
11.333333333333334,1551.0,2.727272
11.5,1585.0,5.056816833333333
11.583333333333334,1629.0,4.6022715000000005
11.583333333333334,1669.0,4.6022715000000005
11.666666666666666,1675.0,4.6022715000000005
11.833333333333334,1675.0,4.6022715000000005
12.0,1699.0,4.6022715000000005
12.166666666666666,1699.0,4.9999986666666665
12.25,1632.0,5.056816833333333
12.333333333333334,1659.0,4.9431805
12.416666666666666,1710.0,4.9431805
12.583333333333334,1677.0,4.9999986666666665
12.75,1571.0,4.9999986666666665
12.916666666666666,1568.0,5.340907666666666
12.916666666666666,1566.0,5.397725833333334
13.0,1552.0,2.5568175
13.166666666666666,1586.0,2.8977265
13.333333333333334,1622.0,5.397725833333334
13.416666666666666,1585.0,4.9999986666666665
13.5,1548.0,4.9999986666666665
13.5,1501.0,1.761363166666667
13.5,1525.0,1.761363166666667
13.583333333333334,1624.0,1.761363166666667
13.666666666666666,1721.0,0.9090906666666667
13.666666666666666,1749.0,2.5568175
13.833333333333334,1738.0,2.727272
13.916666666666666,1713.0,6.534089166666668
14.0,1655.0,6.534089166666668
14.166666666666666,1562.0,6.534089166666668
14.333333333333334,1466.0,5.738634833333333
14.333333333333334,1458.0,6.193180166666667
14.5,1510.0,6.193180166666667
14.666666666666666,1468.0,5.568180333333333
14.833333333333334,1418.0,5.738634833333333
15.0,1397.0,5.852271166666667
15.166666666666666,1513.0,5.852271166666667
15.416666666666666,1668.0,5.852271166666667
15.583333333333334,1587.0,5.852271166666667
15.75,1434.0,5.681816666666667
15.916666666666666,1535.0,5.909089333333333
16.0,1660.0,5.568180333333333
16.083333333333332,1707.0,5.568180333333333
16.25,1728.0,5.568180333333333
16.333333333333332,1649.0,6.193180166666667
16.5,1557.0,6.193180166666667
16.583333333333332,1501.0,6.079543833333333
16.75,1503.0,6.079543833333333
16.916666666666668,1503.0,6.136362
17.083333333333332,1540.0,6.136362
17.333333333333332,1559.0,6.136362
17.416666666666668,1618.0,5.9659075
17.416666666666668,1624.0,5.9659075
17.583333333333332,1470.0,5.9659075
17.75,1350.0,5.9659075
17.833333333333332,1603.0,5.681816666666667
18.0,1804.0,5.681816666666667
18.166666666666668,1806.0,5.681816666666667
18.333333333333332,1469.0,6.022725666666667
18.5,1283.0,7.386361666666668
18.583333333333332,1298.0,6.6477255
18.75,1346.0,6.6477255
18.916666666666668,1368.0,6.6477255
19.0,1327.0,5.738634833333333
19.0,1326.0,5.738634833333333
19.083333333333332,1343.0,5.738634833333333
19.25,1348.0,5.738634833333333
19.416666666666668,1349.0,5.738634833333333
19.583333333333332,1367.0,6.534089166666668
19.75,1399.0,5.454544
19.916666666666668,1432.0,5.454544
20.083333333333332,1417.0,6.136362
20.25,1343.0,6.136362
20.333333333333332,1299.0,3.068181
20.416666666666668,1293.0,3.068181
20.5,1279.0,5.909089333333333
20.666666666666668,1351.0,5.909089333333333
20.833333333333332,1386.0,5.909089333333333
21.0,1385.0,5.909089333333333
21.166666666666668,1385.0,6.3068165
21.333333333333332,1455.0,6.022725666666667
21.583333333333332,1456.0,7.045452666666668
21.75,1399.0,6.420452833333333
21.916666666666668,1364.0,6.3068165
22.0,1415.0,6.363634666666667
22.166666666666668,1537.0,6.363634666666667
22.25,1496.0,5.6249985
22.333333333333332,1410.0,5.6249985
22.416666666666668,1347.0,4.7727260000000005
22.583333333333332,1254.0,4.7727260000000005
22.75,1246.0,6.249998333333333
22.75,1246.0,6.420452833333333
22.833333333333332,1274.0,2.2159085000000003
22.916666666666668,1274.0,2.9545446666666666
22.916666666666668,1326.0,2.9545446666666666
23.083333333333332,1314.0,2.9545446666666666
23.333333333333332,1301.0,7.215907166666668
23.5,1310.0,7.215907166666668
23.75,1340.0,7.215907166666668
23.833333333333332,1353.0,7.045452666666668
23.916666666666668,1337.0,6.988634500000001
24.083333333333332,1325.0,6.988634500000001
24.166666666666668,1330.0,6.761361833333333
24.166666666666668,1354.0,6.761361833333333
24.25,1363.0,6.761361833333333
24.416666666666668,1352.0,6.761361833333333
24.666666666666668,1348.0,6.761361833333333
24.833333333333332,1357.0,6.761361833333333
25.0,1347.0,6.761361833333333
25.166666666666668,1213.0,6.6477255
25.333333333333332,1196.0,6.6477255
25.416666666666668,1332.0,7.102270833333333
25.5,1506.0,2.272726666666667
25.5,1417.0,2.272726666666667
25.666666666666668,1306.0,2.272726666666667
25.75,1255.0,6.81818
25.916666666666668,1244.0,6.81818
26.166666666666668,1199.0,5.9659075
26.333333333333332,1177.0,7.159089000000001
26.333333333333332,1185.0,7.386361666666668
26.333333333333332,1200.0,7.386361666666668
26.5,1220.0,7.386361666666668
26.583333333333332,1220.0,7.272725333333334
26.666666666666668,1218.0,2.272726666666667
26.833333333333332,1225.0,3.352271833333334
26.833333333333332,1246.0,3.522726333333334
27.083333333333332,1248.0,3.522726333333334
27.25,1239.0,6.874998166666668
27.416666666666668,1212.0,7.102270833333333
27.416666666666668,1176.0,7.102270833333333
27.416666666666668,1146.0,7.102270833333333
27.5,1146.0,7.102270833333333
27.666666666666668,1179.0,6.931816333333333
27.833333333333332,1262.0,6.6477255
28.0,1262.0,6.6477255
28.166666666666668,1365.0,6.590907333333333
28.333333333333332,1397.0,6.590907333333333
28.583333333333332,1369.0,6.590907333333333
28.583333333333332,1349.0,6.988634500000001
28.75,1415.0,6.988634500000001
28.75,1379.0,7.045452666666668
29.0,1289.0,7.045452666666668
29.166666666666668,1218.0,7.102270833333333
29.333333333333332,1202.0,7.272725333333334
29.5,1223.0,6.704543666666668
29.75,1193.0,7.215907166666668
29.75,1143.0,7.5568161666666676
29.916666666666668,1130.0,7.5568161666666676
29.916666666666668,1142.0,6.931816333333333
30.0,1145.0,6.931816333333333
30.166666666666668,1155.0,6.931816333333333
30.333333333333332,1154.0,6.874998166666668
30.5,1157.0,6.874998166666668
30.666666666666668,1166.0,7.7272706666666675
30.833333333333332,1189.0,7.159089000000001
30.916666666666668,1206.0,6.81818
30.916666666666668,1165.0,6.81818
31.083333333333332,974.0,6.81818
31.083333333333332,1116.0,3.806817166666667
31.333333333333332,1219.0,3.806817166666667
31.5,1179.0,6.420452833333333
31.583333333333332,1015.0,7.102270833333333
31.833333333333332,1009.0,7.8977251666666675
32.083333333333336,1009.0,7.8977251666666675
32.25,1137.0,7.045452666666668
32.5,1122.0,7.045452666666668
32.583333333333336,982.0,7.272725333333334
32.75,965.0,7.272725333333334
32.916666666666664,960.0,6.931816333333333
33.166666666666664,928.0,6.931816333333333
33.25,962.0,6.534089166666668
33.416666666666664,1198.0,6.534089166666668
33.583333333333336,1355.0,6.534089166666668
33.583333333333336,1295.0,3.806817166666667
33.583333333333336,1165.0,3.806817166666667
33.75,1143.0,3.806817166666667
33.916666666666664,1143.0,6.079543833333333
34.166666666666664,1149.0,6.704543666666668
34.333333333333336,1151.0,7.670452500000001
34.5,1150.0,8.068179666666667
34.666666666666664,1080.0,8.068179666666667
34.833333333333336,1073.0,8.068179666666667
35.0,1101.0,7.045452666666668
35.0,1137.0,8.409088666666667
35.166666666666664,1242.0,8.409088666666667
35.333333333333336,1228.0,8.0113615
35.583333333333336,1156.0,7.159089000000001
35.75,1105.0,7.329543500000001
35.916666666666664,1104.0,6.931816333333333
36.166666666666664,1252.0,7.443179833333334
36.25,1293.0,6.534089166666668
36.25,1188.0,6.534089166666668
36.25,1189.0,6.534089166666668
36.416666666666664,1116.0,6.534089166666668
36.583333333333336,1114.0,6.534089166666668
36.75,1082.0,6.534089166666668
36.916666666666664,1082.0,8.409088666666667
37.0,1156.0,7.9545433333333335
37.25,1224.0,7.9545433333333335
37.416666666666664,1241.0,7.443179833333334
37.5,1228.0,7.215907166666668
37.666666666666664,1168.0,7.215907166666668
37.75,1055.0,7.159089000000001
38.0,1088.0,7.159089000000001
38.166666666666664,1098.0,7.159089000000001
38.333333333333336,1084.0,7.045452666666668
38.333333333333336,1076.0,8.465906833333333
38.416666666666664,1080.0,2.3295448333333333
38.416666666666664,1087.0,2.3295448333333333
38.583333333333336,1085.0,2.3295448333333333
38.833333333333336,1051.0,2.3295448333333333
39.0,1010.0,7.443179833333334
39.25,1047.0,8.0113615
39.333333333333336,1083.0,8.579543166666667
39.583333333333336,1094.0,8.579543166666667
39.833333333333336,1041.0,7.9545433333333335
40.0,1035.0,7.386361666666668
40.166666666666664,1080.0,7.215907166666668
40.25,1184.0,6.704543666666668
40.416666666666664,1184.0,7.215907166666668
40.583333333333336,1132.0,7.215907166666668
40.833333333333336,1033.0,7.784088833333334
41.0,1065.0,6.931816333333333
41.166666666666664,1129.0,7.045452666666668
41.333333333333336,1112.0,7.159089000000001
41.333333333333336,1080.0,6.874998166666668
41.5,1065.0,6.874998166666668
41.5,1001.0,7.102270833333333
41.75,942.0,7.102270833333333
41.916666666666664,1039.0,6.931816333333333
42.166666666666664,1100.0,7.329543500000001
42.25,1077.0,7.8977251666666675
42.5,1042.0,7.5568161666666676
42.75,1042.0,7.5568161666666676
42.75,1041.0,6.931816333333333
42.833333333333336,1006.0,6.931816333333333
43.0,948.0,6.931816333333333
43.25,968.0,7.499998000000001
43.416666666666664,1012.0,7.499998000000001
43.5,1099.0,7.8977251666666675
43.666666666666664,1237.0,7.8977251666666675
43.833333333333336,1241.0,7.443179833333334
43.916666666666664,1129.0,3.40909
44.0,1088.0,6.136362
44.083333333333336,1099.0,6.136362
44.333333333333336,1079.0,6.136362
44.5,1045.0,7.215907166666668
44.666666666666664,1015.0,7.8409070000000005
44.75,1016.0,7.8409070000000005
45.0,1019.0,7.159089000000001
45.166666666666664,1010.0,6.81818
45.333333333333336,830.0,6.874998166666668
45.416666666666664,895.0,6.931816333333333
45.5,1104.0,6.931816333333333
45.75,1190.0,6.931816333333333
45.916666666666664,1079.0,6.931816333333333
46.166666666666664,935.0,6.931816333333333
46.333333333333336,993.0,7.8977251666666675
46.583333333333336,1086.0,7.7272706666666675
46.583333333333336,1177.0,7.329543500000001
46.583333333333336,1214.0,7.329543500000001
46.583333333333336,967.0,7.329543500000001
46.75,967.0,7.329543500000001
46.916666666666664,966.0,7.329543500000001
47.083333333333336,853.0,6.363634666666667
47.166666666666664,967.0,3.693180833333334
47.416666666666664,1155.0,3.693180833333334
47.583333333333336,1210.0,3.693180833333334
47.833333333333336,1189.0,6.931816333333333
48.0,1148.0,6.931816333333333
48.166666666666664,1218.0,6.931816333333333
48.25,1218.0,6.079543833333333
48.416666666666664,1183.0,6.079543833333333
48.666666666666664,1147.0,7.499998000000001
48.75,1046.0,7.102270833333333
49.0,1063.0,7.102270833333333
49.083333333333336,1130.0,5.795453
49.166666666666664,1132.0,3.9772716666666668
49.166666666666664,1102.0,3.9772716666666668
49.25,1039.0,3.9772716666666668
49.416666666666664,1076.0,3.9772716666666668
49.583333333333336,1136.0,7.386361666666668
49.666666666666664,1198.0,6.81818
49.75,1308.0,6.81818
50.0,1273.0,7.443179833333334
50.166666666666664,1170.0,7.443179833333334
50.333333333333336,1107.0,7.272725333333334
50.5,1172.0,7.272725333333334
50.583333333333336,1197.0,3.40909
50.75,1175.0,6.534089166666668
50.916666666666664,1156.0,6.534089166666668
51.166666666666664,1156.0,6.534089166666668
51.333333333333336,1134.0,7.329543500000001
51.5,1128.0,7.272725333333334
51.666666666666664,1163.0,7.272725333333334
51.916666666666664,1190.0,7.272725333333334
52.083333333333336,1065.0,7.159089000000001
52.333333333333336,965.0,7.159089000000001
52.5,1022.0,6.931816333333333
52.75,1143.0,6.931816333333333
53.0,1277.0,6.931816333333333
53.166666666666664,1208.0,6.931816333333333
53.416666666666664,1103.0,7.386361666666668
53.583333333333336,1092.0,7.386361666666668
53.583333333333336,1092.0,6.988634500000001
53.583333333333336,1169.0,6.988634500000001
53.833333333333336,1216.0,6.988634500000001
54.0,1220.0,6.931816333333333
54.25,1217.0,6.931816333333333
54.333333333333336,1202.0,6.6477255
54.583333333333336,1118.0,6.6477255
54.75,1142.0,6.6477255
55.0,1234.0,6.704543666666668
55.083333333333336,1285.0,6.534089166666668
55.25,1212.0,6.534089166666668
55.5,1035.0,6.534089166666668
55.666666666666664,1074.0,6.761361833333333
55.916666666666664,1195.0,6.761361833333333
56.083333333333336,1256.0,6.761361833333333
56.333333333333336,1350.0,6.931816333333333
56.5,1371.0,6.874998166666668
56.583333333333336,1331.0,6.988634500000001
56.75,1230.0,6.988634500000001
56.916666666666664,1192.0,6.988634500000001
57.083333333333336,1264.0,7.386361666666668
57.333333333333336,1320.0,7.386361666666668
57.5,1307.0,6.988634500000001
57.666666666666664,1235.0,6.81818
57.833333333333336,1166.0,7.159089000000001
58.0,1154.0,6.6477255
58.166666666666664,1163.0,6.6477255
58.25,1250.0,6.761361833333333
58.416666666666664,1371.0,6.761361833333333
58.666666666666664,1383.0,7.272725333333334
58.833333333333336,1250.0,6.931816333333333
58.916666666666664,1155.0,6.590907333333333
59.166666666666664,1205.0,7.215907166666668
59.333333333333336,1371.0,7.215907166666668
59.333333333333336,1342.0,6.988634500000001
59.333333333333336,1259.0,6.988634500000001
59.583333333333336,1204.0,6.988634500000001
59.75,1256.0,6.988634500000001
60.0,1297.0,7.159089000000001
60.166666666666664,1314.0,7.159089000000001
60.333333333333336,1338.0,7.159089000000001
60.5,1370.0,7.102270833333333
60.666666666666664,1362.0,7.102270833333333
60.666666666666664,1362.0,7.102270833333333
60.833333333333336,1360.0,7.102270833333333
60.916666666666664,1324.0,7.5568161666666676
61.166666666666664,1279.0,7.5568161666666676
61.416666666666664,1238.0,7.272725333333334
61.583333333333336,1257.0,7.272725333333334
61.75,1280.0,6.534089166666668
61.916666666666664,1294.0,7.670452500000001
62.166666666666664,1241.0,7.329543500000001
62.333333333333336,1164.0,7.329543500000001
62.416666666666664,1150.0,7.045452666666668
62.583333333333336,1170.0,7.045452666666668
62.833333333333336,1182.0,7.045452666666668
62.916666666666664,1182.0,7.159089000000001
63.0,1204.0,3.40909
63.25,1205.0,3.40909
63.416666666666664,1176.0,3.40909
63.666666666666664,1129.0,6.761361833333333
63.75,1188.0,7.045452666666668
63.916666666666664,1265.0,7.045452666666668
64.16666666666667,1263.0,7.443179833333334
64.33333333333333,1147.0,7.443179833333334
64.58333333333333,1127.0,7.443179833333334
64.75,1196.0,7.443179833333334
65.0,1270.0,7.499998000000001
65.25,1256.0,7.499998000000001
65.41666666666667,1123.0,7.443179833333334
65.58333333333333,1123.0,6.931816333333333
65.75,1124.0,6.931816333333333
66.0,1121.0,6.931816333333333
66.08333333333333,1105.0,7.443179833333334
66.16666666666667,1088.0,7.443179833333334
66.41666666666667,1057.0,7.443179833333334
66.58333333333333,1044.0,7.045452666666668
66.66666666666667,1073.0,6.761361833333333
66.66666666666667,1125.0,6.761361833333333
66.83333333333333,1127.0,6.761361833333333
67.0,1106.0,7.443179833333334
67.25,1090.0,7.443179833333334
67.5,1133.0,7.215907166666668
67.58333333333333,1180.0,6.193180166666667
67.75,1175.0,6.193180166666667
67.91666666666667,1138.0,7.045452666666668
68.08333333333333,1138.0,6.704543666666668
68.08333333333333,1136.0,6.704543666666668
68.33333333333333,1129.0,6.704543666666668
68.58333333333333,1107.0,7.215907166666668
68.66666666666667,1095.0,6.931816333333333
68.83333333333333,1113.0,6.931816333333333
69.08333333333333,1161.0,7.5568161666666676
69.25,1223.0,7.386361666666668
69.41666666666667,1268.0,7.386361666666668
69.66666666666667,1257.0,7.386361666666668
69.91666666666667,1110.0,7.386361666666668
70.08333333333333,1007.0,6.931816333333333
70.33333333333333,1001.0,6.931816333333333
70.33333333333333,1058.0,7.5568161666666676
70.58333333333333,1244.0,7.5568161666666676
70.75,1118.0,7.159089000000001
70.83333333333333,1020.0,6.761361833333333
71.0,1099.0,6.761361833333333
71.08333333333333,1209.0,3.40909
71.33333333333333,1294.0,3.693180833333334
71.41666666666667,1235.0,7.102270833333333
71.5,1142.0,7.443179833333334
71.66666666666667,1089.0,7.443179833333334
71.91666666666667,1133.0,7.443179833333334
72.16666666666667,1133.0,7.443179833333334
72.33333333333333,1102.0,7.159089000000001
72.41666666666667,1103.0,6.534089166666668
72.5,1142.0,6.534089166666668
72.75,1157.0,7.613634333333334
72.91666666666667,1108.0,7.386361666666668
73.08333333333333,1081.0,7.215907166666668
73.33333333333333,1109.0,7.215907166666668
73.5,1301.0,7.215907166666668
73.75,1299.0,7.045452666666668
73.91666666666667,1192.0,7.159089000000001
73.91666666666667,1130.0,7.045452666666668
74.08333333333333,1152.0,7.045452666666668
74.33333333333333,1125.0,7.045452666666668
74.58333333333333,1095.0,6.931816333333333
74.75,1103.0,7.329543500000001
74.91666666666667,1125.0,6.704543666666668
75.08333333333333,1127.0,6.704543666666668
75.33333333333333,1127.0,7.215907166666668
75.41666666666667,1127.0,6.6477255
75.5,1108.0,6.6477255
75.75,1114.0,6.6477255
75.91666666666667,1153.0,7.386361666666668
76.16666666666667,1144.0,7.386361666666668
76.33333333333333,1134.0,7.386361666666668
76.58333333333333,1147.0,6.988634500000001
76.83333333333333,1169.0,7.329543500000001
77.0,1159.0,7.329543500000001
77.08333333333333,1146.0,6.590907333333333
77.25,1171.0,6.590907333333333
77.5,1216.0,7.215907166666668
77.58333333333333,1210.0,6.931816333333333
77.75,1118.0,7.784088833333334
77.91666666666667,1120.0,7.784088833333334
78.08333333333333,1143.0,6.988634500000001
78.16666666666667,1235.0,3.5795445000000004
78.16666666666667,1237.0,3.5795445000000004
78.25,1241.0,3.5795445000000004
78.41666666666667,1269.0,6.704543666666668
78.66666666666667,1216.0,7.670452500000001
78.75,1079.0,8.806815833333333
79.0,1116.0,8.806815833333333
79.16666666666667,1261.0,8.124997833333333
79.25,1346.0,8.068179666666667
79.33333333333333,1230.0,2.3863630000000002
79.33333333333333,1235.0,2.3863630000000002
79.5,1259.0,2.3863630000000002
79.66666666666667,1258.0,7.159089000000001
79.91666666666667,1199.0,7.272725333333334
80.08333333333333,1228.0,7.272725333333334
80.33333333333333,1253.0,7.272725333333334
80.5,1245.0,7.272725333333334
80.75,1214.0,6.81818
80.83333333333333,1228.0,7.102270833333333
80.83333333333333,1282.0,7.102270833333333
80.91666666666667,1279.0,7.102270833333333
81.16666666666667,1216.0,7.102270833333333
81.41666666666667,1098.0,7.215907166666668
81.58333333333333,1322.0,7.159089000000001
81.83333333333333,1446.0,7.045452666666668
82.0,1383.0,7.045452666666668
82.25,1383.0,7.215907166666668
82.25,1373.0,7.386361666666668
82.25,1282.0,7.386361666666668
82.41666666666667,1356.0,7.386361666666668
82.66666666666667,1364.0,7.215907166666668
82.83333333333333,1310.0,7.215907166666668
83.08333333333333,1284.0,7.215907166666668
83.25,1286.0,7.215907166666668
83.5,1290.0,6.988634500000001
83.66666666666667,1295.0,6.931816333333333
83.75,1294.0,7.784088833333334
83.83333333333333,1290.0,3.4659081666666665
84.0,1305.0,6.874998166666668
84.25,1286.0,6.874998166666668
84.41666666666667,1250.0,7.613634333333334
84.66666666666667,1240.0,7.329543500000001
84.83333333333333,1225.0,7.329543500000001
85.08333333333333,1223.0,7.329543500000001
85.25,1270.0,7.329543500000001
85.25,1352.0,6.6477255
85.5,1238.0,6.6477255
85.66666666666667,1183.0,7.329543500000001
85.91666666666667,1163.0,7.329543500000001
86.08333333333333,1184.0,7.329543500000001
86.33333333333333,1316.0,7.329543500000001
86.5,1387.0,7.215907166666668
86.75,1370.0,7.386361666666668
86.75,1299.0,6.477271
86.83333333333333,1239.0,6.477271
87.08333333333333,1299.0,6.590907333333333
87.25,1374.0,6.590907333333333
87.5,1317.0,7.102270833333333
87.66666666666667,1150.0,7.272725333333334
87.91666666666667,1079.0,7.272725333333334
88.08333333333333,1143.0,7.329543500000001
88.33333333333333,1272.0,7.159089000000001
88.41666666666667,1373.0,6.6477255
88.58333333333333,1269.0,6.6477255
88.83333333333333,1132.0,6.704543666666668
89.0,1058.0,6.704543666666668
89.25,1103.0,7.045452666666668
89.41666666666667,1189.0,7.045452666666668
89.66666666666667,1240.0,7.8977251666666675
89.83333333333333,1240.0,7.8977251666666675
90.0,1117.0,6.81818
90.16666666666667,1117.0,6.988634500000001
90.41666666666667,1200.0,7.102270833333333
90.58333333333333,1156.0,7.102270833333333
90.83333333333333,1080.0,7.443179833333334
91.08333333333333,1082.0,7.613634333333334
91.25,1149.0,7.613634333333334
91.41666666666667,1263.0,6.931816333333333
91.5,1217.0,3.5795445000000004
91.58333333333333,1122.0,3.5795445000000004
91.75,1083.0,3.5795445000000004
92.0,1121.0,7.045452666666668
92.16666666666667,1182.0,7.443179833333334
92.25,1183.0,7.102270833333333
92.41666666666667,1159.0,7.102270833333333
92.5,1190.0,7.215907166666668
92.58333333333333,1240.0,3.522726333333334
92.66666666666667,1204.0,3.522726333333334
92.66666666666667,1199.0,1.8749995000000002
92.83333333333333,1215.0,1.8749995000000002
93.08333333333333,1212.0,7.386361666666668
93.25,1178.0,7.5568161666666676
93.5,1209.0,7.272725333333334
93.75,1303.0,6.931816333333333
93.91666666666667,1263.0,6.931816333333333
94.16666666666667,1097.0,7.215907166666668
94.16666666666667,1142.0,6.931816333333333
94.25,1142.0,6.931816333333333
94.41666666666667,1182.0,6.931816333333333
94.66666666666667,1192.0,6.988634500000001
94.83333333333333,1326.0,6.988634500000001
94.91666666666667,1295.0,7.159089000000001
95.08333333333333,1151.0,7.159089000000001
95.33333333333333,1195.0,7.159089000000001
95.5,1328.0,7.215907166666668
95.5,1332.0,6.6477255
95.58333333333333,1339.0,6.6477255
95.83333333333333,1333.0,7.386361666666668
96.08333333333333,1260.0,7.386361666666668
96.25,1235.0,7.215907166666668
96.33333333333333,1232.0,7.272725333333334
96.58333333333333,1232.0,7.272725333333334
96.83333333333333,1232.0,7.272725333333334
97.0,1250.0,6.704543666666668
97.08333333333333,1249.0,6.704543666666668
97.25,1297.0,7.329543500000001
97.5,1357.0,7.102270833333333
97.66666666666667,1355.0,7.102270833333333
97.91666666666667,1298.0,7.102270833333333
98.0,1298.0,7.159089000000001
98.16666666666667,1293.0,3.5795445000000004
98.33333333333333,1273.0,3.5795445000000004
98.41666666666667,1254.0,6.988634500000001
98.5,1213.0,6.988634500000001
98.66666666666667,1212.0,6.988634500000001
98.91666666666667,1259.0,6.988634500000001
99.08333333333333,1275.0,6.988634500000001
99.25,1295.0,6.477271
99.41666666666667,1306.0,6.477271
99.66666666666667,1342.0,6.477271
99.75,1366.0,8.238634166666667
99.75,1286.0,8.238634166666667
99.75,1247.0,8.238634166666667
99.91666666666667,1250.0,8.238634166666667
100.08333333333333,1270.0,7.5568161666666676
100.25,1224.0,7.443179833333334
100.33333333333333,1203.0,6.534089166666668
100.5,1253.0,8.295452333333333
100.66666666666667,1329.0,8.295452333333333
100.75,1358.0,6.761361833333333
100.75,1290.0,6.761361833333333
100.83333333333333,1227.0,6.761361833333333
101.0,1206.0,6.761361833333333
101.25,1236.0,6.874998166666668
101.41666666666667,1226.0,6.874998166666668
101.58333333333333,1125.0,6.931816333333333
101.75,1134.0,6.931816333333333
102.0,1279.0,6.931816333333333
102.08333333333333,1423.0,6.590907333333333
102.25,1382.0,6.590907333333333
102.41666666666667,1319.0,7.159089000000001
102.66666666666667,1304.0,7.159089000000001
102.83333333333333,1343.0,7.159089000000001
103.0,1459.0,7.159089000000001
103.25,1459.0,7.159089000000001
103.25,1379.0,7.499998000000001
103.5,1279.0,7.499998000000001
103.5,1195.0,6.874998166666668
103.58333333333333,1252.0,6.874998166666668
103.66666666666667,1362.0,8.124997833333333
103.83333333333333,1346.0,8.124997833333333
104.0,1257.0,7.329543500000001
104.16666666666667,1249.0,6.761361833333333
104.25,1347.0,7.159089000000001
104.41666666666667,1403.0,7.159089000000001
104.58333333333333,1412.0,6.874998166666668
104.83333333333333,1365.0,6.704543666666668
104.91666666666667,1341.0,6.81818
105.08333333333333,1344.0,6.81818
105.33333333333333,1351.0,6.81818
105.5,1373.0,7.215907166666668
105.66666666666667,1407.0,6.761361833333333
105.83333333333333,1409.0,6.363634666666667
106.08333333333333,1452.0,6.6477255
106.25,1497.0,6.6477255
106.25,1477.0,5.681816666666667
106.25,1395.0,5.681816666666667
106.41666666666667,1398.0,5.681816666666667
106.66666666666667,1425.0,6.249998333333333
106.83333333333333,1387.0,6.6477255
106.91666666666667,1295.0,6.420452833333333
107.0,1358.0,6.420452833333333
107.16666666666667,1360.0,7.272725333333334
107.41666666666667,1497.0,7.272725333333334
107.5,1427.0,6.704543666666668
107.5,1414.0,6.704543666666668
107.58333333333333,1422.0,6.704543666666668
107.75,1450.0,6.704543666666668
108.0,1477.0,6.761361833333333
108.0,1282.0,6.874998166666668
108.25,1148.0,6.874998166666668
108.33333333333333,1156.0,5.738634833333333
108.5,1259.0,5.738634833333333
108.66666666666667,1413.0,7.386361666666668
108.66666666666667,1485.0,7.386361666666668
108.83333333333333,1453.0,7.386361666666668
109.0,1451.0,6.874998166666668
109.16666666666667,1451.0,6.874998166666668
109.41666666666667,1458.0,6.874998166666668
109.58333333333333,1558.0,6.874998166666668
109.66666666666667,1510.0,3.636362666666667
109.83333333333333,1417.0,3.636362666666667
110.0,1322.0,6.931816333333333
110.0,1293.0,6.193180166666667
110.0,1344.0,6.193180166666667
110.25,1414.0,6.193180166666667
110.41666666666667,1457.0,6.193180166666667
110.5,1468.0,7.272725333333334
110.75,1453.0,7.272725333333334
110.91666666666667,1429.0,7.102270833333333
111.0,1403.0,7.7272706666666675
111.08333333333333,1403.0,7.7272706666666675
111.08333333333333,1488.0,1.6477268333333333
111.16666666666667,1573.0,1.6477268333333333
111.33333333333333,1515.0,3.636362666666667
111.5,1438.0,5.9659075
111.75,1397.0,5.9659075
111.91666666666667,1341.0,5.9659075
111.91666666666667,1329.0,6.931816333333333
112.16666666666667,1350.0,6.931816333333333
112.33333333333333,1314.0,6.477271
112.33333333333333,1287.0,6.363634666666667
112.41666666666667,1353.0,6.363634666666667
112.5,1427.0,6.590907333333333
112.66666666666667,1459.0,6.590907333333333
112.91666666666667,1411.0,6.590907333333333
113.08333333333333,1429.0,6.590907333333333
113.25,1475.0,7.7272706666666675
113.41666666666667,1526.0,7.7272706666666675
113.5,1567.0,5.795453
113.5,1539.0,5.795453
113.5,1469.0,5.795453
113.66666666666667,1452.0,5.795453
113.83333333333333,1491.0,6.363634666666667
114.08333333333333,1563.0,6.988634500000001
114.25,1623.0,6.988634500000001
114.41666666666667,1564.0,6.988634500000001
114.58333333333333,1472.0,5.852271166666667
114.75,1298.0,6.022725666666667
114.75,1298.0,6.363634666666667
114.83333333333333,1487.0,6.363634666666667
114.91666666666667,1623.0,1.704545
114.91666666666667,1610.0,2.0454540000000003
115.08333333333333,1482.0,2.272726666666667
115.33333333333333,1436.0,2.272726666666667
115.41666666666667,1594.0,6.590907333333333
115.58333333333333,1690.0,6.590907333333333
115.75,1596.0,5.738634833333333
115.91666666666667,1269.0,6.249998333333333
115.91666666666667,1280.0,6.534089166666668
116.0,1358.0,6.534089166666668
116.0,1407.0,1.3068178333333333
116.16666666666667,1485.0,2.102272166666667
116.33333333333333,1524.0,2.102272166666667
116.5,1537.0,6.136362
116.58333333333333,1555.0,5.852271166666667
116.75,1633.0,5.852271166666667
116.83333333333333,1691.0,5.9659075
116.91666666666667,1640.0,3.1818173333333335
117.0,1606.0,3.1818173333333335
117.08333333333333,1590.0,2.272726666666667
117.08333333333333,1530.0,2.8977265
117.16666666666667,1559.0,1.8181813333333334
117.41666666666667,1509.0,1.8181813333333334
117.58333333333333,1368.0,5.795453
117.75,1286.0,5.795453
117.83333333333333,1476.0,6.874998166666668
118.0,1483.0,6.874998166666668
118.08333333333333,1527.0,5.909089333333333
118.08333333333333,1538.0,5.909089333333333
118.16666666666667,1648.0,1.4204541666666668
118.25,1734.0,1.4204541666666668
118.33333333333333,1769.0,5.454544
118.5,1674.0,5.454544
118.58333333333333,1524.0,6.534089166666668
118.58333333333333,1619.0,6.534089166666668
118.83333333333333,1702.0,6.534089166666668
118.83333333333333,1703.0,7.102270833333333
119.0,1674.0,7.102270833333333
119.08333333333333,1699.0,6.477271
119.33333333333333,1747.0,6.477271
119.5,1748.0,6.477271
119.66666666666667,1748.0,6.761361833333333
119.83333333333333,1739.0,6.761361833333333
120.0,1682.0,6.761361833333333
120.25,1586.0,6.761361833333333
120.41666666666667,1499.0,6.590907333333333
120.58333333333333,1564.0,6.590907333333333
120.66666666666667,1727.0,6.079543833333333
120.75,1812.0,2.7840901666666666
120.75,1814.0,2.7840901666666666
120.83333333333333,1751.0,1.2499996666666666
120.91666666666667,1626.0,1.2499996666666666
121.08333333333333,1545.0,2.102272166666667
121.25,1575.0,3.068181
121.41666666666667,1600.0,6.3068165
121.58333333333333,1600.0,6.3068165
121.83333333333333,1587.0,6.3068165
122.0,1598.0,6.3068165
122.0,1661.0,6.3068165
122.08333333333333,1810.0,6.3068165
122.25,1892.0,6.3068165
122.5,1801.0,6.3068165
122.66666666666667,1619.0,6.3068165
122.83333333333333,1475.0,6.3068165
123.0,1479.0,6.3068165
123.25,1740.0,6.3068165
123.41666666666667,1821.0,6.3068165
123.5,1696.0,5.9659075
123.58333333333333,1546.0,5.9659075
123.58333333333333,1634.0,1.9886358333333334
123.66666666666667,2015.0,1.9886358333333334
123.83333333333333,2140.0,1.9886358333333334
124.0,2090.0,5.681816666666667
124.16666666666667,1951.0,6.022725666666667
124.33333333333333,1799.0,5.909089333333333
124.41666666666667,1761.0,8.0113615
124.58333333333333,1778.0,8.0113615
124.75,1842.0,8.0113615
124.91666666666667,1822.0,6.193180166666667
124.91666666666667,1640.0,5.852271166666667
124.91666666666667,1491.0,5.852271166666667
125.08333333333333,1480.0,5.852271166666667
125.25,1541.0,5.852271166666667
125.5,1690.0,5.852271166666667
125.66666666666667,1690.0,6.079543833333333
125.75,1750.0,6.022725666666667
125.91666666666667,1785.0,6.022725666666667
126.08333333333333,1866.0,6.022725666666667
126.25,2090.0,5.511362166666667
126.33333333333333,2143.0,6.079543833333333
126.33333333333333,2052.0,6.079543833333333
126.41666666666667,1913.0,6.079543833333333
126.66666666666667,1837.0,6.079543833333333
126.83333333333333,1764.0,6.079543833333333
127.0,1670.0,5.6249985
127.08333333333333,1623.0,5.909089333333333
127.25,1650.0,5.909089333333333
127.33333333333333,1815.0,6.022725666666667
127.41666666666667,1990.0,6.022725666666667
127.41666666666667,1956.0,1.9886358333333334
127.58333333333333,1882.0,1.9886358333333334
127.66666666666667,1907.0,5.227271333333333
127.83333333333333,1904.0,5.227271333333333
128.0,1757.0,5.795453
128.16666666666666,1584.0,5.795453
128.25,1493.0,5.2840895
128.41666666666666,1611.0,5.2840895
128.58333333333334,1735.0,5.738634833333333
128.75,1815.0,6.022725666666667
128.75,1897.0,5.6249985
128.91666666666666,1947.0,5.6249985
128.91666666666666,1950.0,5.909089333333333
129.0,2050.0,5.909089333333333
129.08333333333334,2090.0,1.1363633333333334
129.16666666666666,2016.0,2.9545446666666666
129.33333333333334,1945.0,5.2840895
129.58333333333334,1971.0,5.738634833333333
129.66666666666666,2039.0,5.681816666666667
129.83333333333334,2096.0,5.227271333333333
129.91666666666666,2084.0,5.6249985
130.0,2038.0,5.340907666666666
130.16666666666666,1959.0,5.340907666666666
130.16666666666666,1869.0,5.340907666666666
130.25,1863.0,5.340907666666666
130.41666666666666,1870.0,5.340907666666666
130.58333333333334,1870.0,5.6249985
130.75,1870.0,5.6249985
130.91666666666666,1712.0,5.6249985
130.91666666666666,1646.0,5.397725833333334
131.08333333333334,1908.0,5.397725833333334
131.25,2087.0,5.568180333333333
131.41666666666666,2160.0,5.568180333333333
131.58333333333334,2167.0,5.568180333333333
131.58333333333334,2152.0,5.340907666666666
131.75,2154.0,5.340907666666666
131.83333333333334,2157.0,6.079543833333333
131.91666666666666,2148.0,5.227271333333333
132.08333333333334,2056.0,5.227271333333333
132.25,2001.0,5.227271333333333
132.25,1926.0,5.113635
132.33333333333334,1925.0,5.113635
132.5,1848.0,5.113635
132.66666666666666,1901.0,5.113635
132.66666666666666,1927.0,5.681816666666667
132.83333333333334,1974.0,5.909089333333333
132.91666666666666,2017.0,4.9431805
132.91666666666666,2047.0,4.9431805
133.0,2123.0,1.3068178333333333
133.16666666666666,2173.0,2.8409083333333336
133.33333333333334,2178.0,5.340907666666666
133.5,2079.0,5.340907666666666
133.66666666666666,1790.0,5.340907666666666
133.75,1652.0,5.340907666666666
133.83333333333334,1603.0,5.056816833333333
134.0,1603.0,5.056816833333333
134.16666666666666,1531.0,5.227271333333333
134.16666666666666,1487.0,4.7159078333333335
134.16666666666666,1510.0,4.7159078333333335
134.25,1627.0,4.7159078333333335
134.25,1877.0,0.9090906666666667
134.41666666666666,2045.0,1.761363166666667
134.5,2072.0,5.170453166666666
134.66666666666666,2093.0,4.8295441666666665
134.83333333333334,2131.0,4.9431805
135.0,2213.0,4.8863623333333335
135.08333333333334,2191.0,4.6022715000000005
135.25,2141.0,4.9999986666666665
135.41666666666666,1983.0,4.9999986666666665
135.41666666666666,1751.0,4.7159078333333335
135.41666666666666,1751.0,4.7159078333333335
135.41666666666666,1561.0,4.7159078333333335
135.41666666666666,1570.0,4.7159078333333335
135.58333333333334,1639.0,4.7159078333333335
135.66666666666666,1680.0,4.431817000000001
135.75,1729.0,2.3295448333333333
135.91666666666666,1856.0,4.6022715000000005
136.0,2059.0,4.261362500000001
136.16666666666666,2247.0,4.261362500000001
136.25,2397.0,4.6022715000000005
136.33333333333334,2433.0,4.6022715000000005
136.5,2446.0,4.7159078333333335
136.5,2408.0,4.7159078333333335
136.5,2295.0,4.7159078333333335
136.66666666666666,2065.0,4.7159078333333335
136.83333333333334,1870.0,4.7159078333333335
136.91666666666666,1717.0,4.8863623333333335
137.0,1614.0,4.9999986666666665
137.16666666666666,1623.0,4.9999986666666665
137.25,1670.0,4.659089666666667
137.33333333333334,1806.0,4.9431805
137.5,2027.0,4.9431805
137.58333333333334,2469.0,4.488635166666667
137.75,2578.0,4.9999986666666665
137.83333333333334,2512.0,4.431817000000001
137.91666666666666,2526.0,4.431817000000001
137.91666666666666,2558.0,2.1590903333333333
137.91666666666666,2561.0,2.1590903333333333
138.0,2411.0,0.9659088333333334
138.16666666666666,2050.0,4.6022715000000005
138.33333333333334,1805.0,4.6022715000000005
138.41666666666666,1740.0,5.340907666666666
138.58333333333334,1814.0,5.340907666666666
138.75,1864.0,5.113635
138.83333333333334,1940.0,4.431817000000001
139.0,2075.0,4.431817000000001
139.0,2199.0,4.090908000000001
139.16666666666666,2328.0,4.090908000000001
139.33333333333334,2486.0,5.056816833333333
139.33333333333334,2625.0,4.488635166666667
139.33333333333334,2696.0,4.488635166666667
139.33333333333334,2696.0,4.488635166666667
139.41666666666666,2631.0,4.488635166666667
139.58333333333334,2631.0,4.488635166666667
139.66666666666666,2619.0,4.9431805
139.75,2425.0,3.806817166666667
139.91666666666666,2236.0,4.261362500000001
140.0,2075.0,4.204544333333334
140.16666666666666,2025.0,4.204544333333334
140.33333333333334,2138.0,4.318180666666667
140.41666666666666,2202.0,4.545453333333334
140.58333333333334,2158.0,4.545453333333334
140.66666666666666,2131.0,4.6022715000000005
140.66666666666666,2118.0,4.6022715000000005
140.66666666666666,2190.0,4.6022715000000005
140.83333333333334,2321.0,4.6022715000000005
141.0,2322.0,4.374998833333334
141.08333333333334,2440.0,4.7159078333333335
141.25,2562.0,4.7159078333333335
141.33333333333334,2520.0,4.9999986666666665
141.5,2410.0,4.9999986666666665
141.66666666666666,2286.0,4.318180666666667
141.66666666666666,2193.0,4.318180666666667
141.66666666666666,2207.0,4.318180666666667
141.83333333333334,2203.0,4.318180666666667
142.0,2129.0,4.431817000000001
142.08333333333334,2044.0,4.659089666666667
142.25,2038.0,4.659089666666667
142.33333333333334,2124.0,4.090908000000001
142.41666666666666,2163.0,3.8636353333333338
142.41666666666666,2161.0,3.8636353333333338
142.41666666666666,2255.0,3.8636353333333338
142.58333333333334,2402.0,3.8636353333333338
142.75,2405.0,4.545453333333334
142.83333333333334,2330.0,4.8863623333333335
143.0,2256.0,4.659089666666667
143.08333333333334,2055.0,4.318180666666667
143.16666666666666,1989.0,4.318180666666667
143.25,1993.0,1.8181813333333334
143.33333333333334,2019.0,4.147726166666667
143.41666666666666,1914.0,2.102272166666667
143.58333333333334,1940.0,4.9431805
143.66666666666666,2012.0,4.261362500000001
143.75,2250.0,4.374998833333334
143.75,2261.0,4.374998833333334
143.75,2261.0,4.374998833333334
143.83333333333334,2271.0,0.8522725
144.0,2331.0,4.261362500000001
144.16666666666666,2448.0,4.261362500000001
144.25,2446.0,3.8636353333333338
144.33333333333334,2234.0,3.9772716666666668
144.41666666666666,2208.0,3.9772716666666668
144.58333333333334,2321.0,4.7727260000000005
144.66666666666666,2406.0,5.113635
144.83333333333334,2305.0,3.9204535000000003
144.91666666666666,2142.0,4.8863623333333335
145.0,2169.0,4.090908000000001
145.0,2272.0,4.090908000000001
145.0,2347.0,4.090908000000001
145.16666666666666,2168.0,4.090908000000001
145.25,2030.0,4.659089666666667
145.33333333333334,2079.0,4.659089666666667
145.5,2213.0,4.659089666666667
145.58333333333334,2382.0,4.431817000000001
145.75,2361.0,4.261362500000001
145.83333333333334,2273.0,4.261362500000001
146.0,2218.0,4.261362500000001
146.08333333333334,2232.0,4.545453333333334
146.16666666666666,2191.0,4.261362500000001
146.33333333333334,2156.0,4.261362500000001
146.5,2085.0,4.488635166666667
146.58333333333334,2036.0,4.034089833333334
146.66666666666666,2021.0,3.7499990000000003
146.66666666666666,2129.0,3.5795445000000004
146.66666666666666,2297.0,3.5795445000000004
146.83333333333334,2320.0,3.5795445000000004
146.91666666666666,2273.0,3.9772716666666668
146.91666666666666,2265.0,4.090908000000001
147.08333333333334,2271.0,4.090908000000001
147.16666666666666,2213.0,4.261362500000001
147.33333333333334,2154.0,4.261362500000001
147.41666666666666,2250.0,4.261362500000001
147.58333333333334,2332.0,4.204544333333334
147.58333333333334,2295.0,4.204544333333334
147.66666666666666,2179.0,1.8181813333333334
147.83333333333334,2008.0,3.7499990000000003
147.91666666666666,1987.0,3.8636353333333338
148.08333333333334,2073.0,3.8636353333333338
148.08333333333334,2073.0,3.9204535000000003
148.08333333333334,2083.0,3.9204535000000003
148.08333333333334,2086.0,3.9204535000000003
148.08333333333334,2146.0,3.9204535000000003
148.16666666666666,2205.0,0.681818
148.25,2241.0,0.681818
148.33333333333334,2226.0,3.7499990000000003
148.5,2134.0,3.7499990000000003
148.58333333333334,2153.0,3.9772716666666668
148.66666666666666,2162.0,3.7499990000000003
148.75,2146.0,3.7499990000000003
148.83333333333334,2100.0,3.8636353333333338
149.0,2062.0,3.8636353333333338
149.0,2063.0,4.261362500000001
149.16666666666666,2053.0,4.261362500000001
149.16666666666666,2076.0,3.8636353333333338
149.16666666666666,2221.0,3.8636353333333338
149.16666666666666,2235.0,3.8636353333333338
149.33333333333334,2182.0,3.8636353333333338
149.41666666666666,2156.0,4.431817000000001
149.41666666666666,2184.0,3.7499990000000003
149.5,2176.0,3.7499990000000003
149.58333333333334,2169.0,1.2499996666666666
149.75,2232.0,1.2499996666666666
149.83333333333334,2354.0,3.9204535000000003
149.91666666666666,2435.0,4.374998833333334
150.0,2398.0,3.352271833333334
150.08333333333334,2400.0,3.352271833333334
150.08333333333334,2387.0,1.8749995000000002
150.25,2411.0,1.9318176666666669
150.33333333333334,2328.0,4.488635166666667
150.33333333333334,2204.0,3.4659081666666665
150.33333333333334,2099.0,3.4659081666666665
150.41666666666666,2156.0,3.4659081666666665
150.41666666666666,2200.0,0.8522725
150.41666666666666,2113.0,0.8522725
150.5,2001.0,1.3068178333333333
150.58333333333334,2052.0,1.3068178333333333
150.66666666666666,2412.0,1.704545
150.83333333333334,2436.0,3.8636353333333338
150.91666666666666,2397.0,4.318180666666667
151.0,2400.0,3.8636353333333338
151.16666666666666,2460.0,3.8636353333333338
151.16666666666666,2460.0,3.9204535000000003
151.16666666666666,2449.0,3.9204535000000003
151.33333333333334,2388.0,3.9204535000000003
151.33333333333334,2224.0,4.488635166666667
151.41666666666666,2145.0,4.488635166666667
151.5,2145.0,3.40909
151.58333333333334,2119.0,3.9204535000000003
151.58333333333334,2065.0,3.9204535000000003
151.58333333333334,2019.0,3.9204535000000003
151.58333333333334,2150.0,3.9204535000000003
151.75,2212.0,3.9204535000000003
151.83333333333334,2244.0,3.5795445000000004
151.91666666666666,2324.0,3.40909
152.0,2419.0,3.4659081666666665
152.16666666666666,2482.0,3.4659081666666665
152.25,2418.0,3.7499990000000003
152.33333333333334,2361.0,3.7499990000000003
152.5,2389.0,3.7499990000000003
152.5,2414.0,4.147726166666667
152.58333333333334,2369.0,1.8749995000000002
152.58333333333334,2307.0,1.8749995000000002
152.66666666666666,2284.0,1.704545
152.66666666666666,2304.0,1.704545
152.75,2292.0,1.1931815000000001
152.83333333333334,2282.0,3.40909
152.83333333333334,2278.0,3.40909
152.83333333333334,2302.0,3.40909
152.91666666666666,2493.0,3.40909
153.0,2561.0,0.8522725
153.08333333333334,2581.0,3.9204535000000003
153.16666666666666,2610.0,3.9772716666666668
153.33333333333334,2550.0,3.9772716666666668
153.41666666666666,2434.0,4.431817000000001
153.5,2286.0,3.522726333333334
153.58333333333334,2144.0,3.4659081666666665
153.66666666666666,2062.0,3.2386355
153.75,2122.0,3.2386355
153.83333333333334,2193.0,3.9204535000000003
153.83333333333334,2217.0,3.9204535000000003
153.91666666666666,2186.0,1.5340905
153.91666666666666,2181.0,1.5340905
154.0,2365.0,1.5340905
154.0,2365.0,1.2499996666666666
154.08333333333334,2481.0,1.6477268333333333
154.25,2521.0,1.6477268333333333
154.33333333333334,2420.0,3.40909
154.33333333333334,2270.0,3.352271833333334
154.41666666666666,2146.0,1.6477268333333333
154.58333333333334,2079.0,3.636362666666667
154.66666666666666,2108.0,3.8636353333333338
154.75,2103.0,3.2954536666666665
154.75,2004.0,3.068181
154.75,1963.0,3.068181
154.91666666666666,2043.0,3.068181
155.0,2220.0,4.204544333333334
155.08333333333334,2230.0,3.2386355
155.16666666666666,2207.0,3.2954536666666665
155.25,2233.0,3.068181
155.33333333333334,2377.0,3.068181
155.41666666666666,2388.0,1.761363166666667
155.5,2304.0,3.636362666666667
155.58333333333334,2172.0,3.1249991666666666
155.75,2022.0,3.1249991666666666
155.83333333333334,1891.0,3.40909
155.91666666666666,1906.0,3.1249991666666666
155.91666666666666,1986.0,3.1249991666666666
156.0,2092.0,1.704545
156.08333333333334,2268.0,3.5795445000000004
156.25,2295.0,3.5795445000000004
156.33333333333334,2297.0,3.9204535000000003
156.41666666666666,2411.0,3.1818173333333335
156.5,2484.0,2.7840901666666666
156.58333333333334,2407.0,3.9204535000000003
156.66666666666666,2378.0,2.9545446666666666
156.66666666666666,2360.0,2.9545446666666666
156.75,2321.0,2.9545446666666666
156.83333333333334,2115.0,1.1363633333333334
156.91666666666666,1966.0,3.068181
156.91666666666666,1917.0,3.2954536666666665
156.91666666666666,1940.0,3.2954536666666665
157.0,2013.0,3.2954536666666665
157.08333333333334,2048.0,3.806817166666667
157.16666666666666,2122.0,3.1249991666666666
157.25,2122.0,3.068181
157.25,2455.0,3.068181
157.33333333333334,2455.0,3.068181
157.41666666666666,2804.0,1.0227270000000002
157.5,2894.0,2.8977265
157.58333333333334,2887.0,3.352271833333334
157.66666666666666,2844.0,3.068181
157.75,2681.0,3.2954536666666665
157.83333333333334,2483.0,2.8409083333333336
157.91666666666666,2284.0,2.8409083333333336
158.0,2126.0,3.806817166666667
158.0,2062.0,3.806817166666667
158.08333333333334,2078.0,1.4772723333333333
158.16666666666666,2086.0,2.6136356666666667
158.25,2145.0,2.9545446666666666
158.25,2163.0,2.9545446666666666
158.25,2323.0,2.9545446666666666
158.25,2382.0,2.9545446666666666
158.25,2411.0,2.9545446666666666
158.33333333333334,2400.0,0.5681816666666667
158.41666666666666,2377.0,2.8409083333333336
158.5,2485.0,2.7840901666666666
158.58333333333334,2551.0,2.7840901666666666
158.58333333333334,2483.0,2.4999993333333332
158.58333333333334,2318.0,2.4999993333333332
158.66666666666666,2328.0,2.4999993333333332
158.75,2271.0,0.8522725
158.75,2233.0,2.727272
158.83333333333334,2262.0,2.3295448333333333
158.83333333333334,2621.0,2.3295448333333333
158.91666666666666,2964.0,2.3295448333333333
158.91666666666666,3189.0,1.0227270000000002
159.0,3398.0,1.0227270000000002
159.0,3939.0,1.704545
159.0,4413.0,1.704545
159.0,4494.0,1.704545
159.08333333333334,4559.0,1.704545
159.08333333333334,4591.0,0.6249998333333333
159.08333333333334,4440.0,0.6249998333333333
159.08333333333334,4202.0,0.6249998333333333
159.08333333333334,3702.0,0.6249998333333333
159.08333333333334,2883.0,0.6249998333333333
159.08333333333334,1912.0,0.6249998333333333
159.08333333333334,1266.0,0.6249998333333333
159.08333333333334,1197.0,0.6249998333333333
159.08333333333334,1197.0,0.6249998333333333
159.08333333333334,1141.0,0.6249998333333333
159.08333333333334,673.0,0.6249998333333333
159.08333333333334,221.0,0.6249998333333333
159.08333333333334,77.0,0.6249998333333333
159.08333333333334,5.0,0.6249998333333333
159.16666666666666,0.0,0.22727266666666668
159.16666666666666,43.0,0.22727266666666668
159.16666666666666,106.0,0.22727266666666668
159.16666666666666,167.0,0.22727266666666668
159.16666666666666,252.0,0.22727266666666668
159.16666666666666,286.0,0.22727266666666668
159.16666666666666,285.0,0.22727266666666668
159.16666666666666,239.0,0.22727266666666668
159.16666666666666,149.0,0.22727266666666668
159.16666666666666,95.0,0.22727266666666668
159.25,39.0,0.28409083333333335
159.25,1.0,0.28409083333333335
159.25,0.0,0.28409083333333335
159.25,1.0,0.28409083333333335
159.25,0.0,0.28409083333333335
159.25,1.0,0.28409083333333335
159.25,0.0,0.28409083333333335
159.25,0.0,0.28409083333333335
159.25,0.0,0.28409083333333335
159.25,0.0,0.28409083333333335
159.25,0.0,0.28409083333333335
159.25,0.0,0.28409083333333335
159.25,0.0,0.28409083333333335
159.25,0.0,0.28409083333333335
159.25,0.0,0.28409083333333335
159.25,1.0,0.28409083333333335
159.25,0.0,0.28409083333333335
159.25,1.0,0.28409083333333335
159.25,0.0,0.28409083333333335
159.25,0.0,0.28409083333333335
159.25,1.0,0.28409083333333335
159.25,1.0,0.28409083333333335
159.25,0.0,0.28409083333333335
159.25,1.0,0.28409083333333335
159.25,1.0,0.28409083333333335
159.25,0.0,0.28409083333333335
159.25,0.0,0.28409083333333335
159.25,0.0,0.28409083333333335
159.25,0.0,0.28409083333333335
159.25,0.0,0.28409083333333335
159.25,0.0,0.28409083333333335
159.25,0.0,0.28409083333333335
159.25,0.0,0.28409083333333335
159.25,1.0,0.28409083333333335
159.25,1.0,0.28409083333333335
159.25,0.0,0.28409083333333335
159.25,0.0,0.28409083333333335
159.25,0.0,0.28409083333333335
159.25,0.0,0.28409083333333335
159.25,0.0,0.28409083333333335
159.25,0.0,0.28409083333333335
159.25,0.0,0.28409083333333335
159.25,0.0,0.28409083333333335
159.25,0.0,0.28409083333333335
159.25,0.0,0.28409083333333335
159.25,0.0,0.28409083333333335
159.25,0.0,0.28409083333333335
159.25,0.0,0.28409083333333335
159.25,0.0,0.28409083333333335
159.25,0.0,0.28409083333333335
159.25,0.0,0.28409083333333335
159.25,0.0,0.28409083333333335
159.25,0.0,0.28409083333333335
159.25,0.0,0.28409083333333335
159.25,0.0,0.28409083333333335
159.25,0.0,0.28409083333333335
159.25,0.0,0.28409083333333335
159.25,0.0,0.28409083333333335
159.25,0.0,0.28409083333333335
159.25,0.0,0.28409083333333335
159.25,0.0,0.28409083333333335
159.25,0.0,0.0
159.25,0.0,0.0
159.25,0.0,0.0
159.25,0.0,0.0
159.25,0.0,0.0
159.25,0.0,0.0
159.25,0.0,0.0
159.25,0.0,0.0
159.25,0.0,0.0
159.25,0.0,0.0
159.25,0.0,0.0
159.25,0.0,0.0
159.25,0.0,0.0
159.25,0.0,0.0
159.25,0.0,0.0
159.25,0.0,0.0
159.25,0.0,0.0
159.25,0.0,0.0
159.25,0.0,0.0
159.25,0.0,0.0
159.25,0.0,0.0
159.25,3.0,0.0
159.25,3.0,0.0
159.25,1.0,0.0
159.25,0.0,0.0
159.25,0.0,0.0
159.25,0.0,0.0
159.25,0.0,0.0
159.25,0.0,0.0
159.25,0.0,0.0
159.25,0.0,0.0
159.25,0.0,0.0
159.25,0.0,0.0
159.25,0.0,0.0
159.25,0.0,0.0
159.25,0.0,0.0
159.25,0.0,0.0
159.25,0.0,0.0
159.25,0.0,0.0
159.25,0.0,0.0
159.25,0.0,0.0
159.25,0.0,0.0
159.25,0.0,0.0
159.25,0.0,0.0
159.25,0.0,0.0
159.25,0.0,0.0
159.25,0.0,0.0
159.25,0.0,0.0
159.25,0.0,0.0
159.25,0.0,0.0
159.25,0.0,0.0
159.25,0.0,0.0
159.25,0.0,0.0
159.25,4.0,0.0
159.25,7.0,0.0
159.25,7.0,0.0
159.25,2.0,0.0
159.25,0.0,0.0
159.25,0.0,0.0
159.25,0.0,0.0
159.25,0.0,0.0
159.25,0.0,0.0
159.25,0.0,0.0
159.25,1.0,0.0
159.25,0.0,0.0
159.25,0.0,0.0
159.25,0.0,0.0
159.25,0.0,0.0
159.25,0.0,0.0
159.25,0.0,0.0
159.25,0.0,0.0
159.25,0.0,0.0
159.25,0.0,0.0
159.25,0.0,0.0
159.25,0.0,0.0
159.25,0.0,0.0
159.25,0.0,0.0
159.25,0.0,0.0
159.25,0.0,0.0
159.25,0.0,0.0
159.25,0.0,0.0
159.25,0.0,0.0
159.25,0.0,0.0
159.25,0.0,0.0
159.25,0.0,0.0
159.25,0.0,0.0
159.25,0.0,0.0
159.25,0.0,0.0
159.25,0.0,0.0
159.25,1.0,0.0
