0.0,5094.0,0.0
0.0,5093.0,0.0
0.0,5094.0,0.0
0.0,5093.0,0.0
0.0,5093.0,0.0
0.0,5093.0,0.0
0.0,5093.0,0.0
0.0,5093.0,0.0
0.0,5093.0,0.0
0.0,5093.0,0.0
0.0,5094.0,0.0
0.0,5093.0,0.0
0.0,5093.0,0.0
0.0,5093.0,0.0
0.0,5094.0,0.0
0.0,5094.0,0.0
0.0,5094.0,0.0
0.0,5094.0,0.0
0.0,5094.0,0.0
0.0,5094.0,0.0
0.0,5094.0,0.0
0.0,5093.0,0.0
0.0,5093.0,0.0
0.0,5094.0,0.0
0.0,5094.0,0.0
0.0,5094.0,0.0
0.0,5094.0,0.0
0.0,5094.0,0.0
0.0,5094.0,0.0
0.0,5093.0,0.0
0.0,5094.0,0.0
0.0,5094.0,0.0
0.0,5094.0,0.0
0.0,5093.0,0.0
0.0,5093.0,0.0
0.0,5094.0,0.0
0.0,5094.0,0.0
0.0,5094.0,0.0
0.0,5093.0,0.0
0.0,5094.0,0.0
0.0,5094.0,0.0
0.0,5094.0,0.0
0.0,5094.0,0.0
0.0,5094.0,0.0
0.0,5093.0,0.0
0.0,5094.0,0.0
0.0,5094.0,0.0
0.0,5094.0,0.0
0.0,5095.0,0.0
0.0,5095.0,0.0
0.0,5094.0,0.0
0.0,5094.0,0.0
0.0,5093.0,0.0
0.0,5093.0,0.0
0.0,5094.0,0.0
0.0,5094.0,0.0
0.0,5093.0,0.0
0.0,5094.0,0.0
0.0,5094.0,0.0
0.0,5093.0,0.0
0.0,5093.0,0.0
0.0,5093.0,0.0
0.0,5094.0,0.0
0.0,5094.0,0.0
0.0,5094.0,0.0
0.0,5093.0,0.0
0.0,5094.0,0.0
0.0,5093.0,0.0
0.0,5093.0,0.0
0.0,5093.0,0.0
0.0,5094.0,0.0
0.0,5095.0,0.0
0.0,5094.0,0.0
0.0,5093.0,0.0
0.0,5094.0,0.0
0.0,5094.0,0.0
0.0,5095.0,0.0
0.0,5095.0,0.0
0.0,5095.0,0.0
0.0,5094.0,0.0
0.0,5094.0,0.0
0.0,5094.0,0.0
0.0,5094.0,0.0
0.0,5094.0,0.0
0.0,5093.0,0.0
0.0,5094.0,0.0
0.0,5094.0,0.0
0.0,5093.0,0.0
0.0,5094.0,0.0
0.0,5094.0,0.0
0.0,5092.0,0.0
0.0,5094.0,0.0
0.0,5094.0,0.0
0.0,5093.0,0.0
0.0,5093.0,0.0
0.0,5093.0,0.0
0.0,5093.0,0.0
0.0,5094.0,0.0
0.0,5093.0,0.0
0.0,5093.0,0.0
0.0,5093.0,0.0
0.0,5094.0,0.0
0.0,5093.0,0.0
0.0,5093.0,0.0
0.08333333333333333,5093.0,0.1704545
0.08333333333333333,5093.0,0.1704545
0.08333333333333333,5093.0,0.1704545
0.08333333333333333,5093.0,0.1704545
0.08333333333333333,5093.0,0.1704545
0.08333333333333333,5093.0,0.1704545
0.08333333333333333,5093.0,0.1704545
0.16666666666666666,5093.0,0.1704545
0.16666666666666666,5093.0,0.1704545
0.16666666666666666,5093.0,0.1704545
0.25,5094.0,0.1704545
0.25,5094.0,0.7954543333333334
0.25,5093.0,0.7954543333333334
0.25,5094.0,0.7954543333333334
0.25,5093.0,0.7954543333333334
0.25,5094.0,0.7954543333333334
0.25,5093.0,0.7954543333333334
0.25,5093.0,0.7954543333333334
0.25,5094.0,0.7954543333333334
0.25,5094.0,0.7954543333333334
0.25,5094.0,0.7954543333333334
0.25,5094.0,0.7954543333333334
0.25,5093.0,0.7954543333333334
0.25,5095.0,0.7954543333333334
0.25,5094.0,0.7954543333333334
0.25,5094.0,0.7954543333333334
0.25,5094.0,0.7954543333333334
0.25,5093.0,0.7954543333333334
0.25,5094.0,0.7954543333333334
0.25,5094.0,0.7954543333333334
0.25,5094.0,0.7954543333333334
0.25,5094.0,0.7954543333333334
0.25,5094.0,0.7954543333333334
0.25,5094.0,0.7954543333333334
0.25,5093.0,0.7954543333333334
0.25,5094.0,0.7954543333333334
0.25,5094.0,0.7954543333333334
0.25,5093.0,0.7954543333333334
0.25,5094.0,0.7954543333333334
0.25,5093.0,0.7954543333333334
0.25,5094.0,0.7954543333333334
0.25,5094.0,0.7954543333333334
0.25,5094.0,0.7954543333333334
0.25,5094.0,0.7954543333333334
0.25,5094.0,0.7954543333333334
0.25,5093.0,0.7954543333333334
0.25,5093.0,0.7954543333333334
0.25,5093.0,0.7954543333333334
0.25,5093.0,0.7954543333333334
0.25,5093.0,0.7954543333333334
0.25,5094.0,0.7954543333333334
0.25,5094.0,0.7954543333333334
0.25,5094.0,0.7954543333333334
0.25,5094.0,0.7954543333333334
0.25,5094.0,0.7954543333333334
0.25,5093.0,0.7954543333333334
0.25,5094.0,0.7954543333333334
0.25,5094.0,0.7954543333333334
0.25,5093.0,0.7954543333333334
0.25,5094.0,0.7954543333333334
0.25,5094.0,0.7954543333333334
0.25,5094.0,0.0
0.25,5092.0,0.0
0.25,5093.0,0.0
0.25,5094.0,0.0
0.25,5094.0,0.0
0.25,5093.0,0.0
0.25,5093.0,0.0
0.25,5094.0,0.0
0.25,5094.0,0.0
0.25,5094.0,0.0
0.25,5094.0,0.0
0.25,5094.0,0.0
0.25,5094.0,0.0
0.25,5094.0,0.0
0.25,5094.0,0.0
0.25,5094.0,0.0
0.25,5093.0,0.0
0.25,5094.0,0.0
0.25,5094.0,0.0
0.25,5094.0,0.0
0.25,5094.0,0.0
0.25,5093.0,0.0
0.25,5094.0,0.0
0.25,5095.0,0.0
0.25,5094.0,0.0
0.25,5094.0,0.0
0.25,5094.0,0.0
0.25,5094.0,0.0
0.25,5094.0,0.0
0.25,5094.0,0.0
0.25,5094.0,0.0
0.25,5095.0,0.0
0.25,5094.0,0.0
0.25,5095.0,0.0
0.25,5095.0,0.0
0.25,5094.0,0.0
0.25,5094.0,0.0
0.25,5094.0,0.0
0.25,5095.0,0.0
0.25,5094.0,0.0
0.25,5093.0,0.0
0.25,5093.0,0.0
0.25,5094.0,0.0
0.25,5092.0,0.0
0.25,5094.0,0.0
0.25,5094.0,0.0
0.25,5094.0,0.0
0.25,5093.0,0.0
0.25,5093.0,0.0
0.25,5093.0,0.0
0.25,5094.0,0.0
0.25,5093.0,0.0
0.25,5093.0,0.0
0.25,5094.0,0.0
0.25,5093.0,0.0
0.25,5094.0,0.0
0.25,5094.0,0.0
0.25,5093.0,0.0
0.25,5093.0,0.0
0.25,5094.0,0.0
0.25,5094.0,0.0
0.25,5094.0,0.0
0.25,5094.0,0.0
0.25,5094.0,0.0
0.25,5094.0,0.0
0.25,5095.0,0.0
0.25,5094.0,0.0
0.25,5094.0,0.0
0.25,5094.0,0.0
0.25,5095.0,0.0
0.25,5095.0,0.0
0.25,5095.0,0.0
0.25,5094.0,0.0
0.25,5094.0,0.0
0.25,5093.0,0.0
0.25,5095.0,0.0
0.25,5094.0,0.0
0.25,5094.0,0.0
0.25,5094.0,0.0
0.25,5093.0,0.0
0.25,5093.0,0.0
0.25,5094.0,0.0
0.25,5094.0,0.0
0.25,5093.0,0.0
0.25,5093.0,0.0
0.25,5093.0,0.0
0.25,5093.0,0.0
0.25,5094.0,0.0
0.25,5094.0,0.0
0.25,5094.0,0.0
0.25,5094.0,0.0
0.25,5094.0,0.0
0.25,5093.0,0.0
0.25,5093.0,0.0
0.25,5093.0,0.0
0.25,5094.0,0.0
0.25,5094.0,0.0
0.25,5094.0,0.0
0.25,5093.0,0.0
0.25,5094.0,0.0
0.25,5094.0,0.0
0.25,5093.0,0.0
0.25,5094.0,0.0
0.25,5094.0,0.0
0.25,5094.0,0.0
0.25,5094.0,0.0
0.25,5094.0,0.0
0.25,5094.0,0.0
0.25,5094.0,0.0
0.25,5094.0,0.0
0.25,5094.0,0.0
0.25,5094.0,0.0
0.25,5093.0,0.0
0.25,5094.0,0.0
0.25,5095.0,0.0
0.25,5094.0,0.0
0.25,5094.0,0.0
0.25,5093.0,0.0
0.25,5095.0,0.0
0.25,5093.0,0.0
0.25,5095.0,0.0
0.25,5094.0,0.0
0.25,5094.0,0.0
0.25,5093.0,0.0
0.25,5094.0,0.0
0.25,5094.0,0.0
0.25,5094.0,0.0
0.25,5094.0,0.0
0.25,5094.0,0.0
0.25,5094.0,0.0
0.25,5094.0,0.0
0.25,5093.0,0.0
0.25,5093.0,0.0
0.25,5094.0,0.0
0.25,5094.0,0.0
0.25,5093.0,0.0
0.25,5093.0,0.0
0.25,5094.0,0.0
0.25,5094.0,0.0
0.25,5094.0,0.0
0.25,5093.0,0.0
0.25,5094.0,0.0
0.25,5094.0,0.0
0.25,5094.0,0.0
0.25,5094.0,0.0
0.25,5094.0,0.0
0.25,5094.0,0.0
0.25,5093.0,0.0
0.25,5094.0,0.0
0.25,5094.0,0.0
0.25,5093.0,0.0
0.25,5094.0,0.0
0.25,5093.0,0.0
0.25,5093.0,0.0
0.25,5094.0,0.0
0.25,5094.0,0.0
0.25,5094.0,0.0
0.25,5094.0,0.0
0.25,5094.0,0.0
0.25,5093.0,0.0
0.25,5094.0,0.0
0.25,5093.0,0.0
0.25,5093.0,0.0
0.25,5093.0,0.0
0.25,5094.0,0.0
0.25,5093.0,0.0
0.25,5094.0,0.0
0.25,5094.0,0.0
0.25,5093.0,0.0
0.25,5093.0,0.0
0.25,5094.0,0.0
0.25,5094.0,0.0
0.25,5094.0,0.0
0.25,5093.0,0.0
0.25,5093.0,0.0
0.25,5093.0,0.0
0.25,5094.0,0.0
0.25,5093.0,0.0
0.25,5094.0,0.0
0.25,5093.0,0.0
0.25,5094.0,0.0
0.25,5093.0,0.0
0.25,5094.0,0.0
0.25,5094.0,0.0
0.25,5094.0,0.0
0.25,5094.0,0.0
0.25,5095.0,0.0
0.25,5094.0,0.0
0.25,5095.0,0.0
0.25,5094.0,0.0
0.25,5094.0,0.0
0.25,5094.0,0.0
0.25,5094.0,0.0
0.25,5094.0,0.0
0.25,5093.0,0.0
0.25,5094.0,0.0
0.25,5094.0,0.0
0.25,5094.0,0.0
0.25,5093.0,0.0
0.25,5093.0,0.0
0.25,5093.0,0.0
0.25,5094.0,0.0
0.25,5094.0,0.0
0.25,5094.0,0.0
0.25,5094.0,0.0
0.25,5094.0,0.0
0.25,5094.0,0.0
0.25,5094.0,0.0
0.25,5094.0,0.0
0.25,5094.0,0.0
0.25,5094.0,0.0
0.25,5094.0,0.0
0.25,5094.0,0.0
0.25,5093.0,0.0
0.25,5094.0,0.0
0.25,5094.0,0.0
0.25,5093.0,0.0
0.25,5094.0,0.0
0.25,5093.0,0.0
0.25,5094.0,0.0
0.25,5094.0,0.0
0.25,5094.0,0.0
0.25,5094.0,0.0
0.25,5093.0,0.0
0.25,5094.0,0.0
0.25,5094.0,0.0
0.25,5094.0,0.0
0.25,5094.0,0.0
0.25,5093.0,0.0
0.25,5093.0,0.0
0.25,5093.0,0.0
0.25,5094.0,0.0
0.25,5094.0,0.0
0.25,5094.0,0.0
0.25,5094.0,0.0
0.25,5094.0,0.0
0.25,5093.0,0.0
0.25,5094.0,0.0
0.25,5094.0,0.0
0.25,5094.0,0.0
0.25,5093.0,0.0
0.25,5093.0,0.0
0.25,5093.0,0.0
0.25,5094.0,0.0
0.25,5094.0,0.0
0.25,5094.0,0.0
0.25,5094.0,0.0
0.25,5095.0,0.0
0.25,5094.0,0.0
0.25,5094.0,0.0
0.25,5094.0,0.0
0.25,5093.0,0.0
0.25,5094.0,0.0
0.25,5094.0,0.0
0.25,5094.0,0.0
0.25,5094.0,0.0
0.25,5094.0,0.0
0.25,5094.0,0.0
0.25,5094.0,0.0
0.25,5094.0,0.0
0.25,5094.0,0.0
0.25,5094.0,0.0
0.25,5094.0,0.0
0.25,5094.0,0.0
0.25,5094.0,0.0
0.25,5093.0,0.0
0.25,5094.0,0.0
0.25,5094.0,0.0
0.25,5094.0,0.0
0.25,5094.0,0.0
0.25,5093.0,0.0
0.25,5094.0,0.0
0.25,5094.0,0.0
0.25,5093.0,0.0
0.25,5095.0,0.0
0.25,5094.0,0.0
0.25,5094.0,0.0
0.25,5094.0,0.0
0.25,5095.0,0.0
0.25,5095.0,0.0
0.25,5094.0,0.0
0.25,5094.0,0.0
0.25,5094.0,0.0
0.25,5094.0,0.0
0.25,5094.0,0.0
0.25,5094.0,0.0
0.25,5094.0,0.0
0.25,5094.0,0.0
0.25,5094.0,0.0
0.25,5094.0,0.0
0.25,5094.0,0.0
0.25,5094.0,0.0
0.25,5094.0,0.0
0.25,5094.0,0.0
0.25,5094.0,0.0
0.25,5094.0,0.0
0.25,5094.0,0.0
0.25,5094.0,0.0
0.25,5094.0,0.0
0.25,5094.0,0.0
0.25,5094.0,0.0
0.25,5094.0,0.0
0.25,5094.0,0.0
0.25,5094.0,0.0
0.25,5093.0,0.0
0.25,5093.0,0.0
0.25,5094.0,0.0
0.25,5094.0,0.0
0.25,5093.0,0.0
0.25,5093.0,0.0
0.25,5093.0,0.0
0.25,5093.0,0.0
0.25,5093.0,0.0
0.25,5093.0,0.0
0.25,5094.0,0.0
0.25,5093.0,0.0
0.25,5094.0,0.0
0.25,5094.0,0.0
0.25,5093.0,0.0
0.25,5094.0,0.0
0.25,5093.0,0.0
0.25,5093.0,0.0
0.25,5093.0,0.0
0.25,5093.0,0.0
0.25,5094.0,0.0
0.25,5094.0,0.0
0.25,5094.0,0.0
0.25,5093.0,0.0
0.25,5094.0,0.0
0.25,5093.0,0.0
0.25,5094.0,0.0
0.25,5094.0,0.0
0.25,5094.0,0.0
0.25,5094.0,0.0
0.25,5094.0,0.0
0.25,5094.0,0.0
0.25,5094.0,0.0
0.25,5094.0,0.0
0.25,5094.0,0.0
0.25,5093.0,0.0
0.25,5093.0,0.0
0.25,5093.0,0.0
0.25,5094.0,0.0
0.25,5094.0,0.0
0.25,5093.0,0.0
0.25,5094.0,0.0
0.25,5094.0,0.0
0.25,5094.0,0.0
0.25,5094.0,0.0
0.25,5094.0,0.0
0.25,5094.0,0.0
0.25,5094.0,0.0
0.25,5094.0,0.0
0.25,5094.0,0.0
0.25,5094.0,0.0
0.25,5093.0,0.0
0.25,5094.0,0.0
0.25,5093.0,0.0
0.25,5094.0,0.0
0.25,5094.0,0.0
0.25,5094.0,0.0
0.25,5094.0,0.0
0.25,5094.0,0.0
0.25,5094.0,0.0
0.25,5094.0,0.0
0.25,5093.0,0.0
0.25,5093.0,0.0
0.25,5094.0,0.0
0.25,5093.0,0.0
0.25,5093.0,0.0
0.25,5093.0,0.0
0.25,5093.0,0.0
0.25,5093.0,0.0
0.25,5094.0,0.0
0.25,5093.0,0.0
0.25,5094.0,0.0
0.25,5094.0,0.0
0.25,5093.0,0.0
0.25,5094.0,0.0
0.25,5094.0,0.0
0.25,5094.0,0.0
0.25,5094.0,0.0
0.25,5094.0,0.0
0.25,5094.0,0.0
0.25,5093.0,0.0
0.25,5094.0,0.0
0.25,5093.0,0.0
0.25,5093.0,0.0
0.25,5093.0,0.0
0.25,5093.0,0.0
0.25,5093.0,0.0
0.25,5094.0,0.0
0.25,5093.0,0.0
0.25,5094.0,0.0
0.25,5093.0,0.0
0.25,5094.0,0.0
0.25,5094.0,0.0
0.25,5093.0,0.0
0.25,5094.0,0.0
0.25,5094.0,0.0
0.25,5094.0,0.0
0.25,5094.0,0.0
0.25,5093.0,0.0
0.25,5094.0,0.0
0.25,5094.0,0.0
0.25,5094.0,0.0
0.25,5093.0,0.0
0.25,5093.0,0.0
0.25,5093.0,0.0
0.25,5093.0,0.0
0.25,5094.0,0.0
0.25,5093.0,0.0
0.25,5093.0,0.0
0.25,5094.0,0.0
0.25,5093.0,0.0
0.25,5093.0,0.0
0.25,5093.0,0.0
0.25,5093.0,0.0
0.25,5093.0,0.0
0.25,5093.0,0.0
0.25,5093.0,0.0
0.25,5093.0,0.0
0.25,5094.0,0.0
0.25,5094.0,0.0
0.25,5093.0,0.0
0.25,5093.0,0.0
0.25,5093.0,0.0
0.25,5094.0,0.0
0.25,5094.0,0.0
0.25,5093.0,0.0
0.25,5093.0,0.0
0.25,5093.0,0.0
0.25,5093.0,0.0
0.25,5093.0,0.0
0.25,5094.0,0.0
0.25,5094.0,0.0
0.25,5094.0,0.0
0.25,5094.0,0.0
0.25,5093.0,0.0
0.25,5093.0,0.0
0.25,5093.0,0.0
0.25,5094.0,0.0
0.25,5093.0,0.0
0.25,5094.0,0.0
0.25,5093.0,0.0
0.25,5094.0,0.0
0.25,5093.0,0.0
0.25,5093.0,0.0
0.25,5093.0,0.0
0.25,5094.0,0.0
0.25,5093.0,0.0
0.25,5093.0,0.0
0.25,5093.0,0.0
0.25,5093.0,0.0
0.25,5094.0,0.0
0.25,5094.0,0.0
0.25,5093.0,0.0
0.25,5094.0,0.0
0.25,5094.0,0.0
0.25,5094.0,0.0
0.25,5093.0,0.0
0.25,5093.0,0.0
0.25,5093.0,0.0
0.25,5094.0,0.0
0.25,5093.0,0.0
0.25,5093.0,0.0
0.25,5093.0,0.0
0.25,5093.0,0.0
0.25,5093.0,0.0
0.25,5094.0,0.0
0.25,5093.0,0.0
0.25,5095.0,0.0
0.25,5094.0,0.0
0.25,5094.0,0.0
0.25,5094.0,0.0
0.25,5093.0,0.0
0.25,5093.0,0.0
0.25,5093.0,0.0
0.25,5093.0,0.0
0.25,5094.0,0.0
0.25,5093.0,0.0
0.25,5094.0,0.0
0.25,5093.0,0.0
0.25,5094.0,0.0
0.25,5094.0,0.0
0.25,5094.0,0.0
0.25,5094.0,0.0
0.25,5094.0,0.0
0.25,5094.0,0.0
0.25,5094.0,0.0
0.25,5094.0,0.0
0.25,5093.0,0.0
0.25,5093.0,0.0
0.25,5094.0,0.0
0.25,5093.0,0.0
0.25,5094.0,0.0
0.25,5093.0,0.0
0.25,5093.0,0.0
0.25,5093.0,0.0
0.25,5093.0,0.0
0.25,5094.0,0.0
0.25,5093.0,0.0
0.25,5093.0,0.0
0.25,5093.0,0.0
0.25,5094.0,0.0
0.25,5093.0,0.0
0.25,5093.0,0.0
0.25,5094.0,0.0
0.25,5093.0,0.0
0.25,5093.0,0.0
0.25,5093.0,0.0
0.25,5093.0,0.0
0.25,5093.0,0.0
0.25,5093.0,0.0
0.25,5093.0,0.0
0.25,5094.0,0.0
0.25,5095.0,0.0
0.25,5095.0,0.0
0.25,5094.0,0.0
0.25,5094.0,0.0
0.25,5094.0,0.0
0.25,5094.0,0.0
0.25,5094.0,0.0
0.25,5094.0,0.0
0.25,5094.0,0.0
0.25,5094.0,0.0
0.25,5094.0,0.0
0.25,5094.0,0.0
0.25,5094.0,0.0
0.25,5093.0,0.0
0.25,5093.0,0.0
0.25,5094.0,0.0
0.25,5094.0,0.0
0.25,5094.0,0.0
0.25,5094.0,0.0
0.25,5093.0,0.0
0.25,5093.0,0.0
0.25,5093.0,0.0
0.25,5093.0,0.0
0.25,5094.0,0.0
0.25,5094.0,0.0
0.25,5094.0,0.0
0.25,5094.0,0.0
0.25,5094.0,0.0
0.25,5094.0,0.0
0.25,5094.0,0.0
0.25,5094.0,0.0
0.25,5094.0,0.0
0.25,5094.0,0.0
0.25,5094.0,0.0
0.25,5094.0,0.0
0.25,5093.0,0.0
0.25,5094.0,0.0
0.25,5094.0,0.0
0.25,5095.0,0.0
0.25,5094.0,0.0
0.25,5094.0,0.0
0.25,5094.0,0.0
0.25,5095.0,0.0
0.25,5095.0,0.0
0.25,5094.0,0.0
0.25,5094.0,0.0
0.25,5094.0,0.0
0.25,5094.0,0.0
0.25,5094.0,0.0
0.25,5093.0,0.7954543333333334
0.25,5094.0,0.7954543333333334
0.25,5094.0,0.7954543333333334
0.25,5094.0,0.7954543333333334
0.25,5094.0,0.7954543333333334
0.25,5094.0,0.7954543333333334
0.3333333333333333,5094.0,0.7954543333333334
0.3333333333333333,5095.0,0.0
0.3333333333333333,5094.0,0.0
0.3333333333333333,5094.0,0.0
0.3333333333333333,5095.0,0.0
0.3333333333333333,5093.0,0.0
0.3333333333333333,5094.0,0.0
0.3333333333333333,5094.0,0.0
0.3333333333333333,5094.0,0.0
0.3333333333333333,5093.0,0.0
0.4166666666666667,5093.0,0.0
0.4166666666666667,5094.0,0.28409083333333335
0.4166666666666667,5094.0,0.28409083333333335
0.4166666666666667,5094.0,0.28409083333333335
0.4166666666666667,5094.0,0.28409083333333335
0.4166666666666667,5093.0,0.28409083333333335
0.4166666666666667,5093.0,0.28409083333333335
0.5,5094.0,0.28409083333333335
0.5,5093.0,0.3977271666666667
0.5,5094.0,0.3977271666666667
0.5,5094.0,0.3977271666666667
0.5,5094.0,0.3977271666666667
0.5,5094.0,0.3977271666666667
0.5,5094.0,0.3977271666666667
0.5833333333333334,5094.0,0.3977271666666667
0.5833333333333334,5094.0,0.3977271666666667
0.5833333333333334,5094.0,0.3977271666666667
0.5833333333333334,5093.0,0.3977271666666667
0.5833333333333334,5093.0,0.3977271666666667
0.5833333333333334,5094.0,0.3977271666666667
0.6666666666666666,5093.0,0.3977271666666667
0.6666666666666666,5093.0,0.45454533333333336
0.6666666666666666,5094.0,0.45454533333333336
0.6666666666666666,5093.0,0.45454533333333336
0.6666666666666666,5094.0,0.45454533333333336
0.75,5093.0,0.45454533333333336
0.75,5093.0,0.5681816666666667
0.75,5093.0,0.5681816666666667
0.75,5094.0,0.5681816666666667
0.75,5094.0,0.5681816666666667
0.8333333333333334,5093.0,0.6249998333333333
0.8333333333333334,5094.0,0.6249998333333333
0.8333333333333334,5094.0,0.6249998333333333
0.8333333333333334,5093.0,0.6249998333333333
0.8333333333333334,5094.0,0.6249998333333333
0.8333333333333334,5094.0,0.6249998333333333
0.8333333333333334,5094.0,0.6249998333333333
0.8333333333333334,5094.0,0.6249998333333333
0.8333333333333334,5094.0,0.6249998333333333
0.8333333333333334,5094.0,0.6249998333333333
0.8333333333333334,5093.0,0.6249998333333333
0.8333333333333334,5093.0,0.6249998333333333
0.8333333333333334,5093.0,0.6249998333333333
0.8333333333333334,5094.0,0.6249998333333333
0.8333333333333334,5094.0,0.6249998333333333
0.8333333333333334,5094.0,0.6249998333333333
0.8333333333333334,5094.0,0.6249998333333333
0.8333333333333334,5093.0,0.6249998333333333
0.8333333333333334,5094.0,0.6249998333333333
0.8333333333333334,5094.0,0.6249998333333333
0.8333333333333334,5094.0,0.6249998333333333
0.8333333333333334,5095.0,0.6249998333333333
0.8333333333333334,5094.0,0.6249998333333333
0.8333333333333334,5094.0,0.6249998333333333
0.8333333333333334,5093.0,0.6249998333333333
0.8333333333333334,5093.0,0.6249998333333333
0.8333333333333334,5093.0,0.6249998333333333
0.8333333333333334,5093.0,0.6249998333333333
0.8333333333333334,5093.0,0.6249998333333333
0.8333333333333334,5093.0,0.6249998333333333
0.9166666666666666,5094.0,0.6249998333333333
0.9166666666666666,5093.0,0.11363633333333334
0.9166666666666666,5093.0,0.11363633333333334
0.9166666666666666,5093.0,0.11363633333333334
1.0,5094.0,0.9659088333333334
1.0,5094.0,0.9659088333333334
1.0,5094.0,0.9659088333333334
1.0833333333333333,5094.0,0.9659088333333334
1.0833333333333333,5093.0,0.9659088333333334
1.1666666666666667,5094.0,0.9659088333333334
1.1666666666666667,5094.0,1.0795451666666667
1.1666666666666667,5093.0,1.0795451666666667
1.25,5094.0,1.1363633333333334
1.25,5093.0,1.1363633333333334
1.3333333333333333,5093.0,1.1363633333333334
1.3333333333333333,5094.0,1.2499996666666666
1.3333333333333333,5094.0,1.2499996666666666
1.4166666666666667,5094.0,1.1363633333333334
1.5,5093.0,1.1363633333333334
1.5,5093.0,1.5340905
1.5,5094.0,1.5340905
1.5833333333333333,5093.0,1.5340905
1.5833333333333333,5093.0,1.0227270000000002
1.6666666666666667,5093.0,1.0227270000000002
1.6666666666666667,5093.0,1.4772723333333333
1.75,5094.0,1.4772723333333333
1.75,5094.0,1.363636
1.8333333333333333,5093.0,1.363636
1.8333333333333333,5093.0,1.5340905
1.9166666666666667,5092.0,1.5909086666666667
2.0,5093.0,1.5909086666666667
2.0,5094.0,1.704545
2.0833333333333335,5094.0,1.704545
2.0833333333333335,5094.0,1.761363166666667
2.1666666666666665,5094.0,1.6477268333333333
2.25,5094.0,1.6477268333333333
2.25,5094.0,2.0454540000000003
2.25,5094.0,2.0454540000000003
2.25,5094.0,2.0454540000000003
2.25,5094.0,2.0454540000000003
2.25,5094.0,2.0454540000000003
2.25,5094.0,2.0454540000000003
2.3333333333333335,5094.0,2.0454540000000003
2.3333333333333335,5094.0,0.3977271666666667
2.3333333333333335,5093.0,0.3977271666666667
2.3333333333333335,5093.0,0.3977271666666667
2.3333333333333335,5094.0,0.3977271666666667
2.4166666666666665,5092.0,0.681818
2.5,5093.0,2.272726666666667
2.5833333333333335,5093.0,2.272726666666667
2.6666666666666665,5093.0,2.1590903333333333
2.75,5094.0,2.272726666666667
2.75,5093.0,2.670453833333333
2.8333333333333335,5093.0,1.8749995000000002
2.8333333333333335,5094.0,1.8749995000000002
2.9166666666666665,5094.0,1.4204541666666668
3.0,5093.0,1.4204541666666668
3.0833333333333335,5093.0,2.670453833333333
3.1666666666666665,5093.0,2.102272166666667
3.25,5094.0,3.0113628333333335
3.3333333333333335,5093.0,2.8409083333333336
3.4166666666666665,5093.0,2.7840901666666666
3.5,5093.0,2.9545446666666666
3.5,5094.0,2.670453833333333
3.5,5093.0,2.670453833333333
3.5,5094.0,2.670453833333333
3.5833333333333335,5094.0,2.670453833333333
3.6666666666666665,5094.0,0.681818
3.75,5093.0,3.2386355
3.8333333333333335,5094.0,3.068181
3.9166666666666665,5094.0,3.1818173333333335
4.0,5094.0,2.8409083333333336
4.083333333333333,5094.0,3.068181
4.166666666666667,5093.0,3.1818173333333335
4.333333333333333,5093.0,3.1818173333333335
4.416666666666667,5093.0,3.2954536666666665
4.416666666666667,5093.0,3.352271833333334
4.5,5094.0,3.352271833333334
4.583333333333333,5093.0,1.4772723333333333
4.666666666666667,5094.0,3.4659081666666665
4.833333333333333,5093.0,3.4659081666666665
4.916666666666667,5094.0,4.318180666666667
5.0,5094.0,3.636362666666667
5.0,5094.0,3.636362666666667
5.0,5094.0,3.636362666666667
5.0,5094.0,3.636362666666667
5.083333333333333,5093.0,3.636362666666667
5.166666666666667,5093.0,4.204544333333334
5.333333333333333,5093.0,4.204544333333334
5.416666666666667,5093.0,3.9772716666666668
5.5,5094.0,3.5795445000000004
5.666666666666667,5093.0,4.147726166666667
5.75,5094.0,4.147726166666667
5.833333333333333,5093.0,3.693180833333334
5.916666666666667,5093.0,3.693180833333334
6.083333333333333,5093.0,3.693180833333334
6.166666666666667,5094.0,4.374998833333334
6.25,5093.0,3.806817166666667
6.25,5093.0,3.806817166666667
6.25,5092.0,3.806817166666667
6.25,5094.0,3.806817166666667
6.25,5094.0,3.806817166666667
6.333333333333333,5093.0,3.806817166666667
6.416666666666667,5094.0,4.090908000000001
6.583333333333333,5093.0,4.261362500000001
6.666666666666667,5094.0,4.374998833333334
6.833333333333333,5093.0,4.374998833333334
6.916666666666667,5094.0,4.545453333333334
7.083333333333333,5094.0,4.545453333333334
7.166666666666667,5094.0,4.488635166666667
7.25,5094.0,4.488635166666667
7.333333333333333,5094.0,2.0454540000000003
7.5,5094.0,4.261362500000001
7.5,5094.0,4.261362500000001
7.5,5094.0,4.261362500000001
7.5,5093.0,4.261362500000001
7.5,5093.0,4.261362500000001
7.583333333333333,5094.0,4.261362500000001
7.75,5094.0,4.261362500000001
7.916666666666667,5094.0,4.374998833333334
8.0,5094.0,4.659089666666667
8.166666666666666,5093.0,4.659089666666667
8.25,5093.0,4.374998833333334
8.333333333333334,5094.0,4.7159078333333335
8.5,5095.0,4.7159078333333335
8.583333333333334,5093.0,5.056816833333333
8.75,5093.0,4.659089666666667
8.75,5093.0,4.147726166666667
8.75,5094.0,4.147726166666667
8.833333333333334,5093.0,1.1363633333333334
8.833333333333334,5094.0,1.1363633333333334
8.916666666666666,5093.0,1.1363633333333334
9.0,5094.0,1.1363633333333334
9.083333333333334,5093.0,4.318180666666667
9.166666666666666,5093.0,5.170453166666666
9.333333333333334,5094.0,5.170453166666666
9.5,5093.0,4.9431805
9.666666666666666,5093.0,4.659089666666667
9.75,5093.0,4.545453333333334
9.916666666666666,5093.0,4.545453333333334
10.083333333333334,5094.0,4.659089666666667
10.166666666666666,5093.0,4.8863623333333335
10.166666666666666,5094.0,4.147726166666667
10.166666666666666,5094.0,4.147726166666667
10.166666666666666,5094.0,4.147726166666667
10.333333333333334,5093.0,4.147726166666667
10.5,5093.0,4.147726166666667
10.666666666666666,5094.0,4.545453333333334
10.75,5093.0,5.2840895
10.916666666666666,5093.0,4.9999986666666665
11.0,5093.0,4.545453333333334
11.166666666666666,5092.0,4.545453333333334
11.25,5093.0,4.9999986666666665
11.416666666666666,5093.0,4.8863623333333335
11.583333333333334,5093.0,4.8863623333333335
11.75,5093.0,4.7159078333333335
11.75,5093.0,5.397725833333334
11.833333333333334,5094.0,5.397725833333334
12.0,5093.0,5.397725833333334
12.083333333333334,5092.0,5.568180333333333
12.25,5092.0,5.568180333333333
12.416666666666666,5093.0,5.227271333333333
12.416666666666666,5093.0,5.2840895
12.583333333333334,5094.0,5.2840895
12.75,5093.0,5.2840895
12.833333333333334,5094.0,5.397725833333334
12.916666666666666,5093.0,2.3863630000000002
13.0,5093.0,2.3863630000000002
13.166666666666666,5093.0,2.4999993333333332
13.333333333333334,5093.0,4.488635166666667
13.333333333333334,5094.0,4.7727260000000005
13.416666666666666,5094.0,4.7727260000000005
13.583333333333334,5093.0,4.7727260000000005
13.75,5094.0,4.7727260000000005
13.916666666666666,5094.0,5.170453166666666
14.0,5094.0,4.7159078333333335
14.166666666666666,5093.0,4.7159078333333335
14.25,5093.0,4.7727260000000005
14.333333333333334,5093.0,2.7840901666666666
14.333333333333334,5093.0,4.8863623333333335
14.5,5093.0,4.8863623333333335
14.666666666666666,5093.0,4.8863623333333335
14.833333333333334,5095.0,5.170453166666666
14.916666666666666,5093.0,4.6022715000000005
15.083333333333334,5094.0,5.227271333333333
15.083333333333334,5093.0,5.2840895
15.25,5094.0,5.2840895
15.416666666666666,5094.0,5.681816666666667
15.5,5094.0,5.681816666666667
15.583333333333334,5094.0,6.193180166666667
15.583333333333334,5093.0,6.193180166666667
15.583333333333334,5094.0,6.193180166666667
15.583333333333334,5093.0,6.193180166666667
15.666666666666666,5094.0,6.193180166666667
15.833333333333334,5094.0,5.795453
16.0,5094.0,5.454544
16.166666666666668,5094.0,5.454544
16.25,5093.0,5.511362166666667
16.416666666666668,5094.0,5.511362166666667
16.583333333333332,5094.0,6.193180166666667
16.75,5094.0,5.6249985
16.833333333333332,5094.0,5.454544
16.916666666666668,5094.0,6.136362
17.0,5094.0,6.136362
17.083333333333332,5093.0,1.8181813333333334
17.333333333333332,5094.0,2.9545446666666666
17.5,5093.0,2.9545446666666666
17.666666666666668,5094.0,5.511362166666667
17.666666666666668,5094.0,5.2840895
17.833333333333332,5094.0,5.2840895
18.0,5093.0,5.2840895
18.083333333333332,5093.0,5.227271333333333
18.083333333333332,5094.0,3.2954536666666665
18.083333333333332,5094.0,3.2954536666666665
18.083333333333332,5094.0,3.2954536666666665
18.166666666666668,5094.0,0.7954543333333334
18.333333333333332,5094.0,3.352271833333334
18.5,5094.0,5.397725833333334
18.666666666666668,5094.0,5.511362166666667
18.75,5094.0,5.6249985
18.916666666666668,5094.0,5.6249985
19.0,5094.0,5.9659075
19.083333333333332,5094.0,6.420452833333333
19.166666666666668,5094.0,6.420452833333333
19.333333333333332,5094.0,6.420452833333333
19.416666666666668,5094.0,5.568180333333333
19.583333333333332,5095.0,5.568180333333333
19.75,5094.0,5.568180333333333
19.916666666666668,5093.0,5.6249985
19.916666666666668,5094.0,5.6249985
20.0,5094.0,5.6249985
20.166666666666668,5094.0,5.6249985
20.333333333333332,5094.0,6.193180166666667
20.5,5093.0,6.193180166666667
20.5,5094.0,5.511362166666667
20.5,5094.0,5.511362166666667
20.5,5093.0,5.511362166666667
20.583333333333332,5092.0,5.511362166666667
20.833333333333332,5093.0,6.534089166666668
21.0,5093.0,6.534089166666668
21.083333333333332,5093.0,6.193180166666667
21.25,5094.0,6.193180166666667
21.416666666666668,5094.0,6.079543833333333
21.416666666666668,5094.0,8.295452333333333
21.666666666666668,5094.0,8.295452333333333
21.833333333333332,5094.0,6.704543666666668
22.0,5094.0,6.420452833333333
22.083333333333332,5094.0,6.136362
22.166666666666668,5094.0,6.136362
22.333333333333332,5094.0,6.079543833333333
22.583333333333332,5094.0,6.079543833333333
22.75,5094.0,6.079543833333333
22.833333333333332,5094.0,5.852271166666667
22.916666666666668,5094.0,5.852271166666667
23.083333333333332,5094.0,6.193180166666667
23.166666666666668,5094.0,5.568180333333333
23.333333333333332,5094.0,5.568180333333333
23.333333333333332,5094.0,7.102270833333333
23.5,5094.0,7.102270833333333
23.666666666666668,5093.0,6.874998166666668
23.916666666666668,5094.0,6.874998166666668
24.0,5094.0,7.613634333333334
24.166666666666668,5093.0,7.045452666666668
24.25,5094.0,5.9659075
24.333333333333332,5093.0,2.8409083333333336
24.333333333333332,5093.0,3.068181
24.416666666666668,5094.0,3.068181
24.416666666666668,5094.0,1.1931815000000001
24.5,5093.0,2.272726666666667
24.666666666666668,5094.0,3.1818173333333335
24.75,5094.0,5.568180333333333
25.0,5094.0,5.568180333333333
25.166666666666668,5093.0,5.568180333333333
25.333333333333332,5094.0,6.81818
25.5,5094.0,6.193180166666667
25.5,5092.0,5.738634833333333
25.5,5094.0,5.738634833333333
25.666666666666668,5094.0,5.738634833333333
25.833333333333332,5093.0,5.738634833333333
26.0,5094.0,5.738634833333333
26.166666666666668,5094.0,6.193180166666667
26.333333333333332,5094.0,6.3068165
26.5,5094.0,6.3068165
26.583333333333332,5094.0,6.420452833333333
26.583333333333332,5094.0,6.420452833333333
26.583333333333332,5093.0,6.420452833333333
26.666666666666668,5093.0,1.0227270000000002
26.833333333333332,5093.0,2.0454540000000003
26.916666666666668,5094.0,6.420452833333333
27.0,5094.0,8.238634166666667
27.166666666666668,5093.0,8.238634166666667
27.25,5094.0,5.738634833333333
27.5,5093.0,5.738634833333333
27.583333333333332,5093.0,5.738634833333333
27.666666666666668,5093.0,6.81818
27.666666666666668,5094.0,6.81818
27.666666666666668,5094.0,6.81818
27.916666666666668,5094.0,6.81818
28.0,5094.0,6.420452833333333
28.166666666666668,5093.0,6.420452833333333
28.333333333333332,5093.0,5.909089333333333
28.5,5093.0,5.909089333333333
28.666666666666668,5093.0,5.909089333333333
28.75,5092.0,5.852271166666667
28.833333333333332,5093.0,5.852271166666667
28.833333333333332,5093.0,1.9318176666666669
28.916666666666668,5092.0,1.9318176666666669
29.083333333333332,5092.0,1.9318176666666669
29.166666666666668,5092.0,6.81818
29.333333333333332,5092.0,6.81818
29.583333333333332,5093.0,6.81818
29.666666666666668,5093.0,5.9659075
29.833333333333332,5093.0,5.9659075
30.0,5093.0,6.3068165
30.083333333333332,5093.0,5.738634833333333
30.333333333333332,5093.0,5.738634833333333
30.416666666666668,5093.0,5.511362166666667
30.416666666666668,5094.0,5.511362166666667
30.583333333333332,5094.0,5.511362166666667
30.75,5093.0,6.136362
30.916666666666668,5093.0,6.136362
31.166666666666668,5093.0,6.249998333333333
31.333333333333332,5093.0,5.681816666666667
31.5,5093.0,5.681816666666667
31.666666666666668,5093.0,5.681816666666667
31.75,5093.0,6.249998333333333
31.75,5094.0,6.249998333333333
31.833333333333332,5093.0,6.249998333333333
32.0,5093.0,6.3068165
32.166666666666664,5092.0,6.3068165
32.333333333333336,5093.0,6.3068165
32.5,5093.0,6.079543833333333
32.666666666666664,5093.0,5.9659075
32.833333333333336,5093.0,6.477271
33.0,5093.0,6.022725666666667
33.166666666666664,5092.0,6.022725666666667
33.25,5092.0,6.136362
33.333333333333336,5093.0,6.136362
33.5,5094.0,6.136362
33.666666666666664,5094.0,5.909089333333333
33.833333333333336,5093.0,5.909089333333333
34.0,5094.0,6.022725666666667
34.25,5093.0,6.193180166666667
34.333333333333336,5094.0,6.249998333333333
34.5,5092.0,6.249998333333333
34.666666666666664,5093.0,6.249998333333333
34.75,5093.0,5.795453
34.833333333333336,5093.0,5.795453
35.0,5092.0,5.852271166666667
35.083333333333336,5093.0,6.590907333333333
35.25,5093.0,6.590907333333333
35.416666666666664,5093.0,6.363634666666667
35.5,5093.0,5.681816666666667
35.666666666666664,5093.0,5.681816666666667
35.75,5093.0,7.045452666666668
35.833333333333336,5092.0,8.068179666666667
35.916666666666664,5094.0,8.068179666666667
36.083333333333336,5093.0,5.738634833333333
36.166666666666664,5093.0,5.909089333333333
36.333333333333336,5094.0,5.909089333333333
36.5,5094.0,5.852271166666667
36.666666666666664,5094.0,5.852271166666667
36.75,5093.0,5.397725833333334
36.916666666666664,5094.0,5.397725833333334
37.0,5093.0,6.534089166666668
37.083333333333336,5094.0,2.9545446666666666
37.25,5094.0,2.9545446666666666
37.25,5094.0,6.079543833333333
37.416666666666664,5094.0,6.079543833333333
37.5,5094.0,6.363634666666667
37.666666666666664,5094.0,6.363634666666667
37.916666666666664,5094.0,6.363634666666667
38.0,5093.0,5.909089333333333
38.166666666666664,5093.0,5.909089333333333
38.25,5092.0,7.045452666666668
38.416666666666664,5093.0,7.045452666666668
38.583333333333336,5094.0,6.136362
38.666666666666664,5094.0,6.420452833333333
38.75,5093.0,2.102272166666667
38.833333333333336,5094.0,2.102272166666667
39.0,5094.0,6.249998333333333
39.166666666666664,5093.0,6.193180166666667
39.333333333333336,5093.0,6.420452833333333
39.333333333333336,5093.0,6.420452833333333
39.5,5093.0,6.420452833333333
39.666666666666664,5093.0,6.420452833333333
39.833333333333336,5093.0,6.420452833333333
39.916666666666664,5093.0,6.079543833333333
40.0,5094.0,1.9886358333333334
40.166666666666664,5093.0,6.590907333333333
40.333333333333336,5093.0,5.909089333333333
40.583333333333336,5092.0,5.909089333333333
40.666666666666664,5093.0,6.477271
40.833333333333336,5093.0,6.477271
40.916666666666664,5093.0,7.9545433333333335
40.916666666666664,5093.0,7.9545433333333335
40.916666666666664,5093.0,7.9545433333333335
41.083333333333336,5092.0,7.9545433333333335
41.25,5093.0,7.9545433333333335
41.416666666666664,5093.0,7.159089000000001
41.583333333333336,5093.0,6.590907333333333
41.833333333333336,5092.0,6.590907333333333
42.0,5093.0,6.136362
42.166666666666664,5093.0,6.136362
42.333333333333336,5093.0,5.909089333333333
42.5,5093.0,6.079543833333333
42.75,5093.0,6.079543833333333
42.75,5093.0,5.852271166666667
42.916666666666664,5092.0,5.852271166666667
43.083333333333336,5093.0,6.534089166666668
43.333333333333336,5093.0,6.534089166666668
43.5,5092.0,6.534089166666668
43.583333333333336,5092.0,6.363634666666667
43.75,5093.0,6.363634666666667
43.916666666666664,5092.0,6.363634666666667
44.166666666666664,5093.0,6.363634666666667
44.166666666666664,5093.0,6.3068165
44.166666666666664,5093.0,6.3068165
44.333333333333336,5093.0,6.3068165
44.5,5092.0,6.3068165
44.666666666666664,5093.0,6.3068165
44.833333333333336,5093.0,6.136362
45.0,5093.0,6.193180166666667
45.166666666666664,5093.0,6.193180166666667
45.25,5093.0,7.7272706666666675
45.416666666666664,5093.0,7.7272706666666675
45.5,5093.0,5.454544
45.583333333333336,5093.0,5.454544
45.75,5093.0,6.193180166666667
45.916666666666664,5093.0,6.136362
46.083333333333336,5093.0,6.136362
46.166666666666664,5094.0,6.704543666666668
46.333333333333336,5093.0,6.704543666666668
46.5,5093.0,6.477271
46.666666666666664,5093.0,6.477271
46.833333333333336,5093.0,6.477271
47.0,5093.0,6.363634666666667
47.0,5094.0,6.363634666666667
47.25,5094.0,6.363634666666667
47.416666666666664,5092.0,6.363634666666667
47.583333333333336,5093.0,6.363634666666667
47.75,5093.0,6.363634666666667
47.833333333333336,5093.0,6.534089166666668
47.833333333333336,5093.0,2.670453833333333
48.0,5093.0,2.670453833333333
48.0,5092.0,6.6477255
48.083333333333336,5093.0,1.5340905
48.166666666666664,5092.0,3.068181
48.25,5093.0,3.068181
48.416666666666664,5094.0,3.068181
48.666666666666664,5093.0,5.738634833333333
48.833333333333336,5093.0,6.079543833333333
48.916666666666664,5093.0,6.3068165
49.083333333333336,5093.0,6.3068165
49.166666666666664,5092.0,6.704543666666668
49.25,5093.0,8.068179666666667
49.333333333333336,5093.0,8.068179666666667
49.333333333333336,5093.0,1.4772723333333333
49.5,5093.0,2.0454540000000003
49.583333333333336,5093.0,7.045452666666668
49.75,5093.0,6.534089166666668
49.916666666666664,5093.0,7.670452500000001
50.083333333333336,5093.0,7.670452500000001
50.25,5093.0,6.3068165
50.333333333333336,5093.0,6.022725666666667
50.416666666666664,5093.0,6.022725666666667
50.416666666666664,5092.0,2.0454540000000003
50.666666666666664,5092.0,2.0454540000000003
50.666666666666664,5093.0,6.249998333333333
50.833333333333336,5093.0,6.249998333333333
50.916666666666664,5094.0,6.136362
51.166666666666664,5093.0,6.136362
51.166666666666664,5094.0,6.477271
51.25,5094.0,2.102272166666667
51.333333333333336,5094.0,2.102272166666667
51.5,5093.0,2.102272166666667
51.5,5093.0,5.795453
51.666666666666664,5093.0,6.477271
51.666666666666664,5093.0,6.477271
51.833333333333336,5094.0,6.477271
52.0,5093.0,6.477271
52.166666666666664,5093.0,6.477271
52.416666666666664,5093.0,6.477271
52.5,5094.0,6.022725666666667
52.583333333333336,5094.0,6.022725666666667
52.75,5094.0,6.022725666666667
52.916666666666664,5092.0,6.249998333333333
53.0,5093.0,6.363634666666667
53.083333333333336,5093.0,1.9318176666666669
53.25,5093.0,3.40909
53.416666666666664,5093.0,5.795453
53.583333333333336,5093.0,6.193180166666667
53.75,5093.0,6.193180166666667
53.833333333333336,5093.0,6.079543833333333
54.0,5093.0,6.079543833333333
54.166666666666664,5093.0,6.079543833333333
54.166666666666664,5094.0,7.5568161666666676
54.333333333333336,5093.0,7.5568161666666676
54.333333333333336,5093.0,6.534089166666668
54.416666666666664,5094.0,1.4772723333333333
54.5,5093.0,1.4772723333333333
54.666666666666664,5093.0,1.9886358333333334
54.75,5093.0,6.249998333333333
54.916666666666664,5094.0,6.249998333333333
55.0,5093.0,6.81818
55.166666666666664,5094.0,6.81818
55.25,5092.0,7.613634333333334
55.25,5093.0,7.613634333333334
55.25,5094.0,7.613634333333334
55.333333333333336,5094.0,7.613634333333334
55.333333333333336,5094.0,0.8522725
55.583333333333336,5094.0,1.9886358333333334
55.75,5093.0,5.681816666666667
55.833333333333336,5093.0,5.681816666666667
55.916666666666664,5093.0,7.215907166666668
56.0,5093.0,7.215907166666668
56.166666666666664,5093.0,6.6477255
56.333333333333336,5093.0,6.193180166666667
56.333333333333336,5092.0,5.852271166666667
56.416666666666664,5093.0,1.5909086666666667
56.583333333333336,5093.0,3.1249991666666666
56.75,5093.0,5.568180333333333
56.833333333333336,5093.0,5.340907666666666
56.916666666666664,5093.0,3.068181
57.0,5093.0,3.068181
57.25,5093.0,3.068181
57.333333333333336,5092.0,5.568180333333333
57.416666666666664,5093.0,6.136362
57.416666666666664,5093.0,6.136362
57.583333333333336,5093.0,6.136362
57.75,5093.0,6.136362
57.916666666666664,5093.0,6.193180166666667
58.083333333333336,5093.0,6.477271
58.166666666666664,5092.0,5.454544
58.416666666666664,5093.0,5.454544
58.583333333333336,5093.0,6.420452833333333
58.75,5093.0,6.136362
58.75,5093.0,5.9659075
58.75,5093.0,5.9659075
58.916666666666664,5092.0,5.9659075
59.083333333333336,5093.0,6.3068165
59.25,5093.0,6.3068165
59.416666666666664,5093.0,6.3068165
59.583333333333336,5093.0,6.363634666666667
59.833333333333336,5093.0,6.3068165
60.0,5093.0,6.3068165
60.083333333333336,5093.0,4.8863623333333335
60.166666666666664,5093.0,6.136362
60.166666666666664,5093.0,6.136362
60.333333333333336,5093.0,6.136362
60.416666666666664,5093.0,6.81818
60.583333333333336,5093.0,6.81818
60.75,5093.0,6.81818
60.916666666666664,5092.0,6.420452833333333
61.083333333333336,5092.0,6.420452833333333
61.25,5092.0,6.477271
61.333333333333336,5093.0,5.340907666666666
61.5,5092.0,5.340907666666666
61.583333333333336,5092.0,3.1249991666666666
61.666666666666664,5093.0,3.2954536666666665
61.833333333333336,5093.0,3.2954536666666665
62.0,5092.0,3.2954536666666665
62.166666666666664,5093.0,7.613634333333334
62.25,5093.0,7.613634333333334
62.333333333333336,5093.0,7.272725333333334
62.416666666666664,5093.0,7.272725333333334
62.416666666666664,5092.0,2.102272166666667
62.416666666666664,5093.0,2.102272166666667
62.416666666666664,5092.0,2.102272166666667
62.583333333333336,5094.0,2.102272166666667
62.833333333333336,5093.0,6.534089166666668
63.0,5093.0,6.477271
63.083333333333336,5093.0,6.249998333333333
63.083333333333336,5093.0,3.2386355
63.333333333333336,5093.0,6.477271
63.5,5093.0,6.6477255
63.666666666666664,5093.0,5.795453
63.666666666666664,5093.0,7.8409070000000005
63.75,5093.0,7.8409070000000005
63.916666666666664,5093.0,6.81818
64.08333333333333,5093.0,6.81818
64.25,5093.0,6.81818
64.41666666666667,5092.0,6.6477255
64.5,5092.0,6.193180166666667
64.66666666666667,5093.0,6.193180166666667
64.75,5092.0,6.874998166666668
65.0,5092.0,6.874998166666668
65.0,5092.0,6.249998333333333
65.08333333333333,5092.0,6.249998333333333
65.25,5093.0,6.249998333333333
65.41666666666667,5093.0,6.420452833333333
65.66666666666667,5093.0,6.420452833333333
65.83333333333333,5093.0,6.420452833333333
65.91666666666667,5093.0,6.022725666666667
66.0,5092.0,3.352271833333334
66.16666666666667,5092.0,3.352271833333334
66.33333333333333,5092.0,5.909089333333333
66.33333333333333,5092.0,6.136362
66.41666666666667,5092.0,6.136362
66.58333333333333,5093.0,6.136362
66.75,5092.0,6.136362
66.91666666666667,5093.0,6.136362
67.08333333333333,5092.0,6.590907333333333
67.33333333333333,5093.0,6.249998333333333
67.41666666666667,5092.0,5.9659075
67.58333333333333,5092.0,5.9659075
67.75,5092.0,6.136362
67.75,5093.0,6.477271
67.91666666666667,5093.0,6.477271
68.0,5093.0,5.397725833333334
68.16666666666667,5093.0,5.397725833333334
68.33333333333333,5092.0,6.079543833333333
68.41666666666667,5093.0,6.704543666666668
68.58333333333333,5092.0,6.420452833333333
68.75,5093.0,6.420452833333333
68.83333333333333,5093.0,7.159089000000001
69.0,5093.0,7.159089000000001
69.08333333333333,5093.0,5.9659075
69.25,5092.0,5.9659075
69.41666666666667,5093.0,5.9659075
69.66666666666667,5093.0,5.9659075
69.83333333333333,5092.0,6.193180166666667
70.0,5092.0,6.363634666666667
70.16666666666667,5093.0,6.590907333333333
70.41666666666667,5092.0,6.590907333333333
70.5,5093.0,5.9659075
70.58333333333333,5093.0,2.9545446666666666
70.58333333333333,5093.0,2.9545446666666666
70.75,5093.0,2.9545446666666666
71.0,5093.0,5.568180333333333
71.16666666666667,5093.0,5.681816666666667
71.33333333333333,5093.0,6.704543666666668
71.5,5093.0,6.477271
71.75,5093.0,6.477271
71.91666666666667,5093.0,6.477271
72.08333333333333,5092.0,6.3068165
72.16666666666667,5092.0,6.136362
72.25,5093.0,6.136362
72.41666666666667,5093.0,6.3068165
72.58333333333333,5092.0,6.079543833333333
72.75,5092.0,6.079543833333333
73.0,5092.0,6.363634666666667
73.16666666666667,5093.0,6.477271
73.33333333333333,5092.0,6.477271
73.5,5093.0,6.249998333333333
73.66666666666667,5092.0,6.193180166666667
73.83333333333333,5093.0,6.249998333333333
73.91666666666667,5092.0,6.249998333333333
74.08333333333333,5092.0,6.249998333333333
74.25,5092.0,6.249998333333333
74.5,5092.0,6.249998333333333
74.66666666666667,5092.0,6.249998333333333
74.75,5092.0,6.363634666666667
74.91666666666667,5093.0,6.363634666666667
75.08333333333333,5092.0,6.136362
75.08333333333333,5092.0,5.909089333333333
75.16666666666667,5092.0,1.9318176666666669
75.25,5093.0,2.102272166666667
75.41666666666667,5092.0,3.1818173333333335
75.5,5092.0,6.363634666666667
75.75,5093.0,6.363634666666667
75.91666666666667,5093.0,6.363634666666667
76.08333333333333,5093.0,6.363634666666667
76.25,5093.0,6.363634666666667
76.5,5093.0,6.363634666666667
76.5,5093.0,5.909089333333333
76.66666666666667,5093.0,5.909089333333333
76.75,5093.0,6.249998333333333
76.91666666666667,5092.0,6.249998333333333
77.08333333333333,5093.0,6.193180166666667
77.33333333333333,5093.0,6.193180166666667
77.5,5093.0,6.193180166666667
77.66666666666667,5093.0,6.193180166666667
77.83333333333333,5093.0,6.193180166666667
78.0,5093.0,6.193180166666667
78.25,5093.0,6.136362
78.33333333333333,5094.0,5.852271166666667
78.41666666666667,5093.0,5.852271166666667
78.58333333333333,5093.0,5.852271166666667
78.75,5094.0,5.852271166666667
79.0,5094.0,6.477271
79.08333333333333,5093.0,5.9659075
79.25,5093.0,5.9659075
79.41666666666667,5093.0,6.022725666666667
79.58333333333333,5093.0,6.193180166666667
79.75,5092.0,6.193180166666667
79.83333333333333,5092.0,5.9659075
79.91666666666667,5094.0,5.9659075
80.08333333333333,5093.0,5.9659075
80.25,5093.0,6.193180166666667
80.41666666666667,5093.0,6.022725666666667
80.58333333333333,5094.0,6.022725666666667
80.83333333333333,5093.0,6.079543833333333
81.0,5094.0,6.249998333333333
81.16666666666667,5093.0,6.193180166666667
81.33333333333333,5094.0,5.909089333333333
81.5,5094.0,5.909089333333333
81.58333333333333,5094.0,5.9659075
81.75,5093.0,5.9659075
81.91666666666667,5094.0,6.193180166666667
82.08333333333333,5093.0,6.193180166666667
82.33333333333333,5094.0,6.193180166666667
82.5,5093.0,6.193180166666667
82.66666666666667,5093.0,6.363634666666667
82.83333333333333,5094.0,6.022725666666667
82.91666666666667,5093.0,5.681816666666667
82.91666666666667,5093.0,5.681816666666667
83.0,5093.0,5.681816666666667
83.16666666666667,5092.0,5.681816666666667
83.33333333333333,5093.0,6.136362
83.5,5093.0,6.136362
83.66666666666667,5094.0,6.249998333333333
83.91666666666667,5093.0,6.249998333333333
84.08333333333333,5093.0,6.249998333333333
84.25,5093.0,6.249998333333333
84.25,5092.0,5.9659075
84.25,5093.0,5.9659075
84.33333333333333,5094.0,5.9659075
84.5,5092.0,5.9659075
84.66666666666667,5093.0,6.420452833333333
84.83333333333333,5093.0,6.420452833333333
85.0,5093.0,6.420452833333333
85.25,5093.0,6.079543833333333
85.41666666666667,5093.0,6.363634666666667
85.58333333333333,5093.0,6.363634666666667
85.75,5092.0,6.363634666666667
85.83333333333333,5093.0,5.795453
85.91666666666667,5092.0,5.795453
86.08333333333333,5092.0,5.795453
86.25,5092.0,5.909089333333333
86.41666666666667,5092.0,6.249998333333333
86.58333333333333,5093.0,6.3068165
86.83333333333333,5093.0,6.3068165
87.0,5094.0,6.81818
87.16666666666667,5094.0,6.249998333333333
87.25,5093.0,6.079543833333333
87.25,5092.0,6.079543833333333
87.33333333333333,5093.0,6.079543833333333
87.5,5092.0,6.079543833333333
87.66666666666667,5093.0,6.079543833333333
87.83333333333333,5093.0,6.079543833333333
88.08333333333333,5093.0,6.249998333333333
88.25,5093.0,6.249998333333333
88.41666666666667,5093.0,6.363634666666667
88.58333333333333,5093.0,6.193180166666667
88.66666666666667,5093.0,5.9659075
88.66666666666667,5093.0,5.9659075
88.66666666666667,5093.0,5.9659075
88.83333333333333,5093.0,5.9659075
89.0,5094.0,5.9659075
89.16666666666667,5093.0,6.193180166666667
89.41666666666667,5093.0,6.3068165
89.58333333333333,5093.0,6.3068165
89.66666666666667,5094.0,5.568180333333333
89.83333333333333,5094.0,5.568180333333333
90.0,5093.0,5.9659075
90.08333333333333,5094.0,5.738634833333333
90.16666666666667,5093.0,5.738634833333333
90.33333333333333,5094.0,5.738634833333333
90.5,5094.0,5.738634833333333
90.66666666666667,5093.0,6.761361833333333
90.83333333333333,5094.0,6.193180166666667
91.08333333333333,5094.0,6.193180166666667
91.25,5093.0,6.193180166666667
91.41666666666667,5093.0,6.193180166666667
91.5,5093.0,5.909089333333333
91.5,5093.0,3.2386355
91.75,5093.0,3.2386355
91.83333333333333,5093.0,6.363634666666667
92.0,5093.0,6.363634666666667
92.16666666666667,5093.0,6.136362
92.33333333333333,5093.0,6.136362
92.58333333333333,5092.0,6.136362
92.75,5093.0,6.3068165
92.75,5092.0,6.3068165
92.91666666666667,5093.0,6.3068165
93.0,5093.0,6.3068165
93.0,5093.0,6.3068165
93.25,5093.0,6.3068165
93.41666666666667,5093.0,6.3068165
93.58333333333333,5092.0,5.9659075
93.75,5093.0,5.9659075
93.91666666666667,5093.0,5.852271166666667
94.08333333333333,5094.0,5.852271166666667
94.25,5093.0,5.852271166666667
94.25,5093.0,5.909089333333333
94.41666666666667,5092.0,5.909089333333333
94.41666666666667,5093.0,6.3068165
94.58333333333333,5094.0,6.3068165
94.75,5094.0,6.3068165
94.91666666666667,5094.0,6.3068165
95.08333333333333,5093.0,6.363634666666667
95.25,5093.0,6.363634666666667
95.41666666666667,5094.0,6.363634666666667
95.58333333333333,5094.0,5.852271166666667
95.83333333333333,5094.0,6.193180166666667
96.0,5092.0,6.193180166666667
96.08333333333333,5093.0,5.9659075
96.16666666666667,5093.0,3.2386355
96.33333333333333,5092.0,3.2386355
96.58333333333333,5093.0,6.6477255
96.66666666666667,5093.0,5.397725833333334
96.75,5093.0,3.068181
96.91666666666667,5093.0,6.3068165
97.0,5093.0,5.852271166666667
97.16666666666667,5094.0,5.852271166666667
97.25,5093.0,6.193180166666667
97.33333333333333,5093.0,5.909089333333333
97.5,5093.0,5.909089333333333
97.66666666666667,5093.0,5.909089333333333
97.83333333333333,5093.0,5.9659075
98.0,5094.0,5.852271166666667
98.08333333333333,5094.0,6.363634666666667
98.33333333333333,5094.0,6.363634666666667
98.5,5094.0,6.193180166666667
98.66666666666667,5093.0,5.852271166666667
98.75,5094.0,5.568180333333333
98.75,5093.0,5.568180333333333
98.83333333333333,5093.0,1.4772723333333333
98.91666666666667,5094.0,1.4772723333333333
99.08333333333333,5093.0,5.738634833333333
99.25,5094.0,5.795453
99.41666666666667,5093.0,5.795453
99.66666666666667,5093.0,5.795453
99.83333333333333,5093.0,5.795453
100.0,5094.0,5.795453
100.08333333333333,5094.0,6.136362
100.08333333333333,5093.0,6.136362
100.16666666666667,5094.0,1.4772723333333333
100.33333333333333,5094.0,3.068181
100.41666666666667,5094.0,5.340907666666666
100.58333333333333,5093.0,5.340907666666666
100.75,5093.0,5.738634833333333
100.91666666666667,5092.0,5.738634833333333
101.0,5093.0,5.227271333333333
101.25,5093.0,5.227271333333333
101.33333333333333,5093.0,6.193180166666667
101.41666666666667,5093.0,5.056816833333333
101.58333333333333,5094.0,5.056816833333333
101.66666666666667,5094.0,5.795453
101.75,5093.0,5.795453
101.83333333333333,5094.0,1.9886358333333334
102.0,5093.0,5.738634833333333
102.16666666666667,5094.0,5.738634833333333
102.33333333333333,5093.0,5.397725833333334
102.5,5093.0,5.397725833333334
102.58333333333333,5092.0,6.249998333333333
102.58333333333333,5094.0,2.9545446666666666
102.58333333333333,5093.0,2.9545446666666666
102.75,5094.0,2.9545446666666666
102.83333333333333,5094.0,4.9431805
103.0,5094.0,5.6249985
103.08333333333333,5094.0,6.6477255
103.25,5094.0,6.6477255
103.41666666666667,5092.0,5.568180333333333
103.5,5093.0,5.397725833333334
103.5,5093.0,2.8409083333333336
103.66666666666667,5094.0,2.8409083333333336
103.83333333333333,5094.0,5.113635
104.0,5093.0,5.227271333333333
104.16666666666667,5093.0,5.227271333333333
104.33333333333333,5094.0,5.227271333333333
104.5,5094.0,5.227271333333333
104.66666666666667,5094.0,5.227271333333333
104.83333333333333,5092.0,5.340907666666666
105.0,5093.0,5.568180333333333
105.08333333333333,5093.0,5.227271333333333
105.25,5093.0,5.227271333333333
105.41666666666667,5094.0,6.477271
105.41666666666667,5094.0,4.8863623333333335
105.58333333333333,5094.0,4.8863623333333335
105.58333333333333,5094.0,5.568180333333333
105.66666666666667,5093.0,5.568180333333333
105.83333333333333,5092.0,5.568180333333333
106.0,5092.0,5.568180333333333
106.16666666666667,5093.0,5.6249985
106.33333333333333,5092.0,5.6249985
106.41666666666667,5093.0,5.2840895
106.5,5094.0,5.2840895
106.66666666666667,5093.0,5.2840895
106.83333333333333,5093.0,5.340907666666666
106.83333333333333,5093.0,5.397725833333334
106.83333333333333,5094.0,5.397725833333334
107.0,5093.0,5.397725833333334
107.08333333333333,5093.0,5.909089333333333
107.25,5093.0,5.6249985
107.41666666666667,5093.0,5.568180333333333
107.58333333333333,5093.0,5.568180333333333
107.75,5094.0,5.738634833333333
107.91666666666667,5093.0,5.738634833333333
108.08333333333333,5093.0,5.454544
108.25,5093.0,5.454544
108.41666666666667,5094.0,5.340907666666666
108.41666666666667,5093.0,5.170453166666666
108.41666666666667,5093.0,5.170453166666666
108.5,5093.0,1.3068178333333333
108.66666666666667,5093.0,3.0113628333333335
108.83333333333333,5094.0,3.0113628333333335
109.0,5093.0,4.8295441666666665
109.16666666666667,5093.0,5.113635
109.25,5094.0,5.2840895
109.41666666666667,5094.0,5.2840895
109.58333333333333,5093.0,5.738634833333333
109.75,5094.0,5.738634833333333
109.83333333333333,5093.0,4.8863623333333335
110.0,5093.0,5.227271333333333
110.16666666666667,5094.0,5.227271333333333
110.25,5094.0,5.511362166666667
110.41666666666667,5093.0,5.511362166666667
110.58333333333333,5094.0,5.2840895
110.75,5094.0,5.6249985
110.83333333333333,5094.0,4.545453333333334
111.0,5094.0,6.249998333333333
111.08333333333333,5094.0,5.113635
111.16666666666667,5094.0,5.113635
111.16666666666667,5094.0,1.704545
111.25,5094.0,1.761363166666667
111.33333333333333,5094.0,2.5568175
111.33333333333333,5093.0,2.5568175
111.5,5093.0,2.5568175
111.66666666666667,5093.0,2.5568175
111.83333333333333,5093.0,4.8295441666666665
112.0,5093.0,5.227271333333333
112.16666666666667,5093.0,5.227271333333333
112.33333333333333,5094.0,5.227271333333333
112.41666666666667,5093.0,5.454544
112.5,5093.0,5.454544
112.66666666666667,5093.0,5.568180333333333
112.75,5093.0,5.568180333333333
112.75,5092.0,2.4431811666666667
112.75,5094.0,2.4431811666666667
112.91666666666667,5093.0,2.4431811666666667
113.08333333333333,5093.0,5.2840895
113.16666666666667,5093.0,5.113635
113.33333333333333,5093.0,5.113635
113.5,5093.0,5.2840895
113.66666666666667,5093.0,5.340907666666666
113.83333333333333,5094.0,5.454544
114.0,5094.0,5.170453166666666
114.0,5094.0,4.8863623333333335
114.0,5094.0,4.8863623333333335
114.0,5093.0,4.8863623333333335
114.0,5093.0,4.8863623333333335
114.16666666666667,5094.0,4.8863623333333335
114.33333333333333,5094.0,5.113635
114.5,5094.0,5.113635
114.58333333333333,5094.0,5.113635
114.75,5093.0,5.340907666666666
114.91666666666667,5093.0,5.340907666666666
115.08333333333333,5094.0,5.340907666666666
115.16666666666667,5094.0,5.056816833333333
115.16666666666667,5094.0,5.056816833333333
115.16666666666667,5093.0,5.056816833333333
115.16666666666667,5093.0,5.056816833333333
115.25,5093.0,5.056816833333333
115.41666666666667,5093.0,5.056816833333333
115.5,5094.0,5.056816833333333
115.66666666666667,5094.0,5.056816833333333
115.83333333333333,5093.0,5.170453166666666
116.0,5093.0,5.170453166666666
116.16666666666667,5093.0,5.170453166666666
116.33333333333333,5094.0,5.170453166666666
116.41666666666667,5095.0,5.113635
116.41666666666667,5093.0,4.7727260000000005
116.41666666666667,5093.0,4.7727260000000005
116.41666666666667,5094.0,4.7727260000000005
116.41666666666667,5094.0,4.7727260000000005
116.5,5094.0,4.7727260000000005
116.66666666666667,5094.0,5.113635
116.83333333333333,5094.0,5.113635
116.91666666666667,5093.0,4.9431805
117.08333333333333,5093.0,5.2840895
117.25,5093.0,5.2840895
117.33333333333333,5093.0,4.318180666666667
117.5,5093.0,4.318180666666667
117.58333333333333,5094.0,5.511362166666667
117.75,5094.0,4.7159078333333335
117.75,5093.0,5.056816833333333
117.75,5093.0,5.056816833333333
117.83333333333333,5093.0,5.056816833333333
118.0,5094.0,5.056816833333333
118.16666666666667,5093.0,4.8295441666666665
118.25,5094.0,5.170453166666666
118.41666666666667,5094.0,5.170453166666666
118.58333333333333,5094.0,5.170453166666666
118.66666666666667,5093.0,4.9999986666666665
118.75,5094.0,2.272726666666667
118.91666666666667,5094.0,5.056816833333333
119.08333333333333,5093.0,4.8863623333333335
119.08333333333333,5094.0,4.374998833333334
119.08333333333333,5094.0,4.374998833333334
119.08333333333333,5094.0,4.374998833333334
119.16666666666667,5094.0,0.7954543333333334
119.33333333333333,5094.0,2.670453833333333
119.41666666666667,5093.0,5.056816833333333
119.58333333333333,5094.0,5.056816833333333
119.75,5094.0,4.9999986666666665
119.83333333333333,5094.0,4.9431805
120.0,5094.0,4.9431805
120.16666666666667,5094.0,4.9431805
120.33333333333333,5094.0,5.227271333333333
120.41666666666667,5094.0,4.9431805
120.58333333333333,5093.0,4.488635166666667
120.75,5094.0,4.7727260000000005
120.83333333333333,5093.0,4.8295441666666665
121.0,5093.0,4.7159078333333335
121.16666666666667,5093.0,4.7159078333333335
121.25,5093.0,4.7159078333333335
121.41666666666667,5093.0,4.9431805
121.58333333333333,5093.0,4.9431805
121.75,5094.0,4.9431805
121.83333333333333,5093.0,5.056816833333333
122.0,5094.0,4.9999986666666665
122.16666666666667,5094.0,4.545453333333334
122.25,5094.0,5.056816833333333
122.25,5093.0,4.8863623333333335
122.25,5093.0,4.8863623333333335
122.25,5093.0,4.8863623333333335
122.33333333333333,5094.0,0.7954543333333334
122.41666666666667,5094.0,2.3863630000000002
122.58333333333333,5094.0,4.431817000000001
122.75,5094.0,4.431817000000001
122.91666666666667,5094.0,4.488635166666667
123.0,5094.0,5.568180333333333
123.08333333333333,5094.0,4.431817000000001
123.16666666666667,5093.0,5.056816833333333
123.25,5094.0,5.056816833333333
123.33333333333333,5093.0,4.545453333333334
123.33333333333333,5094.0,4.545453333333334
123.33333333333333,5094.0,4.545453333333334
123.33333333333333,5094.0,4.545453333333334
123.33333333333333,5094.0,4.545453333333334
123.41666666666667,5093.0,4.545453333333334
123.5,5094.0,4.6022715000000005
123.66666666666667,5095.0,4.6022715000000005
123.75,5094.0,4.8863623333333335
123.91666666666667,5094.0,4.8863623333333335
124.08333333333333,5094.0,4.7159078333333335
124.16666666666667,5094.0,4.659089666666667
124.33333333333333,5094.0,4.659089666666667
124.41666666666667,5094.0,4.659089666666667
124.58333333333333,5094.0,4.659089666666667
124.58333333333333,5094.0,4.488635166666667
124.58333333333333,5094.0,4.488635166666667
124.66666666666667,5094.0,4.488635166666667
124.66666666666667,5094.0,1.0227270000000002
124.66666666666667,5094.0,1.0227270000000002
124.75,5093.0,1.0227270000000002
124.83333333333333,5093.0,0.8522725
125.0,5094.0,3.9772716666666668
125.08333333333333,5094.0,3.9204535000000003
125.16666666666667,5094.0,4.261362500000001
125.25,5093.0,4.261362500000001
125.33333333333333,5093.0,4.9431805
125.5,5094.0,4.9431805
125.58333333333333,5095.0,3.693180833333334
125.66666666666667,5094.0,4.090908000000001
125.66666666666667,5093.0,4.090908000000001
125.66666666666667,5093.0,4.090908000000001
125.66666666666667,5093.0,4.090908000000001
125.66666666666667,5093.0,4.090908000000001
125.75,5093.0,4.090908000000001
125.83333333333333,5093.0,4.090908000000001
126.0,5094.0,4.090908000000001
126.08333333333333,5094.0,4.318180666666667
126.25,5094.0,4.261362500000001
126.33333333333333,5093.0,4.488635166666667
126.41666666666667,5094.0,3.9204535000000003
126.5,5094.0,3.9772716666666668
126.58333333333333,5093.0,3.9772716666666668
126.66666666666667,5094.0,4.488635166666667
126.83333333333333,5094.0,3.7499990000000003
126.91666666666667,5093.0,3.693180833333334
127.08333333333333,5093.0,3.9204535000000003
127.16666666666667,5093.0,4.034089833333334
127.16666666666667,5093.0,3.5795445000000004
127.16666666666667,5093.0,3.5795445000000004
127.33333333333333,5093.0,3.5795445000000004
127.41666666666667,5093.0,3.693180833333334
127.41666666666667,5093.0,3.693180833333334
127.58333333333333,5094.0,3.693180833333334
127.66666666666667,5094.0,3.5795445000000004
127.75,5092.0,3.7499990000000003
127.91666666666667,5094.0,3.7499990000000003
128.0,5093.0,3.693180833333334
128.08333333333334,5093.0,3.2386355
128.16666666666666,5093.0,3.693180833333334
128.33333333333334,5093.0,3.693180833333334
128.41666666666666,5093.0,3.693180833333334
128.5,5093.0,3.806817166666667
128.5,5093.0,3.806817166666667
128.5,5093.0,3.806817166666667
128.5,5093.0,3.806817166666667
128.5,5093.0,3.806817166666667
128.58333333333334,5093.0,0.5681816666666667
128.75,5093.0,0.5681816666666667
128.83333333333334,5094.0,3.1818173333333335
128.91666666666666,5093.0,3.0113628333333335
129.0,5093.0,3.2386355
129.08333333333334,5093.0,3.8636353333333338
129.16666666666666,5093.0,3.068181
129.25,5094.0,2.9545446666666666
129.25,5094.0,2.9545446666666666
129.33333333333334,5094.0,2.9545446666666666
129.41666666666666,5094.0,1.1363633333333334
129.41666666666666,5093.0,2.8977265
129.5,5094.0,2.8977265
129.58333333333334,5094.0,1.5909086666666667
129.66666666666666,5093.0,2.8409083333333336
129.66666666666666,5094.0,2.8409083333333336
129.66666666666666,5094.0,2.8409083333333336
129.66666666666666,5095.0,2.8409083333333336
129.66666666666666,5093.0,2.8409083333333336
129.66666666666666,5093.0,2.8409083333333336
129.75,5094.0,0.5113635000000001
129.75,5094.0,0.5113635000000001
129.91666666666666,5094.0,1.4204541666666668
129.91666666666666,5093.0,3.2386355
130.08333333333334,5093.0,3.2386355
130.16666666666666,5093.0,3.0113628333333335
130.25,5094.0,2.8977265
130.33333333333334,5094.0,2.8977265
130.41666666666666,5094.0,3.1249991666666666
130.5,5094.0,2.8977265
130.58333333333334,5094.0,2.9545446666666666
130.66666666666666,5094.0,2.8409083333333336
130.75,5094.0,2.670453833333333
130.75,5094.0,3.068181
130.83333333333334,5094.0,3.068181
130.91666666666666,5093.0,1.363636
131.0,5094.0,3.1249991666666666
131.0,5093.0,2.8977265
131.0,5093.0,2.8977265
131.0,5092.0,2.8977265
131.0,5093.0,2.8977265
131.0,5093.0,2.8977265
131.08333333333334,5093.0,0.5113635000000001
131.16666666666666,5093.0,2.272726666666667
131.16666666666666,5093.0,2.272726666666667
131.25,5093.0,1.4772723333333333
131.33333333333334,5093.0,2.727272
131.41666666666666,5093.0,2.5568175
131.5,5094.0,2.5568175
131.58333333333334,5094.0,2.8977265
131.58333333333334,5094.0,2.8977265
131.66666666666666,5094.0,2.8977265
131.75,5093.0,1.1363633333333334
131.83333333333334,5094.0,3.1818173333333335
131.83333333333334,5094.0,2.670453833333333
131.91666666666666,5094.0,2.4431811666666667
132.0,5094.0,2.3863630000000002
132.08333333333334,5094.0,2.4999993333333332
132.16666666666666,5093.0,2.4999993333333332
132.25,5094.0,2.272726666666667
132.33333333333334,5094.0,2.3295448333333333
132.33333333333334,5094.0,2.670453833333333
132.41666666666666,5093.0,2.272726666666667
132.41666666666666,5093.0,2.272726666666667
132.5,5093.0,2.272726666666667
132.58333333333334,5093.0,1.0227270000000002
132.58333333333334,5092.0,3.1818173333333335
132.66666666666666,5094.0,2.102272166666667
132.75,5094.0,2.3863630000000002
132.75,5094.0,2.3863630000000002
132.75,5093.0,2.3863630000000002
132.83333333333334,5093.0,1.0227270000000002
132.91666666666666,5093.0,2.102272166666667
133.0,5094.0,2.102272166666667
133.08333333333334,5094.0,2.727272
133.08333333333334,5093.0,2.1590903333333333
133.16666666666666,5093.0,2.272726666666667
133.16666666666666,5094.0,2.272726666666667
133.16666666666666,5094.0,2.272726666666667
133.25,5094.0,0.9090906666666667
133.33333333333334,5094.0,2.727272
133.41666666666666,5094.0,2.727272
133.41666666666666,5094.0,1.9886358333333334
133.5,5093.0,1.9886358333333334
133.58333333333334,5094.0,1.9886358333333334
133.58333333333334,5093.0,1.8749995000000002
133.66666666666666,5093.0,1.761363166666667
133.75,5093.0,1.761363166666667
133.75,5094.0,1.9318176666666669
133.83333333333334,5094.0,2.0454540000000003
133.91666666666666,5094.0,2.0454540000000003
133.91666666666666,5094.0,1.704545
134.0,5094.0,1.8181813333333334
134.08333333333334,5094.0,1.8181813333333334
134.08333333333334,5093.0,1.761363166666667
134.16666666666666,5094.0,1.8181813333333334
134.16666666666666,5094.0,1.8181813333333334
134.25,5093.0,1.761363166666667
134.33333333333334,5093.0,1.761363166666667
134.33333333333334,5094.0,1.8181813333333334
134.41666666666666,5094.0,1.704545
134.41666666666666,5095.0,1.704545
134.5,5094.0,1.4772723333333333
134.58333333333334,5093.0,1.4772723333333333
134.58333333333334,5094.0,1.8181813333333334
134.66666666666666,5093.0,1.8181813333333334
134.66666666666666,5094.0,1.5340905
134.75,5093.0,1.5340905
134.75,5094.0,1.5340905
134.83333333333334,5093.0,1.5909086666666667
134.83333333333334,5094.0,1.5909086666666667
134.91666666666666,5094.0,1.5340905
134.91666666666666,5093.0,1.5340905
135.0,5093.0,1.5340905
135.08333333333334,5093.0,1.5340905
135.08333333333334,5093.0,1.5340905
135.16666666666666,5093.0,1.5340905
135.16666666666666,5093.0,1.4772723333333333
135.25,5093.0,1.4772723333333333
135.25,5093.0,1.4204541666666668
135.33333333333334,5093.0,1.4204541666666668
135.33333333333334,5093.0,1.363636
135.41666666666666,5094.0,1.363636
135.41666666666666,5093.0,1.704545
135.5,5093.0,1.704545
135.5,5093.0,1.4204541666666668
135.58333333333334,5093.0,1.4204541666666668
135.58333333333334,5094.0,1.363636
135.66666666666666,5093.0,1.363636
135.66666666666666,5093.0,1.4204541666666668
135.66666666666666,5094.0,1.4204541666666668
135.75,5093.0,1.2499996666666666
135.75,5093.0,1.2499996666666666
135.83333333333334,5094.0,1.2499996666666666
135.83333333333334,5094.0,1.2499996666666666
135.91666666666666,5094.0,1.3068178333333333
135.91666666666666,5094.0,1.3068178333333333
136.0,5094.0,1.3068178333333333
136.0,5093.0,1.2499996666666666
136.0,5094.0,1.2499996666666666
136.08333333333334,5094.0,1.2499996666666666
136.08333333333334,5094.0,1.2499996666666666
136.16666666666666,5093.0,1.2499996666666666
136.16666666666666,5093.0,1.2499996666666666
136.25,5093.0,1.2499996666666666
136.25,5093.0,1.1931815000000001
136.25,5093.0,1.1931815000000001
136.33333333333334,5093.0,1.1931815000000001
136.33333333333334,5093.0,1.1931815000000001
136.41666666666666,5094.0,1.1931815000000001
136.41666666666666,5093.0,1.1931815000000001
136.5,5093.0,1.1931815000000001
136.5,5094.0,1.1363633333333334
136.5,5094.0,1.1363633333333334
136.58333333333334,5093.0,1.1363633333333334
136.58333333333334,5093.0,1.1363633333333334
136.58333333333334,5093.0,1.1363633333333334
136.66666666666666,5093.0,1.0795451666666667
136.66666666666666,5093.0,1.0795451666666667
136.75,5093.0,1.0795451666666667
136.75,5093.0,1.0227270000000002
136.75,5093.0,1.0227270000000002
136.83333333333334,5093.0,1.0227270000000002
136.83333333333334,5094.0,0.9659088333333334
136.83333333333334,5093.0,0.9659088333333334
136.91666666666666,5093.0,0.9659088333333334
136.91666666666666,5094.0,0.9659088333333334
136.91666666666666,5094.0,0.9659088333333334
137.0,5093.0,0.9659088333333334
137.0,5094.0,0.9090906666666667
137.0,5094.0,0.9090906666666667
137.0,5093.0,0.9090906666666667
137.08333333333334,5094.0,0.9090906666666667
137.08333333333334,5093.0,0.9090906666666667
137.08333333333334,5093.0,0.9090906666666667
137.16666666666666,5093.0,0.8522725
137.16666666666666,5093.0,0.8522725
137.16666666666666,5094.0,0.8522725
137.25,5094.0,0.8522725
137.25,5093.0,0.8522725
137.25,5093.0,0.8522725
137.25,5093.0,0.8522725
137.33333333333334,5093.0,0.8522725
137.33333333333334,5093.0,0.7386361666666666
137.33333333333334,5093.0,0.7386361666666666
137.33333333333334,5094.0,0.7386361666666666
137.41666666666666,5094.0,0.7386361666666666
137.41666666666666,5094.0,0.681818
137.41666666666666,5093.0,0.681818
137.41666666666666,5093.0,0.681818
137.41666666666666,5093.0,0.681818
137.5,5093.0,0.681818
137.5,5093.0,0.5681816666666667
137.5,5094.0,0.5681816666666667
137.5,5093.0,0.5681816666666667
137.5,5093.0,0.5681816666666667
137.5,5094.0,0.5681816666666667
137.5,5093.0,0.5681816666666667
137.58333333333334,5094.0,0.45454533333333336
137.58333333333334,5093.0,0.45454533333333336
137.58333333333334,5093.0,0.45454533333333336
137.58333333333334,5093.0,0.45454533333333336
137.58333333333334,5093.0,0.45454533333333336
137.58333333333334,5093.0,0.45454533333333336
137.58333333333334,5094.0,0.45454533333333336
137.58333333333334,5093.0,0.45454533333333336
137.58333333333334,5093.0,0.45454533333333336
137.58333333333334,5092.0,0.45454533333333336
137.66666666666666,5093.0,0.28409083333333335
137.66666666666666,5092.0,0.28409083333333335
137.66666666666666,5092.0,0.28409083333333335
137.66666666666666,5093.0,0.28409083333333335
137.66666666666666,5093.0,0.28409083333333335
137.66666666666666,5093.0,0.28409083333333335
137.66666666666666,5093.0,0.28409083333333335
137.66666666666666,5093.0,0.28409083333333335
137.66666666666666,5093.0,0.28409083333333335
137.66666666666666,5094.0,0.28409083333333335
137.66666666666666,5093.0,0.28409083333333335
137.66666666666666,5094.0,0.28409083333333335
137.66666666666666,5094.0,0.28409083333333335
137.66666666666666,5093.0,0.28409083333333335
137.66666666666666,5093.0,0.28409083333333335
137.66666666666666,5093.0,0.28409083333333335
137.66666666666666,5094.0,0.28409083333333335
137.66666666666666,5094.0,0.28409083333333335
137.66666666666666,5094.0,0.28409083333333335
137.66666666666666,5094.0,0.28409083333333335
137.66666666666666,5094.0,0.28409083333333335
137.66666666666666,5094.0,0.28409083333333335
137.66666666666666,5094.0,0.28409083333333335
137.66666666666666,5094.0,0.28409083333333335
137.66666666666666,5094.0,0.28409083333333335
137.66666666666666,5092.0,0.28409083333333335
137.66666666666666,5094.0,0.28409083333333335
137.66666666666666,5094.0,0.28409083333333335
137.66666666666666,5094.0,0.28409083333333335
137.66666666666666,5094.0,0.28409083333333335
137.66666666666666,5094.0,0.28409083333333335
137.66666666666666,5094.0,0.28409083333333335
137.66666666666666,5093.0,0.28409083333333335
137.66666666666666,5093.0,0.28409083333333335
137.66666666666666,5093.0,0.28409083333333335
137.66666666666666,5092.0,0.28409083333333335
137.66666666666666,5093.0,0.28409083333333335
137.66666666666666,5093.0,0.28409083333333335
137.66666666666666,5094.0,0.28409083333333335
137.66666666666666,5094.0,0.28409083333333335
137.66666666666666,5094.0,0.28409083333333335
137.66666666666666,5093.0,0.28409083333333335
137.66666666666666,5093.0,0.28409083333333335
137.66666666666666,5093.0,0.28409083333333335
137.66666666666666,5093.0,0.28409083333333335
137.66666666666666,5093.0,0.28409083333333335
137.66666666666666,5092.0,0.28409083333333335
137.66666666666666,5092.0,0.28409083333333335
137.66666666666666,5092.0,0.28409083333333335
137.66666666666666,5092.0,0.28409083333333335
137.66666666666666,5093.0,0.0
137.66666666666666,5093.0,0.0
137.66666666666666,5093.0,0.0
137.66666666666666,5092.0,0.0
137.66666666666666,5093.0,0.0
137.66666666666666,5093.0,0.0
137.66666666666666,5093.0,0.0
137.66666666666666,5093.0,0.0
137.66666666666666,5093.0,0.0
137.66666666666666,5093.0,0.0
137.66666666666666,5093.0,0.0
137.66666666666666,5093.0,0.0
137.66666666666666,5093.0,0.0
137.66666666666666,5093.0,0.0
137.66666666666666,5094.0,0.0
137.66666666666666,5093.0,0.0
137.66666666666666,5093.0,0.0
137.66666666666666,5093.0,0.0
137.66666666666666,5092.0,0.0
137.66666666666666,5093.0,0.0
137.66666666666666,5093.0,0.0
137.66666666666666,5093.0,0.0
137.66666666666666,5093.0,0.0
137.66666666666666,5093.0,0.0
137.66666666666666,5093.0,0.0
137.66666666666666,5093.0,0.0
137.66666666666666,5094.0,0.0
137.66666666666666,5093.0,0.0
137.66666666666666,5093.0,0.0
137.66666666666666,5094.0,0.0
137.66666666666666,5093.0,0.0
137.66666666666666,5093.0,0.0
137.66666666666666,5093.0,0.0
137.66666666666666,5093.0,0.0
137.66666666666666,5093.0,0.0
137.66666666666666,5092.0,0.0
137.66666666666666,5093.0,0.0
137.66666666666666,5093.0,0.0
137.66666666666666,5093.0,0.0
137.66666666666666,5093.0,0.0
137.66666666666666,5093.0,0.0
137.66666666666666,5093.0,0.0
137.66666666666666,5093.0,0.0
137.66666666666666,5093.0,0.0
137.66666666666666,5093.0,0.0
137.66666666666666,5092.0,0.0
137.66666666666666,5093.0,0.0
137.66666666666666,5092.0,0.0
137.66666666666666,5093.0,0.0
137.66666666666666,5093.0,0.0
137.66666666666666,5093.0,0.0
137.66666666666666,5092.0,0.0
137.66666666666666,5092.0,0.0
137.66666666666666,5093.0,0.0
137.66666666666666,5093.0,0.0
137.66666666666666,5093.0,0.0
137.66666666666666,5092.0,0.0
137.66666666666666,5092.0,0.0
137.66666666666666,5093.0,0.0
137.66666666666666,5093.0,0.0
137.66666666666666,5092.0,0.0
137.66666666666666,5092.0,0.0
137.66666666666666,5093.0,0.0
137.66666666666666,5093.0,0.0
137.66666666666666,5093.0,0.0
137.66666666666666,5092.0,0.0
137.66666666666666,5093.0,0.0
137.66666666666666,5094.0,0.0
137.66666666666666,5094.0,0.0
137.66666666666666,5093.0,0.0
137.66666666666666,5093.0,0.0
137.66666666666666,5093.0,0.0
137.66666666666666,5094.0,0.0
137.66666666666666,5094.0,0.0
137.66666666666666,5093.0,0.0
137.66666666666666,5094.0,0.0
137.66666666666666,5093.0,0.0
137.66666666666666,5092.0,0.0
137.66666666666666,5093.0,0.0
137.66666666666666,5093.0,0.0
137.66666666666666,5093.0,0.0
137.66666666666666,5094.0,0.0
137.66666666666666,5093.0,0.0
137.66666666666666,5093.0,0.0
137.66666666666666,5092.0,0.0
137.66666666666666,5094.0,0.0
137.66666666666666,5093.0,0.0
137.66666666666666,5092.0,0.0
137.66666666666666,5093.0,0.0
137.66666666666666,5092.0,0.0
137.66666666666666,5094.0,0.0
137.66666666666666,5093.0,0.0
137.66666666666666,5092.0,0.0
137.66666666666666,5092.0,0.0
137.66666666666666,5092.0,0.0
137.66666666666666,5093.0,0.0
137.66666666666666,5093.0,0.0
137.66666666666666,5092.0,0.0
137.66666666666666,5093.0,0.0
137.66666666666666,5093.0,0.0
137.66666666666666,5092.0,0.0
137.66666666666666,5092.0,0.0
137.66666666666666,5093.0,0.0
137.66666666666666,5093.0,0.0
137.66666666666666,5093.0,0.0
137.66666666666666,5093.0,0.0
137.66666666666666,5093.0,0.0
137.66666666666666,5093.0,0.0
137.66666666666666,5093.0,0.0
137.66666666666666,5093.0,0.0
137.66666666666666,5094.0,0.0
137.66666666666666,5094.0,0.0
137.66666666666666,5094.0,0.0
137.66666666666666,5093.0,0.0
137.66666666666666,5093.0,0.0
137.66666666666666,5093.0,0.0
137.66666666666666,5093.0,0.0
137.66666666666666,5092.0,0.0
